4.5 14.5
4.5 22.5
4.5 32.5
4.5 42.5
4.5 51.5
5.5 14.5
5.5 22.5
5.5 32.5
5.5 42.5
5.5 51.5
5.5 61.5
6.5 14.5
6.5 32.5
6.5 42.5
6.5 51.5
6.5 61.5
7.5 14.5
7.5 21.5
7.5 31.5
7.5 51.5
8.5 14.5
8.5 15.5
8.5 21.5
8.5 31.5
8.5 41.5
8.5 51.5
8.5 60.5
9.5 15.5
9.5 21.5
9.5 31.5
9.5 41.5
9.5 51.5
9.5 60.5
10.5 9.5
10.5 15.5
10.5 31.5
10.5 41.5
10.5 60.5
11.5 15.5
11.5 20.5
11.5 25.5
11.5 31.5
11.5 36.5
11.5 41.5
11.5 55.5
11.5 59.5
11.5 65.5
12.5 10.5
12.5 15.5
12.5 20.5
12.5 25.5
12.5 30.5
12.5 36.5
12.5 50.5
12.5 55.5
12.5 59.5
12.5 65.5
13.5 10.5
13.5 25.5
13.5 30.5
13.5 36.5
13.5 40.5
13.5 45.5
13.5 50.5
13.5 59.5
14.5 10.5
14.5 25.5
14.5 30.5
14.5 35.5
14.5 40.5
14.5 45.5
14.5 50.5
14.5 64.5
15.5 11.5
15.5 24.5
15.5 35.5
15.5 45.5
15.5 50.5
15.5 54.5
15.5 64.5
16.5 11.5
16.5 24.5
16.5 35.5
16.5 45.5
16.5 54.5
16.5 64.5
17.5 11.5
17.5 24.5
17.5 35.5
17.5 45.5
17.5 54.5
17.5 63.5
18.5 24.5
18.5 35.5
18.5 45.5
18.5 63.5
19.5 12.5
19.5 34.5
20.5 12.5
20.5 23.5
20.5 34.5
20.5 53.5
21.5 23.5
21.5 34.5
21.5 44.5
21.5 53.5
22.5 44.5
24.5 12.5
24.5 63.5
25.5 12.5
25.5 34.5
25.5 44.5
25.5 54.5
25.5 63.5
26.5 11.5
26.5 22.5
26.5 34.5
26.5 44.5
26.5 54.5
26.5 63.5
27.5 11.5
27.5 22.5
27.5 54.5
27.5 63.5
28.5 11.5
28.5 21.5
28.5 35.5
28.5 45.5
28.5 55.5
28.5 64.5
29.5 11.5
29.5 21.5
29.5 35.5
29.5 45.5
29.5 55.5
29.5 64.5
30.5 10.5
30.5 21.5
30.5 35.5
30.5 45.5
30.5 55.5
30.5 64.5
31.5 10.5
31.5 15.5
31.5 20.5
31.5 36.5
31.5 64.5
32.5 10.5
32.5 20.5
32.5 26.5
32.5 30.5
32.5 36.5
32.5 41.5
32.5 46.5
32.5 56.5
32.5 64.5
33.5 14.5
33.5 19.5
33.5 30.5
33.5 36.5
33.5 41.5
33.5 46.5
33.5 51.5
33.5 56.5
33.5 60.5
34.5 14.5
34.5 19.5
34.5 25.5
34.5 31.5
34.5 41.5
34.5 46.5
34.5 51.5
34.5 60.5
35.5 14.5
35.5 25.5
35.5 31.5
35.5 37.5
35.5 51.5
36.5 14.5
36.5 24.5
36.5 31.5
36.5 37.5
36.5 42.5
36.5 52.5
36.5 61.5
37.5 13.5
37.5 24.5
37.5 31.5
37.5 42.5
37.5 52.5
37.5 61.5
38.5 13.5
38.5 24.5
38.5 32.5
38.5 42.5
38.5 52.5
38.5 61.5
39.5 13.5
39.5 23.5
39.5 32.5
39.5 42.5
39.5 53.5
40.5 23.5
40.5 32.5
40.5 53.5
41.5 32.5
41.5 43.5
41.5 53.5
41.5 62.5
42.5 22.5
42.5 33.5
42.5 43.5
43.5 33.5
45.5 11.5
45.5 53.5
45.5 63.5
46.5 11.5
46.5 33.5
46.5 44.5
46.5 53.5
46.5 63.5
47.5 11.5
47.5 21.5
47.5 44.5
47.5 53.5
48.5 11.5
48.5 21.5
48.5 32.5
48.5 53.5
48.5 64.5
49.5 20.5
49.5 32.5
49.5 45.5
49.5 52.5
49.5 64.5
50.5 10.5
50.5 20.5
50.5 31.5
50.5 45.5
50.5 52.5
50.5 64.5
51.5 10.5
51.5 20.5
51.5 31.5
51.5 46.5
51.5 52.5
52.5 10.5
52.5 19.5
52.5 25.5
52.5 30.5
52.5 46.5
52.5 65.5
53.5 19.5
53.5 25.5
53.5 30.5
53.5 41.5
53.5 46.5
53.5 51.5
53.5 61.5
53.5 65.5
54.5 14.5
54.5 19.5
54.5 29.5
54.5 36.5
54.5 41.5
54.5 51.5
54.5 56.5
54.5 61.5
55.5 14.5
55.5 24.5
55.5 29.5
55.5 36.5
55.5 41.5
55.5 47.5
55.5 56.5
55.5 61.5
56.5 14.5
56.5 24.5
56.5 35.5
56.5 42.5
56.5 61.5
57.5 13.5
57.5 23.5
57.5 35.5
57.5 42.5
57.5 55.5
57.5 61.5
58.5 13.5
58.5 23.5
58.5 34.5
58.5 42.5
58.5 55.5
59.5 13.5
59.5 23.5
59.5 34.5
59.5 43.5
59.5 55.5
59.5 62.5
60.5 33.5
60.5 43.5
60.5 62.5
61.5 12.5
61.5 22.5
61.5 33.5
61.5 43.5
61.5 54.5
61.5 62.5
62.5 12.5
62.5 54.5
63.5 32.5
