4.5 58.5
5.5 38.5
5.5 57.5
5.5 58.5
6.5 17.5
6.5 18.5
6.5 38.5
6.5 39.5
6.5 40.5
6.5 56.5
6.5 57.5
7.5 16.5
7.5 17.5
7.5 39.5
7.5 40.5
7.5 41.5
7.5 55.5
7.5 56.5
7.5 57.5
8.5 14.5
8.5 15.5
8.5 16.5
8.5 40.5
8.5 41.5
8.5 42.5
8.5 54.5
8.5 55.5
8.5 56.5
9.5 13.5
9.5 14.5
9.5 15.5
9.5 41.5
9.5 42.5
9.5 43.5
9.5 54.5
9.5 55.5
10.5 12.5
10.5 13.5
10.5 14.5
10.5 42.5
10.5 43.5
10.5 44.5
10.5 53.5
10.5 54.5
11.5 12.5
11.5 13.5
11.5 43.5
11.5 44.5
11.5 45.5
11.5 52.5
11.5 53.5
12.5 11.5
12.5 44.5
12.5 45.5
12.5 52.5
12.5 64.5
12.5 65.5
13.5 24.5
13.5 25.5
13.5 32.5
13.5 63.5
13.5 64.5
13.5 65.5
14.5 22.5
14.5 23.5
14.5 24.5
14.5 32.5
14.5 33.5
14.5 34.5
14.5 62.5
14.5 63.5
14.5 64.5
15.5 21.5
15.5 22.5
15.5 23.5
15.5 33.5
15.5 34.5
15.5 35.5
15.5 61.5
15.5 62.5
15.5 63.5
16.5 20.5
16.5 21.5
16.5 22.5
16.5 34.5
16.5 35.5
16.5 36.5
16.5 61.5
16.5 62.5
17.5 19.5
17.5 20.5
17.5 21.5
17.5 35.5
17.5 36.5
17.5 37.5
17.5 60.5
17.5 61.5
17.5 62.5
18.5 18.5
18.5 19.5
18.5 37.5
18.5 38.5
18.5 59.5
18.5 60.5
18.5 61.5
19.5 38.5
19.5 59.5
25.5 18.5
25.5 38.5
26.5 18.5
26.5 19.5
26.5 39.5
26.5 58.5
26.5 59.5
27.5 18.5
27.5 19.5
27.5 20.5
27.5 39.5
27.5 40.5
27.5 59.5
27.5 60.5
27.5 61.5
28.5 19.5
28.5 20.5
28.5 21.5
28.5 40.5
28.5 41.5
28.5 60.5
28.5 61.5
28.5 62.5
29.5 20.5
29.5 21.5
29.5 22.5
29.5 41.5
29.5 42.5
29.5 61.5
29.5 62.5
29.5 63.5
30.5 21.5
30.5 22.5
30.5 23.5
30.5 42.5
30.5 43.5
30.5 62.5
30.5 63.5
30.5 64.5
31.5 22.5
31.5 23.5
31.5 43.5
31.5 44.5
31.5 64.5
31.5 65.5
32.5 10.5
32.5 23.5
32.5 24.5
32.5 31.5
32.5 44.5
32.5 45.5
32.5 51.5
32.5 52.5
32.5 66.5
33.5 10.5
33.5 11.5
33.5 12.5
33.5 31.5
33.5 32.5
33.5 45.5
33.5 52.5
33.5 53.5
34.5 11.5
34.5 12.5
34.5 13.5
34.5 32.5
34.5 33.5
34.5 53.5
34.5 54.5
35.5 12.5
35.5 13.5
35.5 32.5
35.5 33.5
35.5 34.5
35.5 54.5
35.5 55.5
35.5 56.5
36.5 13.5
36.5 14.5
36.5 33.5
36.5 34.5
36.5 35.5
36.5 55.5
36.5 56.5
37.5 13.5
37.5 14.5
37.5 15.5
37.5 34.5
37.5 35.5
37.5 36.5
37.5 56.5
37.5 57.5
38.5 14.5
38.5 15.5
38.5 16.5
38.5 35.5
38.5 36.5
38.5 37.5
38.5 57.5
38.5 58.5
39.5 16.5
39.5 37.5
45.5 58.5
46.5 16.5
46.5 37.5
46.5 57.5
46.5 58.5
47.5 17.5
47.5 18.5
47.5 35.5
47.5 36.5
47.5 37.5
47.5 56.5
47.5 57.5
48.5 17.5
48.5 18.5
48.5 19.5
48.5 34.5
48.5 35.5
48.5 36.5
48.5 55.5
48.5 56.5
49.5 18.5
49.5 19.5
49.5 20.5
49.5 32.5
49.5 33.5
49.5 34.5
49.5 54.5
49.5 55.5
50.5 20.5
50.5 21.5
50.5 31.5
50.5 32.5
50.5 33.5
50.5 53.5
50.5 54.5
51.5 21.5
51.5 22.5
51.5 30.5
51.5 31.5
51.5 32.5
51.5 52.5
51.5 53.5
52.5 22.5
52.5 23.5
52.5 30.5
52.5 51.5
52.5 52.5
52.5 64.5
52.5 65.5
53.5 10.5
53.5 11.5
53.5 43.5
53.5 44.5
53.5 45.5
53.5 63.5
53.5 64.5
54.5 11.5
54.5 12.5
54.5 42.5
54.5 43.5
54.5 44.5
54.5 62.5
54.5 63.5
54.5 64.5
55.5 12.5
55.5 13.5
55.5 40.5
55.5 41.5
55.5 42.5
55.5 43.5
55.5 61.5
55.5 62.5
55.5 63.5
56.5 12.5
56.5 13.5
56.5 14.5
56.5 39.5
56.5 40.5
56.5 41.5
56.5 61.5
56.5 62.5
57.5 13.5
57.5 14.5
57.5 15.5
57.5 38.5
57.5 39.5
57.5 40.5
57.5 60.5
57.5 61.5
57.5 62.5
58.5 14.5
58.5 15.5
58.5 37.5
58.5 38.5
58.5 59.5
58.5 60.5
58.5 61.5
59.5 15.5
59.5 16.5
59.5 59.5
59.5 60.5
60.5 16.5
