2.5 34.5
2.5 43.5
3.5 34.5
3.5 43.5
3.5 54.5
4.5 23.5
4.5 34.5
4.5 35.5
4.5 42.5
4.5 43.5
4.5 54.5
4.5 63.5
5.5 11.5
5.5 23.5
5.5 34.5
5.5 35.5
5.5 42.5
5.5 54.5
5.5 55.5
5.5 63.5
6.5 11.5
6.5 23.5
6.5 24.5
6.5 34.5
6.5 35.5
6.5 42.5
6.5 54.5
6.5 55.5
6.5 63.5
7.5 11.5
7.5 23.5
7.5 24.5
7.5 34.5
7.5 35.5
7.5 41.5
7.5 42.5
7.5 55.5
7.5 62.5
8.5 10.5
8.5 11.5
8.5 23.5
8.5 24.5
8.5 35.5
8.5 41.5
8.5 55.5
8.5 62.5
9.5 10.5
9.5 24.5
9.5 25.5
9.5 30.5
9.5 35.5
9.5 40.5
9.5 41.5
9.5 46.5
9.5 55.5
9.5 56.5
9.5 61.5
9.5 62.5
10.5 10.5
10.5 24.5
10.5 25.5
10.5 35.5
10.5 40.5
10.5 41.5
10.5 46.5
10.5 50.5
10.5 55.5
10.5 56.5
10.5 61.5
10.5 66.5
11.5 9.5
11.5 10.5
11.5 14.5
11.5 24.5
11.5 25.5
11.5 31.5
11.5 35.5
11.5 40.5
11.5 45.5
11.5 46.5
11.5 50.5
11.5 56.5
11.5 61.5
11.5 66.5
12.5 9.5
12.5 14.5
12.5 18.5
12.5 25.5
12.5 26.5
12.5 31.5
12.5 35.5
12.5 40.5
12.5 45.5
12.5 50.5
12.5 56.5
12.5 61.5
12.5 65.5
12.5 66.5
13.5 9.5
13.5 14.5
13.5 18.5
13.5 19.5
13.5 25.5
13.5 26.5
13.5 31.5
13.5 35.5
13.5 39.5
13.5 44.5
13.5 45.5
13.5 50.5
13.5 51.5
13.5 56.5
13.5 60.5
13.5 65.5
13.5 66.5
14.5 9.5
14.5 13.5
14.5 14.5
14.5 19.5
14.5 25.5
14.5 26.5
14.5 31.5
14.5 39.5
14.5 44.5
14.5 45.5
14.5 50.5
14.5 51.5
14.5 57.5
14.5 60.5
14.5 65.5
15.5 8.5
15.5 13.5
15.5 19.5
15.5 20.5
15.5 26.5
15.5 31.5
15.5 44.5
15.5 50.5
15.5 51.5
15.5 57.5
15.5 65.5
16.5 8.5
16.5 13.5
16.5 19.5
16.5 20.5
16.5 26.5
16.5 31.5
16.5 43.5
16.5 44.5
16.5 51.5
16.5 64.5
16.5 65.5
17.5 12.5
17.5 13.5
17.5 20.5
17.5 31.5
17.5 43.5
17.5 51.5
17.5 52.5
17.5 64.5
17.5 65.5
18.5 12.5
18.5 13.5
18.5 20.5
18.5 21.5
18.5 31.5
18.5 32.5
18.5 43.5
18.5 51.5
18.5 52.5
18.5 64.5
18.5 65.5
19.5 12.5
19.5 21.5
19.5 32.5
19.5 42.5
19.5 43.5
19.5 52.5
19.5 64.5
20.5 12.5
20.5 21.5
20.5 22.5
20.5 32.5
20.5 42.5
20.5 52.5
20.5 64.5
21.5 12.5
21.5 22.5
21.5 32.5
21.5 42.5
21.5 52.5
21.5 64.5
22.5 11.5
22.5 22.5
22.5 32.5
22.5 41.5
22.5 52.5
23.5 11.5
23.5 32.5
23.5 42.5
23.5 52.5
24.5 11.5
24.5 41.5
24.5 52.5
24.5 53.5
24.5 63.5
25.5 12.5
25.5 22.5
25.5 33.5
25.5 41.5
25.5 53.5
25.5 63.5
26.5 12.5
26.5 22.5
26.5 33.5
26.5 41.5
26.5 53.5
26.5 62.5
26.5 63.5
27.5 12.5
27.5 13.5
27.5 21.5
27.5 22.5
27.5 33.5
27.5 34.5
27.5 41.5
27.5 53.5
27.5 54.5
27.5 62.5
28.5 13.5
28.5 21.5
28.5 34.5
28.5 40.5
28.5 41.5
28.5 53.5
28.5 54.5
28.5 61.5
28.5 62.5
29.5 8.5
29.5 13.5
29.5 20.5
29.5 21.5
29.5 34.5
29.5 40.5
29.5 41.5
29.5 54.5
29.5 61.5
29.5 62.5
30.5 8.5
30.5 14.5
30.5 20.5
30.5 21.5
30.5 34.5
30.5 35.5
30.5 40.5
30.5 41.5
30.5 49.5
30.5 54.5
30.5 55.5
30.5 61.5
30.5 62.5
31.5 8.5
31.5 9.5
31.5 14.5
31.5 20.5
31.5 26.5
31.5 30.5
31.5 35.5
31.5 40.5
31.5 45.5
31.5 49.5
31.5 54.5
31.5 55.5
31.5 60.5
31.5 61.5
31.5 67.5
32.5 9.5
32.5 14.5
32.5 15.5
32.5 19.5
32.5 20.5
32.5 26.5
32.5 30.5
32.5 35.5
32.5 40.5
32.5 45.5
32.5 50.5
32.5 55.5
32.5 60.5
32.5 61.5
32.5 66.5
33.5 9.5
33.5 15.5
33.5 19.5
33.5 25.5
33.5 26.5
33.5 31.5
33.5 36.5
33.5 40.5
33.5 45.5
33.5 50.5
33.5 55.5
33.5 60.5
33.5 66.5
34.5 9.5
34.5 10.5
34.5 15.5
34.5 19.5
34.5 25.5
34.5 26.5
34.5 31.5
34.5 36.5
34.5 39.5
34.5 45.5
34.5 50.5
34.5 56.5
34.5 60.5
34.5 65.5
34.5 66.5
35.5 9.5
35.5 10.5
35.5 25.5
35.5 31.5
35.5 32.5
35.5 36.5
35.5 39.5
35.5 44.5
35.5 45.5
35.5 50.5
35.5 51.5
35.5 56.5
35.5 65.5
36.5 9.5
36.5 10.5
36.5 24.5
36.5 25.5
36.5 31.5
36.5 32.5
36.5 44.5
36.5 45.5
36.5 51.5
36.5 64.5
36.5 65.5
37.5 10.5
37.5 11.5
37.5 24.5
37.5 25.5
37.5 32.5
37.5 44.5
37.5 45.5
37.5 51.5
37.5 64.5
38.5 10.5
38.5 11.5
38.5 24.5
38.5 32.5
38.5 33.5
38.5 44.5
38.5 51.5
38.5 52.5
38.5 64.5
39.5 10.5
39.5 11.5
39.5 24.5
39.5 33.5
39.5 44.5
39.5 52.5
39.5 63.5
39.5 64.5
40.5 11.5
40.5 23.5
40.5 24.5
40.5 33.5
40.5 44.5
40.5 52.5
40.5 63.5
41.5 11.5
41.5 23.5
41.5 33.5
41.5 44.5
41.5 53.5
42.5 23.5
42.5 53.5
42.5 62.5
43.5 12.5
43.5 23.5
43.5 34.5
43.5 53.5
44.5 12.5
44.5 23.5
44.5 34.5
44.5 43.5
44.5 53.5
44.5 62.5
45.5 11.5
45.5 12.5
45.5 22.5
45.5 23.5
45.5 34.5
45.5 43.5
45.5 54.5
45.5 62.5
46.5 11.5
46.5 22.5
46.5 34.5
46.5 42.5
46.5 43.5
46.5 54.5
46.5 62.5
47.5 10.5
47.5 11.5
47.5 21.5
47.5 22.5
47.5 34.5
47.5 42.5
47.5 54.5
47.5 61.5
47.5 62.5
48.5 10.5
48.5 11.5
48.5 21.5
48.5 22.5
48.5 34.5
48.5 35.5
48.5 41.5
48.5 42.5
48.5 54.5
48.5 55.5
48.5 61.5
48.5 62.5
49.5 10.5
49.5 21.5
49.5 34.5
49.5 35.5
49.5 41.5
49.5 42.5
49.5 55.5
49.5 61.5
50.5 9.5
50.5 10.5
50.5 15.5
50.5 20.5
50.5 21.5
50.5 30.5
50.5 35.5
50.5 41.5
50.5 50.5
50.5 55.5
50.5 61.5
50.5 66.5
51.5 9.5
51.5 10.5
51.5 15.5
51.5 20.5
51.5 21.5
51.5 26.5
51.5 30.5
51.5 35.5
51.5 40.5
51.5 41.5
51.5 46.5
51.5 50.5
51.5 55.5
51.5 56.5
51.5 61.5
52.5 9.5
52.5 15.5
52.5 20.5
52.5 26.5
52.5 30.5
52.5 35.5
52.5 40.5
52.5 46.5
52.5 50.5
52.5 56.5
52.5 60.5
52.5 61.5
52.5 65.5
53.5 9.5
53.5 14.5
53.5 15.5
53.5 20.5
53.5 26.5
53.5 30.5
53.5 35.5
53.5 40.5
53.5 45.5
53.5 46.5
53.5 50.5
53.5 51.5
53.5 56.5
53.5 60.5
53.5 65.5
54.5 9.5
54.5 14.5
54.5 19.5
54.5 20.5
54.5 25.5
54.5 26.5
54.5 30.5
54.5 31.5
54.5 35.5
54.5 39.5
54.5 45.5
54.5 50.5
54.5 51.5
54.5 56.5
54.5 60.5
54.5 65.5
55.5 8.5
55.5 14.5
55.5 19.5
55.5 25.5
55.5 30.5
55.5 31.5
55.5 39.5
55.5 44.5
55.5 45.5
55.5 51.5
55.5 57.5
55.5 60.5
55.5 64.5
55.5 65.5
56.5 14.5
56.5 19.5
56.5 24.5
56.5 25.5
56.5 30.5
56.5 31.5
56.5 44.5
56.5 45.5
56.5 51.5
56.5 52.5
56.5 57.5
56.5 64.5
57.5 13.5
57.5 14.5
57.5 24.5
57.5 25.5
57.5 31.5
57.5 44.5
57.5 51.5
57.5 52.5
57.5 64.5
58.5 13.5
58.5 24.5
58.5 31.5
58.5 43.5
58.5 44.5
58.5 51.5
58.5 52.5
58.5 64.5
59.5 13.5
59.5 23.5
59.5 24.5
59.5 31.5
59.5 43.5
59.5 44.5
59.5 51.5
59.5 52.5
59.5 64.5
60.5 13.5
60.5 23.5
60.5 31.5
60.5 43.5
60.5 52.5
60.5 63.5
61.5 13.5
61.5 23.5
61.5 31.5
61.5 42.5
61.5 43.5
61.5 52.5
61.5 63.5
62.5 22.5
62.5 23.5
62.5 31.5
62.5 42.5
62.5 52.5
62.5 53.5
62.5 63.5
63.5 22.5
63.5 42.5
63.5 53.5
