3.5 32.5
3.5 52.5
4.5 13.5
4.5 24.5
4.5 32.5
4.5 43.5
4.5 62.5
5.5 13.5
5.5 24.5
5.5 32.5
5.5 62.5
6.5 24.5
7.5 14.5
7.5 31.5
7.5 44.5
7.5 51.5
7.5 61.5
8.5 14.5
8.5 31.5
8.5 44.5
8.5 51.5
8.5 61.5
9.5 9.5
9.5 14.5
9.5 25.5
9.5 31.5
9.5 51.5
9.5 61.5
10.5 15.5
10.5 25.5
10.5 31.5
10.5 36.5
10.5 45.5
10.5 61.5
11.5 15.5
11.5 20.5
11.5 25.5
11.5 36.5
11.5 45.5
11.5 66.5
12.5 10.5
12.5 15.5
12.5 20.5
12.5 30.5
12.5 40.5
12.5 50.5
12.5 55.5
12.5 60.5
12.5 66.5
13.5 10.5
13.5 30.5
13.5 35.5
13.5 40.5
13.5 46.5
13.5 50.5
13.5 55.5
13.5 60.5
13.5 66.5
14.5 21.5
14.5 26.5
14.5 30.5
14.5 35.5
14.5 46.5
14.5 50.5
14.5 55.5
15.5 16.5
15.5 21.5
15.5 26.5
15.5 41.5
15.5 55.5
15.5 65.5
16.5 11.5
16.5 21.5
16.5 34.5
16.5 41.5
16.5 65.5
17.5 11.5
17.5 34.5
17.5 54.5
17.5 65.5
18.5 22.5
18.5 34.5
18.5 42.5
18.5 54.5
18.5 65.5
19.5 12.5
19.5 22.5
19.5 42.5
19.5 54.5
20.5 12.5
20.5 22.5
20.5 33.5
20.5 54.5
21.5 33.5
21.5 43.5
21.5 64.5
22.5 64.5
24.5 12.5
24.5 22.5
24.5 43.5
24.5 64.5
25.5 33.5
25.5 43.5
25.5 53.5
26.5 21.5
26.5 65.5
27.5 11.5
27.5 21.5
27.5 34.5
27.5 42.5
27.5 52.5
27.5 65.5
28.5 11.5
28.5 21.5
28.5 34.5
28.5 42.5
28.5 52.5
28.5 65.5
29.5 35.5
29.5 51.5
29.5 66.5
30.5 15.5
30.5 20.5
30.5 30.5
30.5 35.5
30.5 41.5
30.5 51.5
30.5 66.5
31.5 10.5
31.5 20.5
31.5 26.5
31.5 30.5
31.5 41.5
31.5 46.5
31.5 56.5
31.5 61.5
31.5 66.5
32.5 10.5
32.5 26.5
32.5 36.5
32.5 50.5
32.5 56.5
32.5 61.5
33.5 14.5
33.5 19.5
33.5 31.5
33.5 40.5
33.5 61.5
33.5 67.5
34.5 14.5
34.5 19.5
34.5 25.5
34.5 31.5
34.5 40.5
34.5 45.5
34.5 49.5
34.5 55.5
35.5 9.5
35.5 14.5
35.5 25.5
35.5 45.5
35.5 55.5
35.5 62.5
36.5 25.5
36.5 32.5
36.5 55.5
36.5 62.5
37.5 24.5
37.5 32.5
37.5 44.5
37.5 54.5
37.5 62.5
38.5 13.5
38.5 24.5
38.5 54.5
38.5 62.5
39.5 13.5
39.5 33.5
39.5 54.5
40.5 23.5
40.5 33.5
40.5 43.5
41.5 23.5
41.5 53.5
41.5 63.5
42.5 63.5
43.5 12.5
43.5 34.5
44.5 12.5
44.5 34.5
44.5 42.5
45.5 23.5
45.5 34.5
45.5 42.5
45.5 52.5
45.5 64.5
46.5 23.5
46.5 52.5
46.5 64.5
47.5 11.5
47.5 23.5
47.5 35.5
47.5 41.5
47.5 64.5
48.5 11.5
48.5 24.5
48.5 35.5
48.5 41.5
48.5 51.5
49.5 11.5
49.5 24.5
49.5 35.5
49.5 51.5
49.5 65.5
50.5 24.5
50.5 35.5
50.5 45.5
50.5 51.5
50.5 65.5
51.5 25.5
51.5 40.5
51.5 45.5
51.5 50.5
51.5 65.5
52.5 10.5
52.5 19.5
52.5 25.5
52.5 40.5
52.5 50.5
52.5 56.5
53.5 10.5
53.5 15.5
53.5 25.5
53.5 31.5
53.5 36.5
53.5 50.5
53.5 56.5
53.5 60.5
53.5 66.5
54.5 15.5
54.5 20.5
54.5 31.5
54.5 36.5
54.5 44.5
54.5 60.5
54.5 66.5
55.5 15.5
55.5 20.5
55.5 26.5
55.5 31.5
55.5 44.5
55.5 55.5
55.5 66.5
56.5 15.5
56.5 26.5
56.5 31.5
56.5 44.5
56.5 49.5
56.5 55.5
56.5 61.5
57.5 21.5
57.5 54.5
57.5 61.5
58.5 14.5
58.5 21.5
58.5 43.5
58.5 54.5
59.5 14.5
59.5 32.5
59.5 43.5
59.5 62.5
60.5 14.5
60.5 22.5
60.5 32.5
60.5 53.5
60.5 62.5
61.5 14.5
61.5 22.5
61.5 32.5
61.5 53.5
63.5 23.5
