5.5 61.5
6.5 15.5
6.5 30.5
6.5 44.5
6.5 62.5
7.5 16.5
7.5 30.5
7.5 43.5
7.5 62.5
8.5 16.5
8.5 17.5
8.5 31.5
8.5 42.5
8.5 43.5
8.5 63.5
9.5 17.5
9.5 31.5
9.5 41.5
9.5 42.5
9.5 63.5
10.5 18.5
10.5 32.5
10.5 41.5
10.5 64.5
11.5 18.5
11.5 19.5
11.5 32.5
11.5 40.5
11.5 64.5
12.5 19.5
12.5 33.5
12.5 39.5
12.5 40.5
12.5 56.5
12.5 65.5
13.5 10.5
13.5 26.5
13.5 33.5
13.5 49.5
13.5 57.5
14.5 10.5
14.5 11.5
14.5 26.5
14.5 49.5
14.5 57.5
15.5 11.5
15.5 27.5
15.5 48.5
15.5 57.5
15.5 58.5
16.5 11.5
16.5 12.5
16.5 27.5
16.5 47.5
16.5 48.5
16.5 58.5
17.5 12.5
17.5 28.5
17.5 47.5
17.5 58.5
17.5 59.5
18.5 12.5
18.5 13.5
18.5 28.5
18.5 46.5
18.5 59.5
19.5 13.5
19.5 29.5
19.5 46.5
20.5 45.5
26.5 14.5
26.5 30.5
26.5 44.5
26.5 61.5
27.5 13.5
27.5 31.5
27.5 43.5
27.5 62.5
28.5 12.5
28.5 13.5
28.5 31.5
28.5 43.5
28.5 62.5
29.5 11.5
29.5 12.5
29.5 32.5
29.5 42.5
29.5 62.5
29.5 63.5
30.5 11.5
30.5 32.5
30.5 41.5
30.5 42.5
30.5 63.5
31.5 10.5
31.5 33.5
31.5 41.5
31.5 64.5
32.5 9.5
32.5 19.5
32.5 33.5
32.5 40.5
32.5 64.5
33.5 19.5
33.5 26.5
33.5 65.5
34.5 18.5
34.5 26.5
34.5 49.5
34.5 56.5
35.5 18.5
35.5 27.5
35.5 48.5
35.5 57.5
36.5 17.5
36.5 27.5
36.5 47.5
36.5 48.5
36.5 57.5
36.5 58.5
37.5 17.5
37.5 28.5
37.5 47.5
37.5 58.5
38.5 16.5
38.5 28.5
38.5 46.5
38.5 59.5
39.5 16.5
39.5 29.5
39.5 45.5
40.5 29.5
40.5 60.5
46.5 14.5
46.5 44.5
46.5 61.5
47.5 13.5
47.5 31.5
47.5 44.5
47.5 62.5
48.5 12.5
48.5 13.5
48.5 32.5
48.5 43.5
48.5 44.5
48.5 62.5
49.5 12.5
49.5 32.5
49.5 43.5
49.5 63.5
50.5 11.5
50.5 12.5
50.5 33.5
50.5 42.5
50.5 43.5
50.5 63.5
51.5 10.5
51.5 11.5
51.5 33.5
51.5 42.5
51.5 64.5
52.5 10.5
52.5 34.5
52.5 41.5
52.5 64.5
53.5 41.5
53.5 50.5
53.5 65.5
54.5 19.5
54.5 26.5
54.5 50.5
54.5 57.5
55.5 18.5
55.5 27.5
55.5 49.5
55.5 57.5
56.5 17.5
56.5 18.5
56.5 27.5
56.5 28.5
56.5 48.5
56.5 49.5
56.5 58.5
57.5 17.5
57.5 28.5
57.5 48.5
57.5 58.5
58.5 16.5
58.5 28.5
58.5 29.5
58.5 48.5
58.5 59.5
59.5 15.5
59.5 29.5
59.5 47.5
59.5 59.5
60.5 30.5
60.5 47.5
