10.5 44.5
11.5 46.5
12.5 48.5
14.5 41.5
14.5 44.5
14.5 45.5
16.5 41.5
17.5 45.5
17.5 46.5
17.5 52.5
18.5 43.5
18.5 51.5
19.5 46.5
20.5 39.5
20.5 43.5
21.5 45.5
21.5 51.5
22.5 45.5
22.5 52.5
22.5 53.5
23.5 44.5
23.5 45.5
24.5 39.5
25.5 41.5
25.5 42.5
26.5 41.5
28.5 54.5
31.5 45.5
31.5 54.5
32.5 44.5
32.5 55.5
34.5 54.5
35.5 45.5
35.5 54.5
36.5 41.5
36.5 54.5
36.5 55.5
37.5 41.5
37.5 43.5
37.5 54.5
38.5 43.5
38.5 45.5
38.5 54.5
39.5 43.5
40.5 44.5
40.5 55.5
41.5 41.5
41.5 45.5
41.5 55.5
42.5 55.5
44.5 54.5
45.5 14.5
45.5 54.5
46.5 54.5
47.5 54.5
48.5 10.5
49.5 10.5
50.5 10.5
51.5 10.5
52.5 10.5
53.5 10.5
54.5 10.5
54.5 17.5
55.5 10.5
55.5 43.5
56.5 10.5
56.5 14.5
56.5 16.5
57.5 10.5
57.5 16.5
57.5 45.5
58.5 10.5
59.5 10.5
59.5 17.5
59.5 18.5
60.5 10.5
60.5 14.5
60.5 20.5
61.5 10.5
61.5 14.5
61.5 15.5
62.5 10.5
62.5 15.5
62.5 16.5
62.5 19.5
63.5 10.5
63.5 15.5
64.5 49.5
64.5 50.5
