15.5 53.5
20.5 45.5
20.5 66.5
21.5 65.5
23.5 39.5
23.5 45.5
23.5 67.5
24.5 40.5
24.5 45.5
26.5 41.5
32.5 46.5
32.5 52.5
33.5 24.5
33.5 25.5
34.5 47.5
34.5 53.5
35.5 19.5
35.5 47.5
37.5 21.5
37.5 46.5
37.5 71.5
38.5 23.5
38.5 72.5
39.5 23.5
39.5 27.5
39.5 28.5
40.5 19.5
40.5 20.5
40.5 21.5
40.5 53.5
40.5 56.5
40.5 58.5
40.5 59.5
40.5 71.5
41.5 19.5
41.5 20.5
41.5 21.5
41.5 64.5
42.5 20.5
42.5 21.5
42.5 44.5
43.5 42.5
43.5 64.5
43.5 66.5
43.5 69.5
44.5 71.5
45.5 14.5
45.5 15.5
45.5 39.5
45.5 71.5
46.5 14.5
46.5 15.5
46.5 16.5
47.5 14.5
47.5 15.5
47.5 16.5
47.5 48.5
48.5 47.5
51.5 17.5
51.5 21.5
53.5 48.5
56.5 51.5
58.5 29.5
62.5 46.5
63.5 49.5
64.5 39.5
64.5 45.5
