18.5 60.5
18.5 65.5
20.5 65.5
21.5 47.5
21.5 49.5
22.5 64.5
23.5 48.5
23.5 65.5
23.5 66.5
23.5 67.5
23.5 68.5
23.5 69.5
23.5 70.5
23.5 71.5
24.5 49.5
24.5 50.5
24.5 62.5
24.5 66.5
24.5 68.5
24.5 69.5
25.5 29.5
25.5 53.5
25.5 55.5
25.5 63.5
25.5 65.5
26.5 34.5
28.5 18.5
28.5 23.5
28.5 27.5
28.5 29.5
28.5 32.5
28.5 34.5
28.5 51.5
29.5 29.5
29.5 35.5
29.5 36.5
29.5 47.5
29.5 49.5
30.5 35.5
30.5 47.5
31.5 34.5
32.5 18.5
32.5 21.5
32.5 34.5
33.5 27.5
34.5 17.5
34.5 24.5
42.5 60.5
42.5 68.5
43.5 56.5
44.5 64.5
44.5 66.5
45.5 57.5
46.5 63.5
46.5 65.5
47.5 51.5
47.5 58.5
47.5 66.5
48.5 55.5
48.5 56.5
48.5 59.5
48.5 68.5
48.5 69.5
49.5 55.5
49.5 56.5
49.5 65.5
49.5 68.5
49.5 69.5
50.5 70.5
50.5 71.5
50.5 72.5
51.5 61.5
52.5 58.5
