5.5 16.5
5.5 17.5
5.5 36.5
5.5 37.5
5.5 55.5
5.5 56.5
6.5 11.5
6.5 12.5
6.5 13.5
6.5 33.5
6.5 34.5
6.5 52.5
6.5 53.5
6.5 54.5
7.5 30.5
7.5 50.5
8.5 43.5
8.5 44.5
9.5 20.5
9.5 21.5
9.5 22.5
9.5 40.5
9.5 41.5
9.5 61.5
9.5 62.5
9.5 63.5
10.5 38.5
10.5 58.5
10.5 59.5
15.5 14.5
15.5 15.5
15.5 16.5
15.5 37.5
15.5 58.5
15.5 59.5
16.5 11.5
16.5 12.5
16.5 34.5
16.5 35.5
16.5 54.5
16.5 55.5
16.5 56.5
17.5 31.5
17.5 32.5
17.5 50.5
19.5 21.5
19.5 22.5
19.5 42.5
19.5 43.5
19.5 62.5
19.5 63.5
19.5 64.5
20.5 18.5
20.5 19.5
20.5 39.5
20.5 40.5
20.5 59.5
20.5 60.5
25.5 37.5
25.5 54.5
25.5 55.5
25.5 56.5
26.5 12.5
26.5 13.5
26.5 14.5
26.5 15.5
26.5 33.5
26.5 34.5
27.5 44.5
28.5 25.5
28.5 40.5
28.5 41.5
28.5 63.5
28.5 64.5
28.5 65.5
28.5 66.5
29.5 21.5
29.5 22.5
29.5 58.5
29.5 59.5
33.5 38.5
34.5 19.5
34.5 20.5
34.5 35.5
34.5 36.5
35.5 21.5
35.5 22.5
35.5 23.5
35.5 33.5
35.5 34.5
35.5 54.5
35.5 55.5
35.5 56.5
35.5 57.5
36.5 24.5
36.5 25.5
36.5 31.5
36.5 52.5
37.5 45.5
37.5 46.5
38.5 11.5
38.5 12.5
38.5 13.5
38.5 42.5
38.5 43.5
39.5 15.5
39.5 16.5
39.5 17.5
39.5 39.5
39.5 40.5
39.5 41.5
39.5 64.5
39.5 65.5
40.5 61.5
40.5 62.5
40.5 63.5
41.5 59.5
45.5 16.5
45.5 17.5
45.5 38.5
45.5 39.5
46.5 13.5
46.5 14.5
46.5 15.5
46.5 41.5
46.5 42.5
46.5 60.5
47.5 10.5
47.5 11.5
47.5 44.5
47.5 45.5
47.5 62.5
47.5 63.5
48.5 65.5
49.5 22.5
49.5 23.5
49.5 32.5
49.5 33.5
49.5 52.5
49.5 53.5
50.5 20.5
50.5 21.5
50.5 35.5
50.5 36.5
50.5 55.5
50.5 56.5
51.5 18.5
51.5 38.5
51.5 58.5
51.5 59.5
56.5 17.5
56.5 38.5
56.5 39.5
56.5 58.5
56.5 59.5
56.5 60.5
57.5 19.5
57.5 20.5
57.5 21.5
57.5 41.5
57.5 42.5
57.5 43.5
57.5 63.5
57.5 64.5
58.5 22.5
58.5 23.5
59.5 30.5
59.5 51.5
59.5 52.5
60.5 9.5
60.5 32.5
60.5 33.5
60.5 34.5
60.5 55.5
60.5 56.5
60.5 57.5
61.5 12.5
61.5 13.5
61.5 14.5
61.5 36.5
61.5 37.5
62.5 16.5
62.5 17.5
