11.5 29.5
11.5 72.5
13.5 26.5
14.5 28.5
15.5 28.5
16.5 28.5
17.5 24.5
17.5 29.5
19.5 28.5
20.5 23.5
22.5 25.5
25.5 38.5
26.5 39.5
27.5 40.5
28.5 43.5
30.5 39.5
31.5 38.5
33.5 40.5
36.5 41.5
38.5 19.5
38.5 38.5
40.5 38.5
40.5 70.5
41.5 38.5
41.5 42.5
42.5 38.5
42.5 41.5
42.5 62.5
43.5 53.5
43.5 63.5
44.5 63.5
45.5 20.5
45.5 56.5
45.5 58.5
45.5 71.5
46.5 19.5
46.5 38.5
46.5 39.5
46.5 59.5
46.5 60.5
46.5 65.5
46.5 67.5
46.5 70.5
47.5 41.5
47.5 60.5
50.5 53.5
54.5 50.5
56.5 17.5
56.5 18.5
56.5 21.5
59.5 32.5
59.5 43.5
60.5 35.5
62.5 69.5
63.5 17.5
63.5 18.5
63.5 21.5
63.5 31.5
63.5 43.5
64.5 17.5
64.5 18.5
64.5 54.5
