12.5 43.5
13.5 41.5
14.5 38.5
14.5 39.5
14.5 49.5
15.5 34.5
15.5 35.5
15.5 40.5
15.5 44.5
16.5 50.5
17.5 49.5
18.5 26.5
18.5 48.5
19.5 50.5
20.5 48.5
21.5 49.5
24.5 54.5
28.5 21.5
35.5 13.5
35.5 46.5
37.5 11.5
38.5 12.5
40.5 10.5
41.5 10.5
42.5 10.5
43.5 10.5
43.5 47.5
43.5 69.5
43.5 70.5
44.5 10.5
44.5 63.5
44.5 64.5
45.5 10.5
45.5 59.5
46.5 10.5
47.5 10.5
48.5 10.5
49.5 10.5
50.5 10.5
50.5 45.5
51.5 10.5
52.5 10.5
53.5 10.5
53.5 39.5
54.5 10.5
54.5 41.5
55.5 10.5
56.5 10.5
57.5 10.5
58.5 10.5
59.5 10.5
59.5 35.5
60.5 10.5
60.5 70.5
61.5 10.5
61.5 70.5
62.5 10.5
62.5 70.5
63.5 10.5
63.5 40.5
64.5 29.5
64.5 41.5
