12.5 24.5
12.5 26.5
12.5 42.5
13.5 26.5
15.5 19.5
15.5 24.5
15.5 25.5
15.5 38.5
16.5 19.5
16.5 21.5
22.5 48.5
23.5 15.5
25.5 13.5
30.5 13.5
32.5 12.5
33.5 42.5
34.5 12.5
35.5 38.5
35.5 39.5
36.5 38.5
36.5 54.5
38.5 60.5
39.5 53.5
39.5 56.5
39.5 63.5
40.5 23.5
40.5 29.5
40.5 32.5
40.5 64.5
41.5 17.5
41.5 24.5
41.5 25.5
41.5 64.5
42.5 23.5
42.5 24.5
42.5 26.5
42.5 28.5
46.5 62.5
47.5 42.5
48.5 43.5
49.5 61.5
50.5 40.5
51.5 61.5
52.5 40.5
52.5 61.5
53.5 39.5
55.5 37.5
55.5 40.5
57.5 72.5
59.5 37.5
60.5 37.5
63.5 49.5
