11.5 28.5
12.5 28.5
12.5 29.5
13.5 55.5
13.5 59.5
14.5 54.5
14.5 60.5
15.5 57.5
15.5 58.5
20.5 15.5
23.5 13.5
23.5 14.5
24.5 10.5
24.5 62.5
25.5 10.5
26.5 10.5
27.5 10.5
28.5 10.5
29.5 10.5
30.5 10.5
31.5 10.5
31.5 62.5
32.5 10.5
33.5 10.5
34.5 10.5
35.5 10.5
35.5 66.5
35.5 71.5
36.5 10.5
37.5 10.5
37.5 64.5
37.5 68.5
38.5 10.5
39.5 10.5
39.5 65.5
39.5 66.5
39.5 69.5
40.5 10.5
42.5 11.5
42.5 12.5
42.5 13.5
43.5 12.5
43.5 13.5
48.5 25.5
48.5 35.5
49.5 29.5
49.5 31.5
49.5 32.5
49.5 33.5
50.5 22.5
51.5 37.5
57.5 36.5
64.5 33.5
64.5 34.5
