5.5 27.5
5.5 38.5
5.5 39.5
5.5 51.5
5.5 63.5
6.5 11.5
6.5 28.5
6.5 29.5
6.5 40.5
6.5 41.5
6.5 52.5
6.5 64.5
6.5 65.5
7.5 53.5
7.5 66.5
8.5 17.5
8.5 22.5
8.5 35.5
8.5 58.5
9.5 15.5
9.5 16.5
9.5 24.5
9.5 36.5
9.5 47.5
9.5 48.5
9.5 59.5
9.5 60.5
10.5 49.5
10.5 61.5
14.5 14.5
14.5 26.5
14.5 36.5
15.5 16.5
15.5 27.5
15.5 35.5
15.5 48.5
15.5 49.5
15.5 62.5
16.5 17.5
16.5 28.5
16.5 34.5
16.5 46.5
16.5 47.5
16.5 63.5
17.5 29.5
17.5 64.5
17.5 65.5
18.5 11.5
18.5 22.5
19.5 11.5
19.5 12.5
19.5 23.5
19.5 39.5
19.5 40.5
19.5 58.5
20.5 13.5
20.5 24.5
20.5 38.5
20.5 59.5
20.5 60.5
25.5 15.5
25.5 24.5
25.5 48.5
26.5 17.5
26.5 22.5
26.5 39.5
26.5 40.5
26.5 47.5
26.5 59.5
27.5 41.5
27.5 57.5
27.5 58.5
28.5 28.5
29.5 10.5
29.5 11.5
29.5 12.5
29.5 27.5
29.5 34.5
29.5 35.5
29.5 51.5
29.5 65.5
30.5 36.5
30.5 50.5
30.5 63.5
30.5 64.5
31.5 62.5
34.5 37.5
35.5 14.5
35.5 15.5
35.5 27.5
35.5 39.5
35.5 40.5
35.5 48.5
36.5 16.5
36.5 17.5
36.5 28.5
36.5 46.5
36.5 61.5
37.5 33.5
37.5 59.5
37.5 60.5
38.5 23.5
38.5 34.5
38.5 35.5
38.5 58.5
39.5 10.5
39.5 24.5
39.5 36.5
39.5 50.5
39.5 51.5
39.5 52.5
39.5 53.5
40.5 11.5
40.5 65.5
41.5 64.5
45.5 26.5
45.5 27.5
45.5 34.5
45.5 48.5
45.5 49.5
46.5 14.5
46.5 28.5
46.5 46.5
46.5 47.5
47.5 16.5
47.5 40.5
47.5 64.5
47.5 65.5
48.5 22.5
48.5 39.5
48.5 40.5
48.5 65.5
48.5 66.5
49.5 23.5
49.5 24.5
49.5 38.5
49.5 39.5
49.5 53.5
50.5 10.5
50.5 11.5
50.5 25.5
50.5 51.5
50.5 59.5
51.5 13.5
51.5 50.5
51.5 60.5
55.5 27.5
55.5 36.5
55.5 49.5
56.5 12.5
56.5 13.5
56.5 28.5
56.5 34.5
56.5 35.5
56.5 48.5
57.5 9.5
57.5 10.5
57.5 47.5
57.5 60.5
57.5 61.5
58.5 58.5
58.5 59.5
58.5 60.5
59.5 17.5
59.5 22.5
59.5 40.5
59.5 41.5
59.5 53.5
60.5 16.5
60.5 23.5
60.5 38.5
60.5 39.5
60.5 52.5
60.5 66.5
61.5 15.5
61.5 24.5
61.5 51.5
61.5 64.5
