3.5 14.5
3.5 15.5
3.5 16.5
3.5 31.5
3.5 32.5
4.5 15.5
4.5 16.5
4.5 17.5
4.5 18.5
4.5 31.5
4.5 32.5
4.5 33.5
4.5 34.5
4.5 46.5
4.5 47.5
5.5 16.5
5.5 17.5
5.5 18.5
5.5 19.5
5.5 32.5
5.5 33.5
5.5 34.5
5.5 35.5
5.5 47.5
5.5 48.5
5.5 49.5
5.5 62.5
5.5 63.5
5.5 64.5
6.5 17.5
6.5 18.5
6.5 19.5
6.5 20.5
6.5 34.5
6.5 35.5
6.5 36.5
6.5 48.5
6.5 49.5
6.5 50.5
6.5 63.5
6.5 64.5
6.5 65.5
7.5 9.5
7.5 10.5
7.5 41.5
7.5 42.5
7.5 50.5
7.5 51.5
8.5 9.5
8.5 10.5
8.5 11.5
8.5 12.5
8.5 25.5
8.5 26.5
8.5 27.5
8.5 28.5
8.5 41.5
8.5 42.5
8.5 43.5
9.5 10.5
9.5 11.5
9.5 12.5
9.5 13.5
9.5 26.5
9.5 27.5
9.5 28.5
9.5 29.5
9.5 42.5
9.5 43.5
9.5 44.5
9.5 56.5
9.5 57.5
9.5 58.5
9.5 59.5
9.5 60.5
10.5 12.5
10.5 13.5
10.5 27.5
10.5 28.5
10.5 29.5
10.5 30.5
10.5 43.5
10.5 44.5
10.5 45.5
10.5 58.5
10.5 59.5
10.5 60.5
10.5 61.5
14.5 59.5
14.5 60.5
15.5 11.5
15.5 12.5
15.5 13.5
15.5 14.5
15.5 27.5
15.5 28.5
15.5 29.5
15.5 30.5
15.5 42.5
15.5 43.5
15.5 44.5
15.5 45.5
15.5 57.5
15.5 58.5
15.5 59.5
16.5 9.5
16.5 10.5
16.5 11.5
16.5 12.5
16.5 25.5
16.5 26.5
16.5 27.5
16.5 28.5
16.5 41.5
16.5 42.5
16.5 43.5
16.5 55.5
16.5 56.5
16.5 57.5
16.5 58.5
17.5 41.5
17.5 65.5
18.5 16.5
18.5 17.5
18.5 18.5
18.5 19.5
18.5 32.5
18.5 33.5
18.5 34.5
18.5 35.5
18.5 47.5
18.5 48.5
18.5 49.5
18.5 62.5
18.5 63.5
18.5 64.5
18.5 65.5
19.5 14.5
19.5 15.5
19.5 16.5
19.5 17.5
19.5 30.5
19.5 31.5
19.5 32.5
19.5 33.5
19.5 46.5
19.5 47.5
19.5 48.5
19.5 61.5
19.5 62.5
19.5 63.5
20.5 46.5
23.5 14.5
23.5 15.5
24.5 12.5
24.5 13.5
24.5 14.5
24.5 31.5
24.5 32.5
24.5 33.5
24.5 46.5
24.5 47.5
24.5 59.5
24.5 60.5
25.5 10.5
25.5 11.5
25.5 12.5
25.5 13.5
25.5 31.5
25.5 32.5
25.5 33.5
25.5 34.5
25.5 46.5
25.5 47.5
25.5 48.5
25.5 57.5
25.5 58.5
25.5 59.5
25.5 60.5
26.5 10.5
26.5 11.5
26.5 12.5
26.5 33.5
26.5 34.5
26.5 35.5
26.5 47.5
26.5 48.5
26.5 49.5
26.5 56.5
26.5 57.5
26.5 58.5
26.5 59.5
27.5 19.5
27.5 20.5
27.5 25.5
27.5 26.5
27.5 48.5
27.5 49.5
27.5 50.5
27.5 55.5
27.5 56.5
27.5 57.5
28.5 17.5
28.5 18.5
28.5 19.5
28.5 20.5
28.5 26.5
28.5 27.5
28.5 28.5
28.5 40.5
28.5 41.5
28.5 42.5
28.5 64.5
28.5 65.5
29.5 16.5
29.5 17.5
29.5 18.5
29.5 19.5
29.5 26.5
29.5 27.5
29.5 28.5
29.5 29.5
29.5 41.5
29.5 42.5
29.5 43.5
29.5 44.5
29.5 62.5
29.5 63.5
29.5 64.5
29.5 65.5
30.5 15.5
30.5 16.5
30.5 17.5
30.5 28.5
30.5 29.5
30.5 30.5
30.5 42.5
30.5 43.5
30.5 44.5
30.5 45.5
30.5 61.5
30.5 62.5
30.5 63.5
31.5 44.5
31.5 45.5
31.5 61.5
35.5 13.5
35.5 14.5
35.5 15.5
35.5 28.5
35.5 29.5
35.5 30.5
35.5 61.5
35.5 62.5
36.5 11.5
36.5 12.5
36.5 13.5
36.5 14.5
36.5 26.5
36.5 27.5
36.5 28.5
36.5 29.5
36.5 42.5
36.5 43.5
36.5 44.5
36.5 45.5
36.5 61.5
36.5 62.5
36.5 63.5
36.5 64.5
37.5 10.5
37.5 11.5
37.5 12.5
37.5 25.5
37.5 26.5
37.5 27.5
37.5 41.5
37.5 42.5
37.5 43.5
37.5 44.5
37.5 63.5
37.5 64.5
37.5 65.5
38.5 20.5
38.5 35.5
39.5 17.5
39.5 18.5
39.5 19.5
39.5 20.5
39.5 32.5
39.5 33.5
39.5 34.5
39.5 35.5
39.5 36.5
39.5 49.5
39.5 50.5
39.5 51.5
39.5 56.5
39.5 57.5
39.5 58.5
40.5 15.5
40.5 16.5
40.5 17.5
40.5 18.5
40.5 31.5
40.5 32.5
40.5 33.5
40.5 34.5
40.5 47.5
40.5 48.5
40.5 49.5
40.5 50.5
40.5 57.5
40.5 58.5
40.5 59.5
41.5 46.5
41.5 47.5
41.5 48.5
41.5 59.5
41.5 60.5
45.5 15.5
45.5 16.5
45.5 17.5
45.5 29.5
45.5 30.5
45.5 31.5
45.5 46.5
45.5 47.5
45.5 61.5
45.5 62.5
45.5 63.5
46.5 16.5
46.5 17.5
46.5 18.5
46.5 19.5
46.5 27.5
46.5 28.5
46.5 29.5
46.5 30.5
46.5 47.5
46.5 48.5
46.5 49.5
46.5 50.5
46.5 62.5
46.5 63.5
46.5 64.5
46.5 65.5
47.5 18.5
47.5 19.5
47.5 20.5
47.5 26.5
47.5 27.5
47.5 28.5
47.5 29.5
47.5 49.5
47.5 50.5
47.5 51.5
48.5 55.5
48.5 56.5
48.5 57.5
48.5 58.5
49.5 9.5
49.5 10.5
49.5 11.5
49.5 12.5
49.5 13.5
49.5 34.5
49.5 35.5
49.5 36.5
49.5 41.5
49.5 42.5
49.5 43.5
49.5 44.5
49.5 57.5
49.5 58.5
49.5 59.5
49.5 60.5
50.5 11.5
50.5 12.5
50.5 13.5
50.5 14.5
50.5 32.5
50.5 33.5
50.5 34.5
50.5 35.5
50.5 42.5
50.5 43.5
50.5 44.5
50.5 45.5
51.5 31.5
51.5 32.5
51.5 33.5
54.5 59.5
54.5 60.5
55.5 14.5
55.5 15.5
55.5 31.5
55.5 46.5
55.5 47.5
55.5 57.5
55.5 58.5
55.5 59.5
55.5 60.5
56.5 14.5
56.5 15.5
56.5 16.5
56.5 17.5
56.5 31.5
56.5 32.5
56.5 33.5
56.5 34.5
56.5 46.5
56.5 47.5
56.5 48.5
56.5 49.5
56.5 56.5
56.5 57.5
56.5 58.5
56.5 59.5
57.5 15.5
57.5 16.5
57.5 17.5
57.5 18.5
57.5 19.5
57.5 33.5
57.5 34.5
57.5 35.5
57.5 48.5
57.5 49.5
57.5 50.5
57.5 56.5
57.5 57.5
58.5 18.5
58.5 19.5
58.5 50.5
58.5 64.5
58.5 65.5
59.5 7.5
59.5 8.5
59.5 9.5
59.5 25.5
59.5 26.5
59.5 27.5
59.5 28.5
59.5 41.5
59.5 42.5
59.5 63.5
59.5 64.5
59.5 65.5
60.5 8.5
60.5 9.5
60.5 10.5
60.5 11.5
60.5 25.5
60.5 26.5
60.5 27.5
60.5 28.5
60.5 29.5
60.5 42.5
60.5 43.5
60.5 44.5
60.5 62.5
60.5 63.5
60.5 64.5
61.5 10.5
61.5 11.5
61.5 12.5
61.5 28.5
61.5 29.5
61.5 43.5
61.5 44.5
61.5 45.5
61.5 46.5
61.5 61.5
61.5 62.5
61.5 63.5
