14.5 20.5
20.5 18.5
21.5 16.5
23.5 23.5
23.5 24.5
23.5 72.5
25.5 26.5
26.5 69.5
28.5 22.5
29.5 63.5
31.5 66.5
32.5 10.5
33.5 10.5
34.5 10.5
34.5 22.5
34.5 50.5
35.5 10.5
35.5 52.5
36.5 10.5
37.5 10.5
37.5 53.5
37.5 71.5
38.5 10.5
38.5 50.5
39.5 10.5
39.5 47.5
39.5 49.5
39.5 51.5
40.5 10.5
40.5 46.5
40.5 54.5
41.5 10.5
41.5 54.5
42.5 10.5
42.5 16.5
42.5 58.5
43.5 10.5
43.5 38.5
43.5 55.5
44.5 10.5
45.5 10.5
45.5 46.5
46.5 10.5
46.5 38.5
46.5 43.5
47.5 10.5
48.5 38.5
48.5 40.5
49.5 11.5
49.5 38.5
49.5 43.5
50.5 44.5
50.5 48.5
51.5 43.5
52.5 40.5
53.5 38.5
53.5 39.5
54.5 39.5
56.5 10.5
58.5 31.5
58.5 33.5
59.5 33.5
60.5 21.5
60.5 31.5
61.5 32.5
63.5 31.5
64.5 27.5
64.5 32.5
