5.5 17.5
5.5 18.5
5.5 19.5
5.5 37.5
5.5 38.5
5.5 39.5
6.5 17.5
6.5 18.5
6.5 19.5
6.5 20.5
6.5 21.5
6.5 37.5
6.5 38.5
6.5 39.5
6.5 40.5
6.5 41.5
6.5 55.5
6.5 56.5
6.5 57.5
7.5 19.5
7.5 20.5
7.5 21.5
7.5 22.5
7.5 23.5
7.5 39.5
7.5 40.5
7.5 41.5
7.5 42.5
7.5 52.5
7.5 53.5
7.5 54.5
7.5 55.5
7.5 56.5
8.5 20.5
8.5 21.5
8.5 22.5
8.5 23.5
8.5 40.5
8.5 41.5
8.5 42.5
8.5 43.5
8.5 51.5
8.5 52.5
8.5 53.5
8.5 54.5
8.5 55.5
9.5 23.5
9.5 43.5
9.5 50.5
9.5 51.5
9.5 52.5
9.5 53.5
10.5 10.5
10.5 11.5
10.5 12.5
10.5 30.5
10.5 31.5
10.5 32.5
10.5 33.5
11.5 10.5
11.5 11.5
11.5 12.5
11.5 13.5
11.5 14.5
11.5 31.5
11.5 32.5
11.5 33.5
11.5 34.5
11.5 35.5
11.5 62.5
11.5 63.5
11.5 64.5
11.5 65.5
12.5 12.5
12.5 13.5
12.5 14.5
12.5 15.5
12.5 16.5
12.5 32.5
12.5 33.5
12.5 34.5
12.5 35.5
12.5 36.5
12.5 59.5
12.5 60.5
12.5 61.5
12.5 62.5
12.5 63.5
12.5 64.5
13.5 13.5
13.5 14.5
13.5 15.5
13.5 16.5
13.5 34.5
13.5 35.5
13.5 36.5
13.5 58.5
13.5 59.5
13.5 60.5
13.5 61.5
13.5 62.5
13.5 63.5
14.5 57.5
14.5 58.5
14.5 59.5
14.5 60.5
20.5 14.5
20.5 15.5
20.5 16.5
20.5 17.5
20.5 35.5
20.5 36.5
20.5 37.5
20.5 57.5
20.5 58.5
21.5 13.5
21.5 14.5
21.5 15.5
21.5 16.5
21.5 34.5
21.5 35.5
21.5 36.5
21.5 37.5
21.5 54.5
21.5 55.5
21.5 56.5
21.5 57.5
21.5 58.5
22.5 11.5
22.5 12.5
22.5 13.5
22.5 14.5
22.5 15.5
22.5 32.5
22.5 33.5
22.5 34.5
22.5 35.5
22.5 36.5
22.5 52.5
22.5 53.5
22.5 54.5
22.5 55.5
22.5 56.5
22.5 57.5
23.5 10.5
23.5 11.5
23.5 12.5
23.5 13.5
23.5 14.5
23.5 32.5
23.5 33.5
23.5 34.5
23.5 35.5
23.5 51.5
23.5 52.5
23.5 53.5
23.5 54.5
23.5 55.5
23.5 56.5
24.5 10.5
24.5 11.5
24.5 12.5
24.5 31.5
24.5 32.5
24.5 33.5
24.5 34.5
24.5 51.5
24.5 52.5
24.5 53.5
24.5 54.5
25.5 31.5
25.5 43.5
25.5 44.5
26.5 21.5
26.5 22.5
26.5 23.5
26.5 24.5
26.5 41.5
26.5 42.5
26.5 43.5
26.5 44.5
26.5 64.5
26.5 65.5
26.5 66.5
27.5 20.5
27.5 21.5
27.5 22.5
27.5 23.5
27.5 24.5
27.5 40.5
27.5 41.5
27.5 42.5
27.5 43.5
27.5 62.5
27.5 63.5
27.5 64.5
27.5 65.5
27.5 66.5
28.5 18.5
28.5 19.5
28.5 20.5
28.5 21.5
28.5 22.5
28.5 23.5
28.5 39.5
28.5 40.5
28.5 41.5
28.5 42.5
28.5 60.5
28.5 61.5
28.5 62.5
28.5 63.5
28.5 64.5
28.5 65.5
29.5 18.5
29.5 19.5
29.5 20.5
29.5 21.5
29.5 38.5
29.5 39.5
29.5 40.5
29.5 41.5
29.5 59.5
29.5 60.5
29.5 61.5
29.5 62.5
29.5 63.5
30.5 18.5
30.5 19.5
30.5 38.5
30.5 39.5
30.5 60.5
30.5 61.5
36.5 18.5
36.5 19.5
36.5 38.5
36.5 39.5
36.5 40.5
36.5 41.5
36.5 59.5
36.5 60.5
36.5 61.5
36.5 62.5
37.5 18.5
37.5 19.5
37.5 20.5
37.5 21.5
37.5 22.5
37.5 39.5
37.5 40.5
37.5 41.5
37.5 42.5
37.5 43.5
37.5 59.5
37.5 60.5
37.5 61.5
37.5 62.5
37.5 63.5
37.5 64.5
38.5 19.5
38.5 20.5
38.5 21.5
38.5 22.5
38.5 23.5
38.5 40.5
38.5 41.5
38.5 42.5
38.5 43.5
38.5 44.5
38.5 61.5
38.5 62.5
38.5 63.5
38.5 64.5
38.5 65.5
39.5 21.5
39.5 22.5
39.5 23.5
39.5 24.5
39.5 42.5
39.5 43.5
39.5 44.5
39.5 45.5
39.5 63.5
39.5 64.5
39.5 65.5
40.5 23.5
40.5 24.5
40.5 25.5
40.5 51.5
40.5 52.5
40.5 53.5
41.5 11.5
41.5 12.5
41.5 31.5
41.5 32.5
41.5 33.5
41.5 34.5
41.5 52.5
41.5 53.5
41.5 54.5
41.5 55.5
42.5 11.5
42.5 12.5
42.5 13.5
42.5 14.5
42.5 32.5
42.5 33.5
42.5 34.5
42.5 35.5
42.5 36.5
42.5 53.5
42.5 54.5
42.5 55.5
42.5 56.5
42.5 57.5
43.5 12.5
43.5 13.5
43.5 14.5
43.5 15.5
43.5 16.5
43.5 33.5
43.5 34.5
43.5 35.5
43.5 36.5
43.5 37.5
43.5 54.5
43.5 55.5
43.5 56.5
43.5 57.5
44.5 13.5
44.5 14.5
44.5 15.5
44.5 16.5
44.5 17.5
44.5 35.5
44.5 36.5
44.5 37.5
44.5 38.5
44.5 57.5
45.5 15.5
45.5 16.5
45.5 17.5
45.5 18.5
50.5 38.5
50.5 55.5
50.5 56.5
50.5 57.5
51.5 38.5
51.5 39.5
51.5 40.5
51.5 41.5
51.5 53.5
51.5 54.5
51.5 55.5
51.5 56.5
52.5 18.5
52.5 19.5
52.5 20.5
52.5 21.5
52.5 39.5
52.5 40.5
52.5 41.5
52.5 42.5
52.5 52.5
52.5 53.5
52.5 54.5
52.5 55.5
53.5 18.5
53.5 19.5
53.5 20.5
53.5 21.5
53.5 22.5
53.5 23.5
53.5 40.5
53.5 41.5
53.5 42.5
53.5 43.5
53.5 51.5
53.5 52.5
53.5 53.5
53.5 54.5
54.5 20.5
54.5 21.5
54.5 22.5
54.5 23.5
54.5 24.5
54.5 41.5
54.5 42.5
54.5 43.5
54.5 44.5
54.5 51.5
54.5 52.5
54.5 53.5
55.5 22.5
55.5 23.5
55.5 24.5
55.5 62.5
55.5 63.5
55.5 64.5
56.5 31.5
56.5 32.5
56.5 33.5
56.5 34.5
56.5 60.5
56.5 61.5
56.5 62.5
56.5 63.5
56.5 64.5
57.5 11.5
57.5 12.5
57.5 32.5
57.5 33.5
57.5 34.5
57.5 35.5
57.5 59.5
57.5 60.5
57.5 61.5
57.5 62.5
57.5 63.5
58.5 11.5
58.5 12.5
58.5 13.5
58.5 14.5
58.5 15.5
58.5 33.5
58.5 34.5
58.5 35.5
58.5 36.5
58.5 58.5
58.5 59.5
58.5 60.5
58.5 61.5
58.5 62.5
59.5 12.5
59.5 13.5
59.5 14.5
59.5 15.5
59.5 16.5
59.5 17.5
59.5 34.5
59.5 35.5
59.5 36.5
59.5 37.5
59.5 57.5
59.5 58.5
59.5 59.5
59.5 60.5
60.5 14.5
60.5 15.5
60.5 16.5
60.5 17.5
60.5 37.5
60.5 58.5
