14.5 36.5
16.5 33.5
17.5 37.5
20.5 35.5
20.5 37.5
21.5 36.5
21.5 39.5
22.5 37.5
25.5 38.5
26.5 38.5
27.5 39.5
30.5 42.5
34.5 45.5
35.5 66.5
36.5 46.5
36.5 67.5
36.5 68.5
37.5 42.5
37.5 43.5
37.5 44.5
37.5 46.5
38.5 42.5
38.5 45.5
40.5 14.5
43.5 15.5
44.5 19.5
45.5 70.5
47.5 43.5
47.5 47.5
49.5 21.5
49.5 47.5
49.5 49.5
50.5 17.5
50.5 51.5
50.5 69.5
51.5 46.5
52.5 47.5
52.5 49.5
52.5 50.5
53.5 22.5
54.5 52.5
55.5 46.5
55.5 52.5
57.5 24.5
58.5 49.5
59.5 23.5
60.5 24.5
61.5 53.5
63.5 22.5
63.5 25.5
63.5 52.5
64.5 24.5
64.5 54.5
