14.5 47.5
15.5 47.5
17.5 45.5
19.5 40.5
19.5 43.5
21.5 45.5
22.5 43.5
22.5 56.5
23.5 43.5
24.5 55.5
26.5 44.5
27.5 40.5
27.5 41.5
29.5 39.5
30.5 45.5
33.5 40.5
33.5 41.5
33.5 54.5
34.5 45.5
35.5 40.5
35.5 41.5
35.5 45.5
36.5 43.5
36.5 44.5
36.5 45.5
36.5 54.5
37.5 45.5
39.5 40.5
39.5 42.5
39.5 58.5
41.5 41.5
42.5 42.5
42.5 58.5
43.5 42.5
43.5 44.5
44.5 42.5
44.5 54.5
44.5 56.5
44.5 60.5
45.5 42.5
45.5 54.5
46.5 22.5
46.5 58.5
46.5 61.5
50.5 43.5
51.5 22.5
51.5 44.5
52.5 23.5
53.5 25.5
53.5 62.5
54.5 22.5
57.5 45.5
58.5 20.5
62.5 21.5
62.5 44.5
62.5 62.5
63.5 21.5
