10.5 46.5
12.5 27.5
13.5 24.5
13.5 26.5
15.5 28.5
15.5 48.5
16.5 49.5
24.5 40.5
24.5 41.5
25.5 38.5
30.5 26.5
34.5 48.5
34.5 53.5
37.5 52.5
37.5 65.5
37.5 68.5
37.5 69.5
39.5 51.5
40.5 12.5
41.5 12.5
42.5 12.5
42.5 48.5
42.5 53.5
42.5 66.5
43.5 12.5
44.5 12.5
45.5 12.5
45.5 43.5
45.5 47.5
45.5 64.5
45.5 69.5
46.5 12.5
47.5 12.5
47.5 47.5
47.5 49.5
48.5 10.5
49.5 10.5
49.5 14.5
49.5 47.5
50.5 10.5
50.5 67.5
51.5 10.5
52.5 10.5
53.5 10.5
53.5 44.5
54.5 10.5
55.5 10.5
55.5 41.5
56.5 10.5
57.5 10.5
58.5 10.5
59.5 10.5
59.5 14.5
60.5 10.5
61.5 10.5
62.5 10.5
63.5 10.5
