5.5 25.5
5.5 38.5
5.5 48.5
6.5 15.5
6.5 16.5
6.5 24.5
6.5 38.5
6.5 39.5
6.5 47.5
6.5 48.5
6.5 60.5
6.5 61.5
7.5 15.5
7.5 16.5
7.5 23.5
7.5 24.5
7.5 38.5
7.5 39.5
7.5 47.5
7.5 59.5
7.5 60.5
8.5 16.5
8.5 17.5
8.5 23.5
8.5 39.5
8.5 40.5
8.5 46.5
8.5 47.5
8.5 59.5
8.5 60.5
9.5 17.5
9.5 23.5
9.5 40.5
9.5 46.5
9.5 58.5
9.5 59.5
10.5 10.5
10.5 58.5
11.5 11.5
11.5 28.5
11.5 34.5
11.5 52.5
11.5 65.5
11.5 66.5
12.5 11.5
12.5 12.5
12.5 27.5
12.5 28.5
12.5 34.5
12.5 35.5
12.5 51.5
12.5 52.5
12.5 64.5
12.5 65.5
13.5 12.5
13.5 13.5
13.5 27.5
13.5 35.5
13.5 50.5
13.5 51.5
13.5 63.5
13.5 64.5
14.5 13.5
14.5 26.5
14.5 27.5
14.5 36.5
14.5 50.5
14.5 63.5
20.5 14.5
20.5 26.5
20.5 63.5
21.5 15.5
21.5 26.5
21.5 27.5
21.5 38.5
21.5 47.5
21.5 48.5
21.5 63.5
21.5 64.5
22.5 15.5
22.5 16.5
22.5 27.5
22.5 38.5
22.5 39.5
22.5 47.5
22.5 48.5
22.5 64.5
22.5 65.5
23.5 15.5
23.5 16.5
23.5 27.5
23.5 28.5
23.5 39.5
23.5 40.5
23.5 46.5
23.5 47.5
23.5 65.5
23.5 66.5
24.5 16.5
24.5 28.5
24.5 40.5
24.5 45.5
24.5 46.5
24.5 66.5
25.5 10.5
25.5 22.5
25.5 58.5
26.5 10.5
26.5 11.5
26.5 22.5
26.5 23.5
26.5 34.5
26.5 52.5
26.5 59.5
26.5 60.5
27.5 11.5
27.5 23.5
27.5 34.5
27.5 35.5
27.5 51.5
27.5 52.5
27.5 59.5
27.5 60.5
28.5 11.5
28.5 12.5
28.5 23.5
28.5 24.5
28.5 35.5
28.5 36.5
28.5 50.5
28.5 51.5
28.5 60.5
28.5 61.5
29.5 12.5
29.5 23.5
29.5 24.5
29.5 35.5
29.5 36.5
29.5 50.5
29.5 61.5
30.5 24.5
35.5 37.5
35.5 48.5
35.5 62.5
35.5 63.5
36.5 14.5
36.5 23.5
36.5 37.5
36.5 38.5
36.5 47.5
36.5 48.5
36.5 63.5
36.5 64.5
37.5 14.5
37.5 15.5
37.5 22.5
37.5 23.5
37.5 38.5
37.5 39.5
37.5 47.5
37.5 64.5
37.5 65.5
38.5 15.5
38.5 22.5
38.5 39.5
38.5 46.5
38.5 47.5
38.5 65.5
39.5 15.5
39.5 16.5
39.5 21.5
39.5 22.5
39.5 39.5
39.5 40.5
39.5 46.5
40.5 58.5
41.5 10.5
41.5 27.5
41.5 33.5
41.5 52.5
41.5 58.5
41.5 59.5
42.5 10.5
42.5 11.5
42.5 26.5
42.5 27.5
42.5 33.5
42.5 34.5
42.5 51.5
42.5 52.5
42.5 59.5
42.5 60.5
43.5 10.5
43.5 11.5
43.5 26.5
43.5 34.5
43.5 35.5
43.5 50.5
43.5 51.5
43.5 59.5
43.5 60.5
44.5 11.5
44.5 25.5
44.5 26.5
44.5 35.5
44.5 50.5
45.5 12.5
45.5 25.5
45.5 35.5
45.5 36.5
50.5 62.5
50.5 63.5
51.5 14.5
51.5 23.5
51.5 24.5
51.5 36.5
51.5 48.5
51.5 62.5
51.5 63.5
52.5 14.5
52.5 15.5
52.5 23.5
52.5 36.5
52.5 48.5
52.5 63.5
52.5 64.5
53.5 15.5
53.5 22.5
53.5 23.5
53.5 35.5
53.5 36.5
53.5 47.5
53.5 48.5
53.5 63.5
53.5 64.5
54.5 15.5
54.5 16.5
54.5 22.5
54.5 23.5
54.5 35.5
54.5 47.5
54.5 48.5
54.5 64.5
54.5 65.5
55.5 16.5
55.5 22.5
55.5 34.5
55.5 35.5
55.5 47.5
56.5 34.5
56.5 41.5
56.5 53.5
56.5 58.5
57.5 9.5
57.5 10.5
57.5 28.5
57.5 29.5
57.5 41.5
57.5 52.5
57.5 53.5
57.5 59.5
58.5 10.5
58.5 11.5
58.5 28.5
58.5 40.5
58.5 41.5
58.5 52.5
58.5 59.5
58.5 60.5
59.5 11.5
59.5 12.5
59.5 27.5
59.5 28.5
59.5 40.5
59.5 51.5
59.5 52.5
59.5 60.5
59.5 61.5
60.5 12.5
60.5 27.5
60.5 39.5
60.5 40.5
60.5 51.5
60.5 61.5
61.5 27.5
61.5 39.5
