3.5 43.5
4.5 12.5
4.5 33.5
4.5 43.5
4.5 52.5
5.5 11.5
5.5 12.5
5.5 23.5
5.5 33.5
5.5 43.5
5.5 44.5
5.5 51.5
5.5 52.5
5.5 63.5
6.5 11.5
6.5 12.5
6.5 23.5
6.5 24.5
6.5 33.5
6.5 34.5
6.5 43.5
6.5 44.5
6.5 50.5
6.5 51.5
6.5 63.5
6.5 64.5
7.5 10.5
7.5 11.5
7.5 24.5
7.5 25.5
7.5 34.5
7.5 43.5
7.5 44.5
7.5 50.5
7.5 51.5
7.5 64.5
7.5 65.5
8.5 10.5
8.5 11.5
8.5 24.5
8.5 25.5
8.5 34.5
8.5 35.5
8.5 44.5
8.5 45.5
8.5 49.5
8.5 50.5
8.5 64.5
8.5 65.5
9.5 9.5
9.5 10.5
9.5 25.5
9.5 26.5
9.5 30.5
9.5 34.5
9.5 35.5
9.5 39.5
9.5 44.5
9.5 45.5
9.5 49.5
9.5 50.5
9.5 65.5
9.5 66.5
10.5 15.5
10.5 20.5
10.5 26.5
10.5 30.5
10.5 39.5
10.5 40.5
10.5 49.5
10.5 55.5
10.5 60.5
10.5 66.5
11.5 14.5
11.5 15.5
11.5 20.5
11.5 21.5
11.5 30.5
11.5 31.5
11.5 39.5
11.5 40.5
11.5 54.5
11.5 55.5
11.5 60.5
11.5 61.5
12.5 14.5
12.5 15.5
12.5 20.5
12.5 21.5
12.5 31.5
12.5 40.5
12.5 53.5
12.5 54.5
12.5 55.5
12.5 60.5
12.5 61.5
13.5 13.5
13.5 14.5
13.5 20.5
13.5 21.5
13.5 22.5
13.5 31.5
13.5 32.5
13.5 40.5
13.5 41.5
13.5 53.5
13.5 54.5
13.5 60.5
13.5 61.5
13.5 62.5
14.5 13.5
14.5 14.5
14.5 21.5
14.5 22.5
14.5 32.5
14.5 41.5
14.5 53.5
14.5 54.5
14.5 61.5
14.5 62.5
15.5 13.5
15.5 21.5
15.5 22.5
15.5 52.5
15.5 53.5
15.5 62.5
16.5 22.5
16.5 52.5
16.5 62.5
18.5 32.5
18.5 41.5
19.5 11.5
19.5 23.5
19.5 31.5
19.5 40.5
19.5 41.5
20.5 11.5
20.5 23.5
20.5 24.5
20.5 31.5
20.5 40.5
20.5 41.5
20.5 51.5
20.5 52.5
20.5 64.5
21.5 10.5
21.5 11.5
21.5 23.5
21.5 24.5
21.5 30.5
21.5 31.5
21.5 40.5
21.5 51.5
21.5 52.5
21.5 64.5
21.5 65.5
22.5 10.5
22.5 11.5
22.5 23.5
22.5 24.5
22.5 30.5
22.5 39.5
22.5 40.5
22.5 50.5
22.5 51.5
22.5 52.5
22.5 64.5
22.5 65.5
23.5 10.5
23.5 11.5
23.5 24.5
23.5 25.5
23.5 30.5
23.5 39.5
23.5 40.5
23.5 50.5
23.5 51.5
23.5 64.5
23.5 65.5
23.5 66.5
24.5 10.5
24.5 11.5
24.5 24.5
24.5 25.5
24.5 29.5
24.5 34.5
24.5 39.5
24.5 50.5
24.5 51.5
24.5 65.5
24.5 66.5
25.5 10.5
25.5 19.5
25.5 25.5
25.5 29.5
25.5 34.5
25.5 39.5
25.5 45.5
25.5 50.5
25.5 51.5
25.5 65.5
25.5 66.5
26.5 10.5
26.5 15.5
26.5 20.5
26.5 33.5
26.5 34.5
26.5 44.5
26.5 45.5
26.5 50.5
26.5 56.5
26.5 60.5
26.5 66.5
27.5 14.5
27.5 15.5
27.5 20.5
27.5 21.5
27.5 33.5
27.5 34.5
27.5 43.5
27.5 44.5
27.5 45.5
27.5 55.5
27.5 60.5
27.5 61.5
28.5 14.5
28.5 15.5
28.5 20.5
28.5 21.5
28.5 33.5
28.5 43.5
28.5 44.5
28.5 55.5
28.5 61.5
28.5 62.5
29.5 13.5
29.5 14.5
29.5 21.5
29.5 22.5
29.5 33.5
29.5 43.5
29.5 44.5
29.5 54.5
29.5 55.5
29.5 61.5
29.5 62.5
30.5 13.5
30.5 22.5
30.5 32.5
30.5 33.5
30.5 42.5
30.5 43.5
30.5 54.5
30.5 62.5
30.5 63.5
31.5 13.5
31.5 32.5
31.5 42.5
31.5 43.5
31.5 54.5
31.5 63.5
34.5 22.5
35.5 13.5
35.5 22.5
35.5 31.5
35.5 54.5
35.5 63.5
36.5 13.5
36.5 14.5
36.5 21.5
36.5 22.5
36.5 31.5
36.5 42.5
36.5 54.5
36.5 62.5
36.5 63.5
37.5 13.5
37.5 14.5
37.5 21.5
37.5 31.5
37.5 41.5
37.5 42.5
37.5 54.5
37.5 55.5
37.5 62.5
37.5 63.5
38.5 14.5
38.5 15.5
38.5 20.5
38.5 21.5
38.5 30.5
38.5 31.5
38.5 40.5
38.5 41.5
38.5 42.5
38.5 55.5
38.5 61.5
38.5 62.5
39.5 14.5
39.5 15.5
39.5 20.5
39.5 30.5
39.5 31.5
39.5 40.5
39.5 41.5
39.5 55.5
39.5 56.5
39.5 61.5
39.5 62.5
40.5 9.5
40.5 15.5
40.5 20.5
40.5 25.5
40.5 26.5
40.5 30.5
40.5 39.5
40.5 40.5
40.5 47.5
40.5 51.5
40.5 56.5
40.5 60.5
40.5 61.5
40.5 66.5
41.5 9.5
41.5 10.5
41.5 15.5
41.5 19.5
41.5 25.5
41.5 30.5
41.5 35.5
41.5 39.5
41.5 46.5
41.5 47.5
41.5 51.5
41.5 52.5
41.5 60.5
41.5 66.5
42.5 9.5
42.5 10.5
42.5 24.5
42.5 25.5
42.5 34.5
42.5 35.5
42.5 45.5
42.5 46.5
42.5 51.5
42.5 52.5
42.5 65.5
42.5 66.5
43.5 9.5
43.5 10.5
43.5 11.5
43.5 24.5
43.5 25.5
43.5 34.5
43.5 44.5
43.5 45.5
43.5 46.5
43.5 52.5
43.5 53.5
43.5 65.5
44.5 10.5
44.5 11.5
44.5 23.5
44.5 24.5
44.5 33.5
44.5 34.5
44.5 44.5
44.5 45.5
44.5 52.5
44.5 53.5
44.5 64.5
44.5 65.5
45.5 11.5
45.5 23.5
45.5 24.5
45.5 33.5
45.5 34.5
45.5 43.5
45.5 44.5
45.5 45.5
45.5 53.5
45.5 64.5
46.5 11.5
46.5 23.5
46.5 33.5
46.5 43.5
46.5 44.5
46.5 53.5
46.5 64.5
50.5 11.5
50.5 12.5
50.5 23.5
50.5 33.5
50.5 43.5
50.5 54.5
50.5 64.5
51.5 12.5
51.5 23.5
51.5 24.5
51.5 33.5
51.5 43.5
51.5 44.5
51.5 54.5
51.5 55.5
51.5 64.5
52.5 12.5
52.5 13.5
52.5 23.5
52.5 24.5
52.5 33.5
52.5 34.5
52.5 43.5
52.5 44.5
52.5 55.5
52.5 64.5
52.5 65.5
53.5 12.5
53.5 13.5
53.5 14.5
53.5 24.5
53.5 25.5
53.5 33.5
53.5 34.5
53.5 44.5
53.5 45.5
53.5 55.5
53.5 56.5
53.5 65.5
54.5 13.5
54.5 14.5
54.5 24.5
54.5 25.5
54.5 34.5
54.5 44.5
54.5 45.5
54.5 55.5
54.5 56.5
54.5 65.5
54.5 66.5
55.5 8.5
55.5 14.5
55.5 19.5
55.5 25.5
55.5 26.5
55.5 30.5
55.5 34.5
55.5 35.5
55.5 39.5
55.5 45.5
55.5 46.5
55.5 56.5
55.5 61.5
55.5 66.5
56.5 8.5
56.5 9.5
56.5 15.5
56.5 19.5
56.5 20.5
56.5 25.5
56.5 26.5
56.5 30.5
56.5 35.5
56.5 39.5
56.5 46.5
56.5 50.5
56.5 51.5
56.5 56.5
56.5 61.5
57.5 9.5
57.5 19.5
57.5 20.5
57.5 30.5
57.5 31.5
57.5 39.5
57.5 40.5
57.5 51.5
57.5 61.5
57.5 62.5
58.5 9.5
58.5 10.5
58.5 20.5
58.5 21.5
58.5 30.5
58.5 31.5
58.5 40.5
58.5 41.5
58.5 51.5
58.5 52.5
58.5 61.5
58.5 62.5
59.5 10.5
59.5 20.5
59.5 21.5
59.5 31.5
59.5 40.5
59.5 41.5
59.5 51.5
59.5 52.5
59.5 61.5
59.5 62.5
60.5 10.5
60.5 11.5
60.5 21.5
60.5 22.5
60.5 31.5
60.5 41.5
60.5 52.5
60.5 53.5
60.5 62.5
61.5 11.5
61.5 22.5
61.5 31.5
61.5 41.5
61.5 52.5
61.5 53.5
