10.5 38.5
11.5 41.5
14.5 43.5
18.5 37.5
20.5 32.5
22.5 33.5
22.5 36.5
22.5 40.5
23.5 29.5
23.5 38.5
28.5 26.5
28.5 29.5
30.5 25.5
31.5 29.5
32.5 37.5
32.5 61.5
34.5 30.5
34.5 69.5
35.5 71.5
36.5 63.5
39.5 55.5
39.5 61.5
39.5 64.5
42.5 19.5
43.5 19.5
43.5 21.5
46.5 21.5
47.5 21.5
47.5 24.5
48.5 16.5
48.5 18.5
48.5 49.5
48.5 53.5
48.5 54.5
51.5 47.5
52.5 24.5
52.5 51.5
52.5 57.5
53.5 21.5
53.5 50.5
53.5 52.5
54.5 21.5
54.5 53.5
55.5 17.5
55.5 19.5
55.5 48.5
56.5 20.5
56.5 58.5
57.5 54.5
58.5 45.5
61.5 41.5
61.5 45.5
64.5 50.5
