13.5 32.5
18.5 32.5
21.5 36.5
22.5 33.5
22.5 35.5
25.5 37.5
25.5 38.5
27.5 41.5
28.5 37.5
29.5 41.5
32.5 35.5
35.5 39.5
37.5 41.5
40.5 36.5
46.5 46.5
47.5 65.5
48.5 19.5
49.5 24.5
50.5 21.5
50.5 23.5
50.5 24.5
50.5 25.5
50.5 27.5
50.5 61.5
51.5 22.5
51.5 42.5
52.5 24.5
52.5 25.5
52.5 61.5
52.5 66.5
53.5 20.5
53.5 43.5
53.5 45.5
53.5 46.5
53.5 66.5
53.5 67.5
54.5 26.5
54.5 46.5
54.5 62.5
54.5 71.5
55.5 68.5
56.5 30.5
56.5 42.5
56.5 43.5
56.5 47.5
57.5 21.5
57.5 46.5
57.5 50.5
57.5 61.5
58.5 21.5
59.5 18.5
59.5 20.5
59.5 49.5
60.5 19.5
60.5 47.5
60.5 49.5
60.5 61.5
60.5 71.5
61.5 49.5
62.5 21.5
63.5 21.5
63.5 46.5
