4.5 44.5
5.5 30.5
5.5 43.5
5.5 44.5
5.5 59.5
6.5 13.5
6.5 31.5
6.5 43.5
6.5 58.5
6.5 59.5
7.5 13.5
7.5 31.5
7.5 32.5
7.5 42.5
7.5 43.5
7.5 58.5
8.5 12.5
8.5 32.5
8.5 33.5
8.5 42.5
8.5 58.5
9.5 11.5
9.5 12.5
9.5 33.5
9.5 41.5
9.5 42.5
9.5 57.5
9.5 58.5
10.5 11.5
10.5 33.5
10.5 34.5
10.5 41.5
10.5 57.5
11.5 10.5
11.5 11.5
11.5 34.5
11.5 50.5
11.5 57.5
12.5 10.5
12.5 49.5
13.5 19.5
13.5 26.5
13.5 49.5
13.5 64.5
14.5 18.5
14.5 27.5
14.5 48.5
14.5 49.5
14.5 63.5
14.5 64.5
15.5 17.5
15.5 18.5
15.5 27.5
15.5 28.5
15.5 48.5
15.5 63.5
16.5 17.5
16.5 28.5
16.5 47.5
16.5 48.5
16.5 62.5
16.5 63.5
17.5 16.5
17.5 17.5
17.5 28.5
17.5 29.5
17.5 47.5
17.5 62.5
18.5 16.5
18.5 29.5
18.5 47.5
18.5 62.5
19.5 15.5
19.5 30.5
26.5 32.5
26.5 44.5
26.5 45.5
26.5 62.5
27.5 14.5
27.5 32.5
27.5 44.5
27.5 62.5
28.5 13.5
28.5 32.5
28.5 33.5
28.5 43.5
28.5 44.5
28.5 62.5
28.5 63.5
29.5 12.5
29.5 13.5
29.5 32.5
29.5 33.5
29.5 42.5
29.5 43.5
29.5 63.5
30.5 11.5
30.5 12.5
30.5 33.5
30.5 42.5
30.5 63.5
30.5 64.5
31.5 11.5
31.5 33.5
31.5 34.5
31.5 41.5
31.5 42.5
31.5 64.5
32.5 10.5
32.5 34.5
32.5 41.5
32.5 64.5
32.5 65.5
33.5 50.5
33.5 65.5
34.5 19.5
34.5 26.5
34.5 49.5
34.5 50.5
34.5 57.5
35.5 18.5
35.5 26.5
35.5 27.5
35.5 49.5
35.5 58.5
36.5 17.5
36.5 18.5
36.5 27.5
36.5 48.5
36.5 49.5
36.5 58.5
37.5 17.5
37.5 27.5
37.5 47.5
37.5 48.5
37.5 58.5
37.5 59.5
38.5 16.5
38.5 27.5
38.5 28.5
38.5 47.5
38.5 59.5
39.5 16.5
39.5 28.5
39.5 46.5
39.5 47.5
39.5 60.5
40.5 60.5
47.5 13.5
47.5 30.5
47.5 44.5
47.5 45.5
48.5 13.5
48.5 31.5
48.5 43.5
48.5 44.5
48.5 62.5
49.5 12.5
49.5 13.5
49.5 31.5
49.5 32.5
49.5 43.5
49.5 63.5
50.5 12.5
50.5 32.5
50.5 42.5
50.5 43.5
50.5 63.5
51.5 12.5
51.5 32.5
51.5 33.5
51.5 41.5
51.5 42.5
51.5 64.5
52.5 11.5
52.5 33.5
52.5 41.5
52.5 64.5
53.5 11.5
53.5 65.5
54.5 25.5
54.5 50.5
55.5 18.5
55.5 26.5
55.5 50.5
55.5 58.5
56.5 17.5
56.5 18.5
56.5 26.5
56.5 27.5
56.5 49.5
56.5 50.5
56.5 58.5
57.5 17.5
57.5 27.5
57.5 28.5
57.5 48.5
57.5 49.5
57.5 58.5
57.5 59.5
58.5 16.5
58.5 17.5
58.5 28.5
58.5 47.5
58.5 48.5
58.5 59.5
59.5 16.5
59.5 29.5
59.5 47.5
59.5 48.5
59.5 59.5
59.5 60.5
60.5 47.5
60.5 60.5
