3.5 12.5
3.5 22.5
3.5 33.5
4.5 11.5
4.5 12.5
4.5 23.5
4.5 24.5
4.5 33.5
4.5 34.5
4.5 42.5
4.5 43.5
4.5 53.5
5.5 10.5
5.5 11.5
5.5 24.5
5.5 25.5
5.5 34.5
5.5 35.5
5.5 41.5
5.5 42.5
5.5 54.5
5.5 55.5
5.5 62.5
5.5 63.5
5.5 64.5
6.5 9.5
6.5 10.5
6.5 25.5
6.5 29.5
6.5 35.5
6.5 40.5
6.5 41.5
6.5 55.5
6.5 56.5
6.5 60.5
6.5 61.5
6.5 62.5
7.5 9.5
7.5 15.5
7.5 19.5
7.5 26.5
7.5 30.5
7.5 36.5
7.5 39.5
7.5 47.5
7.5 50.5
7.5 57.5
8.5 14.5
8.5 15.5
8.5 20.5
8.5 30.5
8.5 31.5
8.5 45.5
8.5 46.5
8.5 51.5
8.5 52.5
8.5 66.5
8.5 67.5
9.5 14.5
9.5 20.5
9.5 21.5
9.5 31.5
9.5 32.5
9.5 44.5
9.5 45.5
9.5 52.5
9.5 53.5
9.5 65.5
9.5 66.5
10.5 13.5
10.5 14.5
10.5 21.5
10.5 22.5
10.5 32.5
10.5 43.5
10.5 44.5
10.5 53.5
10.5 64.5
10.5 65.5
11.5 13.5
11.5 22.5
11.5 33.5
13.5 54.5
14.5 12.5
14.5 22.5
14.5 32.5
14.5 43.5
14.5 54.5
14.5 62.5
14.5 63.5
15.5 13.5
15.5 14.5
15.5 23.5
15.5 24.5
15.5 31.5
15.5 43.5
15.5 44.5
15.5 55.5
15.5 61.5
15.5 62.5
16.5 14.5
16.5 24.5
16.5 25.5
16.5 30.5
16.5 44.5
16.5 45.5
16.5 55.5
16.5 56.5
16.5 60.5
16.5 61.5
17.5 9.5
17.5 15.5
17.5 18.5
17.5 26.5
17.5 29.5
17.5 35.5
17.5 36.5
17.5 39.5
17.5 45.5
17.5 46.5
17.5 56.5
17.5 60.5
18.5 9.5
18.5 10.5
18.5 19.5
18.5 20.5
18.5 34.5
18.5 35.5
18.5 40.5
18.5 49.5
18.5 50.5
18.5 66.5
19.5 10.5
19.5 20.5
19.5 21.5
19.5 33.5
19.5 34.5
19.5 40.5
19.5 41.5
19.5 50.5
19.5 51.5
19.5 65.5
19.5 66.5
20.5 10.5
20.5 11.5
20.5 22.5
20.5 23.5
20.5 33.5
20.5 41.5
20.5 52.5
20.5 63.5
20.5 64.5
21.5 11.5
21.5 32.5
21.5 42.5
21.5 63.5
22.5 11.5
23.5 22.5
24.5 12.5
24.5 22.5
24.5 23.5
24.5 31.5
24.5 32.5
24.5 42.5
24.5 52.5
24.5 63.5
25.5 11.5
25.5 23.5
25.5 24.5
25.5 31.5
25.5 42.5
25.5 43.5
25.5 51.5
25.5 62.5
25.5 63.5
26.5 10.5
26.5 24.5
26.5 25.5
26.5 30.5
26.5 43.5
26.5 44.5
26.5 50.5
26.5 51.5
26.5 61.5
26.5 62.5
27.5 9.5
27.5 10.5
27.5 15.5
27.5 19.5
27.5 25.5
27.5 29.5
27.5 44.5
27.5 45.5
27.5 49.5
27.5 58.5
27.5 61.5
27.5 67.5
28.5 9.5
28.5 14.5
28.5 15.5
28.5 19.5
28.5 20.5
28.5 34.5
28.5 35.5
28.5 38.5
28.5 39.5
28.5 45.5
28.5 48.5
28.5 56.5
28.5 57.5
28.5 66.5
29.5 14.5
29.5 20.5
29.5 33.5
29.5 34.5
29.5 39.5
29.5 40.5
29.5 54.5
29.5 55.5
29.5 56.5
29.5 66.5
30.5 13.5
30.5 14.5
30.5 21.5
30.5 33.5
30.5 40.5
30.5 41.5
30.5 53.5
30.5 54.5
30.5 65.5
31.5 13.5
31.5 22.5
31.5 32.5
31.5 41.5
31.5 42.5
31.5 65.5
32.5 31.5
35.5 13.5
35.5 14.5
35.5 22.5
35.5 31.5
35.5 42.5
35.5 43.5
35.5 53.5
35.5 54.5
35.5 65.5
36.5 14.5
36.5 15.5
36.5 21.5
36.5 30.5
36.5 40.5
36.5 41.5
36.5 54.5
36.5 55.5
36.5 56.5
36.5 65.5
37.5 15.5
37.5 16.5
37.5 20.5
37.5 29.5
37.5 39.5
37.5 46.5
37.5 55.5
37.5 56.5
37.5 57.5
37.5 61.5
37.5 65.5
38.5 9.5
38.5 17.5
38.5 19.5
38.5 25.5
38.5 28.5
38.5 36.5
38.5 45.5
38.5 46.5
38.5 49.5
38.5 61.5
38.5 65.5
39.5 10.5
39.5 11.5
39.5 24.5
39.5 33.5
39.5 34.5
39.5 35.5
39.5 44.5
39.5 45.5
39.5 50.5
39.5 61.5
40.5 11.5
40.5 12.5
40.5 24.5
40.5 32.5
40.5 33.5
40.5 44.5
40.5 51.5
40.5 61.5
41.5 12.5
41.5 13.5
41.5 23.5
41.5 52.5
41.5 61.5
42.5 61.5
44.5 23.5
44.5 32.5
44.5 33.5
44.5 44.5
44.5 52.5
45.5 13.5
45.5 23.5
45.5 24.5
45.5 33.5
45.5 34.5
45.5 44.5
45.5 45.5
45.5 51.5
45.5 52.5
45.5 61.5
46.5 13.5
46.5 14.5
46.5 15.5
46.5 24.5
46.5 34.5
46.5 35.5
46.5 45.5
46.5 50.5
46.5 51.5
46.5 60.5
46.5 61.5
47.5 15.5
47.5 16.5
47.5 25.5
47.5 35.5
47.5 36.5
47.5 40.5
47.5 45.5
47.5 50.5
47.5 59.5
47.5 60.5
48.5 16.5
48.5 17.5
48.5 21.5
48.5 29.5
48.5 37.5
48.5 41.5
48.5 46.5
48.5 49.5
48.5 59.5
48.5 65.5
49.5 9.5
49.5 10.5
49.5 21.5
49.5 30.5
49.5 41.5
49.5 54.5
49.5 55.5
49.5 58.5
49.5 64.5
49.5 65.5
50.5 10.5
50.5 11.5
50.5 22.5
50.5 31.5
50.5 41.5
50.5 42.5
50.5 53.5
50.5 54.5
50.5 63.5
50.5 64.5
51.5 12.5
51.5 22.5
51.5 32.5
51.5 42.5
51.5 52.5
51.5 53.5
51.5 62.5
51.5 63.5
52.5 13.5
52.5 52.5
52.5 62.5
54.5 23.5
54.5 32.5
55.5 13.5
55.5 24.5
55.5 31.5
55.5 32.5
55.5 42.5
55.5 52.5
55.5 62.5
55.5 63.5
56.5 11.5
56.5 12.5
56.5 24.5
56.5 30.5
56.5 31.5
56.5 40.5
56.5 41.5
56.5 51.5
56.5 52.5
56.5 61.5
56.5 62.5
57.5 9.5
57.5 10.5
57.5 11.5
57.5 25.5
57.5 29.5
57.5 30.5
57.5 39.5
57.5 40.5
57.5 50.5
57.5 51.5
57.5 61.5
58.5 8.5
58.5 9.5
58.5 25.5
58.5 28.5
58.5 35.5
58.5 38.5
58.5 46.5
58.5 50.5
58.5 56.5
58.5 60.5
58.5 66.5
59.5 16.5
59.5 20.5
59.5 21.5
59.5 34.5
59.5 44.5
59.5 45.5
59.5 46.5
59.5 49.5
59.5 55.5
59.5 56.5
59.5 59.5
59.5 65.5
60.5 14.5
60.5 15.5
60.5 21.5
60.5 33.5
60.5 43.5
60.5 44.5
60.5 54.5
60.5 55.5
60.5 64.5
60.5 65.5
61.5 13.5
61.5 14.5
61.5 22.5
61.5 32.5
61.5 41.5
61.5 42.5
61.5 54.5
61.5 64.5
62.5 12.5
62.5 23.5
62.5 53.5
62.5 63.5
