2.5 13.5
2.5 26.5
2.5 38.5
2.5 49.5
2.5 61.5
3.5 13.5
3.5 26.5
3.5 38.5
3.5 48.5
3.5 49.5
3.5 61.5
4.5 13.5
4.5 14.5
4.5 25.5
4.5 26.5
4.5 37.5
4.5 48.5
4.5 61.5
5.5 14.5
5.5 25.5
5.5 37.5
5.5 48.5
5.5 60.5
5.5 61.5
6.5 14.5
6.5 15.5
6.5 24.5
6.5 25.5
6.5 36.5
6.5 37.5
6.5 47.5
6.5 48.5
6.5 60.5
7.5 14.5
7.5 15.5
7.5 24.5
7.5 25.5
7.5 36.5
7.5 47.5
7.5 59.5
7.5 60.5
8.5 8.5
8.5 15.5
8.5 24.5
8.5 31.5
8.5 35.5
8.5 36.5
8.5 41.5
8.5 47.5
8.5 53.5
8.5 59.5
8.5 60.5
8.5 67.5
9.5 15.5
9.5 16.5
9.5 23.5
9.5 24.5
9.5 31.5
9.5 35.5
9.5 41.5
9.5 46.5
9.5 47.5
9.5 53.5
9.5 59.5
9.5 60.5
10.5 9.5
10.5 16.5
10.5 23.5
10.5 30.5
10.5 35.5
10.5 41.5
10.5 46.5
10.5 52.5
10.5 53.5
10.5 59.5
10.5 66.5
11.5 9.5
11.5 16.5
11.5 23.5
11.5 30.5
11.5 34.5
11.5 35.5
11.5 40.5
11.5 41.5
11.5 46.5
11.5 52.5
11.5 58.5
11.5 59.5
11.5 66.5
12.5 10.5
12.5 16.5
12.5 17.5
12.5 22.5
12.5 23.5
12.5 29.5
12.5 34.5
12.5 40.5
12.5 45.5
12.5 46.5
12.5 52.5
12.5 58.5
12.5 59.5
12.5 65.5
12.5 66.5
13.5 10.5
13.5 17.5
13.5 22.5
13.5 29.5
13.5 33.5
13.5 34.5
13.5 40.5
13.5 45.5
13.5 51.5
13.5 52.5
13.5 58.5
13.5 65.5
14.5 10.5
14.5 11.5
14.5 17.5
14.5 18.5
14.5 22.5
14.5 28.5
14.5 29.5
14.5 33.5
14.5 39.5
14.5 40.5
14.5 45.5
14.5 51.5
14.5 52.5
14.5 57.5
14.5 58.5
14.5 64.5
14.5 65.5
15.5 11.5
15.5 18.5
15.5 21.5
15.5 28.5
15.5 33.5
15.5 39.5
15.5 51.5
15.5 57.5
15.5 64.5
15.5 65.5
16.5 11.5
16.5 12.5
16.5 18.5
16.5 21.5
16.5 27.5
16.5 28.5
16.5 39.5
16.5 44.5
16.5 51.5
16.5 57.5
16.5 64.5
17.5 12.5
17.5 27.5
17.5 38.5
17.5 39.5
17.5 44.5
17.5 50.5
17.5 51.5
17.5 57.5
17.5 63.5
17.5 64.5
18.5 12.5
18.5 26.5
18.5 27.5
18.5 38.5
18.5 39.5
18.5 50.5
18.5 63.5
18.5 64.5
19.5 12.5
19.5 13.5
19.5 26.5
19.5 38.5
19.5 50.5
19.5 63.5
20.5 13.5
20.5 25.5
20.5 26.5
20.5 38.5
20.5 49.5
20.5 50.5
20.5 62.5
20.5 63.5
21.5 13.5
21.5 25.5
21.5 37.5
21.5 38.5
21.5 49.5
21.5 62.5
22.5 13.5
22.5 14.5
22.5 25.5
22.5 26.5
22.5 37.5
22.5 49.5
22.5 50.5
22.5 62.5
22.5 63.5
23.5 13.5
23.5 14.5
23.5 26.5
23.5 37.5
23.5 49.5
23.5 50.5
23.5 61.5
24.5 13.5
24.5 14.5
24.5 26.5
24.5 37.5
24.5 49.5
24.5 61.5
24.5 62.5
25.5 14.5
25.5 26.5
25.5 27.5
25.5 36.5
25.5 37.5
25.5 49.5
25.5 62.5
26.5 14.5
26.5 26.5
26.5 27.5
26.5 36.5
26.5 49.5
26.5 61.5
26.5 62.5
27.5 14.5
27.5 15.5
27.5 27.5
27.5 36.5
27.5 48.5
27.5 49.5
27.5 61.5
28.5 15.5
28.5 27.5
28.5 28.5
28.5 35.5
28.5 36.5
28.5 48.5
28.5 60.5
28.5 61.5
29.5 9.5
29.5 15.5
29.5 16.5
29.5 21.5
29.5 27.5
29.5 28.5
29.5 35.5
29.5 42.5
29.5 47.5
29.5 48.5
29.5 60.5
29.5 61.5
29.5 67.5
30.5 9.5
30.5 16.5
30.5 21.5
30.5 28.5
30.5 35.5
30.5 42.5
30.5 47.5
30.5 48.5
30.5 54.5
30.5 60.5
30.5 67.5
31.5 10.5
31.5 16.5
31.5 21.5
31.5 22.5
31.5 28.5
31.5 34.5
31.5 35.5
31.5 41.5
31.5 47.5
31.5 54.5
31.5 59.5
31.5 60.5
31.5 66.5
32.5 10.5
32.5 16.5
32.5 17.5
32.5 22.5
32.5 28.5
32.5 29.5
32.5 34.5
32.5 41.5
32.5 46.5
32.5 47.5
32.5 53.5
32.5 54.5
32.5 59.5
32.5 60.5
32.5 66.5
33.5 10.5
33.5 11.5
33.5 17.5
33.5 22.5
33.5 29.5
33.5 34.5
33.5 40.5
33.5 41.5
33.5 46.5
33.5 53.5
33.5 59.5
33.5 65.5
33.5 66.5
34.5 11.5
34.5 17.5
34.5 22.5
34.5 23.5
34.5 29.5
34.5 34.5
34.5 40.5
34.5 46.5
34.5 52.5
34.5 53.5
34.5 58.5
34.5 59.5
34.5 65.5
35.5 11.5
35.5 18.5
35.5 23.5
35.5 29.5
35.5 33.5
35.5 39.5
35.5 40.5
35.5 45.5
35.5 52.5
35.5 53.5
35.5 58.5
35.5 65.5
36.5 11.5
36.5 12.5
36.5 18.5
36.5 23.5
36.5 24.5
36.5 30.5
36.5 33.5
36.5 39.5
36.5 40.5
36.5 45.5
36.5 52.5
36.5 58.5
36.5 64.5
36.5 65.5
37.5 12.5
37.5 24.5
37.5 30.5
37.5 39.5
37.5 51.5
37.5 52.5
37.5 64.5
38.5 12.5
38.5 13.5
38.5 24.5
38.5 38.5
38.5 39.5
38.5 51.5
38.5 52.5
38.5 57.5
38.5 63.5
38.5 64.5
39.5 13.5
39.5 24.5
39.5 25.5
39.5 38.5
39.5 51.5
39.5 63.5
40.5 13.5
40.5 25.5
40.5 38.5
40.5 50.5
40.5 51.5
40.5 63.5
41.5 13.5
41.5 14.5
41.5 25.5
41.5 37.5
41.5 38.5
41.5 50.5
41.5 62.5
41.5 63.5
42.5 13.5
42.5 14.5
42.5 26.5
42.5 37.5
42.5 50.5
42.5 51.5
42.5 62.5
43.5 14.5
43.5 25.5
43.5 26.5
43.5 37.5
43.5 50.5
43.5 51.5
43.5 62.5
43.5 63.5
44.5 14.5
44.5 25.5
44.5 37.5
44.5 50.5
44.5 61.5
44.5 62.5
45.5 14.5
45.5 25.5
45.5 38.5
45.5 50.5
45.5 62.5
46.5 14.5
46.5 15.5
46.5 26.5
46.5 38.5
46.5 49.5
46.5 50.5
46.5 61.5
46.5 62.5
47.5 15.5
47.5 26.5
47.5 38.5
47.5 39.5
47.5 49.5
47.5 61.5
48.5 9.5
48.5 15.5
48.5 26.5
48.5 27.5
48.5 39.5
48.5 48.5
48.5 49.5
48.5 60.5
48.5 61.5
49.5 9.5
49.5 15.5
49.5 16.5
49.5 21.5
49.5 27.5
49.5 32.5
49.5 39.5
49.5 40.5
49.5 48.5
49.5 55.5
49.5 60.5
50.5 10.5
50.5 15.5
50.5 16.5
50.5 21.5
50.5 27.5
50.5 32.5
50.5 39.5
50.5 40.5
50.5 48.5
50.5 60.5
50.5 66.5
51.5 10.5
51.5 16.5
51.5 21.5
51.5 27.5
51.5 28.5
51.5 33.5
51.5 40.5
51.5 41.5
51.5 47.5
51.5 48.5
51.5 54.5
51.5 59.5
51.5 66.5
52.5 10.5
52.5 16.5
52.5 22.5
52.5 28.5
52.5 33.5
52.5 40.5
52.5 41.5
52.5 47.5
52.5 54.5
52.5 59.5
52.5 65.5
52.5 66.5
53.5 10.5
53.5 11.5
53.5 16.5
53.5 17.5
53.5 22.5
53.5 28.5
53.5 33.5
53.5 34.5
53.5 41.5
53.5 46.5
53.5 47.5
53.5 53.5
53.5 58.5
53.5 59.5
53.5 65.5
54.5 11.5
54.5 17.5
54.5 22.5
54.5 29.5
54.5 34.5
54.5 41.5
54.5 42.5
54.5 46.5
54.5 53.5
54.5 58.5
54.5 65.5
55.5 11.5
55.5 17.5
55.5 22.5
55.5 23.5
55.5 29.5
55.5 34.5
55.5 35.5
55.5 42.5
55.5 46.5
55.5 52.5
55.5 53.5
55.5 58.5
55.5 64.5
55.5 65.5
56.5 11.5
56.5 12.5
56.5 17.5
56.5 23.5
56.5 29.5
56.5 35.5
56.5 42.5
56.5 45.5
56.5 52.5
56.5 57.5
56.5 64.5
57.5 12.5
57.5 23.5
57.5 35.5
57.5 36.5
57.5 43.5
57.5 45.5
57.5 51.5
57.5 52.5
57.5 57.5
57.5 63.5
57.5 64.5
58.5 12.5
58.5 23.5
58.5 24.5
58.5 36.5
58.5 51.5
58.5 63.5
58.5 64.5
59.5 12.5
59.5 13.5
59.5 24.5
59.5 36.5
59.5 37.5
59.5 50.5
59.5 51.5
59.5 63.5
60.5 13.5
60.5 24.5
60.5 37.5
60.5 50.5
60.5 62.5
60.5 63.5
61.5 13.5
61.5 24.5
61.5 37.5
61.5 50.5
61.5 62.5
61.5 63.5
62.5 14.5
62.5 25.5
62.5 38.5
62.5 49.5
62.5 62.5
63.5 14.5
63.5 25.5
63.5 38.5
63.5 49.5
63.5 62.5
