2.5 25.5
2.5 37.5
3.5 13.5
3.5 26.5
3.5 36.5
4.5 11.5
4.5 26.5
4.5 27.5
4.5 35.5
4.5 50.5
5.5 9.5
5.5 10.5
5.5 27.5
5.5 28.5
5.5 34.5
5.5 35.5
5.5 48.5
5.5 49.5
5.5 63.5
5.5 64.5
6.5 8.5
6.5 18.5
6.5 20.5
6.5 28.5
6.5 34.5
6.5 47.5
6.5 48.5
6.5 60.5
6.5 61.5
6.5 62.5
7.5 16.5
7.5 21.5
7.5 29.5
7.5 33.5
7.5 42.5
7.5 45.5
7.5 46.5
7.5 55.5
7.5 58.5
7.5 59.5
8.5 14.5
8.5 15.5
8.5 22.5
8.5 32.5
8.5 41.5
8.5 44.5
8.5 54.5
8.5 67.5
9.5 13.5
9.5 23.5
9.5 39.5
9.5 40.5
9.5 52.5
9.5 53.5
9.5 65.5
9.5 66.5
10.5 12.5
10.5 24.5
10.5 37.5
10.5 38.5
10.5 51.5
10.5 64.5
11.5 25.5
11.5 36.5
11.5 50.5
11.5 62.5
12.5 26.5
13.5 13.5
14.5 11.5
14.5 12.5
14.5 26.5
14.5 51.5
14.5 62.5
15.5 10.5
15.5 11.5
15.5 24.5
15.5 37.5
15.5 38.5
15.5 49.5
15.5 50.5
15.5 63.5
16.5 9.5
16.5 22.5
16.5 23.5
16.5 35.5
16.5 36.5
16.5 48.5
16.5 64.5
17.5 7.5
17.5 18.5
17.5 21.5
17.5 30.5
17.5 33.5
17.5 34.5
17.5 44.5
17.5 46.5
17.5 57.5
17.5 64.5
18.5 16.5
18.5 17.5
18.5 28.5
18.5 29.5
18.5 42.5
18.5 53.5
18.5 58.5
18.5 65.5
19.5 14.5
19.5 15.5
19.5 27.5
19.5 40.5
19.5 41.5
19.5 52.5
19.5 59.5
19.5 66.5
20.5 12.5
20.5 25.5
20.5 26.5
20.5 38.5
20.5 51.5
20.5 60.5
21.5 10.5
21.5 24.5
21.5 36.5
21.5 50.5
21.5 61.5
22.5 62.5
23.5 25.5
24.5 11.5
24.5 26.5
24.5 37.5
24.5 38.5
24.5 51.5
25.5 13.5
25.5 14.5
25.5 27.5
25.5 39.5
25.5 40.5
25.5 41.5
25.5 52.5
25.5 62.5
25.5 63.5
26.5 15.5
26.5 16.5
26.5 28.5
26.5 42.5
26.5 43.5
26.5 53.5
26.5 59.5
26.5 60.5
27.5 7.5
27.5 18.5
27.5 20.5
27.5 29.5
27.5 32.5
27.5 46.5
27.5 47.5
27.5 56.5
27.5 57.5
28.5 8.5
28.5 22.5
28.5 30.5
28.5 34.5
28.5 48.5
28.5 49.5
29.5 10.5
29.5 23.5
29.5 35.5
29.5 36.5
29.5 50.5
29.5 64.5
29.5 65.5
29.5 66.5
30.5 11.5
30.5 24.5
30.5 37.5
30.5 62.5
30.5 63.5
31.5 25.5
31.5 38.5
31.5 60.5
32.5 51.5
33.5 50.5
34.5 12.5
34.5 37.5
34.5 48.5
34.5 49.5
35.5 13.5
35.5 14.5
35.5 24.5
35.5 25.5
35.5 38.5
35.5 47.5
35.5 48.5
35.5 63.5
36.5 15.5
36.5 22.5
36.5 23.5
36.5 39.5
36.5 46.5
36.5 55.5
36.5 64.5
37.5 7.5
37.5 16.5
37.5 20.5
37.5 31.5
37.5 40.5
37.5 41.5
37.5 45.5
37.5 54.5
37.5 58.5
37.5 65.5
38.5 9.5
38.5 29.5
38.5 33.5
38.5 42.5
38.5 44.5
38.5 53.5
38.5 59.5
39.5 10.5
39.5 27.5
39.5 34.5
39.5 35.5
39.5 52.5
39.5 59.5
40.5 11.5
40.5 12.5
40.5 25.5
40.5 36.5
40.5 51.5
40.5 52.5
40.5 60.5
41.5 13.5
41.5 23.5
41.5 38.5
41.5 50.5
41.5 51.5
41.5 60.5
41.5 61.5
42.5 50.5
42.5 61.5
43.5 49.5
44.5 13.5
44.5 25.5
44.5 26.5
44.5 38.5
45.5 12.5
45.5 27.5
45.5 28.5
45.5 35.5
45.5 36.5
46.5 11.5
46.5 29.5
46.5 33.5
46.5 34.5
46.5 50.5
46.5 60.5
47.5 9.5
47.5 17.5
47.5 19.5
47.5 20.5
47.5 31.5
47.5 47.5
47.5 48.5
47.5 59.5
47.5 66.5
48.5 8.5
48.5 16.5
48.5 21.5
48.5 22.5
48.5 42.5
48.5 46.5
48.5 58.5
48.5 65.5
49.5 15.5
49.5 23.5
49.5 24.5
49.5 39.5
49.5 40.5
49.5 44.5
49.5 55.5
49.5 57.5
49.5 64.5
50.5 14.5
50.5 25.5
50.5 26.5
50.5 37.5
50.5 38.5
50.5 53.5
50.5 63.5
51.5 13.5
51.5 51.5
51.5 63.5
52.5 12.5
52.5 49.5
52.5 62.5
53.5 39.5
54.5 14.5
54.5 24.5
54.5 37.5
54.5 38.5
55.5 13.5
55.5 25.5
55.5 26.5
55.5 36.5
55.5 49.5
55.5 50.5
55.5 63.5
56.5 11.5
56.5 12.5
56.5 26.5
56.5 27.5
56.5 35.5
56.5 52.5
56.5 53.5
56.5 64.5
57.5 10.5
57.5 11.5
57.5 27.5
57.5 28.5
57.5 33.5
57.5 34.5
57.5 54.5
57.5 55.5
57.5 65.5
58.5 9.5
58.5 18.5
58.5 29.5
58.5 32.5
58.5 46.5
58.5 59.5
59.5 16.5
59.5 17.5
59.5 21.5
59.5 31.5
59.5 42.5
59.5 43.5
59.5 47.5
59.5 48.5
59.5 60.5
60.5 15.5
60.5 22.5
60.5 39.5
60.5 40.5
60.5 41.5
60.5 49.5
60.5 61.5
60.5 62.5
61.5 13.5
61.5 14.5
61.5 23.5
61.5 37.5
61.5 38.5
61.5 50.5
61.5 63.5
62.5 12.5
62.5 35.5
62.5 52.5
