10.5 37.5
11.5 31.5
11.5 40.5
12.5 30.5
12.5 37.5
15.5 35.5
15.5 36.5
16.5 31.5
18.5 36.5
19.5 34.5
19.5 37.5
20.5 37.5
22.5 36.5
22.5 37.5
22.5 48.5
25.5 49.5
27.5 50.5
28.5 34.5
30.5 36.5
30.5 37.5
30.5 52.5
31.5 37.5
31.5 46.5
31.5 47.5
36.5 37.5
37.5 57.5
44.5 56.5
44.5 59.5
47.5 44.5
51.5 10.5
51.5 51.5
52.5 12.5
53.5 13.5
53.5 17.5
53.5 62.5
54.5 10.5
54.5 50.5
55.5 50.5
56.5 59.5
56.5 60.5
56.5 61.5
57.5 59.5
57.5 60.5
57.5 61.5
58.5 60.5
58.5 61.5
61.5 54.5
61.5 55.5
62.5 54.5
62.5 55.5
62.5 56.5
63.5 54.5
63.5 55.5
63.5 56.5
