17.5 41.5
18.5 55.5
19.5 58.5
20.5 45.5
22.5 55.5
22.5 56.5
22.5 64.5
22.5 66.5
23.5 55.5
23.5 57.5
23.5 58.5
24.5 58.5
25.5 54.5
25.5 58.5
27.5 58.5
28.5 57.5
28.5 59.5
30.5 71.5
32.5 68.5
33.5 27.5
33.5 69.5
34.5 25.5
34.5 27.5
34.5 32.5
34.5 36.5
35.5 17.5
35.5 18.5
35.5 36.5
35.5 38.5
36.5 29.5
37.5 14.5
37.5 16.5
37.5 20.5
37.5 24.5
37.5 25.5
37.5 26.5
37.5 45.5
38.5 26.5
38.5 35.5
39.5 20.5
39.5 25.5
39.5 27.5
39.5 30.5
40.5 17.5
40.5 18.5
41.5 17.5
41.5 19.5
42.5 12.5
42.5 46.5
43.5 56.5
44.5 21.5
46.5 57.5
47.5 17.5
48.5 23.5
50.5 54.5
53.5 24.5
56.5 35.5
56.5 43.5
56.5 49.5
