3.5 13.5
4.5 12.5
4.5 13.5
4.5 25.5
4.5 37.5
4.5 49.5
4.5 62.5
5.5 12.5
5.5 13.5
5.5 24.5
5.5 25.5
5.5 37.5
5.5 49.5
5.5 61.5
5.5 62.5
6.5 12.5
6.5 23.5
6.5 24.5
6.5 25.5
6.5 36.5
6.5 37.5
6.5 48.5
6.5 49.5
6.5 61.5
6.5 62.5
7.5 11.5
7.5 12.5
7.5 23.5
7.5 24.5
7.5 25.5
7.5 36.5
7.5 37.5
7.5 48.5
7.5 49.5
7.5 60.5
7.5 61.5
8.5 11.5
8.5 12.5
8.5 22.5
8.5 23.5
8.5 24.5
8.5 25.5
8.5 35.5
8.5 36.5
8.5 47.5
8.5 48.5
8.5 49.5
8.5 60.5
8.5 61.5
9.5 11.5
9.5 12.5
9.5 22.5
9.5 23.5
9.5 24.5
9.5 35.5
9.5 36.5
9.5 47.5
9.5 48.5
9.5 49.5
9.5 59.5
9.5 60.5
9.5 61.5
10.5 11.5
10.5 12.5
10.5 22.5
10.5 23.5
10.5 24.5
10.5 34.5
10.5 35.5
10.5 36.5
10.5 47.5
10.5 48.5
10.5 59.5
10.5 60.5
10.5 66.5
11.5 11.5
11.5 16.5
11.5 21.5
11.5 22.5
11.5 23.5
11.5 29.5
11.5 30.5
11.5 34.5
11.5 35.5
11.5 41.5
11.5 46.5
11.5 47.5
11.5 48.5
11.5 54.5
11.5 58.5
11.5 59.5
11.5 60.5
11.5 65.5
11.5 66.5
12.5 10.5
12.5 11.5
12.5 16.5
12.5 21.5
12.5 22.5
12.5 23.5
12.5 29.5
12.5 30.5
12.5 34.5
12.5 35.5
12.5 40.5
12.5 41.5
12.5 46.5
12.5 47.5
12.5 48.5
12.5 53.5
12.5 54.5
12.5 58.5
12.5 59.5
12.5 64.5
12.5 65.5
12.5 66.5
13.5 10.5
13.5 11.5
13.5 15.5
13.5 16.5
13.5 21.5
13.5 22.5
13.5 28.5
13.5 29.5
13.5 33.5
13.5 34.5
13.5 39.5
13.5 40.5
13.5 41.5
13.5 46.5
13.5 47.5
13.5 53.5
13.5 54.5
13.5 58.5
13.5 59.5
13.5 64.5
13.5 65.5
14.5 15.5
14.5 16.5
14.5 21.5
14.5 28.5
14.5 29.5
14.5 33.5
14.5 34.5
14.5 39.5
14.5 40.5
14.5 41.5
14.5 46.5
14.5 47.5
14.5 52.5
14.5 53.5
14.5 58.5
14.5 64.5
14.5 65.5
15.5 15.5
15.5 16.5
15.5 27.5
15.5 28.5
15.5 29.5
15.5 33.5
15.5 39.5
15.5 40.5
15.5 41.5
15.5 46.5
15.5 52.5
15.5 53.5
15.5 63.5
15.5 64.5
15.5 65.5
16.5 15.5
16.5 16.5
16.5 27.5
16.5 28.5
16.5 38.5
16.5 39.5
16.5 40.5
16.5 51.5
16.5 52.5
16.5 53.5
16.5 63.5
16.5 64.5
16.5 65.5
17.5 14.5
17.5 15.5
17.5 16.5
17.5 26.5
17.5 27.5
17.5 28.5
17.5 38.5
17.5 39.5
17.5 40.5
17.5 51.5
17.5 52.5
17.5 63.5
17.5 64.5
18.5 14.5
18.5 15.5
18.5 26.5
18.5 27.5
18.5 38.5
18.5 39.5
18.5 40.5
18.5 51.5
18.5 52.5
18.5 62.5
18.5 63.5
18.5 64.5
19.5 14.5
19.5 15.5
19.5 26.5
19.5 27.5
19.5 38.5
19.5 39.5
19.5 50.5
19.5 51.5
19.5 62.5
19.5 63.5
20.5 14.5
20.5 15.5
20.5 25.5
20.5 26.5
20.5 37.5
20.5 38.5
20.5 39.5
20.5 50.5
20.5 51.5
20.5 62.5
20.5 63.5
21.5 14.5
21.5 25.5
21.5 37.5
21.5 38.5
21.5 50.5
21.5 62.5
22.5 37.5
24.5 14.5
24.5 25.5
24.5 50.5
25.5 14.5
25.5 15.5
25.5 24.5
25.5 25.5
25.5 37.5
25.5 38.5
25.5 50.5
25.5 61.5
25.5 62.5
26.5 14.5
26.5 15.5
26.5 24.5
26.5 25.5
26.5 37.5
26.5 38.5
26.5 49.5
26.5 50.5
26.5 61.5
26.5 62.5
27.5 15.5
27.5 16.5
27.5 23.5
27.5 24.5
27.5 25.5
27.5 36.5
27.5 37.5
27.5 38.5
27.5 48.5
27.5 49.5
27.5 50.5
27.5 60.5
27.5 61.5
27.5 62.5
28.5 15.5
28.5 16.5
28.5 23.5
28.5 24.5
28.5 36.5
28.5 37.5
28.5 48.5
28.5 49.5
28.5 60.5
28.5 61.5
28.5 62.5
29.5 15.5
29.5 16.5
29.5 17.5
29.5 23.5
29.5 24.5
29.5 35.5
29.5 36.5
29.5 37.5
29.5 48.5
29.5 49.5
29.5 60.5
29.5 61.5
30.5 10.5
30.5 16.5
30.5 17.5
30.5 22.5
30.5 23.5
30.5 24.5
30.5 35.5
30.5 36.5
30.5 37.5
30.5 47.5
30.5 48.5
30.5 49.5
30.5 60.5
30.5 61.5
31.5 10.5
31.5 11.5
31.5 16.5
31.5 17.5
31.5 22.5
31.5 23.5
31.5 29.5
31.5 34.5
31.5 35.5
31.5 36.5
31.5 47.5
31.5 48.5
31.5 54.5
31.5 59.5
31.5 60.5
31.5 61.5
32.5 10.5
32.5 11.5
32.5 16.5
32.5 17.5
32.5 22.5
32.5 23.5
32.5 28.5
32.5 29.5
32.5 34.5
32.5 35.5
32.5 36.5
32.5 42.5
32.5 47.5
32.5 48.5
32.5 53.5
32.5 54.5
32.5 59.5
32.5 60.5
32.5 61.5
32.5 66.5
33.5 10.5
33.5 11.5
33.5 12.5
33.5 17.5
33.5 18.5
33.5 22.5
33.5 23.5
33.5 28.5
33.5 29.5
33.5 34.5
33.5 35.5
33.5 41.5
33.5 42.5
33.5 46.5
33.5 47.5
33.5 53.5
33.5 54.5
33.5 59.5
33.5 60.5
33.5 61.5
33.5 65.5
33.5 66.5
34.5 11.5
34.5 12.5
34.5 17.5
34.5 18.5
34.5 22.5
34.5 28.5
34.5 29.5
34.5 34.5
34.5 35.5
34.5 41.5
34.5 42.5
34.5 46.5
34.5 47.5
34.5 52.5
34.5 53.5
34.5 54.5
34.5 59.5
34.5 60.5
34.5 65.5
34.5 66.5
35.5 11.5
35.5 12.5
35.5 27.5
35.5 28.5
35.5 29.5
35.5 34.5
35.5 40.5
35.5 41.5
35.5 42.5
35.5 46.5
35.5 52.5
35.5 53.5
35.5 54.5
35.5 59.5
35.5 60.5
35.5 65.5
36.5 11.5
36.5 12.5
36.5 13.5
36.5 27.5
36.5 28.5
36.5 29.5
36.5 40.5
36.5 41.5
36.5 52.5
36.5 53.5
36.5 54.5
36.5 59.5
36.5 64.5
36.5 65.5
37.5 11.5
37.5 12.5
37.5 13.5
37.5 27.5
37.5 28.5
37.5 39.5
37.5 40.5
37.5 41.5
37.5 51.5
37.5 52.5
37.5 53.5
37.5 54.5
37.5 64.5
37.5 65.5
38.5 12.5
38.5 13.5
38.5 26.5
38.5 27.5
38.5 28.5
38.5 39.5
38.5 40.5
38.5 51.5
38.5 52.5
38.5 53.5
38.5 64.5
38.5 65.5
39.5 12.5
39.5 13.5
39.5 26.5
39.5 27.5
39.5 39.5
39.5 40.5
39.5 51.5
39.5 52.5
39.5 53.5
39.5 63.5
39.5 64.5
40.5 13.5
40.5 14.5
40.5 26.5
40.5 27.5
40.5 38.5
40.5 39.5
40.5 51.5
40.5 52.5
40.5 53.5
40.5 63.5
40.5 64.5
41.5 13.5
41.5 14.5
41.5 26.5
41.5 38.5
41.5 39.5
41.5 51.5
41.5 52.5
41.5 63.5
42.5 26.5
42.5 38.5
42.5 51.5
42.5 52.5
42.5 63.5
44.5 13.5
44.5 26.5
45.5 13.5
45.5 26.5
45.5 27.5
45.5 38.5
45.5 51.5
45.5 63.5
45.5 64.5
46.5 12.5
46.5 13.5
46.5 26.5
46.5 27.5
46.5 37.5
46.5 38.5
46.5 51.5
46.5 52.5
46.5 63.5
46.5 64.5
47.5 11.5
47.5 12.5
47.5 13.5
47.5 26.5
47.5 27.5
47.5 28.5
47.5 36.5
47.5 37.5
47.5 38.5
47.5 51.5
47.5 52.5
47.5 64.5
48.5 11.5
48.5 12.5
48.5 26.5
48.5 27.5
48.5 28.5
48.5 36.5
48.5 37.5
48.5 51.5
48.5 52.5
48.5 53.5
48.5 64.5
48.5 65.5
49.5 10.5
49.5 11.5
49.5 12.5
49.5 27.5
49.5 28.5
49.5 29.5
49.5 35.5
49.5 36.5
49.5 37.5
49.5 51.5
49.5 52.5
49.5 53.5
49.5 64.5
49.5 65.5
50.5 10.5
50.5 11.5
50.5 27.5
50.5 28.5
50.5 29.5
50.5 35.5
50.5 36.5
50.5 52.5
50.5 53.5
50.5 54.5
50.5 64.5
50.5 65.5
51.5 9.5
51.5 10.5
51.5 11.5
51.5 17.5
51.5 18.5
51.5 22.5
51.5 28.5
51.5 29.5
51.5 34.5
51.5 35.5
51.5 36.5
51.5 42.5
51.5 46.5
51.5 52.5
51.5 53.5
51.5 54.5
51.5 64.5
51.5 65.5
51.5 66.5
52.5 9.5
52.5 10.5
52.5 16.5
52.5 17.5
52.5 18.5
52.5 22.5
52.5 23.5
52.5 28.5
52.5 29.5
52.5 34.5
52.5 35.5
52.5 41.5
52.5 42.5
52.5 46.5
52.5 47.5
52.5 52.5
52.5 53.5
52.5 54.5
52.5 59.5
52.5 60.5
52.5 65.5
52.5 66.5
53.5 9.5
53.5 10.5
53.5 16.5
53.5 17.5
53.5 22.5
53.5 23.5
53.5 29.5
53.5 30.5
53.5 34.5
53.5 35.5
53.5 40.5
53.5 41.5
53.5 42.5
53.5 46.5
53.5 47.5
53.5 53.5
53.5 54.5
53.5 59.5
53.5 60.5
53.5 65.5
53.5 66.5
54.5 8.5
54.5 9.5
54.5 15.5
54.5 16.5
54.5 17.5
54.5 22.5
54.5 23.5
54.5 24.5
54.5 29.5
54.5 30.5
54.5 34.5
54.5 40.5
54.5 41.5
54.5 46.5
54.5 47.5
54.5 48.5
54.5 53.5
54.5 54.5
54.5 55.5
54.5 59.5
54.5 60.5
54.5 61.5
54.5 66.5
55.5 8.5
55.5 15.5
55.5 16.5
55.5 17.5
55.5 23.5
55.5 24.5
55.5 39.5
55.5 40.5
55.5 41.5
55.5 46.5
55.5 47.5
55.5 48.5
55.5 54.5
55.5 55.5
55.5 59.5
55.5 60.5
55.5 61.5
55.5 66.5
56.5 14.5
56.5 15.5
56.5 16.5
56.5 23.5
56.5 24.5
56.5 39.5
56.5 40.5
56.5 41.5
56.5 47.5
56.5 48.5
56.5 60.5
56.5 61.5
57.5 14.5
57.5 15.5
57.5 16.5
57.5 23.5
57.5 24.5
57.5 25.5
57.5 38.5
57.5 39.5
57.5 40.5
57.5 47.5
57.5 48.5
57.5 49.5
57.5 60.5
57.5 61.5
57.5 62.5
58.5 13.5
58.5 14.5
58.5 15.5
58.5 23.5
58.5 24.5
58.5 25.5
58.5 38.5
58.5 39.5
58.5 40.5
58.5 47.5
58.5 48.5
58.5 49.5
58.5 60.5
58.5 61.5
58.5 62.5
59.5 13.5
59.5 14.5
59.5 15.5
59.5 24.5
59.5 25.5
59.5 38.5
59.5 39.5
59.5 48.5
59.5 49.5
59.5 60.5
59.5 61.5
59.5 62.5
60.5 13.5
60.5 14.5
60.5 24.5
60.5 25.5
60.5 38.5
60.5 39.5
60.5 48.5
60.5 49.5
60.5 61.5
60.5 62.5
61.5 13.5
61.5 14.5
61.5 25.5
61.5 37.5
61.5 38.5
61.5 49.5
61.5 50.5
61.5 61.5
61.5 62.5
62.5 13.5
62.5 49.5
62.5 50.5
62.5 62.5
