2.5 12.5
3.5 13.5
3.5 22.5
3.5 31.5
3.5 32.5
3.5 41.5
3.5 51.5
3.5 63.5
4.5 13.5
4.5 14.5
4.5 21.5
4.5 22.5
4.5 31.5
4.5 40.5
4.5 41.5
4.5 52.5
4.5 53.5
4.5 54.5
4.5 55.5
4.5 56.5
4.5 62.5
4.5 63.5
5.5 14.5
5.5 15.5
5.5 21.5
5.5 30.5
5.5 31.5
5.5 40.5
5.5 41.5
5.5 55.5
5.5 56.5
5.5 57.5
5.5 58.5
5.5 61.5
6.5 9.5
6.5 15.5
6.5 16.5
6.5 20.5
6.5 21.5
6.5 27.5
6.5 29.5
6.5 30.5
6.5 35.5
6.5 39.5
6.5 40.5
6.5 46.5
6.5 48.5
6.5 49.5
6.5 60.5
7.5 9.5
7.5 10.5
7.5 16.5
7.5 19.5
7.5 20.5
7.5 25.5
7.5 26.5
7.5 29.5
7.5 34.5
7.5 35.5
7.5 39.5
7.5 45.5
7.5 46.5
7.5 49.5
7.5 50.5
7.5 65.5
7.5 66.5
7.5 67.5
8.5 10.5
8.5 11.5
8.5 17.5
8.5 19.5
8.5 24.5
8.5 25.5
8.5 26.5
8.5 34.5
8.5 35.5
8.5 44.5
8.5 45.5
8.5 50.5
8.5 51.5
8.5 52.5
8.5 63.5
8.5 64.5
8.5 65.5
8.5 66.5
9.5 10.5
9.5 11.5
9.5 23.5
9.5 24.5
9.5 25.5
9.5 34.5
9.5 44.5
9.5 45.5
9.5 51.5
9.5 52.5
9.5 53.5
9.5 62.5
9.5 63.5
10.5 11.5
10.5 12.5
10.5 22.5
10.5 23.5
10.5 33.5
10.5 34.5
10.5 43.5
10.5 44.5
10.5 53.5
11.5 11.5
11.5 12.5
11.5 22.5
11.5 33.5
11.5 43.5
11.5 44.5
12.5 12.5
12.5 43.5
12.5 54.5
12.5 63.5
12.5 64.5
13.5 22.5
13.5 33.5
13.5 54.5
13.5 55.5
13.5 62.5
13.5 63.5
14.5 11.5
14.5 12.5
14.5 22.5
14.5 23.5
14.5 24.5
14.5 33.5
14.5 34.5
14.5 43.5
14.5 54.5
14.5 55.5
14.5 61.5
14.5 62.5
14.5 63.5
15.5 12.5
15.5 13.5
15.5 23.5
15.5 24.5
15.5 25.5
15.5 34.5
15.5 35.5
15.5 43.5
15.5 44.5
15.5 54.5
15.5 55.5
15.5 61.5
15.5 62.5
16.5 13.5
16.5 14.5
16.5 25.5
16.5 26.5
16.5 27.5
16.5 29.5
16.5 34.5
16.5 35.5
16.5 44.5
16.5 45.5
16.5 55.5
16.5 56.5
16.5 60.5
16.5 61.5
17.5 13.5
17.5 14.5
17.5 15.5
17.5 17.5
17.5 18.5
17.5 27.5
17.5 30.5
17.5 35.5
17.5 38.5
17.5 44.5
17.5 45.5
17.5 55.5
17.5 56.5
17.5 59.5
17.5 60.5
17.5 67.5
17.5 68.5
18.5 8.5
18.5 14.5
18.5 15.5
18.5 18.5
18.5 19.5
18.5 20.5
18.5 30.5
18.5 31.5
18.5 39.5
18.5 45.5
18.5 46.5
18.5 50.5
18.5 56.5
18.5 59.5
18.5 66.5
18.5 67.5
19.5 8.5
19.5 9.5
19.5 19.5
19.5 20.5
19.5 21.5
19.5 31.5
19.5 39.5
19.5 40.5
19.5 46.5
19.5 50.5
19.5 51.5
19.5 64.5
19.5 65.5
19.5 66.5
20.5 9.5
20.5 10.5
20.5 21.5
20.5 22.5
20.5 31.5
20.5 32.5
20.5 40.5
20.5 41.5
20.5 50.5
20.5 51.5
20.5 52.5
20.5 63.5
20.5 64.5
20.5 65.5
21.5 10.5
21.5 11.5
21.5 32.5
21.5 41.5
21.5 42.5
21.5 51.5
21.5 52.5
21.5 63.5
22.5 10.5
22.5 11.5
22.5 42.5
22.5 52.5
22.5 53.5
23.5 11.5
23.5 22.5
23.5 31.5
23.5 53.5
24.5 21.5
24.5 22.5
24.5 30.5
24.5 31.5
24.5 63.5
24.5 64.5
25.5 11.5
25.5 19.5
25.5 20.5
25.5 21.5
25.5 30.5
25.5 31.5
25.5 39.5
25.5 40.5
25.5 41.5
25.5 42.5
25.5 53.5
25.5 63.5
25.5 64.5
25.5 65.5
25.5 66.5
26.5 10.5
26.5 18.5
26.5 19.5
26.5 26.5
26.5 30.5
26.5 35.5
26.5 37.5
26.5 38.5
26.5 39.5
26.5 40.5
26.5 41.5
26.5 51.5
26.5 52.5
26.5 65.5
26.5 66.5
26.5 67.5
27.5 9.5
27.5 15.5
27.5 17.5
27.5 18.5
27.5 25.5
27.5 26.5
27.5 29.5
27.5 30.5
27.5 34.5
27.5 35.5
27.5 50.5
27.5 51.5
27.5 56.5
27.5 59.5
27.5 67.5
27.5 68.5
28.5 8.5
28.5 13.5
28.5 14.5
28.5 23.5
28.5 24.5
28.5 25.5
28.5 29.5
28.5 33.5
28.5 34.5
28.5 49.5
28.5 50.5
28.5 55.5
28.5 56.5
28.5 59.5
28.5 60.5
29.5 12.5
29.5 13.5
29.5 23.5
29.5 24.5
29.5 33.5
29.5 41.5
29.5 42.5
29.5 43.5
29.5 44.5
29.5 45.5
29.5 46.5
29.5 47.5
29.5 55.5
29.5 60.5
29.5 61.5
29.5 62.5
30.5 12.5
30.5 22.5
30.5 23.5
30.5 32.5
30.5 54.5
30.5 55.5
30.5 61.5
30.5 62.5
30.5 63.5
31.5 11.5
31.5 21.5
31.5 22.5
31.5 54.5
31.5 63.5
31.5 64.5
32.5 32.5
32.5 53.5
33.5 12.5
33.5 23.5
33.5 32.5
33.5 33.5
33.5 43.5
33.5 44.5
34.5 11.5
34.5 22.5
34.5 23.5
34.5 33.5
34.5 34.5
34.5 41.5
34.5 42.5
34.5 43.5
34.5 53.5
34.5 62.5
35.5 10.5
35.5 11.5
35.5 20.5
35.5 21.5
35.5 22.5
35.5 34.5
35.5 35.5
35.5 39.5
35.5 40.5
35.5 41.5
35.5 42.5
35.5 52.5
35.5 53.5
35.5 62.5
35.5 63.5
35.5 64.5
36.5 9.5
36.5 10.5
36.5 16.5
36.5 20.5
36.5 21.5
36.5 35.5
36.5 36.5
36.5 38.5
36.5 39.5
36.5 40.5
36.5 51.5
36.5 52.5
36.5 64.5
36.5 65.5
36.5 66.5
37.5 8.5
37.5 9.5
37.5 15.5
37.5 16.5
37.5 19.5
37.5 20.5
37.5 29.5
37.5 36.5
37.5 46.5
37.5 47.5
37.5 50.5
37.5 59.5
37.5 66.5
37.5 67.5
38.5 13.5
38.5 14.5
38.5 15.5
38.5 18.5
38.5 19.5
38.5 25.5
38.5 26.5
38.5 29.5
38.5 30.5
38.5 31.5
38.5 44.5
38.5 45.5
38.5 46.5
38.5 49.5
38.5 56.5
38.5 57.5
38.5 60.5
39.5 13.5
39.5 14.5
39.5 24.5
39.5 25.5
39.5 30.5
39.5 31.5
39.5 32.5
39.5 43.5
39.5 44.5
39.5 54.5
39.5 55.5
39.5 56.5
39.5 60.5
39.5 61.5
40.5 12.5
40.5 13.5
40.5 24.5
40.5 25.5
40.5 31.5
40.5 32.5
40.5 42.5
40.5 43.5
40.5 53.5
40.5 54.5
40.5 55.5
40.5 61.5
40.5 62.5
41.5 11.5
41.5 12.5
41.5 23.5
41.5 24.5
41.5 32.5
41.5 33.5
41.5 52.5
41.5 53.5
41.5 62.5
42.5 22.5
42.5 23.5
42.5 42.5
43.5 11.5
43.5 32.5
43.5 42.5
43.5 43.5
44.5 11.5
44.5 12.5
44.5 22.5
44.5 32.5
44.5 33.5
44.5 43.5
44.5 44.5
44.5 53.5
44.5 54.5
44.5 63.5
45.5 12.5
45.5 13.5
45.5 14.5
45.5 22.5
45.5 23.5
45.5 33.5
45.5 34.5
45.5 44.5
45.5 45.5
45.5 51.5
45.5 52.5
45.5 53.5
45.5 63.5
45.5 64.5
46.5 8.5
46.5 13.5
46.5 14.5
46.5 15.5
46.5 23.5
46.5 24.5
46.5 33.5
46.5 34.5
46.5 35.5
46.5 38.5
46.5 39.5
46.5 45.5
46.5 46.5
46.5 50.5
46.5 51.5
46.5 52.5
46.5 64.5
47.5 8.5
47.5 9.5
47.5 15.5
47.5 16.5
47.5 18.5
47.5 23.5
47.5 24.5
47.5 34.5
47.5 35.5
47.5 39.5
47.5 40.5
47.5 46.5
47.5 49.5
47.5 50.5
47.5 64.5
47.5 65.5
48.5 9.5
48.5 10.5
48.5 16.5
48.5 19.5
48.5 24.5
48.5 25.5
48.5 27.5
48.5 28.5
48.5 35.5
48.5 39.5
48.5 40.5
48.5 41.5
48.5 56.5
48.5 57.5
48.5 59.5
48.5 65.5
49.5 10.5
49.5 11.5
49.5 19.5
49.5 20.5
49.5 28.5
49.5 29.5
49.5 30.5
49.5 40.5
49.5 41.5
49.5 42.5
49.5 55.5
49.5 56.5
49.5 60.5
49.5 65.5
49.5 66.5
50.5 11.5
50.5 20.5
50.5 21.5
50.5 29.5
50.5 30.5
50.5 31.5
50.5 41.5
50.5 42.5
50.5 53.5
50.5 54.5
50.5 55.5
50.5 61.5
51.5 11.5
51.5 12.5
51.5 21.5
51.5 31.5
51.5 32.5
51.5 43.5
51.5 52.5
51.5 53.5
51.5 62.5
52.5 63.5
53.5 21.5
53.5 43.5
53.5 53.5
54.5 12.5
54.5 20.5
54.5 21.5
54.5 31.5
54.5 32.5
54.5 42.5
54.5 52.5
54.5 53.5
55.5 12.5
55.5 13.5
55.5 20.5
55.5 30.5
55.5 31.5
55.5 41.5
55.5 42.5
55.5 52.5
55.5 53.5
55.5 62.5
55.5 63.5
56.5 13.5
56.5 14.5
56.5 19.5
56.5 20.5
56.5 29.5
56.5 30.5
56.5 40.5
56.5 41.5
56.5 51.5
56.5 52.5
56.5 61.5
56.5 62.5
57.5 14.5
57.5 15.5
57.5 18.5
57.5 19.5
57.5 26.5
57.5 28.5
57.5 29.5
57.5 35.5
57.5 39.5
57.5 40.5
57.5 47.5
57.5 51.5
57.5 52.5
57.5 61.5
57.5 62.5
58.5 9.5
58.5 15.5
58.5 18.5
58.5 24.5
58.5 25.5
58.5 28.5
58.5 34.5
58.5 35.5
58.5 38.5
58.5 39.5
58.5 46.5
58.5 47.5
58.5 50.5
58.5 51.5
58.5 56.5
58.5 60.5
58.5 61.5
59.5 9.5
59.5 10.5
59.5 23.5
59.5 24.5
59.5 34.5
59.5 38.5
59.5 45.5
59.5 46.5
59.5 50.5
59.5 55.5
59.5 56.5
59.5 59.5
59.5 60.5
59.5 66.5
60.5 10.5
60.5 11.5
60.5 22.5
60.5 23.5
60.5 33.5
60.5 34.5
60.5 44.5
60.5 45.5
60.5 55.5
60.5 59.5
60.5 65.5
60.5 66.5
61.5 11.5
61.5 12.5
61.5 21.5
61.5 22.5
61.5 33.5
61.5 43.5
61.5 44.5
61.5 54.5
61.5 55.5
61.5 64.5
61.5 65.5
62.5 12.5
62.5 33.5
62.5 43.5
62.5 54.5
62.5 63.5
62.5 64.5
63.5 54.5
63.5 62.5
63.5 63.5
