15.5 40.5
15.5 47.5
16.5 42.5
16.5 49.5
17.5 44.5
18.5 39.5
18.5 40.5
18.5 44.5
18.5 45.5
18.5 50.5
19.5 40.5
19.5 41.5
19.5 45.5
20.5 40.5
20.5 41.5
20.5 45.5
20.5 56.5
21.5 39.5
21.5 40.5
21.5 44.5
21.5 45.5
22.5 44.5
23.5 42.5
23.5 56.5
23.5 64.5
24.5 46.5
24.5 47.5
26.5 49.5
26.5 50.5
26.5 66.5
27.5 49.5
27.5 50.5
28.5 49.5
28.5 50.5
29.5 47.5
29.5 48.5
31.5 53.5
32.5 56.5
32.5 64.5
32.5 65.5
32.5 66.5
32.5 68.5
34.5 19.5
34.5 65.5
36.5 21.5
36.5 58.5
36.5 64.5
36.5 65.5
39.5 19.5
39.5 22.5
48.5 26.5
48.5 27.5
49.5 26.5
51.5 32.5
51.5 37.5
51.5 40.5
52.5 31.5
52.5 36.5
56.5 37.5
56.5 44.5
58.5 42.5
