2.5 22.5
3.5 13.5
3.5 21.5
3.5 31.5
3.5 32.5
3.5 64.5
4.5 13.5
4.5 14.5
4.5 20.5
4.5 21.5
4.5 30.5
4.5 31.5
4.5 42.5
4.5 43.5
4.5 53.5
4.5 64.5
4.5 65.5
5.5 14.5
5.5 15.5
5.5 20.5
5.5 29.5
5.5 30.5
5.5 31.5
5.5 42.5
5.5 43.5
5.5 53.5
5.5 54.5
5.5 64.5
5.5 65.5
6.5 14.5
6.5 15.5
6.5 19.5
6.5 20.5
6.5 24.5
6.5 29.5
6.5 30.5
6.5 41.5
6.5 42.5
6.5 53.5
6.5 54.5
6.5 65.5
6.5 66.5
7.5 15.5
7.5 16.5
7.5 19.5
7.5 24.5
7.5 28.5
7.5 29.5
7.5 41.5
7.5 42.5
7.5 54.5
7.5 65.5
7.5 66.5
8.5 9.5
8.5 10.5
8.5 23.5
8.5 24.5
8.5 28.5
8.5 36.5
8.5 40.5
8.5 41.5
8.5 47.5
8.5 50.5
8.5 54.5
8.5 55.5
8.5 58.5
8.5 59.5
8.5 65.5
8.5 66.5
9.5 9.5
9.5 10.5
9.5 11.5
9.5 23.5
9.5 24.5
9.5 34.5
9.5 35.5
9.5 36.5
9.5 40.5
9.5 41.5
9.5 46.5
9.5 50.5
9.5 58.5
9.5 59.5
9.5 60.5
9.5 66.5
10.5 10.5
10.5 11.5
10.5 22.5
10.5 23.5
10.5 33.5
10.5 34.5
10.5 35.5
10.5 45.5
10.5 46.5
10.5 50.5
10.5 59.5
10.5 60.5
10.5 61.5
10.5 66.5
11.5 10.5
11.5 11.5
11.5 12.5
11.5 22.5
11.5 23.5
11.5 33.5
11.5 34.5
11.5 35.5
11.5 45.5
11.5 51.5
11.5 60.5
11.5 61.5
12.5 11.5
12.5 12.5
12.5 22.5
12.5 32.5
12.5 33.5
12.5 44.5
12.5 51.5
12.5 61.5
12.5 62.5
13.5 32.5
13.5 44.5
13.5 62.5
15.5 12.5
15.5 13.5
15.5 21.5
15.5 51.5
16.5 12.5
16.5 21.5
16.5 33.5
16.5 44.5
16.5 51.5
16.5 60.5
16.5 61.5
17.5 11.5
17.5 12.5
17.5 20.5
17.5 21.5
17.5 31.5
17.5 32.5
17.5 33.5
17.5 44.5
17.5 45.5
17.5 50.5
17.5 60.5
17.5 61.5
18.5 10.5
18.5 11.5
18.5 20.5
18.5 21.5
18.5 30.5
18.5 31.5
18.5 32.5
18.5 44.5
18.5 45.5
18.5 50.5
18.5 60.5
18.5 61.5
19.5 10.5
19.5 11.5
19.5 20.5
19.5 29.5
19.5 30.5
19.5 31.5
19.5 45.5
19.5 49.5
19.5 59.5
19.5 60.5
19.5 61.5
20.5 10.5
20.5 15.5
20.5 19.5
20.5 20.5
20.5 25.5
20.5 29.5
20.5 30.5
20.5 37.5
20.5 40.5
20.5 45.5
20.5 46.5
20.5 49.5
20.5 53.5
20.5 54.5
20.5 59.5
20.5 60.5
20.5 61.5
21.5 9.5
21.5 15.5
21.5 19.5
21.5 24.5
21.5 25.5
21.5 29.5
21.5 36.5
21.5 37.5
21.5 40.5
21.5 41.5
21.5 46.5
21.5 53.5
21.5 54.5
21.5 59.5
21.5 60.5
21.5 61.5
21.5 66.5
22.5 14.5
22.5 15.5
22.5 24.5
22.5 35.5
22.5 36.5
22.5 41.5
22.5 53.5
22.5 54.5
22.5 60.5
22.5 65.5
23.5 14.5
23.5 15.5
23.5 23.5
23.5 24.5
23.5 34.5
23.5 35.5
23.5 41.5
23.5 42.5
23.5 53.5
23.5 54.5
23.5 65.5
24.5 14.5
24.5 23.5
24.5 33.5
24.5 34.5
24.5 42.5
24.5 53.5
24.5 54.5
24.5 64.5
25.5 14.5
25.5 22.5
25.5 23.5
25.5 33.5
25.5 42.5
25.5 53.5
25.5 63.5
25.5 64.5
26.5 22.5
26.5 53.5
26.5 63.5
28.5 13.5
28.5 33.5
28.5 43.5
29.5 12.5
29.5 22.5
29.5 23.5
29.5 32.5
29.5 33.5
29.5 43.5
29.5 52.5
29.5 53.5
30.5 11.5
30.5 12.5
30.5 23.5
30.5 24.5
30.5 31.5
30.5 32.5
30.5 43.5
30.5 44.5
30.5 53.5
30.5 54.5
30.5 63.5
31.5 10.5
31.5 11.5
31.5 24.5
31.5 25.5
31.5 30.5
31.5 31.5
31.5 44.5
31.5 54.5
31.5 55.5
31.5 64.5
32.5 9.5
32.5 10.5
32.5 24.5
32.5 25.5
32.5 29.5
32.5 30.5
32.5 44.5
32.5 45.5
32.5 49.5
32.5 55.5
32.5 56.5
32.5 64.5
32.5 65.5
33.5 14.5
33.5 15.5
33.5 18.5
33.5 26.5
33.5 29.5
33.5 35.5
33.5 36.5
33.5 40.5
33.5 45.5
33.5 49.5
33.5 50.5
33.5 56.5
33.5 57.5
33.5 60.5
33.5 65.5
34.5 13.5
34.5 14.5
34.5 18.5
34.5 19.5
34.5 20.5
34.5 35.5
34.5 36.5
34.5 40.5
34.5 41.5
34.5 50.5
34.5 51.5
34.5 60.5
34.5 61.5
35.5 12.5
35.5 13.5
35.5 19.5
35.5 20.5
35.5 21.5
35.5 34.5
35.5 35.5
35.5 41.5
35.5 50.5
35.5 51.5
35.5 61.5
35.5 62.5
36.5 12.5
36.5 13.5
36.5 20.5
36.5 21.5
36.5 33.5
36.5 34.5
36.5 35.5
36.5 41.5
36.5 42.5
36.5 51.5
36.5 52.5
36.5 62.5
37.5 11.5
37.5 21.5
37.5 22.5
37.5 33.5
37.5 34.5
37.5 42.5
37.5 52.5
37.5 63.5
38.5 33.5
38.5 42.5
38.5 43.5
39.5 43.5
40.5 10.5
40.5 21.5
40.5 62.5
41.5 10.5
41.5 21.5
41.5 22.5
41.5 32.5
41.5 33.5
41.5 53.5
41.5 54.5
41.5 61.5
41.5 62.5
42.5 9.5
42.5 10.5
42.5 22.5
42.5 23.5
42.5 33.5
42.5 34.5
42.5 43.5
42.5 53.5
42.5 54.5
42.5 60.5
42.5 61.5
43.5 9.5
43.5 10.5
43.5 22.5
43.5 23.5
43.5 24.5
43.5 34.5
43.5 35.5
43.5 43.5
43.5 44.5
43.5 54.5
43.5 55.5
43.5 60.5
44.5 9.5
44.5 23.5
44.5 24.5
44.5 29.5
44.5 35.5
44.5 44.5
44.5 45.5
44.5 55.5
44.5 56.5
44.5 59.5
44.5 60.5
44.5 65.5
44.5 66.5
45.5 9.5
45.5 14.5
45.5 24.5
45.5 25.5
45.5 29.5
45.5 30.5
45.5 36.5
45.5 39.5
45.5 44.5
45.5 45.5
45.5 49.5
45.5 56.5
45.5 64.5
45.5 65.5
46.5 13.5
46.5 14.5
46.5 18.5
46.5 19.5
46.5 25.5
46.5 29.5
46.5 30.5
46.5 39.5
46.5 40.5
46.5 45.5
46.5 49.5
46.5 50.5
46.5 64.5
46.5 65.5
47.5 13.5
47.5 14.5
47.5 19.5
47.5 20.5
47.5 30.5
47.5 31.5
47.5 40.5
47.5 41.5
47.5 50.5
47.5 51.5
47.5 63.5
47.5 64.5
48.5 12.5
48.5 13.5
48.5 20.5
48.5 30.5
48.5 31.5
48.5 40.5
48.5 41.5
48.5 51.5
48.5 52.5
48.5 62.5
48.5 63.5
49.5 12.5
49.5 20.5
49.5 21.5
49.5 31.5
49.5 41.5
49.5 42.5
49.5 51.5
49.5 52.5
50.5 21.5
50.5 22.5
51.5 62.5
52.5 12.5
52.5 32.5
52.5 52.5
52.5 63.5
53.5 11.5
53.5 12.5
53.5 22.5
53.5 31.5
53.5 32.5
53.5 41.5
53.5 52.5
53.5 53.5
53.5 63.5
53.5 64.5
54.5 11.5
54.5 12.5
54.5 21.5
54.5 31.5
54.5 40.5
54.5 41.5
54.5 52.5
54.5 53.5
54.5 64.5
54.5 65.5
55.5 10.5
55.5 11.5
55.5 20.5
55.5 21.5
55.5 30.5
55.5 31.5
55.5 40.5
55.5 41.5
55.5 53.5
55.5 54.5
55.5 65.5
55.5 66.5
56.5 10.5
56.5 11.5
56.5 19.5
56.5 20.5
56.5 30.5
56.5 31.5
56.5 35.5
56.5 39.5
56.5 40.5
56.5 53.5
56.5 54.5
56.5 59.5
56.5 66.5
57.5 10.5
57.5 15.5
57.5 19.5
57.5 20.5
57.5 26.5
57.5 30.5
57.5 35.5
57.5 39.5
57.5 40.5
57.5 45.5
57.5 48.5
57.5 53.5
57.5 54.5
57.5 59.5
57.5 60.5
58.5 9.5
58.5 10.5
58.5 15.5
58.5 18.5
58.5 19.5
58.5 25.5
58.5 26.5
58.5 34.5
58.5 35.5
58.5 38.5
58.5 39.5
58.5 44.5
58.5 45.5
58.5 48.5
58.5 49.5
58.5 54.5
58.5 59.5
58.5 60.5
58.5 61.5
59.5 14.5
59.5 18.5
59.5 24.5
59.5 25.5
59.5 34.5
59.5 43.5
59.5 44.5
59.5 49.5
59.5 60.5
59.5 61.5
60.5 13.5
60.5 14.5
60.5 23.5
60.5 24.5
60.5 34.5
60.5 43.5
60.5 49.5
60.5 50.5
60.5 61.5
60.5 62.5
61.5 13.5
61.5 22.5
61.5 23.5
61.5 33.5
61.5 34.5
61.5 42.5
61.5 43.5
61.5 50.5
61.5 51.5
61.5 61.5
61.5 62.5
62.5 13.5
62.5 22.5
62.5 33.5
62.5 42.5
62.5 51.5
