23.5 72.5
34.5 34.5
34.5 53.5
35.5 33.5
35.5 41.5
35.5 42.5
35.5 43.5
35.5 44.5
35.5 45.5
35.5 49.5
35.5 53.5
35.5 56.5
35.5 60.5
36.5 34.5
36.5 35.5
36.5 48.5
37.5 52.5
37.5 53.5
37.5 55.5
38.5 33.5
38.5 36.5
38.5 40.5
38.5 47.5
38.5 51.5
38.5 57.5
38.5 63.5
39.5 30.5
39.5 39.5
39.5 44.5
39.5 51.5
39.5 55.5
39.5 62.5
39.5 63.5
39.5 68.5
39.5 69.5
39.5 70.5
44.5 70.5
45.5 70.5
47.5 72.5
48.5 29.5
48.5 32.5
48.5 35.5
48.5 37.5
48.5 40.5
49.5 45.5
50.5 42.5
50.5 44.5
51.5 43.5
52.5 35.5
52.5 39.5
55.5 41.5
55.5 45.5
56.5 44.5
56.5 50.5
56.5 53.5
56.5 62.5
56.5 63.5
57.5 51.5
57.5 58.5
58.5 61.5
58.5 65.5
58.5 66.5
59.5 65.5
59.5 66.5
60.5 65.5
60.5 66.5
61.5 55.5
61.5 61.5
61.5 63.5
61.5 64.5
63.5 69.5
64.5 72.5
