22.5 14.5
22.5 15.5
22.5 20.5
23.5 21.5
28.5 13.5
30.5 12.5
32.5 10.5
33.5 10.5
33.5 27.5
34.5 10.5
35.5 10.5
35.5 23.5
35.5 27.5
36.5 10.5
36.5 50.5
37.5 10.5
37.5 61.5
38.5 10.5
38.5 60.5
38.5 61.5
39.5 10.5
39.5 27.5
39.5 52.5
40.5 10.5
40.5 41.5
40.5 45.5
41.5 10.5
42.5 10.5
43.5 10.5
43.5 39.5
44.5 10.5
44.5 43.5
45.5 10.5
45.5 37.5
45.5 42.5
45.5 44.5
46.5 10.5
46.5 45.5
47.5 10.5
47.5 40.5
48.5 10.5
48.5 16.5
48.5 37.5
49.5 10.5
49.5 32.5
50.5 10.5
50.5 35.5
50.5 70.5
50.5 72.5
51.5 10.5
51.5 35.5
52.5 10.5
52.5 30.5
52.5 34.5
53.5 10.5
53.5 30.5
53.5 70.5
53.5 71.5
54.5 10.5
54.5 37.5
55.5 10.5
55.5 70.5
56.5 65.5
56.5 66.5
57.5 63.5
57.5 64.5
57.5 65.5
62.5 66.5
62.5 67.5
62.5 68.5
63.5 65.5
63.5 66.5
64.5 30.5
