15.5 48.5
16.5 37.5
16.5 42.5
18.5 33.5
18.5 36.5
19.5 32.5
19.5 34.5
19.5 38.5
23.5 38.5
26.5 30.5
26.5 33.5
27.5 27.5
27.5 64.5
28.5 31.5
28.5 58.5
28.5 69.5
29.5 17.5
29.5 21.5
29.5 65.5
29.5 67.5
30.5 59.5
31.5 27.5
31.5 56.5
31.5 57.5
31.5 64.5
31.5 68.5
31.5 69.5
32.5 15.5
33.5 18.5
36.5 20.5
36.5 45.5
37.5 13.5
37.5 18.5
37.5 43.5
37.5 45.5
40.5 13.5
40.5 33.5
40.5 37.5
40.5 68.5
40.5 69.5
43.5 29.5
43.5 67.5
44.5 32.5
45.5 32.5
45.5 34.5
45.5 64.5
47.5 32.5
48.5 41.5
48.5 50.5
49.5 40.5
49.5 57.5
50.5 34.5
50.5 39.5
50.5 40.5
50.5 48.5
51.5 41.5
51.5 43.5
51.5 48.5
51.5 55.5
53.5 32.5
53.5 41.5
55.5 35.5
58.5 31.5
59.5 39.5
60.5 30.5
60.5 35.5
62.5 33.5
62.5 34.5
62.5 48.5
63.5 50.5
