3.5 23.5
3.5 33.5
3.5 52.5
4.5 12.5
4.5 33.5
4.5 42.5
4.5 62.5
5.5 12.5
5.5 22.5
5.5 32.5
5.5 42.5
5.5 51.5
5.5 62.5
6.5 11.5
6.5 22.5
6.5 32.5
6.5 51.5
6.5 61.5
6.5 62.5
7.5 11.5
7.5 32.5
7.5 41.5
7.5 50.5
7.5 61.5
8.5 10.5
8.5 16.5
8.5 21.5
8.5 31.5
8.5 41.5
8.5 50.5
8.5 55.5
8.5 61.5
9.5 16.5
9.5 21.5
9.5 27.5
9.5 31.5
9.5 41.5
9.5 55.5
9.5 60.5
10.5 9.5
10.5 15.5
10.5 26.5
10.5 31.5
10.5 36.5
10.5 45.5
10.5 49.5
10.5 55.5
10.5 60.5
10.5 66.5
11.5 15.5
11.5 26.5
11.5 36.5
11.5 40.5
11.5 45.5
11.5 54.5
11.5 66.5
12.5 15.5
12.5 26.5
12.5 45.5
12.5 54.5
12.5 65.5
13.5 14.5
13.5 25.5
13.5 35.5
13.5 44.5
13.5 54.5
13.5 65.5
14.5 14.5
14.5 25.5
14.5 35.5
14.5 44.5
14.5 64.5
15.5 14.5
15.5 24.5
15.5 44.5
15.5 53.5
16.5 24.5
16.5 53.5
16.5 63.5
19.5 13.5
19.5 44.5
20.5 35.5
20.5 44.5
20.5 53.5
20.5 62.5
21.5 14.5
21.5 25.5
21.5 35.5
21.5 44.5
21.5 62.5
22.5 15.5
22.5 25.5
22.5 35.5
22.5 45.5
22.5 54.5
22.5 61.5
23.5 15.5
23.5 25.5
23.5 45.5
23.5 54.5
23.5 60.5
24.5 9.5
24.5 16.5
24.5 25.5
24.5 36.5
24.5 40.5
24.5 45.5
24.5 60.5
25.5 9.5
25.5 16.5
25.5 20.5
25.5 31.5
25.5 36.5
25.5 50.5
25.5 55.5
25.5 59.5
25.5 66.5
26.5 10.5
26.5 20.5
26.5 26.5
26.5 31.5
26.5 36.5
26.5 41.5
26.5 50.5
26.5 65.5
27.5 10.5
27.5 21.5
27.5 26.5
27.5 31.5
27.5 41.5
27.5 50.5
27.5 65.5
28.5 11.5
28.5 21.5
28.5 31.5
28.5 41.5
28.5 51.5
28.5 64.5
29.5 11.5
29.5 22.5
29.5 32.5
29.5 41.5
29.5 51.5
29.5 64.5
30.5 22.5
30.5 32.5
30.5 42.5
30.5 51.5
30.5 63.5
31.5 32.5
31.5 42.5
32.5 32.5
32.5 42.5
34.5 11.5
34.5 22.5
35.5 11.5
35.5 62.5
36.5 10.5
36.5 11.5
36.5 21.5
36.5 32.5
36.5 42.5
36.5 62.5
37.5 10.5
37.5 21.5
37.5 31.5
37.5 41.5
37.5 51.5
37.5 62.5
38.5 10.5
38.5 21.5
38.5 31.5
38.5 41.5
38.5 51.5
38.5 61.5
39.5 9.5
39.5 20.5
39.5 30.5
39.5 61.5
40.5 9.5
40.5 15.5
40.5 20.5
40.5 30.5
40.5 36.5
40.5 40.5
40.5 50.5
40.5 60.5
40.5 61.5
41.5 9.5
41.5 15.5
41.5 25.5
41.5 29.5
41.5 35.5
41.5 45.5
41.5 50.5
41.5 55.5
41.5 60.5
41.5 66.5
42.5 35.5
42.5 45.5
42.5 55.5
42.5 66.5
43.5 14.5
43.5 24.5
43.5 34.5
43.5 45.5
43.5 55.5
43.5 65.5
44.5 14.5
44.5 33.5
44.5 45.5
44.5 65.5
45.5 13.5
45.5 23.5
45.5 33.5
45.5 54.5
46.5 13.5
46.5 44.5
46.5 54.5
46.5 64.5
47.5 22.5
47.5 54.5
48.5 33.5
50.5 23.5
50.5 34.5
50.5 43.5
50.5 54.5
51.5 13.5
51.5 23.5
51.5 34.5
51.5 43.5
51.5 54.5
51.5 63.5
52.5 13.5
52.5 24.5
52.5 35.5
52.5 43.5
52.5 55.5
52.5 62.5
53.5 13.5
53.5 24.5
53.5 35.5
53.5 42.5
53.5 55.5
53.5 62.5
54.5 13.5
54.5 24.5
54.5 29.5
54.5 36.5
54.5 42.5
54.5 56.5
54.5 61.5
55.5 14.5
55.5 25.5
55.5 36.5
55.5 42.5
55.5 47.5
55.5 50.5
55.5 56.5
55.5 61.5
55.5 67.5
56.5 9.5
56.5 14.5
56.5 19.5
56.5 25.5
56.5 30.5
56.5 37.5
56.5 41.5
56.5 51.5
56.5 60.5
56.5 66.5
57.5 9.5
57.5 14.5
57.5 19.5
57.5 31.5
57.5 41.5
57.5 46.5
57.5 51.5
57.5 66.5
58.5 20.5
58.5 31.5
58.5 45.5
58.5 51.5
58.5 65.5
59.5 10.5
59.5 20.5
59.5 32.5
59.5 45.5
59.5 52.5
59.5 65.5
60.5 10.5
60.5 20.5
60.5 21.5
60.5 32.5
60.5 44.5
60.5 52.5
60.5 64.5
61.5 21.5
61.5 33.5
61.5 44.5
61.5 53.5
62.5 21.5
