4.5 44.5
5.5 30.5
5.5 42.5
5.5 43.5
5.5 58.5
5.5 59.5
6.5 16.5
6.5 17.5
6.5 32.5
6.5 33.5
6.5 41.5
6.5 56.5
6.5 57.5
6.5 58.5
7.5 19.5
8.5 24.5
8.5 48.5
8.5 49.5
8.5 50.5
8.5 65.5
9.5 10.5
9.5 27.5
9.5 28.5
9.5 29.5
9.5 46.5
9.5 47.5
9.5 48.5
9.5 63.5
9.5 64.5
10.5 11.5
10.5 12.5
10.5 13.5
10.5 62.5
14.5 28.5
14.5 29.5
14.5 46.5
15.5 15.5
15.5 26.5
15.5 27.5
15.5 48.5
15.5 49.5
15.5 61.5
16.5 17.5
16.5 18.5
16.5 50.5
16.5 62.5
16.5 63.5
17.5 35.5
17.5 41.5
17.5 64.5
17.5 65.5
18.5 33.5
18.5 34.5
18.5 42.5
18.5 43.5
18.5 56.5
19.5 10.5
19.5 31.5
19.5 32.5
19.5 44.5
19.5 45.5
19.5 57.5
19.5 58.5
20.5 12.5
20.5 13.5
20.5 14.5
20.5 59.5
24.5 30.5
24.5 31.5
25.5 15.5
25.5 32.5
25.5 33.5
25.5 46.5
25.5 47.5
25.5 58.5
25.5 59.5
26.5 16.5
26.5 17.5
26.5 18.5
26.5 48.5
26.5 49.5
26.5 57.5
26.5 58.5
27.5 19.5
27.5 50.5
27.5 55.5
27.5 56.5
28.5 26.5
28.5 27.5
28.5 41.5
29.5 10.5
29.5 11.5
29.5 27.5
29.5 28.5
29.5 29.5
29.5 42.5
29.5 43.5
29.5 65.5
30.5 12.5
30.5 13.5
30.5 44.5
30.5 62.5
30.5 63.5
30.5 64.5
35.5 14.5
35.5 31.5
35.5 32.5
35.5 42.5
35.5 43.5
35.5 44.5
36.5 10.5
36.5 11.5
36.5 12.5
36.5 13.5
36.5 32.5
36.5 33.5
36.5 40.5
36.5 41.5
36.5 42.5
37.5 61.5
37.5 62.5
37.5 63.5
38.5 64.5
38.5 65.5
39.5 18.5
39.5 19.5
39.5 25.5
39.5 26.5
39.5 48.5
39.5 49.5
39.5 55.5
40.5 16.5
40.5 27.5
40.5 28.5
40.5 29.5
40.5 46.5
40.5 47.5
40.5 56.5
40.5 57.5
41.5 58.5
45.5 13.5
45.5 14.5
46.5 11.5
46.5 12.5
46.5 31.5
46.5 32.5
46.5 43.5
47.5 33.5
47.5 34.5
47.5 41.5
47.5 42.5
47.5 57.5
47.5 58.5
47.5 59.5
49.5 17.5
49.5 18.5
49.5 25.5
49.5 49.5
49.5 50.5
50.5 16.5
50.5 17.5
50.5 26.5
50.5 27.5
50.5 47.5
50.5 48.5
50.5 64.5
50.5 65.5
51.5 28.5
51.5 29.5
51.5 46.5
51.5 62.5
55.5 14.5
56.5 12.5
56.5 13.5
56.5 30.5
56.5 31.5
56.5 32.5
56.5 46.5
56.5 47.5
56.5 59.5
56.5 60.5
57.5 10.5
57.5 11.5
57.5 34.5
57.5 48.5
57.5 49.5
57.5 50.5
57.5 57.5
57.5 58.5
59.5 25.5
59.5 41.5
59.5 42.5
60.5 17.5
60.5 18.5
60.5 26.5
60.5 27.5
60.5 28.5
60.5 44.5
60.5 45.5
60.5 64.5
60.5 65.5
61.5 15.5
61.5 16.5
61.5 62.5
61.5 63.5
61.5 64.5
