13.5 33.5
14.5 35.5
17.5 38.5
18.5 27.5
21.5 26.5
27.5 17.5
29.5 16.5
30.5 38.5
33.5 39.5
36.5 38.5
38.5 39.5
40.5 12.5
40.5 31.5
41.5 12.5
41.5 36.5
42.5 12.5
42.5 36.5
42.5 37.5
43.5 12.5
44.5 12.5
44.5 31.5
44.5 33.5
45.5 12.5
45.5 30.5
45.5 33.5
46.5 12.5
46.5 31.5
47.5 12.5
48.5 10.5
48.5 33.5
49.5 10.5
50.5 10.5
51.5 10.5
51.5 32.5
52.5 10.5
52.5 33.5
53.5 10.5
54.5 10.5
54.5 33.5
55.5 10.5
56.5 10.5
57.5 10.5
57.5 30.5
58.5 10.5
59.5 10.5
60.5 10.5
60.5 49.5
60.5 51.5
60.5 54.5
60.5 69.5
61.5 10.5
61.5 50.5
62.5 10.5
62.5 53.5
63.5 10.5
63.5 52.5
64.5 10.5
