3.5 17.5
3.5 18.5
3.5 19.5
3.5 39.5
4.5 15.5
4.5 16.5
4.5 17.5
4.5 36.5
4.5 37.5
4.5 38.5
4.5 60.5
4.5 61.5
5.5 12.5
5.5 13.5
5.5 14.5
5.5 15.5
5.5 34.5
5.5 35.5
5.5 36.5
5.5 56.5
5.5 57.5
5.5 58.5
5.5 59.5
6.5 10.5
6.5 11.5
6.5 12.5
6.5 13.5
6.5 31.5
6.5 32.5
6.5 33.5
6.5 34.5
6.5 54.5
6.5 55.5
6.5 56.5
6.5 57.5
7.5 8.5
7.5 9.5
7.5 10.5
7.5 25.5
7.5 26.5
7.5 30.5
7.5 31.5
7.5 32.5
7.5 51.5
7.5 52.5
7.5 53.5
7.5 54.5
8.5 22.5
8.5 23.5
8.5 24.5
8.5 28.5
8.5 29.5
8.5 46.5
8.5 47.5
8.5 49.5
8.5 50.5
8.5 51.5
8.5 66.5
8.5 67.5
9.5 20.5
9.5 21.5
9.5 22.5
9.5 23.5
9.5 43.5
9.5 44.5
9.5 45.5
9.5 46.5
9.5 64.5
9.5 65.5
10.5 18.5
10.5 19.5
10.5 20.5
10.5 21.5
10.5 40.5
10.5 41.5
10.5 42.5
10.5 43.5
10.5 61.5
10.5 62.5
10.5 63.5
11.5 17.5
11.5 18.5
11.5 37.5
11.5 38.5
11.5 39.5
11.5 40.5
11.5 41.5
11.5 59.5
11.5 60.5
11.5 61.5
12.5 15.5
12.5 16.5
12.5 35.5
12.5 36.5
12.5 37.5
12.5 57.5
12.5 58.5
12.5 59.5
13.5 56.5
16.5 18.5
16.5 19.5
16.5 56.5
17.5 15.5
17.5 16.5
17.5 17.5
17.5 38.5
17.5 39.5
17.5 40.5
17.5 58.5
17.5 59.5
17.5 60.5
18.5 13.5
18.5 14.5
18.5 15.5
18.5 34.5
18.5 35.5
18.5 36.5
18.5 37.5
18.5 38.5
18.5 60.5
18.5 61.5
18.5 62.5
18.5 63.5
19.5 11.5
19.5 12.5
19.5 13.5
19.5 31.5
19.5 32.5
19.5 33.5
19.5 34.5
19.5 35.5
19.5 63.5
19.5 64.5
19.5 65.5
20.5 9.5
20.5 10.5
20.5 27.5
20.5 29.5
20.5 30.5
20.5 31.5
20.5 46.5
20.5 47.5
20.5 66.5
20.5 67.5
21.5 23.5
21.5 24.5
21.5 25.5
21.5 44.5
21.5 45.5
21.5 50.5
21.5 51.5
21.5 52.5
22.5 20.5
22.5 21.5
22.5 22.5
22.5 23.5
22.5 41.5
22.5 42.5
22.5 43.5
22.5 53.5
22.5 54.5
22.5 55.5
22.5 56.5
23.5 17.5
23.5 18.5
23.5 19.5
23.5 20.5
23.5 39.5
23.5 40.5
23.5 41.5
23.5 56.5
23.5 57.5
23.5 58.5
23.5 59.5
24.5 15.5
24.5 16.5
24.5 17.5
24.5 37.5
24.5 38.5
24.5 60.5
24.5 61.5
28.5 20.5
28.5 38.5
28.5 39.5
28.5 59.5
28.5 60.5
28.5 61.5
29.5 17.5
29.5 18.5
29.5 19.5
29.5 36.5
29.5 37.5
29.5 38.5
29.5 56.5
29.5 57.5
29.5 58.5
29.5 59.5
30.5 14.5
30.5 15.5
30.5 16.5
30.5 17.5
30.5 34.5
30.5 35.5
30.5 36.5
30.5 54.5
30.5 55.5
30.5 56.5
30.5 57.5
31.5 12.5
31.5 13.5
31.5 14.5
31.5 15.5
31.5 32.5
31.5 33.5
31.5 34.5
31.5 51.5
31.5 52.5
31.5 53.5
31.5 54.5
32.5 10.5
32.5 11.5
32.5 12.5
32.5 27.5
32.5 28.5
32.5 30.5
32.5 31.5
32.5 32.5
32.5 46.5
32.5 47.5
32.5 49.5
32.5 50.5
32.5 51.5
32.5 68.5
33.5 8.5
33.5 9.5
33.5 24.5
33.5 25.5
33.5 26.5
33.5 43.5
33.5 44.5
33.5 45.5
33.5 65.5
33.5 66.5
33.5 67.5
34.5 22.5
34.5 23.5
34.5 24.5
34.5 41.5
34.5 42.5
34.5 43.5
34.5 62.5
34.5 63.5
34.5 64.5
34.5 65.5
35.5 19.5
35.5 20.5
35.5 21.5
35.5 22.5
35.5 39.5
35.5 40.5
35.5 41.5
35.5 60.5
35.5 61.5
35.5 62.5
35.5 63.5
36.5 17.5
36.5 18.5
36.5 19.5
36.5 37.5
36.5 38.5
36.5 39.5
36.5 58.5
36.5 59.5
36.5 60.5
37.5 16.5
37.5 17.5
37.5 56.5
37.5 57.5
40.5 36.5
41.5 16.5
41.5 17.5
41.5 37.5
41.5 38.5
41.5 39.5
41.5 59.5
41.5 60.5
41.5 61.5
42.5 17.5
42.5 18.5
42.5 19.5
42.5 39.5
42.5 40.5
42.5 41.5
42.5 42.5
42.5 56.5
42.5 57.5
42.5 58.5
42.5 59.5
43.5 19.5
43.5 20.5
43.5 21.5
43.5 22.5
43.5 42.5
43.5 43.5
43.5 44.5
43.5 53.5
43.5 54.5
43.5 55.5
43.5 56.5
44.5 21.5
44.5 22.5
44.5 23.5
44.5 24.5
44.5 44.5
44.5 45.5
44.5 46.5
44.5 51.5
44.5 52.5
44.5 53.5
45.5 23.5
45.5 24.5
45.5 25.5
45.5 26.5
45.5 29.5
45.5 48.5
45.5 49.5
46.5 9.5
46.5 10.5
46.5 11.5
46.5 26.5
46.5 27.5
46.5 30.5
46.5 31.5
46.5 32.5
46.5 33.5
46.5 64.5
46.5 65.5
46.5 66.5
46.5 67.5
47.5 11.5
47.5 12.5
47.5 13.5
47.5 32.5
47.5 33.5
47.5 34.5
47.5 35.5
47.5 36.5
47.5 61.5
47.5 62.5
47.5 63.5
47.5 64.5
47.5 65.5
48.5 13.5
48.5 14.5
48.5 15.5
48.5 35.5
48.5 36.5
48.5 37.5
48.5 38.5
48.5 39.5
48.5 58.5
48.5 59.5
48.5 60.5
48.5 61.5
48.5 62.5
49.5 15.5
49.5 16.5
49.5 17.5
49.5 39.5
49.5 40.5
49.5 41.5
49.5 56.5
49.5 57.5
49.5 58.5
50.5 18.5
50.5 19.5
54.5 19.5
54.5 20.5
54.5 35.5
54.5 36.5
54.5 37.5
54.5 57.5
54.5 58.5
54.5 59.5
54.5 60.5
55.5 13.5
55.5 14.5
55.5 15.5
55.5 16.5
55.5 17.5
55.5 18.5
55.5 37.5
55.5 38.5
55.5 39.5
55.5 40.5
55.5 41.5
55.5 54.5
55.5 55.5
55.5 56.5
55.5 57.5
55.5 58.5
56.5 9.5
56.5 10.5
56.5 11.5
56.5 12.5
56.5 13.5
56.5 40.5
56.5 41.5
56.5 42.5
56.5 43.5
56.5 44.5
56.5 52.5
56.5 53.5
56.5 54.5
56.5 55.5
57.5 44.5
57.5 45.5
57.5 46.5
57.5 49.5
57.5 50.5
57.5 51.5
57.5 52.5
58.5 23.5
58.5 24.5
58.5 25.5
58.5 26.5
58.5 29.5
58.5 30.5
58.5 67.5
58.5 68.5
59.5 19.5
59.5 20.5
59.5 21.5
59.5 22.5
59.5 31.5
59.5 32.5
59.5 33.5
59.5 63.5
59.5 64.5
59.5 65.5
59.5 66.5
60.5 16.5
60.5 17.5
60.5 18.5
60.5 34.5
60.5 35.5
60.5 36.5
60.5 60.5
60.5 61.5
60.5 62.5
60.5 63.5
61.5 37.5
61.5 38.5
61.5 57.5
61.5 58.5
61.5 59.5
61.5 60.5
62.5 40.5
62.5 55.5
62.5 56.5
62.5 57.5
