2.5 12.5
2.5 13.5
2.5 22.5
2.5 23.5
2.5 32.5
2.5 40.5
2.5 52.5
2.5 62.5
3.5 13.5
3.5 22.5
3.5 32.5
3.5 41.5
3.5 51.5
3.5 52.5
3.5 61.5
3.5 62.5
4.5 13.5
4.5 14.5
4.5 21.5
4.5 22.5
4.5 29.5
4.5 32.5
4.5 41.5
4.5 42.5
4.5 43.5
4.5 50.5
4.5 51.5
4.5 56.5
4.5 61.5
4.5 62.5
5.5 8.5
5.5 14.5
5.5 21.5
5.5 28.5
5.5 31.5
5.5 32.5
5.5 42.5
5.5 43.5
5.5 44.5
5.5 50.5
5.5 55.5
5.5 56.5
5.5 61.5
5.5 62.5
6.5 8.5
6.5 9.5
6.5 14.5
6.5 15.5
6.5 20.5
6.5 21.5
6.5 27.5
6.5 28.5
6.5 31.5
6.5 32.5
6.5 43.5
6.5 44.5
6.5 45.5
6.5 49.5
6.5 50.5
6.5 55.5
6.5 56.5
6.5 60.5
6.5 61.5
6.5 62.5
7.5 9.5
7.5 10.5
7.5 15.5
7.5 20.5
7.5 26.5
7.5 27.5
7.5 31.5
7.5 32.5
7.5 36.5
7.5 37.5
7.5 45.5
7.5 46.5
7.5 49.5
7.5 54.5
7.5 55.5
7.5 60.5
7.5 61.5
7.5 67.5
7.5 68.5
8.5 9.5
8.5 10.5
8.5 15.5
8.5 16.5
8.5 19.5
8.5 20.5
8.5 26.5
8.5 27.5
8.5 31.5
8.5 35.5
8.5 37.5
8.5 38.5
8.5 39.5
8.5 46.5
8.5 47.5
8.5 48.5
8.5 54.5
8.5 55.5
8.5 60.5
8.5 61.5
8.5 67.5
9.5 10.5
9.5 11.5
9.5 16.5
9.5 19.5
9.5 25.5
9.5 26.5
9.5 31.5
9.5 34.5
9.5 39.5
9.5 40.5
9.5 41.5
9.5 47.5
9.5 54.5
9.5 55.5
9.5 60.5
9.5 61.5
9.5 66.5
10.5 11.5
10.5 12.5
10.5 17.5
10.5 18.5
10.5 19.5
10.5 24.5
10.5 25.5
10.5 31.5
10.5 34.5
10.5 41.5
10.5 42.5
10.5 53.5
10.5 54.5
10.5 60.5
10.5 65.5
10.5 66.5
11.5 11.5
11.5 12.5
11.5 17.5
11.5 18.5
11.5 24.5
11.5 25.5
11.5 31.5
11.5 32.5
11.5 33.5
11.5 43.5
11.5 44.5
11.5 53.5
11.5 54.5
11.5 59.5
11.5 60.5
11.5 64.5
11.5 65.5
12.5 12.5
12.5 13.5
12.5 23.5
12.5 24.5
12.5 43.5
12.5 53.5
12.5 54.5
12.5 64.5
13.5 13.5
13.5 22.5
13.5 23.5
13.5 33.5
13.5 42.5
13.5 43.5
13.5 50.5
13.5 53.5
13.5 63.5
14.5 10.5
14.5 13.5
14.5 14.5
14.5 22.5
14.5 33.5
14.5 41.5
14.5 42.5
14.5 51.5
14.5 52.5
14.5 53.5
14.5 62.5
14.5 63.5
14.5 64.5
15.5 11.5
15.5 12.5
15.5 14.5
15.5 21.5
15.5 34.5
15.5 40.5
15.5 41.5
15.5 52.5
15.5 53.5
15.5 54.5
15.5 64.5
16.5 12.5
16.5 13.5
16.5 20.5
16.5 21.5
16.5 22.5
16.5 23.5
16.5 24.5
16.5 34.5
16.5 39.5
16.5 40.5
16.5 47.5
16.5 49.5
16.5 54.5
16.5 55.5
16.5 64.5
16.5 65.5
17.5 7.5
17.5 8.5
17.5 13.5
17.5 14.5
17.5 15.5
17.5 16.5
17.5 23.5
17.5 24.5
17.5 25.5
17.5 26.5
17.5 27.5
17.5 28.5
17.5 29.5
17.5 35.5
17.5 38.5
17.5 39.5
17.5 46.5
17.5 47.5
17.5 49.5
17.5 50.5
17.5 55.5
17.5 56.5
17.5 58.5
17.5 64.5
17.5 65.5
18.5 8.5
18.5 9.5
18.5 15.5
18.5 16.5
18.5 17.5
18.5 18.5
18.5 26.5
18.5 27.5
18.5 28.5
18.5 29.5
18.5 30.5
18.5 35.5
18.5 37.5
18.5 38.5
18.5 45.5
18.5 46.5
18.5 50.5
18.5 51.5
18.5 57.5
18.5 58.5
18.5 59.5
18.5 65.5
19.5 9.5
19.5 10.5
19.5 17.5
19.5 18.5
19.5 19.5
19.5 30.5
19.5 31.5
19.5 36.5
19.5 37.5
19.5 45.5
19.5 46.5
19.5 50.5
19.5 51.5
19.5 59.5
19.5 60.5
19.5 65.5
19.5 66.5
20.5 11.5
20.5 12.5
20.5 20.5
20.5 21.5
20.5 31.5
20.5 32.5
20.5 36.5
20.5 44.5
20.5 45.5
20.5 51.5
20.5 52.5
20.5 61.5
20.5 66.5
21.5 12.5
21.5 13.5
21.5 21.5
21.5 22.5
21.5 32.5
21.5 33.5
21.5 43.5
21.5 44.5
21.5 45.5
21.5 52.5
21.5 62.5
21.5 66.5
22.5 12.5
22.5 22.5
22.5 23.5
22.5 33.5
22.5 34.5
22.5 43.5
22.5 44.5
22.5 52.5
22.5 53.5
22.5 62.5
22.5 63.5
23.5 11.5
23.5 12.5
23.5 22.5
23.5 34.5
23.5 42.5
23.5 43.5
23.5 53.5
23.5 62.5
23.5 63.5
24.5 10.5
24.5 11.5
24.5 21.5
24.5 22.5
24.5 33.5
24.5 34.5
24.5 42.5
24.5 43.5
24.5 53.5
24.5 54.5
24.5 62.5
25.5 9.5
25.5 10.5
25.5 20.5
25.5 21.5
25.5 31.5
25.5 32.5
25.5 42.5
25.5 45.5
25.5 46.5
25.5 53.5
25.5 54.5
25.5 61.5
25.5 62.5
26.5 8.5
26.5 9.5
26.5 16.5
26.5 17.5
26.5 20.5
26.5 21.5
26.5 27.5
26.5 29.5
26.5 30.5
26.5 31.5
26.5 37.5
26.5 42.5
26.5 43.5
26.5 44.5
26.5 54.5
26.5 55.5
26.5 60.5
26.5 61.5
27.5 7.5
27.5 8.5
27.5 15.5
27.5 16.5
27.5 19.5
27.5 20.5
27.5 26.5
27.5 28.5
27.5 29.5
27.5 30.5
27.5 35.5
27.5 36.5
27.5 40.5
27.5 41.5
27.5 42.5
27.5 54.5
27.5 55.5
27.5 60.5
27.5 66.5
28.5 7.5
28.5 14.5
28.5 15.5
28.5 19.5
28.5 25.5
28.5 27.5
28.5 28.5
28.5 34.5
28.5 35.5
28.5 38.5
28.5 39.5
28.5 40.5
28.5 49.5
28.5 50.5
28.5 55.5
28.5 56.5
28.5 59.5
28.5 60.5
28.5 65.5
28.5 66.5
29.5 12.5
29.5 13.5
29.5 14.5
29.5 18.5
29.5 19.5
29.5 24.5
29.5 25.5
29.5 26.5
29.5 34.5
29.5 36.5
29.5 37.5
29.5 38.5
29.5 47.5
29.5 48.5
29.5 49.5
29.5 50.5
29.5 51.5
29.5 56.5
29.5 59.5
29.5 64.5
29.5 65.5
30.5 11.5
30.5 12.5
30.5 13.5
30.5 18.5
30.5 23.5
30.5 24.5
30.5 33.5
30.5 44.5
30.5 45.5
30.5 46.5
30.5 47.5
30.5 51.5
30.5 52.5
30.5 57.5
30.5 58.5
30.5 63.5
30.5 64.5
31.5 11.5
31.5 12.5
31.5 22.5
31.5 23.5
31.5 32.5
31.5 42.5
31.5 43.5
31.5 44.5
31.5 53.5
31.5 62.5
31.5 63.5
32.5 10.5
32.5 21.5
32.5 22.5
32.5 31.5
32.5 33.5
32.5 40.5
32.5 41.5
32.5 54.5
32.5 61.5
32.5 62.5
33.5 11.5
33.5 12.5
33.5 21.5
33.5 22.5
33.5 32.5
33.5 39.5
33.5 52.5
33.5 53.5
33.5 61.5
33.5 64.5
34.5 7.5
34.5 12.5
34.5 13.5
34.5 23.5
34.5 31.5
34.5 32.5
34.5 40.5
34.5 41.5
34.5 53.5
34.5 63.5
35.5 8.5
35.5 13.5
35.5 14.5
35.5 23.5
35.5 24.5
35.5 30.5
35.5 31.5
35.5 41.5
35.5 42.5
35.5 43.5
35.5 54.5
35.5 61.5
35.5 62.5
36.5 8.5
36.5 9.5
36.5 14.5
36.5 15.5
36.5 18.5
36.5 24.5
36.5 25.5
36.5 29.5
36.5 30.5
36.5 35.5
36.5 36.5
36.5 42.5
36.5 43.5
36.5 44.5
36.5 45.5
36.5 48.5
36.5 49.5
36.5 55.5
36.5 60.5
36.5 61.5
37.5 9.5
37.5 15.5
37.5 16.5
37.5 19.5
37.5 25.5
37.5 26.5
37.5 28.5
37.5 29.5
37.5 34.5
37.5 35.5
37.5 36.5
37.5 37.5
37.5 44.5
37.5 45.5
37.5 46.5
37.5 49.5
37.5 50.5
37.5 56.5
37.5 59.5
37.5 60.5
37.5 67.5
37.5 68.5
38.5 9.5
38.5 10.5
38.5 16.5
38.5 17.5
38.5 20.5
38.5 26.5
38.5 27.5
38.5 28.5
38.5 33.5
38.5 34.5
38.5 37.5
38.5 38.5
38.5 46.5
38.5 47.5
38.5 50.5
38.5 51.5
38.5 57.5
38.5 58.5
38.5 59.5
38.5 65.5
38.5 66.5
38.5 67.5
39.5 10.5
39.5 11.5
39.5 18.5
39.5 20.5
39.5 21.5
39.5 27.5
39.5 32.5
39.5 33.5
39.5 38.5
39.5 39.5
39.5 47.5
39.5 48.5
39.5 49.5
39.5 50.5
39.5 51.5
39.5 52.5
39.5 57.5
39.5 58.5
39.5 63.5
39.5 64.5
39.5 65.5
40.5 11.5
40.5 12.5
40.5 21.5
40.5 22.5
40.5 31.5
40.5 32.5
40.5 39.5
40.5 40.5
40.5 41.5
40.5 51.5
40.5 52.5
40.5 62.5
40.5 63.5
40.5 64.5
41.5 11.5
41.5 12.5
41.5 22.5
41.5 23.5
41.5 30.5
41.5 31.5
41.5 41.5
41.5 42.5
41.5 52.5
41.5 53.5
41.5 61.5
41.5 62.5
42.5 12.5
42.5 13.5
42.5 23.5
42.5 30.5
42.5 32.5
42.5 42.5
42.5 43.5
42.5 50.5
42.5 53.5
42.5 54.5
42.5 61.5
42.5 62.5
43.5 11.5
43.5 13.5
43.5 22.5
43.5 23.5
43.5 31.5
43.5 32.5
43.5 43.5
43.5 51.5
43.5 52.5
43.5 62.5
43.5 63.5
44.5 12.5
44.5 14.5
44.5 22.5
44.5 27.5
44.5 31.5
44.5 43.5
44.5 44.5
44.5 52.5
44.5 53.5
44.5 63.5
45.5 12.5
45.5 13.5
45.5 21.5
45.5 26.5
45.5 30.5
45.5 31.5
45.5 41.5
45.5 42.5
45.5 43.5
45.5 53.5
45.5 54.5
45.5 58.5
45.5 63.5
45.5 64.5
46.5 13.5
46.5 14.5
46.5 20.5
46.5 21.5
46.5 26.5
46.5 29.5
46.5 30.5
46.5 37.5
46.5 38.5
46.5 39.5
46.5 40.5
46.5 41.5
46.5 46.5
46.5 53.5
46.5 54.5
46.5 55.5
46.5 59.5
46.5 64.5
46.5 65.5
47.5 7.5
47.5 14.5
47.5 15.5
47.5 20.5
47.5 25.5
47.5 26.5
47.5 29.5
47.5 30.5
47.5 36.5
47.5 37.5
47.5 38.5
47.5 39.5
47.5 45.5
47.5 46.5
47.5 47.5
47.5 54.5
47.5 55.5
47.5 56.5
47.5 59.5
47.5 60.5
47.5 65.5
47.5 66.5
48.5 8.5
48.5 9.5
48.5 15.5
48.5 16.5
48.5 19.5
48.5 20.5
48.5 24.5
48.5 25.5
48.5 29.5
48.5 35.5
48.5 36.5
48.5 45.5
48.5 48.5
48.5 49.5
48.5 55.5
48.5 56.5
48.5 60.5
48.5 66.5
48.5 67.5
49.5 9.5
49.5 10.5
49.5 17.5
49.5 19.5
49.5 24.5
49.5 25.5
49.5 28.5
49.5 33.5
49.5 34.5
49.5 35.5
49.5 44.5
49.5 45.5
49.5 49.5
49.5 50.5
49.5 56.5
49.5 57.5
49.5 60.5
49.5 61.5
49.5 67.5
50.5 11.5
50.5 12.5
50.5 18.5
50.5 23.5
50.5 24.5
50.5 28.5
50.5 32.5
50.5 33.5
50.5 34.5
50.5 44.5
50.5 50.5
50.5 51.5
50.5 57.5
50.5 58.5
50.5 61.5
50.5 68.5
51.5 12.5
51.5 13.5
51.5 23.5
51.5 31.5
51.5 32.5
51.5 43.5
51.5 44.5
51.5 51.5
51.5 52.5
51.5 61.5
51.5 62.5
52.5 11.5
52.5 14.5
52.5 15.5
52.5 22.5
52.5 23.5
52.5 31.5
52.5 43.5
52.5 52.5
52.5 53.5
52.5 62.5
53.5 11.5
53.5 12.5
53.5 16.5
53.5 21.5
53.5 22.5
53.5 32.5
53.5 33.5
53.5 42.5
53.5 43.5
53.5 53.5
53.5 54.5
53.5 61.5
53.5 63.5
54.5 12.5
54.5 22.5
54.5 23.5
54.5 33.5
54.5 34.5
54.5 42.5
54.5 43.5
54.5 55.5
54.5 62.5
54.5 63.5
55.5 12.5
55.5 13.5
55.5 23.5
55.5 24.5
55.5 34.5
55.5 35.5
55.5 42.5
55.5 53.5
55.5 54.5
55.5 63.5
55.5 64.5
56.5 13.5
56.5 14.5
56.5 24.5
56.5 25.5
56.5 27.5
56.5 35.5
56.5 36.5
56.5 37.5
56.5 41.5
56.5 42.5
56.5 52.5
56.5 53.5
56.5 63.5
56.5 64.5
57.5 7.5
57.5 14.5
57.5 15.5
57.5 17.5
57.5 25.5
57.5 26.5
57.5 28.5
57.5 29.5
57.5 36.5
57.5 37.5
57.5 38.5
57.5 41.5
57.5 46.5
57.5 47.5
57.5 50.5
57.5 51.5
57.5 52.5
57.5 58.5
57.5 59.5
57.5 64.5
57.5 65.5
58.5 7.5
58.5 8.5
58.5 14.5
58.5 15.5
58.5 18.5
58.5 19.5
58.5 26.5
58.5 27.5
58.5 29.5
58.5 30.5
58.5 37.5
58.5 38.5
58.5 39.5
58.5 41.5
58.5 46.5
58.5 49.5
58.5 50.5
58.5 51.5
58.5 57.5
58.5 58.5
58.5 59.5
58.5 60.5
58.5 65.5
58.5 66.5
59.5 8.5
59.5 9.5
59.5 15.5
59.5 16.5
59.5 19.5
59.5 20.5
59.5 21.5
59.5 28.5
59.5 31.5
59.5 32.5
59.5 39.5
59.5 40.5
59.5 45.5
59.5 48.5
59.5 49.5
59.5 56.5
59.5 57.5
59.5 60.5
59.5 61.5
59.5 66.5
60.5 9.5
60.5 10.5
60.5 16.5
60.5 20.5
60.5 21.5
60.5 22.5
60.5 32.5
60.5 33.5
60.5 40.5
60.5 44.5
60.5 45.5
60.5 47.5
60.5 55.5
60.5 56.5
60.5 61.5
60.5 62.5
60.5 67.5
61.5 10.5
61.5 11.5
61.5 17.5
61.5 21.5
61.5 22.5
61.5 23.5
61.5 33.5
61.5 34.5
61.5 35.5
61.5 43.5
61.5 44.5
61.5 53.5
61.5 54.5
61.5 55.5
61.5 62.5
61.5 63.5
62.5 10.5
62.5 11.5
62.5 23.5
62.5 24.5
62.5 35.5
62.5 36.5
62.5 43.5
62.5 52.5
62.5 53.5
62.5 63.5
63.5 11.5
63.5 12.5
63.5 42.5
63.5 51.5
63.5 52.5
63.5 64.5
