3.5 38.5
4.5 26.5
4.5 39.5
4.5 49.5
5.5 13.5
5.5 26.5
5.5 27.5
5.5 39.5
5.5 40.5
5.5 50.5
5.5 51.5
5.5 62.5
5.5 63.5
6.5 11.5
6.5 12.5
6.5 27.5
6.5 28.5
6.5 40.5
6.5 51.5
6.5 52.5
6.5 63.5
6.5 64.5
6.5 65.5
7.5 10.5
7.5 11.5
7.5 12.5
7.5 27.5
7.5 28.5
7.5 29.5
7.5 40.5
7.5 41.5
7.5 52.5
7.5 64.5
7.5 65.5
7.5 66.5
8.5 10.5
8.5 28.5
8.5 29.5
8.5 34.5
8.5 41.5
8.5 46.5
8.5 53.5
9.5 17.5
9.5 18.5
9.5 22.5
9.5 34.5
9.5 35.5
9.5 46.5
9.5 47.5
9.5 57.5
9.5 58.5
10.5 16.5
10.5 17.5
10.5 22.5
10.5 23.5
10.5 35.5
10.5 36.5
10.5 47.5
10.5 48.5
10.5 58.5
10.5 59.5
11.5 15.5
11.5 16.5
11.5 23.5
11.5 24.5
11.5 35.5
11.5 36.5
11.5 48.5
11.5 59.5
11.5 60.5
12.5 14.5
12.5 15.5
12.5 24.5
12.5 25.5
12.5 36.5
12.5 37.5
12.5 49.5
12.5 61.5
13.5 25.5
16.5 49.5
16.5 61.5
17.5 14.5
17.5 15.5
17.5 26.5
17.5 37.5
17.5 38.5
17.5 48.5
17.5 60.5
18.5 15.5
18.5 16.5
18.5 26.5
18.5 27.5
18.5 38.5
18.5 39.5
18.5 47.5
18.5 48.5
18.5 59.5
18.5 60.5
19.5 16.5
19.5 27.5
19.5 39.5
19.5 40.5
19.5 46.5
19.5 47.5
19.5 59.5
19.5 60.5
20.5 17.5
20.5 28.5
20.5 40.5
20.5 41.5
20.5 46.5
20.5 59.5
21.5 10.5
21.5 22.5
21.5 28.5
21.5 41.5
21.5 53.5
21.5 58.5
21.5 65.5
22.5 10.5
22.5 11.5
22.5 22.5
22.5 23.5
22.5 33.5
22.5 34.5
22.5 52.5
22.5 53.5
22.5 64.5
22.5 65.5
23.5 11.5
23.5 23.5
23.5 34.5
23.5 35.5
23.5 36.5
23.5 51.5
23.5 52.5
23.5 63.5
23.5 64.5
24.5 11.5
24.5 12.5
24.5 24.5
24.5 35.5
24.5 36.5
24.5 37.5
24.5 51.5
24.5 52.5
24.5 63.5
25.5 12.5
25.5 37.5
25.5 51.5
29.5 12.5
29.5 24.5
29.5 63.5
30.5 11.5
30.5 12.5
30.5 23.5
30.5 36.5
30.5 37.5
30.5 49.5
30.5 50.5
30.5 63.5
30.5 64.5
31.5 10.5
31.5 11.5
31.5 22.5
31.5 23.5
31.5 34.5
31.5 35.5
31.5 36.5
31.5 47.5
31.5 48.5
31.5 49.5
31.5 64.5
31.5 65.5
32.5 9.5
32.5 10.5
32.5 21.5
32.5 22.5
32.5 34.5
32.5 35.5
32.5 46.5
32.5 47.5
32.5 65.5
32.5 66.5
33.5 16.5
33.5 21.5
33.5 22.5
33.5 41.5
34.5 15.5
34.5 21.5
34.5 28.5
34.5 29.5
34.5 40.5
34.5 41.5
34.5 54.5
34.5 59.5
35.5 14.5
35.5 15.5
35.5 27.5
35.5 28.5
35.5 39.5
35.5 40.5
35.5 52.5
35.5 53.5
35.5 59.5
35.5 60.5
36.5 14.5
36.5 15.5
36.5 26.5
36.5 27.5
36.5 39.5
36.5 51.5
36.5 52.5
36.5 60.5
36.5 61.5
37.5 13.5
37.5 14.5
37.5 25.5
37.5 26.5
37.5 50.5
37.5 51.5
37.5 61.5
37.5 62.5
41.5 37.5
42.5 12.5
42.5 26.5
42.5 36.5
42.5 37.5
42.5 49.5
42.5 50.5
42.5 62.5
42.5 63.5
43.5 11.5
43.5 12.5
43.5 26.5
43.5 27.5
43.5 28.5
43.5 29.5
43.5 36.5
43.5 48.5
43.5 49.5
43.5 62.5
43.5 63.5
44.5 10.5
44.5 11.5
44.5 28.5
44.5 29.5
44.5 30.5
44.5 35.5
44.5 36.5
44.5 47.5
44.5 48.5
44.5 63.5
44.5 64.5
45.5 10.5
45.5 11.5
45.5 30.5
45.5 31.5
45.5 35.5
45.5 41.5
45.5 46.5
45.5 47.5
45.5 63.5
45.5 64.5
46.5 17.5
46.5 21.5
46.5 40.5
46.5 41.5
46.5 58.5
46.5 64.5
47.5 16.5
47.5 22.5
47.5 23.5
47.5 40.5
47.5 41.5
47.5 53.5
47.5 54.5
47.5 59.5
48.5 14.5
48.5 15.5
48.5 24.5
48.5 25.5
48.5 39.5
48.5 40.5
48.5 52.5
48.5 53.5
48.5 60.5
49.5 14.5
49.5 26.5
49.5 39.5
49.5 51.5
49.5 60.5
49.5 61.5
50.5 61.5
53.5 14.5
53.5 26.5
54.5 14.5
54.5 15.5
54.5 26.5
54.5 27.5
54.5 28.5
54.5 40.5
54.5 51.5
54.5 52.5
54.5 61.5
55.5 15.5
55.5 16.5
55.5 28.5
55.5 29.5
55.5 40.5
55.5 41.5
55.5 52.5
55.5 53.5
55.5 60.5
56.5 16.5
56.5 29.5
56.5 30.5
56.5 41.5
56.5 42.5
56.5 53.5
56.5 54.5
56.5 59.5
57.5 21.5
57.5 22.5
57.5 34.5
57.5 42.5
58.5 10.5
58.5 11.5
58.5 22.5
58.5 23.5
58.5 35.5
58.5 36.5
58.5 47.5
58.5 48.5
59.5 10.5
59.5 11.5
59.5 23.5
59.5 24.5
59.5 36.5
59.5 37.5
59.5 48.5
59.5 49.5
59.5 63.5
59.5 64.5
59.5 65.5
60.5 11.5
60.5 12.5
60.5 24.5
60.5 25.5
60.5 37.5
60.5 38.5
60.5 49.5
60.5 50.5
60.5 62.5
60.5 63.5
60.5 64.5
61.5 12.5
61.5 50.5
61.5 62.5
62.5 12.5
