11.5 36.5
12.5 45.5
13.5 48.5
14.5 47.5
15.5 47.5
17.5 33.5
18.5 35.5
18.5 46.5
19.5 35.5
20.5 54.5
22.5 36.5
22.5 37.5
23.5 54.5
25.5 56.5
26.5 59.5
27.5 22.5
28.5 24.5
29.5 25.5
29.5 58.5
31.5 15.5
32.5 32.5
32.5 33.5
32.5 36.5
33.5 37.5
35.5 35.5
37.5 65.5
37.5 71.5
38.5 37.5
40.5 42.5
41.5 38.5
41.5 43.5
41.5 44.5
41.5 45.5
42.5 12.5
42.5 38.5
42.5 43.5
43.5 44.5
44.5 13.5
45.5 45.5
46.5 39.5
46.5 41.5
47.5 13.5
47.5 38.5
48.5 48.5
48.5 63.5
49.5 13.5
49.5 62.5
50.5 58.5
50.5 64.5
51.5 13.5
51.5 38.5
51.5 64.5
52.5 57.5
53.5 45.5
53.5 62.5
53.5 66.5
53.5 68.5
55.5 45.5
57.5 15.5
58.5 19.5
58.5 46.5
59.5 71.5
61.5 46.5
