3.5 49.5
3.5 61.5
4.5 13.5
4.5 26.5
4.5 38.5
4.5 49.5
4.5 61.5
5.5 14.5
5.5 25.5
5.5 38.5
5.5 39.5
5.5 48.5
5.5 49.5
5.5 60.5
5.5 61.5
6.5 15.5
6.5 24.5
6.5 39.5
6.5 48.5
6.5 60.5
7.5 15.5
7.5 16.5
7.5 23.5
7.5 39.5
7.5 40.5
7.5 48.5
7.5 60.5
8.5 9.5
8.5 16.5
8.5 22.5
8.5 40.5
8.5 47.5
8.5 54.5
8.5 59.5
8.5 60.5
9.5 9.5
9.5 17.5
9.5 21.5
9.5 29.5
9.5 33.5
9.5 41.5
9.5 47.5
9.5 54.5
9.5 59.5
10.5 10.5
10.5 28.5
10.5 29.5
10.5 34.5
10.5 41.5
10.5 46.5
10.5 53.5
10.5 59.5
10.5 65.5
11.5 10.5
11.5 11.5
11.5 28.5
11.5 34.5
11.5 35.5
11.5 42.5
11.5 46.5
11.5 53.5
11.5 65.5
12.5 11.5
12.5 27.5
12.5 28.5
12.5 35.5
12.5 52.5
12.5 53.5
12.5 64.5
13.5 11.5
13.5 26.5
13.5 27.5
13.5 36.5
13.5 52.5
13.5 64.5
14.5 12.5
14.5 26.5
14.5 36.5
14.5 52.5
14.5 63.5
15.5 12.5
15.5 26.5
15.5 37.5
15.5 51.5
15.5 63.5
16.5 25.5
16.5 37.5
16.5 38.5
16.5 51.5
16.5 62.5
17.5 13.5
17.5 38.5
17.5 62.5
18.5 12.5
18.5 25.5
19.5 12.5
19.5 25.5
20.5 11.5
20.5 24.5
20.5 51.5
20.5 62.5
21.5 11.5
21.5 24.5
21.5 38.5
21.5 50.5
21.5 63.5
22.5 10.5
22.5 23.5
22.5 24.5
22.5 39.5
22.5 50.5
22.5 63.5
22.5 64.5
23.5 9.5
23.5 10.5
23.5 17.5
23.5 23.5
23.5 40.5
23.5 49.5
23.5 64.5
24.5 9.5
24.5 16.5
24.5 23.5
24.5 41.5
24.5 48.5
24.5 49.5
24.5 65.5
25.5 8.5
25.5 16.5
25.5 22.5
25.5 42.5
25.5 48.5
25.5 55.5
25.5 65.5
26.5 8.5
26.5 15.5
26.5 16.5
26.5 22.5
26.5 29.5
26.5 33.5
26.5 42.5
26.5 43.5
26.5 47.5
26.5 54.5
26.5 59.5
26.5 66.5
27.5 15.5
27.5 28.5
27.5 34.5
27.5 35.5
27.5 43.5
27.5 47.5
27.5 54.5
27.5 60.5
28.5 15.5
28.5 27.5
28.5 28.5
28.5 35.5
28.5 36.5
28.5 53.5
28.5 60.5
28.5 61.5
29.5 14.5
29.5 27.5
29.5 36.5
29.5 37.5
29.5 52.5
29.5 53.5
29.5 61.5
30.5 14.5
30.5 26.5
30.5 37.5
30.5 52.5
30.5 62.5
31.5 38.5
31.5 51.5
31.5 62.5
32.5 25.5
32.5 39.5
32.5 51.5
32.5 63.5
34.5 25.5
34.5 62.5
35.5 14.5
35.5 37.5
35.5 51.5
35.5 63.5
36.5 15.5
36.5 24.5
36.5 37.5
36.5 38.5
36.5 51.5
36.5 63.5
37.5 15.5
37.5 23.5
37.5 24.5
37.5 38.5
37.5 39.5
37.5 52.5
37.5 64.5
38.5 16.5
38.5 23.5
38.5 39.5
38.5 40.5
38.5 52.5
38.5 64.5
38.5 65.5
39.5 9.5
39.5 17.5
39.5 22.5
39.5 40.5
39.5 41.5
39.5 52.5
39.5 65.5
40.5 9.5
40.5 17.5
40.5 22.5
40.5 29.5
40.5 33.5
40.5 41.5
40.5 42.5
40.5 47.5
40.5 53.5
40.5 57.5
40.5 66.5
41.5 10.5
41.5 18.5
41.5 21.5
41.5 28.5
41.5 33.5
41.5 42.5
41.5 47.5
41.5 53.5
41.5 58.5
41.5 66.5
42.5 10.5
42.5 11.5
42.5 28.5
42.5 34.5
42.5 47.5
42.5 59.5
42.5 67.5
43.5 11.5
43.5 27.5
43.5 35.5
43.5 48.5
43.5 59.5
43.5 60.5
44.5 11.5
44.5 12.5
44.5 26.5
44.5 27.5
44.5 36.5
44.5 48.5
44.5 60.5
44.5 61.5
45.5 12.5
45.5 26.5
45.5 37.5
45.5 49.5
45.5 61.5
46.5 13.5
46.5 25.5
46.5 49.5
46.5 62.5
47.5 63.5
49.5 25.5
50.5 13.5
50.5 26.5
50.5 38.5
50.5 49.5
50.5 63.5
51.5 12.5
51.5 26.5
51.5 27.5
51.5 37.5
51.5 50.5
51.5 62.5
52.5 12.5
52.5 27.5
52.5 36.5
52.5 51.5
52.5 60.5
52.5 61.5
53.5 11.5
53.5 18.5
53.5 28.5
53.5 35.5
53.5 51.5
53.5 59.5
53.5 60.5
54.5 10.5
54.5 11.5
54.5 21.5
54.5 29.5
54.5 34.5
54.5 42.5
54.5 52.5
54.5 58.5
54.5 59.5
55.5 10.5
55.5 17.5
55.5 22.5
55.5 29.5
55.5 41.5
55.5 46.5
55.5 53.5
55.5 58.5
55.5 67.5
56.5 9.5
56.5 16.5
56.5 22.5
56.5 23.5
56.5 30.5
56.5 41.5
56.5 46.5
56.5 47.5
56.5 53.5
56.5 57.5
56.5 66.5
57.5 9.5
57.5 16.5
57.5 23.5
57.5 40.5
57.5 47.5
57.5 65.5
58.5 15.5
58.5 24.5
58.5 39.5
58.5 40.5
58.5 48.5
58.5 64.5
59.5 15.5
59.5 24.5
59.5 38.5
59.5 39.5
59.5 48.5
59.5 63.5
60.5 25.5
60.5 38.5
60.5 49.5
60.5 62.5
61.5 14.5
61.5 37.5
61.5 61.5
62.5 50.5
