12.5 30.5
13.5 19.5
16.5 21.5
17.5 20.5
21.5 20.5
21.5 21.5
25.5 23.5
25.5 38.5
27.5 44.5
28.5 25.5
29.5 24.5
29.5 41.5
33.5 29.5
35.5 28.5
36.5 46.5
37.5 25.5
38.5 11.5
38.5 46.5
39.5 29.5
40.5 10.5
40.5 26.5
41.5 10.5
41.5 16.5
41.5 20.5
41.5 50.5
42.5 10.5
42.5 16.5
43.5 10.5
43.5 22.5
43.5 51.5
44.5 10.5
44.5 14.5
44.5 53.5
44.5 71.5
45.5 10.5
45.5 19.5
45.5 24.5
46.5 10.5
47.5 10.5
47.5 17.5
48.5 10.5
48.5 32.5
48.5 33.5
48.5 37.5
49.5 10.5
49.5 23.5
49.5 31.5
49.5 32.5
49.5 36.5
49.5 37.5
50.5 10.5
50.5 36.5
51.5 10.5
51.5 34.5
52.5 10.5
52.5 34.5
52.5 56.5
53.5 10.5
53.5 23.5
53.5 36.5
54.5 10.5
54.5 31.5
54.5 32.5
54.5 36.5
54.5 37.5
54.5 55.5
55.5 10.5
55.5 32.5
55.5 33.5
55.5 37.5
55.5 55.5
55.5 56.5
56.5 10.5
57.5 10.5
57.5 68.5
58.5 10.5
58.5 68.5
59.5 10.5
60.5 10.5
61.5 10.5
61.5 60.5
62.5 10.5
62.5 69.5
63.5 10.5
64.5 10.5
