5.5 20.5
5.5 51.5
6.5 10.5
6.5 20.5
6.5 43.5
6.5 51.5
6.5 61.5
7.5 10.5
7.5 20.5
7.5 31.5
7.5 51.5
7.5 61.5
8.5 10.5
8.5 20.5
8.5 31.5
8.5 44.5
8.5 50.5
8.5 61.5
9.5 10.5
9.5 20.5
9.5 31.5
9.5 44.5
9.5 50.5
9.5 61.5
10.5 20.5
10.5 31.5
10.5 50.5
10.5 61.5
11.5 9.5
11.5 14.5
11.5 31.5
11.5 45.5
11.5 60.5
12.5 9.5
12.5 14.5
12.5 30.5
12.5 40.5
12.5 45.5
12.5 60.5
13.5 14.5
13.5 30.5
13.5 40.5
13.5 54.5
13.5 60.5
14.5 14.5
14.5 30.5
14.5 41.5
14.5 54.5
14.5 65.5
15.5 14.5
15.5 24.5
15.5 35.5
15.5 41.5
15.5 54.5
15.5 65.5
16.5 14.5
16.5 24.5
16.5 35.5
16.5 41.5
16.5 54.5
16.5 65.5
17.5 13.5
17.5 24.5
17.5 41.5
17.5 54.5
17.5 64.5
18.5 13.5
18.5 24.5
18.5 34.5
18.5 54.5
18.5 64.5
19.5 13.5
19.5 24.5
19.5 34.5
19.5 42.5
19.5 64.5
20.5 24.5
25.5 43.5
26.5 12.5
26.5 43.5
26.5 52.5
26.5 64.5
27.5 12.5
27.5 44.5
27.5 52.5
28.5 12.5
28.5 22.5
28.5 34.5
28.5 44.5
28.5 51.5
28.5 52.5
28.5 65.5
29.5 11.5
29.5 22.5
29.5 34.5
29.5 44.5
29.5 51.5
29.5 65.5
30.5 11.5
30.5 22.5
30.5 34.5
30.5 44.5
30.5 51.5
30.5 66.5
31.5 11.5
31.5 22.5
31.5 35.5
31.5 51.5
31.5 66.5
32.5 10.5
32.5 16.5
32.5 21.5
32.5 35.5
32.5 45.5
32.5 50.5
33.5 10.5
33.5 16.5
33.5 21.5
33.5 35.5
33.5 45.5
33.5 50.5
33.5 56.5
33.5 61.5
34.5 15.5
34.5 26.5
34.5 31.5
34.5 40.5
34.5 56.5
34.5 62.5
35.5 15.5
35.5 26.5
35.5 31.5
35.5 40.5
35.5 55.5
35.5 62.5
36.5 15.5
36.5 25.5
36.5 31.5
36.5 41.5
36.5 55.5
36.5 62.5
37.5 15.5
37.5 25.5
37.5 31.5
37.5 41.5
37.5 55.5
37.5 62.5
37.5 63.5
38.5 14.5
38.5 25.5
38.5 41.5
38.5 54.5
38.5 55.5
38.5 63.5
39.5 14.5
39.5 24.5
39.5 32.5
39.5 54.5
39.5 63.5
40.5 14.5
40.5 24.5
40.5 32.5
40.5 42.5
40.5 54.5
46.5 43.5
46.5 65.5
47.5 14.5
47.5 24.5
47.5 34.5
47.5 43.5
47.5 52.5
47.5 65.5
48.5 14.5
48.5 24.5
48.5 34.5
48.5 43.5
48.5 51.5
48.5 65.5
49.5 15.5
49.5 24.5
49.5 34.5
49.5 44.5
49.5 51.5
49.5 65.5
49.5 66.5
50.5 15.5
50.5 35.5
50.5 44.5
50.5 50.5
50.5 66.5
51.5 15.5
51.5 25.5
51.5 35.5
51.5 50.5
51.5 66.5
52.5 10.5
52.5 16.5
52.5 25.5
52.5 35.5
52.5 40.5
52.5 66.5
53.5 10.5
53.5 16.5
53.5 20.5
53.5 25.5
53.5 30.5
53.5 36.5
53.5 40.5
53.5 66.5
54.5 10.5
54.5 30.5
54.5 36.5
54.5 55.5
54.5 61.5
55.5 10.5
55.5 11.5
55.5 21.5
55.5 31.5
55.5 41.5
55.5 55.5
55.5 61.5
56.5 11.5
56.5 21.5
56.5 31.5
56.5 41.5
56.5 54.5
56.5 55.5
56.5 61.5
57.5 11.5
57.5 21.5
57.5 31.5
57.5 32.5
57.5 41.5
57.5 54.5
57.5 62.5
58.5 11.5
58.5 22.5
58.5 32.5
58.5 54.5
58.5 62.5
59.5 22.5
59.5 32.5
59.5 53.5
59.5 62.5
60.5 53.5
61.5 63.5
