3.5 54.5
3.5 55.5
4.5 18.5
4.5 19.5
4.5 40.5
4.5 41.5
4.5 57.5
4.5 58.5
5.5 16.5
5.5 17.5
5.5 36.5
5.5 37.5
5.5 38.5
5.5 59.5
5.5 60.5
5.5 61.5
6.5 13.5
6.5 14.5
6.5 15.5
6.5 32.5
6.5 33.5
6.5 34.5
6.5 35.5
6.5 62.5
6.5 63.5
6.5 64.5
7.5 11.5
7.5 12.5
7.5 13.5
7.5 29.5
7.5 30.5
7.5 31.5
7.5 65.5
7.5 66.5
7.5 67.5
8.5 9.5
8.5 10.5
8.5 26.5
8.5 27.5
8.5 48.5
8.5 49.5
9.5 7.5
9.5 23.5
9.5 24.5
9.5 44.5
9.5 45.5
9.5 46.5
9.5 51.5
9.5 52.5
10.5 20.5
10.5 21.5
10.5 22.5
10.5 41.5
10.5 42.5
10.5 43.5
10.5 53.5
10.5 54.5
10.5 55.5
11.5 17.5
11.5 18.5
11.5 19.5
11.5 38.5
11.5 39.5
11.5 40.5
11.5 56.5
11.5 57.5
11.5 58.5
12.5 15.5
12.5 16.5
12.5 36.5
12.5 37.5
12.5 59.5
12.5 60.5
12.5 61.5
13.5 62.5
13.5 63.5
15.5 35.5
16.5 13.5
16.5 14.5
16.5 37.5
16.5 38.5
17.5 17.5
17.5 18.5
17.5 19.5
17.5 20.5
17.5 21.5
17.5 39.5
17.5 40.5
17.5 56.5
17.5 57.5
17.5 58.5
18.5 22.5
18.5 23.5
18.5 24.5
18.5 25.5
18.5 26.5
18.5 41.5
18.5 42.5
18.5 59.5
18.5 60.5
18.5 61.5
18.5 62.5
19.5 29.5
19.5 43.5
19.5 62.5
19.5 63.5
19.5 64.5
19.5 65.5
20.5 7.5
20.5 8.5
20.5 31.5
20.5 32.5
20.5 45.5
20.5 66.5
20.5 67.5
20.5 68.5
21.5 10.5
21.5 11.5
21.5 12.5
21.5 33.5
21.5 34.5
21.5 47.5
21.5 49.5
21.5 50.5
22.5 13.5
22.5 14.5
22.5 15.5
22.5 16.5
22.5 35.5
22.5 36.5
22.5 51.5
22.5 52.5
22.5 53.5
23.5 17.5
23.5 18.5
23.5 19.5
23.5 37.5
23.5 38.5
23.5 54.5
23.5 55.5
23.5 56.5
24.5 40.5
24.5 58.5
24.5 59.5
25.5 61.5
27.5 14.5
27.5 15.5
28.5 16.5
28.5 17.5
28.5 18.5
28.5 38.5
28.5 39.5
28.5 40.5
28.5 54.5
28.5 55.5
29.5 19.5
29.5 20.5
29.5 34.5
29.5 35.5
29.5 36.5
29.5 37.5
29.5 57.5
29.5 58.5
30.5 21.5
30.5 22.5
30.5 23.5
30.5 31.5
30.5 32.5
30.5 33.5
30.5 34.5
30.5 59.5
30.5 60.5
30.5 61.5
31.5 24.5
31.5 25.5
31.5 28.5
31.5 29.5
31.5 30.5
31.5 62.5
31.5 63.5
31.5 64.5
32.5 7.5
32.5 8.5
32.5 26.5
32.5 27.5
32.5 46.5
32.5 47.5
32.5 48.5
32.5 65.5
32.5 66.5
33.5 9.5
33.5 10.5
33.5 11.5
33.5 43.5
33.5 44.5
33.5 45.5
33.5 49.5
33.5 50.5
33.5 51.5
34.5 12.5
34.5 13.5
34.5 14.5
34.5 40.5
34.5 41.5
34.5 42.5
34.5 52.5
34.5 53.5
34.5 54.5
35.5 15.5
35.5 16.5
35.5 17.5
35.5 38.5
35.5 39.5
35.5 55.5
35.5 56.5
35.5 57.5
36.5 18.5
36.5 19.5
36.5 35.5
36.5 36.5
36.5 58.5
36.5 59.5
36.5 60.5
37.5 21.5
39.5 61.5
40.5 39.5
40.5 40.5
40.5 59.5
40.5 60.5
41.5 15.5
41.5 16.5
41.5 17.5
41.5 36.5
41.5 37.5
41.5 38.5
41.5 57.5
41.5 58.5
42.5 18.5
42.5 19.5
42.5 20.5
42.5 34.5
42.5 35.5
42.5 36.5
42.5 55.5
42.5 56.5
43.5 21.5
43.5 22.5
43.5 23.5
43.5 32.5
43.5 33.5
43.5 53.5
43.5 54.5
44.5 24.5
44.5 25.5
44.5 26.5
44.5 30.5
44.5 31.5
44.5 51.5
44.5 52.5
44.5 66.5
44.5 67.5
45.5 7.5
45.5 8.5
45.5 28.5
45.5 46.5
45.5 47.5
45.5 49.5
45.5 50.5
45.5 64.5
45.5 65.5
46.5 10.5
46.5 11.5
46.5 12.5
46.5 43.5
46.5 44.5
46.5 45.5
46.5 48.5
46.5 62.5
46.5 63.5
46.5 64.5
47.5 13.5
47.5 14.5
47.5 15.5
47.5 40.5
47.5 41.5
47.5 42.5
47.5 61.5
47.5 62.5
48.5 16.5
48.5 17.5
48.5 18.5
48.5 38.5
48.5 39.5
48.5 40.5
48.5 59.5
48.5 60.5
49.5 20.5
49.5 21.5
49.5 36.5
49.5 37.5
49.5 57.5
49.5 58.5
50.5 34.5
50.5 55.5
50.5 56.5
52.5 22.5
53.5 18.5
53.5 19.5
53.5 35.5
53.5 54.5
53.5 55.5
54.5 14.5
54.5 15.5
54.5 16.5
54.5 17.5
54.5 37.5
54.5 38.5
54.5 56.5
54.5 57.5
54.5 58.5
55.5 11.5
55.5 12.5
55.5 13.5
55.5 14.5
55.5 39.5
55.5 40.5
55.5 41.5
55.5 59.5
55.5 60.5
56.5 9.5
56.5 10.5
56.5 42.5
56.5 43.5
56.5 61.5
56.5 62.5
56.5 63.5
57.5 7.5
57.5 28.5
57.5 29.5
57.5 30.5
57.5 44.5
57.5 45.5
57.5 46.5
57.5 47.5
57.5 64.5
57.5 65.5
58.5 24.5
58.5 25.5
58.5 26.5
58.5 31.5
58.5 32.5
58.5 47.5
58.5 49.5
58.5 50.5
58.5 67.5
58.5 68.5
59.5 21.5
59.5 22.5
59.5 23.5
59.5 33.5
59.5 34.5
59.5 52.5
59.5 53.5
60.5 18.5
60.5 19.5
60.5 20.5
60.5 35.5
60.5 36.5
60.5 55.5
60.5 56.5
61.5 15.5
61.5 16.5
61.5 17.5
61.5 37.5
61.5 38.5
61.5 58.5
61.5 59.5
62.5 39.5
62.5 40.5
62.5 61.5
62.5 62.5
