4.5 61.5
5.5 14.5
5.5 15.5
5.5 16.5
5.5 17.5
5.5 26.5
5.5 27.5
5.5 28.5
5.5 29.5
5.5 47.5
5.5 48.5
5.5 61.5
5.5 62.5
5.5 63.5
5.5 64.5
6.5 17.5
6.5 18.5
6.5 19.5
6.5 24.5
6.5 25.5
6.5 49.5
6.5 50.5
6.5 51.5
6.5 64.5
6.5 65.5
8.5 10.5
8.5 11.5
8.5 12.5
8.5 13.5
8.5 32.5
8.5 33.5
8.5 34.5
8.5 35.5
8.5 36.5
8.5 41.5
8.5 42.5
8.5 43.5
8.5 57.5
8.5 58.5
9.5 30.5
9.5 31.5
9.5 32.5
9.5 33.5
9.5 34.5
9.5 43.5
9.5 44.5
9.5 45.5
9.5 46.5
9.5 59.5
9.5 60.5
13.5 13.5
13.5 14.5
13.5 60.5
14.5 11.5
14.5 12.5
14.5 13.5
14.5 28.5
14.5 29.5
14.5 30.5
14.5 46.5
14.5 61.5
14.5 62.5
14.5 63.5
15.5 10.5
15.5 11.5
15.5 25.5
15.5 26.5
15.5 27.5
15.5 28.5
15.5 29.5
15.5 30.5
15.5 46.5
15.5 47.5
15.5 48.5
15.5 63.5
15.5 64.5
16.5 24.5
16.5 25.5
16.5 26.5
16.5 27.5
16.5 48.5
16.5 49.5
16.5 50.5
16.5 65.5
17.5 17.5
17.5 18.5
17.5 19.5
17.5 49.5
17.5 50.5
17.5 55.5
17.5 56.5
18.5 16.5
18.5 17.5
18.5 18.5
18.5 56.5
18.5 57.5
18.5 58.5
19.5 15.5
19.5 16.5
19.5 17.5
19.5 33.5
19.5 34.5
19.5 35.5
19.5 40.5
19.5 41.5
19.5 42.5
19.5 57.5
19.5 58.5
19.5 59.5
20.5 31.5
20.5 32.5
20.5 33.5
20.5 41.5
20.5 42.5
20.5 43.5
20.5 44.5
20.5 59.5
21.5 30.5
21.5 31.5
21.5 43.5
21.5 44.5
21.5 45.5
25.5 13.5
25.5 14.5
25.5 61.5
25.5 62.5
25.5 63.5
26.5 12.5
26.5 13.5
26.5 14.5
26.5 27.5
26.5 28.5
26.5 29.5
26.5 30.5
26.5 43.5
26.5 44.5
26.5 45.5
26.5 63.5
26.5 64.5
26.5 65.5
27.5 12.5
27.5 13.5
27.5 25.5
27.5 26.5
27.5 27.5
27.5 28.5
27.5 41.5
27.5 42.5
27.5 43.5
28.5 11.5
28.5 12.5
28.5 40.5
28.5 41.5
29.5 19.5
29.5 20.5
29.5 34.5
29.5 35.5
29.5 49.5
29.5 50.5
29.5 55.5
29.5 56.5
29.5 57.5
29.5 58.5
30.5 17.5
30.5 18.5
30.5 19.5
30.5 32.5
30.5 33.5
30.5 34.5
30.5 47.5
30.5 48.5
30.5 49.5
30.5 57.5
30.5 58.5
30.5 59.5
30.5 60.5
30.5 61.5
31.5 16.5
31.5 17.5
31.5 18.5
31.5 31.5
31.5 32.5
31.5 45.5
31.5 46.5
31.5 47.5
32.5 16.5
35.5 30.5
35.5 31.5
35.5 32.5
35.5 61.5
35.5 62.5
36.5 32.5
36.5 33.5
36.5 34.5
36.5 41.5
36.5 42.5
36.5 43.5
36.5 44.5
36.5 61.5
36.5 62.5
36.5 63.5
36.5 64.5
36.5 65.5
36.5 66.5
37.5 16.5
37.5 17.5
37.5 18.5
37.5 19.5
37.5 20.5
37.5 35.5
37.5 39.5
37.5 40.5
37.5 41.5
37.5 64.5
37.5 65.5
37.5 66.5
38.5 18.5
38.5 19.5
38.5 20.5
39.5 25.5
39.5 26.5
39.5 27.5
39.5 28.5
39.5 48.5
39.5 49.5
39.5 50.5
39.5 51.5
39.5 56.5
39.5 57.5
40.5 11.5
40.5 12.5
40.5 27.5
40.5 28.5
40.5 29.5
40.5 45.5
40.5 46.5
40.5 47.5
40.5 48.5
40.5 49.5
40.5 50.5
40.5 57.5
40.5 58.5
40.5 59.5
41.5 12.5
41.5 13.5
41.5 14.5
41.5 59.5
41.5 60.5
45.5 28.5
45.5 29.5
45.5 45.5
45.5 46.5
45.5 47.5
45.5 62.5
46.5 13.5
46.5 14.5
46.5 27.5
46.5 28.5
46.5 47.5
46.5 48.5
46.5 49.5
46.5 50.5
46.5 62.5
46.5 63.5
46.5 64.5
47.5 11.5
47.5 12.5
47.5 13.5
47.5 25.5
47.5 26.5
47.5 27.5
47.5 40.5
47.5 64.5
47.5 65.5
48.5 10.5
48.5 25.5
48.5 35.5
48.5 41.5
48.5 42.5
49.5 19.5
49.5 33.5
49.5 34.5
49.5 35.5
49.5 42.5
49.5 43.5
49.5 44.5
49.5 57.5
49.5 58.5
49.5 59.5
50.5 16.5
50.5 17.5
50.5 18.5
50.5 19.5
50.5 31.5
50.5 32.5
50.5 33.5
50.5 44.5
50.5 45.5
50.5 59.5
50.5 60.5
50.5 61.5
51.5 15.5
51.5 16.5
51.5 17.5
51.5 30.5
51.5 31.5
54.5 46.5
55.5 47.5
55.5 48.5
55.5 57.5
55.5 58.5
55.5 59.5
55.5 60.5
56.5 13.5
56.5 14.5
56.5 48.5
56.5 49.5
56.5 50.5
56.5 56.5
56.5 57.5
56.5 58.5
57.5 11.5
57.5 12.5
57.5 13.5
57.5 30.5
57.5 31.5
57.5 32.5
57.5 33.5
57.5 34.5
57.5 35.5
57.5 50.5
57.5 51.5
58.5 10.5
58.5 11.5
58.5 33.5
58.5 34.5
58.5 35.5
58.5 36.5
58.5 64.5
58.5 65.5
59.5 41.5
59.5 42.5
59.5 43.5
59.5 44.5
59.5 62.5
59.5 63.5
59.5 64.5
60.5 17.5
60.5 18.5
60.5 19.5
60.5 20.5
60.5 25.5
60.5 26.5
60.5 42.5
60.5 43.5
60.5 44.5
60.5 45.5
60.5 46.5
60.5 61.5
60.5 62.5
61.5 15.5
61.5 16.5
61.5 17.5
61.5 27.5
61.5 28.5
62.5 29.5
62.5 30.5
