17.5 34.5
19.5 40.5
21.5 41.5
22.5 42.5
24.5 25.5
26.5 47.5
27.5 46.5
27.5 49.5
28.5 47.5
30.5 26.5
31.5 27.5
33.5 49.5
35.5 20.5
35.5 21.5
35.5 48.5
43.5 14.5
43.5 21.5
43.5 38.5
43.5 39.5
47.5 41.5
47.5 54.5
49.5 42.5
51.5 38.5
51.5 39.5
52.5 71.5
53.5 65.5
56.5 23.5
56.5 25.5
56.5 64.5
57.5 23.5
57.5 24.5
57.5 27.5
57.5 30.5
57.5 62.5
57.5 64.5
58.5 31.5
58.5 32.5
58.5 34.5
58.5 71.5
59.5 18.5
59.5 20.5
59.5 28.5
59.5 29.5
59.5 31.5
61.5 22.5
61.5 29.5
61.5 72.5
62.5 22.5
62.5 24.5
62.5 30.5
62.5 71.5
63.5 24.5
