15.5 56.5
15.5 59.5
15.5 60.5
15.5 72.5
16.5 57.5
16.5 60.5
17.5 39.5
17.5 50.5
17.5 60.5
18.5 40.5
18.5 41.5
18.5 44.5
18.5 49.5
18.5 51.5
18.5 54.5
19.5 44.5
19.5 46.5
19.5 49.5
19.5 50.5
19.5 51.5
20.5 23.5
20.5 41.5
20.5 50.5
21.5 53.5
22.5 14.5
22.5 27.5
22.5 30.5
22.5 31.5
22.5 33.5
22.5 34.5
22.5 39.5
23.5 16.5
23.5 19.5
23.5 24.5
23.5 34.5
23.5 42.5
23.5 43.5
24.5 14.5
24.5 15.5
24.5 16.5
25.5 19.5
25.5 25.5
26.5 15.5
26.5 21.5
26.5 23.5
37.5 35.5
37.5 42.5
37.5 57.5
37.5 63.5
37.5 64.5
38.5 33.5
38.5 39.5
39.5 39.5
39.5 44.5
39.5 49.5
39.5 50.5
39.5 57.5
39.5 58.5
39.5 64.5
41.5 48.5
42.5 46.5
42.5 53.5
43.5 51.5
43.5 52.5
43.5 53.5
43.5 56.5
45.5 54.5
46.5 57.5
