24.5 68.5
25.5 68.5
27.5 60.5
27.5 61.5
28.5 68.5
30.5 54.5
30.5 62.5
30.5 65.5
30.5 68.5
31.5 65.5
31.5 68.5
32.5 45.5
34.5 42.5
35.5 41.5
35.5 45.5
36.5 38.5
36.5 41.5
37.5 34.5
37.5 43.5
39.5 42.5
42.5 26.5
44.5 28.5
46.5 23.5
46.5 24.5
47.5 17.5
47.5 18.5
48.5 62.5
48.5 70.5
50.5 67.5
51.5 65.5
52.5 66.5
53.5 66.5
54.5 19.5
55.5 16.5
56.5 10.5
56.5 63.5
57.5 10.5
58.5 10.5
58.5 58.5
59.5 10.5
59.5 49.5
59.5 54.5
60.5 10.5
60.5 54.5
61.5 10.5
62.5 10.5
63.5 10.5
64.5 10.5
64.5 16.5
64.5 26.5
64.5 27.5
64.5 35.5
64.5 36.5
