11.5 33.5
12.5 33.5
14.5 32.5
17.5 52.5
19.5 47.5
20.5 49.5
20.5 50.5
21.5 36.5
22.5 35.5
22.5 51.5
29.5 36.5
31.5 56.5
32.5 17.5
32.5 18.5
32.5 37.5
33.5 15.5
33.5 16.5
33.5 17.5
34.5 57.5
36.5 45.5
36.5 57.5
36.5 59.5
37.5 55.5
37.5 56.5
38.5 18.5
38.5 19.5
38.5 20.5
38.5 45.5
38.5 56.5
38.5 72.5
39.5 17.5
39.5 18.5
39.5 57.5
40.5 10.5
41.5 10.5
41.5 41.5
42.5 10.5
42.5 44.5
43.5 10.5
44.5 10.5
44.5 44.5
45.5 10.5
46.5 10.5
46.5 45.5
47.5 10.5
47.5 31.5
47.5 45.5
47.5 71.5
48.5 10.5
49.5 10.5
49.5 62.5
50.5 10.5
51.5 10.5
52.5 10.5
53.5 10.5
54.5 10.5
54.5 62.5
55.5 10.5
55.5 51.5
55.5 53.5
56.5 12.5
56.5 53.5
57.5 10.5
57.5 38.5
57.5 39.5
57.5 63.5
58.5 13.5
58.5 70.5
59.5 41.5
59.5 60.5
59.5 70.5
62.5 38.5
62.5 43.5
64.5 67.5
