2.5 62.5
4.5 13.5
4.5 24.5
4.5 32.5
4.5 61.5
5.5 14.5
5.5 42.5
5.5 60.5
6.5 15.5
6.5 29.5
6.5 41.5
6.5 50.5
6.5 66.5
7.5 9.5
7.5 20.5
7.5 49.5
7.5 55.5
7.5 59.5
7.5 65.5
8.5 10.5
8.5 21.5
8.5 35.5
8.5 36.5
8.5 40.5
8.5 54.5
9.5 11.5
9.5 21.5
9.5 34.5
9.5 45.5
9.5 54.5
10.5 22.5
10.5 32.5
10.5 44.5
10.5 53.5
10.5 63.5
13.5 22.5
14.5 12.5
14.5 23.5
14.5 33.5
14.5 44.5
14.5 52.5
14.5 63.5
14.5 64.5
15.5 11.5
15.5 24.5
15.5 32.5
15.5 51.5
15.5 66.5
16.5 10.5
16.5 31.5
16.5 45.5
16.5 50.5
17.5 25.5
17.5 30.5
17.5 49.5
17.5 57.5
18.5 15.5
18.5 19.5
18.5 26.5
18.5 41.5
18.5 55.5
18.5 61.5
19.5 14.5
19.5 20.5
19.5 36.5
19.5 54.5
19.5 62.5
20.5 13.5
20.5 35.5
20.5 42.5
20.5 52.5
21.5 34.5
22.5 63.5
23.5 13.5
24.5 14.5
24.5 23.5
24.5 52.5
24.5 64.5
25.5 15.5
25.5 22.5
25.5 33.5
25.5 44.5
25.5 51.5
25.5 65.5
26.5 20.5
26.5 34.5
26.5 45.5
26.5 50.5
27.5 10.5
27.5 19.5
27.5 34.5
27.5 56.5
27.5 59.5
27.5 66.5
28.5 11.5
28.5 25.5
28.5 29.5
28.5 35.5
28.5 55.5
28.5 60.5
29.5 11.5
29.5 24.5
29.5 35.5
29.5 43.5
29.5 54.5
29.5 61.5
30.5 12.5
30.5 23.5
30.5 30.5
30.5 40.5
30.5 41.5
30.5 53.5
30.5 62.5
31.5 22.5
31.5 31.5
31.5 63.5
34.5 12.5
34.5 22.5
34.5 63.5
35.5 13.5
35.5 21.5
35.5 31.5
35.5 53.5
35.5 61.5
36.5 14.5
36.5 20.5
36.5 31.5
36.5 42.5
36.5 54.5
36.5 60.5
37.5 14.5
37.5 31.5
37.5 41.5
37.5 55.5
38.5 8.5
38.5 15.5
38.5 27.5
38.5 31.5
38.5 40.5
38.5 46.5
38.5 50.5
38.5 67.5
39.5 9.5
39.5 25.5
39.5 35.5
39.5 39.5
39.5 51.5
39.5 65.5
40.5 10.5
40.5 23.5
40.5 24.5
40.5 35.5
40.5 45.5
40.5 51.5
40.5 63.5
40.5 64.5
41.5 11.5
41.5 22.5
41.5 35.5
41.5 62.5
42.5 12.5
42.5 35.5
42.5 44.5
44.5 12.5
45.5 11.5
45.5 22.5
45.5 53.5
45.5 63.5
46.5 10.5
46.5 23.5
46.5 24.5
46.5 44.5
46.5 61.5
47.5 9.5
47.5 25.5
47.5 26.5
47.5 36.5
47.5 44.5
47.5 54.5
47.5 59.5
48.5 8.5
48.5 19.5
48.5 37.5
48.5 40.5
49.5 15.5
49.5 16.5
49.5 20.5
49.5 31.5
49.5 45.5
49.5 49.5
49.5 66.5
50.5 13.5
50.5 14.5
50.5 21.5
50.5 32.5
50.5 41.5
50.5 50.5
50.5 64.5
51.5 22.5
51.5 33.5
51.5 41.5
51.5 51.5
52.5 23.5
55.5 13.5
55.5 14.5
55.5 24.5
56.5 11.5
56.5 12.5
56.5 32.5
56.5 41.5
56.5 61.5
57.5 9.5
57.5 30.5
57.5 40.5
57.5 50.5
57.5 60.5
58.5 17.5
58.5 49.5
58.5 56.5
58.5 59.5
58.5 66.5
59.5 16.5
59.5 21.5
59.5 35.5
59.5 55.5
59.5 65.5
60.5 15.5
60.5 34.5
60.5 44.5
60.5 64.5
61.5 14.5
61.5 22.5
61.5 33.5
61.5 43.5
61.5 54.5
62.5 42.5
62.5 53.5
