4.5 56.5
4.5 57.5
4.5 58.5
5.5 17.5
5.5 18.5
5.5 19.5
5.5 37.5
5.5 38.5
5.5 39.5
5.5 40.5
5.5 59.5
5.5 60.5
5.5 61.5
5.5 62.5
6.5 19.5
6.5 20.5
6.5 21.5
6.5 22.5
6.5 39.5
6.5 40.5
6.5 41.5
6.5 42.5
6.5 43.5
6.5 44.5
6.5 62.5
6.5 63.5
6.5 64.5
6.5 65.5
7.5 22.5
7.5 23.5
7.5 24.5
7.5 45.5
7.5 46.5
7.5 50.5
7.5 51.5
8.5 9.5
8.5 10.5
8.5 11.5
8.5 25.5
8.5 26.5
8.5 51.5
8.5 52.5
8.5 53.5
8.5 54.5
8.5 55.5
9.5 11.5
9.5 12.5
9.5 13.5
9.5 14.5
9.5 15.5
9.5 31.5
9.5 32.5
9.5 33.5
9.5 34.5
9.5 35.5
9.5 54.5
9.5 55.5
9.5 56.5
9.5 57.5
10.5 14.5
10.5 15.5
10.5 16.5
10.5 17.5
10.5 18.5
10.5 34.5
10.5 35.5
10.5 36.5
10.5 37.5
10.5 38.5
10.5 58.5
10.5 59.5
11.5 17.5
11.5 18.5
11.5 19.5
14.5 38.5
14.5 39.5
14.5 40.5
14.5 56.5
14.5 57.5
14.5 58.5
15.5 18.5
15.5 19.5
15.5 34.5
15.5 35.5
15.5 36.5
15.5 37.5
15.5 58.5
15.5 59.5
15.5 60.5
15.5 61.5
16.5 14.5
16.5 15.5
16.5 16.5
16.5 17.5
16.5 31.5
16.5 32.5
16.5 33.5
16.5 61.5
16.5 62.5
16.5 63.5
16.5 64.5
17.5 11.5
17.5 12.5
17.5 13.5
17.5 14.5
17.5 27.5
17.5 64.5
17.5 65.5
18.5 9.5
18.5 10.5
18.5 23.5
18.5 24.5
18.5 25.5
18.5 41.5
18.5 42.5
18.5 43.5
18.5 44.5
18.5 45.5
18.5 46.5
18.5 50.5
18.5 51.5
18.5 52.5
18.5 53.5
19.5 19.5
19.5 20.5
19.5 21.5
19.5 22.5
19.5 38.5
19.5 39.5
19.5 40.5
19.5 41.5
19.5 42.5
19.5 43.5
19.5 52.5
19.5 53.5
19.5 54.5
19.5 55.5
20.5 17.5
20.5 18.5
20.5 55.5
20.5 56.5
20.5 57.5
20.5 58.5
21.5 59.5
24.5 17.5
24.5 18.5
24.5 39.5
24.5 40.5
25.5 18.5
25.5 19.5
25.5 20.5
25.5 21.5
25.5 22.5
25.5 23.5
25.5 36.5
25.5 37.5
25.5 38.5
25.5 39.5
25.5 56.5
25.5 57.5
25.5 58.5
25.5 59.5
26.5 20.5
26.5 21.5
26.5 22.5
26.5 23.5
26.5 24.5
26.5 25.5
26.5 26.5
26.5 33.5
26.5 34.5
26.5 35.5
26.5 36.5
26.5 37.5
26.5 58.5
26.5 59.5
26.5 60.5
26.5 61.5
26.5 62.5
27.5 24.5
27.5 25.5
27.5 26.5
27.5 27.5
27.5 28.5
27.5 31.5
27.5 32.5
27.5 33.5
27.5 34.5
27.5 61.5
27.5 62.5
27.5 63.5
27.5 64.5
28.5 9.5
28.5 46.5
28.5 50.5
28.5 51.5
29.5 10.5
29.5 11.5
29.5 12.5
29.5 13.5
29.5 14.5
29.5 43.5
29.5 44.5
29.5 45.5
29.5 52.5
29.5 53.5
29.5 54.5
30.5 13.5
30.5 14.5
30.5 15.5
30.5 16.5
30.5 17.5
30.5 40.5
30.5 41.5
30.5 42.5
30.5 43.5
30.5 54.5
30.5 55.5
30.5 56.5
30.5 57.5
31.5 17.5
31.5 18.5
31.5 19.5
31.5 38.5
31.5 39.5
31.5 40.5
31.5 58.5
31.5 59.5
35.5 16.5
35.5 17.5
35.5 18.5
35.5 19.5
35.5 37.5
35.5 38.5
35.5 39.5
35.5 55.5
35.5 56.5
35.5 57.5
36.5 19.5
36.5 20.5
36.5 21.5
36.5 22.5
36.5 23.5
36.5 40.5
36.5 41.5
36.5 42.5
36.5 43.5
36.5 44.5
36.5 52.5
36.5 53.5
36.5 54.5
37.5 24.5
37.5 25.5
37.5 26.5
37.5 45.5
37.5 46.5
37.5 50.5
38.5 8.5
38.5 9.5
38.5 10.5
38.5 30.5
38.5 31.5
38.5 32.5
38.5 33.5
38.5 64.5
38.5 65.5
39.5 10.5
39.5 11.5
39.5 12.5
39.5 13.5
39.5 14.5
39.5 15.5
39.5 16.5
39.5 34.5
39.5 35.5
39.5 36.5
39.5 37.5
39.5 38.5
39.5 58.5
39.5 59.5
39.5 60.5
39.5 61.5
39.5 62.5
39.5 63.5
39.5 64.5
40.5 14.5
40.5 15.5
40.5 16.5
40.5 17.5
40.5 18.5
40.5 56.5
40.5 57.5
40.5 58.5
40.5 59.5
40.5 60.5
44.5 17.5
44.5 18.5
44.5 37.5
44.5 38.5
44.5 39.5
45.5 13.5
45.5 14.5
45.5 15.5
45.5 16.5
45.5 35.5
45.5 36.5
45.5 37.5
45.5 38.5
45.5 56.5
45.5 57.5
45.5 58.5
45.5 59.5
46.5 11.5
46.5 12.5
46.5 13.5
46.5 33.5
46.5 34.5
46.5 35.5
46.5 36.5
46.5 52.5
46.5 53.5
46.5 54.5
46.5 55.5
46.5 56.5
46.5 57.5
47.5 8.5
47.5 9.5
47.5 10.5
47.5 31.5
47.5 32.5
47.5 33.5
47.5 34.5
47.5 50.5
47.5 51.5
47.5 52.5
47.5 53.5
47.5 54.5
48.5 23.5
48.5 24.5
48.5 25.5
48.5 26.5
48.5 27.5
48.5 44.5
48.5 45.5
49.5 19.5
49.5 20.5
49.5 21.5
49.5 22.5
49.5 23.5
49.5 24.5
49.5 25.5
49.5 42.5
49.5 43.5
49.5 44.5
49.5 63.5
49.5 64.5
49.5 65.5
50.5 16.5
50.5 17.5
50.5 18.5
50.5 19.5
50.5 20.5
50.5 21.5
50.5 40.5
50.5 41.5
50.5 42.5
50.5 60.5
50.5 61.5
50.5 62.5
50.5 63.5
51.5 39.5
51.5 40.5
51.5 58.5
51.5 59.5
51.5 60.5
52.5 37.5
52.5 38.5
52.5 56.5
52.5 57.5
55.5 16.5
55.5 17.5
55.5 18.5
56.5 19.5
56.5 20.5
56.5 21.5
56.5 22.5
56.5 38.5
56.5 39.5
56.5 57.5
56.5 58.5
56.5 59.5
57.5 22.5
57.5 23.5
57.5 24.5
57.5 25.5
57.5 39.5
57.5 40.5
57.5 41.5
57.5 42.5
57.5 54.5
57.5 55.5
57.5 56.5
57.5 57.5
58.5 9.5
58.5 10.5
58.5 11.5
58.5 12.5
58.5 42.5
58.5 43.5
58.5 44.5
58.5 51.5
58.5 52.5
58.5 53.5
58.5 54.5
59.5 11.5
59.5 12.5
59.5 13.5
59.5 14.5
59.5 15.5
59.5 30.5
59.5 31.5
59.5 45.5
59.5 46.5
59.5 50.5
59.5 51.5
60.5 14.5
60.5 15.5
60.5 16.5
60.5 17.5
60.5 32.5
60.5 33.5
60.5 34.5
60.5 35.5
60.5 62.5
60.5 63.5
60.5 64.5
60.5 65.5
61.5 17.5
61.5 18.5
61.5 35.5
61.5 36.5
61.5 37.5
61.5 38.5
61.5 59.5
61.5 60.5
61.5 61.5
61.5 62.5
61.5 63.5
62.5 39.5
62.5 40.5
62.5 57.5
62.5 58.5
62.5 59.5
