2.5 32.5
3.5 55.5
4.5 21.5
4.5 33.5
4.5 41.5
4.5 53.5
4.5 64.5
5.5 11.5
5.5 23.5
5.5 34.5
5.5 52.5
5.5 65.5
6.5 9.5
6.5 24.5
6.5 29.5
6.5 40.5
6.5 46.5
6.5 50.5
6.5 58.5
7.5 17.5
7.5 25.5
7.5 35.5
7.5 39.5
7.5 45.5
7.5 48.5
7.5 49.5
7.5 57.5
7.5 59.5
7.5 68.5
8.5 18.5
8.5 26.5
8.5 30.5
8.5 36.5
8.5 44.5
8.5 47.5
8.5 56.5
8.5 61.5
9.5 11.5
9.5 12.5
9.5 13.5
9.5 14.5
9.5 19.5
9.5 38.5
9.5 44.5
9.5 55.5
9.5 63.5
10.5 20.5
10.5 31.5
10.5 43.5
10.5 54.5
10.5 65.5
11.5 21.5
11.5 32.5
11.5 42.5
11.5 53.5
12.5 32.5
12.5 41.5
13.5 12.5
13.5 33.5
13.5 62.5
14.5 11.5
14.5 33.5
14.5 43.5
14.5 53.5
14.5 63.5
14.5 64.5
15.5 10.5
15.5 23.5
15.5 32.5
15.5 41.5
15.5 52.5
15.5 65.5
16.5 10.5
16.5 24.5
16.5 31.5
16.5 40.5
16.5 58.5
16.5 59.5
16.5 66.5
17.5 9.5
17.5 18.5
17.5 30.5
17.5 38.5
17.5 51.5
17.5 57.5
17.5 60.5
18.5 8.5
18.5 17.5
18.5 19.5
18.5 27.5
18.5 37.5
18.5 46.5
18.5 47.5
18.5 50.5
18.5 56.5
18.5 61.5
19.5 16.5
19.5 20.5
19.5 44.5
19.5 45.5
19.5 55.5
19.5 62.5
20.5 15.5
20.5 21.5
20.5 42.5
20.5 43.5
20.5 54.5
20.5 63.5
21.5 14.5
21.5 22.5
21.5 40.5
21.5 64.5
22.5 13.5
22.5 23.5
22.5 63.5
23.5 11.5
23.5 24.5
23.5 32.5
23.5 40.5
24.5 42.5
24.5 52.5
24.5 53.5
24.5 64.5
25.5 22.5
25.5 31.5
25.5 44.5
25.5 54.5
25.5 55.5
25.5 58.5
26.5 24.5
26.5 37.5
26.5 45.5
26.5 46.5
26.5 57.5
26.5 58.5
26.5 59.5
26.5 65.5
27.5 8.5
27.5 9.5
27.5 10.5
27.5 11.5
27.5 25.5
27.5 30.5
27.5 35.5
27.5 38.5
27.5 47.5
27.5 60.5
28.5 26.5
28.5 27.5
28.5 29.5
28.5 40.5
28.5 49.5
28.5 51.5
28.5 61.5
28.5 66.5
29.5 16.5
29.5 17.5
29.5 28.5
29.5 34.5
29.5 41.5
29.5 62.5
30.5 14.5
30.5 15.5
30.5 19.5
30.5 42.5
30.5 52.5
31.5 13.5
31.5 21.5
31.5 22.5
31.5 33.5
31.5 43.5
31.5 53.5
32.5 24.5
32.5 44.5
32.5 62.5
33.5 13.5
33.5 32.5
33.5 41.5
34.5 12.5
34.5 21.5
34.5 34.5
34.5 42.5
34.5 51.5
34.5 61.5
35.5 11.5
35.5 22.5
35.5 33.5
35.5 44.5
35.5 55.5
35.5 61.5
36.5 24.5
36.5 32.5
36.5 45.5
36.5 55.5
36.5 68.5
37.5 10.5
37.5 25.5
37.5 26.5
37.5 46.5
37.5 49.5
37.5 60.5
38.5 9.5
38.5 15.5
38.5 17.5
38.5 27.5
38.5 38.5
38.5 54.5
38.5 60.5
38.5 67.5
39.5 14.5
39.5 19.5
39.5 35.5
39.5 40.5
39.5 54.5
39.5 66.5
40.5 13.5
40.5 21.5
40.5 22.5
40.5 34.5
40.5 41.5
40.5 42.5
40.5 54.5
40.5 59.5
40.5 65.5
41.5 12.5
41.5 23.5
41.5 33.5
41.5 43.5
41.5 53.5
42.5 32.5
42.5 53.5
42.5 64.5
43.5 11.5
43.5 33.5
43.5 41.5
43.5 51.5
43.5 63.5
44.5 24.5
44.5 42.5
44.5 52.5
44.5 62.5
45.5 21.5
45.5 22.5
45.5 32.5
45.5 43.5
45.5 53.5
45.5 63.5
46.5 19.5
46.5 31.5
46.5 37.5
46.5 43.5
46.5 54.5
46.5 65.5
47.5 7.5
47.5 16.5
47.5 17.5
47.5 27.5
47.5 36.5
47.5 44.5
47.5 66.5
48.5 8.5
48.5 9.5
48.5 17.5
48.5 26.5
48.5 30.5
48.5 45.5
48.5 49.5
48.5 59.5
48.5 67.5
49.5 10.5
49.5 11.5
49.5 25.5
49.5 35.5
49.5 39.5
49.5 46.5
49.5 50.5
49.5 60.5
49.5 68.5
50.5 11.5
50.5 12.5
50.5 24.5
50.5 29.5
50.5 34.5
50.5 40.5
50.5 51.5
50.5 62.5
51.5 13.5
51.5 23.5
51.5 33.5
51.5 41.5
51.5 52.5
51.5 63.5
52.5 22.5
52.5 53.5
52.5 64.5
53.5 32.5
54.5 31.5
55.5 9.5
55.5 10.5
55.5 11.5
55.5 21.5
55.5 32.5
55.5 64.5
56.5 12.5
56.5 13.5
56.5 14.5
56.5 15.5
56.5 20.5
56.5 33.5
56.5 51.5
56.5 62.5
56.5 63.5
57.5 17.5
57.5 19.5
57.5 34.5
57.5 40.5
57.5 46.5
57.5 50.5
57.5 61.5
58.5 7.5
58.5 18.5
58.5 27.5
58.5 35.5
58.5 39.5
58.5 45.5
58.5 49.5
58.5 58.5
58.5 60.5
59.5 25.5
59.5 36.5
59.5 38.5
59.5 44.5
59.5 48.5
59.5 56.5
59.5 57.5
60.5 10.5
60.5 23.5
60.5 37.5
60.5 43.5
60.5 47.5
60.5 54.5
60.5 55.5
61.5 11.5
61.5 21.5
61.5 22.5
61.5 32.5
61.5 53.5
62.5 20.5
