3.5 21.5
3.5 33.5
3.5 52.5
3.5 64.5
4.5 12.5
4.5 23.5
4.5 24.5
4.5 25.5
4.5 26.5
4.5 31.5
4.5 32.5
4.5 43.5
4.5 53.5
4.5 63.5
5.5 13.5
5.5 27.5
5.5 28.5
5.5 30.5
5.5 42.5
5.5 54.5
5.5 62.5
6.5 14.5
6.5 15.5
6.5 41.5
6.5 42.5
6.5 55.5
6.5 61.5
6.5 68.5
7.5 7.5
7.5 16.5
7.5 17.5
7.5 18.5
7.5 19.5
7.5 40.5
7.5 41.5
7.5 47.5
7.5 48.5
7.5 56.5
7.5 60.5
7.5 67.5
8.5 8.5
8.5 9.5
8.5 21.5
8.5 22.5
8.5 23.5
8.5 40.5
8.5 46.5
8.5 49.5
8.5 57.5
8.5 59.5
8.5 66.5
9.5 10.5
9.5 11.5
9.5 33.5
9.5 34.5
9.5 35.5
9.5 36.5
9.5 37.5
9.5 39.5
9.5 45.5
9.5 46.5
9.5 50.5
9.5 51.5
9.5 65.5
10.5 12.5
10.5 44.5
10.5 45.5
10.5 52.5
10.5 64.5
11.5 21.5
11.5 44.5
11.5 53.5
11.5 63.5
12.5 22.5
12.5 33.5
12.5 43.5
12.5 54.5
13.5 11.5
13.5 23.5
13.5 32.5
13.5 33.5
13.5 42.5
13.5 64.5
14.5 10.5
14.5 24.5
14.5 32.5
14.5 52.5
14.5 63.5
15.5 9.5
15.5 15.5
15.5 17.5
15.5 25.5
15.5 26.5
15.5 31.5
15.5 43.5
15.5 54.5
15.5 62.5
16.5 8.5
16.5 9.5
16.5 14.5
16.5 18.5
16.5 26.5
16.5 27.5
16.5 30.5
16.5 41.5
16.5 42.5
16.5 55.5
16.5 61.5
17.5 8.5
17.5 14.5
17.5 19.5
17.5 29.5
17.5 30.5
17.5 37.5
17.5 40.5
17.5 48.5
17.5 56.5
17.5 57.5
17.5 60.5
17.5 68.5
18.5 7.5
18.5 13.5
18.5 20.5
18.5 29.5
18.5 36.5
18.5 39.5
18.5 46.5
18.5 47.5
18.5 50.5
18.5 58.5
18.5 59.5
18.5 66.5
18.5 67.5
19.5 13.5
19.5 21.5
19.5 34.5
19.5 45.5
19.5 51.5
19.5 65.5
19.5 66.5
20.5 22.5
20.5 33.5
20.5 43.5
20.5 44.5
20.5 52.5
20.5 63.5
20.5 64.5
21.5 12.5
21.5 23.5
21.5 31.5
21.5 42.5
21.5 53.5
21.5 62.5
23.5 13.5
23.5 23.5
23.5 33.5
23.5 44.5
23.5 66.5
24.5 12.5
24.5 22.5
24.5 33.5
24.5 34.5
24.5 43.5
24.5 52.5
24.5 64.5
24.5 65.5
25.5 11.5
25.5 21.5
25.5 26.5
25.5 34.5
25.5 42.5
25.5 51.5
25.5 63.5
25.5 64.5
26.5 10.5
26.5 20.5
26.5 27.5
26.5 35.5
26.5 41.5
26.5 47.5
26.5 50.5
26.5 62.5
26.5 63.5
27.5 9.5
27.5 16.5
27.5 19.5
27.5 25.5
27.5 28.5
27.5 36.5
27.5 40.5
27.5 46.5
27.5 49.5
27.5 58.5
27.5 61.5
27.5 62.5
27.5 68.5
28.5 15.5
28.5 18.5
28.5 29.5
28.5 37.5
28.5 39.5
28.5 45.5
28.5 48.5
28.5 56.5
28.5 57.5
28.5 60.5
29.5 13.5
29.5 14.5
29.5 24.5
29.5 30.5
29.5 31.5
29.5 38.5
29.5 44.5
29.5 54.5
29.5 55.5
29.5 59.5
30.5 12.5
30.5 13.5
30.5 23.5
30.5 31.5
30.5 44.5
30.5 53.5
30.5 54.5
30.5 66.5
31.5 11.5
31.5 23.5
31.5 32.5
31.5 43.5
31.5 52.5
31.5 65.5
32.5 12.5
32.5 22.5
32.5 33.5
32.5 42.5
32.5 64.5
33.5 13.5
33.5 34.5
33.5 42.5
33.5 63.5
34.5 13.5
34.5 43.5
34.5 55.5
34.5 64.5
35.5 8.5
35.5 13.5
35.5 14.5
35.5 21.5
35.5 29.5
35.5 30.5
35.5 43.5
35.5 52.5
35.5 53.5
36.5 14.5
36.5 20.5
36.5 31.5
36.5 32.5
36.5 33.5
36.5 34.5
36.5 38.5
36.5 44.5
36.5 50.5
36.5 51.5
36.5 52.5
36.5 65.5
37.5 9.5
37.5 14.5
37.5 19.5
37.5 34.5
37.5 35.5
37.5 36.5
37.5 39.5
37.5 45.5
37.5 49.5
37.5 50.5
37.5 59.5
37.5 65.5
38.5 9.5
38.5 15.5
38.5 25.5
38.5 39.5
38.5 40.5
38.5 45.5
38.5 47.5
38.5 58.5
38.5 61.5
38.5 66.5
39.5 9.5
39.5 18.5
39.5 23.5
39.5 24.5
39.5 27.5
39.5 40.5
39.5 46.5
39.5 56.5
39.5 57.5
39.5 61.5
40.5 10.5
40.5 17.5
40.5 22.5
40.5 28.5
40.5 29.5
40.5 41.5
40.5 54.5
40.5 55.5
40.5 62.5
40.5 67.5
41.5 10.5
41.5 21.5
41.5 30.5
41.5 31.5
41.5 42.5
41.5 53.5
41.5 54.5
41.5 62.5
42.5 20.5
42.5 32.5
42.5 43.5
42.5 52.5
43.5 11.5
43.5 19.5
43.5 33.5
43.5 63.5
44.5 32.5
44.5 42.5
44.5 54.5
45.5 10.5
45.5 21.5
45.5 30.5
45.5 31.5
45.5 41.5
45.5 53.5
45.5 63.5
46.5 9.5
46.5 10.5
46.5 19.5
46.5 20.5
46.5 29.5
46.5 30.5
46.5 37.5
46.5 40.5
46.5 52.5
46.5 64.5
47.5 8.5
47.5 9.5
47.5 17.5
47.5 18.5
47.5 25.5
47.5 28.5
47.5 36.5
47.5 40.5
47.5 46.5
47.5 50.5
47.5 51.5
47.5 65.5
48.5 8.5
48.5 15.5
48.5 17.5
48.5 24.5
48.5 27.5
48.5 35.5
48.5 39.5
48.5 45.5
48.5 50.5
48.5 59.5
48.5 66.5
49.5 7.5
49.5 13.5
49.5 14.5
49.5 23.5
49.5 26.5
49.5 34.5
49.5 38.5
49.5 45.5
49.5 49.5
49.5 56.5
49.5 60.5
50.5 12.5
50.5 23.5
50.5 33.5
50.5 44.5
50.5 48.5
50.5 55.5
50.5 61.5
50.5 62.5
51.5 10.5
51.5 22.5
51.5 32.5
51.5 43.5
51.5 44.5
51.5 54.5
51.5 63.5
52.5 21.5
52.5 23.5
52.5 31.5
52.5 43.5
52.5 53.5
52.5 65.5
53.5 22.5
53.5 52.5
54.5 10.5
54.5 11.5
54.5 22.5
54.5 31.5
54.5 42.5
54.5 44.5
54.5 62.5
55.5 12.5
55.5 13.5
55.5 21.5
55.5 32.5
55.5 43.5
55.5 52.5
55.5 63.5
55.5 64.5
56.5 13.5
56.5 14.5
56.5 20.5
56.5 33.5
56.5 42.5
56.5 53.5
56.5 64.5
56.5 65.5
57.5 15.5
57.5 19.5
57.5 27.5
57.5 29.5
57.5 34.5
57.5 40.5
57.5 41.5
57.5 54.5
57.5 55.5
57.5 66.5
58.5 7.5
58.5 8.5
58.5 16.5
58.5 17.5
58.5 26.5
58.5 27.5
58.5 35.5
58.5 39.5
58.5 40.5
58.5 48.5
58.5 56.5
58.5 59.5
58.5 67.5
59.5 8.5
59.5 9.5
59.5 18.5
59.5 25.5
59.5 26.5
59.5 30.5
59.5 36.5
59.5 38.5
59.5 46.5
59.5 47.5
59.5 49.5
59.5 57.5
59.5 60.5
59.5 61.5
60.5 9.5
60.5 10.5
60.5 24.5
60.5 25.5
60.5 37.5
60.5 44.5
60.5 45.5
60.5 50.5
60.5 51.5
60.5 61.5
60.5 62.5
61.5 11.5
61.5 23.5
61.5 24.5
61.5 31.5
61.5 43.5
61.5 44.5
61.5 51.5
61.5 52.5
61.5 62.5
61.5 63.5
62.5 12.5
62.5 22.5
62.5 23.5
62.5 32.5
62.5 41.5
62.5 42.5
62.5 53.5
63.5 21.5
63.5 22.5
63.5 32.5
63.5 40.5
63.5 54.5
