11.5 27.5
12.5 26.5
16.5 27.5
16.5 30.5
17.5 27.5
17.5 29.5
17.5 37.5
18.5 22.5
18.5 29.5
20.5 21.5
20.5 22.5
20.5 23.5
20.5 34.5
20.5 35.5
21.5 32.5
22.5 24.5
22.5 27.5
22.5 28.5
23.5 26.5
23.5 28.5
26.5 21.5
32.5 18.5
32.5 21.5
33.5 20.5
33.5 28.5
33.5 69.5
34.5 20.5
35.5 14.5
35.5 66.5
36.5 19.5
36.5 64.5
37.5 16.5
37.5 17.5
37.5 20.5
38.5 67.5
39.5 63.5
40.5 15.5
41.5 41.5
41.5 66.5
41.5 70.5
43.5 45.5
46.5 46.5
47.5 35.5
48.5 37.5
48.5 40.5
48.5 45.5
49.5 42.5
51.5 37.5
51.5 40.5
52.5 29.5
52.5 30.5
52.5 37.5
54.5 28.5
56.5 26.5
