15.5 20.5
15.5 22.5
15.5 38.5
17.5 39.5
20.5 19.5
20.5 21.5
22.5 61.5
23.5 21.5
23.5 57.5
24.5 19.5
27.5 16.5
27.5 18.5
27.5 20.5
27.5 52.5
28.5 62.5
29.5 14.5
29.5 15.5
29.5 17.5
29.5 30.5
30.5 32.5
30.5 46.5
31.5 15.5
31.5 51.5
33.5 22.5
33.5 44.5
34.5 24.5
34.5 27.5
34.5 45.5
34.5 68.5
35.5 22.5
36.5 62.5
38.5 43.5
38.5 69.5
40.5 15.5
40.5 57.5
41.5 18.5
42.5 54.5
42.5 55.5
42.5 56.5
43.5 43.5
43.5 44.5
43.5 54.5
43.5 71.5
44.5 20.5
44.5 54.5
44.5 58.5
45.5 18.5
45.5 38.5
45.5 60.5
46.5 40.5
47.5 45.5
56.5 50.5
59.5 37.5
59.5 48.5
60.5 37.5
60.5 50.5
61.5 34.5
62.5 37.5
64.5 35.5
64.5 38.5
