17.5 72.5
18.5 62.5
18.5 67.5
19.5 57.5
20.5 51.5
21.5 48.5
21.5 49.5
21.5 50.5
21.5 64.5
21.5 69.5
22.5 63.5
23.5 40.5
23.5 54.5
23.5 60.5
23.5 66.5
23.5 67.5
27.5 34.5
28.5 27.5
29.5 31.5
30.5 21.5
30.5 26.5
31.5 21.5
31.5 31.5
32.5 17.5
32.5 19.5
33.5 18.5
35.5 17.5
37.5 18.5
37.5 19.5
37.5 20.5
38.5 11.5
39.5 15.5
39.5 19.5
40.5 10.5
41.5 10.5
42.5 10.5
43.5 10.5
44.5 10.5
45.5 10.5
46.5 10.5
47.5 10.5
48.5 35.5
48.5 41.5
48.5 48.5
48.5 49.5
48.5 52.5
48.5 53.5
49.5 26.5
49.5 27.5
50.5 39.5
50.5 53.5
51.5 29.5
51.5 41.5
51.5 52.5
52.5 19.5
52.5 23.5
52.5 26.5
52.5 27.5
52.5 32.5
52.5 39.5
55.5 60.5
62.5 59.5
63.5 58.5
63.5 61.5
