11.5 46.5
13.5 32.5
13.5 46.5
16.5 43.5
17.5 40.5
19.5 38.5
20.5 38.5
20.5 41.5
24.5 32.5
25.5 55.5
26.5 59.5
27.5 51.5
27.5 62.5
28.5 51.5
29.5 48.5
30.5 33.5
30.5 47.5
30.5 53.5
30.5 59.5
30.5 62.5
31.5 50.5
31.5 54.5
31.5 59.5
31.5 60.5
32.5 22.5
35.5 45.5
36.5 22.5
36.5 67.5
36.5 68.5
39.5 62.5
39.5 63.5
40.5 10.5
40.5 21.5
40.5 67.5
41.5 10.5
41.5 67.5
42.5 10.5
42.5 64.5
42.5 67.5
43.5 10.5
43.5 14.5
43.5 62.5
43.5 68.5
44.5 10.5
44.5 14.5
44.5 64.5
45.5 10.5
45.5 64.5
45.5 65.5
46.5 10.5
46.5 63.5
46.5 67.5
47.5 10.5
48.5 10.5
49.5 37.5
51.5 66.5
52.5 62.5
52.5 66.5
52.5 67.5
53.5 37.5
54.5 37.5
54.5 62.5
54.5 64.5
57.5 33.5
57.5 34.5
59.5 36.5
62.5 33.5
62.5 35.5
