4.5 26.5
4.5 62.5
5.5 27.5
5.5 37.5
5.5 51.5
6.5 13.5
6.5 27.5
6.5 37.5
6.5 52.5
6.5 61.5
7.5 14.5
7.5 28.5
7.5 36.5
7.5 52.5
7.5 53.5
7.5 60.5
8.5 15.5
8.5 29.5
8.5 35.5
8.5 53.5
9.5 15.5
9.5 35.5
9.5 54.5
9.5 59.5
10.5 8.5
10.5 16.5
10.5 22.5
10.5 46.5
10.5 66.5
11.5 9.5
11.5 22.5
11.5 23.5
11.5 40.5
11.5 46.5
11.5 65.5
12.5 9.5
12.5 23.5
12.5 39.5
12.5 47.5
12.5 65.5
13.5 10.5
13.5 24.5
13.5 39.5
13.5 47.5
13.5 48.5
13.5 64.5
14.5 11.5
14.5 25.5
14.5 48.5
14.5 64.5
15.5 11.5
15.5 38.5
15.5 63.5
16.5 12.5
20.5 12.5
20.5 62.5
21.5 12.5
21.5 26.5
21.5 36.5
21.5 49.5
21.5 50.5
21.5 62.5
22.5 11.5
22.5 27.5
22.5 50.5
22.5 51.5
22.5 61.5
23.5 11.5
23.5 27.5
23.5 28.5
23.5 35.5
23.5 51.5
23.5 52.5
23.5 60.5
24.5 28.5
24.5 35.5
24.5 52.5
24.5 53.5
24.5 59.5
25.5 10.5
25.5 29.5
25.5 67.5
26.5 10.5
26.5 16.5
26.5 21.5
26.5 30.5
26.5 34.5
26.5 40.5
26.5 45.5
26.5 66.5
27.5 16.5
27.5 22.5
27.5 39.5
27.5 46.5
27.5 65.5
28.5 15.5
28.5 23.5
28.5 39.5
28.5 47.5
28.5 64.5
29.5 15.5
29.5 23.5
29.5 48.5
29.5 63.5
30.5 15.5
30.5 24.5
30.5 38.5
30.5 49.5
32.5 14.5
35.5 50.5
36.5 37.5
36.5 51.5
36.5 61.5
37.5 14.5
37.5 26.5
37.5 36.5
37.5 51.5
37.5 60.5
38.5 15.5
38.5 27.5
38.5 52.5
38.5 60.5
39.5 16.5
39.5 28.5
39.5 35.5
39.5 53.5
39.5 59.5
40.5 10.5
40.5 29.5
40.5 34.5
40.5 41.5
40.5 53.5
40.5 59.5
40.5 67.5
41.5 21.5
41.5 29.5
41.5 46.5
41.5 54.5
41.5 66.5
42.5 11.5
42.5 22.5
42.5 40.5
42.5 47.5
42.5 65.5
43.5 12.5
43.5 23.5
43.5 39.5
43.5 40.5
43.5 47.5
43.5 65.5
44.5 12.5
44.5 24.5
44.5 39.5
44.5 48.5
44.5 64.5
45.5 13.5
45.5 25.5
45.5 38.5
45.5 49.5
45.5 63.5
46.5 38.5
46.5 49.5
49.5 25.5
50.5 14.5
50.5 24.5
50.5 63.5
51.5 24.5
51.5 37.5
51.5 50.5
51.5 64.5
52.5 15.5
52.5 23.5
52.5 36.5
52.5 51.5
52.5 65.5
53.5 16.5
53.5 23.5
53.5 36.5
53.5 51.5
53.5 65.5
54.5 16.5
54.5 22.5
54.5 35.5
54.5 52.5
54.5 66.5
55.5 9.5
55.5 17.5
55.5 29.5
55.5 35.5
55.5 53.5
55.5 67.5
56.5 10.5
56.5 28.5
56.5 34.5
56.5 53.5
56.5 59.5
57.5 10.5
57.5 11.5
57.5 28.5
57.5 41.5
57.5 46.5
57.5 59.5
57.5 60.5
58.5 11.5
58.5 27.5
58.5 40.5
58.5 47.5
58.5 60.5
59.5 12.5
59.5 27.5
59.5 39.5
59.5 47.5
59.5 61.5
60.5 26.5
60.5 39.5
60.5 48.5
60.5 62.5
61.5 26.5
61.5 38.5
61.5 49.5
61.5 62.5
