11.5 31.5
12.5 17.5
14.5 35.5
15.5 16.5
16.5 32.5
17.5 30.5
17.5 32.5
19.5 35.5
20.5 14.5
20.5 19.5
21.5 31.5
21.5 34.5
22.5 17.5
22.5 18.5
23.5 16.5
24.5 31.5
25.5 31.5
27.5 33.5
27.5 36.5
29.5 31.5
29.5 33.5
29.5 66.5
30.5 30.5
30.5 31.5
30.5 33.5
31.5 33.5
33.5 35.5
33.5 68.5
34.5 35.5
34.5 68.5
35.5 30.5
36.5 30.5
36.5 34.5
36.5 67.5
37.5 13.5
37.5 47.5
38.5 68.5
38.5 69.5
40.5 32.5
40.5 34.5
41.5 13.5
41.5 46.5
43.5 10.5
43.5 49.5
44.5 10.5
45.5 13.5
46.5 30.5
46.5 45.5
47.5 38.5
48.5 10.5
49.5 10.5
50.5 10.5
50.5 60.5
51.5 10.5
51.5 31.5
51.5 60.5
52.5 10.5
53.5 10.5
53.5 32.5
54.5 10.5
54.5 37.5
55.5 10.5
55.5 31.5
55.5 58.5
56.5 10.5
57.5 10.5
58.5 10.5
59.5 10.5
60.5 10.5
61.5 10.5
62.5 10.5
63.5 10.5
64.5 10.5
