11.5 44.5
12.5 41.5
14.5 38.5
14.5 42.5
15.5 16.5
15.5 18.5
18.5 58.5
18.5 61.5
19.5 13.5
20.5 56.5
22.5 47.5
22.5 67.5
23.5 46.5
23.5 51.5
23.5 58.5
23.5 64.5
23.5 69.5
24.5 10.5
25.5 10.5
26.5 10.5
27.5 10.5
27.5 24.5
27.5 28.5
27.5 70.5
28.5 10.5
29.5 10.5
29.5 26.5
29.5 45.5
30.5 10.5
31.5 10.5
31.5 25.5
31.5 41.5
32.5 18.5
37.5 36.5
43.5 37.5
44.5 37.5
48.5 70.5
48.5 72.5
49.5 70.5
50.5 40.5
52.5 43.5
52.5 44.5
52.5 72.5
53.5 42.5
53.5 44.5
53.5 70.5
53.5 71.5
54.5 71.5
56.5 48.5
57.5 47.5
57.5 70.5
57.5 72.5
59.5 63.5
59.5 68.5
60.5 49.5
62.5 67.5
