2.5 12.5
2.5 23.5
2.5 33.5
2.5 62.5
3.5 13.5
3.5 22.5
3.5 23.5
3.5 32.5
3.5 43.5
3.5 62.5
4.5 13.5
4.5 22.5
4.5 32.5
4.5 43.5
4.5 53.5
4.5 63.5
5.5 14.5
5.5 21.5
5.5 31.5
5.5 32.5
5.5 42.5
5.5 54.5
5.5 63.5
5.5 64.5
6.5 14.5
6.5 20.5
6.5 21.5
6.5 27.5
6.5 31.5
6.5 36.5
6.5 41.5
6.5 42.5
6.5 54.5
6.5 64.5
7.5 9.5
7.5 15.5
7.5 19.5
7.5 20.5
7.5 26.5
7.5 27.5
7.5 31.5
7.5 36.5
7.5 40.5
7.5 41.5
7.5 47.5
7.5 49.5
7.5 55.5
7.5 59.5
7.5 65.5
8.5 10.5
8.5 15.5
8.5 19.5
8.5 25.5
8.5 26.5
8.5 30.5
8.5 35.5
8.5 36.5
8.5 40.5
8.5 47.5
8.5 50.5
8.5 55.5
8.5 60.5
8.5 65.5
9.5 10.5
9.5 11.5
9.5 16.5
9.5 18.5
9.5 25.5
9.5 30.5
9.5 35.5
9.5 39.5
9.5 40.5
9.5 46.5
9.5 50.5
9.5 56.5
9.5 60.5
9.5 66.5
10.5 11.5
10.5 24.5
10.5 25.5
10.5 35.5
10.5 39.5
10.5 45.5
10.5 46.5
10.5 50.5
10.5 51.5
10.5 56.5
10.5 61.5
11.5 12.5
11.5 23.5
11.5 24.5
11.5 34.5
11.5 35.5
11.5 45.5
11.5 51.5
11.5 57.5
11.5 61.5
11.5 62.5
12.5 12.5
12.5 13.5
12.5 23.5
12.5 34.5
12.5 44.5
12.5 45.5
12.5 51.5
12.5 52.5
12.5 62.5
13.5 13.5
13.5 22.5
13.5 34.5
13.5 43.5
13.5 44.5
13.5 52.5
13.5 62.5
13.5 63.5
14.5 13.5
14.5 22.5
14.5 34.5
14.5 43.5
14.5 52.5
14.5 53.5
14.5 63.5
15.5 12.5
15.5 13.5
15.5 23.5
15.5 33.5
15.5 43.5
15.5 53.5
15.5 62.5
16.5 11.5
16.5 12.5
16.5 24.5
16.5 33.5
16.5 43.5
16.5 63.5
17.5 10.5
17.5 11.5
17.5 24.5
17.5 25.5
17.5 32.5
17.5 33.5
17.5 43.5
17.5 53.5
17.5 54.5
17.5 64.5
18.5 9.5
18.5 10.5
18.5 16.5
18.5 25.5
18.5 26.5
18.5 32.5
18.5 42.5
18.5 52.5
18.5 53.5
18.5 64.5
18.5 65.5
19.5 8.5
19.5 9.5
19.5 15.5
19.5 18.5
19.5 26.5
19.5 27.5
19.5 31.5
19.5 41.5
19.5 42.5
19.5 52.5
19.5 57.5
19.5 65.5
19.5 66.5
20.5 7.5
20.5 14.5
20.5 15.5
20.5 19.5
20.5 27.5
20.5 31.5
20.5 36.5
20.5 41.5
20.5 51.5
20.5 57.5
20.5 59.5
20.5 60.5
20.5 66.5
20.5 67.5
21.5 14.5
21.5 19.5
21.5 20.5
21.5 28.5
21.5 30.5
21.5 35.5
21.5 36.5
21.5 40.5
21.5 47.5
21.5 50.5
21.5 56.5
21.5 60.5
21.5 61.5
21.5 67.5
22.5 13.5
22.5 20.5
22.5 21.5
22.5 35.5
22.5 40.5
22.5 46.5
22.5 47.5
22.5 49.5
22.5 55.5
22.5 56.5
22.5 61.5
22.5 62.5
23.5 12.5
23.5 13.5
23.5 21.5
23.5 22.5
23.5 34.5
23.5 35.5
23.5 39.5
23.5 45.5
23.5 46.5
23.5 55.5
23.5 62.5
23.5 63.5
24.5 12.5
24.5 22.5
24.5 23.5
24.5 34.5
24.5 44.5
24.5 54.5
24.5 63.5
24.5 64.5
25.5 11.5
25.5 23.5
25.5 33.5
25.5 34.5
25.5 43.5
25.5 54.5
25.5 64.5
26.5 24.5
26.5 33.5
26.5 42.5
26.5 53.5
26.5 63.5
27.5 11.5
27.5 24.5
27.5 42.5
27.5 54.5
27.5 63.5
28.5 11.5
28.5 23.5
28.5 33.5
28.5 43.5
28.5 53.5
28.5 64.5
29.5 10.5
29.5 11.5
29.5 22.5
29.5 32.5
29.5 43.5
29.5 44.5
29.5 52.5
29.5 53.5
29.5 64.5
29.5 65.5
30.5 10.5
30.5 21.5
30.5 22.5
30.5 32.5
30.5 44.5
30.5 45.5
30.5 52.5
30.5 65.5
31.5 10.5
31.5 16.5
31.5 20.5
31.5 21.5
31.5 27.5
31.5 31.5
31.5 45.5
31.5 51.5
31.5 57.5
31.5 59.5
31.5 65.5
31.5 66.5
32.5 9.5
32.5 10.5
32.5 16.5
32.5 19.5
32.5 20.5
32.5 26.5
32.5 30.5
32.5 31.5
32.5 37.5
32.5 39.5
32.5 45.5
32.5 46.5
32.5 50.5
32.5 56.5
32.5 57.5
32.5 60.5
32.5 66.5
33.5 9.5
33.5 15.5
33.5 19.5
33.5 25.5
33.5 26.5
33.5 30.5
33.5 36.5
33.5 40.5
33.5 46.5
33.5 47.5
33.5 50.5
33.5 56.5
33.5 60.5
33.5 66.5
34.5 9.5
34.5 14.5
34.5 15.5
34.5 25.5
34.5 29.5
34.5 35.5
34.5 36.5
34.5 40.5
34.5 41.5
34.5 47.5
34.5 49.5
34.5 55.5
34.5 61.5
34.5 67.5
35.5 13.5
35.5 14.5
35.5 24.5
35.5 25.5
35.5 34.5
35.5 35.5
35.5 41.5
35.5 54.5
35.5 55.5
35.5 61.5
35.5 62.5
36.5 13.5
36.5 24.5
36.5 34.5
36.5 42.5
36.5 53.5
36.5 54.5
36.5 62.5
37.5 12.5
37.5 23.5
37.5 33.5
37.5 34.5
37.5 42.5
37.5 43.5
37.5 53.5
37.5 62.5
37.5 63.5
38.5 23.5
38.5 33.5
38.5 43.5
38.5 52.5
38.5 63.5
39.5 13.5
39.5 23.5
39.5 32.5
39.5 54.5
39.5 62.5
40.5 13.5
40.5 23.5
40.5 32.5
40.5 43.5
40.5 53.5
40.5 63.5
41.5 13.5
41.5 14.5
41.5 24.5
41.5 33.5
41.5 43.5
41.5 44.5
41.5 52.5
41.5 53.5
41.5 63.5
41.5 64.5
42.5 14.5
42.5 19.5
42.5 24.5
42.5 34.5
42.5 44.5
42.5 52.5
42.5 64.5
43.5 8.5
43.5 14.5
43.5 15.5
43.5 19.5
43.5 25.5
43.5 34.5
43.5 35.5
43.5 45.5
43.5 51.5
43.5 52.5
43.5 65.5
44.5 9.5
44.5 14.5
44.5 15.5
44.5 20.5
44.5 25.5
44.5 29.5
44.5 35.5
44.5 36.5
44.5 39.5
44.5 45.5
44.5 46.5
44.5 50.5
44.5 51.5
44.5 58.5
44.5 59.5
44.5 65.5
44.5 66.5
45.5 9.5
45.5 15.5
45.5 20.5
45.5 26.5
45.5 30.5
45.5 36.5
45.5 40.5
45.5 46.5
45.5 50.5
45.5 56.5
45.5 59.5
45.5 60.5
45.5 66.5
46.5 9.5
46.5 10.5
46.5 15.5
46.5 20.5
46.5 21.5
46.5 26.5
46.5 30.5
46.5 31.5
46.5 37.5
46.5 40.5
46.5 41.5
46.5 47.5
46.5 49.5
46.5 50.5
46.5 55.5
46.5 60.5
46.5 61.5
46.5 67.5
47.5 10.5
47.5 16.5
47.5 21.5
47.5 31.5
47.5 41.5
47.5 42.5
47.5 54.5
47.5 55.5
47.5 61.5
47.5 62.5
48.5 10.5
48.5 11.5
48.5 21.5
48.5 31.5
48.5 32.5
48.5 42.5
48.5 43.5
48.5 54.5
48.5 62.5
48.5 63.5
49.5 11.5
49.5 21.5
49.5 22.5
49.5 32.5
49.5 33.5
49.5 43.5
49.5 44.5
49.5 53.5
49.5 63.5
50.5 11.5
50.5 22.5
50.5 33.5
50.5 44.5
50.5 64.5
51.5 12.5
51.5 22.5
51.5 42.5
51.5 52.5
52.5 12.5
52.5 23.5
52.5 32.5
52.5 43.5
52.5 53.5
52.5 63.5
52.5 64.5
53.5 11.5
53.5 22.5
53.5 33.5
53.5 43.5
53.5 44.5
53.5 53.5
53.5 62.5
53.5 63.5
54.5 11.5
54.5 21.5
54.5 22.5
54.5 34.5
54.5 44.5
54.5 54.5
54.5 61.5
54.5 62.5
55.5 10.5
55.5 20.5
55.5 21.5
55.5 34.5
55.5 35.5
55.5 39.5
55.5 44.5
55.5 45.5
55.5 49.5
55.5 55.5
55.5 60.5
55.5 61.5
55.5 68.5
56.5 10.5
56.5 16.5
56.5 20.5
56.5 26.5
56.5 28.5
56.5 35.5
56.5 39.5
56.5 45.5
56.5 49.5
56.5 50.5
56.5 56.5
56.5 59.5
56.5 60.5
56.5 67.5
57.5 9.5
57.5 15.5
57.5 16.5
57.5 19.5
57.5 20.5
57.5 26.5
57.5 29.5
57.5 36.5
57.5 40.5
57.5 46.5
57.5 50.5
57.5 51.5
57.5 56.5
57.5 59.5
57.5 66.5
58.5 9.5
58.5 15.5
58.5 19.5
58.5 25.5
58.5 30.5
58.5 37.5
58.5 40.5
58.5 41.5
58.5 46.5
58.5 51.5
58.5 57.5
58.5 58.5
58.5 65.5
59.5 8.5
59.5 14.5
59.5 15.5
59.5 18.5
59.5 24.5
59.5 25.5
59.5 30.5
59.5 31.5
59.5 41.5
59.5 47.5
59.5 51.5
59.5 52.5
59.5 64.5
60.5 13.5
60.5 14.5
60.5 24.5
60.5 31.5
60.5 32.5
60.5 42.5
60.5 52.5
60.5 53.5
60.5 63.5
61.5 13.5
61.5 23.5
61.5 32.5
61.5 33.5
61.5 42.5
61.5 53.5
61.5 62.5
62.5 12.5
62.5 23.5
62.5 33.5
62.5 43.5
62.5 54.5
63.5 11.5
63.5 22.5
63.5 34.5
63.5 43.5
