18.5 63.5
19.5 64.5
20.5 63.5
21.5 62.5
22.5 63.5
23.5 55.5
23.5 57.5
23.5 66.5
24.5 59.5
25.5 52.5
26.5 55.5
26.5 58.5
28.5 47.5
30.5 51.5
31.5 52.5
32.5 38.5
32.5 39.5
32.5 40.5
32.5 48.5
32.5 50.5
33.5 38.5
33.5 39.5
33.5 40.5
33.5 56.5
34.5 38.5
34.5 39.5
34.5 47.5
34.5 50.5
34.5 52.5
35.5 35.5
36.5 46.5
37.5 44.5
37.5 45.5
38.5 43.5
38.5 44.5
38.5 45.5
39.5 31.5
39.5 43.5
39.5 44.5
39.5 45.5
40.5 45.5
41.5 37.5
41.5 39.5
43.5 28.5
43.5 29.5
43.5 31.5
43.5 34.5
43.5 38.5
44.5 28.5
44.5 30.5
45.5 25.5
45.5 32.5
45.5 34.5
47.5 31.5
47.5 33.5
48.5 25.5
49.5 33.5
51.5 24.5
