2.5 24.5
2.5 39.5
2.5 47.5
2.5 48.5
2.5 64.5
2.5 65.5
3.5 9.5
3.5 25.5
3.5 38.5
3.5 39.5
3.5 48.5
3.5 49.5
3.5 63.5
3.5 64.5
4.5 10.5
4.5 11.5
4.5 26.5
4.5 37.5
4.5 38.5
4.5 50.5
4.5 51.5
4.5 62.5
4.5 63.5
5.5 11.5
5.5 12.5
5.5 13.5
5.5 27.5
5.5 35.5
5.5 36.5
5.5 37.5
5.5 51.5
5.5 52.5
5.5 53.5
5.5 61.5
5.5 62.5
6.5 13.5
6.5 14.5
6.5 15.5
6.5 27.5
6.5 28.5
6.5 34.5
6.5 35.5
6.5 36.5
6.5 43.5
6.5 53.5
6.5 54.5
6.5 59.5
6.5 60.5
6.5 61.5
6.5 68.5
7.5 14.5
7.5 15.5
7.5 16.5
7.5 18.5
7.5 19.5
7.5 28.5
7.5 29.5
7.5 33.5
7.5 34.5
7.5 42.5
7.5 43.5
7.5 55.5
7.5 56.5
7.5 58.5
7.5 59.5
7.5 67.5
8.5 7.5
8.5 16.5
8.5 17.5
8.5 18.5
8.5 20.5
8.5 21.5
8.5 29.5
8.5 32.5
8.5 33.5
8.5 41.5
8.5 44.5
8.5 45.5
8.5 56.5
8.5 57.5
8.5 58.5
8.5 66.5
8.5 67.5
9.5 7.5
9.5 8.5
9.5 18.5
9.5 19.5
9.5 21.5
9.5 22.5
9.5 23.5
9.5 30.5
9.5 31.5
9.5 32.5
9.5 40.5
9.5 41.5
9.5 45.5
9.5 46.5
9.5 47.5
9.5 57.5
9.5 58.5
9.5 66.5
10.5 8.5
10.5 9.5
10.5 20.5
10.5 22.5
10.5 23.5
10.5 24.5
10.5 31.5
10.5 39.5
10.5 40.5
10.5 47.5
10.5 48.5
10.5 49.5
10.5 65.5
10.5 66.5
11.5 10.5
11.5 11.5
11.5 24.5
11.5 25.5
11.5 26.5
11.5 32.5
11.5 39.5
11.5 48.5
11.5 49.5
11.5 50.5
11.5 51.5
11.5 64.5
11.5 65.5
12.5 11.5
12.5 12.5
12.5 25.5
12.5 26.5
12.5 27.5
12.5 38.5
12.5 39.5
12.5 50.5
12.5 51.5
12.5 52.5
12.5 64.5
13.5 12.5
13.5 13.5
13.5 27.5
13.5 28.5
13.5 37.5
13.5 38.5
13.5 52.5
13.5 53.5
13.5 63.5
13.5 64.5
14.5 14.5
14.5 29.5
14.5 37.5
14.5 40.5
14.5 61.5
14.5 63.5
15.5 13.5
15.5 14.5
15.5 27.5
15.5 28.5
15.5 36.5
15.5 39.5
15.5 62.5
16.5 11.5
16.5 12.5
16.5 13.5
16.5 25.5
16.5 26.5
16.5 38.5
16.5 47.5
16.5 48.5
16.5 49.5
16.5 63.5
17.5 10.5
17.5 11.5
17.5 12.5
17.5 23.5
17.5 24.5
17.5 25.5
17.5 32.5
17.5 36.5
17.5 37.5
17.5 49.5
17.5 50.5
17.5 51.5
17.5 52.5
17.5 57.5
17.5 64.5
18.5 9.5
18.5 10.5
18.5 19.5
18.5 22.5
18.5 23.5
18.5 31.5
18.5 35.5
18.5 36.5
18.5 51.5
18.5 52.5
18.5 53.5
18.5 54.5
18.5 58.5
18.5 65.5
19.5 8.5
19.5 9.5
19.5 17.5
19.5 18.5
19.5 20.5
19.5 21.5
19.5 22.5
19.5 30.5
19.5 34.5
19.5 35.5
19.5 43.5
19.5 44.5
19.5 53.5
19.5 54.5
19.5 55.5
19.5 56.5
19.5 58.5
19.5 59.5
19.5 65.5
19.5 66.5
20.5 7.5
20.5 16.5
20.5 17.5
20.5 19.5
20.5 20.5
20.5 29.5
20.5 33.5
20.5 34.5
20.5 43.5
20.5 44.5
20.5 55.5
20.5 56.5
20.5 57.5
20.5 59.5
20.5 60.5
20.5 66.5
20.5 67.5
21.5 15.5
21.5 16.5
21.5 18.5
21.5 28.5
21.5 33.5
21.5 41.5
21.5 42.5
21.5 45.5
21.5 46.5
21.5 59.5
21.5 60.5
21.5 67.5
22.5 14.5
22.5 15.5
22.5 27.5
22.5 28.5
22.5 32.5
22.5 40.5
22.5 41.5
22.5 46.5
22.5 47.5
22.5 60.5
22.5 61.5
22.5 68.5
23.5 13.5
23.5 14.5
23.5 26.5
23.5 27.5
23.5 31.5
23.5 38.5
23.5 39.5
23.5 47.5
23.5 48.5
23.5 61.5
23.5 62.5
24.5 12.5
24.5 25.5
24.5 37.5
24.5 38.5
24.5 49.5
24.5 62.5
25.5 11.5
25.5 12.5
25.5 24.5
25.5 27.5
25.5 36.5
25.5 37.5
25.5 47.5
25.5 50.5
25.5 58.5
25.5 62.5
25.5 63.5
26.5 12.5
26.5 13.5
26.5 23.5
26.5 26.5
26.5 35.5
26.5 40.5
26.5 48.5
26.5 51.5
26.5 59.5
26.5 63.5
27.5 13.5
27.5 14.5
27.5 25.5
27.5 26.5
27.5 39.5
27.5 48.5
27.5 49.5
27.5 60.5
27.5 61.5
27.5 64.5
28.5 14.5
28.5 15.5
28.5 24.5
28.5 25.5
28.5 37.5
28.5 38.5
28.5 49.5
28.5 50.5
28.5 61.5
28.5 62.5
29.5 7.5
29.5 15.5
29.5 16.5
29.5 23.5
29.5 24.5
29.5 36.5
29.5 37.5
29.5 50.5
29.5 51.5
29.5 55.5
29.5 62.5
29.5 63.5
30.5 8.5
30.5 16.5
30.5 17.5
30.5 22.5
30.5 23.5
30.5 31.5
30.5 35.5
30.5 36.5
30.5 51.5
30.5 55.5
30.5 56.5
30.5 63.5
30.5 64.5
31.5 9.5
31.5 17.5
31.5 22.5
31.5 30.5
31.5 34.5
31.5 35.5
31.5 43.5
31.5 44.5
31.5 51.5
31.5 52.5
31.5 56.5
31.5 57.5
31.5 64.5
31.5 65.5
32.5 9.5
32.5 10.5
32.5 18.5
32.5 21.5
32.5 29.5
32.5 30.5
32.5 33.5
32.5 34.5
32.5 42.5
32.5 45.5
32.5 52.5
32.5 53.5
32.5 57.5
32.5 58.5
32.5 66.5
33.5 10.5
33.5 11.5
33.5 19.5
33.5 20.5
33.5 28.5
33.5 29.5
33.5 32.5
33.5 33.5
33.5 41.5
33.5 42.5
33.5 45.5
33.5 46.5
33.5 53.5
33.5 54.5
33.5 58.5
33.5 59.5
33.5 67.5
34.5 11.5
34.5 12.5
34.5 19.5
34.5 20.5
34.5 27.5
34.5 28.5
34.5 31.5
34.5 40.5
34.5 41.5
34.5 46.5
34.5 47.5
34.5 54.5
34.5 59.5
34.5 60.5
34.5 68.5
35.5 12.5
35.5 13.5
35.5 26.5
35.5 27.5
35.5 30.5
35.5 39.5
35.5 40.5
35.5 47.5
35.5 48.5
35.5 55.5
35.5 60.5
35.5 61.5
36.5 13.5
36.5 14.5
36.5 25.5
36.5 26.5
36.5 38.5
36.5 39.5
36.5 48.5
36.5 61.5
37.5 14.5
37.5 16.5
37.5 24.5
37.5 28.5
37.5 38.5
37.5 39.5
37.5 48.5
37.5 49.5
37.5 62.5
38.5 15.5
38.5 23.5
38.5 27.5
38.5 37.5
38.5 38.5
38.5 49.5
38.5 50.5
38.5 59.5
38.5 63.5
39.5 14.5
39.5 26.5
39.5 36.5
39.5 37.5
39.5 39.5
39.5 50.5
39.5 60.5
39.5 64.5
40.5 13.5
40.5 25.5
40.5 26.5
40.5 36.5
40.5 38.5
40.5 39.5
40.5 47.5
40.5 51.5
40.5 61.5
40.5 62.5
41.5 12.5
41.5 13.5
41.5 19.5
41.5 24.5
41.5 25.5
41.5 37.5
41.5 38.5
41.5 48.5
41.5 49.5
41.5 62.5
41.5 63.5
42.5 11.5
42.5 12.5
42.5 18.5
42.5 19.5
42.5 23.5
42.5 24.5
42.5 31.5
42.5 36.5
42.5 37.5
42.5 49.5
42.5 50.5
42.5 63.5
42.5 64.5
43.5 10.5
43.5 11.5
43.5 18.5
43.5 22.5
43.5 23.5
43.5 30.5
43.5 31.5
43.5 36.5
43.5 50.5
43.5 51.5
43.5 55.5
43.5 56.5
43.5 64.5
43.5 65.5
44.5 9.5
44.5 10.5
44.5 17.5
44.5 21.5
44.5 22.5
44.5 29.5
44.5 30.5
44.5 35.5
44.5 36.5
44.5 43.5
44.5 51.5
44.5 52.5
44.5 53.5
44.5 56.5
44.5 57.5
44.5 65.5
44.5 66.5
45.5 8.5
45.5 9.5
45.5 16.5
45.5 17.5
45.5 21.5
45.5 29.5
45.5 34.5
45.5 35.5
45.5 43.5
45.5 44.5
45.5 53.5
45.5 54.5
45.5 57.5
45.5 58.5
45.5 66.5
45.5 67.5
46.5 7.5
46.5 8.5
46.5 15.5
46.5 16.5
46.5 20.5
46.5 28.5
46.5 29.5
46.5 33.5
46.5 34.5
46.5 42.5
46.5 45.5
46.5 46.5
46.5 54.5
46.5 55.5
46.5 58.5
46.5 59.5
46.5 67.5
47.5 14.5
47.5 15.5
47.5 19.5
47.5 27.5
47.5 28.5
47.5 32.5
47.5 33.5
47.5 41.5
47.5 46.5
47.5 47.5
47.5 56.5
47.5 59.5
47.5 60.5
48.5 14.5
48.5 26.5
48.5 27.5
48.5 32.5
48.5 39.5
48.5 40.5
48.5 47.5
48.5 48.5
48.5 60.5
48.5 61.5
49.5 13.5
49.5 14.5
49.5 26.5
49.5 31.5
49.5 38.5
49.5 39.5
49.5 48.5
49.5 49.5
49.5 62.5
50.5 11.5
50.5 12.5
50.5 13.5
50.5 25.5
50.5 37.5
50.5 38.5
50.5 50.5
50.5 63.5
51.5 12.5
51.5 24.5
51.5 25.5
51.5 36.5
51.5 37.5
51.5 47.5
51.5 51.5
51.5 62.5
52.5 11.5
52.5 13.5
52.5 24.5
52.5 27.5
52.5 35.5
52.5 48.5
52.5 61.5
53.5 14.5
53.5 23.5
53.5 25.5
53.5 26.5
53.5 34.5
53.5 39.5
53.5 49.5
53.5 60.5
53.5 67.5
54.5 14.5
54.5 15.5
54.5 24.5
54.5 25.5
54.5 37.5
54.5 38.5
54.5 50.5
54.5 51.5
54.5 59.5
54.5 66.5
55.5 7.5
55.5 8.5
55.5 15.5
55.5 16.5
55.5 23.5
55.5 24.5
55.5 35.5
55.5 36.5
55.5 51.5
55.5 52.5
55.5 58.5
55.5 65.5
55.5 66.5
56.5 8.5
56.5 9.5
56.5 16.5
56.5 17.5
56.5 23.5
56.5 31.5
56.5 34.5
56.5 35.5
56.5 44.5
56.5 45.5
56.5 52.5
56.5 57.5
56.5 64.5
56.5 65.5
57.5 9.5
57.5 10.5
57.5 17.5
57.5 18.5
57.5 22.5
57.5 23.5
57.5 29.5
57.5 30.5
57.5 32.5
57.5 33.5
57.5 43.5
57.5 44.5
57.5 45.5
57.5 53.5
57.5 56.5
57.5 64.5
58.5 10.5
58.5 11.5
58.5 18.5
58.5 19.5
58.5 21.5
58.5 28.5
58.5 29.5
58.5 31.5
58.5 41.5
58.5 42.5
58.5 43.5
58.5 46.5
58.5 54.5
58.5 55.5
58.5 63.5
58.5 64.5
59.5 10.5
59.5 11.5
59.5 12.5
59.5 19.5
59.5 20.5
59.5 27.5
59.5 28.5
59.5 29.5
59.5 39.5
59.5 40.5
59.5 41.5
59.5 46.5
59.5 47.5
59.5 54.5
59.5 55.5
59.5 62.5
59.5 63.5
60.5 11.5
60.5 12.5
60.5 19.5
60.5 20.5
60.5 26.5
60.5 38.5
60.5 39.5
60.5 40.5
60.5 47.5
60.5 48.5
60.5 61.5
60.5 62.5
61.5 12.5
61.5 13.5
61.5 25.5
61.5 36.5
61.5 37.5
61.5 38.5
61.5 48.5
61.5 49.5
61.5 61.5
62.5 13.5
62.5 14.5
62.5 24.5
62.5 35.5
62.5 36.5
62.5 49.5
62.5 50.5
62.5 60.5
62.5 61.5
63.5 14.5
63.5 15.5
63.5 23.5
63.5 34.5
63.5 50.5
63.5 59.5
63.5 60.5
