4.5 33.5
4.5 41.5
4.5 53.5
5.5 12.5
5.5 21.5
5.5 33.5
5.5 41.5
5.5 53.5
5.5 64.5
6.5 12.5
6.5 21.5
6.5 34.5
6.5 41.5
6.5 53.5
6.5 54.5
6.5 64.5
7.5 12.5
7.5 13.5
7.5 20.5
7.5 21.5
7.5 34.5
7.5 40.5
7.5 41.5
7.5 53.5
7.5 54.5
7.5 64.5
8.5 13.5
8.5 20.5
8.5 21.5
8.5 34.5
8.5 40.5
8.5 41.5
8.5 54.5
8.5 64.5
9.5 13.5
9.5 20.5
9.5 34.5
9.5 35.5
9.5 40.5
9.5 41.5
9.5 54.5
9.5 55.5
9.5 64.5
10.5 13.5
10.5 14.5
10.5 19.5
10.5 20.5
10.5 35.5
10.5 40.5
10.5 41.5
10.5 54.5
10.5 55.5
10.5 60.5
10.5 64.5
10.5 65.5
11.5 14.5
11.5 19.5
11.5 20.5
11.5 35.5
11.5 40.5
11.5 41.5
11.5 55.5
11.5 60.5
11.5 65.5
12.5 9.5
12.5 14.5
12.5 19.5
12.5 25.5
12.5 30.5
12.5 35.5
12.5 40.5
12.5 45.5
12.5 49.5
12.5 55.5
12.5 60.5
12.5 65.5
13.5 10.5
13.5 25.5
13.5 30.5
13.5 40.5
13.5 45.5
13.5 49.5
13.5 60.5
13.5 61.5
14.5 10.5
14.5 24.5
14.5 25.5
14.5 30.5
14.5 31.5
14.5 49.5
14.5 50.5
14.5 60.5
14.5 61.5
15.5 10.5
15.5 11.5
15.5 24.5
15.5 30.5
15.5 31.5
15.5 44.5
15.5 49.5
15.5 50.5
15.5 61.5
16.5 11.5
16.5 23.5
16.5 24.5
16.5 31.5
16.5 44.5
16.5 50.5
16.5 61.5
17.5 11.5
17.5 23.5
17.5 24.5
17.5 31.5
17.5 32.5
17.5 44.5
17.5 50.5
17.5 51.5
17.5 61.5
18.5 11.5
18.5 23.5
18.5 31.5
18.5 32.5
18.5 44.5
18.5 50.5
18.5 51.5
18.5 61.5
19.5 12.5
19.5 23.5
19.5 32.5
19.5 43.5
19.5 50.5
19.5 51.5
20.5 32.5
20.5 43.5
20.5 51.5
21.5 43.5
24.5 12.5
24.5 22.5
25.5 12.5
25.5 22.5
25.5 52.5
25.5 63.5
26.5 11.5
26.5 12.5
26.5 22.5
26.5 23.5
26.5 32.5
26.5 52.5
26.5 53.5
26.5 63.5
27.5 11.5
27.5 23.5
27.5 31.5
27.5 32.5
27.5 52.5
27.5 53.5
27.5 63.5
28.5 11.5
28.5 23.5
28.5 31.5
28.5 41.5
28.5 53.5
28.5 63.5
28.5 64.5
29.5 11.5
29.5 23.5
29.5 24.5
29.5 30.5
29.5 31.5
29.5 41.5
29.5 53.5
29.5 54.5
29.5 64.5
30.5 10.5
30.5 11.5
30.5 23.5
30.5 24.5
30.5 30.5
30.5 31.5
30.5 40.5
30.5 41.5
30.5 53.5
30.5 54.5
30.5 64.5
31.5 10.5
31.5 24.5
31.5 29.5
31.5 30.5
31.5 40.5
31.5 54.5
31.5 64.5
31.5 65.5
32.5 10.5
32.5 14.5
32.5 19.5
32.5 24.5
32.5 29.5
32.5 40.5
32.5 54.5
32.5 60.5
32.5 65.5
33.5 14.5
33.5 19.5
33.5 29.5
33.5 35.5
33.5 44.5
33.5 49.5
33.5 54.5
33.5 55.5
33.5 60.5
33.5 65.5
34.5 14.5
34.5 19.5
34.5 34.5
34.5 35.5
34.5 39.5
34.5 44.5
34.5 49.5
34.5 55.5
34.5 60.5
35.5 13.5
35.5 19.5
35.5 20.5
35.5 34.5
35.5 35.5
35.5 44.5
35.5 49.5
35.5 50.5
35.5 60.5
35.5 61.5
36.5 13.5
36.5 19.5
36.5 20.5
36.5 33.5
36.5 34.5
36.5 43.5
36.5 44.5
36.5 50.5
36.5 60.5
36.5 61.5
37.5 13.5
37.5 19.5
37.5 20.5
37.5 33.5
37.5 34.5
37.5 43.5
37.5 44.5
37.5 50.5
37.5 51.5
37.5 61.5
38.5 13.5
38.5 20.5
38.5 33.5
38.5 43.5
38.5 51.5
38.5 61.5
39.5 20.5
39.5 32.5
39.5 43.5
39.5 51.5
39.5 62.5
40.5 12.5
40.5 32.5
40.5 43.5
40.5 51.5
40.5 62.5
41.5 52.5
44.5 21.5
44.5 31.5
45.5 11.5
45.5 21.5
45.5 31.5
45.5 62.5
46.5 11.5
46.5 22.5
46.5 30.5
46.5 31.5
46.5 43.5
46.5 52.5
46.5 62.5
47.5 10.5
47.5 22.5
47.5 30.5
47.5 43.5
47.5 51.5
47.5 52.5
47.5 61.5
47.5 62.5
48.5 10.5
48.5 22.5
48.5 23.5
48.5 30.5
48.5 43.5
48.5 44.5
48.5 51.5
48.5 61.5
48.5 62.5
49.5 10.5
49.5 23.5
49.5 29.5
49.5 30.5
49.5 43.5
49.5 44.5
49.5 51.5
49.5 61.5
50.5 9.5
50.5 10.5
50.5 23.5
50.5 29.5
50.5 30.5
50.5 44.5
50.5 50.5
50.5 51.5
50.5 61.5
51.5 9.5
51.5 23.5
51.5 24.5
51.5 29.5
51.5 44.5
51.5 45.5
51.5 50.5
51.5 61.5
52.5 9.5
52.5 13.5
52.5 18.5
52.5 24.5
52.5 29.5
52.5 35.5
52.5 44.5
52.5 45.5
52.5 50.5
52.5 55.5
52.5 60.5
52.5 61.5
53.5 13.5
53.5 18.5
53.5 24.5
53.5 29.5
53.5 34.5
53.5 35.5
53.5 40.5
53.5 45.5
53.5 49.5
53.5 55.5
53.5 60.5
53.5 65.5
54.5 13.5
54.5 18.5
54.5 19.5
54.5 34.5
54.5 35.5
54.5 40.5
54.5 54.5
54.5 55.5
54.5 65.5
55.5 12.5
55.5 13.5
55.5 18.5
55.5 19.5
55.5 34.5
55.5 40.5
55.5 54.5
55.5 55.5
55.5 65.5
56.5 12.5
56.5 13.5
56.5 19.5
56.5 34.5
56.5 40.5
56.5 41.5
56.5 54.5
56.5 64.5
56.5 65.5
57.5 12.5
57.5 19.5
57.5 20.5
57.5 33.5
57.5 34.5
57.5 40.5
57.5 41.5
57.5 54.5
57.5 64.5
58.5 12.5
58.5 19.5
58.5 20.5
58.5 33.5
58.5 34.5
58.5 41.5
58.5 53.5
58.5 54.5
58.5 64.5
59.5 12.5
59.5 20.5
59.5 33.5
59.5 34.5
59.5 41.5
59.5 53.5
59.5 64.5
60.5 11.5
60.5 20.5
60.5 33.5
60.5 41.5
60.5 53.5
61.5 11.5
61.5 33.5
