2.5 12.5
2.5 24.5
2.5 39.5
2.5 60.5
3.5 25.5
3.5 38.5
3.5 51.5
3.5 61.5
4.5 13.5
4.5 25.5
4.5 26.5
4.5 37.5
4.5 50.5
4.5 62.5
5.5 8.5
5.5 14.5
5.5 26.5
5.5 27.5
5.5 36.5
5.5 37.5
5.5 49.5
5.5 62.5
5.5 63.5
6.5 8.5
6.5 18.5
6.5 27.5
6.5 28.5
6.5 36.5
6.5 48.5
6.5 63.5
6.5 64.5
7.5 9.5
7.5 15.5
7.5 19.5
7.5 28.5
7.5 29.5
7.5 35.5
7.5 43.5
7.5 48.5
7.5 56.5
7.5 57.5
7.5 64.5
8.5 9.5
8.5 16.5
8.5 20.5
8.5 29.5
8.5 30.5
8.5 34.5
8.5 42.5
8.5 47.5
8.5 55.5
8.5 65.5
9.5 9.5
9.5 21.5
9.5 31.5
9.5 33.5
9.5 41.5
9.5 46.5
9.5 54.5
9.5 58.5
9.5 66.5
10.5 10.5
10.5 17.5
10.5 22.5
10.5 32.5
10.5 40.5
10.5 41.5
10.5 45.5
10.5 53.5
10.5 54.5
10.5 59.5
10.5 67.5
11.5 10.5
11.5 18.5
11.5 23.5
11.5 40.5
11.5 44.5
11.5 53.5
11.5 59.5
11.5 68.5
12.5 11.5
12.5 24.5
12.5 39.5
12.5 52.5
12.5 60.5
13.5 11.5
13.5 25.5
13.5 38.5
13.5 51.5
14.5 12.5
14.5 24.5
14.5 26.5
14.5 37.5
14.5 39.5
14.5 50.5
14.5 51.5
14.5 61.5
15.5 12.5
15.5 27.5
15.5 50.5
15.5 62.5
16.5 25.5
16.5 28.5
16.5 38.5
16.5 49.5
16.5 61.5
16.5 62.5
17.5 12.5
17.5 13.5
17.5 25.5
17.5 37.5
17.5 48.5
17.5 63.5
18.5 26.5
18.5 37.5
18.5 49.5
18.5 62.5
19.5 13.5
19.5 26.5
19.5 36.5
19.5 50.5
20.5 13.5
20.5 26.5
20.5 27.5
20.5 36.5
20.5 43.5
20.5 51.5
20.5 63.5
21.5 14.5
21.5 19.5
21.5 27.5
21.5 35.5
21.5 45.5
21.5 52.5
21.5 64.5
22.5 14.5
22.5 27.5
22.5 35.5
22.5 42.5
22.5 45.5
22.5 53.5
22.5 57.5
22.5 64.5
23.5 7.5
23.5 14.5
23.5 15.5
23.5 20.5
23.5 28.5
23.5 34.5
23.5 46.5
23.5 54.5
23.5 58.5
23.5 65.5
24.5 8.5
24.5 15.5
24.5 20.5
24.5 28.5
24.5 34.5
24.5 41.5
24.5 46.5
24.5 54.5
24.5 65.5
25.5 8.5
25.5 15.5
25.5 21.5
25.5 29.5
25.5 40.5
25.5 41.5
25.5 47.5
25.5 55.5
25.5 59.5
25.5 66.5
26.5 9.5
26.5 16.5
26.5 21.5
26.5 22.5
26.5 29.5
26.5 33.5
26.5 40.5
26.5 47.5
26.5 56.5
26.5 60.5
26.5 66.5
27.5 16.5
27.5 22.5
27.5 29.5
27.5 39.5
27.5 40.5
27.5 48.5
27.5 57.5
27.5 61.5
28.5 10.5
28.5 23.5
28.5 30.5
28.5 32.5
28.5 39.5
28.5 48.5
28.5 61.5
29.5 11.5
29.5 17.5
29.5 23.5
29.5 38.5
29.5 39.5
29.5 49.5
29.5 62.5
30.5 11.5
30.5 24.5
30.5 38.5
30.5 49.5
31.5 12.5
31.5 24.5
31.5 38.5
31.5 50.5
31.5 61.5
32.5 25.5
32.5 26.5
32.5 37.5
32.5 50.5
32.5 62.5
33.5 13.5
33.5 25.5
33.5 39.5
33.5 50.5
33.5 62.5
34.5 12.5
34.5 25.5
34.5 26.5
34.5 36.5
34.5 50.5
34.5 51.5
34.5 63.5
35.5 12.5
35.5 24.5
35.5 38.5
35.5 51.5
36.5 11.5
36.5 24.5
36.5 37.5
36.5 51.5
36.5 56.5
36.5 64.5
37.5 11.5
37.5 23.5
37.5 36.5
37.5 51.5
37.5 57.5
37.5 65.5
38.5 10.5
38.5 17.5
38.5 23.5
38.5 30.5
38.5 35.5
38.5 45.5
38.5 51.5
38.5 52.5
38.5 57.5
38.5 65.5
39.5 22.5
39.5 29.5
39.5 35.5
39.5 44.5
39.5 52.5
39.5 58.5
39.5 66.5
40.5 9.5
40.5 16.5
40.5 22.5
40.5 29.5
40.5 34.5
40.5 43.5
40.5 46.5
40.5 52.5
40.5 59.5
41.5 16.5
41.5 21.5
41.5 28.5
41.5 33.5
41.5 42.5
41.5 47.5
41.5 52.5
41.5 59.5
41.5 67.5
42.5 8.5
42.5 15.5
42.5 28.5
42.5 32.5
42.5 41.5
42.5 53.5
42.5 60.5
42.5 68.5
43.5 14.5
43.5 15.5
43.5 20.5
43.5 27.5
43.5 32.5
43.5 40.5
43.5 48.5
43.5 53.5
43.5 61.5
44.5 14.5
44.5 31.5
44.5 39.5
44.5 61.5
45.5 14.5
45.5 26.5
45.5 38.5
45.5 49.5
45.5 62.5
46.5 13.5
46.5 37.5
46.5 50.5
46.5 63.5
47.5 15.5
47.5 25.5
47.5 35.5
47.5 36.5
47.5 50.5
47.5 63.5
48.5 12.5
48.5 36.5
48.5 60.5
48.5 64.5
49.5 14.5
49.5 24.5
49.5 37.5
49.5 49.5
49.5 61.5
50.5 13.5
50.5 25.5
50.5 37.5
50.5 38.5
50.5 49.5
50.5 62.5
51.5 13.5
51.5 38.5
51.5 39.5
51.5 48.5
51.5 62.5
51.5 63.5
52.5 12.5
52.5 24.5
52.5 39.5
52.5 48.5
52.5 53.5
52.5 55.5
52.5 63.5
52.5 64.5
53.5 11.5
53.5 19.5
53.5 23.5
53.5 32.5
53.5 40.5
53.5 47.5
53.5 53.5
53.5 56.5
53.5 64.5
54.5 11.5
54.5 18.5
54.5 23.5
54.5 30.5
54.5 33.5
54.5 41.5
54.5 47.5
54.5 52.5
54.5 56.5
54.5 65.5
55.5 10.5
55.5 18.5
55.5 22.5
55.5 30.5
55.5 42.5
55.5 52.5
55.5 57.5
55.5 66.5
56.5 10.5
56.5 17.5
56.5 22.5
56.5 29.5
56.5 34.5
56.5 42.5
56.5 43.5
56.5 46.5
56.5 58.5
56.5 67.5
57.5 9.5
57.5 16.5
57.5 21.5
57.5 29.5
57.5 35.5
57.5 43.5
57.5 51.5
57.5 58.5
57.5 67.5
58.5 16.5
58.5 28.5
58.5 36.5
58.5 44.5
58.5 45.5
58.5 51.5
58.5 59.5
58.5 68.5
59.5 15.5
59.5 20.5
59.5 28.5
59.5 36.5
59.5 50.5
59.5 60.5
60.5 27.5
60.5 28.5
60.5 37.5
60.5 50.5
60.5 60.5
61.5 14.5
61.5 27.5
61.5 38.5
61.5 61.5
62.5 13.5
62.5 27.5
62.5 49.5
62.5 62.5
63.5 26.5
63.5 39.5
63.5 62.5
