18.5 28.5
19.5 27.5
19.5 31.5
20.5 12.5
20.5 18.5
20.5 27.5
20.5 28.5
20.5 33.5
20.5 34.5
20.5 38.5
21.5 10.5
21.5 11.5
21.5 23.5
21.5 25.5
21.5 27.5
21.5 34.5
21.5 39.5
22.5 16.5
22.5 17.5
22.5 19.5
22.5 24.5
22.5 25.5
22.5 28.5
22.5 33.5
23.5 19.5
23.5 28.5
23.5 29.5
23.5 35.5
23.5 36.5
23.5 39.5
23.5 42.5
24.5 15.5
24.5 17.5
24.5 23.5
24.5 24.5
24.5 40.5
24.5 41.5
24.5 44.5
25.5 22.5
25.5 23.5
25.5 35.5
25.5 48.5
26.5 25.5
26.5 31.5
26.5 33.5
27.5 23.5
28.5 31.5
28.5 35.5
29.5 16.5
29.5 17.5
29.5 20.5
29.5 22.5
29.5 23.5
29.5 25.5
29.5 32.5
30.5 19.5
34.5 67.5
35.5 65.5
35.5 68.5
38.5 63.5
38.5 66.5
40.5 59.5
43.5 43.5
43.5 49.5
43.5 50.5
44.5 41.5
45.5 40.5
61.5 52.5
62.5 48.5
62.5 55.5
63.5 54.5
