11.5 69.5
13.5 66.5
14.5 71.5
15.5 65.5
15.5 68.5
24.5 58.5
26.5 61.5
29.5 57.5
32.5 67.5
32.5 68.5
32.5 69.5
33.5 67.5
33.5 68.5
33.5 69.5
34.5 68.5
34.5 69.5
36.5 34.5
37.5 28.5
37.5 62.5
37.5 63.5
38.5 35.5
38.5 45.5
38.5 62.5
38.5 63.5
38.5 64.5
39.5 37.5
39.5 41.5
39.5 44.5
39.5 47.5
39.5 48.5
39.5 50.5
39.5 62.5
39.5 63.5
39.5 64.5
40.5 66.5
41.5 66.5
41.5 67.5
41.5 72.5
42.5 27.5
42.5 55.5
42.5 71.5
44.5 23.5
45.5 64.5
46.5 27.5
46.5 59.5
47.5 60.5
48.5 36.5
49.5 24.5
49.5 31.5
49.5 64.5
49.5 67.5
50.5 30.5
50.5 31.5
52.5 34.5
52.5 36.5
53.5 34.5
53.5 37.5
54.5 36.5
55.5 64.5
57.5 51.5
57.5 61.5
57.5 65.5
58.5 41.5
58.5 43.5
59.5 44.5
61.5 48.5
61.5 58.5
