22.5 55.5
22.5 56.5
22.5 59.5
23.5 46.5
23.5 55.5
24.5 71.5
27.5 46.5
27.5 71.5
28.5 50.5
29.5 50.5
31.5 71.5
32.5 66.5
34.5 60.5
36.5 72.5
40.5 13.5
42.5 20.5
43.5 23.5
44.5 16.5
44.5 27.5
45.5 26.5
46.5 17.5
46.5 20.5
46.5 29.5
47.5 16.5
47.5 23.5
49.5 41.5
49.5 44.5
50.5 15.5
50.5 25.5
50.5 26.5
50.5 42.5
51.5 48.5
52.5 20.5
52.5 38.5
52.5 43.5
52.5 50.5
52.5 51.5
53.5 38.5
53.5 45.5
55.5 25.5
55.5 40.5
56.5 40.5
57.5 36.5
57.5 44.5
57.5 55.5
58.5 42.5
58.5 54.5
58.5 55.5
59.5 44.5
59.5 56.5
60.5 35.5
60.5 36.5
60.5 59.5
61.5 40.5
61.5 60.5
61.5 66.5
62.5 54.5
62.5 59.5
63.5 54.5
63.5 56.5
63.5 63.5
64.5 48.5
64.5 49.5
64.5 52.5
64.5 55.5
64.5 56.5
64.5 60.5
64.5 63.5
