10.5 40.5
10.5 45.5
13.5 39.5
14.5 37.5
14.5 41.5
15.5 33.5
15.5 44.5
15.5 45.5
16.5 54.5
19.5 28.5
20.5 29.5
21.5 25.5
21.5 59.5
22.5 29.5
23.5 29.5
25.5 54.5
26.5 20.5
30.5 54.5
31.5 54.5
32.5 20.5
34.5 20.5
39.5 71.5
40.5 47.5
42.5 64.5
43.5 61.5
43.5 64.5
43.5 69.5
44.5 12.5
46.5 46.5
47.5 69.5
48.5 13.5
48.5 56.5
48.5 59.5
49.5 59.5
49.5 60.5
50.5 42.5
50.5 54.5
50.5 59.5
50.5 60.5
51.5 12.5
51.5 59.5
52.5 12.5
52.5 58.5
52.5 59.5
53.5 12.5
53.5 13.5
53.5 39.5
53.5 57.5
53.5 58.5
54.5 12.5
54.5 54.5
54.5 55.5
54.5 56.5
55.5 11.5
55.5 12.5
55.5 61.5
56.5 16.5
56.5 17.5
56.5 27.5
56.5 37.5
57.5 17.5
57.5 22.5
58.5 23.5
58.5 25.5
59.5 19.5
59.5 21.5
59.5 24.5
59.5 30.5
59.5 72.5
60.5 28.5
60.5 30.5
61.5 21.5
63.5 22.5
63.5 26.5
64.5 71.5
