5.5 15.5
5.5 16.5
5.5 37.5
5.5 38.5
5.5 57.5
5.5 58.5
6.5 14.5
6.5 15.5
6.5 16.5
6.5 36.5
6.5 37.5
6.5 58.5
6.5 59.5
7.5 14.5
7.5 15.5
7.5 16.5
7.5 35.5
7.5 36.5
7.5 37.5
7.5 58.5
7.5 59.5
7.5 60.5
8.5 13.5
8.5 14.5
8.5 15.5
8.5 34.5
8.5 35.5
8.5 36.5
8.5 59.5
8.5 60.5
8.5 61.5
9.5 12.5
9.5 13.5
9.5 14.5
9.5 33.5
9.5 34.5
9.5 35.5
9.5 59.5
9.5 60.5
9.5 61.5
10.5 12.5
10.5 13.5
10.5 14.5
10.5 32.5
10.5 33.5
10.5 34.5
10.5 60.5
10.5 61.5
10.5 62.5
11.5 11.5
11.5 12.5
11.5 13.5
11.5 31.5
11.5 32.5
11.5 33.5
11.5 61.5
11.5 62.5
11.5 63.5
12.5 11.5
12.5 12.5
12.5 24.5
12.5 31.5
12.5 32.5
12.5 44.5
12.5 51.5
12.5 62.5
12.5 63.5
13.5 22.5
13.5 23.5
13.5 24.5
13.5 43.5
13.5 44.5
13.5 51.5
13.5 52.5
14.5 21.5
14.5 22.5
14.5 23.5
14.5 42.5
14.5 43.5
14.5 44.5
14.5 52.5
14.5 53.5
15.5 21.5
15.5 22.5
15.5 23.5
15.5 41.5
15.5 42.5
15.5 43.5
15.5 52.5
15.5 53.5
15.5 54.5
16.5 20.5
16.5 21.5
16.5 22.5
16.5 40.5
16.5 41.5
16.5 42.5
16.5 53.5
16.5 54.5
16.5 55.5
17.5 19.5
17.5 20.5
17.5 21.5
17.5 40.5
17.5 41.5
17.5 42.5
17.5 54.5
17.5 55.5
18.5 19.5
18.5 20.5
18.5 39.5
18.5 40.5
18.5 41.5
18.5 54.5
18.5 55.5
18.5 56.5
19.5 18.5
19.5 19.5
19.5 39.5
19.5 40.5
19.5 55.5
19.5 56.5
20.5 38.5
20.5 39.5
20.5 56.5
20.5 57.5
26.5 19.5
26.5 20.5
26.5 38.5
26.5 57.5
27.5 19.5
27.5 20.5
27.5 21.5
27.5 37.5
27.5 38.5
27.5 56.5
27.5 57.5
28.5 20.5
28.5 21.5
28.5 22.5
28.5 35.5
28.5 36.5
28.5 37.5
28.5 55.5
28.5 56.5
29.5 21.5
29.5 22.5
29.5 23.5
29.5 34.5
29.5 35.5
29.5 36.5
29.5 37.5
29.5 54.5
29.5 55.5
30.5 22.5
30.5 23.5
30.5 24.5
30.5 34.5
30.5 35.5
30.5 36.5
30.5 53.5
30.5 54.5
31.5 23.5
31.5 24.5
31.5 25.5
31.5 33.5
31.5 34.5
31.5 35.5
31.5 52.5
31.5 53.5
31.5 54.5
32.5 11.5
32.5 12.5
32.5 24.5
32.5 25.5
32.5 32.5
32.5 33.5
32.5 34.5
32.5 51.5
32.5 52.5
32.5 53.5
33.5 12.5
33.5 13.5
33.5 26.5
33.5 32.5
33.5 44.5
33.5 45.5
33.5 51.5
33.5 63.5
33.5 64.5
34.5 12.5
34.5 13.5
34.5 14.5
34.5 15.5
34.5 43.5
34.5 44.5
34.5 62.5
34.5 63.5
34.5 64.5
35.5 13.5
35.5 14.5
35.5 15.5
35.5 16.5
35.5 42.5
35.5 43.5
35.5 44.5
35.5 60.5
35.5 61.5
35.5 62.5
35.5 63.5
36.5 14.5
36.5 15.5
36.5 16.5
36.5 17.5
36.5 41.5
36.5 42.5
36.5 43.5
36.5 59.5
36.5 60.5
36.5 61.5
36.5 62.5
37.5 16.5
37.5 17.5
37.5 18.5
37.5 40.5
37.5 41.5
37.5 42.5
37.5 59.5
37.5 60.5
37.5 61.5
38.5 17.5
38.5 18.5
38.5 39.5
38.5 40.5
38.5 41.5
38.5 58.5
38.5 59.5
38.5 60.5
39.5 19.5
39.5 38.5
39.5 39.5
39.5 57.5
39.5 58.5
40.5 38.5
45.5 17.5
45.5 18.5
46.5 18.5
46.5 19.5
46.5 38.5
46.5 39.5
46.5 58.5
46.5 59.5
46.5 60.5
47.5 18.5
47.5 19.5
47.5 20.5
47.5 39.5
47.5 40.5
47.5 59.5
47.5 60.5
47.5 61.5
48.5 19.5
48.5 20.5
48.5 21.5
48.5 39.5
48.5 40.5
48.5 41.5
48.5 60.5
48.5 61.5
48.5 62.5
49.5 19.5
49.5 20.5
49.5 21.5
49.5 40.5
49.5 41.5
49.5 42.5
49.5 61.5
49.5 62.5
49.5 63.5
50.5 20.5
50.5 21.5
50.5 22.5
50.5 41.5
50.5 42.5
50.5 43.5
50.5 62.5
50.5 63.5
50.5 64.5
51.5 21.5
51.5 22.5
51.5 23.5
51.5 42.5
51.5 43.5
51.5 63.5
51.5 64.5
51.5 65.5
52.5 10.5
52.5 22.5
52.5 23.5
52.5 43.5
52.5 44.5
52.5 65.5
52.5 66.5
53.5 10.5
53.5 11.5
53.5 23.5
53.5 24.5
53.5 31.5
53.5 32.5
53.5 44.5
53.5 51.5
53.5 52.5
54.5 10.5
54.5 11.5
54.5 12.5
54.5 31.5
54.5 32.5
54.5 33.5
54.5 51.5
54.5 52.5
54.5 53.5
54.5 54.5
55.5 11.5
55.5 12.5
55.5 13.5
55.5 32.5
55.5 33.5
55.5 34.5
55.5 52.5
55.5 53.5
55.5 54.5
55.5 55.5
56.5 11.5
56.5 12.5
56.5 13.5
56.5 32.5
56.5 33.5
56.5 34.5
56.5 35.5
56.5 53.5
56.5 54.5
56.5 55.5
56.5 56.5
57.5 12.5
57.5 13.5
57.5 14.5
57.5 33.5
57.5 34.5
57.5 35.5
57.5 55.5
57.5 56.5
57.5 57.5
58.5 13.5
58.5 14.5
58.5 15.5
58.5 34.5
58.5 35.5
58.5 36.5
58.5 56.5
58.5 57.5
58.5 58.5
59.5 13.5
59.5 14.5
59.5 15.5
59.5 35.5
59.5 36.5
59.5 58.5
59.5 59.5
60.5 14.5
60.5 15.5
60.5 36.5
60.5 37.5
61.5 15.5
61.5 16.5
