2.5 29.5
2.5 47.5
2.5 60.5
3.5 14.5
3.5 30.5
3.5 61.5
4.5 15.5
4.5 30.5
4.5 46.5
4.5 61.5
5.5 15.5
5.5 31.5
5.5 45.5
5.5 61.5
5.5 62.5
6.5 16.5
6.5 31.5
6.5 44.5
6.5 45.5
6.5 62.5
7.5 16.5
7.5 31.5
7.5 32.5
7.5 44.5
7.5 62.5
8.5 9.5
8.5 17.5
8.5 32.5
8.5 43.5
8.5 53.5
8.5 62.5
8.5 63.5
9.5 17.5
9.5 23.5
9.5 32.5
9.5 42.5
9.5 43.5
9.5 53.5
9.5 63.5
10.5 10.5
10.5 18.5
10.5 24.5
10.5 33.5
10.5 42.5
10.5 54.5
10.5 63.5
11.5 10.5
11.5 18.5
11.5 19.5
11.5 24.5
11.5 33.5
11.5 41.5
11.5 52.5
11.5 63.5
11.5 64.5
12.5 11.5
12.5 19.5
12.5 25.5
12.5 34.5
12.5 40.5
12.5 41.5
12.5 51.5
12.5 55.5
12.5 64.5
13.5 11.5
13.5 20.5
13.5 25.5
13.5 34.5
13.5 40.5
13.5 50.5
13.5 56.5
13.5 64.5
14.5 11.5
14.5 20.5
14.5 26.5
14.5 35.5
14.5 39.5
14.5 49.5
14.5 50.5
14.5 56.5
14.5 65.5
15.5 12.5
15.5 21.5
15.5 26.5
15.5 27.5
15.5 35.5
15.5 39.5
15.5 48.5
15.5 49.5
15.5 57.5
15.5 65.5
16.5 12.5
16.5 21.5
16.5 27.5
16.5 38.5
16.5 48.5
16.5 57.5
16.5 65.5
17.5 13.5
17.5 28.5
17.5 36.5
17.5 37.5
17.5 47.5
17.5 58.5
17.5 66.5
18.5 13.5
18.5 28.5
18.5 46.5
18.5 47.5
18.5 58.5
18.5 66.5
19.5 13.5
19.5 29.5
19.5 45.5
19.5 46.5
19.5 59.5
20.5 14.5
20.5 29.5
20.5 31.5
20.5 45.5
20.5 59.5
21.5 13.5
21.5 14.5
21.5 30.5
21.5 44.5
21.5 60.5
22.5 15.5
22.5 30.5
22.5 31.5
22.5 43.5
22.5 47.5
23.5 14.5
23.5 15.5
23.5 29.5
23.5 31.5
23.5 43.5
23.5 46.5
23.5 58.5
23.5 61.5
24.5 14.5
24.5 29.5
24.5 42.5
24.5 46.5
24.5 59.5
25.5 15.5
25.5 28.5
25.5 45.5
25.5 60.5
25.5 62.5
26.5 15.5
26.5 28.5
26.5 44.5
26.5 45.5
26.5 60.5
27.5 16.5
27.5 27.5
27.5 37.5
27.5 44.5
27.5 61.5
28.5 16.5
28.5 27.5
28.5 36.5
28.5 43.5
28.5 53.5
28.5 62.5
29.5 7.5
29.5 16.5
29.5 26.5
29.5 36.5
29.5 42.5
29.5 43.5
29.5 54.5
29.5 62.5
30.5 8.5
30.5 17.5
30.5 26.5
30.5 35.5
30.5 42.5
30.5 52.5
30.5 55.5
30.5 63.5
31.5 8.5
31.5 17.5
31.5 25.5
31.5 35.5
31.5 41.5
31.5 51.5
31.5 55.5
31.5 64.5
32.5 9.5
32.5 18.5
32.5 25.5
32.5 34.5
32.5 40.5
32.5 41.5
32.5 50.5
32.5 51.5
32.5 56.5
32.5 64.5
33.5 9.5
33.5 18.5
33.5 24.5
33.5 33.5
33.5 34.5
33.5 40.5
33.5 50.5
33.5 56.5
33.5 65.5
34.5 10.5
34.5 18.5
34.5 24.5
34.5 33.5
34.5 39.5
34.5 49.5
34.5 57.5
34.5 66.5
35.5 10.5
35.5 11.5
35.5 19.5
35.5 23.5
35.5 32.5
35.5 39.5
35.5 49.5
35.5 57.5
35.5 66.5
36.5 11.5
36.5 19.5
36.5 23.5
36.5 32.5
36.5 38.5
36.5 48.5
36.5 58.5
36.5 67.5
37.5 11.5
37.5 12.5
37.5 31.5
37.5 47.5
37.5 48.5
37.5 58.5
38.5 12.5
38.5 20.5
38.5 22.5
38.5 30.5
38.5 31.5
38.5 47.5
38.5 59.5
39.5 13.5
39.5 30.5
39.5 46.5
39.5 59.5
40.5 13.5
40.5 29.5
40.5 30.5
40.5 45.5
40.5 46.5
40.5 60.5
41.5 14.5
41.5 16.5
41.5 29.5
41.5 45.5
41.5 60.5
42.5 14.5
42.5 27.5
42.5 28.5
42.5 44.5
42.5 61.5
43.5 15.5
43.5 28.5
43.5 43.5
43.5 44.5
43.5 59.5
44.5 14.5
44.5 27.5
44.5 28.5
44.5 43.5
44.5 44.5
44.5 60.5
44.5 62.5
45.5 14.5
45.5 16.5
45.5 29.5
45.5 45.5
45.5 61.5
46.5 13.5
46.5 29.5
46.5 30.5
46.5 45.5
46.5 61.5
46.5 62.5
47.5 12.5
47.5 13.5
47.5 30.5
47.5 46.5
47.5 62.5
48.5 12.5
48.5 22.5
48.5 31.5
48.5 38.5
48.5 47.5
48.5 63.5
49.5 11.5
49.5 21.5
49.5 31.5
49.5 38.5
49.5 47.5
49.5 48.5
49.5 53.5
49.5 64.5
50.5 10.5
50.5 11.5
50.5 21.5
50.5 23.5
50.5 32.5
50.5 39.5
50.5 48.5
50.5 54.5
50.5 64.5
50.5 65.5
51.5 10.5
51.5 20.5
51.5 24.5
51.5 32.5
51.5 33.5
51.5 39.5
51.5 40.5
51.5 49.5
51.5 54.5
51.5 55.5
51.5 65.5
52.5 9.5
52.5 10.5
52.5 19.5
52.5 20.5
52.5 24.5
52.5 33.5
52.5 40.5
52.5 49.5
52.5 50.5
52.5 55.5
52.5 56.5
52.5 66.5
53.5 9.5
53.5 19.5
53.5 25.5
53.5 33.5
53.5 34.5
53.5 41.5
53.5 50.5
53.5 56.5
53.5 57.5
53.5 67.5
54.5 8.5
54.5 18.5
54.5 19.5
54.5 34.5
54.5 41.5
54.5 51.5
54.5 57.5
54.5 58.5
54.5 68.5
55.5 8.5
55.5 18.5
55.5 26.5
55.5 35.5
55.5 42.5
55.5 52.5
55.5 58.5
55.5 68.5
56.5 7.5
56.5 17.5
56.5 18.5
56.5 27.5
56.5 35.5
56.5 42.5
56.5 43.5
56.5 52.5
56.5 59.5
57.5 17.5
57.5 27.5
57.5 36.5
57.5 43.5
57.5 53.5
57.5 60.5
58.5 16.5
58.5 17.5
58.5 28.5
58.5 43.5
58.5 44.5
58.5 61.5
59.5 16.5
59.5 28.5
59.5 37.5
59.5 44.5
59.5 62.5
60.5 15.5
60.5 16.5
60.5 29.5
60.5 45.5
60.5 63.5
61.5 15.5
61.5 45.5
61.5 64.5
62.5 15.5
62.5 30.5
62.5 46.5
63.5 14.5
63.5 31.5
63.5 46.5
