3.5 60.5
3.5 61.5
3.5 62.5
4.5 17.5
4.5 18.5
4.5 19.5
4.5 20.5
4.5 21.5
4.5 38.5
4.5 39.5
4.5 40.5
4.5 41.5
4.5 42.5
4.5 59.5
4.5 60.5
4.5 61.5
4.5 62.5
4.5 63.5
4.5 64.5
5.5 18.5
5.5 19.5
5.5 20.5
5.5 21.5
5.5 22.5
5.5 23.5
5.5 38.5
5.5 39.5
5.5 40.5
5.5 41.5
5.5 42.5
5.5 43.5
5.5 44.5
5.5 59.5
5.5 60.5
5.5 61.5
5.5 62.5
5.5 63.5
5.5 64.5
5.5 65.5
6.5 20.5
6.5 21.5
6.5 22.5
6.5 23.5
6.5 39.5
6.5 40.5
6.5 41.5
6.5 42.5
6.5 43.5
6.5 44.5
6.5 61.5
6.5 62.5
6.5 63.5
6.5 64.5
6.5 65.5
6.5 66.5
7.5 10.5
7.5 11.5
7.5 12.5
7.5 13.5
7.5 14.5
7.5 42.5
7.5 43.5
7.5 52.5
7.5 53.5
7.5 54.5
8.5 11.5
8.5 12.5
8.5 13.5
8.5 14.5
8.5 15.5
8.5 16.5
8.5 31.5
8.5 32.5
8.5 33.5
8.5 34.5
8.5 35.5
8.5 52.5
8.5 53.5
8.5 54.5
8.5 55.5
8.5 56.5
9.5 13.5
9.5 14.5
9.5 15.5
9.5 16.5
9.5 32.5
9.5 33.5
9.5 34.5
9.5 35.5
9.5 36.5
9.5 37.5
9.5 52.5
9.5 53.5
9.5 54.5
9.5 55.5
9.5 56.5
9.5 57.5
10.5 34.5
10.5 35.5
10.5 36.5
10.5 37.5
10.5 54.5
10.5 55.5
10.5 56.5
10.5 57.5
10.5 58.5
14.5 13.5
14.5 14.5
14.5 15.5
14.5 16.5
14.5 34.5
14.5 35.5
14.5 36.5
14.5 37.5
15.5 11.5
15.5 12.5
15.5 13.5
15.5 14.5
15.5 15.5
15.5 16.5
15.5 32.5
15.5 33.5
15.5 34.5
15.5 35.5
15.5 36.5
15.5 37.5
15.5 53.5
15.5 54.5
15.5 55.5
15.5 56.5
15.5 57.5
15.5 58.5
16.5 11.5
16.5 12.5
16.5 13.5
16.5 14.5
16.5 15.5
16.5 16.5
16.5 31.5
16.5 32.5
16.5 33.5
16.5 34.5
16.5 35.5
16.5 36.5
16.5 52.5
16.5 53.5
16.5 54.5
16.5 55.5
16.5 56.5
16.5 57.5
17.5 10.5
17.5 11.5
17.5 12.5
17.5 13.5
17.5 14.5
17.5 31.5
17.5 32.5
17.5 33.5
17.5 34.5
17.5 52.5
17.5 53.5
17.5 54.5
17.5 55.5
18.5 20.5
18.5 21.5
18.5 22.5
18.5 23.5
18.5 41.5
18.5 42.5
18.5 43.5
18.5 44.5
18.5 61.5
18.5 62.5
18.5 63.5
18.5 64.5
18.5 65.5
19.5 19.5
19.5 20.5
19.5 21.5
19.5 22.5
19.5 23.5
19.5 39.5
19.5 40.5
19.5 41.5
19.5 42.5
19.5 43.5
19.5 44.5
19.5 59.5
19.5 60.5
19.5 61.5
19.5 62.5
19.5 63.5
20.5 18.5
20.5 19.5
20.5 20.5
20.5 21.5
20.5 22.5
20.5 38.5
20.5 39.5
20.5 40.5
20.5 41.5
20.5 42.5
20.5 59.5
20.5 60.5
21.5 17.5
21.5 18.5
21.5 19.5
21.5 20.5
24.5 59.5
24.5 60.5
24.5 61.5
24.5 62.5
24.5 63.5
24.5 64.5
25.5 15.5
25.5 16.5
25.5 17.5
25.5 38.5
25.5 39.5
25.5 40.5
25.5 41.5
25.5 42.5
25.5 43.5
25.5 59.5
25.5 60.5
25.5 61.5
25.5 62.5
25.5 63.5
25.5 64.5
25.5 65.5
26.5 12.5
26.5 13.5
26.5 14.5
26.5 15.5
26.5 16.5
26.5 17.5
26.5 38.5
26.5 39.5
26.5 40.5
26.5 41.5
26.5 42.5
26.5 43.5
26.5 44.5
26.5 61.5
26.5 62.5
26.5 63.5
26.5 64.5
26.5 65.5
27.5 11.5
27.5 12.5
27.5 13.5
27.5 14.5
27.5 15.5
27.5 40.5
27.5 41.5
27.5 42.5
27.5 43.5
27.5 44.5
27.5 53.5
27.5 54.5
28.5 21.5
28.5 22.5
28.5 23.5
28.5 51.5
28.5 52.5
28.5 53.5
28.5 54.5
28.5 55.5
28.5 56.5
28.5 57.5
29.5 18.5
29.5 19.5
29.5 20.5
29.5 21.5
29.5 22.5
29.5 23.5
29.5 30.5
29.5 31.5
29.5 32.5
29.5 33.5
29.5 34.5
29.5 35.5
29.5 52.5
29.5 53.5
29.5 54.5
29.5 55.5
29.5 56.5
29.5 57.5
29.5 58.5
30.5 18.5
30.5 19.5
30.5 20.5
30.5 21.5
30.5 22.5
30.5 23.5
30.5 31.5
30.5 32.5
30.5 33.5
30.5 34.5
30.5 35.5
30.5 36.5
30.5 54.5
30.5 55.5
30.5 56.5
30.5 57.5
31.5 18.5
31.5 19.5
31.5 20.5
31.5 33.5
31.5 34.5
31.5 35.5
31.5 36.5
31.5 37.5
34.5 59.5
34.5 60.5
34.5 61.5
35.5 13.5
35.5 14.5
35.5 15.5
35.5 16.5
35.5 17.5
35.5 32.5
35.5 33.5
35.5 34.5
35.5 35.5
35.5 36.5
35.5 37.5
35.5 58.5
35.5 59.5
35.5 60.5
35.5 61.5
35.5 62.5
35.5 63.5
36.5 12.5
36.5 13.5
36.5 14.5
36.5 15.5
36.5 16.5
36.5 17.5
36.5 30.5
36.5 31.5
36.5 32.5
36.5 33.5
36.5 34.5
36.5 35.5
36.5 59.5
36.5 60.5
36.5 61.5
36.5 62.5
36.5 63.5
36.5 64.5
37.5 12.5
37.5 13.5
37.5 14.5
37.5 15.5
37.5 16.5
37.5 60.5
37.5 61.5
37.5 62.5
37.5 63.5
37.5 64.5
38.5 13.5
38.5 14.5
38.5 22.5
38.5 23.5
38.5 38.5
38.5 39.5
38.5 40.5
38.5 41.5
38.5 42.5
38.5 43.5
38.5 51.5
38.5 52.5
38.5 53.5
39.5 19.5
39.5 20.5
39.5 21.5
39.5 22.5
39.5 37.5
39.5 38.5
39.5 39.5
39.5 40.5
39.5 41.5
39.5 42.5
39.5 43.5
39.5 51.5
39.5 52.5
39.5 53.5
39.5 54.5
39.5 55.5
39.5 56.5
40.5 18.5
40.5 19.5
40.5 20.5
40.5 21.5
40.5 38.5
40.5 39.5
40.5 40.5
40.5 41.5
40.5 52.5
40.5 53.5
40.5 54.5
40.5 55.5
40.5 56.5
40.5 57.5
41.5 54.5
41.5 55.5
41.5 56.5
41.5 57.5
44.5 19.5
44.5 20.5
44.5 21.5
44.5 33.5
44.5 34.5
44.5 35.5
44.5 36.5
45.5 18.5
45.5 19.5
45.5 20.5
45.5 21.5
45.5 22.5
45.5 23.5
45.5 31.5
45.5 32.5
45.5 33.5
45.5 34.5
45.5 35.5
45.5 36.5
45.5 53.5
45.5 54.5
45.5 55.5
45.5 56.5
45.5 57.5
45.5 58.5
46.5 18.5
46.5 19.5
46.5 20.5
46.5 21.5
46.5 22.5
46.5 23.5
46.5 31.5
46.5 32.5
46.5 33.5
46.5 34.5
46.5 35.5
46.5 36.5
46.5 51.5
46.5 52.5
46.5 53.5
46.5 54.5
46.5 55.5
46.5 56.5
46.5 57.5
47.5 20.5
47.5 21.5
47.5 22.5
47.5 23.5
47.5 24.5
47.5 31.5
47.5 32.5
47.5 33.5
47.5 34.5
47.5 35.5
47.5 52.5
47.5 53.5
48.5 41.5
48.5 42.5
48.5 43.5
48.5 60.5
48.5 61.5
48.5 62.5
48.5 63.5
48.5 64.5
49.5 10.5
49.5 11.5
49.5 12.5
49.5 13.5
49.5 14.5
49.5 15.5
49.5 39.5
49.5 40.5
49.5 41.5
49.5 42.5
49.5 43.5
49.5 58.5
49.5 59.5
49.5 60.5
49.5 61.5
49.5 62.5
49.5 63.5
49.5 64.5
50.5 11.5
50.5 12.5
50.5 13.5
50.5 14.5
50.5 15.5
50.5 16.5
50.5 37.5
50.5 38.5
50.5 39.5
50.5 40.5
50.5 41.5
50.5 58.5
50.5 59.5
50.5 60.5
50.5 61.5
50.5 62.5
51.5 12.5
51.5 13.5
51.5 14.5
51.5 15.5
51.5 16.5
51.5 17.5
54.5 54.5
54.5 55.5
54.5 56.5
55.5 15.5
55.5 38.5
55.5 39.5
55.5 40.5
55.5 41.5
55.5 42.5
55.5 43.5
55.5 52.5
55.5 53.5
55.5 54.5
55.5 55.5
55.5 56.5
55.5 57.5
56.5 11.5
56.5 12.5
56.5 13.5
56.5 14.5
56.5 15.5
56.5 16.5
56.5 17.5
56.5 38.5
56.5 39.5
56.5 40.5
56.5 41.5
56.5 42.5
56.5 43.5
56.5 44.5
56.5 51.5
56.5 52.5
56.5 53.5
56.5 54.5
56.5 55.5
56.5 56.5
57.5 10.5
57.5 11.5
57.5 12.5
57.5 13.5
57.5 14.5
57.5 15.5
57.5 16.5
57.5 40.5
57.5 41.5
57.5 42.5
57.5 43.5
57.5 44.5
57.5 52.5
57.5 53.5
57.5 54.5
57.5 55.5
58.5 11.5
58.5 12.5
58.5 13.5
58.5 14.5
58.5 62.5
58.5 63.5
59.5 20.5
59.5 21.5
59.5 22.5
59.5 23.5
59.5 30.5
59.5 31.5
59.5 32.5
59.5 33.5
59.5 34.5
59.5 35.5
59.5 36.5
59.5 59.5
59.5 60.5
59.5 61.5
59.5 62.5
59.5 63.5
59.5 64.5
60.5 18.5
60.5 19.5
60.5 20.5
60.5 21.5
60.5 22.5
60.5 32.5
60.5 33.5
60.5 34.5
60.5 35.5
60.5 36.5
60.5 37.5
60.5 58.5
60.5 59.5
60.5 60.5
60.5 61.5
60.5 62.5
60.5 63.5
61.5 18.5
61.5 19.5
61.5 20.5
61.5 35.5
61.5 36.5
61.5 58.5
61.5 59.5
61.5 60.5
61.5 61.5
