3.5 12.5
3.5 33.5
3.5 42.5
3.5 53.5
4.5 11.5
4.5 12.5
4.5 23.5
4.5 33.5
4.5 41.5
4.5 42.5
4.5 54.5
4.5 63.5
4.5 64.5
5.5 11.5
5.5 22.5
5.5 33.5
5.5 34.5
5.5 41.5
5.5 54.5
5.5 64.5
5.5 65.5
6.5 10.5
6.5 11.5
6.5 21.5
6.5 34.5
6.5 40.5
6.5 41.5
6.5 55.5
6.5 65.5
6.5 66.5
7.5 10.5
7.5 20.5
7.5 35.5
7.5 40.5
7.5 55.5
7.5 56.5
7.5 66.5
7.5 67.5
8.5 9.5
8.5 16.5
8.5 19.5
8.5 25.5
8.5 29.5
8.5 35.5
8.5 39.5
8.5 40.5
8.5 46.5
8.5 50.5
8.5 56.5
8.5 60.5
8.5 67.5
9.5 14.5
9.5 15.5
9.5 25.5
9.5 29.5
9.5 30.5
9.5 45.5
9.5 50.5
9.5 51.5
9.5 61.5
10.5 14.5
10.5 24.5
10.5 30.5
10.5 31.5
10.5 44.5
10.5 45.5
10.5 51.5
10.5 52.5
10.5 61.5
11.5 13.5
11.5 23.5
11.5 31.5
11.5 32.5
11.5 44.5
11.5 52.5
11.5 62.5
12.5 12.5
12.5 23.5
12.5 32.5
12.5 43.5
12.5 53.5
13.5 33.5
15.5 12.5
15.5 22.5
15.5 63.5
16.5 13.5
16.5 22.5
16.5 32.5
16.5 43.5
16.5 52.5
16.5 62.5
17.5 13.5
17.5 14.5
17.5 21.5
17.5 31.5
17.5 32.5
17.5 43.5
17.5 44.5
17.5 51.5
17.5 52.5
17.5 62.5
18.5 14.5
18.5 15.5
18.5 21.5
18.5 30.5
18.5 31.5
18.5 44.5
18.5 51.5
18.5 61.5
19.5 15.5
19.5 20.5
19.5 29.5
19.5 30.5
19.5 45.5
19.5 50.5
19.5 61.5
20.5 9.5
20.5 15.5
20.5 16.5
20.5 20.5
20.5 29.5
20.5 40.5
20.5 45.5
20.5 49.5
20.5 56.5
20.5 60.5
20.5 66.5
21.5 9.5
21.5 16.5
21.5 24.5
21.5 28.5
21.5 36.5
21.5 40.5
21.5 46.5
21.5 55.5
21.5 56.5
21.5 60.5
21.5 66.5
22.5 10.5
22.5 24.5
22.5 35.5
22.5 36.5
22.5 41.5
22.5 54.5
22.5 55.5
22.5 65.5
22.5 66.5
23.5 10.5
23.5 11.5
23.5 23.5
23.5 34.5
23.5 35.5
23.5 41.5
23.5 42.5
23.5 54.5
23.5 65.5
24.5 11.5
24.5 12.5
24.5 23.5
24.5 33.5
24.5 34.5
24.5 42.5
24.5 53.5
24.5 54.5
24.5 64.5
24.5 65.5
25.5 12.5
25.5 33.5
25.5 42.5
25.5 53.5
25.5 64.5
26.5 32.5
28.5 22.5
28.5 43.5
28.5 53.5
29.5 23.5
29.5 44.5
29.5 52.5
29.5 63.5
29.5 64.5
30.5 13.5
30.5 23.5
30.5 31.5
30.5 32.5
30.5 44.5
30.5 45.5
30.5 51.5
30.5 52.5
30.5 64.5
30.5 65.5
31.5 13.5
31.5 14.5
31.5 24.5
31.5 30.5
31.5 31.5
31.5 45.5
31.5 51.5
31.5 65.5
31.5 66.5
32.5 14.5
32.5 25.5
32.5 28.5
32.5 29.5
32.5 46.5
32.5 50.5
32.5 51.5
32.5 57.5
32.5 60.5
32.5 67.5
33.5 14.5
33.5 15.5
33.5 20.5
33.5 37.5
33.5 40.5
33.5 46.5
33.5 50.5
33.5 56.5
33.5 60.5
33.5 61.5
34.5 9.5
34.5 15.5
34.5 20.5
34.5 21.5
34.5 35.5
34.5 36.5
34.5 40.5
34.5 41.5
34.5 55.5
34.5 56.5
34.5 61.5
34.5 62.5
35.5 10.5
35.5 20.5
35.5 21.5
35.5 34.5
35.5 35.5
35.5 41.5
35.5 42.5
35.5 55.5
35.5 62.5
36.5 11.5
36.5 21.5
36.5 33.5
36.5 34.5
36.5 42.5
36.5 54.5
36.5 63.5
37.5 22.5
37.5 33.5
37.5 43.5
37.5 54.5
40.5 22.5
40.5 64.5
41.5 11.5
41.5 22.5
41.5 23.5
41.5 32.5
41.5 43.5
41.5 53.5
41.5 64.5
42.5 11.5
42.5 23.5
42.5 24.5
42.5 31.5
42.5 32.5
42.5 44.5
42.5 45.5
42.5 52.5
42.5 64.5
42.5 65.5
43.5 10.5
43.5 23.5
43.5 24.5
43.5 30.5
43.5 31.5
43.5 45.5
43.5 46.5
43.5 51.5
43.5 65.5
44.5 9.5
44.5 10.5
44.5 24.5
44.5 25.5
44.5 30.5
44.5 31.5
44.5 46.5
44.5 50.5
44.5 56.5
44.5 60.5
44.5 65.5
44.5 66.5
45.5 9.5
45.5 15.5
45.5 25.5
45.5 30.5
45.5 37.5
45.5 40.5
45.5 56.5
45.5 60.5
45.5 66.5
46.5 14.5
46.5 19.5
46.5 20.5
46.5 35.5
46.5 36.5
46.5 41.5
46.5 55.5
46.5 61.5
47.5 13.5
47.5 14.5
47.5 20.5
47.5 21.5
47.5 34.5
47.5 35.5
47.5 42.5
47.5 54.5
47.5 55.5
47.5 61.5
47.5 62.5
48.5 12.5
48.5 13.5
48.5 21.5
48.5 33.5
48.5 34.5
48.5 43.5
48.5 53.5
48.5 54.5
48.5 62.5
49.5 12.5
49.5 22.5
49.5 53.5
49.5 62.5
51.5 43.5
52.5 12.5
52.5 22.5
52.5 33.5
52.5 44.5
52.5 52.5
53.5 11.5
53.5 12.5
53.5 22.5
53.5 34.5
53.5 44.5
53.5 52.5
53.5 63.5
54.5 10.5
54.5 11.5
54.5 21.5
54.5 34.5
54.5 35.5
54.5 45.5
54.5 51.5
54.5 63.5
54.5 64.5
55.5 10.5
55.5 20.5
55.5 21.5
55.5 35.5
55.5 36.5
55.5 40.5
55.5 45.5
55.5 50.5
55.5 51.5
55.5 64.5
56.5 9.5
56.5 15.5
56.5 20.5
56.5 36.5
56.5 37.5
56.5 46.5
56.5 50.5
56.5 64.5
56.5 65.5
57.5 14.5
57.5 15.5
57.5 19.5
57.5 25.5
57.5 29.5
57.5 41.5
57.5 49.5
57.5 56.5
57.5 65.5
58.5 14.5
58.5 25.5
58.5 30.5
58.5 41.5
58.5 42.5
58.5 55.5
58.5 60.5
58.5 66.5
59.5 13.5
59.5 14.5
59.5 24.5
59.5 30.5
59.5 31.5
59.5 42.5
59.5 54.5
59.5 55.5
59.5 60.5
59.5 61.5
60.5 13.5
60.5 23.5
60.5 24.5
60.5 31.5
60.5 32.5
60.5 43.5
60.5 53.5
60.5 54.5
60.5 61.5
61.5 12.5
61.5 23.5
61.5 32.5
61.5 53.5
61.5 62.5
62.5 22.5
62.5 33.5
62.5 62.5
