5.5 58.5
6.5 37.5
6.5 59.5
7.5 16.5
7.5 17.5
7.5 36.5
7.5 37.5
7.5 59.5
7.5 60.5
7.5 61.5
8.5 17.5
8.5 18.5
8.5 19.5
8.5 35.5
8.5 36.5
8.5 60.5
8.5 61.5
8.5 62.5
9.5 19.5
9.5 20.5
9.5 33.5
9.5 34.5
9.5 35.5
9.5 61.5
9.5 62.5
10.5 20.5
10.5 21.5
10.5 22.5
10.5 33.5
10.5 34.5
10.5 62.5
10.5 63.5
11.5 22.5
11.5 23.5
11.5 32.5
11.5 63.5
11.5 64.5
12.5 23.5
12.5 24.5
12.5 31.5
12.5 44.5
12.5 51.5
12.5 64.5
12.5 65.5
13.5 9.5
13.5 43.5
13.5 44.5
13.5 51.5
13.5 52.5
14.5 10.5
14.5 11.5
14.5 42.5
14.5 43.5
14.5 52.5
14.5 53.5
15.5 11.5
15.5 12.5
15.5 41.5
15.5 42.5
15.5 53.5
15.5 54.5
16.5 12.5
16.5 13.5
16.5 14.5
16.5 40.5
16.5 41.5
16.5 54.5
16.5 55.5
17.5 13.5
17.5 14.5
17.5 15.5
17.5 39.5
17.5 40.5
17.5 55.5
17.5 56.5
18.5 15.5
18.5 16.5
18.5 38.5
18.5 39.5
18.5 56.5
18.5 57.5
19.5 16.5
19.5 17.5
19.5 38.5
19.5 57.5
19.5 58.5
26.5 17.5
26.5 37.5
27.5 18.5
27.5 19.5
27.5 36.5
27.5 37.5
27.5 58.5
27.5 59.5
28.5 18.5
28.5 19.5
28.5 20.5
28.5 35.5
28.5 36.5
28.5 59.5
28.5 60.5
29.5 19.5
29.5 20.5
29.5 34.5
29.5 35.5
29.5 60.5
29.5 61.5
30.5 20.5
30.5 21.5
30.5 33.5
30.5 34.5
30.5 61.5
30.5 62.5
31.5 21.5
31.5 22.5
31.5 32.5
31.5 33.5
31.5 34.5
31.5 62.5
31.5 63.5
32.5 22.5
32.5 23.5
32.5 32.5
32.5 33.5
32.5 63.5
32.5 64.5
33.5 10.5
33.5 23.5
33.5 31.5
33.5 32.5
33.5 51.5
33.5 65.5
34.5 10.5
34.5 11.5
34.5 43.5
34.5 44.5
34.5 51.5
34.5 52.5
35.5 11.5
35.5 12.5
35.5 42.5
35.5 43.5
35.5 52.5
35.5 53.5
36.5 12.5
36.5 13.5
36.5 41.5
36.5 42.5
36.5 53.5
36.5 54.5
37.5 13.5
37.5 14.5
37.5 40.5
37.5 41.5
37.5 54.5
37.5 55.5
38.5 14.5
38.5 15.5
38.5 39.5
38.5 40.5
38.5 55.5
38.5 56.5
39.5 15.5
39.5 16.5
39.5 38.5
39.5 39.5
39.5 56.5
39.5 57.5
40.5 17.5
40.5 37.5
40.5 38.5
40.5 58.5
46.5 58.5
47.5 16.5
47.5 37.5
47.5 57.5
48.5 15.5
48.5 16.5
48.5 38.5
48.5 39.5
48.5 55.5
48.5 56.5
48.5 57.5
49.5 14.5
49.5 15.5
49.5 39.5
49.5 40.5
49.5 54.5
49.5 55.5
49.5 56.5
50.5 13.5
50.5 14.5
50.5 15.5
50.5 40.5
50.5 41.5
50.5 42.5
50.5 53.5
50.5 54.5
50.5 55.5
51.5 13.5
51.5 14.5
51.5 41.5
51.5 42.5
51.5 43.5
51.5 52.5
51.5 53.5
51.5 54.5
52.5 12.5
52.5 13.5
52.5 43.5
52.5 44.5
52.5 52.5
53.5 11.5
53.5 12.5
53.5 44.5
53.5 45.5
53.5 51.5
53.5 64.5
54.5 11.5
54.5 24.5
54.5 30.5
54.5 31.5
54.5 63.5
54.5 64.5
55.5 23.5
55.5 31.5
55.5 32.5
55.5 62.5
55.5 63.5
56.5 22.5
56.5 23.5
56.5 32.5
56.5 33.5
56.5 34.5
56.5 61.5
56.5 62.5
56.5 63.5
57.5 21.5
57.5 22.5
57.5 33.5
57.5 34.5
57.5 35.5
57.5 61.5
57.5 62.5
58.5 20.5
58.5 21.5
58.5 34.5
58.5 35.5
58.5 36.5
58.5 60.5
58.5 61.5
59.5 20.5
59.5 21.5
59.5 36.5
59.5 37.5
59.5 59.5
59.5 60.5
60.5 19.5
60.5 20.5
60.5 37.5
60.5 38.5
60.5 59.5
61.5 18.5
61.5 19.5
61.5 58.5
