2.5 20.5
2.5 34.5
2.5 35.5
2.5 55.5
2.5 56.5
3.5 19.5
3.5 35.5
3.5 36.5
3.5 56.5
3.5 57.5
4.5 18.5
4.5 19.5
4.5 36.5
4.5 57.5
4.5 58.5
5.5 17.5
5.5 18.5
5.5 36.5
5.5 37.5
5.5 58.5
5.5 59.5
6.5 16.5
6.5 17.5
6.5 37.5
6.5 38.5
6.5 59.5
6.5 60.5
7.5 15.5
7.5 16.5
7.5 27.5
7.5 38.5
7.5 39.5
7.5 60.5
7.5 61.5
8.5 14.5
8.5 15.5
8.5 28.5
8.5 39.5
8.5 40.5
8.5 61.5
8.5 62.5
9.5 13.5
9.5 14.5
9.5 27.5
9.5 28.5
9.5 29.5
9.5 40.5
9.5 41.5
9.5 46.5
9.5 62.5
9.5 63.5
10.5 12.5
10.5 13.5
10.5 26.5
10.5 27.5
10.5 29.5
10.5 41.5
10.5 42.5
10.5 47.5
10.5 63.5
10.5 64.5
11.5 11.5
11.5 12.5
11.5 25.5
11.5 26.5
11.5 30.5
11.5 41.5
11.5 42.5
11.5 48.5
11.5 49.5
11.5 64.5
11.5 65.5
12.5 10.5
12.5 11.5
12.5 24.5
12.5 25.5
12.5 30.5
12.5 31.5
12.5 42.5
12.5 43.5
12.5 49.5
12.5 50.5
12.5 65.5
12.5 66.5
13.5 9.5
13.5 10.5
13.5 22.5
13.5 23.5
13.5 24.5
13.5 31.5
13.5 32.5
13.5 43.5
13.5 44.5
13.5 50.5
13.5 51.5
13.5 66.5
13.5 67.5
14.5 8.5
14.5 9.5
14.5 21.5
14.5 22.5
14.5 23.5
14.5 32.5
14.5 33.5
14.5 44.5
14.5 45.5
14.5 51.5
14.5 52.5
14.5 67.5
14.5 68.5
15.5 7.5
15.5 8.5
15.5 20.5
15.5 21.5
15.5 22.5
15.5 33.5
15.5 45.5
15.5 46.5
15.5 52.5
15.5 53.5
15.5 54.5
15.5 68.5
16.5 7.5
16.5 19.5
16.5 20.5
16.5 21.5
16.5 33.5
16.5 34.5
16.5 46.5
16.5 53.5
16.5 54.5
16.5 55.5
17.5 18.5
17.5 19.5
17.5 20.5
17.5 34.5
17.5 35.5
17.5 47.5
17.5 54.5
17.5 55.5
17.5 56.5
18.5 17.5
18.5 18.5
18.5 19.5
18.5 35.5
18.5 36.5
18.5 55.5
18.5 56.5
18.5 57.5
19.5 16.5
19.5 17.5
19.5 36.5
19.5 57.5
19.5 58.5
20.5 15.5
20.5 16.5
20.5 36.5
20.5 37.5
20.5 58.5
20.5 59.5
21.5 14.5
21.5 15.5
21.5 37.5
21.5 38.5
21.5 40.5
21.5 59.5
21.5 60.5
22.5 14.5
22.5 21.5
22.5 38.5
22.5 39.5
22.5 61.5
23.5 13.5
23.5 20.5
23.5 21.5
23.5 39.5
23.5 62.5
24.5 19.5
24.5 20.5
24.5 38.5
24.5 40.5
24.5 53.5
24.5 63.5
25.5 18.5
25.5 19.5
25.5 37.5
25.5 38.5
25.5 54.5
25.5 55.5
26.5 17.5
26.5 18.5
26.5 36.5
26.5 37.5
26.5 55.5
26.5 56.5
26.5 57.5
27.5 16.5
27.5 17.5
27.5 35.5
27.5 36.5
27.5 56.5
27.5 57.5
27.5 58.5
28.5 14.5
28.5 15.5
28.5 16.5
28.5 35.5
28.5 36.5
28.5 58.5
28.5 59.5
28.5 60.5
29.5 13.5
29.5 14.5
29.5 15.5
29.5 28.5
29.5 34.5
29.5 35.5
29.5 46.5
29.5 59.5
29.5 60.5
29.5 61.5
30.5 12.5
30.5 13.5
30.5 14.5
30.5 27.5
30.5 28.5
30.5 33.5
30.5 34.5
30.5 45.5
30.5 46.5
30.5 47.5
30.5 61.5
30.5 62.5
30.5 63.5
31.5 11.5
31.5 12.5
31.5 13.5
31.5 26.5
31.5 27.5
31.5 33.5
31.5 44.5
31.5 45.5
31.5 47.5
31.5 48.5
31.5 62.5
31.5 63.5
31.5 64.5
32.5 10.5
32.5 11.5
32.5 12.5
32.5 25.5
32.5 26.5
32.5 32.5
32.5 33.5
32.5 44.5
32.5 48.5
32.5 49.5
32.5 64.5
32.5 65.5
33.5 9.5
33.5 10.5
33.5 11.5
33.5 24.5
33.5 25.5
33.5 31.5
33.5 32.5
33.5 43.5
33.5 44.5
33.5 49.5
33.5 50.5
33.5 65.5
33.5 66.5
33.5 67.5
34.5 8.5
34.5 9.5
34.5 23.5
34.5 24.5
34.5 30.5
34.5 31.5
34.5 42.5
34.5 43.5
34.5 50.5
34.5 51.5
34.5 52.5
34.5 67.5
34.5 68.5
35.5 8.5
35.5 22.5
35.5 23.5
35.5 30.5
35.5 41.5
35.5 42.5
35.5 51.5
35.5 52.5
35.5 53.5
35.5 68.5
36.5 7.5
36.5 21.5
36.5 22.5
36.5 29.5
36.5 41.5
36.5 42.5
36.5 52.5
36.5 53.5
36.5 54.5
37.5 20.5
37.5 21.5
37.5 29.5
37.5 40.5
37.5 41.5
37.5 53.5
37.5 54.5
37.5 55.5
38.5 19.5
38.5 20.5
38.5 28.5
38.5 39.5
38.5 40.5
38.5 55.5
38.5 56.5
39.5 18.5
39.5 19.5
39.5 39.5
39.5 40.5
39.5 56.5
39.5 57.5
40.5 17.5
40.5 18.5
40.5 38.5
40.5 39.5
40.5 57.5
40.5 58.5
41.5 16.5
41.5 17.5
41.5 37.5
41.5 38.5
41.5 58.5
41.5 59.5
42.5 14.5
42.5 15.5
42.5 16.5
42.5 37.5
42.5 59.5
42.5 60.5
43.5 15.5
43.5 33.5
43.5 36.5
43.5 37.5
43.5 54.5
43.5 60.5
43.5 61.5
44.5 14.5
44.5 15.5
44.5 16.5
44.5 34.5
44.5 36.5
44.5 54.5
44.5 55.5
44.5 62.5
45.5 16.5
45.5 17.5
45.5 35.5
45.5 36.5
45.5 55.5
45.5 56.5
46.5 17.5
46.5 18.5
46.5 36.5
46.5 37.5
46.5 56.5
46.5 57.5
46.5 58.5
47.5 18.5
47.5 19.5
47.5 37.5
47.5 38.5
47.5 57.5
47.5 58.5
47.5 59.5
48.5 19.5
48.5 20.5
48.5 38.5
48.5 39.5
48.5 59.5
48.5 60.5
49.5 7.5
49.5 20.5
49.5 21.5
49.5 27.5
49.5 39.5
49.5 40.5
49.5 60.5
49.5 61.5
50.5 8.5
50.5 21.5
50.5 22.5
50.5 28.5
50.5 40.5
50.5 41.5
50.5 45.5
50.5 61.5
50.5 62.5
51.5 8.5
51.5 9.5
51.5 22.5
51.5 23.5
51.5 29.5
51.5 30.5
51.5 41.5
51.5 42.5
51.5 43.5
51.5 46.5
51.5 47.5
51.5 62.5
51.5 63.5
52.5 9.5
52.5 10.5
52.5 23.5
52.5 24.5
52.5 30.5
52.5 31.5
52.5 43.5
52.5 44.5
52.5 48.5
52.5 63.5
52.5 64.5
53.5 10.5
53.5 11.5
53.5 24.5
53.5 25.5
53.5 31.5
53.5 32.5
53.5 44.5
53.5 45.5
53.5 49.5
53.5 50.5
53.5 64.5
53.5 65.5
53.5 66.5
54.5 11.5
54.5 12.5
54.5 25.5
54.5 26.5
54.5 32.5
54.5 33.5
54.5 45.5
54.5 46.5
54.5 50.5
54.5 51.5
54.5 65.5
54.5 66.5
54.5 67.5
55.5 12.5
55.5 13.5
55.5 26.5
55.5 27.5
55.5 33.5
55.5 34.5
55.5 46.5
55.5 47.5
55.5 51.5
55.5 52.5
55.5 53.5
55.5 67.5
55.5 68.5
56.5 13.5
56.5 14.5
56.5 27.5
56.5 28.5
56.5 34.5
56.5 35.5
56.5 48.5
56.5 53.5
56.5 54.5
56.5 68.5
57.5 14.5
57.5 15.5
57.5 29.5
57.5 35.5
57.5 36.5
57.5 54.5
57.5 55.5
57.5 56.5
58.5 15.5
58.5 16.5
58.5 36.5
58.5 37.5
58.5 56.5
58.5 57.5
59.5 16.5
59.5 17.5
59.5 37.5
59.5 38.5
59.5 57.5
59.5 58.5
59.5 59.5
60.5 17.5
60.5 18.5
60.5 38.5
60.5 39.5
60.5 59.5
60.5 60.5
61.5 18.5
61.5 19.5
61.5 39.5
61.5 40.5
61.5 60.5
61.5 61.5
62.5 19.5
62.5 20.5
62.5 40.5
62.5 62.5
63.5 20.5
63.5 21.5
63.5 41.5
