4.5 56.5
4.5 57.5
4.5 58.5
5.5 17.5
5.5 18.5
5.5 19.5
5.5 36.5
5.5 37.5
5.5 38.5
5.5 39.5
5.5 40.5
5.5 58.5
5.5 59.5
5.5 60.5
5.5 61.5
6.5 19.5
6.5 20.5
6.5 21.5
6.5 22.5
6.5 39.5
6.5 40.5
6.5 41.5
6.5 42.5
6.5 43.5
6.5 44.5
6.5 61.5
6.5 62.5
6.5 63.5
7.5 22.5
7.5 23.5
7.5 24.5
7.5 43.5
7.5 44.5
7.5 45.5
7.5 46.5
7.5 47.5
7.5 64.5
7.5 65.5
8.5 9.5
8.5 10.5
8.5 11.5
8.5 24.5
8.5 25.5
8.5 26.5
8.5 51.5
8.5 52.5
8.5 53.5
9.5 11.5
9.5 12.5
9.5 13.5
9.5 14.5
9.5 30.5
9.5 31.5
9.5 32.5
9.5 33.5
9.5 34.5
9.5 53.5
9.5 54.5
9.5 55.5
10.5 14.5
10.5 15.5
10.5 16.5
10.5 17.5
10.5 33.5
10.5 34.5
10.5 35.5
10.5 36.5
10.5 37.5
10.5 55.5
10.5 56.5
10.5 57.5
10.5 58.5
11.5 17.5
11.5 18.5
11.5 19.5
11.5 37.5
11.5 38.5
11.5 39.5
11.5 40.5
11.5 58.5
11.5 59.5
15.5 18.5
15.5 19.5
15.5 20.5
15.5 38.5
15.5 39.5
15.5 40.5
15.5 56.5
15.5 57.5
15.5 58.5
16.5 14.5
16.5 15.5
16.5 16.5
16.5 17.5
16.5 18.5
16.5 35.5
16.5 36.5
16.5 37.5
16.5 38.5
16.5 53.5
16.5 54.5
16.5 55.5
16.5 56.5
17.5 11.5
17.5 12.5
17.5 13.5
17.5 14.5
17.5 32.5
17.5 33.5
17.5 34.5
17.5 35.5
17.5 51.5
17.5 52.5
17.5 53.5
17.5 54.5
18.5 8.5
18.5 9.5
18.5 10.5
18.5 30.5
18.5 31.5
18.5 32.5
18.5 46.5
18.5 47.5
18.5 49.5
18.5 50.5
18.5 66.5
19.5 23.5
19.5 24.5
19.5 25.5
19.5 26.5
19.5 42.5
19.5 43.5
19.5 44.5
19.5 45.5
19.5 62.5
19.5 63.5
19.5 64.5
19.5 65.5
20.5 19.5
20.5 20.5
20.5 21.5
20.5 22.5
20.5 23.5
20.5 24.5
20.5 40.5
20.5 41.5
20.5 42.5
20.5 43.5
20.5 59.5
20.5 60.5
20.5 61.5
20.5 62.5
21.5 16.5
21.5 17.5
21.5 18.5
21.5 19.5
21.5 20.5
21.5 38.5
21.5 39.5
21.5 40.5
21.5 56.5
21.5 57.5
21.5 58.5
21.5 59.5
25.5 15.5
25.5 16.5
25.5 17.5
25.5 38.5
25.5 39.5
25.5 40.5
25.5 56.5
25.5 57.5
26.5 18.5
26.5 19.5
26.5 20.5
26.5 21.5
26.5 22.5
26.5 34.5
26.5 35.5
26.5 36.5
26.5 37.5
26.5 58.5
26.5 59.5
26.5 60.5
26.5 61.5
26.5 62.5
27.5 22.5
27.5 23.5
27.5 24.5
27.5 25.5
27.5 26.5
27.5 31.5
27.5 32.5
27.5 33.5
27.5 34.5
27.5 61.5
27.5 62.5
27.5 63.5
27.5 64.5
27.5 65.5
28.5 9.5
28.5 65.5
28.5 66.5
28.5 67.5
29.5 10.5
29.5 11.5
29.5 12.5
29.5 13.5
29.5 14.5
29.5 45.5
29.5 46.5
29.5 47.5
29.5 50.5
29.5 51.5
29.5 52.5
29.5 53.5
30.5 14.5
30.5 15.5
30.5 16.5
30.5 17.5
30.5 18.5
30.5 39.5
30.5 40.5
30.5 41.5
30.5 42.5
30.5 43.5
30.5 44.5
30.5 45.5
30.5 46.5
30.5 52.5
30.5 53.5
30.5 54.5
30.5 55.5
30.5 56.5
31.5 19.5
31.5 20.5
31.5 36.5
31.5 37.5
31.5 38.5
31.5 39.5
31.5 40.5
31.5 41.5
31.5 55.5
31.5 56.5
31.5 57.5
31.5 58.5
31.5 59.5
32.5 59.5
32.5 60.5
35.5 16.5
35.5 17.5
35.5 18.5
35.5 19.5
35.5 36.5
35.5 37.5
36.5 18.5
36.5 19.5
36.5 20.5
36.5 21.5
36.5 22.5
36.5 23.5
36.5 38.5
36.5 39.5
36.5 40.5
36.5 58.5
36.5 59.5
36.5 60.5
36.5 61.5
37.5 22.5
37.5 23.5
37.5 24.5
37.5 25.5
37.5 40.5
37.5 41.5
37.5 42.5
37.5 43.5
37.5 61.5
37.5 62.5
37.5 63.5
37.5 64.5
37.5 65.5
38.5 29.5
38.5 30.5
38.5 42.5
38.5 43.5
38.5 44.5
38.5 45.5
38.5 65.5
38.5 66.5
38.5 67.5
39.5 9.5
39.5 10.5
39.5 11.5
39.5 12.5
39.5 31.5
39.5 32.5
39.5 33.5
39.5 45.5
39.5 46.5
40.5 11.5
40.5 12.5
40.5 13.5
40.5 14.5
40.5 15.5
40.5 33.5
40.5 34.5
40.5 35.5
40.5 50.5
40.5 51.5
40.5 52.5
40.5 53.5
40.5 54.5
41.5 14.5
41.5 15.5
41.5 16.5
41.5 17.5
41.5 18.5
41.5 35.5
41.5 36.5
41.5 37.5
41.5 53.5
41.5 54.5
41.5 55.5
41.5 56.5
41.5 57.5
41.5 58.5
41.5 59.5
42.5 38.5
42.5 39.5
45.5 19.5
46.5 16.5
46.5 17.5
46.5 18.5
46.5 38.5
46.5 39.5
46.5 56.5
46.5 57.5
46.5 58.5
46.5 59.5
46.5 60.5
46.5 61.5
47.5 13.5
47.5 14.5
47.5 15.5
47.5 16.5
47.5 33.5
47.5 34.5
47.5 35.5
47.5 36.5
47.5 37.5
47.5 38.5
47.5 60.5
47.5 61.5
47.5 62.5
47.5 63.5
47.5 64.5
47.5 65.5
47.5 66.5
48.5 10.5
48.5 11.5
48.5 12.5
48.5 13.5
48.5 30.5
48.5 31.5
48.5 32.5
48.5 33.5
48.5 34.5
49.5 9.5
49.5 10.5
49.5 24.5
49.5 25.5
49.5 26.5
49.5 44.5
49.5 45.5
49.5 51.5
49.5 52.5
49.5 53.5
50.5 21.5
50.5 22.5
50.5 23.5
50.5 24.5
50.5 41.5
50.5 42.5
50.5 43.5
50.5 55.5
50.5 56.5
50.5 57.5
50.5 58.5
51.5 18.5
51.5 19.5
51.5 20.5
51.5 21.5
51.5 22.5
51.5 38.5
51.5 39.5
51.5 40.5
52.5 16.5
52.5 17.5
52.5 18.5
52.5 19.5
52.5 36.5
52.5 37.5
54.5 58.5
54.5 59.5
54.5 60.5
55.5 55.5
55.5 56.5
55.5 57.5
55.5 58.5
56.5 15.5
56.5 16.5
56.5 17.5
56.5 38.5
56.5 39.5
56.5 40.5
56.5 41.5
56.5 42.5
56.5 43.5
56.5 52.5
56.5 53.5
56.5 54.5
56.5 55.5
57.5 18.5
57.5 19.5
57.5 20.5
57.5 21.5
57.5 22.5
57.5 42.5
57.5 43.5
57.5 44.5
57.5 45.5
57.5 46.5
57.5 50.5
57.5 51.5
57.5 52.5
58.5 22.5
58.5 23.5
58.5 24.5
58.5 25.5
58.5 63.5
58.5 64.5
58.5 65.5
58.5 66.5
59.5 9.5
59.5 10.5
59.5 11.5
59.5 28.5
59.5 29.5
59.5 30.5
59.5 31.5
59.5 32.5
59.5 60.5
59.5 61.5
59.5 62.5
59.5 63.5
60.5 12.5
60.5 13.5
60.5 14.5
60.5 15.5
60.5 32.5
60.5 33.5
60.5 34.5
60.5 35.5
60.5 36.5
60.5 37.5
60.5 58.5
60.5 59.5
60.5 60.5
60.5 61.5
61.5 16.5
61.5 17.5
61.5 18.5
61.5 38.5
61.5 39.5
61.5 40.5
61.5 56.5
61.5 57.5
