4.5 23.5
4.5 32.5
5.5 11.5
5.5 24.5
5.5 52.5
6.5 10.5
6.5 25.5
6.5 31.5
7.5 8.5
7.5 30.5
7.5 45.5
7.5 49.5
8.5 36.5
8.5 40.5
8.5 56.5
8.5 61.5
9.5 15.5
9.5 20.5
9.5 35.5
9.5 41.5
9.5 55.5
9.5 62.5
10.5 13.5
10.5 34.5
10.5 53.5
10.5 63.5
11.5 33.5
15.5 12.5
15.5 53.5
16.5 10.5
16.5 25.5
16.5 44.5
16.5 51.5
16.5 65.5
17.5 26.5
17.5 45.5
17.5 49.5
17.5 66.5
18.5 15.5
18.5 19.5
18.5 30.5
18.5 40.5
19.5 14.5
19.5 21.5
19.5 31.5
19.5 41.5
19.5 55.5
20.5 22.5
20.5 32.5
20.5 42.5
20.5 54.5
20.5 61.5
24.5 23.5
24.5 42.5
25.5 11.5
25.5 24.5
25.5 31.5
25.5 41.5
25.5 62.5
26.5 10.5
26.5 30.5
26.5 40.5
26.5 64.5
27.5 10.5
27.5 35.5
27.5 54.5
27.5 66.5
28.5 19.5
28.5 46.5
28.5 50.5
29.5 14.5
29.5 20.5
29.5 21.5
29.5 34.5
29.5 45.5
29.5 60.5
30.5 13.5
30.5 22.5
30.5 44.5
30.5 51.5
31.5 43.5
34.5 62.5
35.5 12.5
35.5 22.5
35.5 23.5
35.5 31.5
35.5 61.5
36.5 25.5
36.5 30.5
36.5 44.5
36.5 54.5
36.5 60.5
37.5 13.5
37.5 45.5
37.5 55.5
37.5 59.5
39.5 9.5
39.5 14.5
39.5 18.5
39.5 34.5
39.5 50.5
39.5 64.5
40.5 10.5
40.5 19.5
40.5 20.5
40.5 33.5
40.5 40.5
40.5 51.5
41.5 21.5
41.5 32.5
41.5 41.5
42.5 11.5
45.5 22.5
45.5 31.5
45.5 52.5
46.5 21.5
46.5 40.5
46.5 51.5
47.5 20.5
47.5 30.5
47.5 39.5
47.5 50.5
48.5 10.5
48.5 19.5
48.5 25.5
49.5 10.5
49.5 44.5
49.5 45.5
49.5 55.5
50.5 15.5
50.5 24.5
50.5 33.5
50.5 63.5
51.5 14.5
51.5 62.5
54.5 33.5
55.5 24.5
55.5 34.5
55.5 42.5
55.5 62.5
56.5 14.5
56.5 25.5
56.5 35.5
56.5 41.5
56.5 63.5
57.5 16.5
57.5 36.5
57.5 64.5
58.5 20.5
58.5 47.5
58.5 65.5
59.5 21.5
59.5 31.5
59.5 45.5
59.5 59.5
60.5 12.5
60.5 32.5
60.5 54.5
60.5 60.5
61.5 13.5
62.5 61.5
