4.5 12.5
4.5 13.5
4.5 14.5
4.5 15.5
4.5 29.5
4.5 61.5
5.5 10.5
5.5 11.5
5.5 12.5
5.5 13.5
5.5 30.5
5.5 31.5
5.5 32.5
5.5 33.5
5.5 43.5
5.5 44.5
5.5 45.5
5.5 46.5
5.5 58.5
5.5 59.5
5.5 60.5
6.5 8.5
6.5 9.5
6.5 10.5
6.5 33.5
6.5 34.5
6.5 35.5
6.5 41.5
6.5 42.5
6.5 43.5
6.5 57.5
6.5 58.5
7.5 55.5
7.5 65.5
7.5 66.5
8.5 24.5
8.5 49.5
8.5 50.5
8.5 51.5
8.5 63.5
8.5 64.5
8.5 65.5
9.5 16.5
9.5 17.5
9.5 18.5
9.5 19.5
9.5 20.5
9.5 25.5
9.5 26.5
9.5 27.5
9.5 28.5
9.5 46.5
9.5 47.5
9.5 48.5
9.5 61.5
9.5 62.5
10.5 14.5
10.5 15.5
10.5 16.5
10.5 17.5
10.5 18.5
10.5 27.5
10.5 28.5
10.5 29.5
10.5 30.5
11.5 14.5
13.5 60.5
14.5 45.5
14.5 46.5
14.5 47.5
14.5 61.5
14.5 62.5
15.5 29.5
15.5 30.5
15.5 47.5
15.5 48.5
15.5 49.5
15.5 62.5
15.5 63.5
15.5 64.5
16.5 11.5
16.5 12.5
16.5 13.5
16.5 14.5
16.5 15.5
16.5 28.5
16.5 29.5
16.5 48.5
16.5 49.5
16.5 50.5
16.5 64.5
16.5 65.5
17.5 9.5
17.5 10.5
17.5 11.5
17.5 12.5
17.5 26.5
17.5 27.5
17.5 36.5
17.5 37.5
17.5 40.5
17.5 41.5
17.5 51.5
17.5 55.5
17.5 66.5
18.5 25.5
18.5 34.5
18.5 35.5
18.5 36.5
18.5 41.5
18.5 42.5
18.5 55.5
18.5 56.5
18.5 57.5
19.5 20.5
19.5 21.5
19.5 32.5
19.5 33.5
19.5 34.5
19.5 42.5
19.5 43.5
19.5 44.5
19.5 57.5
19.5 58.5
19.5 59.5
20.5 17.5
20.5 18.5
20.5 19.5
20.5 31.5
20.5 32.5
20.5 33.5
20.5 43.5
20.5 44.5
20.5 45.5
20.5 58.5
20.5 59.5
20.5 60.5
21.5 15.5
21.5 16.5
21.5 30.5
21.5 31.5
21.5 45.5
21.5 46.5
21.5 61.5
25.5 15.5
25.5 16.5
25.5 31.5
25.5 32.5
25.5 33.5
25.5 44.5
25.5 45.5
25.5 60.5
25.5 61.5
25.5 62.5
26.5 16.5
26.5 17.5
26.5 18.5
26.5 33.5
26.5 34.5
26.5 35.5
26.5 42.5
26.5 43.5
26.5 44.5
26.5 62.5
26.5 63.5
26.5 64.5
27.5 18.5
27.5 19.5
27.5 20.5
27.5 35.5
27.5 36.5
27.5 37.5
27.5 41.5
27.5 42.5
27.5 64.5
27.5 65.5
27.5 66.5
28.5 11.5
28.5 20.5
28.5 21.5
28.5 49.5
28.5 50.5
28.5 54.5
28.5 55.5
29.5 12.5
29.5 13.5
29.5 25.5
29.5 26.5
29.5 27.5
29.5 28.5
29.5 29.5
29.5 47.5
29.5 48.5
29.5 49.5
29.5 55.5
29.5 56.5
29.5 57.5
29.5 58.5
30.5 14.5
30.5 27.5
30.5 28.5
30.5 29.5
30.5 30.5
30.5 31.5
30.5 46.5
30.5 47.5
30.5 48.5
30.5 57.5
30.5 58.5
30.5 59.5
30.5 60.5
31.5 15.5
31.5 45.5
31.5 46.5
31.5 61.5
34.5 15.5
35.5 12.5
35.5 13.5
35.5 14.5
35.5 44.5
35.5 45.5
35.5 59.5
35.5 60.5
35.5 61.5
36.5 10.5
36.5 11.5
36.5 12.5
36.5 29.5
36.5 30.5
36.5 31.5
36.5 32.5
36.5 33.5
36.5 42.5
36.5 43.5
36.5 44.5
36.5 61.5
36.5 62.5
36.5 63.5
36.5 64.5
37.5 8.5
37.5 9.5
37.5 10.5
37.5 31.5
37.5 32.5
37.5 33.5
37.5 34.5
37.5 35.5
37.5 41.5
37.5 42.5
37.5 63.5
37.5 64.5
37.5 65.5
37.5 66.5
38.5 40.5
39.5 25.5
39.5 49.5
39.5 50.5
39.5 51.5
39.5 55.5
39.5 56.5
40.5 15.5
40.5 16.5
40.5 17.5
40.5 18.5
40.5 19.5
40.5 20.5
40.5 21.5
40.5 26.5
40.5 27.5
40.5 47.5
40.5 48.5
40.5 49.5
40.5 56.5
40.5 57.5
40.5 58.5
41.5 13.5
41.5 14.5
41.5 15.5
41.5 16.5
41.5 17.5
41.5 27.5
41.5 28.5
41.5 29.5
41.5 45.5
41.5 46.5
41.5 47.5
41.5 58.5
41.5 59.5
41.5 60.5
42.5 29.5
42.5 30.5
42.5 43.5
42.5 44.5
42.5 61.5
45.5 31.5
45.5 61.5
45.5 62.5
46.5 8.5
46.5 9.5
46.5 10.5
46.5 11.5
46.5 12.5
46.5 13.5
46.5 14.5
46.5 28.5
46.5 29.5
46.5 45.5
46.5 46.5
46.5 59.5
46.5 60.5
47.5 26.5
47.5 27.5
47.5 42.5
47.5 43.5
47.5 44.5
47.5 45.5
47.5 56.5
47.5 57.5
47.5 58.5
48.5 20.5
48.5 21.5
48.5 22.5
48.5 25.5
48.5 40.5
48.5 41.5
48.5 42.5
48.5 43.5
48.5 55.5
48.5 65.5
48.5 66.5
49.5 15.5
49.5 16.5
49.5 17.5
49.5 18.5
49.5 33.5
49.5 34.5
49.5 35.5
49.5 36.5
49.5 50.5
49.5 51.5
49.5 63.5
49.5 64.5
50.5 29.5
50.5 30.5
50.5 31.5
50.5 32.5
50.5 33.5
50.5 34.5
50.5 48.5
50.5 49.5
50.5 50.5
50.5 61.5
50.5 62.5
51.5 46.5
51.5 47.5
51.5 48.5
52.5 45.5
53.5 14.5
53.5 15.5
54.5 15.5
54.5 16.5
54.5 17.5
54.5 60.5
54.5 61.5
55.5 16.5
55.5 17.5
55.5 18.5
55.5 29.5
55.5 30.5
55.5 31.5
55.5 61.5
55.5 62.5
55.5 63.5
56.5 8.5
56.5 18.5
56.5 19.5
56.5 26.5
56.5 27.5
56.5 28.5
56.5 29.5
56.5 45.5
56.5 46.5
56.5 47.5
56.5 48.5
56.5 49.5
56.5 63.5
56.5 64.5
57.5 9.5
57.5 10.5
57.5 20.5
57.5 24.5
57.5 25.5
57.5 26.5
57.5 27.5
57.5 48.5
57.5 49.5
57.5 50.5
57.5 51.5
57.5 64.5
57.5 65.5
58.5 10.5
58.5 11.5
58.5 12.5
58.5 55.5
58.5 56.5
58.5 66.5
59.5 11.5
59.5 12.5
59.5 13.5
59.5 56.5
59.5 57.5
59.5 58.5
60.5 13.5
60.5 14.5
60.5 32.5
60.5 33.5
60.5 34.5
60.5 35.5
60.5 36.5
60.5 40.5
60.5 41.5
60.5 42.5
60.5 43.5
60.5 58.5
60.5 59.5
60.5 60.5
61.5 29.5
61.5 30.5
61.5 31.5
61.5 32.5
61.5 33.5
61.5 42.5
61.5 43.5
61.5 44.5
61.5 45.5
61.5 60.5
61.5 61.5
62.5 29.5
62.5 46.5
