5.5 62.5
6.5 15.5
6.5 25.5
6.5 39.5
6.5 62.5
7.5 15.5
7.5 25.5
7.5 39.5
7.5 63.5
8.5 15.5
8.5 24.5
8.5 39.5
8.5 51.5
8.5 63.5
9.5 16.5
9.5 24.5
9.5 40.5
9.5 51.5
9.5 63.5
9.5 64.5
10.5 16.5
10.5 24.5
10.5 40.5
10.5 52.5
10.5 64.5
11.5 17.5
11.5 23.5
11.5 52.5
11.5 64.5
12.5 17.5
12.5 23.5
12.5 35.5
12.5 41.5
12.5 52.5
12.5 65.5
13.5 17.5
13.5 29.5
13.5 35.5
13.5 46.5
13.5 58.5
13.5 65.5
14.5 11.5
14.5 29.5
14.5 35.5
14.5 47.5
14.5 53.5
14.5 58.5
15.5 11.5
15.5 29.5
15.5 47.5
15.5 59.5
16.5 12.5
16.5 28.5
16.5 36.5
16.5 47.5
16.5 59.5
17.5 12.5
17.5 28.5
17.5 36.5
17.5 48.5
17.5 60.5
18.5 12.5
18.5 13.5
18.5 28.5
18.5 36.5
18.5 48.5
18.5 60.5
19.5 13.5
19.5 48.5
19.5 61.5
20.5 13.5
20.5 27.5
20.5 61.5
21.5 27.5
27.5 13.5
27.5 26.5
27.5 39.5
27.5 48.5
27.5 63.5
28.5 13.5
28.5 25.5
28.5 39.5
28.5 48.5
28.5 63.5
29.5 12.5
29.5 25.5
29.5 39.5
29.5 48.5
29.5 64.5
30.5 12.5
30.5 25.5
30.5 40.5
30.5 47.5
30.5 64.5
31.5 11.5
31.5 24.5
31.5 40.5
31.5 47.5
31.5 65.5
32.5 11.5
32.5 24.5
32.5 47.5
32.5 65.5
33.5 10.5
33.5 24.5
33.5 41.5
33.5 47.5
33.5 53.5
33.5 58.5
33.5 66.5
34.5 17.5
34.5 35.5
34.5 59.5
35.5 17.5
35.5 29.5
35.5 35.5
35.5 52.5
35.5 59.5
36.5 16.5
36.5 17.5
36.5 29.5
36.5 36.5
36.5 52.5
36.5 60.5
37.5 16.5
37.5 28.5
37.5 36.5
37.5 60.5
38.5 16.5
38.5 28.5
38.5 37.5
38.5 51.5
38.5 61.5
39.5 15.5
39.5 37.5
39.5 51.5
39.5 61.5
40.5 15.5
40.5 27.5
40.5 38.5
46.5 27.5
46.5 51.5
46.5 61.5
47.5 27.5
47.5 51.5
47.5 61.5
48.5 15.5
48.5 37.5
48.5 52.5
48.5 60.5
49.5 15.5
49.5 28.5
49.5 37.5
49.5 52.5
49.5 60.5
50.5 15.5
50.5 16.5
50.5 28.5
50.5 36.5
50.5 52.5
50.5 59.5
50.5 60.5
51.5 16.5
51.5 29.5
51.5 36.5
51.5 53.5
51.5 59.5
52.5 16.5
52.5 29.5
52.5 36.5
52.5 53.5
52.5 59.5
52.5 65.5
53.5 16.5
53.5 29.5
53.5 35.5
53.5 47.5
53.5 65.5
54.5 10.5
54.5 35.5
54.5 42.5
54.5 48.5
54.5 64.5
55.5 10.5
55.5 23.5
55.5 41.5
55.5 48.5
55.5 64.5
56.5 10.5
56.5 23.5
56.5 41.5
56.5 48.5
56.5 64.5
57.5 11.5
57.5 23.5
57.5 24.5
57.5 40.5
57.5 41.5
57.5 49.5
57.5 63.5
58.5 11.5
58.5 24.5
58.5 40.5
58.5 49.5
58.5 63.5
59.5 11.5
59.5 24.5
59.5 40.5
59.5 49.5
60.5 25.5
60.5 39.5
61.5 12.5
61.5 25.5
61.5 39.5
