12.5 41.5
12.5 42.5
13.5 40.5
13.5 41.5
13.5 42.5
14.5 46.5
14.5 47.5
15.5 44.5
15.5 45.5
17.5 39.5
17.5 41.5
17.5 44.5
18.5 39.5
18.5 42.5
20.5 45.5
20.5 56.5
21.5 45.5
22.5 43.5
23.5 44.5
25.5 44.5
25.5 45.5
28.5 44.5
31.5 62.5
33.5 64.5
34.5 64.5
34.5 65.5
35.5 64.5
38.5 67.5
39.5 66.5
39.5 71.5
40.5 47.5
40.5 71.5
41.5 48.5
43.5 13.5
43.5 18.5
43.5 48.5
44.5 15.5
45.5 10.5
45.5 53.5
46.5 15.5
46.5 19.5
46.5 51.5
47.5 11.5
47.5 53.5
48.5 11.5
50.5 12.5
50.5 30.5
51.5 12.5
51.5 35.5
52.5 36.5
53.5 35.5
53.5 53.5
55.5 32.5
56.5 38.5
56.5 41.5
57.5 40.5
59.5 14.5
60.5 43.5
62.5 17.5
63.5 20.5
63.5 48.5
64.5 16.5
