2.5 12.5
2.5 13.5
3.5 11.5
3.5 12.5
3.5 48.5
3.5 60.5
4.5 10.5
4.5 11.5
4.5 24.5
4.5 25.5
4.5 26.5
4.5 27.5
4.5 35.5
4.5 36.5
4.5 49.5
4.5 61.5
4.5 62.5
5.5 9.5
5.5 20.5
5.5 21.5
5.5 22.5
5.5 23.5
5.5 24.5
5.5 25.5
5.5 36.5
5.5 37.5
5.5 38.5
5.5 50.5
5.5 62.5
5.5 63.5
6.5 7.5
6.5 8.5
6.5 18.5
6.5 19.5
6.5 20.5
6.5 21.5
6.5 22.5
6.5 31.5
6.5 38.5
6.5 39.5
6.5 51.5
6.5 63.5
6.5 64.5
6.5 65.5
7.5 7.5
7.5 15.5
7.5 16.5
7.5 17.5
7.5 18.5
7.5 30.5
7.5 32.5
7.5 39.5
7.5 40.5
7.5 41.5
7.5 43.5
7.5 44.5
7.5 51.5
7.5 52.5
7.5 55.5
7.5 56.5
7.5 64.5
7.5 65.5
7.5 66.5
8.5 13.5
8.5 14.5
8.5 15.5
8.5 16.5
8.5 28.5
8.5 29.5
8.5 33.5
8.5 41.5
8.5 42.5
8.5 44.5
8.5 45.5
8.5 52.5
8.5 53.5
8.5 56.5
8.5 57.5
8.5 66.5
8.5 67.5
9.5 11.5
9.5 12.5
9.5 13.5
9.5 14.5
9.5 27.5
9.5 28.5
9.5 34.5
9.5 35.5
9.5 45.5
9.5 46.5
9.5 53.5
9.5 54.5
9.5 57.5
9.5 58.5
9.5 59.5
9.5 67.5
9.5 68.5
10.5 10.5
10.5 11.5
10.5 26.5
10.5 27.5
10.5 35.5
10.5 36.5
10.5 47.5
10.5 48.5
10.5 55.5
10.5 59.5
10.5 60.5
11.5 25.5
11.5 26.5
11.5 36.5
11.5 37.5
11.5 48.5
11.5 49.5
11.5 60.5
11.5 61.5
12.5 38.5
12.5 49.5
12.5 50.5
12.5 61.5
12.5 62.5
12.5 63.5
13.5 10.5
13.5 11.5
13.5 25.5
13.5 39.5
13.5 51.5
13.5 63.5
13.5 64.5
14.5 12.5
14.5 13.5
14.5 14.5
14.5 26.5
14.5 37.5
14.5 38.5
15.5 14.5
15.5 15.5
15.5 16.5
15.5 27.5
15.5 36.5
15.5 52.5
16.5 16.5
16.5 17.5
16.5 18.5
16.5 21.5
16.5 28.5
16.5 34.5
16.5 35.5
16.5 48.5
16.5 49.5
16.5 50.5
16.5 51.5
16.5 59.5
16.5 60.5
16.5 61.5
17.5 7.5
17.5 8.5
17.5 19.5
17.5 20.5
17.5 22.5
17.5 29.5
17.5 33.5
17.5 34.5
17.5 43.5
17.5 46.5
17.5 47.5
17.5 48.5
17.5 61.5
17.5 62.5
17.5 63.5
17.5 64.5
18.5 9.5
18.5 10.5
18.5 23.5
18.5 24.5
18.5 30.5
18.5 32.5
18.5 41.5
18.5 42.5
18.5 44.5
18.5 45.5
18.5 46.5
18.5 57.5
18.5 64.5
18.5 65.5
18.5 66.5
18.5 68.5
19.5 10.5
19.5 11.5
19.5 12.5
19.5 24.5
19.5 25.5
19.5 31.5
19.5 39.5
19.5 40.5
19.5 41.5
19.5 55.5
19.5 56.5
19.5 58.5
19.5 67.5
19.5 68.5
20.5 12.5
20.5 13.5
20.5 25.5
20.5 26.5
20.5 37.5
20.5 38.5
20.5 39.5
20.5 52.5
20.5 53.5
20.5 54.5
20.5 59.5
20.5 68.5
21.5 14.5
21.5 26.5
21.5 36.5
21.5 37.5
21.5 50.5
21.5 51.5
21.5 52.5
21.5 60.5
21.5 68.5
22.5 16.5
22.5 27.5
22.5 35.5
22.5 48.5
22.5 49.5
22.5 61.5
22.5 68.5
23.5 26.5
23.5 27.5
23.5 40.5
23.5 62.5
23.5 68.5
24.5 12.5
24.5 13.5
24.5 25.5
24.5 26.5
24.5 38.5
24.5 39.5
24.5 48.5
24.5 62.5
24.5 68.5
25.5 13.5
25.5 14.5
25.5 15.5
25.5 23.5
25.5 24.5
25.5 37.5
25.5 38.5
25.5 49.5
25.5 50.5
25.5 61.5
25.5 68.5
26.5 15.5
26.5 16.5
26.5 17.5
26.5 22.5
26.5 23.5
26.5 35.5
26.5 36.5
26.5 44.5
26.5 51.5
26.5 52.5
26.5 53.5
26.5 60.5
26.5 68.5
27.5 17.5
27.5 18.5
27.5 21.5
27.5 22.5
27.5 30.5
27.5 34.5
27.5 35.5
27.5 44.5
27.5 45.5
27.5 53.5
27.5 54.5
27.5 58.5
27.5 59.5
27.5 68.5
28.5 7.5
28.5 8.5
28.5 19.5
28.5 20.5
28.5 28.5
28.5 29.5
28.5 33.5
28.5 34.5
28.5 42.5
28.5 43.5
28.5 46.5
28.5 47.5
28.5 55.5
28.5 56.5
28.5 57.5
28.5 64.5
28.5 65.5
28.5 66.5
29.5 8.5
29.5 9.5
29.5 10.5
29.5 11.5
29.5 27.5
29.5 28.5
29.5 32.5
29.5 40.5
29.5 41.5
29.5 48.5
29.5 56.5
29.5 62.5
29.5 63.5
29.5 64.5
30.5 10.5
30.5 11.5
30.5 12.5
30.5 26.5
30.5 27.5
30.5 39.5
30.5 40.5
30.5 49.5
30.5 50.5
30.5 60.5
30.5 61.5
31.5 12.5
31.5 13.5
31.5 14.5
31.5 25.5
31.5 26.5
31.5 37.5
31.5 38.5
31.5 51.5
32.5 15.5
32.5 24.5
32.5 36.5
32.5 65.5
33.5 27.5
33.5 50.5
33.5 63.5
33.5 64.5
34.5 15.5
34.5 26.5
34.5 36.5
34.5 51.5
34.5 61.5
34.5 62.5
35.5 12.5
35.5 13.5
35.5 18.5
35.5 24.5
35.5 25.5
35.5 37.5
35.5 38.5
35.5 39.5
35.5 52.5
35.5 59.5
35.5 60.5
35.5 61.5
36.5 10.5
36.5 11.5
36.5 17.5
36.5 23.5
36.5 24.5
36.5 38.5
36.5 39.5
36.5 40.5
36.5 41.5
36.5 45.5
36.5 53.5
36.5 54.5
36.5 58.5
36.5 59.5
36.5 67.5
36.5 68.5
37.5 8.5
37.5 17.5
37.5 22.5
37.5 23.5
37.5 40.5
37.5 41.5
37.5 42.5
37.5 46.5
37.5 47.5
37.5 54.5
37.5 55.5
37.5 57.5
37.5 66.5
37.5 67.5
38.5 16.5
38.5 17.5
38.5 21.5
38.5 22.5
38.5 30.5
38.5 31.5
38.5 32.5
38.5 42.5
38.5 43.5
38.5 44.5
38.5 47.5
38.5 48.5
38.5 56.5
38.5 65.5
38.5 66.5
39.5 15.5
39.5 16.5
39.5 20.5
39.5 21.5
39.5 29.5
39.5 30.5
39.5 33.5
39.5 34.5
39.5 44.5
39.5 45.5
39.5 48.5
39.5 49.5
39.5 64.5
39.5 65.5
40.5 15.5
40.5 19.5
40.5 27.5
40.5 28.5
40.5 35.5
40.5 36.5
40.5 49.5
40.5 50.5
40.5 51.5
40.5 63.5
40.5 64.5
41.5 14.5
41.5 15.5
41.5 26.5
41.5 27.5
41.5 36.5
41.5 37.5
41.5 38.5
41.5 51.5
41.5 52.5
41.5 62.5
41.5 63.5
42.5 14.5
42.5 15.5
42.5 24.5
42.5 25.5
42.5 38.5
42.5 39.5
42.5 52.5
42.5 61.5
43.5 14.5
43.5 23.5
43.5 41.5
43.5 53.5
43.5 61.5
44.5 13.5
44.5 27.5
44.5 51.5
44.5 52.5
44.5 62.5
45.5 12.5
45.5 13.5
45.5 25.5
45.5 26.5
45.5 39.5
45.5 40.5
45.5 41.5
45.5 50.5
45.5 51.5
45.5 63.5
45.5 64.5
46.5 11.5
46.5 12.5
46.5 24.5
46.5 25.5
46.5 36.5
46.5 37.5
46.5 38.5
46.5 39.5
46.5 49.5
46.5 55.5
46.5 56.5
46.5 64.5
46.5 65.5
47.5 10.5
47.5 11.5
47.5 22.5
47.5 23.5
47.5 33.5
47.5 34.5
47.5 35.5
47.5 36.5
47.5 47.5
47.5 48.5
47.5 54.5
47.5 57.5
47.5 58.5
47.5 65.5
47.5 66.5
48.5 9.5
48.5 19.5
48.5 21.5
48.5 22.5
48.5 30.5
48.5 31.5
48.5 32.5
48.5 44.5
48.5 45.5
48.5 46.5
48.5 47.5
48.5 53.5
48.5 54.5
48.5 58.5
48.5 59.5
48.5 67.5
49.5 8.5
49.5 16.5
49.5 17.5
49.5 19.5
49.5 20.5
49.5 28.5
49.5 29.5
49.5 30.5
49.5 41.5
49.5 42.5
49.5 43.5
49.5 45.5
49.5 53.5
49.5 59.5
49.5 60.5
49.5 68.5
50.5 14.5
50.5 15.5
50.5 16.5
50.5 18.5
50.5 26.5
50.5 27.5
50.5 28.5
50.5 39.5
50.5 40.5
50.5 41.5
50.5 52.5
50.5 60.5
50.5 61.5
51.5 12.5
51.5 13.5
51.5 24.5
51.5 25.5
51.5 38.5
51.5 51.5
51.5 52.5
51.5 61.5
51.5 62.5
52.5 10.5
52.5 11.5
52.5 23.5
52.5 51.5
52.5 62.5
52.5 63.5
53.5 38.5
53.5 39.5
53.5 50.5
53.5 52.5
53.5 64.5
54.5 14.5
54.5 15.5
54.5 39.5
54.5 40.5
54.5 51.5
54.5 60.5
55.5 12.5
55.5 13.5
55.5 14.5
55.5 23.5
55.5 24.5
55.5 25.5
55.5 26.5
55.5 27.5
55.5 28.5
55.5 40.5
55.5 41.5
55.5 50.5
55.5 60.5
55.5 61.5
56.5 11.5
56.5 12.5
56.5 27.5
56.5 28.5
56.5 29.5
56.5 30.5
56.5 31.5
56.5 32.5
56.5 33.5
56.5 41.5
56.5 42.5
56.5 49.5
56.5 62.5
56.5 63.5
57.5 9.5
57.5 10.5
57.5 11.5
57.5 18.5
57.5 33.5
57.5 34.5
57.5 43.5
57.5 48.5
57.5 63.5
57.5 64.5
58.5 8.5
58.5 9.5
58.5 17.5
58.5 18.5
58.5 35.5
58.5 36.5
58.5 44.5
58.5 47.5
58.5 54.5
58.5 55.5
58.5 64.5
58.5 65.5
59.5 7.5
59.5 16.5
59.5 19.5
59.5 20.5
59.5 21.5
59.5 22.5
59.5 36.5
59.5 37.5
59.5 38.5
59.5 45.5
59.5 46.5
59.5 53.5
59.5 56.5
59.5 57.5
59.5 65.5
59.5 66.5
59.5 67.5
60.5 15.5
60.5 16.5
60.5 21.5
60.5 22.5
60.5 23.5
60.5 24.5
60.5 38.5
60.5 39.5
60.5 51.5
60.5 52.5
60.5 57.5
60.5 58.5
60.5 59.5
60.5 67.5
60.5 68.5
61.5 14.5
61.5 15.5
61.5 24.5
61.5 25.5
61.5 26.5
61.5 39.5
61.5 40.5
61.5 50.5
61.5 51.5
61.5 59.5
61.5 60.5
62.5 13.5
62.5 14.5
62.5 49.5
62.5 50.5
62.5 61.5
62.5 62.5
63.5 13.5
63.5 48.5
63.5 62.5
63.5 63.5
