2.5 53.5
3.5 12.5
3.5 43.5
3.5 64.5
4.5 12.5
4.5 22.5
4.5 33.5
4.5 43.5
4.5 52.5
4.5 64.5
5.5 22.5
5.5 33.5
5.5 43.5
5.5 52.5
5.5 64.5
6.5 11.5
6.5 23.5
6.5 33.5
6.5 44.5
6.5 52.5
6.5 64.5
7.5 11.5
7.5 23.5
7.5 34.5
7.5 44.5
7.5 51.5
7.5 52.5
7.5 65.5
8.5 11.5
8.5 23.5
8.5 34.5
8.5 44.5
8.5 51.5
8.5 65.5
9.5 15.5
9.5 24.5
9.5 34.5
9.5 39.5
9.5 44.5
9.5 51.5
9.5 65.5
10.5 10.5
10.5 15.5
10.5 24.5
10.5 29.5
10.5 34.5
10.5 39.5
10.5 45.5
10.5 50.5
10.5 51.5
10.5 60.5
10.5 65.5
11.5 10.5
11.5 15.5
11.5 19.5
11.5 24.5
11.5 29.5
11.5 34.5
11.5 39.5
11.5 45.5
11.5 50.5
11.5 56.5
11.5 60.5
11.5 65.5
12.5 10.5
12.5 19.5
12.5 25.5
12.5 29.5
12.5 35.5
12.5 40.5
12.5 45.5
12.5 50.5
12.5 56.5
12.5 66.5
13.5 14.5
13.5 19.5
13.5 25.5
13.5 30.5
13.5 35.5
13.5 40.5
13.5 45.5
13.5 50.5
13.5 56.5
13.5 61.5
13.5 66.5
14.5 14.5
14.5 20.5
14.5 30.5
14.5 35.5
14.5 40.5
14.5 55.5
14.5 61.5
14.5 66.5
15.5 14.5
15.5 20.5
15.5 30.5
15.5 35.5
15.5 40.5
15.5 55.5
15.5 61.5
16.5 14.5
16.5 20.5
16.5 30.5
16.5 41.5
16.5 54.5
16.5 61.5
17.5 14.5
17.5 21.5
17.5 31.5
17.5 41.5
17.5 54.5
17.5 62.5
18.5 21.5
18.5 31.5
18.5 41.5
18.5 54.5
18.5 62.5
19.5 13.5
19.5 21.5
19.5 31.5
19.5 41.5
19.5 53.5
19.5 62.5
20.5 13.5
20.5 42.5
20.5 53.5
20.5 62.5
21.5 13.5
21.5 22.5
21.5 42.5
24.5 31.5
24.5 42.5
24.5 52.5
24.5 63.5
25.5 12.5
25.5 23.5
25.5 31.5
25.5 52.5
25.5 63.5
26.5 12.5
26.5 23.5
26.5 31.5
26.5 43.5
26.5 52.5
26.5 64.5
27.5 12.5
27.5 23.5
27.5 31.5
27.5 43.5
27.5 52.5
27.5 64.5
28.5 11.5
28.5 24.5
28.5 30.5
28.5 44.5
28.5 51.5
28.5 64.5
29.5 11.5
29.5 24.5
29.5 30.5
29.5 44.5
29.5 51.5
29.5 64.5
30.5 11.5
30.5 24.5
30.5 30.5
30.5 44.5
30.5 45.5
30.5 51.5
30.5 65.5
31.5 11.5
31.5 16.5
31.5 24.5
31.5 30.5
31.5 39.5
31.5 45.5
31.5 51.5
31.5 56.5
31.5 65.5
32.5 11.5
32.5 25.5
32.5 30.5
32.5 39.5
32.5 45.5
32.5 51.5
32.5 56.5
32.5 60.5
32.5 65.5
33.5 10.5
33.5 15.5
33.5 20.5
33.5 25.5
33.5 29.5
33.5 34.5
33.5 39.5
33.5 46.5
33.5 60.5
33.5 66.5
34.5 10.5
34.5 15.5
34.5 20.5
34.5 25.5
34.5 29.5
34.5 34.5
34.5 39.5
34.5 40.5
34.5 46.5
34.5 50.5
34.5 55.5
34.5 60.5
34.5 66.5
35.5 10.5
35.5 15.5
35.5 20.5
35.5 29.5
35.5 34.5
35.5 40.5
35.5 50.5
35.5 55.5
35.5 61.5
35.5 66.5
36.5 15.5
36.5 21.5
36.5 40.5
36.5 55.5
36.5 61.5
37.5 14.5
37.5 21.5
37.5 33.5
37.5 40.5
37.5 41.5
37.5 55.5
37.5 61.5
38.5 14.5
38.5 21.5
38.5 33.5
38.5 41.5
38.5 54.5
38.5 62.5
39.5 14.5
39.5 21.5
39.5 33.5
39.5 41.5
39.5 54.5
39.5 62.5
40.5 22.5
40.5 33.5
40.5 42.5
40.5 54.5
40.5 62.5
41.5 13.5
41.5 22.5
41.5 42.5
41.5 63.5
42.5 13.5
42.5 32.5
42.5 42.5
42.5 63.5
43.5 32.5
44.5 63.5
45.5 32.5
45.5 63.5
46.5 12.5
46.5 23.5
46.5 43.5
46.5 54.5
46.5 63.5
47.5 12.5
47.5 23.5
47.5 31.5
47.5 43.5
47.5 54.5
47.5 64.5
48.5 12.5
48.5 24.5
48.5 31.5
48.5 43.5
48.5 44.5
48.5 54.5
48.5 64.5
49.5 11.5
49.5 24.5
49.5 31.5
49.5 44.5
49.5 55.5
49.5 64.5
50.5 11.5
50.5 24.5
50.5 30.5
50.5 44.5
50.5 55.5
50.5 64.5
51.5 11.5
51.5 19.5
51.5 25.5
51.5 30.5
51.5 35.5
51.5 38.5
51.5 44.5
51.5 50.5
51.5 55.5
51.5 64.5
52.5 11.5
52.5 15.5
52.5 19.5
52.5 25.5
52.5 30.5
52.5 44.5
52.5 45.5
52.5 50.5
52.5 65.5
53.5 10.5
53.5 15.5
53.5 20.5
53.5 34.5
53.5 39.5
53.5 45.5
53.5 50.5
53.5 56.5
53.5 60.5
53.5 65.5
54.5 10.5
54.5 20.5
54.5 26.5
54.5 29.5
54.5 34.5
54.5 39.5
54.5 45.5
54.5 51.5
54.5 56.5
54.5 60.5
54.5 65.5
55.5 10.5
55.5 14.5
55.5 20.5
55.5 34.5
55.5 40.5
55.5 51.5
55.5 65.5
56.5 14.5
56.5 20.5
56.5 34.5
56.5 40.5
56.5 51.5
56.5 61.5
57.5 14.5
57.5 20.5
57.5 33.5
57.5 34.5
57.5 40.5
57.5 51.5
57.5 61.5
58.5 20.5
58.5 21.5
58.5 33.5
58.5 41.5
58.5 52.5
58.5 61.5
59.5 13.5
59.5 21.5
59.5 33.5
59.5 41.5
59.5 52.5
60.5 13.5
60.5 21.5
60.5 33.5
60.5 42.5
60.5 52.5
60.5 62.5
61.5 21.5
61.5 42.5
61.5 62.5
62.5 12.5
62.5 21.5
62.5 62.5
63.5 12.5
