6.5 15.5
7.5 14.5
7.5 15.5
7.5 36.5
7.5 37.5
7.5 58.5
7.5 59.5
8.5 13.5
8.5 14.5
8.5 34.5
8.5 35.5
8.5 36.5
8.5 59.5
8.5 60.5
9.5 13.5
9.5 14.5
9.5 33.5
9.5 34.5
9.5 35.5
9.5 60.5
9.5 61.5
10.5 12.5
10.5 13.5
10.5 32.5
10.5 33.5
10.5 34.5
10.5 61.5
10.5 62.5
11.5 11.5
11.5 12.5
11.5 31.5
11.5 32.5
11.5 33.5
11.5 62.5
11.5 63.5
12.5 11.5
12.5 30.5
12.5 31.5
12.5 51.5
12.5 63.5
12.5 64.5
13.5 10.5
13.5 22.5
13.5 30.5
13.5 45.5
13.5 52.5
14.5 21.5
14.5 22.5
14.5 43.5
14.5 44.5
14.5 52.5
14.5 53.5
15.5 20.5
15.5 21.5
15.5 42.5
15.5 43.5
15.5 53.5
15.5 54.5
16.5 19.5
16.5 20.5
16.5 21.5
16.5 41.5
16.5 42.5
16.5 54.5
16.5 55.5
17.5 19.5
17.5 20.5
17.5 40.5
17.5 41.5
17.5 55.5
18.5 18.5
18.5 19.5
18.5 39.5
18.5 40.5
18.5 55.5
18.5 56.5
19.5 17.5
19.5 18.5
19.5 38.5
19.5 39.5
19.5 56.5
20.5 17.5
25.5 57.5
26.5 38.5
26.5 56.5
27.5 16.5
27.5 17.5
27.5 38.5
27.5 39.5
27.5 40.5
27.5 55.5
28.5 15.5
28.5 16.5
28.5 40.5
28.5 41.5
28.5 54.5
28.5 55.5
29.5 14.5
29.5 15.5
29.5 41.5
29.5 42.5
29.5 43.5
29.5 53.5
29.5 54.5
30.5 13.5
30.5 14.5
30.5 42.5
30.5 43.5
30.5 44.5
30.5 52.5
30.5 53.5
31.5 12.5
31.5 13.5
31.5 44.5
31.5 45.5
31.5 52.5
32.5 11.5
32.5 12.5
32.5 63.5
32.5 64.5
33.5 10.5
33.5 32.5
33.5 62.5
33.5 63.5
34.5 23.5
34.5 24.5
34.5 33.5
34.5 34.5
34.5 61.5
34.5 62.5
34.5 63.5
35.5 22.5
35.5 23.5
35.5 24.5
35.5 34.5
35.5 35.5
35.5 60.5
35.5 61.5
35.5 62.5
36.5 20.5
36.5 21.5
36.5 22.5
36.5 35.5
36.5 36.5
36.5 59.5
36.5 60.5
36.5 61.5
37.5 19.5
37.5 20.5
37.5 21.5
37.5 36.5
37.5 37.5
37.5 59.5
37.5 60.5
38.5 18.5
38.5 19.5
38.5 20.5
38.5 37.5
38.5 38.5
38.5 58.5
38.5 59.5
39.5 17.5
39.5 18.5
45.5 39.5
45.5 58.5
46.5 40.5
46.5 57.5
46.5 58.5
47.5 17.5
47.5 18.5
47.5 40.5
47.5 41.5
47.5 56.5
47.5 57.5
48.5 18.5
48.5 19.5
48.5 20.5
48.5 41.5
48.5 42.5
48.5 55.5
48.5 56.5
48.5 57.5
49.5 19.5
49.5 20.5
49.5 21.5
49.5 41.5
49.5 42.5
49.5 43.5
49.5 54.5
49.5 55.5
49.5 56.5
50.5 20.5
50.5 21.5
50.5 22.5
50.5 42.5
50.5 43.5
50.5 53.5
50.5 54.5
50.5 55.5
51.5 22.5
51.5 23.5
51.5 24.5
51.5 43.5
51.5 44.5
51.5 53.5
51.5 54.5
52.5 23.5
52.5 24.5
52.5 44.5
52.5 52.5
52.5 53.5
53.5 9.5
53.5 10.5
53.5 32.5
53.5 65.5
54.5 10.5
54.5 11.5
54.5 32.5
54.5 33.5
54.5 64.5
54.5 65.5
55.5 11.5
55.5 12.5
55.5 13.5
55.5 33.5
55.5 34.5
55.5 62.5
55.5 63.5
55.5 64.5
56.5 12.5
56.5 13.5
56.5 14.5
56.5 34.5
56.5 35.5
56.5 61.5
56.5 62.5
56.5 63.5
57.5 13.5
57.5 14.5
57.5 15.5
57.5 35.5
57.5 36.5
57.5 60.5
57.5 61.5
58.5 14.5
58.5 15.5
58.5 16.5
58.5 36.5
58.5 37.5
58.5 59.5
58.5 60.5
59.5 16.5
59.5 37.5
59.5 38.5
59.5 58.5
59.5 59.5
60.5 38.5
