2.5 13.5
2.5 24.5
2.5 38.5
2.5 49.5
2.5 63.5
3.5 12.5
3.5 13.5
3.5 25.5
3.5 38.5
3.5 50.5
3.5 63.5
4.5 12.5
4.5 25.5
4.5 37.5
4.5 38.5
4.5 50.5
4.5 63.5
5.5 11.5
5.5 12.5
5.5 25.5
5.5 26.5
5.5 37.5
5.5 50.5
5.5 63.5
5.5 64.5
6.5 11.5
6.5 12.5
6.5 26.5
6.5 36.5
6.5 37.5
6.5 50.5
6.5 51.5
6.5 63.5
6.5 64.5
7.5 10.5
7.5 11.5
7.5 26.5
7.5 27.5
7.5 36.5
7.5 51.5
7.5 63.5
7.5 64.5
8.5 10.5
8.5 11.5
8.5 18.5
8.5 20.5
8.5 26.5
8.5 27.5
8.5 35.5
8.5 36.5
8.5 45.5
8.5 51.5
8.5 52.5
8.5 64.5
9.5 10.5
9.5 11.5
9.5 17.5
9.5 20.5
9.5 27.5
9.5 35.5
9.5 36.5
9.5 42.5
9.5 45.5
9.5 51.5
9.5 52.5
9.5 64.5
10.5 9.5
10.5 10.5
10.5 17.5
10.5 21.5
10.5 27.5
10.5 28.5
10.5 34.5
10.5 35.5
10.5 42.5
10.5 46.5
10.5 51.5
10.5 52.5
10.5 58.5
10.5 64.5
10.5 65.5
11.5 9.5
11.5 10.5
11.5 16.5
11.5 17.5
11.5 21.5
11.5 28.5
11.5 34.5
11.5 35.5
11.5 41.5
11.5 42.5
11.5 46.5
11.5 52.5
11.5 53.5
11.5 58.5
11.5 64.5
11.5 65.5
12.5 8.5
12.5 9.5
12.5 16.5
12.5 21.5
12.5 22.5
12.5 28.5
12.5 29.5
12.5 34.5
12.5 41.5
12.5 46.5
12.5 52.5
12.5 53.5
12.5 58.5
12.5 64.5
12.5 65.5
13.5 8.5
13.5 9.5
13.5 15.5
13.5 16.5
13.5 21.5
13.5 22.5
13.5 28.5
13.5 29.5
13.5 33.5
13.5 34.5
13.5 40.5
13.5 41.5
13.5 46.5
13.5 47.5
13.5 53.5
13.5 58.5
13.5 59.5
13.5 65.5
14.5 8.5
14.5 15.5
14.5 16.5
14.5 22.5
14.5 23.5
14.5 29.5
14.5 33.5
14.5 40.5
14.5 41.5
14.5 47.5
14.5 53.5
14.5 54.5
14.5 58.5
14.5 59.5
14.5 65.5
15.5 8.5
15.5 14.5
15.5 15.5
15.5 22.5
15.5 23.5
15.5 29.5
15.5 30.5
15.5 33.5
15.5 40.5
15.5 41.5
15.5 47.5
15.5 53.5
15.5 54.5
15.5 59.5
15.5 65.5
16.5 7.5
16.5 14.5
16.5 15.5
16.5 23.5
16.5 30.5
16.5 32.5
16.5 39.5
16.5 40.5
16.5 47.5
16.5 48.5
16.5 54.5
16.5 59.5
16.5 60.5
16.5 65.5
17.5 14.5
17.5 23.5
17.5 24.5
17.5 39.5
17.5 40.5
17.5 47.5
17.5 48.5
17.5 54.5
17.5 59.5
17.5 60.5
18.5 13.5
18.5 14.5
18.5 23.5
18.5 24.5
18.5 39.5
18.5 48.5
18.5 59.5
18.5 60.5
19.5 13.5
19.5 24.5
19.5 38.5
19.5 39.5
19.5 48.5
19.5 60.5
20.5 12.5
20.5 13.5
20.5 24.5
20.5 25.5
20.5 38.5
20.5 39.5
20.5 48.5
20.5 49.5
20.5 60.5
20.5 61.5
21.5 12.5
21.5 25.5
21.5 38.5
21.5 49.5
21.5 60.5
21.5 61.5
22.5 12.5
22.5 13.5
22.5 25.5
22.5 36.5
22.5 37.5
22.5 38.5
22.5 49.5
22.5 61.5
23.5 13.5
23.5 25.5
23.5 26.5
23.5 36.5
23.5 37.5
23.5 49.5
23.5 61.5
24.5 12.5
24.5 25.5
24.5 37.5
24.5 49.5
24.5 61.5
25.5 12.5
25.5 24.5
25.5 25.5
25.5 37.5
25.5 38.5
25.5 49.5
25.5 50.5
25.5 60.5
25.5 61.5
26.5 11.5
26.5 12.5
26.5 24.5
26.5 25.5
26.5 38.5
26.5 50.5
26.5 60.5
27.5 11.5
27.5 12.5
27.5 24.5
27.5 38.5
27.5 39.5
27.5 50.5
27.5 59.5
27.5 60.5
28.5 10.5
28.5 11.5
28.5 23.5
28.5 24.5
28.5 30.5
28.5 39.5
28.5 50.5
28.5 51.5
28.5 59.5
28.5 60.5
29.5 10.5
29.5 11.5
29.5 18.5
29.5 23.5
29.5 24.5
29.5 30.5
29.5 33.5
29.5 39.5
29.5 40.5
29.5 51.5
29.5 58.5
29.5 59.5
29.5 66.5
30.5 10.5
30.5 11.5
30.5 17.5
30.5 18.5
30.5 23.5
30.5 29.5
30.5 30.5
30.5 33.5
30.5 34.5
30.5 40.5
30.5 45.5
30.5 51.5
30.5 58.5
30.5 59.5
30.5 65.5
31.5 9.5
31.5 10.5
31.5 17.5
31.5 22.5
31.5 23.5
31.5 29.5
31.5 34.5
31.5 40.5
31.5 41.5
31.5 45.5
31.5 51.5
31.5 52.5
31.5 58.5
31.5 65.5
32.5 9.5
32.5 10.5
32.5 16.5
32.5 17.5
32.5 22.5
32.5 23.5
32.5 29.5
32.5 34.5
32.5 41.5
32.5 46.5
32.5 52.5
32.5 57.5
32.5 58.5
32.5 64.5
32.5 65.5
33.5 9.5
33.5 16.5
33.5 17.5
33.5 22.5
33.5 28.5
33.5 29.5
33.5 34.5
33.5 35.5
33.5 41.5
33.5 42.5
33.5 46.5
33.5 52.5
33.5 57.5
33.5 58.5
33.5 64.5
34.5 8.5
34.5 9.5
34.5 15.5
34.5 16.5
34.5 22.5
34.5 28.5
34.5 29.5
34.5 34.5
34.5 35.5
34.5 42.5
34.5 46.5
34.5 47.5
34.5 52.5
34.5 53.5
34.5 57.5
34.5 63.5
34.5 64.5
35.5 8.5
35.5 15.5
35.5 16.5
35.5 22.5
35.5 28.5
35.5 35.5
35.5 36.5
35.5 42.5
35.5 47.5
35.5 53.5
35.5 56.5
35.5 57.5
35.5 63.5
35.5 64.5
36.5 8.5
36.5 15.5
36.5 16.5
36.5 21.5
36.5 27.5
36.5 28.5
36.5 35.5
36.5 36.5
36.5 43.5
36.5 47.5
36.5 48.5
36.5 53.5
36.5 56.5
36.5 63.5
37.5 14.5
37.5 15.5
37.5 27.5
37.5 28.5
37.5 36.5
37.5 48.5
37.5 56.5
37.5 62.5
37.5 63.5
38.5 14.5
38.5 15.5
38.5 27.5
38.5 28.5
38.5 36.5
38.5 37.5
38.5 48.5
38.5 49.5
38.5 62.5
39.5 14.5
39.5 27.5
39.5 36.5
39.5 37.5
39.5 48.5
39.5 49.5
39.5 61.5
39.5 62.5
40.5 13.5
40.5 14.5
40.5 27.5
40.5 37.5
40.5 49.5
40.5 61.5
40.5 62.5
41.5 13.5
41.5 26.5
41.5 27.5
41.5 37.5
41.5 49.5
41.5 50.5
41.5 61.5
42.5 13.5
42.5 26.5
42.5 27.5
42.5 37.5
42.5 38.5
42.5 49.5
42.5 50.5
42.5 60.5
42.5 61.5
43.5 13.5
43.5 26.5
43.5 27.5
43.5 37.5
43.5 38.5
43.5 49.5
43.5 60.5
43.5 61.5
44.5 13.5
44.5 14.5
44.5 26.5
44.5 38.5
44.5 48.5
44.5 49.5
44.5 61.5
45.5 14.5
45.5 25.5
45.5 26.5
45.5 38.5
45.5 39.5
45.5 48.5
45.5 49.5
45.5 61.5
45.5 62.5
46.5 14.5
46.5 15.5
46.5 25.5
46.5 38.5
46.5 39.5
46.5 48.5
46.5 62.5
47.5 14.5
47.5 15.5
47.5 24.5
47.5 25.5
47.5 39.5
47.5 48.5
47.5 62.5
47.5 63.5
48.5 14.5
48.5 15.5
48.5 24.5
48.5 25.5
48.5 39.5
48.5 40.5
48.5 47.5
48.5 48.5
48.5 56.5
48.5 62.5
48.5 63.5
49.5 8.5
49.5 15.5
49.5 16.5
49.5 23.5
49.5 24.5
49.5 33.5
49.5 39.5
49.5 40.5
49.5 47.5
49.5 48.5
49.5 54.5
49.5 56.5
49.5 63.5
50.5 8.5
50.5 15.5
50.5 16.5
50.5 23.5
50.5 24.5
50.5 30.5
50.5 34.5
50.5 40.5
50.5 41.5
50.5 47.5
50.5 48.5
50.5 53.5
50.5 57.5
50.5 63.5
50.5 64.5
51.5 8.5
51.5 9.5
51.5 15.5
51.5 16.5
51.5 23.5
51.5 29.5
51.5 30.5
51.5 34.5
51.5 40.5
51.5 41.5
51.5 47.5
51.5 53.5
51.5 57.5
51.5 64.5
52.5 9.5
52.5 16.5
52.5 17.5
52.5 22.5
52.5 23.5
52.5 29.5
52.5 30.5
52.5 34.5
52.5 35.5
52.5 41.5
52.5 46.5
52.5 47.5
52.5 53.5
52.5 57.5
52.5 58.5
52.5 64.5
52.5 65.5
53.5 9.5
53.5 10.5
53.5 16.5
53.5 17.5
53.5 22.5
53.5 29.5
53.5 34.5
53.5 35.5
53.5 41.5
53.5 42.5
53.5 46.5
53.5 47.5
53.5 52.5
53.5 53.5
53.5 58.5
53.5 64.5
53.5 65.5
54.5 9.5
54.5 10.5
54.5 17.5
54.5 21.5
54.5 22.5
54.5 28.5
54.5 29.5
54.5 35.5
54.5 42.5
54.5 46.5
54.5 52.5
54.5 58.5
54.5 59.5
54.5 65.5
55.5 10.5
55.5 17.5
55.5 18.5
55.5 21.5
55.5 28.5
55.5 29.5
55.5 35.5
55.5 36.5
55.5 42.5
55.5 46.5
55.5 52.5
55.5 59.5
55.5 65.5
55.5 66.5
56.5 10.5
56.5 11.5
56.5 18.5
56.5 21.5
56.5 27.5
56.5 28.5
56.5 35.5
56.5 36.5
56.5 46.5
56.5 51.5
56.5 52.5
56.5 59.5
56.5 60.5
56.5 66.5
57.5 10.5
57.5 11.5
57.5 18.5
57.5 27.5
57.5 28.5
57.5 36.5
57.5 37.5
57.5 43.5
57.5 51.5
57.5 52.5
57.5 59.5
57.5 60.5
58.5 11.5
58.5 26.5
58.5 27.5
58.5 36.5
58.5 37.5
58.5 51.5
58.5 60.5
59.5 11.5
59.5 12.5
59.5 26.5
59.5 27.5
59.5 37.5
59.5 50.5
59.5 51.5
59.5 60.5
59.5 61.5
60.5 11.5
60.5 12.5
60.5 26.5
60.5 27.5
60.5 37.5
60.5 38.5
60.5 50.5
60.5 51.5
60.5 61.5
61.5 12.5
61.5 25.5
61.5 26.5
61.5 37.5
61.5 38.5
61.5 50.5
61.5 61.5
61.5 62.5
62.5 12.5
62.5 13.5
62.5 25.5
62.5 26.5
62.5 38.5
62.5 50.5
62.5 62.5
63.5 13.5
63.5 25.5
63.5 38.5
63.5 62.5
