11.5 63.5
12.5 65.5
13.5 64.5
14.5 64.5
15.5 37.5
20.5 48.5
21.5 46.5
23.5 49.5
23.5 53.5
26.5 54.5
26.5 55.5
26.5 60.5
26.5 63.5
26.5 69.5
27.5 60.5
27.5 67.5
27.5 68.5
29.5 11.5
29.5 18.5
29.5 27.5
30.5 16.5
30.5 30.5
31.5 17.5
31.5 20.5
31.5 22.5
31.5 26.5
31.5 27.5
31.5 30.5
32.5 10.5
32.5 35.5
32.5 36.5
32.5 37.5
33.5 10.5
33.5 35.5
33.5 36.5
33.5 37.5
34.5 10.5
34.5 36.5
34.5 37.5
34.5 38.5
35.5 10.5
35.5 38.5
36.5 10.5
37.5 10.5
37.5 30.5
37.5 31.5
37.5 41.5
38.5 10.5
38.5 30.5
38.5 31.5
38.5 32.5
39.5 10.5
39.5 30.5
39.5 31.5
39.5 32.5
42.5 11.5
45.5 56.5
45.5 57.5
50.5 26.5
50.5 27.5
50.5 62.5
51.5 68.5
51.5 71.5
52.5 27.5
55.5 26.5
55.5 65.5
56.5 35.5
56.5 41.5
56.5 45.5
57.5 31.5
57.5 36.5
58.5 38.5
58.5 39.5
59.5 36.5
60.5 34.5
60.5 36.5
61.5 39.5
61.5 45.5
63.5 45.5
