2.5 23.5
2.5 32.5
2.5 62.5
3.5 32.5
3.5 42.5
3.5 62.5
4.5 13.5
4.5 22.5
4.5 32.5
4.5 51.5
4.5 63.5
5.5 43.5
5.5 51.5
5.5 63.5
6.5 14.5
6.5 21.5
6.5 27.5
6.5 31.5
6.5 44.5
6.5 57.5
6.5 64.5
7.5 9.5
7.5 31.5
7.5 44.5
7.5 50.5
7.5 64.5
8.5 15.5
8.5 20.5
8.5 26.5
8.5 31.5
8.5 36.5
8.5 38.5
8.5 45.5
8.5 50.5
8.5 54.5
8.5 58.5
8.5 65.5
9.5 10.5
9.5 15.5
9.5 20.5
9.5 26.5
9.5 39.5
9.5 54.5
9.5 65.5
10.5 19.5
10.5 25.5
10.5 46.5
10.5 49.5
10.5 54.5
10.5 59.5
10.5 65.5
11.5 11.5
11.5 16.5
11.5 19.5
11.5 25.5
11.5 30.5
11.5 35.5
11.5 40.5
11.5 47.5
11.5 54.5
11.5 59.5
11.5 66.5
12.5 11.5
12.5 30.5
12.5 35.5
12.5 41.5
12.5 60.5
13.5 24.5
13.5 60.5
14.5 12.5
14.5 34.5
14.5 42.5
14.5 53.5
14.5 61.5
15.5 12.5
15.5 23.5
15.5 34.5
15.5 43.5
15.5 53.5
15.5 61.5
16.5 23.5
16.5 53.5
16.5 62.5
17.5 13.5
17.5 33.5
17.5 34.5
17.5 43.5
17.5 44.5
17.5 62.5
18.5 23.5
18.5 43.5
19.5 13.5
19.5 33.5
19.5 52.5
19.5 62.5
20.5 13.5
20.5 24.5
20.5 32.5
20.5 44.5
20.5 52.5
20.5 62.5
21.5 13.5
21.5 24.5
21.5 32.5
21.5 44.5
21.5 61.5
22.5 25.5
22.5 31.5
22.5 51.5
22.5 61.5
23.5 9.5
23.5 14.5
23.5 19.5
23.5 25.5
23.5 36.5
23.5 39.5
23.5 45.5
23.5 51.5
23.5 60.5
24.5 14.5
24.5 19.5
24.5 26.5
24.5 30.5
24.5 39.5
24.5 45.5
24.5 56.5
24.5 60.5
25.5 14.5
25.5 26.5
25.5 35.5
25.5 40.5
25.5 50.5
25.5 59.5
25.5 65.5
26.5 10.5
26.5 20.5
26.5 29.5
26.5 35.5
26.5 40.5
26.5 46.5
26.5 50.5
26.5 55.5
26.5 59.5
27.5 10.5
27.5 20.5
27.5 27.5
27.5 34.5
27.5 46.5
27.5 64.5
28.5 15.5
28.5 20.5
28.5 34.5
28.5 41.5
28.5 54.5
28.5 64.5
29.5 11.5
29.5 21.5
29.5 33.5
29.5 41.5
29.5 49.5
29.5 63.5
30.5 11.5
30.5 21.5
30.5 33.5
30.5 53.5
30.5 63.5
31.5 21.5
31.5 42.5
32.5 12.5
32.5 21.5
32.5 32.5
32.5 52.5
32.5 62.5
33.5 12.5
33.5 43.5
33.5 52.5
34.5 12.5
34.5 22.5
34.5 32.5
34.5 42.5
34.5 43.5
34.5 62.5
35.5 22.5
35.5 31.5
35.5 53.5
35.5 62.5
36.5 31.5
36.5 43.5
37.5 11.5
37.5 23.5
37.5 30.5
37.5 54.5
37.5 61.5
38.5 11.5
38.5 23.5
38.5 30.5
38.5 44.5
38.5 49.5
38.5 55.5
38.5 61.5
39.5 15.5
39.5 29.5
39.5 38.5
39.5 45.5
39.5 55.5
39.5 60.5
39.5 66.5
40.5 10.5
40.5 18.5
40.5 24.5
40.5 29.5
40.5 35.5
40.5 45.5
40.5 50.5
40.5 56.5
40.5 60.5
41.5 10.5
41.5 24.5
41.5 39.5
41.5 46.5
41.5 65.5
42.5 14.5
42.5 19.5
42.5 28.5
42.5 34.5
42.5 40.5
42.5 51.5
42.5 57.5
42.5 59.5
42.5 65.5
43.5 14.5
43.5 19.5
43.5 33.5
43.5 40.5
43.5 47.5
43.5 52.5
43.5 64.5
44.5 9.5
44.5 20.5
44.5 41.5
44.5 52.5
44.5 64.5
45.5 13.5
45.5 20.5
45.5 32.5
45.5 42.5
45.5 53.5
46.5 13.5
46.5 31.5
46.5 42.5
46.5 53.5
46.5 63.5
47.5 13.5
47.5 21.5
47.5 43.5
48.5 21.5
48.5 30.5
48.5 53.5
48.5 63.5
49.5 13.5
49.5 22.5
49.5 31.5
49.5 63.5
50.5 12.5
50.5 22.5
50.5 31.5
50.5 42.5
50.5 54.5
50.5 63.5
51.5 12.5
51.5 22.5
51.5 30.5
51.5 43.5
51.5 55.5
52.5 30.5
52.5 44.5
52.5 55.5
52.5 62.5
53.5 11.5
53.5 23.5
53.5 29.5
53.5 35.5
53.5 44.5
53.5 56.5
53.5 62.5
53.5 67.5
54.5 29.5
54.5 35.5
54.5 39.5
54.5 45.5
54.5 49.5
54.5 56.5
55.5 10.5
55.5 16.5
55.5 19.5
55.5 24.5
55.5 28.5
55.5 39.5
55.5 46.5
55.5 50.5
55.5 57.5
55.5 61.5
55.5 66.5
56.5 9.5
56.5 15.5
56.5 24.5
56.5 28.5
56.5 34.5
56.5 40.5
56.5 51.5
56.5 61.5
56.5 66.5
57.5 15.5
57.5 20.5
57.5 27.5
57.5 34.5
57.5 40.5
57.5 52.5
57.5 58.5
58.5 8.5
58.5 14.5
58.5 25.5
58.5 52.5
58.5 65.5
59.5 21.5
59.5 33.5
59.5 41.5
59.5 53.5
59.5 65.5
60.5 13.5
60.5 33.5
60.5 54.5
61.5 22.5
61.5 42.5
61.5 64.5
62.5 12.5
62.5 32.5
63.5 32.5
63.5 43.5
