20.5 38.5
20.5 39.5
20.5 40.5
20.5 41.5
20.5 47.5
20.5 48.5
21.5 48.5
22.5 34.5
22.5 43.5
22.5 44.5
22.5 56.5
22.5 57.5
22.5 58.5
22.5 59.5
23.5 50.5
23.5 52.5
23.5 64.5
24.5 32.5
24.5 43.5
25.5 39.5
26.5 70.5
27.5 71.5
28.5 40.5
29.5 70.5
30.5 71.5
32.5 44.5
32.5 55.5
32.5 61.5
32.5 65.5
32.5 66.5
34.5 60.5
34.5 61.5
34.5 66.5
35.5 60.5
35.5 69.5
36.5 60.5
37.5 70.5
37.5 71.5
38.5 16.5
38.5 17.5
38.5 70.5
38.5 71.5
38.5 72.5
39.5 15.5
39.5 24.5
39.5 25.5
39.5 70.5
39.5 71.5
39.5 72.5
40.5 10.5
41.5 10.5
41.5 34.5
41.5 39.5
42.5 10.5
42.5 39.5
42.5 43.5
43.5 10.5
43.5 35.5
43.5 38.5
43.5 41.5
43.5 42.5
43.5 46.5
44.5 10.5
44.5 44.5
45.5 10.5
45.5 34.5
45.5 35.5
45.5 52.5
46.5 10.5
47.5 10.5
47.5 42.5
49.5 10.5
50.5 57.5
52.5 15.5
52.5 57.5
52.5 59.5
52.5 63.5
53.5 20.5
53.5 55.5
53.5 56.5
54.5 19.5
54.5 20.5
54.5 56.5
55.5 57.5
56.5 27.5
56.5 34.5
56.5 43.5
56.5 48.5
56.5 62.5
56.5 63.5
56.5 68.5
56.5 69.5
57.5 32.5
57.5 37.5
57.5 44.5
57.5 50.5
58.5 47.5
58.5 71.5
59.5 32.5
59.5 41.5
59.5 43.5
59.5 50.5
59.5 57.5
59.5 59.5
59.5 62.5
59.5 65.5
59.5 67.5
60.5 54.5
60.5 55.5
60.5 56.5
61.5 44.5
61.5 56.5
61.5 66.5
62.5 56.5
