3.5 16.5
3.5 40.5
3.5 55.5
4.5 18.5
4.5 19.5
4.5 37.5
4.5 38.5
4.5 39.5
4.5 57.5
4.5 58.5
5.5 19.5
5.5 20.5
5.5 21.5
5.5 35.5
5.5 36.5
5.5 37.5
5.5 59.5
5.5 60.5
5.5 61.5
6.5 21.5
6.5 22.5
6.5 23.5
6.5 32.5
6.5 33.5
6.5 34.5
6.5 35.5
6.5 61.5
6.5 62.5
6.5 63.5
6.5 64.5
7.5 10.5
7.5 23.5
7.5 24.5
7.5 25.5
7.5 30.5
7.5 31.5
7.5 32.5
7.5 64.5
7.5 65.5
7.5 66.5
8.5 11.5
8.5 12.5
8.5 25.5
8.5 26.5
8.5 29.5
8.5 47.5
8.5 48.5
8.5 50.5
8.5 51.5
9.5 13.5
9.5 14.5
9.5 44.5
9.5 45.5
9.5 46.5
9.5 51.5
9.5 52.5
9.5 53.5
10.5 15.5
10.5 16.5
10.5 17.5
10.5 41.5
10.5 42.5
10.5 43.5
10.5 44.5
10.5 53.5
10.5 54.5
10.5 55.5
11.5 17.5
11.5 18.5
11.5 38.5
11.5 39.5
11.5 40.5
11.5 41.5
11.5 55.5
11.5 56.5
11.5 57.5
12.5 20.5
12.5 36.5
12.5 37.5
12.5 38.5
12.5 58.5
12.5 59.5
16.5 18.5
16.5 19.5
17.5 16.5
17.5 17.5
17.5 18.5
17.5 38.5
17.5 39.5
17.5 40.5
17.5 57.5
17.5 58.5
18.5 14.5
18.5 15.5
18.5 16.5
18.5 34.5
18.5 35.5
18.5 36.5
18.5 37.5
18.5 59.5
18.5 60.5
18.5 61.5
19.5 12.5
19.5 13.5
19.5 14.5
19.5 30.5
19.5 31.5
19.5 32.5
19.5 33.5
19.5 61.5
19.5 62.5
19.5 63.5
20.5 10.5
20.5 11.5
20.5 12.5
20.5 25.5
20.5 26.5
20.5 28.5
20.5 63.5
20.5 64.5
20.5 65.5
21.5 23.5
21.5 24.5
21.5 48.5
21.5 66.5
21.5 67.5
22.5 21.5
22.5 22.5
22.5 43.5
22.5 44.5
22.5 45.5
22.5 46.5
22.5 51.5
22.5 52.5
23.5 19.5
23.5 20.5
23.5 21.5
23.5 39.5
23.5 40.5
23.5 41.5
23.5 42.5
23.5 43.5
23.5 53.5
23.5 54.5
23.5 55.5
24.5 18.5
24.5 36.5
24.5 37.5
24.5 38.5
24.5 39.5
24.5 55.5
24.5 56.5
24.5 57.5
24.5 58.5
25.5 16.5
25.5 58.5
25.5 59.5
25.5 60.5
28.5 35.5
29.5 17.5
29.5 18.5
29.5 19.5
29.5 37.5
29.5 38.5
30.5 19.5
30.5 20.5
30.5 21.5
30.5 22.5
30.5 38.5
30.5 39.5
30.5 40.5
30.5 56.5
30.5 57.5
30.5 58.5
31.5 22.5
31.5 23.5
31.5 24.5
31.5 28.5
31.5 40.5
31.5 41.5
31.5 42.5
31.5 58.5
31.5 59.5
31.5 60.5
31.5 61.5
32.5 25.5
32.5 26.5
32.5 29.5
32.5 30.5
32.5 43.5
32.5 44.5
32.5 61.5
32.5 62.5
32.5 63.5
32.5 64.5
33.5 9.5
33.5 31.5
33.5 32.5
33.5 45.5
33.5 46.5
33.5 64.5
33.5 65.5
33.5 66.5
34.5 11.5
34.5 12.5
34.5 13.5
34.5 32.5
34.5 33.5
34.5 34.5
34.5 49.5
34.5 50.5
34.5 68.5
35.5 13.5
35.5 14.5
35.5 15.5
35.5 16.5
35.5 34.5
35.5 35.5
35.5 51.5
35.5 52.5
35.5 53.5
36.5 17.5
36.5 18.5
36.5 19.5
36.5 36.5
36.5 37.5
36.5 54.5
36.5 55.5
36.5 56.5
37.5 38.5
37.5 57.5
37.5 58.5
37.5 59.5
40.5 39.5
41.5 18.5
41.5 19.5
41.5 36.5
41.5 37.5
42.5 15.5
42.5 16.5
42.5 17.5
42.5 34.5
42.5 35.5
42.5 36.5
42.5 57.5
42.5 58.5
42.5 59.5
42.5 60.5
43.5 12.5
43.5 13.5
43.5 14.5
43.5 32.5
43.5 33.5
43.5 34.5
43.5 53.5
43.5 54.5
43.5 55.5
43.5 56.5
43.5 57.5
44.5 10.5
44.5 11.5
44.5 30.5
44.5 31.5
44.5 49.5
44.5 50.5
44.5 51.5
44.5 52.5
44.5 53.5
45.5 8.5
45.5 24.5
45.5 25.5
45.5 28.5
45.5 29.5
45.5 46.5
46.5 21.5
46.5 22.5
46.5 23.5
46.5 42.5
46.5 43.5
46.5 44.5
46.5 45.5
46.5 64.5
46.5 65.5
46.5 66.5
47.5 19.5
47.5 20.5
47.5 21.5
47.5 39.5
47.5 40.5
47.5 41.5
47.5 42.5
47.5 62.5
47.5 63.5
47.5 64.5
48.5 17.5
48.5 18.5
48.5 19.5
48.5 36.5
48.5 37.5
48.5 38.5
48.5 39.5
48.5 59.5
48.5 60.5
48.5 61.5
49.5 15.5
49.5 16.5
49.5 57.5
49.5 58.5
52.5 15.5
53.5 17.5
53.5 18.5
53.5 40.5
53.5 41.5
53.5 61.5
54.5 19.5
54.5 20.5
54.5 36.5
54.5 37.5
54.5 38.5
54.5 39.5
54.5 57.5
54.5 58.5
54.5 59.5
55.5 21.5
55.5 22.5
55.5 33.5
55.5 34.5
55.5 35.5
55.5 36.5
55.5 54.5
55.5 55.5
55.5 56.5
56.5 23.5
56.5 24.5
56.5 31.5
56.5 32.5
56.5 33.5
56.5 52.5
56.5 53.5
57.5 9.5
57.5 10.5
57.5 25.5
57.5 26.5
57.5 29.5
57.5 30.5
57.5 46.5
57.5 47.5
57.5 50.5
58.5 11.5
58.5 12.5
58.5 13.5
58.5 43.5
58.5 44.5
58.5 45.5
58.5 65.5
58.5 66.5
58.5 67.5
59.5 13.5
59.5 14.5
59.5 15.5
59.5 40.5
59.5 41.5
59.5 42.5
59.5 61.5
59.5 62.5
59.5 63.5
59.5 64.5
60.5 15.5
60.5 16.5
60.5 17.5
60.5 18.5
60.5 38.5
60.5 39.5
60.5 40.5
60.5 58.5
60.5 59.5
60.5 60.5
60.5 61.5
61.5 18.5
61.5 19.5
61.5 20.5
61.5 36.5
61.5 37.5
