21.5 17.5
22.5 16.5
22.5 25.5
22.5 28.5
22.5 37.5
22.5 40.5
22.5 47.5
23.5 15.5
23.5 23.5
23.5 26.5
23.5 34.5
23.5 37.5
23.5 49.5
23.5 51.5
24.5 10.5
25.5 10.5
25.5 55.5
26.5 10.5
27.5 10.5
28.5 10.5
29.5 10.5
30.5 10.5
31.5 10.5
31.5 54.5
32.5 13.5
32.5 16.5
32.5 23.5
32.5 26.5
32.5 34.5
32.5 36.5
32.5 42.5
33.5 34.5
33.5 41.5
45.5 67.5
46.5 69.5
47.5 47.5
47.5 54.5
47.5 55.5
47.5 59.5
47.5 60.5
47.5 61.5
47.5 63.5
47.5 66.5
47.5 70.5
47.5 71.5
47.5 72.5
48.5 65.5
48.5 68.5
48.5 69.5
48.5 70.5
48.5 71.5
49.5 37.5
49.5 64.5
50.5 67.5
50.5 72.5
51.5 44.5
51.5 63.5
52.5 31.5
52.5 63.5
54.5 38.5
54.5 69.5
