14.5 33.5
14.5 38.5
15.5 34.5
19.5 14.5
19.5 18.5
21.5 15.5
21.5 20.5
21.5 39.5
23.5 18.5
23.5 40.5
24.5 10.5
25.5 10.5
25.5 46.5
25.5 47.5
26.5 10.5
26.5 50.5
27.5 10.5
28.5 10.5
28.5 47.5
29.5 10.5
29.5 47.5
30.5 10.5
30.5 48.5
30.5 51.5
31.5 10.5
32.5 10.5
33.5 10.5
34.5 10.5
35.5 10.5
36.5 10.5
37.5 10.5
38.5 10.5
38.5 63.5
39.5 10.5
41.5 72.5
42.5 72.5
48.5 24.5
48.5 69.5
49.5 28.5
49.5 34.5
49.5 62.5
49.5 63.5
50.5 25.5
50.5 62.5
51.5 35.5
51.5 68.5
55.5 66.5
56.5 64.5
57.5 33.5
58.5 37.5
59.5 56.5
62.5 37.5
63.5 34.5
