10.5 34.5
10.5 38.5
12.5 32.5
12.5 37.5
13.5 28.5
13.5 31.5
15.5 32.5
15.5 34.5
18.5 29.5
21.5 25.5
25.5 46.5
30.5 17.5
30.5 18.5
32.5 40.5
33.5 40.5
34.5 42.5
34.5 45.5
35.5 18.5
35.5 20.5
36.5 38.5
36.5 40.5
38.5 44.5
41.5 39.5
41.5 54.5
43.5 43.5
43.5 50.5
43.5 54.5
43.5 68.5
44.5 53.5
44.5 70.5
45.5 55.5
45.5 62.5
46.5 58.5
47.5 69.5
48.5 10.5
49.5 10.5
50.5 10.5
51.5 10.5
52.5 10.5
53.5 10.5
54.5 10.5
55.5 10.5
56.5 10.5
57.5 10.5
58.5 10.5
59.5 10.5
60.5 10.5
61.5 10.5
62.5 10.5
63.5 10.5
64.5 10.5
