4.5 12.5
4.5 13.5
4.5 25.5
4.5 26.5
4.5 63.5
4.5 64.5
4.5 65.5
5.5 11.5
5.5 12.5
5.5 13.5
5.5 25.5
5.5 26.5
5.5 27.5
5.5 36.5
5.5 37.5
5.5 51.5
5.5 52.5
5.5 63.5
5.5 64.5
5.5 65.5
5.5 66.5
6.5 11.5
6.5 12.5
6.5 26.5
6.5 27.5
6.5 28.5
6.5 34.5
6.5 35.5
6.5 36.5
6.5 37.5
6.5 51.5
6.5 52.5
6.5 53.5
6.5 64.5
6.5 65.5
6.5 66.5
7.5 10.5
7.5 11.5
7.5 26.5
7.5 27.5
7.5 28.5
7.5 33.5
7.5 34.5
7.5 35.5
7.5 36.5
7.5 51.5
7.5 52.5
7.5 53.5
7.5 54.5
7.5 66.5
8.5 16.5
8.5 17.5
8.5 22.5
8.5 28.5
8.5 33.5
8.5 34.5
8.5 35.5
8.5 58.5
8.5 59.5
8.5 60.5
9.5 15.5
9.5 16.5
9.5 17.5
9.5 22.5
9.5 23.5
9.5 41.5
9.5 42.5
9.5 47.5
9.5 48.5
9.5 59.5
9.5 60.5
9.5 61.5
10.5 14.5
10.5 15.5
10.5 16.5
10.5 17.5
10.5 22.5
10.5 23.5
10.5 24.5
10.5 39.5
10.5 40.5
10.5 41.5
10.5 42.5
10.5 47.5
10.5 48.5
10.5 49.5
10.5 59.5
10.5 60.5
10.5 61.5
11.5 14.5
11.5 15.5
11.5 16.5
11.5 23.5
11.5 24.5
11.5 38.5
11.5 39.5
11.5 40.5
11.5 41.5
11.5 48.5
11.5 49.5
11.5 61.5
12.5 24.5
12.5 38.5
12.5 39.5
16.5 13.5
16.5 51.5
16.5 62.5
16.5 63.5
17.5 11.5
17.5 12.5
17.5 13.5
17.5 23.5
17.5 24.5
17.5 35.5
17.5 36.5
17.5 37.5
17.5 51.5
17.5 52.5
17.5 62.5
17.5 63.5
17.5 64.5
18.5 10.5
18.5 11.5
18.5 12.5
18.5 13.5
18.5 23.5
18.5 24.5
18.5 34.5
18.5 35.5
18.5 36.5
18.5 37.5
18.5 51.5
18.5 52.5
18.5 62.5
18.5 63.5
18.5 64.5
18.5 65.5
19.5 10.5
19.5 11.5
19.5 22.5
19.5 23.5
19.5 33.5
19.5 34.5
19.5 35.5
19.5 36.5
19.5 51.5
19.5 52.5
19.5 53.5
19.5 63.5
19.5 64.5
19.5 65.5
20.5 17.5
20.5 22.5
20.5 34.5
20.5 52.5
20.5 53.5
21.5 15.5
21.5 16.5
21.5 17.5
21.5 27.5
21.5 28.5
21.5 40.5
21.5 41.5
21.5 47.5
21.5 58.5
21.5 59.5
22.5 14.5
22.5 15.5
22.5 16.5
22.5 26.5
22.5 27.5
22.5 28.5
22.5 39.5
22.5 40.5
22.5 41.5
22.5 47.5
22.5 48.5
22.5 58.5
22.5 59.5
22.5 60.5
23.5 14.5
23.5 15.5
23.5 25.5
23.5 26.5
23.5 27.5
23.5 38.5
23.5 39.5
23.5 40.5
23.5 47.5
23.5 48.5
23.5 49.5
23.5 59.5
23.5 60.5
23.5 61.5
24.5 26.5
24.5 38.5
24.5 39.5
24.5 48.5
24.5 49.5
24.5 59.5
24.5 60.5
24.5 61.5
25.5 49.5
28.5 13.5
28.5 14.5
28.5 15.5
28.5 26.5
29.5 14.5
29.5 15.5
29.5 26.5
29.5 27.5
29.5 36.5
29.5 62.5
29.5 63.5
30.5 14.5
30.5 15.5
30.5 16.5
30.5 26.5
30.5 27.5
30.5 28.5
30.5 34.5
30.5 35.5
30.5 36.5
30.5 50.5
30.5 51.5
30.5 52.5
30.5 62.5
30.5 63.5
30.5 64.5
30.5 65.5
31.5 15.5
31.5 16.5
31.5 27.5
31.5 28.5
31.5 33.5
31.5 34.5
31.5 35.5
31.5 36.5
31.5 50.5
31.5 51.5
31.5 52.5
31.5 53.5
31.5 63.5
31.5 64.5
31.5 65.5
32.5 9.5
32.5 10.5
32.5 16.5
32.5 28.5
32.5 33.5
32.5 34.5
32.5 35.5
32.5 52.5
32.5 53.5
32.5 65.5
33.5 9.5
33.5 10.5
33.5 11.5
33.5 21.5
33.5 22.5
33.5 23.5
33.5 58.5
33.5 59.5
33.5 60.5
34.5 9.5
34.5 10.5
34.5 11.5
34.5 21.5
34.5 22.5
34.5 23.5
34.5 24.5
34.5 39.5
34.5 40.5
34.5 41.5
34.5 46.5
34.5 47.5
34.5 48.5
34.5 58.5
34.5 59.5
34.5 60.5
34.5 61.5
35.5 10.5
35.5 11.5
35.5 12.5
35.5 22.5
35.5 23.5
35.5 24.5
35.5 38.5
35.5 39.5
35.5 40.5
35.5 41.5
35.5 46.5
35.5 47.5
35.5 48.5
35.5 49.5
35.5 59.5
35.5 60.5
35.5 61.5
35.5 62.5
36.5 23.5
36.5 24.5
36.5 37.5
36.5 38.5
36.5 39.5
36.5 40.5
36.5 47.5
36.5 48.5
36.5 49.5
37.5 38.5
40.5 61.5
41.5 11.5
41.5 12.5
41.5 23.5
41.5 24.5
41.5 49.5
41.5 60.5
41.5 61.5
41.5 62.5
42.5 10.5
42.5 11.5
42.5 12.5
42.5 22.5
42.5 23.5
42.5 24.5
42.5 35.5
42.5 36.5
42.5 37.5
42.5 48.5
42.5 49.5
42.5 59.5
42.5 60.5
42.5 61.5
43.5 10.5
43.5 11.5
43.5 12.5
43.5 21.5
43.5 22.5
43.5 23.5
43.5 34.5
43.5 35.5
43.5 36.5
43.5 37.5
43.5 47.5
43.5 48.5
43.5 59.5
43.5 60.5
43.5 61.5
44.5 10.5
44.5 11.5
44.5 12.5
44.5 21.5
44.5 22.5
44.5 34.5
44.5 35.5
44.5 36.5
44.5 47.5
44.5 58.5
44.5 59.5
44.5 60.5
45.5 11.5
45.5 16.5
45.5 27.5
45.5 28.5
45.5 29.5
45.5 34.5
45.5 35.5
45.5 52.5
45.5 53.5
45.5 65.5
45.5 66.5
46.5 15.5
46.5 16.5
46.5 26.5
46.5 27.5
46.5 28.5
46.5 29.5
46.5 40.5
46.5 41.5
46.5 42.5
46.5 51.5
46.5 52.5
46.5 53.5
46.5 64.5
46.5 65.5
46.5 66.5
47.5 15.5
47.5 16.5
47.5 26.5
47.5 27.5
47.5 28.5
47.5 29.5
47.5 39.5
47.5 40.5
47.5 41.5
47.5 51.5
47.5 52.5
47.5 53.5
47.5 63.5
47.5 64.5
47.5 65.5
48.5 15.5
48.5 26.5
48.5 27.5
48.5 39.5
48.5 40.5
48.5 41.5
48.5 51.5
48.5 52.5
48.5 63.5
48.5 64.5
48.5 65.5
49.5 63.5
53.5 15.5
53.5 26.5
53.5 27.5
53.5 39.5
53.5 40.5
54.5 15.5
54.5 16.5
54.5 26.5
54.5 27.5
54.5 28.5
54.5 39.5
54.5 40.5
54.5 41.5
54.5 48.5
54.5 49.5
54.5 50.5
54.5 63.5
54.5 64.5
55.5 15.5
55.5 16.5
55.5 17.5
55.5 27.5
55.5 28.5
55.5 29.5
55.5 39.5
55.5 40.5
55.5 41.5
55.5 42.5
55.5 47.5
55.5 48.5
55.5 49.5
55.5 50.5
55.5 63.5
55.5 64.5
55.5 65.5
56.5 16.5
56.5 17.5
56.5 28.5
56.5 29.5
56.5 40.5
56.5 41.5
56.5 42.5
56.5 47.5
56.5 48.5
56.5 49.5
56.5 64.5
56.5 65.5
56.5 66.5
57.5 17.5
57.5 22.5
57.5 23.5
57.5 41.5
57.5 42.5
57.5 47.5
57.5 48.5
57.5 65.5
57.5 66.5
58.5 12.5
58.5 22.5
58.5 23.5
58.5 24.5
58.5 34.5
58.5 35.5
58.5 36.5
58.5 53.5
58.5 59.5
59.5 11.5
59.5 12.5
59.5 13.5
59.5 22.5
59.5 23.5
59.5 24.5
59.5 35.5
59.5 36.5
59.5 37.5
59.5 52.5
59.5 53.5
59.5 58.5
59.5 59.5
59.5 60.5
59.5 61.5
60.5 12.5
60.5 13.5
60.5 14.5
60.5 23.5
60.5 24.5
60.5 25.5
60.5 35.5
60.5 36.5
60.5 37.5
60.5 51.5
60.5 52.5
60.5 53.5
60.5 59.5
60.5 60.5
60.5 61.5
61.5 12.5
61.5 13.5
61.5 14.5
61.5 37.5
61.5 50.5
61.5 51.5
61.5 52.5
61.5 59.5
61.5 60.5
61.5 61.5
61.5 62.5
62.5 50.5
62.5 51.5
