3.5 12.5
4.5 13.5
4.5 21.5
4.5 22.5
4.5 41.5
4.5 42.5
4.5 54.5
5.5 14.5
5.5 20.5
5.5 21.5
5.5 32.5
5.5 41.5
5.5 55.5
5.5 56.5
5.5 65.5
6.5 31.5
6.5 65.5
6.5 66.5
7.5 9.5
7.5 31.5
7.5 45.5
7.5 50.5
7.5 67.5
8.5 9.5
8.5 10.5
8.5 26.5
8.5 44.5
8.5 50.5
8.5 51.5
8.5 61.5
9.5 10.5
9.5 11.5
9.5 24.5
9.5 25.5
9.5 35.5
9.5 44.5
9.5 51.5
9.5 52.5
9.5 62.5
10.5 23.5
10.5 24.5
10.5 34.5
10.5 52.5
14.5 12.5
14.5 42.5
14.5 62.5
15.5 13.5
15.5 14.5
15.5 21.5
15.5 22.5
15.5 35.5
15.5 42.5
15.5 52.5
15.5 62.5
16.5 15.5
16.5 20.5
16.5 36.5
16.5 41.5
16.5 51.5
16.5 52.5
16.5 61.5
17.5 51.5
18.5 9.5
18.5 25.5
18.5 30.5
18.5 31.5
18.5 46.5
18.5 56.5
18.5 65.5
19.5 10.5
19.5 11.5
19.5 24.5
19.5 32.5
19.5 33.5
19.5 45.5
19.5 55.5
19.5 56.5
19.5 64.5
19.5 65.5
20.5 44.5
20.5 45.5
20.5 55.5
20.5 64.5
21.5 54.5
24.5 12.5
24.5 21.5
24.5 22.5
24.5 34.5
25.5 10.5
25.5 11.5
25.5 21.5
25.5 35.5
25.5 36.5
25.5 42.5
25.5 54.5
26.5 10.5
26.5 20.5
26.5 41.5
26.5 54.5
26.5 55.5
26.5 64.5
27.5 15.5
27.5 25.5
27.5 29.5
27.5 65.5
28.5 14.5
28.5 15.5
28.5 24.5
28.5 30.5
28.5 46.5
28.5 47.5
29.5 14.5
29.5 24.5
29.5 30.5
29.5 31.5
29.5 44.5
29.5 52.5
29.5 60.5
30.5 23.5
30.5 61.5
33.5 44.5
34.5 13.5
34.5 14.5
34.5 32.5
34.5 45.5
34.5 52.5
35.5 14.5
35.5 15.5
35.5 21.5
35.5 31.5
35.5 46.5
35.5 61.5
36.5 20.5
36.5 30.5
36.5 47.5
36.5 51.5
36.5 59.5
36.5 60.5
37.5 10.5
37.5 35.5
37.5 40.5
38.5 11.5
38.5 25.5
38.5 35.5
38.5 41.5
38.5 54.5
39.5 11.5
39.5 12.5
39.5 23.5
39.5 24.5
39.5 34.5
39.5 42.5
39.5 64.5
39.5 65.5
40.5 12.5
40.5 43.5
40.5 53.5
44.5 22.5
44.5 52.5
44.5 63.5
45.5 14.5
45.5 20.5
45.5 21.5
45.5 32.5
45.5 44.5
45.5 52.5
45.5 63.5
45.5 64.5
46.5 14.5
46.5 20.5
46.5 32.5
46.5 45.5
46.5 51.5
46.5 65.5
47.5 14.5
47.5 19.5
47.5 31.5
47.5 46.5
47.5 51.5
47.5 66.5
48.5 31.5
48.5 55.5
49.5 10.5
49.5 25.5
49.5 26.5
49.5 40.5
49.5 41.5
49.5 55.5
49.5 60.5
50.5 11.5
50.5 24.5
50.5 25.5
50.5 35.5
50.5 41.5
50.5 42.5
50.5 54.5
50.5 61.5
51.5 23.5
51.5 34.5
51.5 42.5
51.5 54.5
55.5 11.5
56.5 10.5
56.5 24.5
56.5 32.5
56.5 42.5
56.5 63.5
57.5 10.5
57.5 26.5
57.5 31.5
57.5 41.5
57.5 51.5
57.5 52.5
57.5 64.5
58.5 36.5
58.5 40.5
59.5 14.5
59.5 19.5
59.5 20.5
59.5 35.5
59.5 46.5
59.5 56.5
60.5 14.5
60.5 21.5
60.5 22.5
60.5 34.5
60.5 45.5
60.5 55.5
60.5 56.5
60.5 61.5
61.5 13.5
61.5 44.5
61.5 54.5
61.5 62.5
