3.5 21.5
3.5 32.5
4.5 32.5
4.5 63.5
5.5 22.5
5.5 42.5
5.5 53.5
5.5 63.5
6.5 11.5
6.5 22.5
6.5 31.5
6.5 42.5
6.5 53.5
7.5 11.5
7.5 22.5
7.5 31.5
7.5 42.5
7.5 64.5
8.5 11.5
8.5 23.5
8.5 30.5
8.5 41.5
8.5 54.5
8.5 64.5
9.5 11.5
9.5 23.5
9.5 30.5
9.5 41.5
9.5 54.5
9.5 64.5
9.5 65.5
10.5 11.5
10.5 17.5
10.5 23.5
10.5 30.5
10.5 36.5
10.5 41.5
10.5 59.5
10.5 65.5
11.5 14.5
11.5 23.5
11.5 24.5
11.5 29.5
11.5 41.5
11.5 46.5
11.5 55.5
11.5 65.5
12.5 14.5
12.5 18.5
12.5 24.5
12.5 29.5
12.5 35.5
12.5 40.5
12.5 50.5
12.5 55.5
12.5 60.5
12.5 66.5
13.5 14.5
13.5 18.5
13.5 24.5
13.5 29.5
13.5 35.5
13.5 40.5
13.5 45.5
13.5 50.5
13.5 55.5
13.5 60.5
13.5 66.5
14.5 18.5
14.5 24.5
14.5 34.5
14.5 40.5
14.5 45.5
14.5 50.5
14.5 60.5
14.5 66.5
15.5 19.5
15.5 28.5
15.5 34.5
15.5 45.5
15.5 50.5
15.5 51.5
15.5 56.5
15.5 61.5
16.5 19.5
16.5 34.5
16.5 44.5
16.5 51.5
16.5 61.5
17.5 13.5
17.5 19.5
17.5 33.5
17.5 44.5
17.5 51.5
17.5 61.5
18.5 13.5
18.5 20.5
18.5 33.5
18.5 44.5
18.5 51.5
18.5 62.5
19.5 13.5
19.5 20.5
19.5 33.5
19.5 62.5
20.5 20.5
20.5 32.5
20.5 43.5
20.5 52.5
20.5 62.5
21.5 32.5
21.5 43.5
21.5 52.5
22.5 21.5
23.5 21.5
23.5 63.5
24.5 12.5
24.5 32.5
24.5 63.5
25.5 20.5
25.5 32.5
25.5 42.5
25.5 52.5
25.5 63.5
26.5 20.5
26.5 31.5
26.5 42.5
26.5 52.5
26.5 64.5
27.5 11.5
27.5 20.5
27.5 31.5
27.5 42.5
27.5 52.5
27.5 64.5
28.5 11.5
28.5 20.5
28.5 30.5
28.5 31.5
28.5 42.5
28.5 51.5
28.5 64.5
29.5 19.5
29.5 30.5
29.5 41.5
29.5 51.5
29.5 65.5
30.5 14.5
30.5 19.5
30.5 30.5
30.5 41.5
30.5 51.5
30.5 65.5
31.5 10.5
31.5 14.5
31.5 19.5
31.5 24.5
31.5 29.5
31.5 36.5
31.5 41.5
31.5 46.5
31.5 51.5
31.5 59.5
31.5 65.5
32.5 10.5
32.5 14.5
32.5 24.5
32.5 29.5
32.5 36.5
32.5 41.5
32.5 46.5
32.5 50.5
32.5 55.5
32.5 59.5
32.5 65.5
33.5 18.5
33.5 24.5
33.5 29.5
33.5 35.5
33.5 36.5
33.5 41.5
33.5 46.5
33.5 50.5
33.5 55.5
33.5 60.5
33.5 66.5
34.5 13.5
34.5 18.5
34.5 23.5
34.5 28.5
34.5 35.5
34.5 45.5
34.5 50.5
34.5 55.5
34.5 60.5
34.5 66.5
35.5 9.5
35.5 13.5
35.5 23.5
35.5 28.5
35.5 35.5
35.5 45.5
35.5 60.5
35.5 66.5
36.5 13.5
36.5 23.5
36.5 34.5
36.5 35.5
36.5 45.5
36.5 54.5
36.5 61.5
37.5 13.5
37.5 23.5
37.5 34.5
37.5 45.5
37.5 54.5
37.5 61.5
38.5 22.5
38.5 33.5
38.5 34.5
38.5 54.5
38.5 61.5
39.5 12.5
39.5 22.5
39.5 33.5
39.5 44.5
39.5 54.5
39.5 61.5
39.5 62.5
40.5 12.5
40.5 22.5
40.5 33.5
40.5 44.5
40.5 62.5
41.5 12.5
41.5 32.5
41.5 44.5
41.5 62.5
42.5 32.5
42.5 53.5
43.5 44.5
43.5 63.5
44.5 12.5
44.5 21.5
44.5 32.5
44.5 44.5
44.5 63.5
45.5 12.5
45.5 21.5
45.5 44.5
45.5 52.5
45.5 63.5
46.5 12.5
46.5 33.5
46.5 52.5
46.5 63.5
47.5 20.5
47.5 33.5
47.5 45.5
48.5 13.5
48.5 20.5
48.5 33.5
48.5 45.5
48.5 51.5
48.5 62.5
49.5 13.5
49.5 20.5
49.5 33.5
49.5 34.5
49.5 45.5
49.5 51.5
49.5 62.5
50.5 13.5
50.5 19.5
50.5 34.5
50.5 40.5
50.5 45.5
50.5 62.5
51.5 13.5
51.5 19.5
51.5 34.5
51.5 40.5
51.5 45.5
51.5 50.5
51.5 61.5
51.5 62.5
52.5 9.5
52.5 14.5
52.5 19.5
52.5 24.5
52.5 28.5
52.5 34.5
52.5 40.5
52.5 45.5
52.5 50.5
52.5 55.5
52.5 61.5
52.5 67.5
53.5 9.5
53.5 14.5
53.5 18.5
53.5 24.5
53.5 34.5
53.5 35.5
53.5 40.5
53.5 55.5
53.5 61.5
53.5 67.5
54.5 9.5
54.5 14.5
54.5 18.5
54.5 24.5
54.5 29.5
54.5 35.5
54.5 40.5
54.5 55.5
54.5 61.5
54.5 66.5
55.5 14.5
55.5 18.5
55.5 23.5
55.5 29.5
55.5 35.5
55.5 41.5
55.5 49.5
55.5 54.5
55.5 55.5
55.5 60.5
55.5 66.5
56.5 10.5
56.5 23.5
56.5 30.5
56.5 41.5
56.5 54.5
56.5 60.5
56.5 66.5
57.5 10.5
57.5 23.5
57.5 30.5
57.5 41.5
57.5 54.5
57.5 65.5
58.5 10.5
58.5 22.5
58.5 30.5
58.5 41.5
58.5 54.5
58.5 65.5
59.5 22.5
59.5 31.5
59.5 41.5
59.5 53.5
59.5 54.5
59.5 65.5
60.5 22.5
60.5 31.5
60.5 41.5
60.5 53.5
60.5 64.5
61.5 11.5
61.5 41.5
61.5 53.5
61.5 64.5
62.5 11.5
62.5 21.5
62.5 32.5
