10.5 21.5
11.5 20.5
12.5 46.5
13.5 19.5
14.5 46.5
14.5 50.5
15.5 14.5
15.5 16.5
15.5 47.5
15.5 49.5
16.5 10.5
17.5 10.5
18.5 10.5
19.5 10.5
20.5 10.5
20.5 55.5
21.5 10.5
22.5 10.5
23.5 10.5
24.5 10.5
24.5 56.5
25.5 10.5
26.5 10.5
27.5 10.5
28.5 10.5
29.5 10.5
29.5 56.5
29.5 59.5
30.5 10.5
30.5 58.5
30.5 65.5
31.5 10.5
32.5 10.5
33.5 10.5
33.5 71.5
34.5 10.5
35.5 10.5
36.5 10.5
36.5 70.5
37.5 10.5
38.5 10.5
39.5 10.5
44.5 11.5
48.5 27.5
49.5 26.5
49.5 32.5
49.5 37.5
51.5 24.5
57.5 35.5
57.5 72.5
61.5 71.5
63.5 71.5
64.5 71.5
