4.5 12.5
4.5 33.5
4.5 45.5
4.5 52.5
4.5 61.5
5.5 12.5
5.5 23.5
5.5 33.5
5.5 34.5
5.5 45.5
5.5 52.5
5.5 61.5
6.5 11.5
6.5 12.5
6.5 23.5
6.5 24.5
6.5 33.5
6.5 34.5
6.5 35.5
6.5 45.5
6.5 46.5
6.5 51.5
6.5 52.5
6.5 60.5
6.5 61.5
7.5 11.5
7.5 12.5
7.5 23.5
7.5 24.5
7.5 34.5
7.5 35.5
7.5 36.5
7.5 45.5
7.5 46.5
7.5 51.5
7.5 60.5
7.5 61.5
8.5 10.5
8.5 11.5
8.5 24.5
8.5 35.5
8.5 36.5
8.5 46.5
8.5 47.5
8.5 51.5
8.5 60.5
8.5 61.5
9.5 10.5
9.5 11.5
9.5 24.5
9.5 25.5
9.5 29.5
9.5 30.5
9.5 36.5
9.5 41.5
9.5 47.5
9.5 51.5
9.5 55.5
9.5 60.5
9.5 61.5
10.5 10.5
10.5 15.5
10.5 20.5
10.5 25.5
10.5 29.5
10.5 30.5
10.5 41.5
10.5 42.5
10.5 55.5
10.5 60.5
10.5 65.5
10.5 66.5
11.5 15.5
11.5 20.5
11.5 21.5
11.5 30.5
11.5 31.5
11.5 41.5
11.5 42.5
11.5 43.5
11.5 54.5
11.5 55.5
11.5 65.5
12.5 14.5
12.5 15.5
12.5 20.5
12.5 21.5
12.5 30.5
12.5 31.5
12.5 42.5
12.5 43.5
12.5 54.5
12.5 55.5
12.5 64.5
12.5 65.5
13.5 13.5
13.5 14.5
13.5 20.5
13.5 21.5
13.5 31.5
13.5 32.5
13.5 43.5
13.5 44.5
13.5 54.5
13.5 55.5
13.5 64.5
13.5 65.5
14.5 13.5
14.5 14.5
14.5 21.5
14.5 22.5
14.5 32.5
14.5 44.5
14.5 54.5
14.5 55.5
14.5 64.5
14.5 65.5
15.5 13.5
15.5 21.5
15.5 22.5
15.5 64.5
18.5 44.5
19.5 32.5
19.5 44.5
19.5 45.5
20.5 11.5
20.5 23.5
20.5 31.5
20.5 32.5
20.5 44.5
20.5 45.5
20.5 55.5
20.5 63.5
21.5 10.5
21.5 11.5
21.5 23.5
21.5 24.5
21.5 31.5
21.5 32.5
21.5 45.5
21.5 46.5
21.5 55.5
21.5 62.5
21.5 63.5
22.5 10.5
22.5 11.5
22.5 23.5
22.5 24.5
22.5 30.5
22.5 31.5
22.5 45.5
22.5 46.5
22.5 55.5
22.5 56.5
22.5 61.5
22.5 62.5
23.5 9.5
23.5 10.5
23.5 24.5
23.5 25.5
23.5 30.5
23.5 31.5
23.5 46.5
23.5 47.5
23.5 55.5
23.5 56.5
23.5 61.5
23.5 62.5
24.5 9.5
24.5 14.5
24.5 24.5
24.5 25.5
24.5 30.5
24.5 31.5
24.5 36.5
24.5 40.5
24.5 41.5
24.5 46.5
24.5 47.5
24.5 51.5
24.5 56.5
24.5 61.5
25.5 13.5
25.5 14.5
25.5 18.5
25.5 25.5
25.5 30.5
25.5 35.5
25.5 36.5
25.5 41.5
25.5 47.5
25.5 51.5
25.5 52.5
25.5 56.5
25.5 60.5
25.5 61.5
25.5 66.5
26.5 13.5
26.5 18.5
26.5 19.5
26.5 35.5
26.5 36.5
26.5 41.5
26.5 42.5
26.5 51.5
26.5 52.5
26.5 65.5
27.5 12.5
27.5 13.5
27.5 19.5
27.5 20.5
27.5 34.5
27.5 35.5
27.5 41.5
27.5 42.5
27.5 52.5
27.5 64.5
27.5 65.5
28.5 12.5
28.5 13.5
28.5 19.5
28.5 20.5
28.5 21.5
28.5 34.5
28.5 35.5
28.5 42.5
28.5 43.5
28.5 52.5
28.5 53.5
28.5 64.5
28.5 65.5
29.5 12.5
29.5 20.5
29.5 21.5
29.5 34.5
29.5 35.5
29.5 42.5
29.5 43.5
29.5 52.5
29.5 53.5
29.5 64.5
30.5 20.5
30.5 21.5
30.5 34.5
30.5 43.5
30.5 53.5
30.5 63.5
30.5 64.5
31.5 34.5
31.5 63.5
34.5 10.5
35.5 9.5
35.5 10.5
35.5 21.5
35.5 44.5
35.5 53.5
35.5 63.5
36.5 9.5
36.5 10.5
36.5 20.5
36.5 21.5
36.5 33.5
36.5 34.5
36.5 44.5
36.5 45.5
36.5 52.5
36.5 53.5
36.5 63.5
37.5 9.5
37.5 19.5
37.5 20.5
37.5 21.5
37.5 34.5
37.5 35.5
37.5 44.5
37.5 45.5
37.5 51.5
37.5 52.5
37.5 64.5
38.5 9.5
38.5 19.5
38.5 20.5
38.5 21.5
38.5 34.5
38.5 35.5
38.5 45.5
38.5 46.5
38.5 51.5
38.5 52.5
38.5 64.5
38.5 65.5
39.5 8.5
39.5 9.5
39.5 19.5
39.5 20.5
39.5 34.5
39.5 35.5
39.5 45.5
39.5 46.5
39.5 51.5
39.5 65.5
40.5 8.5
40.5 13.5
40.5 18.5
40.5 19.5
40.5 20.5
40.5 30.5
40.5 35.5
40.5 36.5
40.5 40.5
40.5 46.5
40.5 50.5
40.5 51.5
40.5 56.5
40.5 60.5
40.5 61.5
40.5 65.5
41.5 13.5
41.5 18.5
41.5 19.5
41.5 25.5
41.5 26.5
41.5 30.5
41.5 35.5
41.5 36.5
41.5 40.5
41.5 41.5
41.5 55.5
41.5 56.5
41.5 61.5
42.5 12.5
42.5 13.5
42.5 24.5
42.5 25.5
42.5 26.5
42.5 30.5
42.5 31.5
42.5 40.5
42.5 41.5
42.5 55.5
42.5 56.5
42.5 61.5
42.5 62.5
43.5 12.5
43.5 13.5
43.5 24.5
43.5 25.5
43.5 31.5
43.5 41.5
43.5 42.5
43.5 54.5
43.5 55.5
43.5 61.5
43.5 62.5
44.5 12.5
44.5 13.5
44.5 23.5
44.5 24.5
44.5 25.5
44.5 31.5
44.5 32.5
44.5 41.5
44.5 42.5
44.5 54.5
44.5 55.5
44.5 62.5
45.5 12.5
45.5 23.5
45.5 24.5
45.5 31.5
45.5 32.5
45.5 41.5
45.5 42.5
45.5 54.5
45.5 62.5
46.5 12.5
46.5 23.5
46.5 32.5
46.5 42.5
46.5 54.5
50.5 43.5
50.5 53.5
50.5 64.5
51.5 12.5
51.5 22.5
51.5 23.5
51.5 32.5
51.5 43.5
51.5 44.5
51.5 52.5
51.5 53.5
51.5 64.5
52.5 12.5
52.5 13.5
52.5 23.5
52.5 24.5
52.5 31.5
52.5 32.5
52.5 44.5
52.5 45.5
52.5 52.5
52.5 53.5
52.5 64.5
52.5 65.5
53.5 12.5
53.5 13.5
53.5 23.5
53.5 24.5
53.5 25.5
53.5 30.5
53.5 31.5
53.5 44.5
53.5 45.5
53.5 51.5
53.5 52.5
53.5 53.5
53.5 64.5
53.5 65.5
54.5 13.5
54.5 14.5
54.5 24.5
54.5 25.5
54.5 30.5
54.5 31.5
54.5 44.5
54.5 45.5
54.5 46.5
54.5 51.5
54.5 52.5
54.5 64.5
54.5 65.5
55.5 9.5
55.5 14.5
55.5 18.5
55.5 25.5
55.5 30.5
55.5 45.5
55.5 46.5
55.5 51.5
55.5 52.5
55.5 65.5
56.5 9.5
56.5 19.5
56.5 34.5
56.5 39.5
56.5 46.5
56.5 51.5
56.5 56.5
56.5 60.5
56.5 61.5
56.5 65.5
57.5 9.5
57.5 10.5
57.5 19.5
57.5 20.5
57.5 33.5
57.5 34.5
57.5 39.5
57.5 40.5
57.5 56.5
57.5 61.5
58.5 9.5
58.5 10.5
58.5 19.5
58.5 20.5
58.5 21.5
58.5 33.5
58.5 34.5
58.5 39.5
58.5 40.5
58.5 41.5
58.5 55.5
58.5 56.5
58.5 61.5
58.5 62.5
59.5 10.5
59.5 11.5
59.5 20.5
59.5 21.5
59.5 33.5
59.5 40.5
59.5 41.5
59.5 42.5
59.5 55.5
59.5 61.5
59.5 62.5
60.5 10.5
60.5 11.5
60.5 21.5
60.5 32.5
60.5 33.5
60.5 40.5
60.5 41.5
60.5 42.5
60.5 54.5
60.5 55.5
60.5 62.5
61.5 11.5
61.5 32.5
61.5 41.5
61.5 42.5
61.5 54.5
61.5 63.5
62.5 42.5
