10.5 47.5
10.5 49.5
15.5 48.5
17.5 33.5
17.5 35.5
18.5 55.5
19.5 37.5
20.5 54.5
21.5 54.5
26.5 54.5
26.5 55.5
26.5 58.5
27.5 18.5
27.5 54.5
27.5 57.5
28.5 17.5
28.5 54.5
28.5 59.5
29.5 14.5
29.5 34.5
29.5 35.5
31.5 13.5
31.5 16.5
32.5 10.5
32.5 37.5
33.5 10.5
34.5 10.5
34.5 40.5
35.5 10.5
36.5 10.5
36.5 68.5
37.5 10.5
37.5 59.5
38.5 10.5
38.5 68.5
39.5 10.5
39.5 54.5
40.5 22.5
40.5 50.5
40.5 55.5
42.5 27.5
42.5 28.5
42.5 60.5
43.5 12.5
43.5 25.5
43.5 26.5
43.5 50.5
43.5 69.5
44.5 25.5
44.5 26.5
45.5 25.5
45.5 26.5
45.5 54.5
46.5 52.5
47.5 28.5
47.5 29.5
47.5 53.5
57.5 14.5
57.5 21.5
60.5 18.5
61.5 19.5
63.5 30.5
63.5 35.5
64.5 32.5
