18.5 40.5
20.5 37.5
20.5 38.5
21.5 25.5
21.5 26.5
21.5 40.5
21.5 46.5
22.5 35.5
22.5 41.5
23.5 33.5
23.5 38.5
23.5 39.5
23.5 43.5
23.5 44.5
24.5 19.5
29.5 16.5
31.5 18.5
32.5 48.5
32.5 53.5
34.5 50.5
38.5 64.5
39.5 13.5
39.5 67.5
40.5 14.5
40.5 16.5
40.5 22.5
41.5 57.5
41.5 59.5
42.5 24.5
42.5 35.5
42.5 39.5
43.5 23.5
43.5 25.5
43.5 26.5
43.5 34.5
43.5 35.5
43.5 39.5
44.5 25.5
49.5 45.5
49.5 48.5
49.5 63.5
50.5 46.5
51.5 53.5
52.5 52.5
52.5 53.5
53.5 50.5
53.5 51.5
53.5 52.5
54.5 48.5
54.5 51.5
55.5 41.5
55.5 51.5
56.5 54.5
57.5 45.5
57.5 51.5
57.5 56.5
58.5 47.5
60.5 48.5
61.5 46.5
