5.5 15.5
5.5 16.5
5.5 58.5
6.5 16.5
6.5 17.5
6.5 18.5
6.5 19.5
6.5 37.5
6.5 38.5
6.5 59.5
6.5 60.5
7.5 18.5
7.5 19.5
7.5 20.5
7.5 21.5
7.5 38.5
7.5 39.5
7.5 40.5
7.5 60.5
7.5 61.5
7.5 62.5
8.5 20.5
8.5 21.5
8.5 22.5
8.5 39.5
8.5 40.5
8.5 41.5
8.5 42.5
8.5 61.5
8.5 62.5
8.5 63.5
9.5 22.5
9.5 23.5
9.5 24.5
9.5 41.5
9.5 42.5
9.5 43.5
9.5 44.5
9.5 63.5
9.5 64.5
9.5 65.5
10.5 9.5
10.5 10.5
10.5 24.5
10.5 25.5
10.5 29.5
10.5 43.5
10.5 44.5
10.5 45.5
10.5 65.5
11.5 10.5
11.5 11.5
11.5 12.5
11.5 30.5
11.5 31.5
11.5 32.5
11.5 50.5
12.5 11.5
12.5 12.5
12.5 13.5
12.5 14.5
12.5 31.5
12.5 32.5
12.5 33.5
12.5 51.5
12.5 52.5
12.5 53.5
12.5 54.5
13.5 13.5
13.5 14.5
13.5 15.5
13.5 33.5
13.5 34.5
13.5 35.5
13.5 53.5
13.5 54.5
13.5 55.5
13.5 56.5
14.5 15.5
14.5 16.5
14.5 34.5
14.5 35.5
14.5 36.5
14.5 55.5
14.5 56.5
14.5 57.5
14.5 58.5
15.5 17.5
15.5 36.5
15.5 37.5
15.5 58.5
15.5 59.5
20.5 17.5
20.5 18.5
20.5 37.5
21.5 15.5
21.5 16.5
21.5 17.5
21.5 34.5
21.5 35.5
21.5 36.5
21.5 56.5
21.5 57.5
21.5 58.5
22.5 13.5
22.5 14.5
22.5 15.5
22.5 32.5
22.5 33.5
22.5 34.5
22.5 35.5
22.5 57.5
22.5 58.5
22.5 59.5
22.5 60.5
23.5 11.5
23.5 12.5
23.5 13.5
23.5 14.5
23.5 31.5
23.5 32.5
23.5 33.5
23.5 59.5
23.5 60.5
23.5 61.5
23.5 62.5
24.5 10.5
24.5 11.5
24.5 29.5
24.5 30.5
24.5 31.5
24.5 61.5
24.5 62.5
24.5 63.5
24.5 64.5
25.5 23.5
25.5 24.5
25.5 43.5
25.5 44.5
25.5 49.5
25.5 64.5
25.5 65.5
26.5 21.5
26.5 22.5
26.5 23.5
26.5 41.5
26.5 42.5
26.5 43.5
26.5 50.5
26.5 51.5
27.5 20.5
27.5 21.5
27.5 22.5
27.5 39.5
27.5 40.5
27.5 41.5
27.5 51.5
27.5 52.5
27.5 53.5
28.5 18.5
28.5 19.5
28.5 20.5
28.5 37.5
28.5 38.5
28.5 39.5
28.5 53.5
28.5 54.5
28.5 55.5
29.5 17.5
29.5 18.5
29.5 36.5
29.5 37.5
29.5 55.5
29.5 56.5
30.5 57.5
34.5 18.5
34.5 38.5
35.5 19.5
35.5 20.5
35.5 36.5
35.5 37.5
35.5 57.5
36.5 19.5
36.5 20.5
36.5 21.5
36.5 34.5
36.5 35.5
36.5 36.5
36.5 55.5
36.5 56.5
36.5 57.5
37.5 20.5
37.5 21.5
37.5 22.5
37.5 33.5
37.5 34.5
37.5 35.5
37.5 53.5
37.5 54.5
37.5 55.5
37.5 56.5
38.5 22.5
38.5 23.5
38.5 31.5
38.5 32.5
38.5 33.5
38.5 52.5
38.5 53.5
38.5 54.5
39.5 23.5
39.5 24.5
39.5 30.5
39.5 31.5
39.5 32.5
39.5 51.5
39.5 52.5
39.5 53.5
40.5 12.5
40.5 13.5
40.5 24.5
40.5 25.5
40.5 30.5
40.5 44.5
40.5 45.5
40.5 50.5
40.5 51.5
41.5 12.5
41.5 13.5
41.5 14.5
41.5 42.5
41.5 43.5
41.5 44.5
41.5 63.5
41.5 64.5
41.5 65.5
42.5 13.5
42.5 14.5
42.5 15.5
42.5 40.5
42.5 41.5
42.5 42.5
42.5 43.5
42.5 61.5
42.5 62.5
42.5 63.5
42.5 64.5
43.5 14.5
43.5 15.5
43.5 16.5
43.5 39.5
43.5 40.5
43.5 41.5
43.5 60.5
43.5 61.5
43.5 62.5
44.5 16.5
44.5 17.5
44.5 38.5
44.5 39.5
44.5 40.5
44.5 58.5
44.5 59.5
44.5 60.5
44.5 61.5
45.5 17.5
45.5 18.5
45.5 37.5
45.5 38.5
45.5 57.5
45.5 58.5
45.5 59.5
51.5 18.5
51.5 19.5
51.5 38.5
51.5 39.5
51.5 57.5
51.5 58.5
52.5 19.5
52.5 20.5
52.5 21.5
52.5 35.5
52.5 36.5
52.5 37.5
52.5 38.5
52.5 58.5
52.5 59.5
52.5 60.5
53.5 20.5
53.5 21.5
53.5 22.5
53.5 33.5
53.5 34.5
53.5 35.5
53.5 36.5
53.5 59.5
53.5 60.5
53.5 61.5
53.5 62.5
54.5 22.5
54.5 23.5
54.5 24.5
54.5 32.5
54.5 33.5
54.5 34.5
54.5 35.5
54.5 60.5
54.5 61.5
54.5 62.5
54.5 63.5
55.5 24.5
55.5 25.5
55.5 31.5
55.5 32.5
55.5 62.5
55.5 63.5
55.5 64.5
56.5 10.5
56.5 26.5
56.5 45.5
56.5 46.5
56.5 50.5
56.5 64.5
56.5 65.5
57.5 11.5
57.5 12.5
57.5 13.5
57.5 14.5
57.5 43.5
57.5 44.5
57.5 45.5
57.5 51.5
57.5 52.5
58.5 13.5
58.5 14.5
58.5 15.5
58.5 16.5
58.5 41.5
58.5 42.5
58.5 43.5
58.5 44.5
58.5 52.5
58.5 53.5
58.5 54.5
59.5 15.5
59.5 16.5
59.5 17.5
59.5 18.5
59.5 40.5
59.5 41.5
59.5 42.5
59.5 53.5
59.5 54.5
59.5 55.5
59.5 56.5
60.5 17.5
60.5 18.5
60.5 19.5
60.5 38.5
60.5 39.5
60.5 40.5
60.5 55.5
60.5 56.5
60.5 57.5
61.5 38.5
61.5 57.5
61.5 58.5
62.5 59.5
