3.5 43.5
4.5 43.5
4.5 53.5
5.5 11.5
5.5 22.5
5.5 34.5
5.5 42.5
5.5 43.5
5.5 52.5
5.5 53.5
5.5 63.5
6.5 10.5
6.5 11.5
6.5 21.5
6.5 22.5
6.5 35.5
6.5 42.5
6.5 43.5
6.5 52.5
6.5 62.5
7.5 10.5
7.5 21.5
7.5 35.5
7.5 36.5
7.5 42.5
7.5 52.5
7.5 62.5
8.5 10.5
8.5 20.5
8.5 21.5
8.5 36.5
8.5 42.5
8.5 47.5
8.5 51.5
8.5 52.5
8.5 61.5
8.5 62.5
9.5 9.5
9.5 15.5
9.5 20.5
9.5 36.5
9.5 37.5
9.5 41.5
9.5 42.5
9.5 51.5
9.5 61.5
9.5 66.5
10.5 9.5
10.5 14.5
10.5 15.5
10.5 19.5
10.5 26.5
10.5 30.5
10.5 37.5
10.5 41.5
10.5 46.5
10.5 51.5
10.5 57.5
10.5 65.5
10.5 66.5
11.5 14.5
11.5 25.5
11.5 30.5
11.5 31.5
11.5 46.5
11.5 56.5
11.5 65.5
12.5 13.5
12.5 14.5
12.5 24.5
12.5 25.5
12.5 31.5
12.5 32.5
12.5 46.5
12.5 55.5
12.5 56.5
12.5 65.5
13.5 13.5
13.5 24.5
13.5 32.5
13.5 33.5
13.5 45.5
13.5 55.5
13.5 64.5
13.5 65.5
14.5 12.5
14.5 13.5
14.5 23.5
14.5 32.5
14.5 33.5
14.5 45.5
14.5 54.5
14.5 55.5
14.5 64.5
15.5 12.5
15.5 23.5
15.5 34.5
15.5 45.5
15.5 54.5
15.5 64.5
19.5 12.5
19.5 22.5
19.5 54.5
19.5 63.5
20.5 12.5
20.5 13.5
20.5 22.5
20.5 23.5
20.5 34.5
20.5 54.5
20.5 62.5
20.5 63.5
21.5 13.5
21.5 23.5
21.5 34.5
21.5 35.5
21.5 45.5
21.5 54.5
21.5 55.5
21.5 62.5
22.5 13.5
22.5 14.5
22.5 23.5
22.5 24.5
22.5 34.5
22.5 35.5
22.5 45.5
22.5 55.5
22.5 56.5
22.5 61.5
22.5 62.5
23.5 14.5
23.5 24.5
23.5 35.5
23.5 36.5
23.5 45.5
23.5 55.5
23.5 56.5
23.5 61.5
24.5 14.5
24.5 15.5
24.5 19.5
24.5 24.5
24.5 29.5
24.5 36.5
24.5 41.5
24.5 46.5
24.5 56.5
24.5 61.5
24.5 66.5
25.5 9.5
25.5 15.5
25.5 19.5
25.5 20.5
25.5 29.5
25.5 30.5
25.5 36.5
25.5 41.5
25.5 46.5
25.5 50.5
25.5 65.5
25.5 66.5
26.5 9.5
26.5 10.5
26.5 20.5
26.5 30.5
26.5 41.5
26.5 42.5
26.5 50.5
26.5 51.5
26.5 65.5
27.5 10.5
27.5 20.5
27.5 30.5
27.5 31.5
27.5 42.5
27.5 51.5
27.5 52.5
27.5 64.5
27.5 65.5
28.5 10.5
28.5 11.5
28.5 20.5
28.5 21.5
28.5 31.5
28.5 42.5
28.5 52.5
28.5 64.5
29.5 11.5
29.5 21.5
29.5 32.5
29.5 42.5
29.5 52.5
29.5 53.5
29.5 64.5
30.5 11.5
30.5 53.5
30.5 63.5
31.5 12.5
34.5 32.5
34.5 42.5
34.5 54.5
34.5 63.5
35.5 12.5
35.5 23.5
35.5 32.5
35.5 33.5
35.5 41.5
35.5 42.5
35.5 54.5
35.5 63.5
36.5 11.5
36.5 12.5
36.5 23.5
36.5 32.5
36.5 33.5
36.5 41.5
36.5 54.5
36.5 55.5
36.5 63.5
36.5 64.5
37.5 11.5
37.5 23.5
37.5 24.5
37.5 33.5
37.5 34.5
37.5 40.5
37.5 41.5
37.5 54.5
37.5 55.5
37.5 64.5
38.5 10.5
38.5 11.5
38.5 24.5
38.5 33.5
38.5 34.5
38.5 39.5
38.5 40.5
38.5 55.5
38.5 64.5
39.5 10.5
39.5 24.5
39.5 29.5
39.5 34.5
39.5 39.5
39.5 55.5
39.5 60.5
39.5 64.5
39.5 65.5
40.5 9.5
40.5 15.5
40.5 25.5
40.5 29.5
40.5 45.5
40.5 50.5
40.5 55.5
40.5 56.5
40.5 60.5
40.5 65.5
41.5 14.5
41.5 15.5
41.5 19.5
41.5 20.5
41.5 25.5
41.5 29.5
41.5 44.5
41.5 45.5
41.5 50.5
41.5 51.5
41.5 56.5
41.5 60.5
41.5 61.5
42.5 14.5
42.5 20.5
42.5 30.5
42.5 44.5
42.5 45.5
42.5 51.5
42.5 61.5
43.5 14.5
43.5 20.5
43.5 21.5
43.5 30.5
43.5 43.5
43.5 44.5
43.5 51.5
43.5 61.5
44.5 13.5
44.5 14.5
44.5 20.5
44.5 21.5
44.5 30.5
44.5 43.5
44.5 44.5
44.5 51.5
44.5 52.5
44.5 61.5
45.5 13.5
45.5 21.5
45.5 31.5
45.5 42.5
45.5 43.5
45.5 52.5
45.5 61.5
46.5 13.5
46.5 21.5
46.5 22.5
46.5 31.5
46.5 42.5
46.5 52.5
46.5 62.5
47.5 22.5
47.5 53.5
50.5 42.5
51.5 11.5
51.5 33.5
51.5 41.5
51.5 42.5
51.5 53.5
51.5 63.5
52.5 11.5
52.5 22.5
52.5 34.5
52.5 41.5
52.5 42.5
52.5 52.5
52.5 64.5
53.5 10.5
53.5 11.5
53.5 21.5
53.5 22.5
53.5 34.5
53.5 35.5
53.5 41.5
53.5 52.5
53.5 64.5
53.5 65.5
54.5 10.5
54.5 20.5
54.5 21.5
54.5 35.5
54.5 40.5
54.5 41.5
54.5 51.5
54.5 52.5
54.5 65.5
55.5 10.5
55.5 19.5
55.5 20.5
55.5 36.5
55.5 40.5
55.5 41.5
55.5 51.5
55.5 66.5
56.5 9.5
56.5 10.5
56.5 15.5
56.5 25.5
56.5 30.5
56.5 36.5
56.5 46.5
56.5 56.5
56.5 60.5
56.5 66.5
57.5 14.5
57.5 15.5
57.5 25.5
57.5 30.5
57.5 31.5
57.5 46.5
57.5 55.5
57.5 60.5
57.5 61.5
58.5 14.5
58.5 24.5
58.5 25.5
58.5 31.5
58.5 32.5
58.5 45.5
58.5 55.5
58.5 61.5
58.5 62.5
59.5 13.5
59.5 23.5
59.5 24.5
59.5 31.5
59.5 32.5
59.5 45.5
59.5 54.5
59.5 55.5
59.5 61.5
59.5 62.5
60.5 12.5
60.5 13.5
60.5 23.5
60.5 32.5
60.5 33.5
60.5 44.5
60.5 54.5
60.5 62.5
60.5 63.5
61.5 54.5
61.5 63.5
