10.5 51.5
10.5 53.5
11.5 52.5
12.5 50.5
13.5 48.5
16.5 53.5
17.5 50.5
20.5 51.5
32.5 61.5
33.5 56.5
34.5 59.5
34.5 60.5
35.5 60.5
40.5 10.5
40.5 15.5
41.5 10.5
41.5 15.5
41.5 63.5
42.5 10.5
42.5 14.5
43.5 10.5
43.5 20.5
43.5 66.5
43.5 67.5
44.5 10.5
44.5 18.5
44.5 21.5
45.5 10.5
46.5 10.5
46.5 20.5
46.5 26.5
47.5 10.5
47.5 14.5
47.5 20.5
47.5 21.5
47.5 69.5
48.5 10.5
49.5 10.5
50.5 10.5
50.5 30.5
51.5 10.5
52.5 10.5
52.5 72.5
53.5 10.5
54.5 10.5
55.5 10.5
55.5 32.5
56.5 10.5
57.5 10.5
58.5 10.5
59.5 10.5
60.5 10.5
61.5 10.5
62.5 10.5
63.5 10.5
63.5 40.5
63.5 42.5
63.5 46.5
64.5 10.5
