18.5 17.5
19.5 15.5
22.5 14.5
22.5 15.5
24.5 12.5
25.5 12.5
25.5 24.5
26.5 12.5
27.5 12.5
28.5 12.5
29.5 12.5
29.5 23.5
30.5 12.5
30.5 24.5
31.5 12.5
31.5 22.5
32.5 14.5
32.5 19.5
32.5 21.5
33.5 10.5
34.5 10.5
34.5 13.5
34.5 24.5
35.5 16.5
35.5 23.5
36.5 16.5
36.5 17.5
37.5 16.5
37.5 20.5
38.5 15.5
38.5 16.5
39.5 15.5
39.5 16.5
39.5 70.5
40.5 44.5
40.5 50.5
40.5 72.5
44.5 42.5
45.5 41.5
45.5 43.5
45.5 45.5
45.5 46.5
45.5 51.5
47.5 40.5
47.5 42.5
47.5 71.5
47.5 72.5
48.5 72.5
49.5 41.5
49.5 43.5
49.5 44.5
49.5 45.5
50.5 48.5
52.5 42.5
53.5 38.5
55.5 47.5
57.5 45.5
