18.5 54.5
18.5 63.5
20.5 47.5
20.5 62.5
21.5 47.5
21.5 65.5
22.5 41.5
22.5 44.5
22.5 67.5
23.5 40.5
23.5 47.5
23.5 53.5
23.5 56.5
23.5 57.5
23.5 68.5
26.5 29.5
26.5 70.5
30.5 29.5
32.5 65.5
33.5 55.5
33.5 56.5
35.5 16.5
36.5 60.5
37.5 57.5
37.5 59.5
38.5 16.5
39.5 17.5
39.5 57.5
40.5 29.5
40.5 40.5
41.5 24.5
41.5 28.5
41.5 44.5
42.5 17.5
42.5 27.5
42.5 31.5
42.5 33.5
42.5 41.5
42.5 52.5
43.5 39.5
45.5 40.5
45.5 42.5
47.5 27.5
47.5 63.5
50.5 61.5
52.5 56.5
55.5 54.5
55.5 57.5
57.5 49.5
59.5 51.5
62.5 53.5
63.5 49.5
63.5 53.5
64.5 63.5
