11.5 35.5
12.5 33.5
14.5 63.5
15.5 33.5
15.5 34.5
15.5 65.5
16.5 37.5
17.5 64.5
17.5 66.5
18.5 31.5
20.5 32.5
20.5 37.5
20.5 67.5
21.5 36.5
21.5 65.5
21.5 68.5
22.5 67.5
23.5 64.5
23.5 69.5
24.5 33.5
25.5 33.5
26.5 33.5
27.5 33.5
27.5 37.5
28.5 33.5
29.5 33.5
29.5 35.5
30.5 33.5
30.5 35.5
31.5 33.5
31.5 35.5
31.5 70.5
32.5 31.5
33.5 34.5
35.5 36.5
38.5 37.5
41.5 34.5
41.5 37.5
42.5 33.5
43.5 36.5
46.5 13.5
46.5 18.5
46.5 33.5
47.5 13.5
47.5 15.5
47.5 36.5
52.5 35.5
53.5 28.5
53.5 37.5
55.5 12.5
55.5 26.5
56.5 10.5
56.5 30.5
57.5 10.5
57.5 31.5
58.5 10.5
59.5 10.5
59.5 31.5
60.5 10.5
61.5 10.5
62.5 10.5
63.5 10.5
63.5 34.5
64.5 10.5
64.5 40.5
