4.5 11.5
4.5 28.5
4.5 46.5
4.5 47.5
4.5 60.5
4.5 61.5
5.5 13.5
5.5 14.5
5.5 29.5
5.5 30.5
5.5 31.5
5.5 44.5
5.5 45.5
5.5 59.5
5.5 60.5
6.5 14.5
6.5 15.5
6.5 16.5
6.5 31.5
6.5 32.5
6.5 33.5
6.5 42.5
6.5 43.5
6.5 44.5
6.5 58.5
6.5 59.5
7.5 17.5
7.5 18.5
7.5 33.5
7.5 34.5
7.5 35.5
7.5 40.5
7.5 41.5
7.5 42.5
7.5 56.5
7.5 57.5
7.5 58.5
8.5 7.5
8.5 19.5
8.5 20.5
8.5 23.5
8.5 35.5
8.5 36.5
8.5 39.5
8.5 40.5
8.5 51.5
8.5 52.5
8.5 55.5
8.5 56.5
8.5 67.5
9.5 8.5
9.5 9.5
9.5 24.5
9.5 25.5
9.5 26.5
9.5 49.5
9.5 50.5
9.5 51.5
9.5 55.5
9.5 65.5
9.5 66.5
10.5 9.5
10.5 10.5
10.5 11.5
10.5 26.5
10.5 27.5
10.5 28.5
10.5 47.5
10.5 48.5
10.5 49.5
10.5 63.5
10.5 64.5
10.5 65.5
11.5 11.5
11.5 12.5
11.5 13.5
11.5 28.5
11.5 29.5
11.5 30.5
11.5 46.5
11.5 47.5
11.5 61.5
11.5 62.5
11.5 63.5
12.5 12.5
12.5 13.5
12.5 14.5
12.5 30.5
12.5 31.5
12.5 44.5
12.5 45.5
12.5 60.5
12.5 61.5
13.5 14.5
13.5 15.5
13.5 59.5
15.5 31.5
15.5 32.5
15.5 44.5
16.5 16.5
16.5 29.5
16.5 30.5
16.5 31.5
16.5 45.5
16.5 46.5
16.5 60.5
16.5 61.5
17.5 14.5
17.5 15.5
17.5 28.5
17.5 29.5
17.5 46.5
17.5 47.5
17.5 61.5
17.5 62.5
18.5 12.5
18.5 13.5
18.5 26.5
18.5 27.5
18.5 28.5
18.5 47.5
18.5 48.5
18.5 49.5
18.5 62.5
18.5 63.5
19.5 11.5
19.5 12.5
19.5 21.5
19.5 25.5
19.5 26.5
19.5 27.5
19.5 37.5
19.5 48.5
19.5 49.5
19.5 50.5
19.5 63.5
19.5 64.5
20.5 10.5
20.5 19.5
20.5 20.5
20.5 24.5
20.5 25.5
20.5 35.5
20.5 36.5
20.5 39.5
20.5 50.5
20.5 51.5
20.5 55.5
20.5 64.5
20.5 65.5
21.5 8.5
21.5 18.5
21.5 19.5
21.5 23.5
21.5 34.5
21.5 35.5
21.5 40.5
21.5 41.5
21.5 51.5
21.5 52.5
21.5 56.5
21.5 65.5
21.5 66.5
22.5 16.5
22.5 17.5
22.5 18.5
22.5 32.5
22.5 33.5
22.5 34.5
22.5 41.5
22.5 42.5
22.5 53.5
22.5 57.5
22.5 58.5
22.5 67.5
23.5 15.5
23.5 16.5
23.5 17.5
23.5 31.5
23.5 32.5
23.5 42.5
23.5 43.5
23.5 44.5
23.5 58.5
23.5 59.5
24.5 14.5
24.5 15.5
24.5 30.5
24.5 31.5
24.5 44.5
24.5 45.5
24.5 59.5
24.5 60.5
25.5 29.5
25.5 30.5
25.5 45.5
25.5 46.5
25.5 60.5
25.5 61.5
26.5 28.5
26.5 47.5
26.5 61.5
27.5 62.5
28.5 15.5
28.5 16.5
29.5 14.5
29.5 15.5
29.5 30.5
29.5 31.5
29.5 47.5
29.5 48.5
29.5 59.5
30.5 12.5
30.5 13.5
30.5 14.5
30.5 28.5
30.5 29.5
30.5 44.5
30.5 45.5
30.5 46.5
30.5 60.5
30.5 61.5
31.5 11.5
31.5 12.5
31.5 26.5
31.5 27.5
31.5 28.5
31.5 42.5
31.5 43.5
31.5 44.5
31.5 45.5
31.5 62.5
31.5 63.5
32.5 10.5
32.5 11.5
32.5 25.5
32.5 26.5
32.5 40.5
32.5 41.5
32.5 42.5
32.5 43.5
32.5 63.5
32.5 64.5
32.5 65.5
33.5 9.5
33.5 10.5
33.5 20.5
33.5 21.5
33.5 24.5
33.5 25.5
33.5 36.5
33.5 37.5
33.5 39.5
33.5 40.5
33.5 52.5
33.5 53.5
33.5 55.5
33.5 56.5
33.5 65.5
33.5 66.5
34.5 8.5
34.5 18.5
34.5 19.5
34.5 23.5
34.5 34.5
34.5 35.5
34.5 36.5
34.5 50.5
34.5 51.5
34.5 52.5
34.5 56.5
34.5 57.5
35.5 17.5
35.5 18.5
35.5 32.5
35.5 33.5
35.5 34.5
35.5 48.5
35.5 49.5
35.5 50.5
35.5 58.5
35.5 59.5
36.5 15.5
36.5 16.5
36.5 30.5
36.5 31.5
36.5 32.5
36.5 47.5
36.5 48.5
36.5 49.5
36.5 59.5
36.5 60.5
37.5 14.5
37.5 15.5
37.5 29.5
37.5 30.5
37.5 45.5
37.5 46.5
37.5 47.5
37.5 61.5
38.5 13.5
40.5 60.5
41.5 14.5
41.5 15.5
41.5 16.5
41.5 31.5
41.5 32.5
41.5 45.5
41.5 46.5
41.5 61.5
41.5 62.5
42.5 12.5
42.5 13.5
42.5 14.5
42.5 28.5
42.5 29.5
42.5 30.5
42.5 31.5
42.5 46.5
42.5 47.5
42.5 48.5
42.5 62.5
42.5 63.5
43.5 10.5
43.5 11.5
43.5 12.5
43.5 26.5
43.5 27.5
43.5 28.5
43.5 48.5
43.5 49.5
43.5 50.5
43.5 63.5
43.5 64.5
44.5 8.5
44.5 9.5
44.5 22.5
44.5 23.5
44.5 24.5
44.5 25.5
44.5 26.5
44.5 38.5
44.5 40.5
44.5 41.5
44.5 50.5
44.5 51.5
44.5 64.5
44.5 65.5
45.5 19.5
45.5 20.5
45.5 21.5
45.5 36.5
45.5 37.5
45.5 41.5
45.5 42.5
45.5 52.5
45.5 53.5
45.5 54.5
45.5 66.5
46.5 16.5
46.5 17.5
46.5 18.5
46.5 19.5
46.5 34.5
46.5 35.5
46.5 36.5
46.5 42.5
46.5 55.5
46.5 56.5
46.5 57.5
46.5 67.5
47.5 14.5
47.5 15.5
47.5 16.5
47.5 33.5
47.5 34.5
47.5 35.5
47.5 42.5
47.5 43.5
47.5 57.5
47.5 58.5
47.5 59.5
47.5 60.5
48.5 31.5
48.5 32.5
48.5 33.5
48.5 43.5
48.5 44.5
48.5 60.5
48.5 61.5
48.5 62.5
49.5 30.5
49.5 31.5
49.5 44.5
49.5 63.5
50.5 45.5
51.5 14.5
52.5 15.5
52.5 16.5
52.5 30.5
53.5 16.5
53.5 17.5
53.5 31.5
53.5 44.5
53.5 61.5
53.5 62.5
53.5 63.5
54.5 17.5
54.5 18.5
54.5 19.5
54.5 32.5
54.5 33.5
54.5 43.5
54.5 57.5
54.5 58.5
54.5 59.5
54.5 60.5
54.5 61.5
55.5 8.5
55.5 18.5
55.5 19.5
55.5 20.5
55.5 33.5
55.5 34.5
55.5 42.5
55.5 55.5
55.5 56.5
55.5 57.5
55.5 58.5
56.5 9.5
56.5 10.5
56.5 20.5
56.5 21.5
56.5 25.5
56.5 35.5
56.5 41.5
56.5 50.5
56.5 51.5
56.5 53.5
56.5 54.5
56.5 55.5
57.5 10.5
57.5 11.5
57.5 21.5
57.5 22.5
57.5 26.5
57.5 27.5
57.5 36.5
57.5 37.5
57.5 40.5
57.5 48.5
57.5 49.5
57.5 50.5
57.5 66.5
57.5 67.5
58.5 11.5
58.5 12.5
58.5 27.5
58.5 28.5
58.5 38.5
58.5 39.5
58.5 47.5
58.5 48.5
58.5 64.5
58.5 65.5
58.5 66.5
59.5 12.5
59.5 13.5
59.5 28.5
59.5 29.5
59.5 30.5
59.5 45.5
59.5 46.5
59.5 47.5
59.5 63.5
59.5 64.5
60.5 13.5
60.5 14.5
60.5 29.5
60.5 30.5
60.5 31.5
60.5 44.5
60.5 45.5
60.5 61.5
60.5 62.5
61.5 14.5
61.5 15.5
61.5 31.5
61.5 32.5
61.5 43.5
61.5 60.5
62.5 15.5
62.5 16.5
63.5 17.5
