3.5 22.5
3.5 42.5
4.5 32.5
4.5 42.5
4.5 62.5
5.5 12.5
5.5 52.5
5.5 62.5
6.5 12.5
6.5 21.5
6.5 33.5
6.5 41.5
6.5 62.5
7.5 21.5
7.5 33.5
7.5 41.5
7.5 51.5
7.5 62.5
8.5 11.5
8.5 34.5
8.5 41.5
8.5 51.5
8.5 62.5
9.5 11.5
9.5 20.5
9.5 34.5
9.5 41.5
9.5 62.5
10.5 16.5
10.5 20.5
10.5 29.5
10.5 50.5
11.5 10.5
11.5 20.5
11.5 29.5
11.5 35.5
11.5 40.5
11.5 45.5
11.5 50.5
12.5 10.5
12.5 15.5
12.5 35.5
12.5 40.5
12.5 45.5
12.5 56.5
13.5 10.5
13.5 15.5
13.5 19.5
13.5 24.5
13.5 30.5
13.5 40.5
13.5 49.5
13.5 56.5
13.5 61.5
13.5 65.5
14.5 15.5
14.5 19.5
14.5 24.5
14.5 30.5
14.5 36.5
14.5 49.5
14.5 55.5
14.5 56.5
14.5 61.5
14.5 65.5
15.5 9.5
15.5 24.5
15.5 30.5
15.5 44.5
15.5 55.5
15.5 61.5
16.5 14.5
16.5 24.5
16.5 31.5
16.5 44.5
16.5 55.5
17.5 14.5
17.5 31.5
17.5 44.5
17.5 55.5
18.5 23.5
18.5 31.5
18.5 54.5
18.5 64.5
19.5 13.5
19.5 23.5
19.5 32.5
19.5 43.5
19.5 54.5
19.5 64.5
20.5 13.5
20.5 23.5
20.5 32.5
20.5 43.5
20.5 54.5
21.5 23.5
21.5 32.5
22.5 53.5
24.5 12.5
24.5 33.5
24.5 54.5
25.5 12.5
25.5 22.5
25.5 33.5
25.5 43.5
25.5 54.5
25.5 63.5
26.5 22.5
26.5 43.5
26.5 53.5
27.5 11.5
27.5 34.5
27.5 52.5
27.5 53.5
28.5 11.5
28.5 21.5
28.5 34.5
28.5 44.5
28.5 52.5
28.5 62.5
29.5 11.5
29.5 21.5
29.5 34.5
29.5 44.5
29.5 51.5
29.5 52.5
29.5 62.5
30.5 10.5
30.5 21.5
30.5 34.5
30.5 40.5
30.5 51.5
30.5 58.5
31.5 10.5
31.5 21.5
31.5 35.5
31.5 40.5
31.5 45.5
31.5 50.5
32.5 10.5
32.5 15.5
32.5 21.5
32.5 26.5
32.5 29.5
32.5 35.5
32.5 40.5
32.5 45.5
32.5 50.5
32.5 57.5
33.5 15.5
33.5 35.5
33.5 49.5
33.5 57.5
33.5 61.5
33.5 65.5
34.5 9.5
34.5 15.5
34.5 20.5
34.5 30.5
34.5 35.5
34.5 41.5
34.5 56.5
34.5 65.5
35.5 14.5
35.5 20.5
35.5 25.5
35.5 30.5
35.5 41.5
35.5 56.5
35.5 65.5
36.5 14.5
36.5 20.5
36.5 25.5
36.5 41.5
36.5 55.5
36.5 65.5
37.5 14.5
37.5 31.5
37.5 41.5
37.5 55.5
37.5 65.5
38.5 14.5
38.5 24.5
38.5 31.5
38.5 65.5
39.5 13.5
39.5 24.5
39.5 42.5
39.5 54.5
39.5 65.5
40.5 13.5
40.5 24.5
40.5 32.5
40.5 42.5
41.5 13.5
41.5 32.5
41.5 42.5
41.5 53.5
42.5 23.5
43.5 53.5
44.5 43.5
45.5 23.5
45.5 33.5
45.5 43.5
45.5 52.5
46.5 12.5
46.5 23.5
46.5 43.5
46.5 52.5
46.5 65.5
47.5 12.5
47.5 34.5
47.5 65.5
48.5 12.5
48.5 22.5
48.5 34.5
48.5 44.5
48.5 51.5
48.5 65.5
49.5 11.5
49.5 22.5
49.5 35.5
49.5 44.5
49.5 51.5
50.5 11.5
50.5 22.5
50.5 35.5
50.5 44.5
50.5 50.5
50.5 66.5
51.5 11.5
51.5 17.5
51.5 22.5
51.5 30.5
51.5 44.5
51.5 50.5
51.5 60.5
51.5 66.5
52.5 10.5
52.5 36.5
52.5 40.5
52.5 50.5
52.5 56.5
52.5 66.5
53.5 10.5
53.5 16.5
53.5 21.5
53.5 26.5
53.5 31.5
54.5 10.5
54.5 16.5
54.5 21.5
54.5 26.5
54.5 31.5
54.5 37.5
54.5 45.5
54.5 49.5
54.5 55.5
54.5 61.5
54.5 67.5
55.5 16.5
55.5 21.5
55.5 26.5
55.5 31.5
55.5 41.5
55.5 45.5
55.5 55.5
55.5 61.5
55.5 67.5
56.5 15.5
56.5 32.5
56.5 41.5
56.5 54.5
56.5 61.5
57.5 15.5
57.5 25.5
57.5 32.5
57.5 54.5
57.5 62.5
58.5 15.5
58.5 25.5
58.5 32.5
58.5 42.5
58.5 54.5
58.5 62.5
59.5 15.5
59.5 25.5
59.5 33.5
59.5 42.5
59.5 53.5
59.5 62.5
60.5 14.5
60.5 25.5
60.5 33.5
60.5 53.5
60.5 62.5
61.5 14.5
62.5 14.5
62.5 34.5
62.5 52.5
62.5 63.5
63.5 24.5
63.5 63.5
