3.5 26.5
3.5 37.5
3.5 49.5
4.5 27.5
4.5 37.5
4.5 48.5
4.5 61.5
5.5 13.5
5.5 28.5
5.5 36.5
5.5 47.5
5.5 48.5
5.5 62.5
5.5 63.5
6.5 13.5
6.5 14.5
6.5 15.5
6.5 29.5
6.5 30.5
6.5 35.5
6.5 36.5
6.5 47.5
6.5 63.5
6.5 64.5
6.5 65.5
7.5 14.5
7.5 15.5
7.5 16.5
7.5 30.5
7.5 31.5
7.5 35.5
7.5 41.5
7.5 46.5
7.5 47.5
7.5 65.5
7.5 66.5
8.5 15.5
8.5 16.5
8.5 17.5
8.5 21.5
8.5 34.5
8.5 40.5
8.5 41.5
8.5 46.5
8.5 53.5
8.5 57.5
8.5 67.5
9.5 8.5
9.5 17.5
9.5 22.5
9.5 23.5
9.5 40.5
9.5 45.5
9.5 52.5
9.5 53.5
9.5 58.5
9.5 59.5
10.5 9.5
10.5 23.5
10.5 24.5
10.5 25.5
10.5 39.5
10.5 40.5
10.5 51.5
10.5 52.5
10.5 59.5
10.5 60.5
11.5 10.5
11.5 11.5
11.5 24.5
11.5 25.5
11.5 26.5
11.5 39.5
11.5 40.5
11.5 51.5
11.5 60.5
11.5 61.5
12.5 11.5
12.5 12.5
12.5 27.5
12.5 39.5
12.5 50.5
12.5 62.5
13.5 12.5
13.5 13.5
13.5 49.5
16.5 12.5
16.5 25.5
16.5 38.5
16.5 62.5
17.5 13.5
17.5 25.5
17.5 26.5
17.5 27.5
17.5 37.5
17.5 38.5
17.5 50.5
17.5 51.5
17.5 63.5
17.5 64.5
18.5 13.5
18.5 14.5
18.5 26.5
18.5 27.5
18.5 28.5
18.5 36.5
18.5 37.5
18.5 51.5
18.5 52.5
18.5 64.5
18.5 65.5
19.5 14.5
19.5 28.5
19.5 29.5
19.5 30.5
19.5 36.5
19.5 52.5
19.5 53.5
19.5 65.5
19.5 66.5
20.5 9.5
20.5 15.5
20.5 29.5
20.5 30.5
20.5 31.5
20.5 35.5
20.5 53.5
20.5 54.5
20.5 58.5
20.5 59.5
21.5 9.5
21.5 15.5
21.5 19.5
21.5 20.5
21.5 34.5
21.5 41.5
21.5 42.5
21.5 46.5
21.5 55.5
21.5 59.5
21.5 60.5
22.5 10.5
22.5 20.5
22.5 21.5
22.5 22.5
22.5 40.5
22.5 41.5
22.5 47.5
22.5 48.5
22.5 60.5
22.5 61.5
23.5 10.5
23.5 11.5
23.5 22.5
23.5 23.5
23.5 39.5
23.5 40.5
23.5 48.5
23.5 49.5
23.5 61.5
23.5 62.5
24.5 11.5
24.5 23.5
24.5 24.5
24.5 25.5
24.5 38.5
24.5 39.5
24.5 50.5
24.5 62.5
25.5 12.5
25.5 26.5
28.5 12.5
28.5 38.5
28.5 49.5
28.5 50.5
28.5 63.5
29.5 11.5
29.5 25.5
29.5 26.5
29.5 38.5
29.5 39.5
29.5 50.5
29.5 51.5
29.5 63.5
29.5 64.5
30.5 10.5
30.5 11.5
30.5 24.5
30.5 25.5
30.5 39.5
30.5 51.5
30.5 52.5
30.5 64.5
30.5 65.5
31.5 10.5
31.5 23.5
31.5 24.5
31.5 39.5
31.5 40.5
31.5 52.5
31.5 53.5
31.5 65.5
32.5 9.5
32.5 10.5
32.5 22.5
32.5 23.5
32.5 24.5
32.5 40.5
32.5 45.5
32.5 53.5
32.5 54.5
32.5 58.5
32.5 65.5
32.5 66.5
33.5 9.5
33.5 17.5
33.5 21.5
33.5 22.5
33.5 30.5
33.5 34.5
33.5 40.5
33.5 41.5
33.5 45.5
33.5 46.5
33.5 58.5
33.5 59.5
33.5 66.5
34.5 15.5
34.5 16.5
34.5 17.5
34.5 21.5
34.5 29.5
34.5 34.5
34.5 35.5
34.5 41.5
34.5 46.5
34.5 47.5
34.5 59.5
34.5 60.5
35.5 14.5
35.5 15.5
35.5 16.5
35.5 28.5
35.5 29.5
35.5 35.5
35.5 36.5
35.5 47.5
35.5 48.5
35.5 60.5
35.5 61.5
36.5 14.5
36.5 15.5
36.5 28.5
36.5 36.5
36.5 47.5
36.5 48.5
36.5 61.5
36.5 62.5
37.5 13.5
37.5 14.5
37.5 27.5
37.5 37.5
37.5 48.5
37.5 49.5
37.5 62.5
38.5 13.5
38.5 26.5
41.5 26.5
41.5 37.5
41.5 49.5
41.5 61.5
41.5 62.5
42.5 13.5
42.5 27.5
42.5 36.5
42.5 48.5
42.5 49.5
42.5 60.5
42.5 61.5
43.5 13.5
43.5 14.5
43.5 27.5
43.5 28.5
43.5 35.5
43.5 36.5
43.5 46.5
43.5 47.5
43.5 58.5
43.5 59.5
43.5 60.5
44.5 14.5
44.5 15.5
44.5 28.5
44.5 34.5
44.5 35.5
44.5 45.5
44.5 46.5
44.5 54.5
44.5 58.5
44.5 66.5
45.5 8.5
45.5 15.5
45.5 16.5
45.5 29.5
45.5 33.5
45.5 34.5
45.5 42.5
45.5 53.5
45.5 54.5
45.5 65.5
46.5 8.5
46.5 9.5
46.5 16.5
46.5 17.5
46.5 29.5
46.5 33.5
46.5 40.5
46.5 41.5
46.5 51.5
46.5 52.5
46.5 53.5
46.5 64.5
46.5 65.5
47.5 9.5
47.5 10.5
47.5 17.5
47.5 21.5
47.5 22.5
47.5 39.5
47.5 40.5
47.5 51.5
47.5 64.5
48.5 10.5
48.5 22.5
48.5 23.5
48.5 24.5
48.5 38.5
48.5 63.5
49.5 11.5
49.5 23.5
49.5 24.5
49.5 25.5
50.5 12.5
50.5 25.5
51.5 51.5
52.5 51.5
52.5 62.5
53.5 38.5
53.5 39.5
53.5 51.5
53.5 52.5
53.5 61.5
53.5 62.5
54.5 10.5
54.5 11.5
54.5 25.5
54.5 39.5
54.5 40.5
54.5 52.5
54.5 53.5
54.5 60.5
54.5 61.5
55.5 9.5
55.5 10.5
55.5 23.5
55.5 24.5
55.5 40.5
55.5 41.5
55.5 52.5
55.5 53.5
55.5 59.5
55.5 60.5
56.5 8.5
56.5 9.5
56.5 21.5
56.5 22.5
56.5 41.5
56.5 42.5
56.5 47.5
56.5 53.5
56.5 59.5
57.5 7.5
57.5 8.5
57.5 20.5
57.5 21.5
57.5 28.5
57.5 32.5
57.5 42.5
57.5 43.5
57.5 47.5
57.5 54.5
57.5 58.5
58.5 16.5
58.5 17.5
58.5 27.5
58.5 28.5
58.5 33.5
58.5 34.5
58.5 47.5
58.5 48.5
58.5 66.5
58.5 67.5
59.5 14.5
59.5 15.5
59.5 26.5
59.5 27.5
59.5 34.5
59.5 35.5
59.5 36.5
59.5 48.5
59.5 64.5
59.5 65.5
59.5 66.5
60.5 12.5
60.5 13.5
60.5 25.5
60.5 36.5
60.5 37.5
60.5 48.5
60.5 49.5
60.5 63.5
60.5 64.5
61.5 37.5
61.5 38.5
61.5 49.5
61.5 61.5
61.5 62.5
61.5 63.5
