6.5 16.5
6.5 57.5
6.5 58.5
7.5 14.5
7.5 15.5
7.5 36.5
7.5 37.5
7.5 56.5
7.5 57.5
8.5 12.5
8.5 13.5
8.5 14.5
8.5 35.5
8.5 36.5
8.5 55.5
8.5 56.5
9.5 11.5
9.5 12.5
9.5 13.5
9.5 34.5
9.5 35.5
9.5 54.5
9.5 55.5
10.5 10.5
10.5 11.5
10.5 33.5
10.5 34.5
10.5 53.5
10.5 54.5
11.5 32.5
11.5 33.5
11.5 52.5
11.5 53.5
12.5 31.5
12.5 32.5
13.5 43.5
13.5 44.5
13.5 64.5
13.5 65.5
14.5 21.5
14.5 22.5
14.5 23.5
14.5 42.5
14.5 43.5
14.5 63.5
14.5 64.5
14.5 65.5
15.5 19.5
15.5 20.5
15.5 21.5
15.5 22.5
15.5 41.5
15.5 42.5
15.5 43.5
15.5 62.5
15.5 63.5
15.5 64.5
16.5 18.5
16.5 19.5
16.5 20.5
16.5 21.5
16.5 40.5
16.5 41.5
16.5 42.5
16.5 61.5
16.5 62.5
16.5 63.5
17.5 17.5
17.5 18.5
17.5 19.5
17.5 39.5
17.5 40.5
17.5 41.5
17.5 60.5
17.5 61.5
17.5 62.5
18.5 39.5
18.5 40.5
18.5 60.5
18.5 61.5
19.5 38.5
26.5 15.5
26.5 16.5
26.5 38.5
26.5 59.5
27.5 14.5
27.5 15.5
27.5 16.5
27.5 39.5
27.5 40.5
27.5 59.5
27.5 60.5
28.5 14.5
28.5 15.5
28.5 39.5
28.5 40.5
28.5 41.5
28.5 60.5
28.5 61.5
28.5 62.5
29.5 13.5
29.5 14.5
29.5 15.5
29.5 40.5
29.5 41.5
29.5 42.5
29.5 61.5
29.5 62.5
29.5 63.5
30.5 12.5
30.5 13.5
30.5 14.5
30.5 42.5
30.5 43.5
30.5 62.5
30.5 63.5
31.5 12.5
31.5 13.5
31.5 43.5
31.5 44.5
31.5 63.5
31.5 64.5
32.5 11.5
32.5 12.5
32.5 64.5
32.5 65.5
33.5 32.5
33.5 33.5
33.5 52.5
34.5 23.5
34.5 24.5
34.5 33.5
34.5 34.5
34.5 52.5
34.5 53.5
35.5 22.5
35.5 23.5
35.5 33.5
35.5 34.5
35.5 35.5
35.5 53.5
35.5 54.5
36.5 21.5
36.5 22.5
36.5 23.5
36.5 34.5
36.5 35.5
36.5 36.5
36.5 54.5
36.5 55.5
37.5 20.5
37.5 21.5
37.5 22.5
37.5 35.5
37.5 36.5
37.5 55.5
37.5 56.5
38.5 19.5
38.5 20.5
38.5 21.5
38.5 36.5
38.5 37.5
38.5 56.5
39.5 19.5
39.5 20.5
46.5 39.5
46.5 56.5
47.5 19.5
47.5 39.5
47.5 40.5
47.5 55.5
47.5 56.5
48.5 19.5
48.5 20.5
48.5 40.5
48.5 41.5
48.5 54.5
48.5 55.5
49.5 20.5
49.5 21.5
49.5 41.5
49.5 42.5
49.5 53.5
49.5 54.5
49.5 55.5
50.5 21.5
50.5 22.5
50.5 41.5
50.5 42.5
50.5 43.5
50.5 52.5
50.5 53.5
50.5 54.5
51.5 21.5
51.5 22.5
51.5 23.5
51.5 42.5
51.5 43.5
51.5 52.5
51.5 53.5
52.5 23.5
52.5 24.5
52.5 43.5
52.5 44.5
52.5 51.5
53.5 24.5
53.5 32.5
53.5 63.5
54.5 12.5
54.5 13.5
54.5 32.5
54.5 33.5
54.5 62.5
54.5 63.5
55.5 13.5
55.5 14.5
55.5 33.5
55.5 34.5
55.5 61.5
55.5 62.5
56.5 13.5
56.5 14.5
56.5 15.5
56.5 33.5
56.5 34.5
56.5 35.5
56.5 60.5
56.5 61.5
57.5 14.5
57.5 15.5
57.5 16.5
57.5 34.5
57.5 35.5
57.5 36.5
57.5 59.5
57.5 60.5
58.5 15.5
58.5 16.5
58.5 35.5
58.5 36.5
58.5 37.5
58.5 58.5
58.5 59.5
59.5 17.5
59.5 36.5
59.5 37.5
