18.5 5.5
19.5 5.5
20.5 5.5
37.5 5.5
38.5 5.5
58.5 5.5
59.5 5.5
60.5 5.5
61.5 5.5
19.5 6.5
20.5 6.5
21.5 6.5
22.5 6.5
38.5 6.5
39.5 6.5
40.5 6.5
41.5 6.5
60.5 6.5
61.5 6.5
62.5 6.5
63.5 6.5
21.5 7.5
22.5 7.5
23.5 7.5
41.5 7.5
42.5 7.5
43.5 7.5
44.5 7.5
62.5 7.5
63.5 7.5
64.5 7.5
24.5 8.5
44.5 8.5
45.5 8.5
9.5 9.5
10.5 9.5
11.5 9.5
30.5 9.5
31.5 9.5
32.5 9.5
33.5 9.5
50.5 9.5
51.5 9.5
52.5 9.5
10.5 10.5
11.5 10.5
12.5 10.5
13.5 10.5
14.5 10.5
32.5 10.5
33.5 10.5
34.5 10.5
35.5 10.5
52.5 10.5
53.5 10.5
54.5 10.5
55.5 10.5
12.5 11.5
13.5 11.5
14.5 11.5
15.5 11.5
16.5 11.5
34.5 11.5
35.5 11.5
36.5 11.5
37.5 11.5
54.5 11.5
55.5 11.5
56.5 11.5
57.5 11.5
58.5 11.5
15.5 12.5
16.5 12.5
17.5 12.5
58.5 12.5
59.5 12.5
37.5 16.5
34.5 17.5
35.5 17.5
36.5 17.5
57.5 17.5
58.5 17.5
59.5 17.5
16.5 18.5
17.5 18.5
18.5 18.5
19.5 18.5
20.5 18.5
21.5 18.5
31.5 18.5
32.5 18.5
33.5 18.5
34.5 18.5
58.5 18.5
59.5 18.5
60.5 18.5
61.5 18.5
19.5 19.5
20.5 19.5
21.5 19.5
22.5 19.5
23.5 19.5
24.5 19.5
30.5 19.5
31.5 19.5
60.5 19.5
61.5 19.5
62.5 19.5
63.5 19.5
63.5 20.5
64.5 20.5
40.5 21.5
41.5 21.5
42.5 21.5
43.5 21.5
44.5 21.5
50.5 21.5
51.5 21.5
52.5 21.5
8.5 22.5
9.5 22.5
10.5 22.5
11.5 22.5
12.5 22.5
38.5 22.5
39.5 22.5
40.5 22.5
41.5 22.5
42.5 22.5
52.5 22.5
53.5 22.5
54.5 22.5
10.5 23.5
11.5 23.5
12.5 23.5
13.5 23.5
14.5 23.5
15.5 23.5
16.5 23.5
36.5 23.5
37.5 23.5
38.5 23.5
54.5 23.5
55.5 23.5
56.5 23.5
16.5 24.5
56.5 24.5
57.5 24.5
36.5 28.5
37.5 28.5
15.5 29.5
16.5 29.5
17.5 29.5
18.5 29.5
37.5 29.5
38.5 29.5
39.5 29.5
40.5 29.5
55.5 29.5
56.5 29.5
57.5 29.5
16.5 30.5
17.5 30.5
18.5 30.5
19.5 30.5
20.5 30.5
21.5 30.5
39.5 30.5
40.5 30.5
41.5 30.5
42.5 30.5
52.5 30.5
53.5 30.5
54.5 30.5
55.5 30.5
19.5 31.5
20.5 31.5
21.5 31.5
22.5 31.5
23.5 31.5
41.5 31.5
42.5 31.5
43.5 31.5
50.5 31.5
51.5 31.5
52.5 31.5
53.5 31.5
29.5 32.5
30.5 32.5
49.5 32.5
50.5 32.5
30.5 33.5
31.5 33.5
32.5 33.5
8.5 34.5
9.5 34.5
10.5 34.5
11.5 34.5
31.5 34.5
32.5 34.5
33.5 34.5
34.5 34.5
60.5 34.5
61.5 34.5
62.5 34.5
63.5 34.5
64.5 34.5
10.5 35.5
11.5 35.5
12.5 35.5
13.5 35.5
14.5 35.5
33.5 35.5
34.5 35.5
35.5 35.5
36.5 35.5
57.5 35.5
58.5 35.5
59.5 35.5
60.5 35.5
61.5 35.5
62.5 35.5
63.5 35.5
13.5 36.5
14.5 36.5
15.5 36.5
16.5 36.5
36.5 36.5
56.5 36.5
57.5 36.5
58.5 36.5
59.5 36.5
34.5 41.5
35.5 41.5
36.5 41.5
56.5 41.5
15.5 42.5
16.5 42.5
17.5 42.5
18.5 42.5
32.5 42.5
33.5 42.5
34.5 42.5
57.5 42.5
58.5 42.5
59.5 42.5
60.5 42.5
17.5 43.5
18.5 43.5
19.5 43.5
20.5 43.5
21.5 43.5
30.5 43.5
31.5 43.5
32.5 43.5
59.5 43.5
60.5 43.5
61.5 43.5
62.5 43.5
63.5 43.5
20.5 44.5
21.5 44.5
22.5 44.5
23.5 44.5
29.5 44.5
30.5 44.5
63.5 44.5
64.5 44.5
41.5 45.5
42.5 45.5
43.5 45.5
49.5 45.5
50.5 45.5
51.5 45.5
9.5 46.5
10.5 46.5
11.5 46.5
38.5 46.5
39.5 46.5
40.5 46.5
41.5 46.5
42.5 46.5
51.5 46.5
52.5 46.5
53.5 46.5
11.5 47.5
12.5 47.5
13.5 47.5
36.5 47.5
37.5 47.5
38.5 47.5
39.5 47.5
40.5 47.5
53.5 47.5
54.5 47.5
55.5 47.5
13.5 48.5
14.5 48.5
15.5 48.5
35.5 48.5
36.5 48.5
55.5 48.5
56.5 48.5
57.5 48.5
15.5 53.5
16.5 53.5
56.5 53.5
57.5 53.5
16.5 54.5
17.5 54.5
18.5 54.5
35.5 54.5
36.5 54.5
37.5 54.5
38.5 54.5
39.5 54.5
57.5 54.5
58.5 54.5
59.5 54.5
18.5 55.5
19.5 55.5
20.5 55.5
37.5 55.5
38.5 55.5
39.5 55.5
40.5 55.5
41.5 55.5
58.5 55.5
59.5 55.5
60.5 55.5
61.5 55.5
19.5 56.5
20.5 56.5
21.5 56.5
22.5 56.5
40.5 56.5
41.5 56.5
42.5 56.5
43.5 56.5
60.5 56.5
61.5 56.5
62.5 56.5
22.5 57.5
23.5 57.5
62.5 57.5
63.5 57.5
29.5 58.5
30.5 58.5
31.5 58.5
49.5 58.5
50.5 58.5
51.5 58.5
8.5 59.5
9.5 59.5
10.5 59.5
11.5 59.5
12.5 59.5
30.5 59.5
31.5 59.5
32.5 59.5
33.5 59.5
50.5 59.5
51.5 59.5
52.5 59.5
53.5 59.5
54.5 59.5
10.5 60.5
11.5 60.5
12.5 60.5
13.5 60.5
14.5 60.5
32.5 60.5
33.5 60.5
34.5 60.5
35.5 60.5
52.5 60.5
53.5 60.5
54.5 60.5
55.5 60.5
12.5 61.5
13.5 61.5
14.5 61.5
15.5 61.5
16.5 61.5
34.5 61.5
35.5 61.5
36.5 61.5
55.5 61.5
56.5 61.5
57.5 61.5
