15.5 5.5
26.5 5.5
34.5 5.5
47.5 5.5
48.5 5.5
64.5 5.5
16.5 6.5
27.5 6.5
33.5 6.5
45.5 6.5
46.5 6.5
17.5 7.5
27.5 7.5
32.5 7.5
54.5 7.5
58.5 7.5
22.5 8.5
40.5 8.5
52.5 8.5
53.5 8.5
59.5 8.5
10.5 9.5
11.5 9.5
23.5 9.5
38.5 9.5
39.5 9.5
51.5 9.5
52.5 9.5
60.5 9.5
61.5 9.5
11.5 10.5
12.5 10.5
23.5 10.5
36.5 10.5
37.5 10.5
50.5 10.5
61.5 10.5
62.5 10.5
14.5 11.5
24.5 11.5
37.5 14.5
26.5 15.5
34.5 15.5
35.5 15.5
50.5 15.5
62.5 15.5
13.5 16.5
14.5 16.5
15.5 16.5
32.5 16.5
51.5 16.5
52.5 16.5
63.5 16.5
64.5 16.5
16.5 17.5
17.5 17.5
53.5 17.5
64.5 17.5
9.5 18.5
21.5 18.5
22.5 18.5
23.5 18.5
39.5 18.5
40.5 18.5
46.5 18.5
57.5 18.5
10.5 19.5
37.5 19.5
38.5 19.5
47.5 19.5
58.5 19.5
11.5 20.5
48.5 20.5
59.5 20.5
49.5 21.5
60.5 21.5
24.5 23.5
13.5 24.5
22.5 24.5
23.5 24.5
36.5 24.5
14.5 25.5
15.5 25.5
21.5 25.5
35.5 25.5
50.5 25.5
60.5 25.5
16.5 26.5
28.5 26.5
34.5 26.5
51.5 26.5
52.5 26.5
58.5 26.5
59.5 26.5
27.5 27.5
28.5 27.5
33.5 27.5
53.5 27.5
57.5 27.5
9.5 28.5
10.5 28.5
26.5 28.5
27.5 28.5
41.5 28.5
45.5 28.5
64.5 28.5
10.5 29.5
11.5 29.5
12.5 29.5
25.5 29.5
39.5 29.5
40.5 29.5
46.5 29.5
47.5 29.5
62.5 29.5
63.5 29.5
38.5 30.5
48.5 30.5
49.5 30.5
61.5 30.5
37.5 31.5
12.5 34.5
24.5 34.5
62.5 34.5
11.5 35.5
22.5 35.5
23.5 35.5
35.5 35.5
36.5 35.5
49.5 35.5
63.5 35.5
10.5 36.5
17.5 36.5
21.5 36.5
22.5 36.5
33.5 36.5
50.5 36.5
51.5 36.5
63.5 36.5
64.5 36.5
16.5 37.5
52.5 37.5
15.5 38.5
27.5 38.5
40.5 38.5
57.5 38.5
14.5 39.5
26.5 39.5
37.5 39.5
38.5 39.5
39.5 39.5
45.5 39.5
58.5 39.5
59.5 39.5
13.5 40.5
36.5 40.5
46.5 40.5
59.5 40.5
60.5 40.5
47.5 41.5
48.5 41.5
61.5 41.5
13.5 44.5
25.5 44.5
26.5 44.5
35.5 44.5
36.5 44.5
14.5 45.5
15.5 45.5
26.5 45.5
27.5 45.5
33.5 45.5
34.5 45.5
48.5 45.5
15.5 46.5
16.5 46.5
27.5 46.5
32.5 46.5
47.5 46.5
58.5 46.5
59.5 46.5
60.5 46.5
17.5 47.5
46.5 47.5
56.5 47.5
57.5 47.5
9.5 48.5
21.5 48.5
22.5 48.5
52.5 48.5
10.5 49.5
11.5 49.5
22.5 49.5
23.5 49.5
38.5 49.5
39.5 49.5
40.5 49.5
51.5 49.5
64.5 49.5
12.5 50.5
24.5 50.5
36.5 50.5
37.5 50.5
50.5 50.5
62.5 50.5
63.5 50.5
49.5 51.5
61.5 51.5
11.5 54.5
25.5 54.5
12.5 55.5
26.5 55.5
36.5 55.5
37.5 55.5
50.5 55.5
51.5 55.5
61.5 55.5
13.5 56.5
14.5 56.5
27.5 56.5
28.5 56.5
33.5 56.5
34.5 56.5
35.5 56.5
52.5 56.5
58.5 56.5
59.5 56.5
60.5 56.5
14.5 57.5
15.5 57.5
29.5 57.5
8.5 58.5
42.5 58.5
9.5 59.5
21.5 59.5
22.5 59.5
23.5 59.5
40.5 59.5
41.5 59.5
47.5 59.5
48.5 59.5
63.5 59.5
64.5 59.5
9.5 60.5
10.5 60.5
24.5 60.5
25.5 60.5
39.5 60.5
40.5 60.5
49.5 60.5
50.5 60.5
62.5 60.5
10.5 61.5
38.5 61.5
