16.5 5.5
17.5 5.5
36.5 5.5
14.5 6.5
15.5 6.5
16.5 6.5
35.5 6.5
13.5 7.5
14.5 7.5
15.5 7.5
34.5 7.5
35.5 7.5
56.5 7.5
57.5 7.5
12.5 8.5
13.5 8.5
14.5 8.5
33.5 8.5
34.5 8.5
57.5 8.5
58.5 8.5
11.5 9.5
12.5 9.5
13.5 9.5
33.5 9.5
34.5 9.5
58.5 9.5
59.5 9.5
60.5 9.5
11.5 10.5
12.5 10.5
32.5 10.5
33.5 10.5
59.5 10.5
60.5 10.5
61.5 10.5
10.5 11.5
24.5 11.5
31.5 11.5
32.5 11.5
60.5 11.5
61.5 11.5
62.5 11.5
23.5 12.5
31.5 12.5
32.5 12.5
62.5 12.5
63.5 12.5
22.5 13.5
23.5 13.5
30.5 13.5
31.5 13.5
42.5 13.5
48.5 13.5
63.5 13.5
64.5 13.5
21.5 14.5
22.5 14.5
41.5 14.5
42.5 14.5
49.5 14.5
50.5 14.5
20.5 15.5
21.5 15.5
40.5 15.5
41.5 15.5
50.5 15.5
51.5 15.5
19.5 16.5
20.5 16.5
39.5 16.5
40.5 16.5
51.5 16.5
52.5 16.5
53.5 16.5
18.5 17.5
19.5 17.5
20.5 17.5
38.5 17.5
39.5 17.5
40.5 17.5
52.5 17.5
53.5 17.5
54.5 17.5
18.5 18.5
19.5 18.5
38.5 18.5
39.5 18.5
53.5 18.5
54.5 18.5
55.5 18.5
17.5 19.5
37.5 19.5
38.5 19.5
55.5 19.5
56.5 19.5
36.5 20.5
37.5 20.5
56.5 20.5
57.5 20.5
17.5 25.5
15.5 26.5
16.5 26.5
17.5 26.5
37.5 26.5
57.5 26.5
14.5 27.5
15.5 27.5
16.5 27.5
35.5 27.5
36.5 27.5
56.5 27.5
57.5 27.5
13.5 28.5
14.5 28.5
15.5 28.5
34.5 28.5
35.5 28.5
54.5 28.5
55.5 28.5
56.5 28.5
12.5 29.5
13.5 29.5
14.5 29.5
33.5 29.5
34.5 29.5
53.5 29.5
54.5 29.5
55.5 29.5
11.5 30.5
12.5 30.5
32.5 30.5
33.5 30.5
52.5 30.5
53.5 30.5
54.5 30.5
10.5 31.5
11.5 31.5
31.5 31.5
32.5 31.5
51.5 31.5
52.5 31.5
53.5 31.5
24.5 32.5
30.5 32.5
31.5 32.5
50.5 32.5
51.5 32.5
52.5 32.5
22.5 33.5
23.5 33.5
24.5 33.5
43.5 33.5
44.5 33.5
50.5 33.5
63.5 33.5
64.5 33.5
21.5 34.5
22.5 34.5
41.5 34.5
42.5 34.5
43.5 34.5
62.5 34.5
63.5 34.5
19.5 35.5
20.5 35.5
21.5 35.5
40.5 35.5
41.5 35.5
42.5 35.5
61.5 35.5
62.5 35.5
63.5 35.5
18.5 36.5
19.5 36.5
20.5 36.5
39.5 36.5
40.5 36.5
41.5 36.5
60.5 36.5
61.5 36.5
62.5 36.5
17.5 37.5
18.5 37.5
38.5 37.5
39.5 37.5
40.5 37.5
59.5 37.5
60.5 37.5
61.5 37.5
16.5 38.5
37.5 38.5
38.5 38.5
58.5 38.5
59.5 38.5
37.5 39.5
58.5 39.5
17.5 44.5
17.5 45.5
18.5 45.5
37.5 45.5
18.5 46.5
19.5 46.5
36.5 46.5
37.5 46.5
58.5 46.5
18.5 47.5
19.5 47.5
20.5 47.5
35.5 47.5
36.5 47.5
58.5 47.5
59.5 47.5
19.5 48.5
20.5 48.5
21.5 48.5
34.5 48.5
35.5 48.5
36.5 48.5
59.5 48.5
60.5 48.5
20.5 49.5
21.5 49.5
33.5 49.5
34.5 49.5
35.5 49.5
59.5 49.5
60.5 49.5
61.5 49.5
21.5 50.5
22.5 50.5
32.5 50.5
33.5 50.5
34.5 50.5
60.5 50.5
61.5 50.5
62.5 50.5
22.5 51.5
23.5 51.5
32.5 51.5
33.5 51.5
61.5 51.5
62.5 51.5
63.5 51.5
10.5 52.5
23.5 52.5
31.5 52.5
32.5 52.5
62.5 52.5
63.5 52.5
10.5 53.5
11.5 53.5
24.5 53.5
30.5 53.5
31.5 53.5
44.5 53.5
51.5 53.5
63.5 53.5
64.5 53.5
11.5 54.5
12.5 54.5
42.5 54.5
43.5 54.5
44.5 54.5
52.5 54.5
12.5 55.5
13.5 55.5
41.5 55.5
42.5 55.5
43.5 55.5
52.5 55.5
53.5 55.5
12.5 56.5
13.5 56.5
14.5 56.5
40.5 56.5
41.5 56.5
42.5 56.5
53.5 56.5
54.5 56.5
13.5 57.5
14.5 57.5
15.5 57.5
39.5 57.5
40.5 57.5
41.5 57.5
54.5 57.5
55.5 57.5
14.5 58.5
15.5 58.5
38.5 58.5
39.5 58.5
40.5 58.5
55.5 58.5
56.5 58.5
15.5 59.5
16.5 59.5
37.5 59.5
38.5 59.5
39.5 59.5
55.5 59.5
56.5 59.5
16.5 60.5
37.5 60.5
56.5 60.5
57.5 60.5
