9.5 5.5
10.5 5.5
11.5 5.5
20.5 5.5
30.5 5.5
31.5 5.5
43.5 5.5
52.5 5.5
63.5 5.5
8.5 6.5
9.5 6.5
19.5 6.5
20.5 6.5
29.5 6.5
30.5 6.5
31.5 6.5
43.5 6.5
44.5 6.5
52.5 6.5
53.5 6.5
63.5 6.5
64.5 6.5
7.5 7.5
8.5 7.5
15.5 7.5
18.5 7.5
19.5 7.5
24.5 7.5
29.5 7.5
30.5 7.5
39.5 7.5
44.5 7.5
53.5 7.5
54.5 7.5
63.5 7.5
64.5 7.5
14.5 8.5
15.5 8.5
18.5 8.5
23.5 8.5
24.5 8.5
28.5 8.5
29.5 8.5
35.5 8.5
39.5 8.5
44.5 8.5
45.5 8.5
48.5 8.5
54.5 8.5
55.5 8.5
64.5 8.5
13.5 9.5
14.5 9.5
23.5 9.5
24.5 9.5
28.5 9.5
34.5 9.5
35.5 9.5
39.5 9.5
40.5 9.5
45.5 9.5
48.5 9.5
49.5 9.5
55.5 9.5
56.5 9.5
59.5 9.5
64.5 9.5
12.5 10.5
13.5 10.5
22.5 10.5
23.5 10.5
33.5 10.5
34.5 10.5
39.5 10.5
40.5 10.5
49.5 10.5
50.5 10.5
59.5 10.5
60.5 10.5
11.5 11.5
12.5 11.5
22.5 11.5
23.5 11.5
33.5 11.5
34.5 11.5
40.5 11.5
41.5 11.5
50.5 11.5
51.5 11.5
60.5 11.5
61.5 11.5
22.5 12.5
32.5 12.5
33.5 12.5
40.5 12.5
41.5 12.5
51.5 12.5
52.5 12.5
61.5 12.5
32.5 13.5
41.5 13.5
52.5 13.5
61.5 13.5
62.5 13.5
11.5 14.5
31.5 14.5
62.5 14.5
10.5 15.5
11.5 15.5
21.5 15.5
10.5 16.5
21.5 16.5
41.5 16.5
51.5 16.5
52.5 16.5
62.5 16.5
9.5 17.5
10.5 17.5
20.5 17.5
21.5 17.5
31.5 17.5
41.5 17.5
42.5 17.5
52.5 17.5
53.5 17.5
61.5 17.5
8.5 18.5
9.5 18.5
20.5 18.5
32.5 18.5
42.5 18.5
43.5 18.5
53.5 18.5
54.5 18.5
60.5 18.5
8.5 19.5
9.5 19.5
15.5 19.5
19.5 19.5
20.5 19.5
32.5 19.5
33.5 19.5
43.5 19.5
44.5 19.5
48.5 19.5
54.5 19.5
55.5 19.5
59.5 19.5
60.5 19.5
7.5 20.5
8.5 20.5
14.5 20.5
19.5 20.5
20.5 20.5
28.5 20.5
33.5 20.5
34.5 20.5
44.5 20.5
45.5 20.5
48.5 20.5
49.5 20.5
55.5 20.5
58.5 20.5
59.5 20.5
7.5 21.5
13.5 21.5
14.5 21.5
19.5 21.5
24.5 21.5
25.5 21.5
28.5 21.5
29.5 21.5
34.5 21.5
38.5 21.5
39.5 21.5
45.5 21.5
49.5 21.5
50.5 21.5
64.5 21.5
12.5 22.5
13.5 22.5
14.5 22.5
19.5 22.5
24.5 22.5
29.5 22.5
39.5 22.5
40.5 22.5
50.5 22.5
51.5 22.5
63.5 22.5
64.5 22.5
12.5 23.5
13.5 23.5
23.5 23.5
24.5 23.5
29.5 23.5
30.5 23.5
39.5 23.5
40.5 23.5
41.5 23.5
50.5 23.5
51.5 23.5
62.5 23.5
63.5 23.5
11.5 24.5
12.5 24.5
13.5 24.5
22.5 24.5
23.5 24.5
30.5 24.5
31.5 24.5
40.5 24.5
41.5 24.5
51.5 24.5
52.5 24.5
61.5 24.5
62.5 24.5
11.5 25.5
12.5 25.5
22.5 25.5
23.5 25.5
30.5 25.5
31.5 25.5
11.5 26.5
22.5 26.5
31.5 26.5
21.5 27.5
51.5 27.5
62.5 27.5
63.5 27.5
31.5 28.5
41.5 28.5
51.5 28.5
61.5 28.5
62.5 28.5
21.5 29.5
31.5 29.5
32.5 29.5
40.5 29.5
41.5 29.5
50.5 29.5
51.5 29.5
61.5 29.5
62.5 29.5
9.5 30.5
10.5 30.5
11.5 30.5
22.5 30.5
32.5 30.5
33.5 30.5
39.5 30.5
40.5 30.5
49.5 30.5
50.5 30.5
60.5 30.5
61.5 30.5
8.5 31.5
9.5 31.5
10.5 31.5
22.5 31.5
23.5 31.5
33.5 31.5
34.5 31.5
39.5 31.5
40.5 31.5
45.5 31.5
49.5 31.5
50.5 31.5
55.5 31.5
60.5 31.5
61.5 31.5
7.5 32.5
8.5 32.5
23.5 32.5
24.5 32.5
33.5 32.5
34.5 32.5
38.5 32.5
39.5 32.5
44.5 32.5
45.5 32.5
49.5 32.5
55.5 32.5
59.5 32.5
60.5 32.5
14.5 33.5
15.5 33.5
18.5 33.5
24.5 33.5
28.5 33.5
34.5 33.5
35.5 33.5
38.5 33.5
44.5 33.5
45.5 33.5
48.5 33.5
49.5 33.5
54.5 33.5
55.5 33.5
59.5 33.5
13.5 34.5
14.5 34.5
18.5 34.5
19.5 34.5
25.5 34.5
28.5 34.5
29.5 34.5
35.5 34.5
43.5 34.5
44.5 34.5
53.5 34.5
54.5 34.5
64.5 34.5
11.5 35.5
12.5 35.5
13.5 35.5
19.5 35.5
20.5 35.5
29.5 35.5
30.5 35.5
43.5 35.5
44.5 35.5
53.5 35.5
54.5 35.5
64.5 35.5
10.5 36.5
11.5 36.5
20.5 36.5
21.5 36.5
30.5 36.5
31.5 36.5
42.5 36.5
43.5 36.5
53.5 36.5
63.5 36.5
64.5 36.5
21.5 37.5
31.5 37.5
42.5 37.5
52.5 37.5
53.5 37.5
63.5 37.5
52.5 38.5
10.5 39.5
11.5 40.5
21.5 40.5
31.5 40.5
42.5 40.5
52.5 40.5
11.5 41.5
12.5 41.5
20.5 41.5
21.5 41.5
32.5 41.5
41.5 41.5
42.5 41.5
52.5 41.5
53.5 41.5
62.5 41.5
11.5 42.5
12.5 42.5
19.5 42.5
20.5 42.5
32.5 42.5
33.5 42.5
40.5 42.5
41.5 42.5
53.5 42.5
54.5 42.5
61.5 42.5
62.5 42.5
7.5 43.5
12.5 43.5
13.5 43.5
18.5 43.5
19.5 43.5
33.5 43.5
34.5 43.5
40.5 43.5
41.5 43.5
53.5 43.5
54.5 43.5
60.5 43.5
61.5 43.5
7.5 44.5
8.5 44.5
13.5 44.5
18.5 44.5
19.5 44.5
33.5 44.5
34.5 44.5
39.5 44.5
40.5 44.5
54.5 44.5
55.5 44.5
60.5 44.5
61.5 44.5
8.5 45.5
13.5 45.5
14.5 45.5
17.5 45.5
18.5 45.5
24.5 45.5
25.5 45.5
28.5 45.5
34.5 45.5
35.5 45.5
39.5 45.5
45.5 45.5
46.5 45.5
49.5 45.5
55.5 45.5
59.5 45.5
60.5 45.5
8.5 46.5
9.5 46.5
14.5 46.5
17.5 46.5
23.5 46.5
24.5 46.5
29.5 46.5
35.5 46.5
38.5 46.5
44.5 46.5
45.5 46.5
49.5 46.5
50.5 46.5
56.5 46.5
59.5 46.5
64.5 46.5
9.5 47.5
22.5 47.5
23.5 47.5
29.5 47.5
30.5 47.5
43.5 47.5
44.5 47.5
45.5 47.5
50.5 47.5
51.5 47.5
64.5 47.5
9.5 48.5
10.5 48.5
22.5 48.5
23.5 48.5
30.5 48.5
31.5 48.5
43.5 48.5
44.5 48.5
50.5 48.5
51.5 48.5
63.5 48.5
64.5 48.5
10.5 49.5
21.5 49.5
22.5 49.5
30.5 49.5
31.5 49.5
42.5 49.5
43.5 49.5
51.5 49.5
52.5 49.5
63.5 49.5
10.5 50.5
20.5 50.5
21.5 50.5
31.5 50.5
32.5 50.5
42.5 50.5
52.5 50.5
62.5 50.5
11.5 53.5
20.5 53.5
21.5 53.5
31.5 53.5
32.5 53.5
42.5 53.5
52.5 53.5
62.5 53.5
11.5 54.5
12.5 54.5
21.5 54.5
22.5 54.5
30.5 54.5
31.5 54.5
41.5 54.5
42.5 54.5
53.5 54.5
61.5 54.5
62.5 54.5
12.5 55.5
13.5 55.5
22.5 55.5
23.5 55.5
24.5 55.5
29.5 55.5
30.5 55.5
40.5 55.5
41.5 55.5
53.5 55.5
54.5 55.5
60.5 55.5
61.5 55.5
13.5 56.5
14.5 56.5
17.5 56.5
24.5 56.5
25.5 56.5
28.5 56.5
29.5 56.5
39.5 56.5
40.5 56.5
41.5 56.5
54.5 56.5
55.5 56.5
59.5 56.5
60.5 56.5
8.5 57.5
14.5 57.5
18.5 57.5
34.5 57.5
35.5 57.5
39.5 57.5
40.5 57.5
46.5 57.5
49.5 57.5
50.5 57.5
56.5 57.5
59.5 57.5
8.5 58.5
9.5 58.5
18.5 58.5
19.5 58.5
33.5 58.5
34.5 58.5
38.5 58.5
39.5 58.5
45.5 58.5
46.5 58.5
50.5 58.5
51.5 58.5
64.5 58.5
9.5 59.5
10.5 59.5
19.5 59.5
20.5 59.5
32.5 59.5
33.5 59.5
34.5 59.5
44.5 59.5
45.5 59.5
51.5 59.5
63.5 59.5
64.5 59.5
10.5 60.5
11.5 60.5
21.5 60.5
31.5 60.5
32.5 60.5
33.5 60.5
43.5 60.5
44.5 60.5
51.5 60.5
52.5 60.5
63.5 60.5
64.5 60.5
11.5 61.5
31.5 61.5
42.5 61.5
43.5 61.5
52.5 61.5
63.5 61.5
12.5 62.5
42.5 62.5
62.5 62.5
