14.5 5.5
15.5 5.5
16.5 5.5
17.5 5.5
32.5 5.5
33.5 5.5
34.5 5.5
51.5 5.5
52.5 5.5
53.5 5.5
54.5 5.5
55.5 5.5
56.5 5.5
57.5 5.5
58.5 5.5
10.5 6.5
11.5 6.5
12.5 6.5
13.5 6.5
30.5 6.5
31.5 6.5
44.5 6.5
45.5 6.5
46.5 6.5
47.5 6.5
48.5 6.5
49.5 6.5
50.5 6.5
51.5 6.5
52.5 6.5
53.5 6.5
6.5 7.5
7.5 7.5
8.5 7.5
27.5 7.5
28.5 7.5
29.5 7.5
41.5 7.5
42.5 7.5
43.5 7.5
44.5 7.5
21.5 8.5
22.5 8.5
23.5 8.5
24.5 8.5
25.5 8.5
26.5 8.5
38.5 8.5
39.5 8.5
40.5 8.5
41.5 8.5
64.5 8.5
16.5 9.5
17.5 9.5
18.5 9.5
19.5 9.5
20.5 9.5
36.5 9.5
37.5 9.5
38.5 9.5
39.5 9.5
60.5 9.5
61.5 9.5
62.5 9.5
63.5 9.5
12.5 10.5
13.5 10.5
14.5 10.5
33.5 10.5
34.5 10.5
35.5 10.5
36.5 10.5
56.5 10.5
57.5 10.5
58.5 10.5
59.5 10.5
31.5 11.5
32.5 11.5
53.5 11.5
54.5 11.5
55.5 11.5
12.5 12.5
14.5 13.5
15.5 13.5
31.5 13.5
32.5 13.5
16.5 14.5
17.5 14.5
18.5 14.5
34.5 14.5
35.5 14.5
36.5 14.5
58.5 14.5
59.5 14.5
60.5 14.5
19.5 15.5
20.5 15.5
21.5 15.5
37.5 15.5
38.5 15.5
39.5 15.5
40.5 15.5
54.5 15.5
55.5 15.5
56.5 15.5
57.5 15.5
6.5 16.5
22.5 16.5
23.5 16.5
24.5 16.5
40.5 16.5
41.5 16.5
42.5 16.5
43.5 16.5
50.5 16.5
51.5 16.5
52.5 16.5
53.5 16.5
54.5 16.5
7.5 17.5
8.5 17.5
9.5 17.5
10.5 17.5
25.5 17.5
26.5 17.5
27.5 17.5
28.5 17.5
44.5 17.5
45.5 17.5
46.5 17.5
47.5 17.5
48.5 17.5
49.5 17.5
10.5 18.5
11.5 18.5
12.5 18.5
13.5 18.5
29.5 18.5
30.5 18.5
31.5 18.5
32.5 18.5
48.5 18.5
64.5 18.5
13.5 19.5
14.5 19.5
15.5 19.5
16.5 19.5
33.5 19.5
34.5 19.5
35.5 19.5
36.5 19.5
59.5 19.5
60.5 19.5
61.5 19.5
62.5 19.5
63.5 19.5
16.5 20.5
17.5 20.5
18.5 20.5
19.5 20.5
37.5 20.5
38.5 20.5
39.5 20.5
55.5 20.5
56.5 20.5
57.5 20.5
58.5 20.5
41.5 21.5
42.5 21.5
52.5 21.5
19.5 23.5
32.5 23.5
33.5 23.5
52.5 23.5
16.5 24.5
17.5 24.5
35.5 24.5
36.5 24.5
37.5 24.5
38.5 24.5
55.5 24.5
56.5 24.5
57.5 24.5
13.5 25.5
14.5 25.5
15.5 25.5
39.5 25.5
40.5 25.5
41.5 25.5
42.5 25.5
58.5 25.5
59.5 25.5
60.5 25.5
61.5 25.5
62.5 25.5
11.5 26.5
12.5 26.5
13.5 26.5
23.5 26.5
24.5 26.5
26.5 26.5
44.5 26.5
45.5 26.5
46.5 26.5
47.5 26.5
62.5 26.5
63.5 26.5
64.5 26.5
8.5 27.5
9.5 27.5
10.5 27.5
23.5 27.5
24.5 27.5
26.5 27.5
27.5 27.5
28.5 27.5
29.5 27.5
30.5 27.5
49.5 27.5
50.5 27.5
51.5 27.5
6.5 28.5
7.5 28.5
20.5 28.5
21.5 28.5
22.5 28.5
30.5 28.5
31.5 28.5
32.5 28.5
33.5 28.5
34.5 28.5
52.5 28.5
53.5 28.5
54.5 28.5
55.5 28.5
18.5 29.5
19.5 29.5
20.5 29.5
34.5 29.5
35.5 29.5
36.5 29.5
37.5 29.5
38.5 29.5
56.5 29.5
57.5 29.5
58.5 29.5
15.5 30.5
16.5 30.5
17.5 30.5
40.5 30.5
41.5 30.5
60.5 30.5
61.5 30.5
13.5 31.5
14.5 31.5
15.5 31.5
11.5 32.5
12.5 32.5
39.5 32.5
52.5 32.5
53.5 32.5
36.5 33.5
37.5 33.5
54.5 33.5
55.5 33.5
56.5 33.5
12.5 34.5
13.5 34.5
14.5 34.5
15.5 34.5
33.5 34.5
34.5 34.5
57.5 34.5
58.5 34.5
59.5 34.5
16.5 35.5
17.5 35.5
18.5 35.5
19.5 35.5
30.5 35.5
31.5 35.5
32.5 35.5
45.5 35.5
59.5 35.5
60.5 35.5
61.5 35.5
62.5 35.5
20.5 36.5
21.5 36.5
22.5 36.5
23.5 36.5
27.5 36.5
28.5 36.5
29.5 36.5
45.5 36.5
46.5 36.5
47.5 36.5
48.5 36.5
62.5 36.5
63.5 36.5
64.5 36.5
25.5 37.5
26.5 37.5
27.5 37.5
41.5 37.5
42.5 37.5
43.5 37.5
44.5 37.5
45.5 37.5
49.5 37.5
50.5 37.5
51.5 37.5
7.5 38.5
8.5 38.5
9.5 38.5
10.5 38.5
11.5 38.5
37.5 38.5
38.5 38.5
39.5 38.5
40.5 38.5
41.5 38.5
42.5 38.5
51.5 38.5
52.5 38.5
53.5 38.5
11.5 39.5
12.5 39.5
13.5 39.5
14.5 39.5
15.5 39.5
34.5 39.5
35.5 39.5
36.5 39.5
37.5 39.5
38.5 39.5
53.5 39.5
54.5 39.5
55.5 39.5
56.5 39.5
16.5 40.5
17.5 40.5
18.5 40.5
19.5 40.5
31.5 40.5
32.5 40.5
33.5 40.5
34.5 40.5
56.5 40.5
57.5 40.5
58.5 40.5
58.5 41.5
59.5 41.5
60.5 41.5
61.5 42.5
12.5 43.5
62.5 43.5
14.5 44.5
15.5 44.5
16.5 44.5
17.5 44.5
37.5 44.5
38.5 44.5
39.5 44.5
40.5 44.5
41.5 44.5
59.5 44.5
60.5 44.5
18.5 45.5
19.5 45.5
20.5 45.5
21.5 45.5
22.5 45.5
31.5 45.5
32.5 45.5
33.5 45.5
34.5 45.5
35.5 45.5
36.5 45.5
37.5 45.5
56.5 45.5
57.5 45.5
58.5 45.5
22.5 46.5
23.5 46.5
24.5 46.5
25.5 46.5
26.5 46.5
27.5 46.5
28.5 46.5
29.5 46.5
30.5 46.5
31.5 46.5
54.5 46.5
55.5 46.5
56.5 46.5
27.5 47.5
28.5 47.5
52.5 47.5
53.5 47.5
54.5 47.5
49.5 48.5
50.5 48.5
51.5 48.5
8.5 49.5
9.5 49.5
10.5 49.5
11.5 49.5
12.5 49.5
13.5 49.5
14.5 49.5
41.5 49.5
42.5 49.5
43.5 49.5
44.5 49.5
45.5 49.5
46.5 49.5
47.5 49.5
48.5 49.5
49.5 49.5
63.5 49.5
64.5 49.5
13.5 50.5
14.5 50.5
15.5 50.5
16.5 50.5
17.5 50.5
18.5 50.5
19.5 50.5
20.5 50.5
35.5 50.5
36.5 50.5
37.5 50.5
38.5 50.5
39.5 50.5
40.5 50.5
41.5 50.5
42.5 50.5
46.5 50.5
60.5 50.5
61.5 50.5
62.5 50.5
63.5 50.5
64.5 50.5
22.5 51.5
23.5 51.5
32.5 51.5
33.5 51.5
34.5 51.5
58.5 51.5
59.5 51.5
60.5 51.5
61.5 51.5
55.5 52.5
56.5 52.5
57.5 52.5
58.5 52.5
33.5 53.5
53.5 53.5
54.5 53.5
35.5 54.5
36.5 54.5
11.5 55.5
12.5 55.5
13.5 55.5
14.5 55.5
15.5 55.5
37.5 55.5
38.5 55.5
14.5 56.5
15.5 56.5
16.5 56.5
17.5 56.5
18.5 56.5
19.5 56.5
20.5 56.5
21.5 56.5
39.5 56.5
40.5 56.5
41.5 56.5
54.5 56.5
55.5 56.5
56.5 56.5
19.5 57.5
20.5 57.5
21.5 57.5
22.5 57.5
23.5 57.5
24.5 57.5
25.5 57.5
26.5 57.5
41.5 57.5
42.5 57.5
43.5 57.5
57.5 57.5
58.5 57.5
59.5 57.5
60.5 57.5
61.5 57.5
25.5 58.5
26.5 58.5
27.5 58.5
28.5 58.5
29.5 58.5
30.5 58.5
44.5 58.5
45.5 58.5
61.5 58.5
62.5 58.5
63.5 58.5
64.5 58.5
7.5 59.5
8.5 59.5
9.5 59.5
29.5 59.5
30.5 59.5
31.5 59.5
32.5 59.5
33.5 59.5
47.5 59.5
48.5 59.5
49.5 59.5
9.5 60.5
10.5 60.5
11.5 60.5
12.5 60.5
32.5 60.5
33.5 60.5
34.5 60.5
35.5 60.5
36.5 60.5
50.5 60.5
51.5 60.5
52.5 60.5
53.5 60.5
12.5 61.5
13.5 61.5
14.5 61.5
15.5 61.5
36.5 61.5
37.5 61.5
38.5 61.5
39.5 61.5
54.5 61.5
55.5 61.5
56.5 61.5
16.5 62.5
17.5 62.5
18.5 62.5
39.5 62.5
40.5 62.5
41.5 62.5
57.5 62.5
58.5 62.5
59.5 62.5
60.5 62.5
19.5 63.5
20.5 63.5
62.5 63.5
