11.5 5.5
24.5 5.5
36.5 5.5
48.5 5.5
62.5 5.5
11.5 6.5
23.5 6.5
24.5 6.5
35.5 6.5
47.5 6.5
62.5 6.5
11.5 7.5
23.5 7.5
35.5 7.5
47.5 7.5
62.5 7.5
63.5 7.5
10.5 8.5
23.5 8.5
35.5 8.5
47.5 8.5
63.5 8.5
10.5 9.5
22.5 9.5
23.5 9.5
29.5 9.5
34.5 9.5
41.5 9.5
46.5 9.5
53.5 9.5
55.5 9.5
63.5 9.5
10.5 10.5
16.5 10.5
22.5 10.5
29.5 10.5
34.5 10.5
46.5 10.5
63.5 10.5
9.5 11.5
16.5 11.5
22.5 11.5
34.5 11.5
40.5 11.5
46.5 11.5
52.5 11.5
56.5 11.5
63.5 11.5
64.5 11.5
9.5 12.5
16.5 12.5
21.5 12.5
22.5 12.5
28.5 12.5
34.5 12.5
40.5 12.5
45.5 12.5
52.5 12.5
63.5 12.5
64.5 12.5
9.5 13.5
15.5 13.5
21.5 13.5
28.5 13.5
33.5 13.5
40.5 13.5
45.5 13.5
52.5 13.5
57.5 13.5
64.5 13.5
15.5 14.5
21.5 14.5
28.5 14.5
33.5 14.5
39.5 14.5
51.5 14.5
57.5 14.5
64.5 14.5
8.5 15.5
15.5 15.5
27.5 15.5
33.5 15.5
39.5 15.5
44.5 15.5
51.5 15.5
58.5 15.5
64.5 15.5
8.5 16.5
15.5 16.5
20.5 16.5
27.5 16.5
38.5 16.5
39.5 16.5
44.5 16.5
51.5 16.5
58.5 16.5
14.5 17.5
27.5 17.5
38.5 17.5
50.5 17.5
59.5 17.5
14.5 18.5
26.5 18.5
38.5 18.5
50.5 18.5
59.5 18.5
14.5 19.5
26.5 19.5
37.5 19.5
50.5 19.5
60.5 19.5
14.5 20.5
37.5 20.5
49.5 20.5
60.5 20.5
13.5 21.5
25.5 21.5
37.5 21.5
49.5 21.5
13.5 22.5
25.5 22.5
36.5 22.5
50.5 22.5
61.5 22.5
13.5 23.5
36.5 23.5
61.5 23.5
13.5 24.5
25.5 24.5
37.5 24.5
49.5 24.5
61.5 24.5
62.5 24.5
13.5 25.5
25.5 25.5
37.5 25.5
49.5 25.5
14.5 26.5
26.5 26.5
38.5 26.5
48.5 26.5
60.5 26.5
14.5 27.5
26.5 27.5
38.5 27.5
48.5 27.5
60.5 27.5
8.5 28.5
14.5 28.5
26.5 28.5
38.5 28.5
39.5 28.5
47.5 28.5
59.5 28.5
8.5 29.5
14.5 29.5
20.5 29.5
27.5 29.5
39.5 29.5
47.5 29.5
59.5 29.5
15.5 30.5
20.5 30.5
27.5 30.5
33.5 30.5
39.5 30.5
46.5 30.5
53.5 30.5
59.5 30.5
9.5 31.5
15.5 31.5
21.5 31.5
28.5 31.5
33.5 31.5
40.5 31.5
46.5 31.5
53.5 31.5
58.5 31.5
9.5 32.5
15.5 32.5
21.5 32.5
28.5 32.5
40.5 32.5
45.5 32.5
52.5 32.5
58.5 32.5
9.5 33.5
16.5 33.5
21.5 33.5
28.5 33.5
34.5 33.5
41.5 33.5
45.5 33.5
52.5 33.5
64.5 33.5
10.5 34.5
16.5 34.5
22.5 34.5
29.5 34.5
34.5 34.5
41.5 34.5
51.5 34.5
57.5 34.5
64.5 34.5
10.5 35.5
16.5 35.5
22.5 35.5
29.5 35.5
35.5 35.5
44.5 35.5
51.5 35.5
57.5 35.5
63.5 35.5
64.5 35.5
10.5 36.5
22.5 36.5
23.5 36.5
35.5 36.5
51.5 36.5
63.5 36.5
10.5 37.5
23.5 37.5
30.5 37.5
35.5 37.5
50.5 37.5
56.5 37.5
63.5 37.5
11.5 38.5
23.5 38.5
36.5 38.5
50.5 38.5
62.5 38.5
11.5 39.5
23.5 39.5
24.5 39.5
36.5 39.5
49.5 39.5
62.5 39.5
11.5 40.5
24.5 40.5
37.5 40.5
49.5 40.5
61.5 40.5
24.5 41.5
37.5 41.5
61.5 41.5
12.5 42.5
25.5 42.5
37.5 42.5
48.5 42.5
49.5 42.5
11.5 43.5
12.5 43.5
25.5 43.5
37.5 43.5
60.5 43.5
25.5 44.5
37.5 44.5
48.5 44.5
61.5 44.5
12.5 45.5
24.5 45.5
38.5 45.5
48.5 45.5
61.5 45.5
12.5 46.5
24.5 46.5
38.5 46.5
47.5 46.5
62.5 46.5
13.5 47.5
23.5 47.5
24.5 47.5
38.5 47.5
47.5 47.5
62.5 47.5
13.5 48.5
23.5 48.5
38.5 48.5
47.5 48.5
62.5 48.5
63.5 48.5
7.5 49.5
13.5 49.5
22.5 49.5
23.5 49.5
30.5 49.5
39.5 49.5
46.5 49.5
53.5 49.5
63.5 49.5
14.5 50.5
22.5 50.5
39.5 50.5
46.5 50.5
56.5 50.5
63.5 50.5
64.5 50.5
8.5 51.5
14.5 51.5
22.5 51.5
29.5 51.5
33.5 51.5
39.5 51.5
46.5 51.5
52.5 51.5
64.5 51.5
8.5 52.5
15.5 52.5
21.5 52.5
29.5 52.5
33.5 52.5
39.5 52.5
45.5 52.5
52.5 52.5
57.5 52.5
64.5 52.5
8.5 53.5
15.5 53.5
21.5 53.5
28.5 53.5
40.5 53.5
45.5 53.5
51.5 53.5
57.5 53.5
9.5 54.5
20.5 54.5
28.5 54.5
34.5 54.5
40.5 54.5
51.5 54.5
58.5 54.5
9.5 55.5
16.5 55.5
20.5 55.5
27.5 55.5
34.5 55.5
40.5 55.5
44.5 55.5
51.5 55.5
58.5 55.5
9.5 56.5
10.5 56.5
16.5 56.5
27.5 56.5
34.5 56.5
50.5 56.5
58.5 56.5
59.5 56.5
10.5 57.5
19.5 57.5
26.5 57.5
27.5 57.5
35.5 57.5
50.5 57.5
59.5 57.5
10.5 58.5
26.5 58.5
35.5 58.5
49.5 58.5
59.5 58.5
10.5 59.5
11.5 59.5
26.5 59.5
35.5 59.5
49.5 59.5
60.5 59.5
11.5 60.5
25.5 60.5
35.5 60.5
49.5 60.5
60.5 60.5
11.5 61.5
25.5 61.5
36.5 61.5
48.5 61.5
60.5 61.5
36.5 62.5
48.5 62.5
61.5 62.5
12.5 63.5
24.5 63.5
36.5 63.5
61.5 63.5
