12.5 5.5
21.5 5.5
33.5 5.5
43.5 5.5
53.5 5.5
63.5 5.5
13.5 6.5
20.5 6.5
21.5 6.5
33.5 6.5
43.5 6.5
53.5 6.5
63.5 6.5
64.5 6.5
13.5 7.5
20.5 7.5
21.5 7.5
33.5 7.5
44.5 7.5
53.5 7.5
64.5 7.5
13.5 8.5
20.5 8.5
33.5 8.5
44.5 8.5
53.5 8.5
64.5 8.5
14.5 9.5
20.5 9.5
25.5 9.5
33.5 9.5
34.5 9.5
44.5 9.5
53.5 9.5
58.5 9.5
64.5 9.5
9.5 10.5
14.5 10.5
19.5 10.5
20.5 10.5
25.5 10.5
33.5 10.5
34.5 10.5
39.5 10.5
44.5 10.5
53.5 10.5
54.5 10.5
58.5 10.5
64.5 10.5
9.5 11.5
14.5 11.5
19.5 11.5
25.5 11.5
29.5 11.5
34.5 11.5
39.5 11.5
45.5 11.5
49.5 11.5
54.5 11.5
59.5 11.5
10.5 12.5
15.5 12.5
19.5 12.5
24.5 12.5
29.5 12.5
34.5 12.5
39.5 12.5
45.5 12.5
49.5 12.5
54.5 12.5
59.5 12.5
10.5 13.5
15.5 13.5
19.5 13.5
24.5 13.5
29.5 13.5
34.5 13.5
39.5 13.5
40.5 13.5
45.5 13.5
49.5 13.5
54.5 13.5
59.5 13.5
10.5 14.5
24.5 14.5
29.5 14.5
34.5 14.5
39.5 14.5
40.5 14.5
45.5 14.5
50.5 14.5
54.5 14.5
59.5 14.5
60.5 14.5
10.5 15.5
11.5 15.5
23.5 15.5
24.5 15.5
29.5 15.5
40.5 15.5
50.5 15.5
60.5 15.5
11.5 16.5
23.5 16.5
29.5 16.5
30.5 16.5
40.5 16.5
50.5 16.5
60.5 16.5
11.5 17.5
23.5 17.5
30.5 17.5
40.5 17.5
50.5 17.5
60.5 17.5
61.5 17.5
11.5 18.5
23.5 18.5
30.5 18.5
40.5 18.5
41.5 18.5
61.5 18.5
11.5 19.5
12.5 19.5
22.5 19.5
30.5 19.5
40.5 19.5
41.5 19.5
51.5 19.5
61.5 19.5
12.5 20.5
22.5 20.5
30.5 20.5
41.5 20.5
51.5 20.5
61.5 20.5
12.5 21.5
41.5 21.5
51.5 21.5
62.5 21.5
62.5 22.5
51.5 23.5
13.5 24.5
21.5 24.5
30.5 24.5
41.5 24.5
51.5 24.5
13.5 25.5
21.5 25.5
30.5 25.5
41.5 25.5
42.5 25.5
51.5 25.5
62.5 25.5
13.5 26.5
21.5 26.5
30.5 26.5
42.5 26.5
50.5 26.5
62.5 26.5
13.5 27.5
20.5 27.5
30.5 27.5
42.5 27.5
50.5 27.5
63.5 27.5
13.5 28.5
14.5 28.5
20.5 28.5
30.5 28.5
42.5 28.5
43.5 28.5
50.5 28.5
63.5 28.5
64.5 28.5
13.5 29.5
14.5 29.5
20.5 29.5
25.5 29.5
29.5 29.5
43.5 29.5
49.5 29.5
50.5 29.5
63.5 29.5
64.5 29.5
14.5 30.5
19.5 30.5
25.5 30.5
29.5 30.5
34.5 30.5
43.5 30.5
49.5 30.5
64.5 30.5
14.5 31.5
19.5 31.5
24.5 31.5
25.5 31.5
29.5 31.5
34.5 31.5
38.5 31.5
43.5 31.5
44.5 31.5
49.5 31.5
54.5 31.5
59.5 31.5
64.5 31.5
9.5 32.5
14.5 32.5
19.5 32.5
24.5 32.5
29.5 32.5
34.5 32.5
38.5 32.5
44.5 32.5
49.5 32.5
54.5 32.5
59.5 32.5
9.5 33.5
14.5 33.5
24.5 33.5
29.5 33.5
34.5 33.5
39.5 33.5
44.5 33.5
54.5 33.5
59.5 33.5
60.5 33.5
9.5 34.5
14.5 34.5
18.5 34.5
23.5 34.5
24.5 34.5
33.5 34.5
34.5 34.5
39.5 34.5
48.5 34.5
54.5 34.5
60.5 34.5
9.5 35.5
10.5 35.5
18.5 35.5
23.5 35.5
24.5 35.5
33.5 35.5
34.5 35.5
39.5 35.5
40.5 35.5
53.5 35.5
54.5 35.5
60.5 35.5
10.5 36.5
23.5 36.5
33.5 36.5
34.5 36.5
40.5 36.5
53.5 36.5
54.5 36.5
60.5 36.5
61.5 36.5
10.5 37.5
23.5 37.5
33.5 37.5
34.5 37.5
40.5 37.5
53.5 37.5
54.5 37.5
61.5 37.5
10.5 38.5
22.5 38.5
23.5 38.5
33.5 38.5
41.5 38.5
53.5 38.5
61.5 38.5
62.5 38.5
10.5 39.5
11.5 39.5
22.5 39.5
33.5 39.5
41.5 39.5
53.5 39.5
62.5 39.5
11.5 40.5
22.5 40.5
33.5 40.5
53.5 40.5
62.5 40.5
11.5 41.5
33.5 41.5
42.5 41.5
53.5 41.5
63.5 41.5
11.5 42.5
53.5 42.5
63.5 42.5
22.5 43.5
33.5 43.5
22.5 44.5
32.5 44.5
52.5 44.5
12.5 45.5
22.5 45.5
32.5 45.5
43.5 45.5
52.5 45.5
64.5 45.5
12.5 46.5
22.5 46.5
23.5 46.5
31.5 46.5
32.5 46.5
43.5 46.5
52.5 46.5
64.5 46.5
12.5 47.5
23.5 47.5
31.5 47.5
44.5 47.5
51.5 47.5
52.5 47.5
64.5 47.5
12.5 48.5
13.5 48.5
23.5 48.5
31.5 48.5
44.5 48.5
51.5 48.5
52.5 48.5
64.5 48.5
13.5 49.5
23.5 49.5
30.5 49.5
31.5 49.5
44.5 49.5
51.5 49.5
52.5 49.5
64.5 49.5
13.5 50.5
23.5 50.5
24.5 50.5
30.5 50.5
44.5 50.5
45.5 50.5
51.5 50.5
64.5 50.5
8.5 51.5
13.5 51.5
18.5 51.5
23.5 51.5
24.5 51.5
30.5 51.5
36.5 51.5
45.5 51.5
51.5 51.5
8.5 52.5
14.5 52.5
18.5 52.5
24.5 52.5
29.5 52.5
35.5 52.5
40.5 52.5
45.5 52.5
51.5 52.5
60.5 52.5
9.5 53.5
14.5 53.5
18.5 53.5
24.5 53.5
29.5 53.5
35.5 53.5
40.5 53.5
50.5 53.5
51.5 53.5
56.5 53.5
60.5 53.5
9.5 54.5
14.5 54.5
19.5 54.5
24.5 54.5
29.5 54.5
34.5 54.5
35.5 54.5
40.5 54.5
46.5 54.5
50.5 54.5
51.5 54.5
56.5 54.5
60.5 54.5
9.5 55.5
19.5 55.5
24.5 55.5
28.5 55.5
34.5 55.5
40.5 55.5
41.5 55.5
46.5 55.5
50.5 55.5
56.5 55.5
61.5 55.5
9.5 56.5
10.5 56.5
19.5 56.5
33.5 56.5
34.5 56.5
41.5 56.5
50.5 56.5
55.5 56.5
61.5 56.5
10.5 57.5
19.5 57.5
20.5 57.5
33.5 57.5
34.5 57.5
41.5 57.5
55.5 57.5
61.5 57.5
10.5 58.5
20.5 58.5
33.5 58.5
41.5 58.5
42.5 58.5
55.5 58.5
61.5 58.5
62.5 58.5
10.5 59.5
11.5 59.5
20.5 59.5
32.5 59.5
33.5 59.5
41.5 59.5
42.5 59.5
54.5 59.5
62.5 59.5
11.5 60.5
20.5 60.5
32.5 60.5
42.5 60.5
54.5 60.5
62.5 60.5
11.5 61.5
21.5 61.5
32.5 61.5
42.5 61.5
54.5 61.5
62.5 61.5
21.5 62.5
31.5 62.5
42.5 62.5
31.5 63.5
43.5 63.5
53.5 63.5
