11.5 5.5
22.5 5.5
40.5 5.5
30.5 6.5
40.5 6.5
53.5 6.5
64.5 6.5
23.5 7.5
30.5 7.5
40.5 7.5
53.5 7.5
64.5 7.5
10.5 8.5
23.5 8.5
30.5 8.5
40.5 8.5
53.5 8.5
54.5 8.5
64.5 8.5
10.5 9.5
24.5 9.5
30.5 9.5
39.5 9.5
54.5 9.5
24.5 10.5
30.5 10.5
39.5 10.5
54.5 10.5
9.5 11.5
24.5 11.5
39.5 11.5
44.5 11.5
55.5 11.5
9.5 12.5
18.5 12.5
34.5 12.5
39.5 12.5
44.5 12.5
49.5 12.5
55.5 12.5
60.5 12.5
19.5 13.5
25.5 13.5
34.5 13.5
49.5 13.5
60.5 13.5
13.5 14.5
19.5 14.5
34.5 14.5
43.5 14.5
49.5 14.5
61.5 14.5
13.5 15.5
19.5 15.5
34.5 15.5
43.5 15.5
50.5 15.5
61.5 15.5
13.5 16.5
20.5 16.5
43.5 16.5
50.5 16.5
61.5 16.5
12.5 17.5
20.5 17.5
33.5 17.5
43.5 17.5
50.5 17.5
61.5 17.5
12.5 18.5
20.5 18.5
33.5 18.5
43.5 18.5
50.5 18.5
62.5 18.5
12.5 19.5
21.5 19.5
33.5 19.5
51.5 19.5
62.5 19.5
21.5 20.5
42.5 20.5
51.5 20.5
42.5 21.5
63.5 25.5
21.5 26.5
33.5 26.5
41.5 26.5
10.5 27.5
21.5 27.5
33.5 27.5
41.5 27.5
53.5 27.5
64.5 27.5
10.5 28.5
21.5 28.5
40.5 28.5
53.5 28.5
64.5 28.5
10.5 29.5
20.5 29.5
21.5 29.5
34.5 29.5
40.5 29.5
53.5 29.5
20.5 30.5
34.5 30.5
40.5 30.5
53.5 30.5
20.5 31.5
34.5 31.5
39.5 31.5
54.5 31.5
9.5 32.5
14.5 32.5
20.5 32.5
25.5 32.5
29.5 32.5
39.5 32.5
54.5 32.5
9.5 33.5
14.5 33.5
19.5 33.5
29.5 33.5
39.5 33.5
49.5 33.5
54.5 33.5
60.5 33.5
14.5 34.5
19.5 34.5
24.5 34.5
29.5 34.5
44.5 34.5
49.5 34.5
60.5 34.5
14.5 35.5
24.5 35.5
29.5 35.5
30.5 35.5
44.5 35.5
60.5 35.5
30.5 36.5
44.5 36.5
50.5 36.5
61.5 36.5
13.5 37.5
23.5 37.5
30.5 37.5
43.5 37.5
50.5 37.5
61.5 37.5
13.5 38.5
23.5 38.5
30.5 38.5
43.5 38.5
51.5 38.5
61.5 38.5
13.5 39.5
30.5 39.5
43.5 39.5
51.5 39.5
62.5 39.5
13.5 40.5
30.5 40.5
62.5 40.5
22.5 41.5
12.5 45.5
31.5 46.5
41.5 46.5
63.5 46.5
11.5 47.5
20.5 47.5
31.5 47.5
41.5 47.5
53.5 47.5
63.5 47.5
20.5 48.5
32.5 48.5
40.5 48.5
53.5 48.5
64.5 48.5
10.5 49.5
32.5 49.5
40.5 49.5
53.5 49.5
64.5 49.5
10.5 50.5
19.5 50.5
32.5 50.5
40.5 50.5
53.5 50.5
64.5 50.5
9.5 51.5
19.5 51.5
33.5 51.5
39.5 51.5
64.5 51.5
9.5 52.5
14.5 52.5
33.5 52.5
39.5 52.5
45.5 52.5
49.5 52.5
54.5 52.5
14.5 53.5
18.5 53.5
23.5 53.5
33.5 53.5
49.5 53.5
54.5 53.5
59.5 53.5
13.5 54.5
23.5 54.5
28.5 54.5
44.5 54.5
49.5 54.5
59.5 54.5
13.5 55.5
22.5 55.5
28.5 55.5
44.5 55.5
59.5 55.5
22.5 56.5
29.5 56.5
43.5 56.5
50.5 56.5
60.5 56.5
12.5 57.5
22.5 57.5
29.5 57.5
43.5 57.5
50.5 57.5
60.5 57.5
12.5 58.5
22.5 58.5
29.5 58.5
42.5 58.5
50.5 58.5
60.5 58.5
11.5 59.5
21.5 59.5
30.5 59.5
42.5 59.5
50.5 59.5
21.5 60.5
30.5 60.5
50.5 60.5
61.5 60.5
