14.5 5.5
26.5 5.5
38.5 5.5
50.5 5.5
61.5 5.5
14.5 6.5
27.5 6.5
39.5 6.5
50.5 6.5
62.5 6.5
15.5 7.5
27.5 7.5
39.5 7.5
50.5 7.5
63.5 7.5
15.5 8.5
21.5 8.5
33.5 8.5
40.5 8.5
51.5 8.5
63.5 8.5
16.5 9.5
28.5 9.5
33.5 9.5
51.5 9.5
57.5 9.5
64.5 9.5
9.5 10.5
22.5 10.5
28.5 10.5
34.5 10.5
41.5 10.5
45.5 10.5
52.5 10.5
57.5 10.5
9.5 11.5
17.5 11.5
22.5 11.5
34.5 11.5
52.5 11.5
58.5 11.5
10.5 12.5
23.5 12.5
34.5 12.5
46.5 12.5
58.5 12.5
10.5 13.5
23.5 13.5
35.5 13.5
47.5 13.5
58.5 13.5
11.5 14.5
35.5 14.5
47.5 14.5
59.5 14.5
11.5 15.5
24.5 15.5
48.5 15.5
59.5 15.5
12.5 16.5
24.5 16.5
36.5 16.5
60.5 16.5
12.5 17.5
60.5 17.5
48.5 18.5
24.5 19.5
36.5 19.5
61.5 19.5
13.5 20.5
37.5 20.5
47.5 20.5
60.5 20.5
13.5 21.5
25.5 21.5
37.5 21.5
47.5 21.5
14.5 22.5
26.5 22.5
38.5 22.5
46.5 22.5
59.5 22.5
14.5 23.5
26.5 23.5
38.5 23.5
46.5 23.5
58.5 23.5
15.5 24.5
20.5 24.5
27.5 24.5
31.5 24.5
39.5 24.5
45.5 24.5
57.5 24.5
64.5 24.5
15.5 25.5
27.5 25.5
32.5 25.5
45.5 25.5
53.5 25.5
8.5 26.5
21.5 26.5
28.5 26.5
33.5 26.5
40.5 26.5
52.5 26.5
56.5 26.5
63.5 26.5
9.5 27.5
16.5 27.5
22.5 27.5
33.5 27.5
44.5 27.5
51.5 27.5
10.5 28.5
22.5 28.5
34.5 28.5
50.5 28.5
62.5 28.5
11.5 29.5
23.5 29.5
35.5 29.5
49.5 29.5
11.5 30.5
23.5 30.5
35.5 30.5
61.5 30.5
12.5 31.5
36.5 31.5
13.5 32.5
24.5 32.5
61.5 33.5
49.5 34.5
12.5 35.5
24.5 35.5
36.5 35.5
50.5 35.5
62.5 35.5
23.5 36.5
35.5 36.5
50.5 36.5
62.5 36.5
11.5 37.5
23.5 37.5
35.5 37.5
50.5 37.5
51.5 37.5
63.5 37.5
10.5 38.5
22.5 38.5
34.5 38.5
51.5 38.5
57.5 38.5
63.5 38.5
10.5 39.5
17.5 39.5
21.5 39.5
28.5 39.5
34.5 39.5
41.5 39.5
44.5 39.5
51.5 39.5
57.5 39.5
9.5 40.5
16.5 40.5
21.5 40.5
28.5 40.5
33.5 40.5
40.5 40.5
52.5 40.5
58.5 40.5
64.5 40.5
9.5 41.5
16.5 41.5
20.5 41.5
27.5 41.5
32.5 41.5
40.5 41.5
45.5 41.5
52.5 41.5
58.5 41.5
15.5 42.5
27.5 42.5
39.5 42.5
46.5 42.5
58.5 42.5
14.5 43.5
26.5 43.5
39.5 43.5
46.5 43.5
59.5 43.5
14.5 44.5
26.5 44.5
38.5 44.5
47.5 44.5
59.5 44.5
13.5 45.5
25.5 45.5
37.5 45.5
47.5 45.5
60.5 45.5
25.5 46.5
37.5 46.5
48.5 46.5
60.5 46.5
36.5 47.5
13.5 49.5
25.5 49.5
36.5 49.5
24.5 50.5
37.5 50.5
61.5 50.5
14.5 51.5
24.5 51.5
37.5 51.5
49.5 51.5
60.5 51.5
14.5 52.5
23.5 52.5
38.5 52.5
50.5 52.5
59.5 52.5
15.5 53.5
23.5 53.5
39.5 53.5
51.5 53.5
58.5 53.5
8.5 54.5
15.5 54.5
22.5 54.5
29.5 54.5
39.5 54.5
44.5 54.5
51.5 54.5
57.5 54.5
9.5 55.5
16.5 55.5
21.5 55.5
33.5 55.5
40.5 55.5
45.5 55.5
52.5 55.5
57.5 55.5
21.5 56.5
28.5 56.5
33.5 56.5
46.5 56.5
53.5 56.5
56.5 56.5
64.5 56.5
10.5 57.5
17.5 57.5
20.5 57.5
27.5 57.5
34.5 57.5
46.5 57.5
64.5 57.5
11.5 58.5
27.5 58.5
34.5 58.5
47.5 58.5
63.5 58.5
11.5 59.5
26.5 59.5
35.5 59.5
48.5 59.5
63.5 59.5
12.5 60.5
26.5 60.5
35.5 60.5
48.5 60.5
62.5 60.5
25.5 61.5
36.5 61.5
49.5 61.5
62.5 61.5
36.5 62.5
61.5 62.5
24.5 63.5
