10.5 5.5
11.5 5.5
12.5 5.5
13.5 5.5
14.5 5.5
15.5 5.5
38.5 5.5
39.5 5.5
40.5 5.5
41.5 5.5
54.5 5.5
55.5 5.5
56.5 5.5
57.5 5.5
58.5 5.5
8.5 6.5
9.5 6.5
10.5 6.5
11.5 6.5
12.5 6.5
39.5 6.5
40.5 6.5
41.5 6.5
42.5 6.5
43.5 6.5
52.5 6.5
53.5 6.5
54.5 6.5
55.5 6.5
56.5 6.5
42.5 7.5
43.5 7.5
44.5 7.5
45.5 7.5
51.5 7.5
52.5 7.5
53.5 7.5
54.5 7.5
21.5 8.5
22.5 8.5
23.5 8.5
24.5 8.5
29.5 8.5
30.5 8.5
18.5 9.5
19.5 9.5
20.5 9.5
21.5 9.5
22.5 9.5
30.5 9.5
31.5 9.5
32.5 9.5
33.5 9.5
63.5 9.5
64.5 9.5
16.5 10.5
17.5 10.5
18.5 10.5
19.5 10.5
20.5 10.5
32.5 10.5
33.5 10.5
34.5 10.5
35.5 10.5
36.5 10.5
61.5 10.5
62.5 10.5
63.5 10.5
64.5 10.5
34.5 11.5
35.5 11.5
36.5 11.5
37.5 11.5
38.5 11.5
59.5 11.5
60.5 11.5
61.5 11.5
62.5 11.5
38.5 12.5
57.5 12.5
58.5 12.5
59.5 12.5
60.5 12.5
13.5 16.5
14.5 16.5
15.5 16.5
16.5 16.5
17.5 16.5
36.5 16.5
11.5 17.5
12.5 17.5
13.5 17.5
14.5 17.5
15.5 17.5
37.5 17.5
38.5 17.5
39.5 17.5
40.5 17.5
57.5 17.5
58.5 17.5
59.5 17.5
9.5 18.5
10.5 18.5
11.5 18.5
12.5 18.5
13.5 18.5
39.5 18.5
40.5 18.5
41.5 18.5
42.5 18.5
43.5 18.5
54.5 18.5
55.5 18.5
56.5 18.5
57.5 18.5
41.5 19.5
42.5 19.5
43.5 19.5
44.5 19.5
52.5 19.5
53.5 19.5
54.5 19.5
55.5 19.5
50.5 20.5
51.5 20.5
52.5 20.5
20.5 21.5
21.5 21.5
22.5 21.5
23.5 21.5
24.5 21.5
30.5 21.5
31.5 21.5
32.5 21.5
33.5 21.5
18.5 22.5
19.5 22.5
20.5 22.5
21.5 22.5
22.5 22.5
31.5 22.5
32.5 22.5
33.5 22.5
34.5 22.5
35.5 22.5
61.5 22.5
62.5 22.5
63.5 22.5
64.5 22.5
17.5 23.5
18.5 23.5
19.5 23.5
20.5 23.5
33.5 23.5
34.5 23.5
35.5 23.5
36.5 23.5
37.5 23.5
58.5 23.5
59.5 23.5
60.5 23.5
61.5 23.5
62.5 23.5
63.5 23.5
36.5 24.5
37.5 24.5
38.5 24.5
57.5 24.5
58.5 24.5
59.5 24.5
60.5 24.5
13.5 29.5
14.5 29.5
15.5 29.5
16.5 29.5
17.5 29.5
36.5 29.5
37.5 29.5
38.5 29.5
56.5 29.5
57.5 29.5
58.5 29.5
11.5 30.5
12.5 30.5
13.5 30.5
14.5 30.5
15.5 30.5
37.5 30.5
38.5 30.5
39.5 30.5
40.5 30.5
41.5 30.5
58.5 30.5
59.5 30.5
60.5 30.5
10.5 31.5
39.5 31.5
40.5 31.5
41.5 31.5
42.5 31.5
43.5 31.5
44.5 31.5
59.5 31.5
60.5 31.5
61.5 31.5
62.5 31.5
61.5 32.5
62.5 32.5
63.5 32.5
64.5 32.5
49.5 33.5
50.5 33.5
51.5 33.5
52.5 33.5
64.5 33.5
19.5 34.5
20.5 34.5
21.5 34.5
22.5 34.5
23.5 34.5
28.5 34.5
29.5 34.5
30.5 34.5
31.5 34.5
51.5 34.5
52.5 34.5
53.5 34.5
54.5 34.5
16.5 35.5
17.5 35.5
18.5 35.5
19.5 35.5
20.5 35.5
21.5 35.5
22.5 35.5
29.5 35.5
30.5 35.5
31.5 35.5
32.5 35.5
33.5 35.5
34.5 35.5
53.5 35.5
54.5 35.5
55.5 35.5
56.5 35.5
16.5 36.5
17.5 36.5
18.5 36.5
31.5 36.5
32.5 36.5
33.5 36.5
34.5 36.5
35.5 36.5
36.5 36.5
55.5 36.5
56.5 36.5
57.5 36.5
56.5 41.5
57.5 41.5
13.5 42.5
14.5 42.5
15.5 42.5
16.5 42.5
34.5 42.5
35.5 42.5
36.5 42.5
53.5 42.5
54.5 42.5
55.5 42.5
56.5 42.5
11.5 43.5
12.5 43.5
13.5 43.5
14.5 43.5
15.5 43.5
35.5 43.5
36.5 43.5
37.5 43.5
38.5 43.5
39.5 43.5
50.5 43.5
51.5 43.5
52.5 43.5
53.5 43.5
54.5 43.5
55.5 43.5
10.5 44.5
11.5 44.5
12.5 44.5
13.5 44.5
14.5 44.5
37.5 44.5
38.5 44.5
39.5 44.5
40.5 44.5
41.5 44.5
49.5 44.5
50.5 44.5
51.5 44.5
52.5 44.5
53.5 44.5
9.5 45.5
10.5 45.5
11.5 45.5
39.5 45.5
40.5 45.5
41.5 45.5
42.5 45.5
48.5 45.5
49.5 45.5
50.5 45.5
63.5 46.5
64.5 46.5
21.5 47.5
22.5 47.5
23.5 47.5
28.5 47.5
29.5 47.5
30.5 47.5
60.5 47.5
61.5 47.5
62.5 47.5
63.5 47.5
19.5 48.5
20.5 48.5
21.5 48.5
29.5 48.5
30.5 48.5
31.5 48.5
32.5 48.5
58.5 48.5
59.5 48.5
60.5 48.5
61.5 48.5
62.5 48.5
17.5 49.5
18.5 49.5
19.5 49.5
20.5 49.5
32.5 49.5
33.5 49.5
34.5 49.5
35.5 49.5
56.5 49.5
57.5 49.5
58.5 49.5
59.5 49.5
60.5 49.5
15.5 50.5
16.5 50.5
17.5 50.5
34.5 50.5
35.5 50.5
36.5 50.5
55.5 50.5
56.5 50.5
57.5 50.5
15.5 55.5
16.5 55.5
17.5 55.5
18.5 55.5
19.5 55.5
32.5 55.5
33.5 55.5
34.5 55.5
35.5 55.5
56.5 55.5
57.5 55.5
18.5 56.5
19.5 56.5
20.5 56.5
21.5 56.5
22.5 56.5
29.5 56.5
30.5 56.5
31.5 56.5
32.5 56.5
33.5 56.5
52.5 56.5
53.5 56.5
54.5 56.5
55.5 56.5
56.5 56.5
57.5 56.5
22.5 57.5
23.5 57.5
28.5 57.5
29.5 57.5
50.5 57.5
51.5 57.5
52.5 57.5
53.5 57.5
54.5 57.5
49.5 58.5
50.5 58.5
51.5 58.5
8.5 59.5
9.5 59.5
10.5 59.5
11.5 59.5
12.5 59.5
13.5 59.5
38.5 59.5
39.5 59.5
40.5 59.5
41.5 59.5
42.5 59.5
43.5 59.5
44.5 59.5
63.5 59.5
64.5 59.5
10.5 60.5
11.5 60.5
12.5 60.5
13.5 60.5
14.5 60.5
15.5 60.5
16.5 60.5
36.5 60.5
37.5 60.5
38.5 60.5
39.5 60.5
40.5 60.5
41.5 60.5
60.5 60.5
61.5 60.5
62.5 60.5
63.5 60.5
64.5 60.5
57.5 61.5
58.5 61.5
59.5 61.5
60.5 61.5
61.5 61.5
