13.5 5.5
23.5 5.5
31.5 5.5
36.5 5.5
38.5 5.5
44.5 5.5
53.5 5.5
61.5 5.5
14.5 6.5
19.5 6.5
30.5 6.5
38.5 6.5
44.5 6.5
49.5 6.5
53.5 6.5
60.5 6.5
8.5 7.5
14.5 7.5
19.5 7.5
24.5 7.5
30.5 7.5
35.5 7.5
44.5 7.5
49.5 7.5
54.5 7.5
60.5 7.5
14.5 8.5
29.5 8.5
35.5 8.5
39.5 8.5
45.5 8.5
49.5 8.5
54.5 8.5
59.5 8.5
9.5 9.5
14.5 9.5
20.5 9.5
25.5 9.5
29.5 9.5
35.5 9.5
39.5 9.5
45.5 9.5
54.5 9.5
59.5 9.5
9.5 10.5
15.5 10.5
20.5 10.5
28.5 10.5
34.5 10.5
40.5 10.5
46.5 10.5
50.5 10.5
55.5 10.5
58.5 10.5
64.5 10.5
10.5 11.5
15.5 11.5
20.5 11.5
26.5 11.5
28.5 11.5
34.5 11.5
40.5 11.5
46.5 11.5
50.5 11.5
55.5 11.5
64.5 11.5
10.5 12.5
15.5 12.5
21.5 12.5
34.5 12.5
40.5 12.5
57.5 12.5
63.5 12.5
10.5 13.5
21.5 13.5
33.5 13.5
41.5 13.5
47.5 13.5
51.5 13.5
63.5 13.5
11.5 14.5
16.5 14.5
21.5 14.5
33.5 14.5
41.5 14.5
51.5 14.5
62.5 14.5
11.5 15.5
22.5 15.5
33.5 15.5
41.5 15.5
42.5 15.5
51.5 15.5
62.5 15.5
12.5 16.5
22.5 16.5
42.5 16.5
51.5 16.5
61.5 16.5
62.5 16.5
12.5 17.5
22.5 17.5
32.5 17.5
42.5 17.5
52.5 17.5
61.5 17.5
62.5 17.5
12.5 18.5
22.5 18.5
32.5 18.5
42.5 18.5
52.5 18.5
60.5 18.5
62.5 18.5
11.5 19.5
22.5 19.5
42.5 19.5
43.5 19.5
52.5 19.5
61.5 19.5
11.5 20.5
23.5 20.5
31.5 20.5
42.5 20.5
53.5 20.5
61.5 20.5
10.5 21.5
23.5 21.5
31.5 21.5
43.5 21.5
53.5 21.5
61.5 21.5
10.5 22.5
23.5 22.5
30.5 22.5
37.5 22.5
43.5 22.5
47.5 22.5
60.5 22.5
9.5 23.5
10.5 23.5
16.5 23.5
23.5 23.5
30.5 23.5
36.5 23.5
37.5 23.5
43.5 23.5
48.5 23.5
54.5 23.5
60.5 23.5
9.5 24.5
18.5 24.5
24.5 24.5
29.5 24.5
35.5 24.5
43.5 24.5
48.5 24.5
54.5 24.5
60.5 24.5
9.5 25.5
15.5 25.5
24.5 25.5
29.5 25.5
38.5 25.5
43.5 25.5
44.5 25.5
49.5 25.5
55.5 25.5
59.5 25.5
8.5 26.5
14.5 26.5
19.5 26.5
24.5 26.5
34.5 26.5
38.5 26.5
44.5 26.5
49.5 26.5
55.5 26.5
59.5 26.5
8.5 27.5
14.5 27.5
19.5 27.5
24.5 27.5
28.5 27.5
33.5 27.5
39.5 27.5
44.5 27.5
49.5 27.5
50.5 27.5
59.5 27.5
64.5 27.5
13.5 28.5
20.5 28.5
25.5 28.5
28.5 28.5
33.5 28.5
39.5 28.5
44.5 28.5
50.5 28.5
56.5 28.5
7.5 29.5
13.5 29.5
20.5 29.5
25.5 29.5
32.5 29.5
50.5 29.5
51.5 29.5
58.5 29.5
63.5 29.5
12.5 30.5
21.5 30.5
40.5 30.5
51.5 30.5
63.5 30.5
12.5 31.5
21.5 31.5
31.5 31.5
40.5 31.5
41.5 31.5
51.5 31.5
62.5 31.5
11.5 32.5
30.5 32.5
32.5 32.5
52.5 32.5
53.5 32.5
61.5 32.5
62.5 32.5
11.5 33.5
21.5 33.5
22.5 33.5
40.5 33.5
41.5 33.5
52.5 33.5
10.5 34.5
11.5 34.5
29.5 34.5
31.5 34.5
40.5 34.5
52.5 34.5
53.5 34.5
61.5 34.5
62.5 34.5
11.5 35.5
22.5 35.5
40.5 35.5
51.5 35.5
52.5 35.5
62.5 35.5
12.5 36.5
22.5 36.5
30.5 36.5
35.5 36.5
51.5 36.5
12.5 37.5
39.5 37.5
45.5 37.5
50.5 37.5
51.5 37.5
63.5 37.5
6.5 38.5
12.5 38.5
18.5 38.5
23.5 38.5
29.5 38.5
34.5 38.5
39.5 38.5
50.5 38.5
58.5 38.5
13.5 39.5
18.5 39.5
23.5 39.5
34.5 39.5
39.5 39.5
44.5 39.5
49.5 39.5
56.5 39.5
58.5 39.5
64.5 39.5
7.5 40.5
13.5 40.5
18.5 40.5
28.5 40.5
34.5 40.5
38.5 40.5
44.5 40.5
49.5 40.5
55.5 40.5
59.5 40.5
64.5 40.5
13.5 41.5
19.5 41.5
24.5 41.5
33.5 41.5
38.5 41.5
43.5 41.5
48.5 41.5
55.5 41.5
59.5 41.5
8.5 42.5
14.5 42.5
19.5 42.5
24.5 42.5
27.5 42.5
33.5 42.5
38.5 42.5
43.5 42.5
48.5 42.5
54.5 42.5
59.5 42.5
60.5 42.5
14.5 43.5
19.5 43.5
33.5 43.5
43.5 43.5
47.5 43.5
60.5 43.5
9.5 44.5
14.5 44.5
19.5 44.5
25.5 44.5
26.5 44.5
32.5 44.5
37.5 44.5
42.5 44.5
53.5 44.5
60.5 44.5
20.5 45.5
32.5 45.5
37.5 45.5
42.5 45.5
61.5 45.5
10.5 46.5
20.5 46.5
32.5 46.5
42.5 46.5
52.5 46.5
61.5 46.5
11.5 47.5
20.5 47.5
31.5 47.5
41.5 47.5
52.5 47.5
62.5 47.5
11.5 48.5
19.5 48.5
31.5 48.5
32.5 48.5
41.5 48.5
51.5 48.5
62.5 48.5
10.5 49.5
20.5 49.5
21.5 49.5
41.5 49.5
51.5 49.5
62.5 49.5
10.5 50.5
20.5 50.5
21.5 50.5
30.5 50.5
31.5 50.5
40.5 50.5
41.5 50.5
51.5 50.5
62.5 50.5
63.5 50.5
10.5 51.5
21.5 51.5
30.5 51.5
42.5 51.5
61.5 51.5
9.5 52.5
21.5 52.5
30.5 52.5
42.5 52.5
50.5 52.5
61.5 52.5
9.5 53.5
16.5 53.5
22.5 53.5
29.5 53.5
43.5 53.5
50.5 53.5
56.5 53.5
60.5 53.5
61.5 53.5
9.5 54.5
14.5 54.5
16.5 54.5
22.5 54.5
29.5 54.5
36.5 54.5
37.5 54.5
43.5 54.5
49.5 54.5
55.5 54.5
60.5 54.5
17.5 55.5
23.5 55.5
28.5 55.5
35.5 55.5
38.5 55.5
44.5 55.5
49.5 55.5
55.5 55.5
60.5 55.5
8.5 56.5
13.5 56.5
17.5 56.5
23.5 56.5
27.5 56.5
28.5 56.5
35.5 56.5
38.5 56.5
44.5 56.5
54.5 56.5
59.5 56.5
8.5 57.5
13.5 57.5
18.5 57.5
24.5 57.5
27.5 57.5
34.5 57.5
39.5 57.5
45.5 57.5
48.5 57.5
54.5 57.5
59.5 57.5
64.5 57.5
12.5 58.5
18.5 58.5
24.5 58.5
26.5 58.5
33.5 58.5
34.5 58.5
39.5 58.5
45.5 58.5
48.5 58.5
53.5 58.5
54.5 58.5
58.5 58.5
64.5 58.5
7.5 59.5
12.5 59.5
18.5 59.5
33.5 59.5
40.5 59.5
46.5 59.5
53.5 59.5
63.5 59.5
7.5 60.5
12.5 60.5
19.5 60.5
32.5 60.5
41.5 60.5
53.5 60.5
11.5 61.5
19.5 61.5
31.5 61.5
32.5 61.5
41.5 61.5
52.5 61.5
62.5 61.5
11.5 62.5
20.5 62.5
31.5 62.5
42.5 62.5
52.5 62.5
11.5 63.5
20.5 63.5
30.5 63.5
42.5 63.5
51.5 63.5
