17.5 5.5
18.5 5.5
35.5 5.5
36.5 5.5
37.5 5.5
58.5 5.5
59.5 5.5
19.5 6.5
20.5 6.5
38.5 6.5
39.5 6.5
40.5 6.5
60.5 6.5
61.5 6.5
7.5 7.5
8.5 7.5
21.5 7.5
22.5 7.5
41.5 7.5
42.5 7.5
43.5 7.5
61.5 7.5
62.5 7.5
63.5 7.5
9.5 8.5
10.5 8.5
23.5 8.5
24.5 8.5
26.5 8.5
27.5 8.5
44.5 8.5
45.5 8.5
46.5 8.5
47.5 8.5
48.5 8.5
63.5 8.5
64.5 8.5
11.5 9.5
12.5 9.5
26.5 9.5
28.5 9.5
29.5 9.5
30.5 9.5
49.5 9.5
50.5 9.5
51.5 9.5
13.5 10.5
14.5 10.5
31.5 10.5
32.5 10.5
33.5 10.5
51.5 10.5
52.5 10.5
53.5 10.5
15.5 11.5
16.5 11.5
34.5 11.5
35.5 11.5
36.5 11.5
54.5 11.5
55.5 11.5
56.5 11.5
18.5 12.5
37.5 12.5
38.5 12.5
56.5 12.5
57.5 12.5
58.5 12.5
59.5 13.5
60.5 13.5
17.5 16.5
18.5 16.5
37.5 16.5
38.5 16.5
15.5 17.5
16.5 17.5
17.5 17.5
34.5 17.5
35.5 17.5
36.5 17.5
57.5 17.5
58.5 17.5
59.5 17.5
13.5 18.5
14.5 18.5
15.5 18.5
30.5 18.5
31.5 18.5
32.5 18.5
53.5 18.5
54.5 18.5
55.5 18.5
56.5 18.5
11.5 19.5
12.5 19.5
13.5 19.5
27.5 19.5
28.5 19.5
29.5 19.5
49.5 19.5
50.5 19.5
51.5 19.5
52.5 19.5
9.5 20.5
10.5 20.5
23.5 20.5
24.5 20.5
43.5 20.5
44.5 20.5
45.5 20.5
47.5 20.5
48.5 20.5
7.5 21.5
8.5 21.5
21.5 21.5
22.5 21.5
40.5 21.5
41.5 21.5
42.5 21.5
64.5 21.5
20.5 22.5
36.5 22.5
37.5 22.5
38.5 22.5
39.5 22.5
61.5 22.5
62.5 22.5
63.5 22.5
18.5 23.5
19.5 23.5
34.5 23.5
35.5 23.5
58.5 23.5
59.5 23.5
60.5 23.5
16.5 24.5
17.5 24.5
55.5 24.5
56.5 24.5
15.5 25.5
38.5 27.5
39.5 27.5
14.5 28.5
15.5 28.5
36.5 28.5
37.5 28.5
38.5 28.5
59.5 28.5
60.5 28.5
16.5 29.5
17.5 29.5
18.5 29.5
34.5 29.5
35.5 29.5
36.5 29.5
56.5 29.5
57.5 29.5
58.5 29.5
18.5 30.5
19.5 30.5
20.5 30.5
21.5 30.5
32.5 30.5
33.5 30.5
34.5 30.5
53.5 30.5
54.5 30.5
55.5 30.5
20.5 31.5
21.5 31.5
22.5 31.5
23.5 31.5
30.5 31.5
31.5 31.5
47.5 31.5
50.5 31.5
51.5 31.5
52.5 31.5
53.5 31.5
23.5 32.5
24.5 32.5
25.5 32.5
28.5 32.5
29.5 32.5
44.5 32.5
45.5 32.5
48.5 32.5
49.5 32.5
27.5 33.5
42.5 33.5
43.5 33.5
44.5 33.5
63.5 33.5
64.5 33.5
7.5 34.5
8.5 34.5
9.5 34.5
40.5 34.5
41.5 34.5
42.5 34.5
61.5 34.5
62.5 34.5
10.5 35.5
11.5 35.5
12.5 35.5
13.5 35.5
38.5 35.5
39.5 35.5
40.5 35.5
58.5 35.5
59.5 35.5
60.5 35.5
13.5 36.5
14.5 36.5
15.5 36.5
16.5 36.5
36.5 36.5
37.5 36.5
56.5 36.5
57.5 36.5
17.5 37.5
18.5 37.5
19.5 37.5
34.5 37.5
35.5 37.5
54.5 37.5
34.5 40.5
59.5 40.5
60.5 40.5
19.5 41.5
36.5 41.5
37.5 41.5
57.5 41.5
58.5 41.5
16.5 42.5
17.5 42.5
38.5 42.5
39.5 42.5
40.5 42.5
54.5 42.5
55.5 42.5
56.5 42.5
13.5 43.5
14.5 43.5
41.5 43.5
42.5 43.5
43.5 43.5
52.5 43.5
53.5 43.5
54.5 43.5
10.5 44.5
11.5 44.5
12.5 44.5
43.5 44.5
44.5 44.5
45.5 44.5
50.5 44.5
51.5 44.5
8.5 45.5
9.5 45.5
27.5 45.5
46.5 45.5
47.5 45.5
48.5 45.5
63.5 45.5
64.5 45.5
6.5 46.5
23.5 46.5
24.5 46.5
25.5 46.5
29.5 46.5
30.5 46.5
31.5 46.5
61.5 46.5
62.5 46.5
20.5 47.5
21.5 47.5
22.5 47.5
23.5 47.5
32.5 47.5
33.5 47.5
34.5 47.5
59.5 47.5
60.5 47.5
17.5 48.5
18.5 48.5
19.5 48.5
20.5 48.5
34.5 48.5
35.5 48.5
36.5 48.5
37.5 48.5
57.5 48.5
58.5 48.5
15.5 49.5
16.5 49.5
17.5 49.5
38.5 49.5
39.5 49.5
55.5 49.5
12.5 50.5
13.5 50.5
41.5 50.5
55.5 52.5
56.5 52.5
57.5 53.5
58.5 53.5
17.5 54.5
18.5 54.5
19.5 54.5
20.5 54.5
34.5 54.5
35.5 54.5
36.5 54.5
59.5 54.5
60.5 54.5
11.5 55.5
12.5 55.5
13.5 55.5
14.5 55.5
15.5 55.5
16.5 55.5
36.5 55.5
37.5 55.5
38.5 55.5
39.5 55.5
40.5 55.5
61.5 55.5
62.5 55.5
6.5 56.5
7.5 56.5
8.5 56.5
9.5 56.5
40.5 56.5
41.5 56.5
42.5 56.5
43.5 56.5
63.5 56.5
64.5 56.5
44.5 57.5
45.5 57.5
46.5 57.5
47.5 57.5
48.5 57.5
24.5 58.5
25.5 58.5
26.5 58.5
27.5 58.5
28.5 58.5
29.5 58.5
49.5 58.5
50.5 58.5
51.5 58.5
52.5 58.5
19.5 59.5
20.5 59.5
21.5 59.5
22.5 59.5
23.5 59.5
31.5 59.5
32.5 59.5
52.5 59.5
53.5 59.5
54.5 59.5
55.5 59.5
16.5 60.5
17.5 60.5
18.5 60.5
33.5 60.5
34.5 60.5
35.5 60.5
55.5 60.5
56.5 60.5
57.5 60.5
36.5 61.5
37.5 61.5
58.5 61.5
59.5 61.5
60.5 61.5
38.5 62.5
39.5 62.5
