44.5 5.5
60.5 5.5
12.5 6.5
28.5 6.5
44.5 6.5
59.5 6.5
60.5 6.5
12.5 7.5
28.5 7.5
44.5 7.5
45.5 7.5
58.5 7.5
59.5 7.5
11.5 8.5
12.5 8.5
27.5 8.5
45.5 8.5
46.5 8.5
57.5 8.5
58.5 8.5
11.5 9.5
26.5 9.5
27.5 9.5
45.5 9.5
46.5 9.5
56.5 9.5
57.5 9.5
10.5 10.5
11.5 10.5
25.5 10.5
26.5 10.5
46.5 10.5
47.5 10.5
55.5 10.5
56.5 10.5
10.5 11.5
25.5 11.5
26.5 11.5
47.5 11.5
54.5 11.5
55.5 11.5
9.5 12.5
10.5 12.5
24.5 12.5
25.5 12.5
39.5 12.5
47.5 12.5
48.5 12.5
54.5 12.5
9.5 13.5
18.5 13.5
24.5 13.5
33.5 13.5
39.5 13.5
40.5 13.5
48.5 13.5
17.5 14.5
18.5 14.5
32.5 14.5
33.5 14.5
40.5 14.5
64.5 14.5
16.5 15.5
17.5 15.5
32.5 15.5
40.5 15.5
41.5 15.5
63.5 15.5
64.5 15.5
16.5 16.5
17.5 16.5
31.5 16.5
32.5 16.5
41.5 16.5
42.5 16.5
62.5 16.5
63.5 16.5
15.5 17.5
16.5 17.5
31.5 17.5
42.5 17.5
61.5 17.5
62.5 17.5
15.5 18.5
30.5 18.5
31.5 18.5
42.5 18.5
43.5 18.5
61.5 18.5
14.5 19.5
30.5 19.5
43.5 19.5
60.5 19.5
59.5 20.5
14.5 24.5
15.5 25.5
29.5 25.5
43.5 25.5
59.5 25.5
15.5 26.5
16.5 26.5
28.5 26.5
42.5 26.5
43.5 26.5
58.5 26.5
59.5 26.5
16.5 27.5
27.5 27.5
28.5 27.5
42.5 27.5
58.5 27.5
59.5 27.5
16.5 28.5
17.5 28.5
27.5 28.5
41.5 28.5
42.5 28.5
57.5 28.5
58.5 28.5
17.5 29.5
26.5 29.5
27.5 29.5
41.5 29.5
57.5 29.5
58.5 29.5
17.5 30.5
18.5 30.5
26.5 30.5
40.5 30.5
41.5 30.5
56.5 30.5
57.5 30.5
9.5 31.5
18.5 31.5
19.5 31.5
25.5 31.5
26.5 31.5
34.5 31.5
40.5 31.5
49.5 31.5
56.5 31.5
10.5 32.5
19.5 32.5
25.5 32.5
33.5 32.5
40.5 32.5
48.5 32.5
49.5 32.5
55.5 32.5
56.5 32.5
10.5 33.5
24.5 33.5
33.5 33.5
39.5 33.5
48.5 33.5
55.5 33.5
64.5 33.5
11.5 34.5
32.5 34.5
33.5 34.5
47.5 34.5
48.5 34.5
63.5 34.5
64.5 34.5
11.5 35.5
12.5 35.5
31.5 35.5
32.5 35.5
47.5 35.5
63.5 35.5
12.5 36.5
31.5 36.5
32.5 36.5
46.5 36.5
47.5 36.5
62.5 36.5
63.5 36.5
12.5 37.5
13.5 37.5
30.5 37.5
31.5 37.5
46.5 37.5
62.5 37.5
13.5 38.5
30.5 38.5
45.5 38.5
46.5 38.5
61.5 38.5
62.5 38.5
14.5 39.5
30.5 39.5
45.5 39.5
61.5 39.5
29.5 40.5
60.5 40.5
14.5 44.5
14.5 45.5
29.5 45.5
45.5 45.5
13.5 46.5
30.5 46.5
44.5 46.5
59.5 46.5
12.5 47.5
13.5 47.5
30.5 47.5
43.5 47.5
44.5 47.5
58.5 47.5
59.5 47.5
12.5 48.5
13.5 48.5
31.5 48.5
42.5 48.5
43.5 48.5
58.5 48.5
11.5 49.5
12.5 49.5
31.5 49.5
32.5 49.5
41.5 49.5
42.5 49.5
57.5 49.5
58.5 49.5
11.5 50.5
12.5 50.5
32.5 50.5
41.5 50.5
42.5 50.5
57.5 50.5
58.5 50.5
11.5 51.5
24.5 51.5
32.5 51.5
33.5 51.5
40.5 51.5
41.5 51.5
57.5 51.5
10.5 52.5
11.5 52.5
24.5 52.5
25.5 52.5
33.5 52.5
39.5 52.5
40.5 52.5
50.5 52.5
56.5 52.5
57.5 52.5
64.5 52.5
10.5 53.5
18.5 53.5
25.5 53.5
34.5 53.5
39.5 53.5
49.5 53.5
56.5 53.5
64.5 53.5
17.5 54.5
18.5 54.5
25.5 54.5
26.5 54.5
48.5 54.5
49.5 54.5
63.5 54.5
64.5 54.5
17.5 55.5
25.5 55.5
26.5 55.5
47.5 55.5
48.5 55.5
63.5 55.5
17.5 56.5
26.5 56.5
27.5 56.5
47.5 56.5
48.5 56.5
62.5 56.5
63.5 56.5
16.5 57.5
17.5 57.5
26.5 57.5
27.5 57.5
46.5 57.5
47.5 57.5
62.5 57.5
16.5 58.5
27.5 58.5
46.5 58.5
61.5 58.5
62.5 58.5
15.5 59.5
16.5 59.5
27.5 59.5
28.5 59.5
45.5 59.5
46.5 59.5
61.5 59.5
15.5 60.5
28.5 60.5
45.5 60.5
61.5 60.5
15.5 61.5
28.5 61.5
60.5 61.5
14.5 62.5
