12.5 5.5
13.5 5.5
29.5 5.5
44.5 5.5
45.5 5.5
61.5 5.5
62.5 5.5
63.5 5.5
10.5 6.5
11.5 6.5
12.5 6.5
27.5 6.5
28.5 6.5
43.5 6.5
44.5 6.5
62.5 6.5
63.5 6.5
64.5 6.5
9.5 7.5
10.5 7.5
26.5 7.5
27.5 7.5
42.5 7.5
43.5 7.5
63.5 7.5
64.5 7.5
8.5 8.5
9.5 8.5
21.5 8.5
22.5 8.5
25.5 8.5
26.5 8.5
36.5 8.5
41.5 8.5
42.5 8.5
52.5 8.5
53.5 8.5
64.5 8.5
7.5 9.5
19.5 9.5
20.5 9.5
21.5 9.5
24.5 9.5
25.5 9.5
35.5 9.5
36.5 9.5
40.5 9.5
41.5 9.5
50.5 9.5
51.5 9.5
54.5 9.5
55.5 9.5
17.5 10.5
18.5 10.5
19.5 10.5
23.5 10.5
24.5 10.5
34.5 10.5
35.5 10.5
39.5 10.5
40.5 10.5
49.5 10.5
50.5 10.5
55.5 10.5
56.5 10.5
15.5 11.5
16.5 11.5
17.5 11.5
18.5 11.5
22.5 11.5
23.5 11.5
32.5 11.5
33.5 11.5
34.5 11.5
38.5 11.5
48.5 11.5
49.5 11.5
56.5 11.5
57.5 11.5
14.5 12.5
15.5 12.5
16.5 12.5
31.5 12.5
32.5 12.5
33.5 12.5
47.5 12.5
48.5 12.5
49.5 12.5
57.5 12.5
58.5 12.5
12.5 13.5
13.5 13.5
14.5 13.5
30.5 13.5
31.5 13.5
32.5 13.5
46.5 13.5
47.5 13.5
48.5 13.5
58.5 13.5
59.5 13.5
11.5 14.5
12.5 14.5
29.5 14.5
30.5 14.5
46.5 14.5
47.5 14.5
59.5 14.5
60.5 14.5
28.5 15.5
29.5 15.5
45.5 15.5
46.5 15.5
60.5 15.5
61.5 15.5
11.5 16.5
28.5 16.5
44.5 16.5
45.5 16.5
61.5 16.5
62.5 16.5
12.5 17.5
43.5 17.5
63.5 17.5
12.5 18.5
13.5 18.5
28.5 18.5
42.5 18.5
13.5 19.5
14.5 19.5
28.5 19.5
29.5 19.5
43.5 19.5
44.5 19.5
58.5 19.5
14.5 20.5
15.5 20.5
29.5 20.5
30.5 20.5
44.5 20.5
45.5 20.5
59.5 20.5
60.5 20.5
7.5 21.5
15.5 21.5
16.5 21.5
30.5 21.5
31.5 21.5
32.5 21.5
45.5 21.5
46.5 21.5
60.5 21.5
61.5 21.5
62.5 21.5
8.5 22.5
16.5 22.5
17.5 22.5
31.5 22.5
32.5 22.5
33.5 22.5
46.5 22.5
47.5 22.5
61.5 22.5
62.5 22.5
63.5 22.5
8.5 23.5
9.5 23.5
17.5 23.5
18.5 23.5
21.5 23.5
22.5 23.5
33.5 23.5
34.5 23.5
38.5 23.5
48.5 23.5
62.5 23.5
63.5 23.5
64.5 23.5
9.5 24.5
18.5 24.5
19.5 24.5
22.5 24.5
23.5 24.5
34.5 24.5
35.5 24.5
39.5 24.5
40.5 24.5
49.5 24.5
50.5 24.5
53.5 24.5
64.5 24.5
9.5 25.5
10.5 25.5
19.5 25.5
20.5 25.5
23.5 25.5
24.5 25.5
25.5 25.5
35.5 25.5
36.5 25.5
40.5 25.5
41.5 25.5
50.5 25.5
51.5 25.5
54.5 25.5
55.5 25.5
10.5 26.5
25.5 26.5
26.5 26.5
41.5 26.5
42.5 26.5
51.5 26.5
55.5 26.5
56.5 26.5
10.5 27.5
11.5 27.5
26.5 27.5
27.5 27.5
42.5 27.5
43.5 27.5
56.5 27.5
57.5 27.5
11.5 28.5
27.5 28.5
28.5 28.5
29.5 28.5
43.5 28.5
44.5 28.5
57.5 28.5
58.5 28.5
59.5 28.5
11.5 29.5
12.5 29.5
29.5 29.5
30.5 29.5
44.5 29.5
45.5 29.5
59.5 29.5
60.5 29.5
12.5 30.5
30.5 30.5
31.5 30.5
46.5 30.5
60.5 30.5
61.5 30.5
13.5 31.5
42.5 31.5
62.5 31.5
13.5 32.5
26.5 32.5
43.5 32.5
62.5 32.5
14.5 33.5
26.5 33.5
27.5 33.5
43.5 33.5
44.5 33.5
60.5 33.5
61.5 33.5
13.5 34.5
27.5 34.5
28.5 34.5
44.5 34.5
45.5 34.5
59.5 34.5
60.5 34.5
12.5 35.5
28.5 35.5
29.5 35.5
30.5 35.5
45.5 35.5
46.5 35.5
58.5 35.5
59.5 35.5
11.5 36.5
12.5 36.5
29.5 36.5
30.5 36.5
31.5 36.5
45.5 36.5
46.5 36.5
57.5 36.5
58.5 36.5
10.5 37.5
11.5 37.5
18.5 37.5
21.5 37.5
30.5 37.5
31.5 37.5
32.5 37.5
37.5 37.5
46.5 37.5
47.5 37.5
56.5 37.5
57.5 37.5
10.5 38.5
18.5 38.5
21.5 38.5
22.5 38.5
31.5 38.5
32.5 38.5
33.5 38.5
38.5 38.5
47.5 38.5
48.5 38.5
55.5 38.5
56.5 38.5
9.5 39.5
17.5 39.5
18.5 39.5
22.5 39.5
23.5 39.5
32.5 39.5
33.5 39.5
34.5 39.5
38.5 39.5
39.5 39.5
47.5 39.5
48.5 39.5
54.5 39.5
55.5 39.5
8.5 40.5
9.5 40.5
16.5 40.5
17.5 40.5
23.5 40.5
24.5 40.5
33.5 40.5
34.5 40.5
39.5 40.5
40.5 40.5
48.5 40.5
49.5 40.5
53.5 40.5
54.5 40.5
64.5 40.5
8.5 41.5
16.5 41.5
17.5 41.5
23.5 41.5
24.5 41.5
25.5 41.5
35.5 41.5
40.5 41.5
49.5 41.5
52.5 41.5
53.5 41.5
63.5 41.5
64.5 41.5
7.5 42.5
15.5 42.5
16.5 42.5
24.5 42.5
25.5 42.5
36.5 42.5
40.5 42.5
41.5 42.5
50.5 42.5
52.5 42.5
62.5 42.5
63.5 42.5
15.5 43.5
16.5 43.5
25.5 43.5
26.5 43.5
41.5 43.5
42.5 43.5
61.5 43.5
62.5 43.5
14.5 44.5
15.5 44.5
26.5 44.5
27.5 44.5
42.5 44.5
43.5 44.5
60.5 44.5
61.5 44.5
14.5 45.5
27.5 45.5
28.5 45.5
43.5 45.5
59.5 45.5
60.5 45.5
13.5 46.5
14.5 46.5
28.5 46.5
43.5 46.5
44.5 46.5
58.5 46.5
59.5 46.5
13.5 47.5
29.5 47.5
44.5 47.5
57.5 47.5
58.5 47.5
30.5 48.5
57.5 48.5
15.5 49.5
26.5 49.5
44.5 49.5
45.5 49.5
14.5 50.5
27.5 50.5
28.5 50.5
43.5 50.5
44.5 50.5
60.5 50.5
61.5 50.5
12.5 51.5
13.5 51.5
28.5 51.5
29.5 51.5
42.5 51.5
43.5 51.5
59.5 51.5
60.5 51.5
11.5 52.5
12.5 52.5
29.5 52.5
30.5 52.5
31.5 52.5
41.5 52.5
42.5 52.5
57.5 52.5
58.5 52.5
59.5 52.5
10.5 53.5
11.5 53.5
31.5 53.5
32.5 53.5
40.5 53.5
41.5 53.5
56.5 53.5
57.5 53.5
58.5 53.5
8.5 54.5
9.5 54.5
10.5 54.5
32.5 54.5
33.5 54.5
34.5 54.5
39.5 54.5
40.5 54.5
50.5 54.5
51.5 54.5
55.5 54.5
56.5 54.5
57.5 54.5
7.5 55.5
8.5 55.5
22.5 55.5
23.5 55.5
34.5 55.5
35.5 55.5
38.5 55.5
39.5 55.5
49.5 55.5
50.5 55.5
54.5 55.5
55.5 55.5
6.5 56.5
7.5 56.5
19.5 56.5
20.5 56.5
21.5 56.5
23.5 56.5
24.5 56.5
36.5 56.5
37.5 56.5
47.5 56.5
48.5 56.5
49.5 56.5
53.5 56.5
54.5 56.5
64.5 56.5
17.5 57.5
18.5 57.5
19.5 57.5
24.5 57.5
25.5 57.5
26.5 57.5
46.5 57.5
47.5 57.5
48.5 57.5
52.5 57.5
53.5 57.5
63.5 57.5
64.5 57.5
15.5 58.5
16.5 58.5
17.5 58.5
18.5 58.5
26.5 58.5
27.5 58.5
45.5 58.5
46.5 58.5
47.5 58.5
62.5 58.5
63.5 58.5
13.5 59.5
14.5 59.5
15.5 59.5
16.5 59.5
27.5 59.5
28.5 59.5
44.5 59.5
45.5 59.5
46.5 59.5
61.5 59.5
62.5 59.5
12.5 60.5
13.5 60.5
14.5 60.5
28.5 60.5
29.5 60.5
43.5 60.5
44.5 60.5
60.5 60.5
61.5 60.5
11.5 61.5
12.5 61.5
30.5 61.5
43.5 61.5
59.5 61.5
60.5 61.5
31.5 62.5
58.5 62.5
59.5 62.5
