17.5 5.5
18.5 5.5
19.5 5.5
34.5 5.5
35.5 5.5
36.5 5.5
55.5 5.5
56.5 5.5
57.5 5.5
17.5 6.5
18.5 6.5
19.5 6.5
20.5 6.5
33.5 6.5
34.5 6.5
35.5 6.5
36.5 6.5
53.5 6.5
54.5 6.5
55.5 6.5
56.5 6.5
57.5 6.5
18.5 7.5
19.5 7.5
20.5 7.5
21.5 7.5
32.5 7.5
33.5 7.5
34.5 7.5
35.5 7.5
36.5 7.5
52.5 7.5
53.5 7.5
54.5 7.5
55.5 7.5
56.5 7.5
18.5 8.5
19.5 8.5
20.5 8.5
21.5 8.5
22.5 8.5
32.5 8.5
33.5 8.5
34.5 8.5
35.5 8.5
52.5 8.5
53.5 8.5
54.5 8.5
55.5 8.5
56.5 8.5
19.5 9.5
20.5 9.5
21.5 9.5
22.5 9.5
31.5 9.5
32.5 9.5
33.5 9.5
34.5 9.5
51.5 9.5
52.5 9.5
53.5 9.5
54.5 9.5
55.5 9.5
20.5 10.5
21.5 10.5
22.5 10.5
23.5 10.5
31.5 10.5
32.5 10.5
33.5 10.5
51.5 10.5
52.5 10.5
53.5 10.5
54.5 10.5
21.5 11.5
22.5 11.5
23.5 11.5
30.5 11.5
31.5 11.5
32.5 11.5
51.5 11.5
52.5 11.5
10.5 12.5
11.5 12.5
12.5 12.5
41.5 12.5
42.5 12.5
43.5 12.5
62.5 12.5
63.5 12.5
64.5 12.5
10.5 13.5
11.5 13.5
12.5 13.5
13.5 13.5
40.5 13.5
41.5 13.5
42.5 13.5
43.5 13.5
61.5 13.5
62.5 13.5
63.5 13.5
64.5 13.5
10.5 14.5
11.5 14.5
12.5 14.5
13.5 14.5
14.5 14.5
39.5 14.5
40.5 14.5
41.5 14.5
42.5 14.5
43.5 14.5
60.5 14.5
61.5 14.5
62.5 14.5
63.5 14.5
11.5 15.5
12.5 15.5
13.5 15.5
14.5 15.5
15.5 15.5
38.5 15.5
39.5 15.5
40.5 15.5
41.5 15.5
42.5 15.5
59.5 15.5
60.5 15.5
61.5 15.5
62.5 15.5
11.5 16.5
12.5 16.5
13.5 16.5
14.5 16.5
15.5 16.5
38.5 16.5
39.5 16.5
40.5 16.5
41.5 16.5
58.5 16.5
59.5 16.5
60.5 16.5
61.5 16.5
62.5 16.5
12.5 17.5
13.5 17.5
14.5 17.5
15.5 17.5
16.5 17.5
37.5 17.5
38.5 17.5
39.5 17.5
40.5 17.5
58.5 17.5
59.5 17.5
60.5 17.5
13.5 18.5
14.5 18.5
15.5 18.5
16.5 18.5
37.5 18.5
38.5 18.5
39.5 18.5
58.5 18.5
59.5 18.5
15.5 19.5
16.5 19.5
35.5 26.5
36.5 26.5
37.5 26.5
58.5 26.5
59.5 26.5
60.5 26.5
14.5 27.5
15.5 27.5
16.5 27.5
34.5 27.5
35.5 27.5
36.5 27.5
37.5 27.5
58.5 27.5
59.5 27.5
60.5 27.5
61.5 27.5
12.5 28.5
13.5 28.5
14.5 28.5
15.5 28.5
16.5 28.5
33.5 28.5
34.5 28.5
35.5 28.5
36.5 28.5
58.5 28.5
59.5 28.5
60.5 28.5
61.5 28.5
62.5 28.5
11.5 29.5
12.5 29.5
13.5 29.5
14.5 29.5
15.5 29.5
32.5 29.5
33.5 29.5
34.5 29.5
35.5 29.5
36.5 29.5
59.5 29.5
60.5 29.5
61.5 29.5
62.5 29.5
10.5 30.5
11.5 30.5
12.5 30.5
13.5 30.5
14.5 30.5
31.5 30.5
32.5 30.5
33.5 30.5
34.5 30.5
35.5 30.5
59.5 30.5
60.5 30.5
61.5 30.5
62.5 30.5
63.5 30.5
10.5 31.5
11.5 31.5
12.5 31.5
13.5 31.5
31.5 31.5
32.5 31.5
33.5 31.5
34.5 31.5
60.5 31.5
61.5 31.5
62.5 31.5
63.5 31.5
10.5 32.5
11.5 32.5
12.5 32.5
31.5 32.5
32.5 32.5
61.5 32.5
62.5 32.5
63.5 32.5
22.5 33.5
23.5 33.5
42.5 33.5
43.5 33.5
51.5 33.5
63.5 33.5
20.5 34.5
21.5 34.5
22.5 34.5
23.5 34.5
40.5 34.5
41.5 34.5
42.5 34.5
43.5 34.5
51.5 34.5
52.5 34.5
53.5 34.5
19.5 35.5
20.5 35.5
21.5 35.5
22.5 35.5
23.5 35.5
39.5 35.5
40.5 35.5
41.5 35.5
42.5 35.5
43.5 35.5
51.5 35.5
52.5 35.5
53.5 35.5
54.5 35.5
18.5 36.5
19.5 36.5
20.5 36.5
21.5 36.5
22.5 36.5
39.5 36.5
40.5 36.5
41.5 36.5
42.5 36.5
51.5 36.5
52.5 36.5
53.5 36.5
54.5 36.5
55.5 36.5
18.5 37.5
19.5 37.5
20.5 37.5
21.5 37.5
38.5 37.5
39.5 37.5
40.5 37.5
41.5 37.5
42.5 37.5
52.5 37.5
53.5 37.5
54.5 37.5
55.5 37.5
56.5 37.5
17.5 38.5
18.5 38.5
19.5 38.5
20.5 38.5
38.5 38.5
39.5 38.5
40.5 38.5
41.5 38.5
53.5 38.5
54.5 38.5
55.5 38.5
56.5 38.5
17.5 39.5
18.5 39.5
19.5 39.5
37.5 39.5
38.5 39.5
39.5 39.5
40.5 39.5
53.5 39.5
54.5 39.5
55.5 39.5
56.5 39.5
38.5 40.5
55.5 40.5
56.5 40.5
57.5 40.5
17.5 46.5
18.5 46.5
17.5 47.5
18.5 47.5
19.5 47.5
35.5 47.5
36.5 47.5
17.5 48.5
18.5 48.5
19.5 48.5
20.5 48.5
21.5 48.5
33.5 48.5
34.5 48.5
35.5 48.5
36.5 48.5
55.5 48.5
56.5 48.5
57.5 48.5
18.5 49.5
19.5 49.5
20.5 49.5
21.5 49.5
32.5 49.5
33.5 49.5
34.5 49.5
35.5 49.5
36.5 49.5
54.5 49.5
55.5 49.5
56.5 49.5
57.5 49.5
18.5 50.5
19.5 50.5
20.5 50.5
21.5 50.5
22.5 50.5
31.5 50.5
32.5 50.5
33.5 50.5
34.5 50.5
35.5 50.5
53.5 50.5
54.5 50.5
55.5 50.5
56.5 50.5
57.5 50.5
19.5 51.5
20.5 51.5
21.5 51.5
22.5 51.5
30.5 51.5
31.5 51.5
32.5 51.5
33.5 51.5
34.5 51.5
52.5 51.5
53.5 51.5
54.5 51.5
55.5 51.5
56.5 51.5
20.5 52.5
21.5 52.5
22.5 52.5
23.5 52.5
30.5 52.5
31.5 52.5
32.5 52.5
33.5 52.5
51.5 52.5
52.5 52.5
53.5 52.5
54.5 52.5
55.5 52.5
10.5 53.5
11.5 53.5
30.5 53.5
31.5 53.5
51.5 53.5
52.5 53.5
53.5 53.5
54.5 53.5
10.5 54.5
11.5 54.5
12.5 54.5
43.5 54.5
63.5 54.5
10.5 55.5
11.5 55.5
12.5 55.5
13.5 55.5
40.5 55.5
41.5 55.5
42.5 55.5
43.5 55.5
44.5 55.5
61.5 55.5
62.5 55.5
63.5 55.5
10.5 56.5
11.5 56.5
12.5 56.5
13.5 56.5
14.5 56.5
39.5 56.5
40.5 56.5
41.5 56.5
42.5 56.5
43.5 56.5
60.5 56.5
61.5 56.5
62.5 56.5
63.5 56.5
11.5 57.5
12.5 57.5
13.5 57.5
14.5 57.5
15.5 57.5
38.5 57.5
39.5 57.5
40.5 57.5
41.5 57.5
42.5 57.5
43.5 57.5
59.5 57.5
60.5 57.5
61.5 57.5
62.5 57.5
12.5 58.5
13.5 58.5
14.5 58.5
15.5 58.5
37.5 58.5
38.5 58.5
39.5 58.5
40.5 58.5
41.5 58.5
42.5 58.5
59.5 58.5
60.5 58.5
61.5 58.5
62.5 58.5
13.5 59.5
14.5 59.5
15.5 59.5
37.5 59.5
38.5 59.5
39.5 59.5
40.5 59.5
58.5 59.5
59.5 59.5
60.5 59.5
61.5 59.5
14.5 60.5
15.5 60.5
38.5 60.5
58.5 60.5
59.5 60.5
