13.5 5.5
29.5 5.5
30.5 5.5
45.5 5.5
46.5 5.5
57.5 5.5
58.5 5.5
12.5 6.5
30.5 6.5
31.5 6.5
46.5 6.5
47.5 6.5
56.5 6.5
57.5 6.5
11.5 7.5
12.5 7.5
31.5 7.5
32.5 7.5
48.5 7.5
55.5 7.5
11.5 8.5
32.5 8.5
33.5 8.5
10.5 9.5
11.5 9.5
34.5 9.5
40.5 9.5
10.5 10.5
41.5 10.5
42.5 10.5
62.5 10.5
63.5 10.5
64.5 10.5
17.5 11.5
24.5 11.5
25.5 11.5
42.5 11.5
43.5 11.5
61.5 11.5
62.5 11.5
63.5 11.5
16.5 12.5
17.5 12.5
25.5 12.5
26.5 12.5
27.5 12.5
43.5 12.5
60.5 12.5
61.5 12.5
15.5 13.5
16.5 13.5
26.5 13.5
27.5 13.5
28.5 13.5
44.5 13.5
15.5 14.5
28.5 14.5
14.5 15.5
46.5 19.5
47.5 19.5
59.5 19.5
47.5 20.5
48.5 20.5
57.5 20.5
58.5 20.5
59.5 20.5
12.5 21.5
13.5 21.5
28.5 21.5
29.5 21.5
48.5 21.5
49.5 21.5
56.5 21.5
57.5 21.5
58.5 21.5
11.5 22.5
12.5 22.5
27.5 22.5
28.5 22.5
49.5 22.5
56.5 22.5
57.5 22.5
10.5 23.5
11.5 23.5
25.5 23.5
26.5 23.5
27.5 23.5
9.5 24.5
10.5 24.5
25.5 24.5
26.5 24.5
34.5 25.5
40.5 25.5
41.5 25.5
42.5 25.5
64.5 25.5
17.5 26.5
18.5 26.5
33.5 26.5
34.5 26.5
41.5 26.5
42.5 26.5
43.5 26.5
63.5 26.5
64.5 26.5
16.5 27.5
17.5 27.5
32.5 27.5
33.5 27.5
43.5 27.5
44.5 27.5
62.5 27.5
63.5 27.5
14.5 28.5
15.5 28.5
16.5 28.5
31.5 28.5
32.5 28.5
44.5 28.5
45.5 28.5
61.5 28.5
62.5 28.5
14.5 29.5
31.5 29.5
45.5 34.5
59.5 34.5
13.5 35.5
14.5 35.5
30.5 35.5
45.5 35.5
46.5 35.5
47.5 35.5
58.5 35.5
59.5 35.5
12.5 36.5
13.5 36.5
30.5 36.5
31.5 36.5
46.5 36.5
47.5 36.5
48.5 36.5
57.5 36.5
58.5 36.5
11.5 37.5
12.5 37.5
31.5 37.5
47.5 37.5
48.5 37.5
56.5 37.5
57.5 37.5
10.5 38.5
11.5 38.5
31.5 38.5
32.5 38.5
48.5 38.5
49.5 38.5
56.5 38.5
9.5 39.5
32.5 39.5
55.5 39.5
32.5 40.5
33.5 40.5
39.5 40.5
64.5 40.5
18.5 41.5
19.5 41.5
25.5 41.5
39.5 41.5
40.5 41.5
62.5 41.5
63.5 41.5
64.5 41.5
17.5 42.5
18.5 42.5
26.5 42.5
40.5 42.5
41.5 42.5
61.5 42.5
62.5 42.5
63.5 42.5
16.5 43.5
17.5 43.5
26.5 43.5
27.5 43.5
40.5 43.5
41.5 43.5
42.5 43.5
60.5 43.5
61.5 43.5
15.5 44.5
27.5 44.5
41.5 44.5
42.5 44.5
60.5 44.5
27.5 45.5
28.5 45.5
42.5 45.5
43.5 45.5
13.5 50.5
59.5 50.5
12.5 51.5
29.5 51.5
44.5 51.5
58.5 51.5
59.5 51.5
10.5 52.5
11.5 52.5
12.5 52.5
29.5 52.5
30.5 52.5
44.5 52.5
45.5 52.5
57.5 52.5
58.5 52.5
9.5 53.5
10.5 53.5
30.5 53.5
31.5 53.5
45.5 53.5
46.5 53.5
56.5 53.5
57.5 53.5
8.5 54.5
9.5 54.5
31.5 54.5
32.5 54.5
46.5 54.5
47.5 54.5
55.5 54.5
56.5 54.5
47.5 55.5
48.5 55.5
55.5 55.5
25.5 56.5
64.5 56.5
16.5 57.5
17.5 57.5
18.5 57.5
25.5 57.5
26.5 57.5
38.5 57.5
39.5 57.5
63.5 57.5
64.5 57.5
15.5 58.5
16.5 58.5
17.5 58.5
26.5 58.5
39.5 58.5
40.5 58.5
41.5 58.5
62.5 58.5
63.5 58.5
14.5 59.5
15.5 59.5
16.5 59.5
26.5 59.5
27.5 59.5
41.5 59.5
42.5 59.5
61.5 59.5
62.5 59.5
13.5 60.5
14.5 60.5
27.5 60.5
43.5 60.5
60.5 60.5
61.5 60.5
