11.5 5.5
24.5 5.5
25.5 5.5
38.5 5.5
47.5 5.5
60.5 5.5
10.5 6.5
11.5 6.5
24.5 6.5
38.5 6.5
47.5 6.5
54.5 6.5
59.5 6.5
9.5 7.5
10.5 7.5
23.5 7.5
30.5 7.5
33.5 7.5
39.5 7.5
46.5 7.5
53.5 7.5
59.5 7.5
9.5 8.5
23.5 8.5
29.5 8.5
33.5 8.5
40.5 8.5
53.5 8.5
58.5 8.5
59.5 8.5
8.5 9.5
17.5 9.5
18.5 9.5
22.5 9.5
29.5 9.5
34.5 9.5
40.5 9.5
45.5 9.5
52.5 9.5
58.5 9.5
7.5 10.5
16.5 10.5
17.5 10.5
22.5 10.5
29.5 10.5
34.5 10.5
41.5 10.5
44.5 10.5
51.5 10.5
52.5 10.5
57.5 10.5
58.5 10.5
64.5 10.5
6.5 11.5
16.5 11.5
21.5 11.5
28.5 11.5
34.5 11.5
41.5 11.5
44.5 11.5
51.5 11.5
57.5 11.5
64.5 11.5
15.5 12.5
28.5 12.5
35.5 12.5
42.5 12.5
50.5 12.5
51.5 12.5
63.5 12.5
14.5 13.5
20.5 13.5
27.5 13.5
35.5 13.5
50.5 13.5
63.5 13.5
13.5 14.5
27.5 14.5
35.5 14.5
36.5 14.5
49.5 14.5
50.5 14.5
62.5 14.5
12.5 15.5
13.5 15.5
27.5 15.5
36.5 15.5
49.5 15.5
62.5 15.5
11.5 16.5
12.5 16.5
26.5 16.5
36.5 16.5
48.5 16.5
61.5 16.5
26.5 17.5
48.5 17.5
61.5 17.5
11.5 18.5
25.5 18.5
36.5 18.5
37.5 18.5
48.5 18.5
12.5 19.5
25.5 19.5
37.5 19.5
49.5 19.5
62.5 19.5
12.5 20.5
13.5 20.5
26.5 20.5
37.5 20.5
49.5 20.5
50.5 20.5
63.5 20.5
13.5 21.5
14.5 21.5
25.5 21.5
38.5 21.5
50.5 21.5
63.5 21.5
14.5 22.5
15.5 22.5
24.5 22.5
38.5 22.5
50.5 22.5
51.5 22.5
56.5 22.5
63.5 22.5
7.5 23.5
15.5 23.5
16.5 23.5
23.5 23.5
38.5 23.5
39.5 23.5
44.5 23.5
51.5 23.5
57.5 23.5
64.5 23.5
8.5 24.5
16.5 24.5
17.5 24.5
22.5 24.5
39.5 24.5
51.5 24.5
52.5 24.5
57.5 24.5
64.5 24.5
8.5 25.5
9.5 25.5
18.5 25.5
21.5 25.5
29.5 25.5
30.5 25.5
32.5 25.5
39.5 25.5
40.5 25.5
45.5 25.5
52.5 25.5
58.5 25.5
9.5 26.5
19.5 26.5
21.5 26.5
28.5 26.5
29.5 26.5
33.5 26.5
40.5 26.5
45.5 26.5
53.5 26.5
58.5 26.5
10.5 27.5
20.5 27.5
27.5 27.5
28.5 27.5
34.5 27.5
40.5 27.5
46.5 27.5
53.5 27.5
59.5 27.5
10.5 28.5
11.5 28.5
26.5 28.5
27.5 28.5
34.5 28.5
35.5 28.5
41.5 28.5
46.5 28.5
59.5 28.5
60.5 28.5
11.5 29.5
26.5 29.5
35.5 29.5
47.5 29.5
60.5 29.5
12.5 30.5
25.5 30.5
36.5 30.5
47.5 30.5
60.5 30.5
12.5 31.5
24.5 31.5
37.5 31.5
47.5 31.5
61.5 31.5
13.5 32.5
14.5 32.5
23.5 32.5
37.5 32.5
48.5 32.5
61.5 32.5
25.5 33.5
38.5 33.5
48.5 33.5
58.5 33.5
62.5 33.5
13.5 34.5
25.5 34.5
39.5 34.5
48.5 34.5
59.5 34.5
60.5 34.5
12.5 35.5
24.5 35.5
37.5 35.5
48.5 35.5
60.5 35.5
61.5 35.5
11.5 36.5
23.5 36.5
24.5 36.5
36.5 36.5
37.5 36.5
49.5 36.5
61.5 36.5
62.5 36.5
10.5 37.5
11.5 37.5
17.5 37.5
23.5 37.5
36.5 37.5
49.5 37.5
50.5 37.5
54.5 37.5
63.5 37.5
10.5 38.5
17.5 38.5
22.5 38.5
23.5 38.5
31.5 38.5
35.5 38.5
36.5 38.5
50.5 38.5
55.5 38.5
64.5 38.5
9.5 39.5
16.5 39.5
22.5 39.5
30.5 39.5
35.5 39.5
42.5 39.5
43.5 39.5
51.5 39.5
56.5 39.5
8.5 40.5
16.5 40.5
21.5 40.5
22.5 40.5
29.5 40.5
30.5 40.5
34.5 40.5
35.5 40.5
41.5 40.5
44.5 40.5
51.5 40.5
56.5 40.5
57.5 40.5
8.5 41.5
15.5 41.5
21.5 41.5
29.5 41.5
34.5 41.5
45.5 41.5
52.5 41.5
57.5 41.5
58.5 41.5
7.5 42.5
15.5 42.5
28.5 42.5
40.5 42.5
45.5 42.5
46.5 42.5
58.5 42.5
59.5 42.5
6.5 43.5
14.5 43.5
20.5 43.5
27.5 43.5
33.5 43.5
39.5 43.5
46.5 43.5
47.5 43.5
53.5 43.5
59.5 43.5
60.5 43.5
14.5 44.5
26.5 44.5
27.5 44.5
39.5 44.5
47.5 44.5
60.5 44.5
13.5 45.5
26.5 45.5
38.5 45.5
48.5 45.5
61.5 45.5
13.5 46.5
25.5 46.5
37.5 46.5
49.5 46.5
60.5 46.5
62.5 46.5
12.5 47.5
24.5 47.5
50.5 47.5
63.5 47.5
12.5 48.5
25.5 48.5
37.5 48.5
47.5 48.5
61.5 48.5
13.5 49.5
25.5 49.5
38.5 49.5
48.5 49.5
61.5 49.5
62.5 49.5
12.5 50.5
13.5 50.5
25.5 50.5
26.5 50.5
38.5 50.5
49.5 50.5
62.5 50.5
12.5 51.5
26.5 51.5
39.5 51.5
49.5 51.5
62.5 51.5
63.5 51.5
11.5 52.5
26.5 52.5
32.5 52.5
39.5 52.5
50.5 52.5
63.5 52.5
10.5 53.5
26.5 53.5
27.5 53.5
32.5 53.5
40.5 53.5
44.5 53.5
51.5 53.5
55.5 53.5
63.5 53.5
64.5 53.5
9.5 54.5
18.5 54.5
27.5 54.5
33.5 54.5
40.5 54.5
45.5 54.5
51.5 54.5
56.5 54.5
64.5 54.5
8.5 55.5
17.5 55.5
20.5 55.5
27.5 55.5
33.5 55.5
34.5 55.5
45.5 55.5
52.5 55.5
57.5 55.5
64.5 55.5
7.5 56.5
16.5 56.5
17.5 56.5
21.5 56.5
27.5 56.5
28.5 56.5
34.5 56.5
41.5 56.5
46.5 56.5
53.5 56.5
57.5 56.5
15.5 57.5
16.5 57.5
21.5 57.5
28.5 57.5
34.5 57.5
35.5 57.5
46.5 57.5
58.5 57.5
14.5 58.5
15.5 58.5
22.5 58.5
28.5 58.5
35.5 58.5
42.5 58.5
47.5 58.5
59.5 58.5
14.5 59.5
22.5 59.5
35.5 59.5
36.5 59.5
47.5 59.5
59.5 59.5
60.5 59.5
13.5 60.5
23.5 60.5
36.5 60.5
48.5 60.5
60.5 60.5
12.5 61.5
23.5 61.5
36.5 61.5
37.5 61.5
48.5 61.5
61.5 61.5
11.5 62.5
24.5 62.5
37.5 62.5
49.5 62.5
62.5 62.5
24.5 63.5
38.5 63.5
