12.5 5.5
23.5 5.5
30.5 5.5
42.5 5.5
62.5 5.5
13.5 6.5
24.5 6.5
29.5 6.5
43.5 6.5
52.5 6.5
63.5 6.5
13.5 7.5
43.5 7.5
53.5 7.5
64.5 7.5
19.5 8.5
35.5 8.5
44.5 8.5
54.5 8.5
8.5 9.5
20.5 9.5
34.5 9.5
59.5 9.5
9.5 10.5
20.5 10.5
34.5 10.5
40.5 10.5
49.5 10.5
59.5 10.5
10.5 11.5
21.5 11.5
33.5 11.5
40.5 11.5
50.5 11.5
60.5 11.5
10.5 12.5
51.5 12.5
61.5 12.5
23.5 16.5
31.5 16.5
12.5 17.5
23.5 17.5
31.5 17.5
43.5 17.5
51.5 17.5
61.5 17.5
24.5 18.5
31.5 18.5
50.5 18.5
60.5 18.5
13.5 19.5
30.5 19.5
44.5 19.5
49.5 19.5
45.5 20.5
19.5 21.5
55.5 21.5
64.5 21.5
9.5 22.5
19.5 22.5
20.5 22.5
40.5 22.5
54.5 22.5
64.5 22.5
10.5 23.5
20.5 23.5
21.5 23.5
34.5 23.5
41.5 23.5
53.5 23.5
33.5 24.5
42.5 24.5
10.5 28.5
21.5 29.5
43.5 29.5
54.5 29.5
64.5 29.5
9.5 30.5
20.5 30.5
31.5 30.5
43.5 30.5
54.5 30.5
8.5 31.5
20.5 31.5
30.5 31.5
44.5 31.5
8.5 32.5
44.5 32.5
55.5 32.5
14.5 33.5
25.5 33.5
60.5 33.5
13.5 34.5
24.5 34.5
34.5 34.5
39.5 34.5
50.5 34.5
60.5 34.5
12.5 35.5
23.5 35.5
33.5 35.5
40.5 35.5
50.5 35.5
61.5 35.5
11.5 36.5
41.5 37.5
51.5 37.5
23.5 40.5
31.5 40.5
11.5 41.5
31.5 41.5
62.5 41.5
12.5 42.5
24.5 42.5
30.5 42.5
41.5 42.5
51.5 42.5
63.5 42.5
12.5 43.5
13.5 43.5
24.5 43.5
30.5 43.5
40.5 43.5
50.5 43.5
63.5 43.5
13.5 44.5
29.5 44.5
40.5 44.5
64.5 44.5
19.5 45.5
35.5 45.5
64.5 45.5
19.5 46.5
34.5 46.5
45.5 46.5
54.5 46.5
59.5 46.5
8.5 47.5
20.5 47.5
33.5 47.5
34.5 47.5
44.5 47.5
54.5 47.5
9.5 48.5
20.5 48.5
33.5 48.5
43.5 48.5
54.5 48.5
60.5 48.5
32.5 49.5
32.5 53.5
44.5 53.5
53.5 53.5
20.5 54.5
31.5 54.5
44.5 54.5
62.5 54.5
9.5 55.5
19.5 55.5
30.5 55.5
45.5 55.5
54.5 55.5
18.5 56.5
29.5 56.5
45.5 56.5
50.5 56.5
55.5 56.5
63.5 56.5
8.5 57.5
50.5 57.5
13.5 58.5
24.5 58.5
35.5 58.5
40.5 58.5
51.5 58.5
59.5 58.5
13.5 59.5
23.5 59.5
34.5 59.5
41.5 59.5
51.5 59.5
60.5 59.5
12.5 60.5
33.5 60.5
42.5 60.5
