4.5 26.5
4.5 37.5
4.5 50.5
4.5 62.5
5.5 13.5
5.5 26.5
5.5 36.5
5.5 37.5
5.5 50.5
5.5 51.5
5.5 61.5
6.5 13.5
6.5 14.5
6.5 27.5
6.5 36.5
6.5 51.5
6.5 52.5
6.5 60.5
6.5 61.5
7.5 14.5
7.5 28.5
7.5 35.5
7.5 36.5
7.5 52.5
7.5 60.5
8.5 14.5
8.5 15.5
8.5 28.5
8.5 34.5
8.5 35.5
8.5 53.5
8.5 59.5
8.5 67.5
9.5 15.5
9.5 16.5
9.5 29.5
9.5 34.5
9.5 41.5
9.5 46.5
9.5 53.5
9.5 54.5
9.5 59.5
9.5 66.5
10.5 15.5
10.5 16.5
10.5 22.5
10.5 29.5
10.5 41.5
10.5 46.5
10.5 47.5
10.5 58.5
10.5 65.5
10.5 66.5
11.5 9.5
11.5 16.5
11.5 22.5
11.5 23.5
11.5 40.5
11.5 47.5
11.5 65.5
12.5 10.5
12.5 23.5
12.5 24.5
12.5 40.5
12.5 47.5
12.5 48.5
12.5 64.5
12.5 65.5
13.5 10.5
13.5 23.5
13.5 24.5
13.5 39.5
13.5 40.5
13.5 48.5
13.5 63.5
13.5 64.5
14.5 11.5
14.5 24.5
14.5 25.5
14.5 39.5
14.5 48.5
14.5 49.5
14.5 63.5
15.5 12.5
15.5 24.5
15.5 25.5
15.5 38.5
15.5 39.5
15.5 49.5
16.5 12.5
16.5 25.5
16.5 38.5
19.5 63.5
20.5 12.5
20.5 25.5
20.5 38.5
20.5 50.5
20.5 63.5
20.5 64.5
21.5 12.5
21.5 24.5
21.5 25.5
21.5 38.5
21.5 51.5
21.5 64.5
22.5 11.5
22.5 23.5
22.5 24.5
22.5 39.5
22.5 51.5
22.5 52.5
22.5 64.5
22.5 65.5
23.5 10.5
23.5 22.5
23.5 23.5
23.5 39.5
23.5 40.5
23.5 52.5
23.5 65.5
23.5 66.5
24.5 10.5
24.5 21.5
24.5 22.5
24.5 34.5
24.5 40.5
24.5 52.5
24.5 53.5
24.5 58.5
24.5 66.5
25.5 9.5
25.5 16.5
25.5 20.5
25.5 21.5
25.5 29.5
25.5 34.5
25.5 41.5
25.5 45.5
25.5 53.5
25.5 59.5
25.5 66.5
26.5 15.5
26.5 16.5
26.5 28.5
26.5 29.5
26.5 34.5
26.5 35.5
26.5 41.5
26.5 46.5
26.5 54.5
26.5 59.5
26.5 60.5
27.5 14.5
27.5 15.5
27.5 28.5
27.5 35.5
27.5 46.5
27.5 47.5
27.5 60.5
28.5 13.5
28.5 14.5
28.5 27.5
28.5 28.5
28.5 35.5
28.5 36.5
28.5 47.5
28.5 48.5
28.5 60.5
28.5 61.5
29.5 13.5
29.5 26.5
29.5 27.5
29.5 36.5
29.5 48.5
29.5 61.5
30.5 12.5
30.5 26.5
30.5 36.5
30.5 49.5
30.5 61.5
30.5 62.5
31.5 26.5
31.5 36.5
31.5 37.5
31.5 50.5
31.5 62.5
32.5 37.5
34.5 13.5
35.5 12.5
35.5 25.5
35.5 49.5
35.5 62.5
36.5 12.5
36.5 24.5
36.5 37.5
36.5 50.5
36.5 51.5
36.5 63.5
37.5 11.5
37.5 12.5
37.5 24.5
37.5 36.5
37.5 51.5
37.5 52.5
37.5 64.5
38.5 11.5
38.5 23.5
38.5 24.5
38.5 35.5
38.5 36.5
38.5 52.5
38.5 53.5
38.5 64.5
38.5 65.5
39.5 10.5
39.5 11.5
39.5 17.5
39.5 23.5
39.5 34.5
39.5 35.5
39.5 45.5
39.5 53.5
39.5 54.5
39.5 65.5
40.5 10.5
40.5 17.5
40.5 22.5
40.5 23.5
40.5 34.5
40.5 41.5
40.5 45.5
40.5 46.5
40.5 58.5
40.5 66.5
41.5 16.5
41.5 22.5
41.5 33.5
41.5 40.5
41.5 46.5
41.5 47.5
41.5 59.5
42.5 16.5
42.5 22.5
42.5 29.5
42.5 39.5
42.5 40.5
42.5 46.5
42.5 47.5
42.5 60.5
43.5 16.5
43.5 28.5
43.5 39.5
43.5 47.5
43.5 48.5
43.5 61.5
44.5 15.5
44.5 27.5
44.5 38.5
44.5 39.5
44.5 48.5
44.5 62.5
45.5 15.5
45.5 26.5
45.5 38.5
45.5 49.5
46.5 15.5
46.5 26.5
49.5 49.5
49.5 61.5
50.5 37.5
50.5 49.5
50.5 60.5
50.5 61.5
51.5 13.5
51.5 26.5
51.5 36.5
51.5 48.5
51.5 60.5
52.5 12.5
52.5 13.5
52.5 26.5
52.5 27.5
52.5 35.5
52.5 36.5
52.5 47.5
52.5 48.5
52.5 59.5
52.5 60.5
53.5 12.5
53.5 26.5
53.5 27.5
53.5 35.5
53.5 47.5
53.5 59.5
53.5 60.5
54.5 11.5
54.5 27.5
54.5 34.5
54.5 46.5
54.5 53.5
54.5 59.5
55.5 10.5
55.5 27.5
55.5 28.5
55.5 34.5
55.5 46.5
55.5 52.5
55.5 58.5
55.5 59.5
56.5 10.5
56.5 18.5
56.5 28.5
56.5 33.5
56.5 41.5
56.5 45.5
56.5 52.5
56.5 58.5
56.5 66.5
57.5 17.5
57.5 22.5
57.5 28.5
57.5 40.5
57.5 52.5
57.5 65.5
57.5 66.5
58.5 15.5
58.5 16.5
58.5 22.5
58.5 23.5
58.5 39.5
58.5 40.5
58.5 51.5
58.5 52.5
58.5 64.5
58.5 65.5
59.5 14.5
59.5 15.5
59.5 23.5
59.5 38.5
59.5 39.5
59.5 51.5
59.5 64.5
60.5 14.5
60.5 24.5
60.5 37.5
60.5 38.5
60.5 51.5
60.5 63.5
60.5 64.5
61.5 13.5
61.5 24.5
61.5 37.5
61.5 50.5
61.5 63.5
62.5 25.5
62.5 50.5
62.5 62.5
