2.5 52.5
2.5 62.5
3.5 12.5
4.5 31.5
4.5 42.5
4.5 51.5
4.5 61.5
5.5 11.5
5.5 32.5
5.5 33.5
5.5 51.5
6.5 10.5
6.5 21.5
6.5 34.5
6.5 35.5
6.5 41.5
6.5 46.5
6.5 56.5
6.5 60.5
6.5 67.5
7.5 10.5
7.5 36.5
7.5 50.5
7.5 60.5
7.5 67.5
8.5 9.5
8.5 20.5
8.5 29.5
8.5 38.5
8.5 45.5
8.5 50.5
8.5 55.5
8.5 59.5
8.5 66.5
9.5 16.5
9.5 30.5
9.5 39.5
9.5 45.5
9.5 55.5
9.5 59.5
9.5 65.5
10.5 8.5
10.5 15.5
10.5 19.5
10.5 25.5
10.5 44.5
10.5 65.5
11.5 14.5
11.5 24.5
11.5 44.5
11.5 54.5
11.5 64.5
12.5 43.5
12.5 54.5
13.5 23.5
13.5 43.5
14.5 53.5
14.5 63.5
15.5 12.5
15.5 24.5
15.5 64.5
16.5 13.5
16.5 24.5
16.5 64.5
17.5 13.5
17.5 25.5
17.5 34.5
17.5 42.5
17.5 54.5
17.5 65.5
18.5 14.5
18.5 25.5
18.5 41.5
18.5 55.5
18.5 66.5
19.5 15.5
19.5 20.5
19.5 30.5
19.5 35.5
19.5 40.5
19.5 56.5
19.5 67.5
20.5 20.5
20.5 26.5
20.5 39.5
20.5 50.5
20.5 60.5
21.5 9.5
21.5 16.5
21.5 31.5
21.5 36.5
21.5 38.5
21.5 46.5
21.5 51.5
21.5 57.5
21.5 61.5
22.5 10.5
22.5 17.5
22.5 21.5
22.5 31.5
22.5 45.5
22.5 52.5
23.5 10.5
23.5 32.5
23.5 44.5
23.5 62.5
24.5 11.5
24.5 22.5
24.5 32.5
24.5 43.5
24.5 53.5
24.5 63.5
25.5 22.5
25.5 54.5
26.5 12.5
26.5 53.5
27.5 53.5
27.5 63.5
28.5 22.5
28.5 32.5
28.5 43.5
29.5 12.5
29.5 21.5
29.5 31.5
29.5 54.5
29.5 64.5
30.5 13.5
30.5 31.5
30.5 44.5
30.5 65.5
31.5 20.5
31.5 26.5
31.5 30.5
31.5 39.5
31.5 45.5
31.5 55.5
31.5 59.5
32.5 14.5
32.5 19.5
32.5 25.5
32.5 30.5
32.5 36.5
32.5 50.5
32.5 55.5
32.5 60.5
32.5 66.5
33.5 8.5
33.5 15.5
33.5 25.5
33.5 29.5
33.5 40.5
33.5 46.5
33.5 50.5
33.5 60.5
34.5 9.5
34.5 24.5
34.5 35.5
34.5 61.5
35.5 10.5
35.5 28.5
35.5 34.5
35.5 41.5
35.5 51.5
35.5 62.5
36.5 11.5
36.5 23.5
36.5 34.5
37.5 12.5
37.5 33.5
37.5 42.5
37.5 52.5
37.5 63.5
38.5 13.5
38.5 22.5
38.5 33.5
39.5 11.5
39.5 32.5
40.5 52.5
40.5 62.5
41.5 22.5
41.5 43.5
41.5 63.5
42.5 13.5
42.5 21.5
42.5 44.5
42.5 51.5
43.5 14.5
43.5 20.5
43.5 50.5
43.5 58.5
43.5 64.5
44.5 8.5
44.5 15.5
44.5 27.5
44.5 30.5
44.5 37.5
44.5 39.5
44.5 45.5
44.5 55.5
44.5 65.5
45.5 9.5
45.5 16.5
45.5 19.5
45.5 26.5
45.5 29.5
45.5 49.5
45.5 59.5
45.5 65.5
46.5 9.5
46.5 18.5
46.5 25.5
46.5 54.5
46.5 66.5
47.5 10.5
47.5 24.5
47.5 35.5
47.5 41.5
47.5 54.5
47.5 60.5
48.5 11.5
48.5 23.5
48.5 34.5
48.5 42.5
49.5 11.5
49.5 22.5
49.5 33.5
49.5 53.5
49.5 61.5
50.5 12.5
50.5 32.5
50.5 43.5
50.5 53.5
51.5 32.5
51.5 62.5
52.5 13.5
52.5 23.5
53.5 12.5
53.5 33.5
53.5 43.5
53.5 63.5
54.5 11.5
54.5 24.5
54.5 34.5
54.5 44.5
54.5 52.5
55.5 16.5
55.5 18.5
55.5 25.5
55.5 34.5
55.5 51.5
55.5 62.5
56.5 8.5
56.5 15.5
56.5 19.5
56.5 35.5
56.5 45.5
57.5 7.5
57.5 26.5
57.5 30.5
57.5 39.5
57.5 46.5
57.5 50.5
57.5 61.5
57.5 66.5
58.5 14.5
58.5 20.5
58.5 36.5
58.5 40.5
58.5 49.5
58.5 58.5
58.5 66.5
59.5 13.5
59.5 21.5
59.5 31.5
59.5 41.5
59.5 56.5
59.5 60.5
60.5 42.5
60.5 54.5
60.5 65.5
61.5 22.5
61.5 32.5
61.5 52.5
61.5 65.5
62.5 11.5
62.5 23.5
