6.5 59.5
7.5 17.5
7.5 18.5
7.5 40.5
7.5 60.5
8.5 15.5
8.5 16.5
8.5 17.5
8.5 41.5
8.5 60.5
8.5 61.5
9.5 14.5
9.5 15.5
9.5 41.5
9.5 42.5
9.5 61.5
9.5 62.5
10.5 13.5
10.5 14.5
10.5 42.5
10.5 62.5
10.5 63.5
11.5 12.5
11.5 42.5
11.5 43.5
11.5 64.5
12.5 43.5
13.5 52.5
14.5 23.5
14.5 24.5
14.5 33.5
14.5 53.5
15.5 22.5
15.5 23.5
15.5 33.5
15.5 34.5
15.5 53.5
15.5 54.5
16.5 21.5
16.5 22.5
16.5 34.5
16.5 54.5
16.5 55.5
17.5 20.5
17.5 21.5
17.5 35.5
17.5 55.5
17.5 56.5
18.5 19.5
18.5 20.5
18.5 35.5
18.5 36.5
18.5 56.5
19.5 36.5
26.5 18.5
27.5 19.5
27.5 56.5
27.5 57.5
28.5 20.5
28.5 35.5
28.5 36.5
28.5 55.5
28.5 56.5
29.5 21.5
29.5 34.5
29.5 35.5
29.5 54.5
29.5 55.5
30.5 22.5
30.5 33.5
30.5 53.5
30.5 54.5
31.5 23.5
31.5 32.5
31.5 52.5
31.5 53.5
32.5 31.5
32.5 52.5
33.5 12.5
33.5 64.5
34.5 13.5
34.5 43.5
34.5 63.5
35.5 13.5
35.5 14.5
35.5 42.5
35.5 43.5
35.5 62.5
36.5 14.5
36.5 15.5
36.5 40.5
36.5 41.5
36.5 61.5
36.5 62.5
37.5 15.5
37.5 16.5
37.5 39.5
37.5 40.5
37.5 60.5
37.5 61.5
38.5 16.5
38.5 38.5
38.5 59.5
38.5 60.5
46.5 38.5
47.5 16.5
47.5 39.5
47.5 60.5
48.5 15.5
48.5 40.5
48.5 61.5
49.5 14.5
49.5 41.5
49.5 61.5
49.5 62.5
50.5 13.5
50.5 42.5
50.5 62.5
50.5 63.5
51.5 12.5
51.5 43.5
51.5 63.5
51.5 64.5
52.5 11.5
52.5 64.5
53.5 23.5
53.5 32.5
53.5 65.5
54.5 22.5
54.5 23.5
54.5 32.5
54.5 33.5
54.5 52.5
54.5 53.5
55.5 21.5
55.5 22.5
55.5 33.5
55.5 34.5
55.5 53.5
55.5 54.5
56.5 20.5
56.5 21.5
56.5 34.5
56.5 35.5
56.5 54.5
56.5 55.5
57.5 19.5
57.5 20.5
57.5 35.5
57.5 55.5
57.5 56.5
58.5 19.5
58.5 36.5
58.5 56.5
58.5 57.5
59.5 18.5
59.5 37.5
59.5 57.5
59.5 58.5
