4.5 33.5
5.5 23.5
5.5 32.5
5.5 33.5
5.5 64.5
5.5 65.5
6.5 13.5
6.5 23.5
6.5 24.5
6.5 31.5
6.5 32.5
6.5 33.5
6.5 42.5
6.5 51.5
6.5 52.5
6.5 64.5
6.5 65.5
6.5 66.5
7.5 13.5
7.5 23.5
7.5 24.5
7.5 25.5
7.5 31.5
7.5 32.5
7.5 42.5
7.5 51.5
7.5 52.5
7.5 65.5
7.5 66.5
7.5 67.5
8.5 13.5
8.5 24.5
8.5 25.5
8.5 31.5
8.5 32.5
8.5 41.5
8.5 42.5
8.5 50.5
8.5 51.5
8.5 65.5
8.5 66.5
8.5 67.5
9.5 13.5
9.5 14.5
9.5 25.5
9.5 41.5
9.5 42.5
9.5 50.5
9.5 66.5
9.5 67.5
10.5 9.5
10.5 19.5
10.5 36.5
10.5 37.5
10.5 41.5
10.5 56.5
11.5 9.5
11.5 10.5
11.5 19.5
11.5 20.5
11.5 36.5
11.5 37.5
11.5 45.5
11.5 46.5
11.5 55.5
11.5 56.5
11.5 61.5
11.5 62.5
12.5 9.5
12.5 10.5
12.5 19.5
12.5 20.5
12.5 21.5
12.5 35.5
12.5 36.5
12.5 44.5
12.5 45.5
12.5 54.5
12.5 55.5
12.5 56.5
12.5 61.5
12.5 62.5
13.5 10.5
13.5 20.5
13.5 21.5
13.5 22.5
13.5 35.5
13.5 36.5
13.5 44.5
13.5 45.5
13.5 54.5
13.5 55.5
13.5 56.5
13.5 62.5
13.5 63.5
14.5 10.5
14.5 21.5
14.5 22.5
14.5 35.5
14.5 44.5
14.5 54.5
14.5 55.5
14.5 63.5
15.5 64.5
20.5 10.5
20.5 23.5
20.5 34.5
20.5 44.5
20.5 52.5
20.5 53.5
21.5 10.5
21.5 23.5
21.5 24.5
21.5 34.5
21.5 35.5
21.5 44.5
21.5 45.5
21.5 52.5
21.5 53.5
21.5 65.5
21.5 66.5
22.5 9.5
22.5 10.5
22.5 23.5
22.5 24.5
22.5 25.5
22.5 34.5
22.5 35.5
22.5 44.5
22.5 45.5
22.5 51.5
22.5 52.5
22.5 65.5
22.5 66.5
23.5 9.5
23.5 10.5
23.5 24.5
23.5 25.5
23.5 35.5
23.5 36.5
23.5 44.5
23.5 45.5
23.5 51.5
23.5 52.5
23.5 65.5
23.5 66.5
24.5 9.5
24.5 10.5
24.5 25.5
24.5 26.5
24.5 36.5
24.5 45.5
24.5 50.5
24.5 51.5
24.5 65.5
24.5 66.5
24.5 67.5
25.5 31.5
25.5 66.5
26.5 13.5
26.5 14.5
26.5 19.5
26.5 20.5
26.5 31.5
26.5 32.5
26.5 40.5
26.5 41.5
26.5 56.5
26.5 61.5
27.5 13.5
27.5 14.5
27.5 19.5
27.5 20.5
27.5 31.5
27.5 32.5
27.5 40.5
27.5 41.5
27.5 55.5
27.5 56.5
27.5 61.5
27.5 62.5
28.5 13.5
28.5 14.5
28.5 19.5
28.5 20.5
28.5 21.5
28.5 31.5
28.5 32.5
28.5 41.5
28.5 42.5
28.5 54.5
28.5 55.5
28.5 56.5
28.5 61.5
28.5 62.5
29.5 13.5
29.5 20.5
29.5 21.5
29.5 32.5
29.5 41.5
29.5 42.5
29.5 54.5
29.5 55.5
29.5 62.5
30.5 13.5
30.5 21.5
30.5 54.5
30.5 62.5
30.5 63.5
35.5 33.5
35.5 43.5
36.5 11.5
36.5 12.5
36.5 23.5
36.5 33.5
36.5 34.5
36.5 43.5
36.5 44.5
36.5 51.5
36.5 52.5
36.5 64.5
37.5 11.5
37.5 12.5
37.5 23.5
37.5 24.5
37.5 33.5
37.5 34.5
37.5 43.5
37.5 44.5
37.5 51.5
37.5 52.5
37.5 64.5
37.5 65.5
38.5 10.5
38.5 11.5
38.5 23.5
38.5 24.5
38.5 34.5
38.5 44.5
38.5 45.5
38.5 50.5
38.5 51.5
38.5 65.5
38.5 66.5
39.5 10.5
39.5 11.5
39.5 23.5
39.5 24.5
39.5 34.5
39.5 44.5
39.5 45.5
39.5 50.5
39.5 51.5
39.5 65.5
39.5 66.5
40.5 10.5
40.5 24.5
40.5 39.5
40.5 40.5
40.5 50.5
40.5 66.5
41.5 19.5
41.5 29.5
41.5 30.5
41.5 39.5
41.5 40.5
41.5 55.5
41.5 56.5
41.5 61.5
42.5 14.5
42.5 15.5
42.5 19.5
42.5 29.5
42.5 30.5
42.5 39.5
42.5 40.5
42.5 41.5
42.5 54.5
42.5 55.5
42.5 56.5
42.5 61.5
42.5 62.5
43.5 14.5
43.5 19.5
43.5 20.5
43.5 29.5
43.5 30.5
43.5 31.5
43.5 40.5
43.5 41.5
43.5 54.5
43.5 55.5
43.5 61.5
43.5 62.5
44.5 13.5
44.5 14.5
44.5 19.5
44.5 20.5
44.5 30.5
44.5 31.5
44.5 40.5
44.5 41.5
44.5 53.5
44.5 54.5
44.5 55.5
44.5 62.5
44.5 63.5
45.5 13.5
45.5 14.5
45.5 20.5
45.5 30.5
45.5 31.5
45.5 53.5
45.5 54.5
45.5 63.5
46.5 20.5
46.5 21.5
51.5 12.5
51.5 30.5
51.5 31.5
51.5 41.5
51.5 42.5
51.5 51.5
51.5 52.5
51.5 64.5
51.5 65.5
52.5 11.5
52.5 12.5
52.5 22.5
52.5 23.5
52.5 30.5
52.5 31.5
52.5 40.5
52.5 41.5
52.5 51.5
52.5 52.5
52.5 64.5
52.5 65.5
53.5 11.5
53.5 12.5
53.5 22.5
53.5 23.5
53.5 29.5
53.5 30.5
53.5 40.5
53.5 41.5
53.5 51.5
53.5 52.5
53.5 64.5
53.5 65.5
54.5 11.5
54.5 23.5
54.5 24.5
54.5 29.5
54.5 30.5
54.5 40.5
54.5 41.5
54.5 51.5
54.5 52.5
54.5 64.5
54.5 65.5
55.5 11.5
55.5 24.5
55.5 29.5
55.5 40.5
55.5 46.5
55.5 51.5
55.5 65.5
56.5 34.5
56.5 35.5
56.5 45.5
56.5 46.5
56.5 56.5
56.5 60.5
57.5 15.5
57.5 19.5
57.5 20.5
57.5 34.5
57.5 35.5
57.5 45.5
57.5 46.5
57.5 55.5
57.5 56.5
57.5 60.5
57.5 61.5
58.5 14.5
58.5 15.5
58.5 20.5
58.5 21.5
58.5 33.5
58.5 34.5
58.5 35.5
58.5 45.5
58.5 46.5
58.5 55.5
58.5 60.5
58.5 61.5
59.5 14.5
59.5 20.5
59.5 21.5
59.5 33.5
59.5 34.5
59.5 44.5
59.5 45.5
59.5 54.5
59.5 55.5
59.5 61.5
59.5 62.5
60.5 13.5
60.5 14.5
60.5 21.5
60.5 33.5
60.5 34.5
60.5 54.5
60.5 61.5
60.5 62.5
61.5 62.5
