3.5 63.5
4.5 15.5
4.5 46.5
4.5 62.5
5.5 14.5
5.5 29.5
5.5 30.5
5.5 45.5
5.5 60.5
5.5 61.5
6.5 13.5
6.5 14.5
6.5 30.5
6.5 31.5
6.5 32.5
6.5 44.5
6.5 59.5
6.5 60.5
7.5 12.5
7.5 13.5
7.5 32.5
7.5 33.5
7.5 34.5
7.5 43.5
7.5 44.5
7.5 58.5
7.5 59.5
8.5 11.5
8.5 12.5
8.5 34.5
8.5 35.5
8.5 36.5
8.5 42.5
8.5 43.5
8.5 51.5
8.5 57.5
8.5 58.5
8.5 68.5
9.5 11.5
9.5 36.5
9.5 37.5
9.5 41.5
9.5 42.5
9.5 50.5
9.5 51.5
9.5 56.5
9.5 57.5
9.5 67.5
10.5 10.5
10.5 11.5
10.5 20.5
10.5 21.5
10.5 24.5
10.5 25.5
10.5 49.5
10.5 50.5
10.5 55.5
10.5 56.5
10.5 66.5
11.5 9.5
11.5 19.5
11.5 20.5
11.5 25.5
11.5 26.5
11.5 27.5
11.5 48.5
11.5 49.5
11.5 50.5
11.5 54.5
11.5 65.5
11.5 66.5
12.5 18.5
12.5 19.5
12.5 27.5
12.5 28.5
12.5 48.5
12.5 49.5
12.5 64.5
12.5 65.5
13.5 16.5
13.5 17.5
13.5 18.5
13.5 28.5
13.5 29.5
13.5 30.5
13.5 47.5
13.5 48.5
13.5 63.5
13.5 64.5
14.5 15.5
14.5 16.5
14.5 30.5
14.5 31.5
14.5 46.5
14.5 47.5
14.5 62.5
14.5 63.5
15.5 14.5
15.5 15.5
15.5 32.5
15.5 33.5
15.5 46.5
15.5 61.5
15.5 62.5
16.5 61.5
17.5 60.5
18.5 30.5
18.5 46.5
19.5 14.5
19.5 15.5
19.5 31.5
19.5 46.5
19.5 60.5
20.5 15.5
20.5 16.5
20.5 31.5
20.5 32.5
20.5 47.5
20.5 61.5
21.5 16.5
21.5 17.5
21.5 32.5
21.5 33.5
21.5 47.5
21.5 48.5
21.5 62.5
22.5 17.5
22.5 18.5
22.5 32.5
22.5 33.5
22.5 34.5
22.5 48.5
22.5 49.5
22.5 62.5
22.5 63.5
23.5 18.5
23.5 19.5
23.5 33.5
23.5 34.5
23.5 40.5
23.5 48.5
23.5 49.5
23.5 63.5
23.5 64.5
24.5 9.5
24.5 18.5
24.5 19.5
24.5 24.5
24.5 34.5
24.5 35.5
24.5 41.5
24.5 49.5
24.5 50.5
24.5 64.5
24.5 65.5
25.5 10.5
25.5 20.5
25.5 25.5
25.5 35.5
25.5 36.5
25.5 41.5
25.5 42.5
25.5 50.5
25.5 55.5
25.5 56.5
25.5 65.5
25.5 66.5
26.5 10.5
26.5 11.5
26.5 21.5
26.5 26.5
26.5 36.5
26.5 42.5
26.5 51.5
26.5 56.5
26.5 57.5
26.5 66.5
26.5 67.5
27.5 11.5
27.5 12.5
27.5 26.5
27.5 27.5
27.5 42.5
27.5 43.5
27.5 51.5
27.5 57.5
27.5 58.5
28.5 12.5
28.5 13.5
28.5 27.5
28.5 28.5
28.5 43.5
28.5 58.5
28.5 59.5
29.5 13.5
29.5 14.5
29.5 28.5
29.5 29.5
29.5 43.5
29.5 44.5
29.5 58.5
29.5 59.5
29.5 60.5
30.5 14.5
30.5 15.5
30.5 29.5
30.5 30.5
30.5 44.5
30.5 60.5
30.5 61.5
31.5 16.5
31.5 30.5
31.5 44.5
31.5 45.5
31.5 61.5
32.5 31.5
32.5 45.5
32.5 62.5
33.5 46.5
34.5 16.5
35.5 14.5
35.5 15.5
35.5 29.5
35.5 46.5
35.5 61.5
35.5 62.5
36.5 13.5
36.5 14.5
36.5 30.5
36.5 31.5
36.5 45.5
36.5 60.5
36.5 61.5
37.5 11.5
37.5 12.5
37.5 13.5
37.5 31.5
37.5 32.5
37.5 43.5
37.5 44.5
37.5 58.5
37.5 59.5
37.5 60.5
38.5 10.5
38.5 11.5
38.5 12.5
38.5 32.5
38.5 33.5
38.5 34.5
38.5 42.5
38.5 43.5
38.5 57.5
38.5 58.5
39.5 9.5
39.5 10.5
39.5 21.5
39.5 23.5
39.5 34.5
39.5 35.5
39.5 40.5
39.5 41.5
39.5 56.5
39.5 57.5
39.5 67.5
40.5 8.5
40.5 9.5
40.5 19.5
40.5 20.5
40.5 24.5
40.5 25.5
40.5 35.5
40.5 36.5
40.5 39.5
40.5 40.5
40.5 50.5
40.5 51.5
40.5 55.5
40.5 65.5
40.5 66.5
41.5 18.5
41.5 19.5
41.5 25.5
41.5 26.5
41.5 37.5
41.5 49.5
41.5 50.5
41.5 54.5
41.5 64.5
41.5 65.5
42.5 17.5
42.5 18.5
42.5 26.5
42.5 27.5
42.5 47.5
42.5 48.5
42.5 49.5
42.5 63.5
42.5 64.5
43.5 16.5
43.5 17.5
43.5 27.5
43.5 28.5
43.5 46.5
43.5 47.5
43.5 62.5
43.5 63.5
44.5 15.5
44.5 16.5
44.5 28.5
44.5 29.5
44.5 45.5
44.5 46.5
44.5 61.5
44.5 62.5
45.5 14.5
45.5 15.5
45.5 29.5
45.5 30.5
45.5 44.5
45.5 60.5
45.5 61.5
46.5 14.5
46.5 31.5
46.5 60.5
47.5 13.5
48.5 44.5
48.5 45.5
49.5 15.5
49.5 29.5
49.5 45.5
49.5 46.5
49.5 61.5
50.5 14.5
50.5 15.5
50.5 29.5
50.5 30.5
50.5 46.5
50.5 60.5
51.5 13.5
51.5 14.5
51.5 30.5
51.5 31.5
51.5 46.5
51.5 47.5
51.5 59.5
51.5 60.5
52.5 12.5
52.5 13.5
52.5 31.5
52.5 32.5
52.5 47.5
52.5 48.5
52.5 58.5
52.5 59.5
53.5 12.5
53.5 13.5
53.5 32.5
53.5 33.5
53.5 39.5
53.5 48.5
53.5 49.5
53.5 57.5
53.5 58.5
54.5 11.5
54.5 12.5
54.5 32.5
54.5 33.5
54.5 34.5
54.5 40.5
54.5 49.5
54.5 56.5
54.5 57.5
55.5 10.5
55.5 11.5
55.5 21.5
55.5 33.5
55.5 34.5
55.5 35.5
55.5 40.5
55.5 41.5
55.5 49.5
55.5 50.5
55.5 55.5
55.5 56.5
55.5 66.5
56.5 9.5
56.5 10.5
56.5 20.5
56.5 24.5
56.5 25.5
56.5 34.5
56.5 35.5
56.5 41.5
56.5 42.5
56.5 50.5
56.5 51.5
56.5 55.5
56.5 65.5
56.5 66.5
57.5 9.5
57.5 18.5
57.5 19.5
57.5 25.5
57.5 26.5
57.5 36.5
57.5 41.5
57.5 42.5
57.5 51.5
57.5 54.5
57.5 63.5
57.5 64.5
57.5 65.5
58.5 17.5
58.5 18.5
58.5 26.5
58.5 27.5
58.5 42.5
58.5 43.5
58.5 62.5
58.5 63.5
59.5 16.5
59.5 17.5
59.5 27.5
59.5 28.5
59.5 43.5
59.5 44.5
59.5 61.5
59.5 62.5
60.5 15.5
60.5 16.5
60.5 29.5
60.5 43.5
60.5 44.5
60.5 60.5
60.5 61.5
61.5 14.5
61.5 15.5
61.5 30.5
61.5 44.5
61.5 45.5
61.5 59.5
61.5 60.5
62.5 14.5
62.5 31.5
62.5 45.5
