4.5 13.5
4.5 25.5
4.5 49.5
4.5 61.5
4.5 62.5
5.5 11.5
5.5 26.5
5.5 27.5
5.5 47.5
5.5 48.5
5.5 60.5
6.5 9.5
6.5 28.5
6.5 35.5
6.5 46.5
6.5 58.5
7.5 17.5
7.5 29.5
7.5 34.5
7.5 42.5
7.5 44.5
7.5 53.5
7.5 67.5
8.5 16.5
8.5 21.5
8.5 31.5
8.5 33.5
8.5 41.5
8.5 52.5
8.5 65.5
9.5 15.5
9.5 22.5
9.5 23.5
9.5 39.5
9.5 50.5
9.5 63.5
10.5 13.5
10.5 14.5
10.5 24.5
10.5 38.5
10.5 49.5
10.5 61.5
11.5 12.5
11.5 25.5
12.5 51.5
13.5 39.5
13.5 50.5
14.5 14.5
14.5 37.5
14.5 49.5
14.5 61.5
15.5 13.5
15.5 25.5
15.5 26.5
15.5 36.5
15.5 49.5
15.5 60.5
16.5 11.5
16.5 12.5
16.5 28.5
16.5 34.5
16.5 48.5
16.5 58.5
16.5 59.5
17.5 10.5
17.5 11.5
17.5 31.5
17.5 43.5
17.5 47.5
17.5 57.5
17.5 67.5
18.5 20.5
18.5 21.5
18.5 40.5
18.5 41.5
18.5 46.5
18.5 53.5
18.5 65.5
19.5 23.5
19.5 24.5
19.5 38.5
19.5 39.5
19.5 52.5
19.5 63.5
19.5 64.5
20.5 37.5
20.5 51.5
20.5 62.5
23.5 13.5
23.5 25.5
24.5 14.5
24.5 24.5
24.5 38.5
24.5 61.5
25.5 15.5
25.5 22.5
25.5 23.5
25.5 39.5
25.5 40.5
25.5 52.5
25.5 63.5
26.5 16.5
26.5 21.5
26.5 31.5
26.5 33.5
26.5 41.5
26.5 53.5
26.5 65.5
27.5 17.5
27.5 30.5
27.5 34.5
27.5 43.5
27.5 54.5
27.5 57.5
28.5 10.5
28.5 28.5
28.5 29.5
28.5 35.5
28.5 44.5
28.5 47.5
28.5 58.5
28.5 59.5
29.5 11.5
29.5 12.5
29.5 27.5
29.5 36.5
29.5 48.5
29.5 49.5
29.5 60.5
30.5 13.5
30.5 26.5
30.5 37.5
30.5 50.5
30.5 61.5
31.5 15.5
31.5 25.5
31.5 38.5
32.5 39.5
33.5 51.5
33.5 61.5
34.5 12.5
34.5 24.5
34.5 37.5
34.5 50.5
35.5 14.5
35.5 15.5
35.5 26.5
35.5 39.5
35.5 49.5
35.5 60.5
36.5 16.5
36.5 27.5
36.5 40.5
36.5 48.5
36.5 59.5
37.5 20.5
37.5 29.5
37.5 41.5
37.5 55.5
37.5 59.5
38.5 9.5
38.5 22.5
38.5 32.5
38.5 43.5
38.5 54.5
38.5 58.5
38.5 65.5
39.5 10.5
39.5 11.5
39.5 23.5
39.5 34.5
39.5 35.5
39.5 53.5
39.5 64.5
40.5 12.5
40.5 24.5
40.5 36.5
40.5 37.5
40.5 52.5
40.5 64.5
41.5 39.5
41.5 51.5
41.5 63.5
42.5 50.5
42.5 63.5
43.5 13.5
43.5 24.5
43.5 62.5
44.5 12.5
44.5 23.5
45.5 11.5
45.5 22.5
45.5 23.5
45.5 37.5
45.5 38.5
45.5 51.5
46.5 10.5
46.5 22.5
46.5 36.5
46.5 49.5
46.5 63.5
47.5 9.5
47.5 21.5
47.5 34.5
47.5 35.5
47.5 47.5
47.5 61.5
47.5 62.5
48.5 8.5
48.5 15.5
48.5 16.5
48.5 20.5
48.5 29.5
48.5 33.5
48.5 43.5
48.5 45.5
48.5 60.5
49.5 15.5
49.5 28.5
49.5 32.5
49.5 41.5
49.5 55.5
49.5 58.5
50.5 14.5
50.5 27.5
50.5 40.5
50.5 52.5
50.5 53.5
50.5 66.5
51.5 13.5
51.5 26.5
51.5 39.5
51.5 50.5
51.5 51.5
51.5 64.5
52.5 25.5
52.5 38.5
53.5 24.5
54.5 12.5
55.5 14.5
55.5 51.5
55.5 63.5
56.5 15.5
56.5 25.5
56.5 26.5
56.5 37.5
56.5 38.5
56.5 39.5
56.5 40.5
56.5 52.5
56.5 53.5
56.5 62.5
57.5 17.5
57.5 22.5
57.5 23.5
57.5 45.5
57.5 54.5
57.5 60.5
58.5 8.5
58.5 20.5
58.5 46.5
58.5 47.5
58.5 55.5
58.5 59.5
58.5 68.5
59.5 10.5
59.5 11.5
59.5 48.5
59.5 67.5
60.5 12.5
60.5 13.5
60.5 28.5
60.5 29.5
60.5 34.5
60.5 35.5
60.5 50.5
60.5 65.5
60.5 66.5
61.5 26.5
61.5 27.5
61.5 37.5
61.5 38.5
61.5 64.5
62.5 63.5
