3.5 25.5
3.5 37.5
4.5 14.5
4.5 24.5
4.5 37.5
4.5 38.5
4.5 48.5
4.5 63.5
5.5 14.5
5.5 15.5
5.5 23.5
5.5 24.5
5.5 38.5
5.5 48.5
5.5 61.5
5.5 62.5
6.5 14.5
6.5 15.5
6.5 23.5
6.5 38.5
6.5 39.5
6.5 47.5
6.5 60.5
6.5 61.5
7.5 15.5
7.5 16.5
7.5 22.5
7.5 39.5
7.5 40.5
7.5 47.5
7.5 59.5
7.5 60.5
7.5 61.5
8.5 9.5
8.5 15.5
8.5 16.5
8.5 21.5
8.5 22.5
8.5 29.5
8.5 33.5
8.5 39.5
8.5 40.5
8.5 46.5
8.5 47.5
8.5 58.5
8.5 59.5
8.5 60.5
9.5 10.5
9.5 16.5
9.5 21.5
9.5 28.5
9.5 29.5
9.5 33.5
9.5 34.5
9.5 40.5
9.5 46.5
9.5 53.5
9.5 58.5
9.5 59.5
9.5 67.5
10.5 10.5
10.5 17.5
10.5 20.5
10.5 27.5
10.5 28.5
10.5 34.5
10.5 41.5
10.5 45.5
10.5 52.5
10.5 57.5
10.5 58.5
10.5 66.5
11.5 10.5
11.5 11.5
11.5 27.5
11.5 28.5
11.5 34.5
11.5 35.5
11.5 41.5
11.5 45.5
11.5 51.5
11.5 52.5
11.5 56.5
11.5 65.5
11.5 66.5
12.5 11.5
12.5 26.5
12.5 27.5
12.5 35.5
12.5 51.5
12.5 64.5
12.5 65.5
13.5 11.5
13.5 12.5
13.5 26.5
13.5 35.5
13.5 36.5
13.5 50.5
13.5 51.5
13.5 64.5
14.5 12.5
14.5 25.5
14.5 26.5
14.5 36.5
14.5 49.5
14.5 50.5
14.5 63.5
14.5 64.5
15.5 13.5
15.5 25.5
15.5 36.5
15.5 49.5
15.5 62.5
15.5 63.5
16.5 13.5
16.5 24.5
16.5 37.5
16.5 48.5
16.5 62.5
17.5 61.5
18.5 13.5
18.5 25.5
19.5 12.5
19.5 24.5
19.5 25.5
19.5 37.5
19.5 49.5
20.5 12.5
20.5 24.5
20.5 37.5
20.5 38.5
20.5 49.5
20.5 61.5
20.5 62.5
21.5 11.5
21.5 12.5
21.5 23.5
21.5 24.5
21.5 38.5
21.5 48.5
21.5 49.5
21.5 62.5
21.5 63.5
22.5 11.5
22.5 23.5
22.5 24.5
22.5 39.5
22.5 47.5
22.5 48.5
22.5 63.5
23.5 10.5
23.5 11.5
23.5 17.5
23.5 22.5
23.5 23.5
23.5 39.5
23.5 40.5
23.5 47.5
23.5 64.5
24.5 10.5
24.5 16.5
24.5 22.5
24.5 23.5
24.5 33.5
24.5 40.5
24.5 41.5
24.5 46.5
24.5 47.5
24.5 54.5
24.5 58.5
24.5 64.5
24.5 65.5
25.5 9.5
25.5 16.5
25.5 22.5
25.5 29.5
25.5 33.5
25.5 34.5
25.5 41.5
25.5 46.5
25.5 53.5
25.5 58.5
25.5 65.5
25.5 66.5
26.5 9.5
26.5 15.5
26.5 16.5
26.5 21.5
26.5 22.5
26.5 28.5
26.5 29.5
26.5 34.5
26.5 42.5
26.5 45.5
26.5 53.5
26.5 59.5
27.5 15.5
27.5 16.5
27.5 21.5
27.5 28.5
27.5 34.5
27.5 35.5
27.5 52.5
27.5 53.5
27.5 59.5
27.5 60.5
28.5 14.5
28.5 15.5
28.5 27.5
28.5 28.5
28.5 35.5
28.5 36.5
28.5 52.5
28.5 60.5
29.5 14.5
29.5 15.5
29.5 27.5
29.5 36.5
29.5 37.5
29.5 51.5
29.5 52.5
29.5 60.5
29.5 61.5
30.5 14.5
30.5 26.5
30.5 27.5
30.5 37.5
30.5 51.5
30.5 61.5
31.5 14.5
31.5 26.5
31.5 37.5
31.5 38.5
31.5 51.5
31.5 61.5
32.5 13.5
32.5 25.5
32.5 50.5
32.5 62.5
34.5 14.5
34.5 37.5
34.5 62.5
35.5 13.5
35.5 14.5
35.5 25.5
35.5 37.5
35.5 38.5
35.5 50.5
35.5 62.5
35.5 63.5
36.5 13.5
36.5 26.5
36.5 38.5
36.5 39.5
36.5 49.5
36.5 50.5
36.5 63.5
37.5 12.5
37.5 13.5
37.5 26.5
37.5 27.5
37.5 38.5
37.5 39.5
37.5 48.5
37.5 49.5
37.5 63.5
37.5 64.5
38.5 12.5
38.5 27.5
38.5 39.5
38.5 40.5
38.5 48.5
38.5 49.5
38.5 64.5
39.5 11.5
39.5 12.5
39.5 28.5
39.5 32.5
39.5 40.5
39.5 47.5
39.5 48.5
39.5 64.5
39.5 65.5
40.5 11.5
40.5 18.5
40.5 22.5
40.5 28.5
40.5 29.5
40.5 33.5
40.5 40.5
40.5 41.5
40.5 47.5
40.5 55.5
40.5 65.5
41.5 10.5
41.5 11.5
41.5 17.5
41.5 22.5
41.5 23.5
41.5 29.5
41.5 33.5
41.5 34.5
41.5 41.5
41.5 46.5
41.5 54.5
41.5 58.5
41.5 65.5
42.5 10.5
42.5 17.5
42.5 23.5
42.5 34.5
42.5 35.5
42.5 42.5
42.5 46.5
42.5 53.5
42.5 59.5
42.5 66.5
43.5 16.5
43.5 23.5
43.5 24.5
43.5 35.5
43.5 52.5
43.5 53.5
43.5 59.5
43.5 60.5
44.5 15.5
44.5 16.5
44.5 24.5
44.5 36.5
44.5 51.5
44.5 52.5
44.5 60.5
44.5 61.5
45.5 15.5
45.5 24.5
45.5 25.5
45.5 36.5
45.5 37.5
45.5 50.5
45.5 51.5
45.5 61.5
46.5 14.5
46.5 15.5
46.5 25.5
46.5 37.5
46.5 50.5
46.5 61.5
46.5 62.5
47.5 14.5
47.5 38.5
47.5 49.5
47.5 62.5
49.5 37.5
50.5 13.5
50.5 26.5
50.5 36.5
50.5 37.5
50.5 50.5
50.5 62.5
51.5 14.5
51.5 26.5
51.5 36.5
51.5 49.5
51.5 62.5
51.5 63.5
52.5 15.5
52.5 26.5
52.5 35.5
52.5 36.5
52.5 48.5
52.5 49.5
52.5 63.5
52.5 64.5
53.5 15.5
53.5 16.5
53.5 26.5
53.5 27.5
53.5 34.5
53.5 35.5
53.5 48.5
53.5 64.5
53.5 65.5
54.5 16.5
54.5 17.5
54.5 26.5
54.5 27.5
54.5 33.5
54.5 34.5
54.5 47.5
54.5 48.5
54.5 54.5
54.5 57.5
54.5 65.5
55.5 10.5
55.5 17.5
55.5 21.5
55.5 27.5
55.5 33.5
55.5 43.5
55.5 47.5
55.5 54.5
55.5 58.5
55.5 66.5
56.5 10.5
56.5 11.5
56.5 18.5
56.5 21.5
56.5 27.5
56.5 32.5
56.5 33.5
56.5 41.5
56.5 42.5
56.5 46.5
56.5 47.5
56.5 53.5
56.5 58.5
56.5 59.5
56.5 67.5
57.5 11.5
57.5 12.5
57.5 22.5
57.5 27.5
57.5 32.5
57.5 40.5
57.5 41.5
57.5 46.5
57.5 52.5
57.5 53.5
57.5 59.5
57.5 60.5
58.5 11.5
58.5 12.5
58.5 22.5
58.5 23.5
58.5 39.5
58.5 40.5
58.5 52.5
58.5 60.5
58.5 61.5
59.5 12.5
59.5 13.5
59.5 23.5
59.5 38.5
59.5 39.5
59.5 51.5
59.5 52.5
59.5 61.5
60.5 13.5
60.5 24.5
60.5 37.5
60.5 38.5
60.5 51.5
60.5 62.5
61.5 13.5
61.5 14.5
61.5 24.5
61.5 36.5
61.5 37.5
61.5 51.5
61.5 63.5
62.5 35.5
62.5 36.5
62.5 50.5
