4.5 57.5
5.5 16.5
5.5 17.5
5.5 36.5
5.5 55.5
5.5 56.5
6.5 15.5
6.5 16.5
6.5 34.5
6.5 35.5
6.5 36.5
6.5 53.5
6.5 54.5
6.5 55.5
7.5 13.5
7.5 14.5
7.5 33.5
7.5 34.5
7.5 35.5
7.5 52.5
7.5 53.5
7.5 54.5
8.5 12.5
8.5 13.5
8.5 32.5
8.5 33.5
8.5 51.5
8.5 52.5
9.5 11.5
9.5 12.5
9.5 31.5
9.5 32.5
9.5 65.5
10.5 43.5
10.5 44.5
10.5 63.5
10.5 64.5
11.5 23.5
11.5 24.5
11.5 42.5
11.5 43.5
11.5 61.5
11.5 62.5
11.5 63.5
12.5 21.5
12.5 22.5
12.5 23.5
12.5 41.5
12.5 42.5
12.5 60.5
12.5 61.5
13.5 19.5
13.5 20.5
13.5 21.5
13.5 39.5
13.5 40.5
13.5 41.5
13.5 59.5
14.5 18.5
14.5 19.5
14.5 20.5
14.5 39.5
15.5 17.5
15.5 38.5
20.5 59.5
21.5 38.5
21.5 60.5
21.5 61.5
22.5 15.5
22.5 16.5
22.5 17.5
22.5 39.5
22.5 40.5
22.5 41.5
22.5 61.5
22.5 62.5
22.5 63.5
23.5 12.5
23.5 13.5
23.5 14.5
23.5 15.5
23.5 41.5
23.5 42.5
23.5 43.5
23.5 63.5
23.5 64.5
24.5 10.5
24.5 11.5
24.5 12.5
24.5 43.5
24.5 44.5
24.5 65.5
25.5 45.5
26.5 52.5
26.5 53.5
27.5 22.5
27.5 23.5
27.5 24.5
27.5 32.5
27.5 33.5
27.5 34.5
27.5 53.5
27.5 54.5
27.5 55.5
28.5 19.5
28.5 20.5
28.5 21.5
28.5 22.5
28.5 34.5
28.5 35.5
28.5 36.5
28.5 55.5
28.5 56.5
29.5 18.5
29.5 19.5
29.5 36.5
29.5 37.5
29.5 56.5
29.5 57.5
30.5 38.5
30.5 39.5
30.5 58.5
36.5 16.5
36.5 17.5
36.5 18.5
36.5 38.5
36.5 39.5
36.5 59.5
37.5 15.5
37.5 16.5
37.5 40.5
37.5 41.5
37.5 60.5
37.5 61.5
38.5 13.5
38.5 14.5
38.5 15.5
38.5 41.5
38.5 42.5
38.5 43.5
38.5 61.5
38.5 62.5
38.5 63.5
39.5 12.5
39.5 13.5
39.5 43.5
39.5 44.5
39.5 63.5
39.5 64.5
40.5 11.5
40.5 45.5
40.5 65.5
41.5 25.5
41.5 32.5
41.5 52.5
42.5 23.5
42.5 24.5
42.5 33.5
42.5 34.5
42.5 53.5
42.5 54.5
43.5 21.5
43.5 22.5
43.5 34.5
43.5 35.5
43.5 36.5
43.5 54.5
43.5 55.5
43.5 56.5
44.5 20.5
44.5 21.5
44.5 36.5
44.5 37.5
44.5 56.5
44.5 57.5
44.5 58.5
45.5 18.5
45.5 19.5
45.5 38.5
45.5 58.5
45.5 59.5
51.5 38.5
52.5 18.5
52.5 19.5
52.5 20.5
52.5 39.5
52.5 40.5
52.5 59.5
52.5 60.5
53.5 20.5
53.5 21.5
53.5 22.5
53.5 40.5
53.5 41.5
53.5 42.5
53.5 60.5
53.5 61.5
53.5 62.5
54.5 22.5
54.5 23.5
54.5 24.5
54.5 42.5
54.5 43.5
54.5 62.5
54.5 63.5
54.5 64.5
55.5 44.5
56.5 31.5
56.5 32.5
56.5 51.5
57.5 11.5
57.5 12.5
57.5 13.5
57.5 32.5
57.5 33.5
57.5 34.5
57.5 52.5
57.5 53.5
58.5 13.5
58.5 14.5
58.5 15.5
58.5 34.5
58.5 35.5
58.5 53.5
58.5 54.5
58.5 55.5
59.5 16.5
59.5 17.5
59.5 36.5
59.5 37.5
59.5 55.5
59.5 56.5
