4.5 15.5
5.5 15.5
5.5 16.5
5.5 17.5
5.5 29.5
6.5 16.5
6.5 17.5
6.5 18.5
6.5 28.5
6.5 29.5
6.5 60.5
6.5 61.5
7.5 17.5
7.5 18.5
7.5 19.5
7.5 26.5
7.5 27.5
7.5 28.5
7.5 43.5
7.5 44.5
7.5 60.5
7.5 61.5
7.5 62.5
8.5 19.5
8.5 20.5
8.5 25.5
8.5 26.5
8.5 27.5
8.5 42.5
8.5 43.5
8.5 61.5
8.5 62.5
8.5 63.5
9.5 10.5
9.5 25.5
9.5 41.5
9.5 42.5
9.5 43.5
9.5 62.5
9.5 63.5
9.5 64.5
10.5 10.5
10.5 11.5
10.5 40.5
10.5 41.5
10.5 42.5
10.5 63.5
10.5 64.5
11.5 11.5
11.5 12.5
11.5 32.5
11.5 33.5
11.5 34.5
11.5 40.5
12.5 11.5
12.5 12.5
12.5 13.5
12.5 31.5
12.5 32.5
12.5 33.5
12.5 34.5
12.5 48.5
12.5 49.5
12.5 55.5
12.5 56.5
13.5 12.5
13.5 13.5
13.5 30.5
13.5 31.5
13.5 32.5
13.5 47.5
13.5 48.5
13.5 49.5
13.5 56.5
13.5 57.5
14.5 29.5
14.5 30.5
14.5 31.5
14.5 46.5
14.5 47.5
14.5 48.5
14.5 57.5
14.5 58.5
15.5 45.5
15.5 46.5
15.5 47.5
15.5 58.5
15.5 59.5
16.5 45.5
16.5 59.5
16.5 60.5
19.5 14.5
19.5 15.5
20.5 15.5
20.5 16.5
20.5 28.5
20.5 29.5
21.5 15.5
21.5 16.5
21.5 17.5
21.5 26.5
21.5 27.5
21.5 28.5
21.5 29.5
21.5 44.5
21.5 45.5
21.5 60.5
22.5 16.5
22.5 17.5
22.5 18.5
22.5 25.5
22.5 26.5
22.5 27.5
22.5 28.5
22.5 43.5
22.5 44.5
22.5 59.5
22.5 60.5
23.5 17.5
23.5 18.5
23.5 19.5
23.5 24.5
23.5 25.5
23.5 26.5
23.5 42.5
23.5 43.5
23.5 58.5
23.5 59.5
24.5 41.5
24.5 42.5
24.5 57.5
24.5 58.5
24.5 59.5
25.5 10.5
25.5 34.5
25.5 40.5
25.5 41.5
25.5 56.5
25.5 57.5
25.5 58.5
26.5 10.5
26.5 11.5
26.5 12.5
26.5 32.5
26.5 33.5
26.5 34.5
26.5 56.5
26.5 57.5
26.5 66.5
27.5 11.5
27.5 12.5
27.5 13.5
27.5 31.5
27.5 32.5
27.5 33.5
27.5 48.5
27.5 49.5
27.5 50.5
27.5 64.5
27.5 65.5
28.5 12.5
28.5 13.5
28.5 30.5
28.5 31.5
28.5 32.5
28.5 47.5
28.5 48.5
28.5 49.5
28.5 63.5
28.5 64.5
28.5 65.5
29.5 13.5
29.5 14.5
29.5 29.5
29.5 30.5
29.5 46.5
29.5 47.5
29.5 48.5
29.5 62.5
29.5 63.5
29.5 64.5
30.5 14.5
30.5 45.5
30.5 46.5
30.5 47.5
30.5 61.5
30.5 62.5
30.5 63.5
31.5 45.5
31.5 61.5
31.5 62.5
35.5 15.5
35.5 16.5
35.5 28.5
36.5 15.5
36.5 16.5
36.5 17.5
36.5 27.5
36.5 28.5
37.5 16.5
37.5 17.5
37.5 26.5
37.5 27.5
37.5 28.5
37.5 43.5
37.5 44.5
37.5 45.5
37.5 61.5
37.5 62.5
37.5 63.5
38.5 16.5
38.5 17.5
38.5 18.5
38.5 26.5
38.5 27.5
38.5 42.5
38.5 43.5
38.5 44.5
38.5 62.5
38.5 63.5
38.5 64.5
39.5 17.5
39.5 18.5
39.5 19.5
39.5 25.5
39.5 26.5
39.5 41.5
39.5 42.5
39.5 43.5
39.5 63.5
39.5 64.5
39.5 65.5
40.5 18.5
40.5 19.5
40.5 25.5
40.5 40.5
40.5 41.5
40.5 42.5
40.5 64.5
40.5 65.5
40.5 66.5
41.5 33.5
41.5 34.5
41.5 40.5
42.5 10.5
42.5 11.5
42.5 32.5
42.5 33.5
42.5 34.5
42.5 49.5
42.5 50.5
42.5 56.5
42.5 57.5
43.5 11.5
43.5 12.5
43.5 31.5
43.5 32.5
43.5 33.5
43.5 48.5
43.5 49.5
43.5 57.5
43.5 58.5
44.5 12.5
44.5 13.5
44.5 31.5
44.5 32.5
44.5 46.5
44.5 47.5
44.5 48.5
44.5 58.5
44.5 59.5
45.5 13.5
45.5 14.5
45.5 30.5
45.5 31.5
45.5 46.5
45.5 47.5
45.5 59.5
45.5 60.5
46.5 14.5
46.5 30.5
51.5 45.5
51.5 46.5
51.5 59.5
51.5 60.5
52.5 13.5
52.5 14.5
52.5 28.5
52.5 29.5
52.5 46.5
52.5 47.5
52.5 58.5
52.5 59.5
53.5 12.5
53.5 13.5
53.5 14.5
53.5 27.5
53.5 28.5
53.5 29.5
53.5 47.5
53.5 48.5
53.5 49.5
53.5 57.5
53.5 58.5
54.5 11.5
54.5 12.5
54.5 13.5
54.5 26.5
54.5 27.5
54.5 28.5
54.5 47.5
54.5 48.5
54.5 49.5
54.5 56.5
54.5 57.5
54.5 58.5
55.5 11.5
55.5 12.5
55.5 26.5
55.5 27.5
55.5 49.5
55.5 50.5
55.5 56.5
56.5 10.5
56.5 11.5
56.5 20.5
56.5 25.5
56.5 41.5
56.5 64.5
56.5 65.5
57.5 18.5
57.5 19.5
57.5 20.5
57.5 34.5
57.5 35.5
57.5 41.5
57.5 42.5
57.5 63.5
57.5 64.5
57.5 65.5
58.5 17.5
58.5 18.5
58.5 19.5
58.5 33.5
58.5 34.5
58.5 35.5
58.5 42.5
58.5 43.5
58.5 62.5
58.5 63.5
58.5 64.5
59.5 16.5
59.5 17.5
59.5 18.5
59.5 32.5
59.5 33.5
59.5 34.5
59.5 43.5
59.5 44.5
59.5 61.5
59.5 62.5
59.5 63.5
60.5 15.5
60.5 16.5
60.5 17.5
60.5 31.5
60.5 32.5
60.5 33.5
60.5 44.5
60.5 45.5
60.5 61.5
60.5 62.5
61.5 15.5
61.5 31.5
61.5 45.5
61.5 61.5
