2.5 27.5
2.5 37.5
3.5 11.5
3.5 26.5
4.5 12.5
4.5 25.5
4.5 38.5
4.5 51.5
4.5 62.5
5.5 13.5
5.5 24.5
5.5 39.5
5.5 50.5
6.5 13.5
6.5 23.5
6.5 40.5
6.5 49.5
6.5 61.5
7.5 14.5
7.5 22.5
7.5 23.5
7.5 41.5
7.5 48.5
8.5 8.5
8.5 15.5
8.5 21.5
8.5 22.5
8.5 32.5
8.5 34.5
8.5 41.5
8.5 47.5
8.5 60.5
9.5 16.5
9.5 21.5
9.5 31.5
9.5 35.5
9.5 42.5
9.5 46.5
9.5 55.5
9.5 66.5
10.5 9.5
10.5 16.5
10.5 20.5
10.5 29.5
10.5 30.5
10.5 35.5
10.5 43.5
10.5 45.5
10.5 54.5
10.5 59.5
11.5 17.5
11.5 19.5
11.5 28.5
11.5 29.5
11.5 36.5
11.5 54.5
11.5 65.5
12.5 10.5
12.5 27.5
12.5 28.5
12.5 37.5
12.5 53.5
12.5 58.5
12.5 65.5
13.5 11.5
13.5 26.5
13.5 27.5
13.5 37.5
13.5 52.5
13.5 64.5
14.5 11.5
14.5 25.5
14.5 38.5
14.5 52.5
14.5 64.5
15.5 12.5
15.5 24.5
15.5 39.5
15.5 51.5
15.5 63.5
16.5 23.5
16.5 50.5
16.5 63.5
17.5 13.5
17.5 27.5
17.5 39.5
17.5 62.5
18.5 27.5
18.5 39.5
18.5 62.5
19.5 13.5
19.5 26.5
19.5 39.5
19.5 50.5
19.5 64.5
20.5 25.5
20.5 49.5
20.5 63.5
21.5 12.5
21.5 24.5
21.5 25.5
21.5 40.5
21.5 48.5
21.5 62.5
22.5 23.5
22.5 24.5
22.5 34.5
22.5 40.5
22.5 48.5
22.5 62.5
23.5 11.5
23.5 16.5
23.5 23.5
23.5 32.5
23.5 40.5
23.5 47.5
23.5 61.5
24.5 16.5
24.5 22.5
24.5 31.5
24.5 40.5
24.5 46.5
24.5 60.5
24.5 68.5
25.5 10.5
25.5 16.5
25.5 21.5
25.5 22.5
25.5 35.5
25.5 40.5
25.5 45.5
25.5 54.5
25.5 59.5
25.5 67.5
26.5 21.5
26.5 30.5
26.5 35.5
26.5 45.5
26.5 53.5
26.5 58.5
26.5 66.5
27.5 15.5
27.5 20.5
27.5 29.5
27.5 44.5
27.5 52.5
27.5 57.5
27.5 65.5
27.5 66.5
28.5 15.5
28.5 28.5
28.5 36.5
28.5 51.5
28.5 65.5
29.5 15.5
29.5 28.5
29.5 36.5
29.5 50.5
29.5 64.5
30.5 27.5
30.5 49.5
30.5 63.5
31.5 14.5
31.5 26.5
31.5 37.5
31.5 48.5
31.5 62.5
32.5 13.5
32.5 14.5
32.5 61.5
33.5 25.5
33.5 50.5
34.5 14.5
34.5 26.5
34.5 37.5
34.5 49.5
34.5 61.5
35.5 26.5
35.5 49.5
35.5 62.5
36.5 15.5
36.5 27.5
36.5 36.5
36.5 48.5
36.5 63.5
37.5 28.5
37.5 36.5
37.5 47.5
37.5 48.5
37.5 57.5
37.5 64.5
38.5 9.5
38.5 16.5
38.5 29.5
38.5 41.5
38.5 47.5
38.5 65.5
39.5 10.5
39.5 17.5
39.5 21.5
39.5 29.5
39.5 35.5
39.5 41.5
39.5 46.5
39.5 54.5
39.5 58.5
39.5 65.5
40.5 10.5
40.5 17.5
40.5 22.5
40.5 30.5
40.5 35.5
40.5 46.5
40.5 53.5
40.5 58.5
40.5 66.5
41.5 11.5
41.5 18.5
41.5 23.5
41.5 31.5
41.5 40.5
41.5 45.5
41.5 53.5
41.5 59.5
41.5 67.5
42.5 11.5
42.5 18.5
42.5 23.5
42.5 34.5
42.5 40.5
42.5 44.5
42.5 52.5
42.5 59.5
43.5 12.5
43.5 24.5
43.5 32.5
43.5 34.5
43.5 52.5
43.5 60.5
44.5 12.5
44.5 25.5
44.5 39.5
44.5 51.5
44.5 60.5
45.5 13.5
45.5 25.5
45.5 39.5
46.5 13.5
46.5 26.5
46.5 50.5
46.5 61.5
47.5 27.5
47.5 38.5
47.5 49.5
47.5 60.5
48.5 14.5
48.5 25.5
48.5 38.5
48.5 49.5
48.5 61.5
49.5 15.5
49.5 39.5
49.5 49.5
49.5 61.5
50.5 14.5
50.5 26.5
50.5 38.5
50.5 62.5
51.5 13.5
51.5 27.5
51.5 50.5
51.5 62.5
52.5 12.5
52.5 27.5
52.5 37.5
52.5 63.5
53.5 11.5
53.5 28.5
53.5 36.5
53.5 51.5
53.5 64.5
54.5 10.5
54.5 19.5
54.5 21.5
54.5 28.5
54.5 56.5
54.5 64.5
55.5 9.5
55.5 18.5
55.5 29.5
55.5 35.5
55.5 42.5
55.5 46.5
55.5 52.5
55.5 57.5
55.5 65.5
56.5 8.5
56.5 17.5
56.5 22.5
56.5 29.5
56.5 34.5
56.5 41.5
56.5 57.5
56.5 65.5
57.5 7.5
57.5 16.5
57.5 17.5
57.5 23.5
57.5 30.5
57.5 41.5
57.5 47.5
57.5 53.5
57.5 58.5
57.5 66.5
58.5 16.5
58.5 23.5
58.5 33.5
58.5 40.5
58.5 47.5
58.5 59.5
59.5 15.5
59.5 24.5
59.5 31.5
59.5 40.5
59.5 48.5
59.5 60.5
60.5 14.5
60.5 24.5
60.5 39.5
60.5 48.5
60.5 60.5
61.5 13.5
61.5 14.5
61.5 39.5
61.5 61.5
62.5 13.5
62.5 25.5
62.5 38.5
62.5 49.5
62.5 62.5
63.5 12.5
63.5 38.5
63.5 49.5
