4.5 18.5
4.5 57.5
4.5 58.5
5.5 15.5
5.5 16.5
5.5 17.5
5.5 36.5
5.5 37.5
5.5 38.5
5.5 39.5
5.5 60.5
5.5 61.5
5.5 62.5
6.5 12.5
6.5 13.5
6.5 14.5
6.5 39.5
6.5 40.5
6.5 41.5
6.5 42.5
6.5 43.5
6.5 63.5
6.5 64.5
6.5 65.5
7.5 10.5
7.5 11.5
7.5 12.5
7.5 44.5
7.5 45.5
7.5 46.5
7.5 66.5
7.5 67.5
8.5 9.5
8.5 51.5
8.5 52.5
8.5 53.5
9.5 23.5
9.5 24.5
9.5 25.5
9.5 29.5
9.5 30.5
9.5 31.5
9.5 54.5
9.5 55.5
9.5 56.5
10.5 20.5
10.5 21.5
10.5 22.5
10.5 23.5
10.5 31.5
10.5 32.5
10.5 33.5
10.5 34.5
10.5 57.5
10.5 58.5
10.5 59.5
11.5 16.5
11.5 17.5
11.5 18.5
11.5 19.5
11.5 35.5
11.5 36.5
11.5 37.5
12.5 14.5
12.5 15.5
12.5 39.5
15.5 57.5
16.5 15.5
16.5 58.5
16.5 59.5
16.5 60.5
17.5 17.5
17.5 18.5
17.5 36.5
17.5 37.5
17.5 38.5
17.5 39.5
17.5 60.5
17.5 61.5
17.5 62.5
18.5 19.5
18.5 20.5
18.5 21.5
18.5 39.5
18.5 40.5
18.5 41.5
18.5 42.5
18.5 62.5
18.5 63.5
18.5 64.5
19.5 22.5
19.5 23.5
19.5 42.5
19.5 43.5
19.5 44.5
19.5 45.5
19.5 64.5
19.5 65.5
20.5 8.5
20.5 9.5
20.5 25.5
20.5 49.5
20.5 50.5
20.5 66.5
20.5 67.5
21.5 10.5
21.5 11.5
21.5 12.5
21.5 30.5
21.5 31.5
21.5 51.5
21.5 52.5
21.5 53.5
22.5 12.5
22.5 13.5
22.5 14.5
22.5 15.5
22.5 32.5
22.5 33.5
22.5 34.5
22.5 53.5
22.5 54.5
22.5 55.5
23.5 15.5
23.5 16.5
23.5 17.5
23.5 35.5
23.5 36.5
23.5 37.5
23.5 55.5
23.5 56.5
23.5 57.5
24.5 18.5
24.5 38.5
24.5 39.5
24.5 58.5
24.5 59.5
28.5 17.5
28.5 18.5
28.5 35.5
28.5 36.5
29.5 14.5
29.5 15.5
29.5 16.5
29.5 36.5
29.5 37.5
29.5 38.5
29.5 56.5
29.5 57.5
29.5 58.5
30.5 12.5
30.5 13.5
30.5 14.5
30.5 38.5
30.5 39.5
30.5 40.5
30.5 58.5
30.5 59.5
30.5 60.5
30.5 61.5
31.5 10.5
31.5 11.5
31.5 40.5
31.5 41.5
31.5 42.5
31.5 61.5
31.5 62.5
31.5 63.5
32.5 8.5
32.5 25.5
32.5 28.5
32.5 42.5
32.5 43.5
32.5 63.5
32.5 64.5
32.5 65.5
33.5 21.5
33.5 22.5
33.5 23.5
33.5 24.5
33.5 29.5
33.5 30.5
33.5 44.5
33.5 45.5
33.5 48.5
33.5 49.5
33.5 67.5
34.5 19.5
34.5 20.5
34.5 21.5
34.5 31.5
34.5 32.5
34.5 50.5
34.5 51.5
34.5 52.5
34.5 53.5
35.5 17.5
35.5 18.5
35.5 19.5
35.5 32.5
35.5 33.5
35.5 34.5
35.5 52.5
35.5 53.5
35.5 54.5
35.5 55.5
36.5 15.5
36.5 16.5
36.5 34.5
36.5 35.5
36.5 36.5
36.5 55.5
36.5 56.5
36.5 57.5
36.5 58.5
37.5 36.5
37.5 37.5
37.5 58.5
37.5 59.5
41.5 17.5
41.5 18.5
42.5 14.5
42.5 15.5
42.5 16.5
42.5 36.5
42.5 37.5
42.5 56.5
42.5 57.5
42.5 58.5
43.5 11.5
43.5 12.5
43.5 13.5
43.5 14.5
43.5 34.5
43.5 35.5
43.5 36.5
43.5 53.5
43.5 54.5
43.5 55.5
43.5 56.5
44.5 9.5
44.5 10.5
44.5 11.5
44.5 31.5
44.5 32.5
44.5 33.5
44.5 51.5
44.5 52.5
44.5 53.5
45.5 29.5
45.5 30.5
45.5 31.5
45.5 49.5
45.5 65.5
45.5 66.5
46.5 23.5
46.5 24.5
46.5 43.5
46.5 44.5
46.5 45.5
46.5 63.5
46.5 64.5
47.5 20.5
47.5 21.5
47.5 22.5
47.5 40.5
47.5 41.5
47.5 42.5
47.5 60.5
47.5 61.5
47.5 62.5
48.5 18.5
48.5 19.5
48.5 20.5
48.5 38.5
48.5 39.5
48.5 40.5
48.5 58.5
48.5 59.5
48.5 60.5
49.5 16.5
49.5 17.5
49.5 36.5
49.5 37.5
49.5 56.5
53.5 58.5
53.5 59.5
54.5 17.5
54.5 18.5
54.5 36.5
54.5 37.5
54.5 38.5
54.5 39.5
54.5 55.5
54.5 56.5
54.5 57.5
55.5 14.5
55.5 15.5
55.5 16.5
55.5 39.5
55.5 40.5
55.5 41.5
55.5 42.5
55.5 43.5
55.5 53.5
55.5 54.5
55.5 55.5
56.5 12.5
56.5 13.5
56.5 14.5
56.5 43.5
56.5 44.5
56.5 45.5
56.5 46.5
56.5 50.5
56.5 51.5
56.5 52.5
57.5 10.5
57.5 11.5
57.5 12.5
57.5 64.5
57.5 65.5
58.5 8.5
58.5 9.5
58.5 24.5
58.5 25.5
58.5 29.5
58.5 30.5
58.5 31.5
58.5 61.5
58.5 62.5
58.5 63.5
59.5 21.5
59.5 22.5
59.5 23.5
59.5 31.5
59.5 32.5
59.5 33.5
59.5 34.5
59.5 58.5
59.5 59.5
59.5 60.5
60.5 19.5
60.5 20.5
60.5 21.5
60.5 35.5
60.5 36.5
60.5 37.5
60.5 56.5
60.5 57.5
61.5 17.5
61.5 18.5
61.5 39.5
62.5 15.5
