5.5 18.5
5.5 19.5
5.5 20.5
5.5 21.5
6.5 22.5
6.5 23.5
6.5 24.5
6.5 31.5
6.5 32.5
6.5 33.5
6.5 34.5
6.5 35.5
6.5 36.5
6.5 37.5
6.5 59.5
6.5 60.5
6.5 61.5
6.5 62.5
6.5 63.5
6.5 64.5
6.5 65.5
9.5 11.5
9.5 12.5
9.5 13.5
10.5 14.5
10.5 15.5
10.5 16.5
10.5 17.5
10.5 42.5
10.5 43.5
10.5 44.5
10.5 45.5
10.5 52.5
10.5 53.5
10.5 54.5
10.5 55.5
10.5 56.5
11.5 38.5
11.5 39.5
11.5 40.5
11.5 41.5
15.5 38.5
15.5 58.5
15.5 59.5
16.5 18.5
16.5 19.5
16.5 20.5
16.5 21.5
16.5 40.5
16.5 41.5
16.5 61.5
16.5 62.5
16.5 63.5
16.5 64.5
17.5 22.5
17.5 23.5
17.5 24.5
17.5 43.5
17.5 44.5
18.5 30.5
18.5 31.5
19.5 11.5
19.5 12.5
19.5 32.5
19.5 33.5
19.5 34.5
19.5 35.5
19.5 52.5
19.5 53.5
19.5 54.5
20.5 14.5
20.5 15.5
20.5 16.5
20.5 36.5
20.5 37.5
20.5 38.5
20.5 57.5
20.5 58.5
20.5 59.5
25.5 17.5
25.5 18.5
25.5 36.5
25.5 37.5
25.5 58.5
25.5 59.5
25.5 60.5
25.5 61.5
26.5 19.5
26.5 20.5
26.5 21.5
26.5 38.5
26.5 39.5
26.5 40.5
26.5 41.5
26.5 61.5
26.5 62.5
26.5 63.5
26.5 64.5
27.5 22.5
27.5 23.5
27.5 41.5
27.5 42.5
27.5 43.5
27.5 65.5
27.5 66.5
28.5 10.5
28.5 11.5
28.5 12.5
29.5 13.5
29.5 14.5
29.5 15.5
29.5 30.5
29.5 31.5
29.5 51.5
29.5 52.5
29.5 53.5
30.5 32.5
30.5 33.5
30.5 34.5
30.5 53.5
30.5 54.5
30.5 55.5
30.5 56.5
31.5 35.5
31.5 36.5
31.5 57.5
31.5 58.5
35.5 13.5
35.5 14.5
35.5 15.5
35.5 16.5
36.5 10.5
36.5 11.5
36.5 12.5
36.5 13.5
36.5 14.5
36.5 33.5
36.5 34.5
36.5 35.5
36.5 36.5
36.5 56.5
36.5 57.5
36.5 58.5
37.5 29.5
37.5 30.5
37.5 31.5
37.5 32.5
37.5 59.5
37.5 60.5
37.5 61.5
37.5 62.5
38.5 23.5
39.5 20.5
39.5 21.5
39.5 22.5
39.5 50.5
40.5 18.5
40.5 19.5
40.5 38.5
40.5 39.5
40.5 40.5
40.5 41.5
40.5 42.5
40.5 52.5
40.5 53.5
41.5 54.5
41.5 55.5
41.5 56.5
45.5 17.5
45.5 36.5
46.5 15.5
46.5 16.5
46.5 38.5
46.5 39.5
46.5 40.5
46.5 41.5
46.5 53.5
46.5 54.5
47.5 12.5
47.5 13.5
47.5 14.5
47.5 42.5
47.5 43.5
47.5 50.5
47.5 51.5
48.5 11.5
49.5 24.5
49.5 25.5
49.5 31.5
49.5 32.5
49.5 33.5
50.5 20.5
50.5 21.5
50.5 22.5
50.5 23.5
50.5 33.5
50.5 34.5
50.5 35.5
50.5 57.5
50.5 58.5
50.5 59.5
50.5 60.5
50.5 61.5
50.5 62.5
50.5 63.5
51.5 18.5
51.5 19.5
51.5 20.5
51.5 36.5
51.5 37.5
56.5 17.5
56.5 18.5
56.5 38.5
56.5 39.5
56.5 40.5
57.5 20.5
57.5 21.5
57.5 22.5
57.5 23.5
57.5 40.5
57.5 41.5
57.5 42.5
57.5 51.5
57.5 52.5
57.5 53.5
57.5 54.5
57.5 55.5
57.5 56.5
57.5 57.5
58.5 43.5
58.5 44.5
60.5 12.5
60.5 13.5
60.5 14.5
60.5 15.5
60.5 32.5
60.5 33.5
60.5 34.5
60.5 35.5
60.5 63.5
60.5 64.5
61.5 16.5
61.5 17.5
61.5 36.5
61.5 37.5
61.5 38.5
61.5 59.5
61.5 60.5
61.5 61.5
