5.5 15.5
5.5 25.5
6.5 15.5
6.5 24.5
6.5 25.5
6.5 51.5
6.5 61.5
7.5 15.5
7.5 24.5
7.5 37.5
7.5 51.5
7.5 52.5
7.5 61.5
8.5 15.5
8.5 16.5
8.5 23.5
8.5 24.5
8.5 36.5
8.5 37.5
8.5 52.5
8.5 60.5
9.5 16.5
9.5 23.5
9.5 36.5
9.5 52.5
9.5 60.5
10.5 16.5
10.5 23.5
10.5 36.5
10.5 52.5
10.5 53.5
10.5 59.5
11.5 16.5
11.5 22.5
11.5 35.5
11.5 53.5
11.5 59.5
12.5 29.5
12.5 35.5
12.5 53.5
12.5 65.5
13.5 11.5
13.5 29.5
13.5 41.5
13.5 47.5
13.5 65.5
14.5 11.5
14.5 28.5
14.5 41.5
14.5 47.5
14.5 64.5
14.5 65.5
15.5 11.5
15.5 12.5
15.5 27.5
15.5 28.5
15.5 40.5
15.5 41.5
15.5 47.5
15.5 64.5
16.5 12.5
16.5 27.5
16.5 40.5
16.5 48.5
16.5 63.5
16.5 64.5
17.5 12.5
17.5 27.5
17.5 40.5
17.5 48.5
17.5 63.5
17.5 64.5
18.5 12.5
18.5 26.5
18.5 39.5
18.5 48.5
18.5 63.5
19.5 39.5
19.5 63.5
26.5 14.5
26.5 24.5
26.5 37.5
26.5 61.5
27.5 14.5
27.5 23.5
27.5 24.5
27.5 37.5
27.5 51.5
27.5 60.5
28.5 14.5
28.5 15.5
28.5 23.5
28.5 36.5
28.5 37.5
28.5 51.5
28.5 60.5
29.5 15.5
29.5 23.5
29.5 36.5
29.5 51.5
29.5 59.5
29.5 60.5
30.5 15.5
30.5 22.5
30.5 36.5
30.5 51.5
30.5 52.5
30.5 59.5
31.5 15.5
31.5 22.5
31.5 35.5
31.5 36.5
31.5 52.5
31.5 59.5
32.5 15.5
32.5 29.5
32.5 35.5
32.5 52.5
32.5 58.5
33.5 29.5
33.5 35.5
33.5 66.5
34.5 28.5
34.5 41.5
34.5 47.5
34.5 65.5
35.5 11.5
35.5 27.5
35.5 28.5
35.5 41.5
35.5 47.5
35.5 65.5
36.5 11.5
36.5 27.5
36.5 28.5
36.5 40.5
36.5 41.5
36.5 47.5
36.5 48.5
36.5 64.5
36.5 65.5
37.5 27.5
37.5 40.5
37.5 48.5
37.5 64.5
38.5 12.5
38.5 26.5
38.5 27.5
38.5 40.5
38.5 48.5
38.5 63.5
39.5 12.5
39.5 26.5
39.5 39.5
39.5 49.5
39.5 63.5
40.5 39.5
40.5 49.5
47.5 26.5
47.5 39.5
47.5 51.5
47.5 61.5
48.5 12.5
48.5 26.5
48.5 39.5
48.5 51.5
48.5 60.5
48.5 61.5
49.5 27.5
49.5 39.5
49.5 52.5
49.5 60.5
49.5 61.5
50.5 11.5
50.5 27.5
50.5 39.5
50.5 40.5
50.5 52.5
50.5 60.5
51.5 27.5
51.5 28.5
51.5 40.5
51.5 52.5
51.5 59.5
51.5 60.5
52.5 10.5
52.5 28.5
52.5 40.5
52.5 53.5
52.5 59.5
53.5 29.5
53.5 34.5
53.5 40.5
53.5 53.5
53.5 59.5
54.5 15.5
54.5 22.5
54.5 47.5
54.5 65.5
55.5 15.5
55.5 22.5
55.5 35.5
55.5 47.5
55.5 65.5
56.5 15.5
56.5 22.5
56.5 23.5
56.5 35.5
56.5 47.5
56.5 48.5
56.5 64.5
57.5 14.5
57.5 15.5
57.5 23.5
57.5 35.5
57.5 47.5
57.5 48.5
57.5 64.5
58.5 14.5
58.5 23.5
58.5 24.5
58.5 36.5
58.5 48.5
58.5 63.5
58.5 64.5
59.5 14.5
59.5 24.5
59.5 36.5
59.5 48.5
59.5 49.5
59.5 63.5
60.5 24.5
60.5 36.5
60.5 49.5
60.5 63.5
