4.5 18.5
4.5 19.5
4.5 37.5
4.5 38.5
4.5 57.5
4.5 58.5
4.5 59.5
5.5 20.5
5.5 21.5
5.5 40.5
5.5 41.5
5.5 61.5
5.5 62.5
5.5 63.5
6.5 23.5
6.5 24.5
6.5 43.5
6.5 44.5
6.5 65.5
6.5 66.5
7.5 49.5
8.5 10.5
8.5 11.5
8.5 12.5
8.5 31.5
8.5 32.5
8.5 52.5
8.5 53.5
8.5 54.5
9.5 13.5
9.5 14.5
9.5 15.5
9.5 33.5
9.5 34.5
9.5 35.5
9.5 55.5
9.5 56.5
9.5 57.5
10.5 16.5
10.5 17.5
10.5 18.5
10.5 37.5
10.5 38.5
14.5 58.5
15.5 17.5
15.5 18.5
15.5 36.5
15.5 37.5
15.5 55.5
15.5 56.5
16.5 13.5
16.5 14.5
16.5 15.5
16.5 33.5
16.5 34.5
16.5 52.5
16.5 53.5
17.5 11.5
17.5 12.5
17.5 30.5
17.5 31.5
17.5 50.5
17.5 51.5
17.5 65.5
18.5 25.5
18.5 45.5
18.5 62.5
18.5 63.5
19.5 22.5
19.5 23.5
19.5 41.5
19.5 42.5
19.5 43.5
19.5 59.5
19.5 60.5
19.5 61.5
20.5 19.5
20.5 20.5
20.5 39.5
20.5 40.5
20.5 57.5
20.5 58.5
21.5 17.5
21.5 36.5
21.5 37.5
25.5 18.5
25.5 36.5
25.5 59.5
25.5 60.5
25.5 61.5
26.5 20.5
26.5 21.5
26.5 39.5
26.5 40.5
26.5 41.5
26.5 62.5
26.5 63.5
26.5 64.5
27.5 22.5
27.5 23.5
27.5 42.5
27.5 43.5
27.5 44.5
27.5 67.5
28.5 10.5
28.5 25.5
28.5 49.5
29.5 12.5
29.5 13.5
29.5 14.5
29.5 30.5
29.5 31.5
29.5 32.5
29.5 52.5
29.5 53.5
29.5 54.5
29.5 55.5
30.5 15.5
30.5 16.5
30.5 17.5
30.5 34.5
30.5 35.5
30.5 57.5
30.5 58.5
30.5 59.5
31.5 18.5
31.5 19.5
31.5 37.5
31.5 38.5
35.5 19.5
35.5 20.5
35.5 35.5
35.5 36.5
35.5 58.5
35.5 59.5
35.5 60.5
35.5 61.5
36.5 23.5
36.5 24.5
36.5 30.5
36.5 31.5
36.5 63.5
36.5 64.5
36.5 65.5
38.5 40.5
38.5 41.5
38.5 42.5
38.5 43.5
38.5 44.5
38.5 50.5
38.5 51.5
38.5 52.5
39.5 13.5
39.5 14.5
39.5 15.5
39.5 16.5
39.5 17.5
39.5 18.5
39.5 19.5
39.5 36.5
39.5 54.5
39.5 55.5
39.5 56.5
40.5 59.5
44.5 18.5
44.5 35.5
44.5 36.5
44.5 37.5
44.5 38.5
44.5 59.5
44.5 60.5
45.5 16.5
45.5 17.5
45.5 31.5
45.5 32.5
45.5 33.5
45.5 57.5
45.5 58.5
46.5 14.5
46.5 15.5
46.5 26.5
46.5 54.5
46.5 55.5
46.5 56.5
47.5 12.5
47.5 13.5
47.5 24.5
47.5 52.5
47.5 53.5
47.5 66.5
48.5 11.5
48.5 23.5
48.5 64.5
48.5 65.5
49.5 21.5
49.5 22.5
49.5 41.5
49.5 42.5
49.5 43.5
49.5 44.5
49.5 45.5
49.5 46.5
49.5 62.5
49.5 63.5
50.5 20.5
50.5 37.5
50.5 38.5
50.5 39.5
50.5 60.5
50.5 61.5
51.5 59.5
55.5 38.5
55.5 39.5
56.5 17.5
56.5 18.5
56.5 19.5
56.5 40.5
56.5 41.5
56.5 59.5
56.5 60.5
56.5 61.5
57.5 20.5
57.5 21.5
57.5 22.5
57.5 23.5
57.5 24.5
57.5 43.5
57.5 44.5
57.5 62.5
57.5 63.5
57.5 64.5
58.5 30.5
58.5 45.5
58.5 46.5
58.5 66.5
59.5 31.5
59.5 32.5
59.5 33.5
60.5 34.5
60.5 35.5
60.5 52.5
60.5 53.5
60.5 54.5
61.5 13.5
61.5 14.5
61.5 15.5
61.5 36.5
61.5 37.5
61.5 38.5
61.5 56.5
61.5 57.5
61.5 58.5
62.5 17.5
62.5 18.5
62.5 39.5
