2.5 43.5
3.5 22.5
3.5 32.5
3.5 42.5
3.5 54.5
3.5 63.5
4.5 11.5
4.5 21.5
4.5 31.5
4.5 32.5
4.5 41.5
4.5 42.5
4.5 52.5
4.5 53.5
4.5 64.5
5.5 12.5
5.5 13.5
5.5 20.5
5.5 21.5
5.5 30.5
5.5 31.5
5.5 41.5
5.5 51.5
5.5 52.5
5.5 65.5
6.5 13.5
6.5 14.5
6.5 20.5
6.5 29.5
6.5 30.5
6.5 36.5
6.5 40.5
6.5 41.5
6.5 47.5
6.5 50.5
6.5 51.5
6.5 66.5
7.5 14.5
7.5 15.5
7.5 19.5
7.5 25.5
7.5 28.5
7.5 29.5
7.5 35.5
7.5 36.5
7.5 39.5
7.5 40.5
7.5 46.5
7.5 49.5
7.5 56.5
7.5 57.5
7.5 60.5
7.5 61.5
7.5 67.5
8.5 8.5
8.5 9.5
8.5 15.5
8.5 18.5
8.5 24.5
8.5 25.5
8.5 34.5
8.5 35.5
8.5 39.5
8.5 45.5
8.5 55.5
8.5 56.5
8.5 61.5
8.5 62.5
9.5 9.5
9.5 10.5
9.5 23.5
9.5 24.5
9.5 34.5
9.5 44.5
9.5 45.5
9.5 55.5
9.5 61.5
9.5 62.5
10.5 10.5
10.5 11.5
10.5 23.5
10.5 33.5
10.5 34.5
10.5 43.5
10.5 44.5
10.5 54.5
10.5 62.5
10.5 63.5
11.5 11.5
11.5 12.5
11.5 22.5
11.5 32.5
11.5 33.5
11.5 43.5
11.5 53.5
11.5 63.5
11.5 64.5
12.5 12.5
14.5 22.5
14.5 33.5
14.5 43.5
14.5 53.5
14.5 63.5
15.5 11.5
15.5 12.5
15.5 23.5
15.5 31.5
15.5 32.5
15.5 43.5
15.5 44.5
15.5 51.5
15.5 52.5
15.5 62.5
15.5 63.5
16.5 12.5
16.5 13.5
16.5 23.5
16.5 24.5
16.5 30.5
16.5 31.5
16.5 44.5
16.5 45.5
16.5 50.5
16.5 51.5
16.5 61.5
17.5 14.5
17.5 15.5
17.5 18.5
17.5 24.5
17.5 25.5
17.5 29.5
17.5 45.5
17.5 46.5
17.5 50.5
17.5 60.5
17.5 66.5
18.5 8.5
18.5 15.5
18.5 16.5
18.5 18.5
18.5 19.5
18.5 26.5
18.5 28.5
18.5 35.5
18.5 38.5
18.5 46.5
18.5 49.5
18.5 56.5
18.5 57.5
18.5 59.5
18.5 65.5
18.5 66.5
19.5 9.5
19.5 10.5
19.5 19.5
19.5 20.5
19.5 34.5
19.5 38.5
19.5 39.5
19.5 40.5
19.5 54.5
19.5 55.5
19.5 65.5
20.5 10.5
20.5 11.5
20.5 20.5
20.5 21.5
20.5 33.5
20.5 39.5
20.5 40.5
20.5 41.5
20.5 53.5
20.5 54.5
20.5 64.5
20.5 65.5
21.5 12.5
21.5 22.5
21.5 32.5
21.5 40.5
21.5 41.5
21.5 42.5
21.5 52.5
21.5 64.5
22.5 31.5
22.5 42.5
22.5 64.5
23.5 12.5
23.5 63.5
24.5 11.5
24.5 12.5
24.5 21.5
24.5 31.5
24.5 52.5
24.5 53.5
25.5 10.5
25.5 11.5
25.5 20.5
25.5 21.5
25.5 30.5
25.5 31.5
25.5 41.5
25.5 42.5
25.5 53.5
25.5 54.5
25.5 62.5
25.5 63.5
26.5 10.5
26.5 19.5
26.5 30.5
26.5 39.5
26.5 40.5
26.5 53.5
26.5 54.5
26.5 55.5
26.5 61.5
26.5 62.5
27.5 9.5
27.5 15.5
27.5 18.5
27.5 25.5
27.5 26.5
27.5 29.5
27.5 30.5
27.5 37.5
27.5 38.5
27.5 45.5
27.5 46.5
27.5 48.5
27.5 54.5
27.5 55.5
27.5 60.5
27.5 61.5
28.5 9.5
28.5 14.5
28.5 17.5
28.5 24.5
28.5 25.5
28.5 29.5
28.5 35.5
28.5 44.5
28.5 45.5
28.5 49.5
28.5 55.5
28.5 56.5
28.5 59.5
28.5 60.5
29.5 13.5
29.5 14.5
29.5 23.5
29.5 24.5
29.5 34.5
29.5 44.5
29.5 49.5
29.5 50.5
29.5 59.5
29.5 66.5
30.5 12.5
30.5 13.5
30.5 22.5
30.5 23.5
30.5 32.5
30.5 33.5
30.5 43.5
30.5 44.5
30.5 50.5
30.5 51.5
30.5 64.5
30.5 65.5
31.5 12.5
31.5 21.5
31.5 22.5
31.5 31.5
31.5 43.5
31.5 51.5
31.5 62.5
31.5 63.5
32.5 52.5
33.5 12.5
33.5 32.5
33.5 43.5
33.5 64.5
34.5 13.5
34.5 23.5
34.5 32.5
34.5 33.5
34.5 34.5
34.5 42.5
34.5 53.5
34.5 63.5
35.5 14.5
35.5 21.5
35.5 22.5
35.5 33.5
35.5 34.5
35.5 35.5
35.5 40.5
35.5 41.5
35.5 52.5
35.5 62.5
35.5 63.5
36.5 15.5
36.5 20.5
36.5 21.5
36.5 34.5
36.5 35.5
36.5 36.5
36.5 40.5
36.5 50.5
36.5 51.5
36.5 61.5
36.5 62.5
36.5 68.5
37.5 16.5
37.5 19.5
37.5 36.5
37.5 39.5
37.5 49.5
37.5 50.5
37.5 56.5
37.5 60.5
37.5 61.5
37.5 67.5
38.5 8.5
38.5 9.5
38.5 10.5
38.5 26.5
38.5 29.5
38.5 30.5
38.5 45.5
38.5 46.5
38.5 55.5
38.5 56.5
38.5 59.5
38.5 60.5
38.5 66.5
38.5 67.5
39.5 9.5
39.5 10.5
39.5 11.5
39.5 12.5
39.5 25.5
39.5 30.5
39.5 31.5
39.5 43.5
39.5 44.5
39.5 54.5
39.5 55.5
39.5 59.5
39.5 65.5
39.5 66.5
40.5 11.5
40.5 12.5
40.5 13.5
40.5 24.5
40.5 25.5
40.5 31.5
40.5 32.5
40.5 42.5
40.5 54.5
40.5 55.5
40.5 65.5
41.5 13.5
41.5 14.5
41.5 24.5
41.5 32.5
41.5 54.5
41.5 64.5
41.5 65.5
42.5 23.5
42.5 42.5
42.5 64.5
43.5 42.5
43.5 43.5
43.5 53.5
44.5 23.5
44.5 33.5
44.5 43.5
44.5 44.5
44.5 54.5
44.5 63.5
45.5 11.5
45.5 12.5
45.5 13.5
45.5 14.5
45.5 22.5
45.5 23.5
45.5 33.5
45.5 44.5
45.5 45.5
45.5 55.5
45.5 64.5
45.5 65.5
46.5 13.5
46.5 14.5
46.5 15.5
46.5 16.5
46.5 21.5
46.5 22.5
46.5 33.5
46.5 34.5
46.5 45.5
46.5 46.5
46.5 50.5
46.5 56.5
46.5 65.5
46.5 66.5
47.5 16.5
47.5 17.5
47.5 18.5
47.5 20.5
47.5 34.5
47.5 38.5
47.5 45.5
47.5 46.5
47.5 50.5
47.5 51.5
47.5 57.5
47.5 66.5
47.5 67.5
48.5 19.5
48.5 26.5
48.5 29.5
48.5 34.5
48.5 35.5
48.5 39.5
48.5 46.5
48.5 47.5
48.5 51.5
48.5 52.5
48.5 58.5
48.5 60.5
48.5 67.5
48.5 68.5
49.5 7.5
49.5 8.5
49.5 9.5
49.5 24.5
49.5 25.5
49.5 29.5
49.5 30.5
49.5 35.5
49.5 39.5
49.5 40.5
49.5 51.5
49.5 52.5
49.5 61.5
49.5 62.5
50.5 9.5
50.5 10.5
50.5 11.5
50.5 23.5
50.5 24.5
50.5 30.5
50.5 31.5
50.5 40.5
50.5 41.5
50.5 52.5
50.5 53.5
50.5 62.5
50.5 63.5
51.5 11.5
51.5 12.5
51.5 22.5
51.5 23.5
51.5 31.5
51.5 41.5
51.5 42.5
51.5 53.5
51.5 63.5
51.5 64.5
52.5 32.5
52.5 42.5
53.5 43.5
54.5 11.5
54.5 22.5
54.5 53.5
54.5 63.5
55.5 12.5
55.5 13.5
55.5 23.5
55.5 32.5
55.5 43.5
55.5 53.5
55.5 54.5
55.5 64.5
56.5 13.5
56.5 14.5
56.5 23.5
56.5 24.5
56.5 33.5
56.5 41.5
56.5 42.5
56.5 53.5
56.5 54.5
56.5 65.5
57.5 13.5
57.5 14.5
57.5 15.5
57.5 19.5
57.5 24.5
57.5 25.5
57.5 34.5
57.5 39.5
57.5 40.5
57.5 54.5
57.5 55.5
57.5 59.5
57.5 66.5
58.5 15.5
58.5 16.5
58.5 19.5
58.5 20.5
58.5 25.5
58.5 28.5
58.5 29.5
58.5 35.5
58.5 38.5
58.5 46.5
58.5 49.5
58.5 55.5
58.5 59.5
58.5 60.5
58.5 67.5
59.5 8.5
59.5 9.5
59.5 16.5
59.5 20.5
59.5 26.5
59.5 29.5
59.5 30.5
59.5 44.5
59.5 45.5
59.5 49.5
59.5 50.5
59.5 56.5
59.5 60.5
59.5 61.5
60.5 9.5
60.5 10.5
60.5 20.5
60.5 21.5
60.5 30.5
60.5 31.5
60.5 43.5
60.5 44.5
60.5 50.5
60.5 51.5
60.5 61.5
60.5 62.5
61.5 10.5
61.5 11.5
61.5 21.5
61.5 31.5
61.5 32.5
61.5 42.5
61.5 51.5
61.5 62.5
61.5 63.5
62.5 11.5
62.5 12.5
62.5 22.5
62.5 52.5
62.5 63.5
63.5 12.5
63.5 13.5
63.5 22.5
