4.5 31.5
4.5 45.5
5.5 16.5
5.5 31.5
5.5 44.5
5.5 60.5
6.5 31.5
6.5 32.5
6.5 44.5
6.5 60.5
6.5 61.5
7.5 17.5
7.5 32.5
7.5 43.5
7.5 61.5
8.5 17.5
8.5 18.5
8.5 32.5
8.5 33.5
8.5 43.5
8.5 62.5
9.5 18.5
9.5 33.5
9.5 42.5
9.5 62.5
9.5 63.5
10.5 18.5
10.5 19.5
10.5 33.5
10.5 34.5
10.5 42.5
10.5 63.5
11.5 19.5
11.5 34.5
11.5 41.5
11.5 63.5
11.5 64.5
12.5 11.5
12.5 19.5
12.5 25.5
12.5 34.5
12.5 49.5
12.5 56.5
12.5 64.5
13.5 11.5
13.5 20.5
13.5 26.5
13.5 35.5
13.5 40.5
13.5 48.5
13.5 49.5
13.5 56.5
13.5 65.5
14.5 12.5
14.5 26.5
14.5 27.5
14.5 48.5
14.5 57.5
15.5 12.5
15.5 13.5
15.5 27.5
15.5 47.5
15.5 48.5
15.5 57.5
16.5 13.5
16.5 27.5
16.5 28.5
16.5 47.5
16.5 48.5
16.5 57.5
16.5 58.5
17.5 13.5
17.5 14.5
17.5 28.5
17.5 46.5
17.5 47.5
17.5 58.5
18.5 14.5
18.5 28.5
18.5 29.5
18.5 46.5
18.5 47.5
18.5 58.5
18.5 59.5
19.5 15.5
19.5 29.5
19.5 46.5
19.5 59.5
20.5 45.5
20.5 59.5
21.5 45.5
25.5 15.5
25.5 29.5
25.5 45.5
25.5 61.5
26.5 15.5
26.5 16.5
26.5 28.5
26.5 44.5
26.5 61.5
27.5 16.5
27.5 17.5
27.5 28.5
27.5 44.5
27.5 61.5
27.5 62.5
28.5 17.5
28.5 27.5
28.5 28.5
28.5 43.5
28.5 62.5
29.5 17.5
29.5 18.5
29.5 27.5
29.5 42.5
29.5 43.5
29.5 63.5
30.5 18.5
30.5 26.5
30.5 27.5
30.5 42.5
30.5 63.5
30.5 64.5
31.5 10.5
31.5 19.5
31.5 26.5
31.5 34.5
31.5 41.5
31.5 42.5
31.5 64.5
32.5 10.5
32.5 19.5
32.5 25.5
32.5 33.5
32.5 41.5
32.5 56.5
32.5 64.5
33.5 11.5
33.5 20.5
33.5 25.5
33.5 33.5
33.5 40.5
33.5 41.5
33.5 51.5
33.5 56.5
33.5 57.5
33.5 65.5
34.5 11.5
34.5 12.5
34.5 32.5
34.5 33.5
34.5 40.5
34.5 50.5
34.5 57.5
35.5 12.5
35.5 32.5
35.5 39.5
35.5 49.5
35.5 50.5
35.5 58.5
36.5 12.5
36.5 13.5
36.5 32.5
36.5 48.5
36.5 49.5
36.5 58.5
36.5 59.5
37.5 13.5
37.5 31.5
37.5 32.5
37.5 47.5
37.5 48.5
37.5 59.5
38.5 13.5
38.5 14.5
38.5 31.5
38.5 47.5
38.5 60.5
39.5 14.5
39.5 31.5
39.5 46.5
39.5 61.5
40.5 15.5
40.5 30.5
40.5 45.5
41.5 30.5
44.5 61.5
45.5 29.5
45.5 45.5
45.5 62.5
46.5 16.5
46.5 29.5
46.5 46.5
46.5 62.5
47.5 16.5
47.5 28.5
47.5 46.5
47.5 62.5
47.5 63.5
48.5 16.5
48.5 17.5
48.5 28.5
48.5 46.5
48.5 47.5
48.5 63.5
49.5 17.5
49.5 27.5
49.5 46.5
49.5 47.5
49.5 63.5
49.5 64.5
50.5 17.5
50.5 27.5
50.5 47.5
50.5 64.5
51.5 17.5
51.5 18.5
51.5 26.5
51.5 27.5
51.5 47.5
51.5 48.5
51.5 64.5
52.5 18.5
52.5 26.5
52.5 47.5
52.5 48.5
52.5 56.5
52.5 65.5
53.5 10.5
53.5 18.5
53.5 25.5
53.5 39.5
53.5 48.5
53.5 56.5
53.5 57.5
53.5 65.5
54.5 10.5
54.5 19.5
54.5 25.5
54.5 34.5
54.5 40.5
54.5 48.5
54.5 49.5
54.5 56.5
54.5 57.5
55.5 11.5
55.5 19.5
55.5 33.5
55.5 40.5
55.5 49.5
55.5 57.5
56.5 11.5
56.5 32.5
56.5 33.5
56.5 41.5
56.5 57.5
56.5 58.5
57.5 11.5
57.5 12.5
57.5 32.5
57.5 41.5
57.5 42.5
57.5 57.5
57.5 58.5
58.5 12.5
58.5 31.5
58.5 32.5
58.5 42.5
58.5 58.5
59.5 12.5
59.5 13.5
59.5 30.5
59.5 31.5
59.5 42.5
59.5 43.5
59.5 58.5
59.5 59.5
60.5 13.5
60.5 30.5
60.5 43.5
60.5 59.5
61.5 13.5
61.5 29.5
61.5 44.5
61.5 59.5
62.5 44.5
