3.5 12.5
3.5 31.5
3.5 46.5
4.5 14.5
4.5 15.5
4.5 29.5
4.5 44.5
4.5 45.5
4.5 62.5
4.5 63.5
5.5 16.5
5.5 17.5
5.5 26.5
5.5 27.5
5.5 42.5
5.5 43.5
5.5 59.5
5.5 60.5
6.5 19.5
6.5 20.5
6.5 24.5
6.5 25.5
6.5 40.5
6.5 41.5
6.5 53.5
6.5 56.5
6.5 57.5
6.5 58.5
7.5 7.5
7.5 8.5
7.5 21.5
7.5 22.5
7.5 23.5
7.5 35.5
7.5 38.5
7.5 39.5
7.5 50.5
7.5 51.5
7.5 53.5
7.5 54.5
7.5 55.5
8.5 10.5
8.5 11.5
8.5 32.5
8.5 33.5
8.5 37.5
8.5 48.5
8.5 49.5
8.5 66.5
8.5 67.5
9.5 12.5
9.5 13.5
9.5 14.5
9.5 30.5
9.5 31.5
9.5 46.5
9.5 47.5
9.5 63.5
9.5 64.5
10.5 15.5
10.5 16.5
10.5 28.5
10.5 29.5
10.5 44.5
10.5 45.5
10.5 60.5
10.5 61.5
11.5 43.5
11.5 58.5
13.5 17.5
13.5 32.5
14.5 15.5
14.5 30.5
14.5 42.5
14.5 43.5
14.5 59.5
14.5 60.5
15.5 12.5
15.5 13.5
15.5 28.5
15.5 29.5
15.5 45.5
15.5 46.5
15.5 61.5
15.5 62.5
16.5 10.5
16.5 11.5
16.5 22.5
16.5 26.5
16.5 27.5
16.5 47.5
16.5 48.5
16.5 63.5
16.5 64.5
17.5 9.5
17.5 20.5
17.5 21.5
17.5 24.5
17.5 25.5
17.5 37.5
17.5 50.5
17.5 51.5
17.5 54.5
17.5 66.5
18.5 18.5
18.5 19.5
18.5 22.5
18.5 35.5
18.5 37.5
18.5 38.5
18.5 53.5
18.5 55.5
18.5 56.5
18.5 68.5
19.5 16.5
19.5 17.5
19.5 33.5
19.5 34.5
19.5 39.5
19.5 40.5
19.5 41.5
19.5 57.5
19.5 58.5
20.5 15.5
20.5 31.5
20.5 32.5
20.5 42.5
20.5 43.5
20.5 44.5
20.5 59.5
20.5 60.5
21.5 13.5
21.5 29.5
21.5 30.5
21.5 45.5
21.5 46.5
21.5 61.5
21.5 62.5
22.5 28.5
23.5 13.5
24.5 15.5
24.5 47.5
24.5 62.5
25.5 16.5
25.5 17.5
25.5 30.5
25.5 31.5
25.5 44.5
25.5 45.5
25.5 59.5
25.5 60.5
26.5 18.5
26.5 28.5
26.5 29.5
26.5 41.5
26.5 42.5
26.5 57.5
26.5 58.5
27.5 7.5
27.5 8.5
27.5 19.5
27.5 20.5
27.5 26.5
27.5 27.5
27.5 37.5
27.5 38.5
27.5 39.5
27.5 52.5
27.5 53.5
27.5 55.5
27.5 56.5
27.5 68.5
28.5 9.5
28.5 10.5
28.5 21.5
28.5 24.5
28.5 35.5
28.5 49.5
28.5 50.5
28.5 53.5
28.5 65.5
28.5 66.5
29.5 11.5
29.5 12.5
29.5 22.5
29.5 32.5
29.5 33.5
29.5 46.5
29.5 47.5
29.5 63.5
29.5 64.5
30.5 13.5
30.5 14.5
30.5 30.5
30.5 31.5
30.5 43.5
30.5 44.5
30.5 61.5
30.5 62.5
31.5 15.5
31.5 16.5
31.5 28.5
31.5 59.5
31.5 60.5
32.5 17.5
33.5 47.5
34.5 27.5
34.5 28.5
34.5 29.5
34.5 44.5
34.5 45.5
34.5 59.5
35.5 14.5
35.5 15.5
35.5 30.5
35.5 31.5
35.5 32.5
35.5 42.5
35.5 43.5
35.5 61.5
35.5 62.5
36.5 11.5
36.5 12.5
36.5 33.5
36.5 34.5
36.5 35.5
36.5 39.5
36.5 40.5
36.5 63.5
37.5 8.5
37.5 9.5
37.5 37.5
37.5 38.5
37.5 52.5
37.5 53.5
37.5 65.5
38.5 22.5
38.5 49.5
38.5 50.5
38.5 51.5
38.5 54.5
38.5 55.5
38.5 67.5
39.5 18.5
39.5 19.5
39.5 20.5
39.5 23.5
39.5 24.5
39.5 25.5
39.5 47.5
39.5 48.5
39.5 56.5
39.5 57.5
39.5 58.5
40.5 16.5
40.5 17.5
40.5 18.5
40.5 26.5
40.5 27.5
40.5 28.5
40.5 45.5
40.5 46.5
40.5 58.5
40.5 59.5
40.5 60.5
41.5 13.5
41.5 14.5
41.5 15.5
41.5 29.5
41.5 30.5
41.5 31.5
41.5 43.5
41.5 61.5
41.5 62.5
42.5 11.5
44.5 31.5
44.5 48.5
44.5 62.5
45.5 16.5
45.5 17.5
45.5 29.5
45.5 30.5
45.5 45.5
45.5 46.5
45.5 60.5
45.5 61.5
46.5 13.5
46.5 14.5
46.5 15.5
46.5 28.5
46.5 42.5
46.5 43.5
46.5 44.5
46.5 59.5
47.5 10.5
47.5 11.5
47.5 12.5
47.5 26.5
47.5 36.5
47.5 37.5
47.5 40.5
47.5 41.5
47.5 57.5
47.5 58.5
47.5 67.5
48.5 7.5
48.5 8.5
48.5 24.5
48.5 34.5
48.5 35.5
48.5 38.5
48.5 39.5
48.5 56.5
48.5 66.5
49.5 21.5
49.5 22.5
49.5 33.5
49.5 34.5
49.5 52.5
49.5 53.5
49.5 54.5
49.5 55.5
49.5 64.5
49.5 65.5
50.5 17.5
50.5 18.5
50.5 19.5
50.5 31.5
50.5 32.5
50.5 49.5
50.5 50.5
50.5 53.5
50.5 63.5
51.5 14.5
51.5 15.5
51.5 30.5
51.5 46.5
51.5 47.5
51.5 48.5
51.5 62.5
52.5 28.5
52.5 44.5
52.5 45.5
52.5 60.5
53.5 59.5
54.5 29.5
55.5 13.5
55.5 14.5
55.5 31.5
55.5 43.5
55.5 59.5
55.5 60.5
56.5 15.5
56.5 16.5
56.5 32.5
56.5 33.5
56.5 45.5
56.5 62.5
56.5 63.5
57.5 16.5
57.5 17.5
57.5 18.5
57.5 34.5
57.5 35.5
57.5 47.5
57.5 48.5
57.5 64.5
57.5 65.5
57.5 66.5
58.5 7.5
58.5 18.5
58.5 19.5
58.5 20.5
58.5 36.5
58.5 39.5
58.5 49.5
58.5 50.5
58.5 67.5
58.5 68.5
59.5 9.5
59.5 21.5
59.5 22.5
59.5 23.5
59.5 24.5
59.5 25.5
59.5 38.5
59.5 40.5
59.5 41.5
59.5 51.5
59.5 52.5
60.5 10.5
60.5 11.5
60.5 23.5
60.5 26.5
60.5 27.5
60.5 28.5
60.5 42.5
60.5 53.5
60.5 55.5
60.5 56.5
60.5 57.5
60.5 58.5
61.5 12.5
61.5 28.5
61.5 29.5
61.5 30.5
61.5 31.5
61.5 43.5
61.5 44.5
61.5 59.5
61.5 60.5
61.5 61.5
61.5 62.5
62.5 13.5
62.5 14.5
62.5 31.5
62.5 32.5
62.5 33.5
62.5 45.5
63.5 15.5
63.5 47.5
