5.5 23.5
6.5 13.5
6.5 23.5
6.5 24.5
6.5 31.5
6.5 32.5
6.5 43.5
6.5 44.5
6.5 52.5
6.5 64.5
7.5 13.5
7.5 14.5
7.5 23.5
7.5 24.5
7.5 31.5
7.5 43.5
7.5 44.5
7.5 51.5
7.5 52.5
7.5 64.5
7.5 65.5
8.5 13.5
8.5 14.5
8.5 23.5
8.5 24.5
8.5 30.5
8.5 31.5
8.5 44.5
8.5 45.5
8.5 51.5
8.5 52.5
8.5 64.5
8.5 65.5
9.5 13.5
9.5 14.5
9.5 24.5
9.5 25.5
9.5 30.5
9.5 31.5
9.5 44.5
9.5 45.5
9.5 50.5
9.5 51.5
9.5 52.5
9.5 64.5
9.5 65.5
10.5 13.5
10.5 14.5
10.5 15.5
10.5 24.5
10.5 25.5
10.5 30.5
10.5 44.5
10.5 45.5
10.5 50.5
10.5 51.5
10.5 64.5
10.5 65.5
10.5 66.5
11.5 14.5
11.5 15.5
11.5 30.5
11.5 45.5
11.5 50.5
11.5 51.5
11.5 65.5
11.5 66.5
12.5 15.5
12.5 20.5
12.5 40.5
12.5 65.5
12.5 66.5
13.5 9.5
13.5 20.5
13.5 34.5
13.5 35.5
13.5 40.5
13.5 41.5
13.5 55.5
14.5 9.5
14.5 10.5
14.5 20.5
14.5 21.5
14.5 33.5
14.5 34.5
14.5 35.5
14.5 40.5
14.5 41.5
14.5 55.5
14.5 60.5
14.5 61.5
15.5 9.5
15.5 10.5
15.5 20.5
15.5 21.5
15.5 33.5
15.5 34.5
15.5 40.5
15.5 41.5
15.5 54.5
15.5 55.5
15.5 60.5
15.5 61.5
16.5 9.5
16.5 10.5
16.5 11.5
16.5 20.5
16.5 21.5
16.5 33.5
16.5 34.5
16.5 40.5
16.5 41.5
16.5 42.5
16.5 54.5
16.5 55.5
16.5 60.5
16.5 61.5
16.5 62.5
17.5 9.5
17.5 10.5
17.5 11.5
17.5 20.5
17.5 21.5
17.5 33.5
17.5 34.5
17.5 41.5
17.5 42.5
17.5 54.5
17.5 55.5
17.5 61.5
17.5 62.5
18.5 10.5
18.5 11.5
18.5 21.5
18.5 33.5
18.5 41.5
18.5 42.5
18.5 54.5
18.5 61.5
18.5 62.5
19.5 11.5
19.5 62.5
26.5 23.5
26.5 31.5
26.5 43.5
26.5 51.5
26.5 52.5
27.5 10.5
27.5 11.5
27.5 23.5
27.5 24.5
27.5 30.5
27.5 31.5
27.5 43.5
27.5 44.5
27.5 51.5
27.5 61.5
27.5 62.5
28.5 10.5
28.5 11.5
28.5 23.5
28.5 24.5
28.5 30.5
28.5 31.5
28.5 43.5
28.5 44.5
28.5 50.5
28.5 51.5
28.5 61.5
28.5 62.5
29.5 10.5
29.5 11.5
29.5 23.5
29.5 24.5
29.5 25.5
29.5 30.5
29.5 31.5
29.5 43.5
29.5 44.5
29.5 50.5
29.5 51.5
29.5 61.5
29.5 62.5
30.5 9.5
30.5 10.5
30.5 11.5
30.5 24.5
30.5 25.5
30.5 30.5
30.5 31.5
30.5 43.5
30.5 44.5
30.5 50.5
30.5 51.5
30.5 60.5
30.5 61.5
31.5 9.5
31.5 10.5
31.5 11.5
31.5 24.5
31.5 25.5
31.5 30.5
31.5 43.5
31.5 44.5
31.5 49.5
31.5 50.5
31.5 60.5
31.5 61.5
32.5 9.5
32.5 10.5
32.5 25.5
32.5 30.5
32.5 44.5
32.5 49.5
32.5 50.5
32.5 60.5
32.5 61.5
33.5 10.5
33.5 20.5
33.5 55.5
33.5 60.5
34.5 15.5
34.5 20.5
34.5 21.5
34.5 34.5
34.5 35.5
34.5 40.5
34.5 54.5
34.5 55.5
34.5 65.5
34.5 66.5
35.5 15.5
35.5 16.5
35.5 20.5
35.5 21.5
35.5 34.5
35.5 35.5
35.5 40.5
35.5 53.5
35.5 54.5
35.5 55.5
35.5 65.5
35.5 66.5
36.5 14.5
36.5 15.5
36.5 21.5
36.5 22.5
36.5 34.5
36.5 35.5
36.5 40.5
36.5 53.5
36.5 54.5
36.5 64.5
36.5 65.5
36.5 66.5
37.5 14.5
37.5 15.5
37.5 21.5
37.5 22.5
37.5 34.5
37.5 35.5
37.5 40.5
37.5 41.5
37.5 53.5
37.5 54.5
37.5 64.5
37.5 65.5
37.5 66.5
38.5 14.5
38.5 15.5
38.5 21.5
38.5 22.5
38.5 34.5
38.5 35.5
38.5 40.5
38.5 41.5
38.5 53.5
38.5 54.5
38.5 64.5
38.5 65.5
39.5 14.5
39.5 22.5
39.5 34.5
39.5 41.5
39.5 53.5
39.5 64.5
39.5 65.5
40.5 14.5
40.5 34.5
40.5 41.5
46.5 24.5
47.5 14.5
47.5 24.5
47.5 32.5
47.5 51.5
47.5 63.5
48.5 14.5
48.5 24.5
48.5 25.5
48.5 31.5
48.5 32.5
48.5 43.5
48.5 50.5
48.5 51.5
48.5 62.5
48.5 63.5
49.5 14.5
49.5 15.5
49.5 24.5
49.5 25.5
49.5 30.5
49.5 31.5
49.5 32.5
49.5 43.5
49.5 44.5
49.5 50.5
49.5 51.5
49.5 62.5
49.5 63.5
50.5 14.5
50.5 15.5
50.5 24.5
50.5 25.5
50.5 30.5
50.5 31.5
50.5 43.5
50.5 44.5
50.5 49.5
50.5 50.5
50.5 51.5
50.5 61.5
50.5 62.5
50.5 63.5
51.5 14.5
51.5 15.5
51.5 25.5
51.5 30.5
51.5 31.5
51.5 44.5
51.5 49.5
51.5 50.5
51.5 61.5
51.5 62.5
51.5 63.5
52.5 15.5
52.5 30.5
52.5 44.5
52.5 49.5
52.5 50.5
52.5 61.5
52.5 62.5
53.5 15.5
53.5 20.5
53.5 61.5
54.5 10.5
54.5 20.5
54.5 21.5
54.5 34.5
54.5 35.5
54.5 40.5
54.5 55.5
54.5 56.5
54.5 67.5
55.5 10.5
55.5 11.5
55.5 20.5
55.5 21.5
55.5 34.5
55.5 35.5
55.5 40.5
55.5 41.5
55.5 54.5
55.5 55.5
55.5 56.5
55.5 66.5
55.5 67.5
56.5 10.5
56.5 11.5
56.5 20.5
56.5 21.5
56.5 33.5
56.5 34.5
56.5 40.5
56.5 41.5
56.5 54.5
56.5 55.5
56.5 56.5
56.5 66.5
56.5 67.5
57.5 10.5
57.5 11.5
57.5 21.5
57.5 22.5
57.5 33.5
57.5 34.5
57.5 40.5
57.5 41.5
57.5 54.5
57.5 55.5
57.5 65.5
57.5 66.5
58.5 10.5
58.5 11.5
58.5 21.5
58.5 22.5
58.5 33.5
58.5 41.5
58.5 42.5
58.5 54.5
58.5 55.5
58.5 65.5
58.5 66.5
59.5 11.5
59.5 54.5
59.5 65.5
59.5 66.5
60.5 65.5
