3.5 32.5
4.5 12.5
4.5 22.5
4.5 31.5
4.5 32.5
4.5 64.5
5.5 12.5
5.5 22.5
5.5 31.5
5.5 43.5
5.5 54.5
5.5 64.5
6.5 12.5
6.5 30.5
6.5 31.5
6.5 43.5
6.5 54.5
6.5 64.5
7.5 11.5
7.5 12.5
7.5 23.5
7.5 30.5
7.5 31.5
7.5 42.5
7.5 43.5
7.5 54.5
7.5 55.5
7.5 64.5
7.5 65.5
8.5 11.5
8.5 12.5
8.5 23.5
8.5 30.5
8.5 31.5
8.5 42.5
8.5 55.5
8.5 65.5
9.5 11.5
9.5 23.5
9.5 29.5
9.5 30.5
9.5 42.5
9.5 55.5
9.5 65.5
10.5 10.5
10.5 11.5
10.5 23.5
10.5 29.5
10.5 30.5
10.5 41.5
10.5 42.5
10.5 55.5
10.5 56.5
10.5 65.5
11.5 10.5
11.5 11.5
11.5 16.5
11.5 20.5
11.5 24.5
11.5 29.5
11.5 30.5
11.5 36.5
11.5 41.5
11.5 42.5
11.5 47.5
11.5 50.5
11.5 56.5
11.5 61.5
11.5 65.5
11.5 66.5
12.5 10.5
12.5 16.5
12.5 20.5
12.5 24.5
12.5 29.5
12.5 36.5
12.5 41.5
12.5 46.5
12.5 56.5
12.5 61.5
12.5 66.5
13.5 10.5
13.5 16.5
13.5 20.5
13.5 24.5
13.5 28.5
13.5 29.5
13.5 35.5
13.5 36.5
13.5 41.5
13.5 46.5
13.5 51.5
13.5 56.5
13.5 57.5
13.5 61.5
13.5 66.5
14.5 10.5
14.5 15.5
14.5 20.5
14.5 28.5
14.5 35.5
14.5 36.5
14.5 41.5
14.5 46.5
14.5 51.5
14.5 57.5
14.5 61.5
14.5 62.5
14.5 66.5
15.5 15.5
15.5 21.5
15.5 35.5
15.5 45.5
15.5 46.5
15.5 51.5
15.5 52.5
15.5 57.5
15.5 62.5
16.5 14.5
16.5 15.5
16.5 21.5
16.5 34.5
16.5 35.5
16.5 45.5
16.5 46.5
16.5 52.5
16.5 62.5
17.5 14.5
17.5 21.5
17.5 34.5
17.5 45.5
17.5 52.5
17.5 53.5
17.5 62.5
18.5 14.5
18.5 21.5
18.5 33.5
18.5 34.5
18.5 45.5
18.5 53.5
18.5 62.5
18.5 63.5
19.5 13.5
19.5 14.5
19.5 22.5
19.5 33.5
19.5 34.5
19.5 44.5
19.5 45.5
19.5 53.5
19.5 63.5
20.5 13.5
20.5 22.5
20.5 33.5
20.5 44.5
20.5 53.5
20.5 63.5
21.5 13.5
21.5 22.5
21.5 44.5
21.5 54.5
21.5 63.5
22.5 44.5
22.5 54.5
24.5 13.5
24.5 22.5
24.5 32.5
24.5 44.5
24.5 54.5
24.5 64.5
25.5 13.5
25.5 33.5
25.5 44.5
25.5 54.5
25.5 64.5
26.5 13.5
26.5 21.5
26.5 33.5
26.5 44.5
26.5 54.5
26.5 55.5
26.5 64.5
27.5 13.5
27.5 14.5
27.5 21.5
27.5 33.5
27.5 44.5
27.5 45.5
27.5 55.5
27.5 65.5
28.5 14.5
28.5 21.5
28.5 33.5
28.5 34.5
28.5 45.5
28.5 55.5
28.5 65.5
29.5 14.5
29.5 20.5
29.5 21.5
29.5 33.5
29.5 34.5
29.5 45.5
29.5 55.5
29.5 65.5
30.5 14.5
30.5 15.5
30.5 20.5
30.5 25.5
30.5 28.5
30.5 33.5
30.5 34.5
30.5 45.5
30.5 46.5
30.5 55.5
30.5 65.5
30.5 66.5
31.5 14.5
31.5 15.5
31.5 20.5
31.5 25.5
31.5 28.5
31.5 34.5
31.5 45.5
31.5 46.5
31.5 55.5
31.5 60.5
31.5 66.5
32.5 10.5
32.5 15.5
32.5 20.5
32.5 24.5
32.5 29.5
32.5 34.5
32.5 40.5
32.5 46.5
32.5 51.5
32.5 55.5
32.5 56.5
32.5 60.5
32.5 61.5
32.5 66.5
33.5 10.5
33.5 15.5
33.5 19.5
33.5 24.5
33.5 29.5
33.5 34.5
33.5 35.5
33.5 40.5
33.5 46.5
33.5 51.5
33.5 56.5
33.5 61.5
33.5 67.5
34.5 10.5
34.5 15.5
34.5 19.5
34.5 24.5
34.5 29.5
34.5 35.5
34.5 40.5
34.5 46.5
34.5 51.5
34.5 56.5
34.5 61.5
34.5 67.5
35.5 11.5
35.5 24.5
35.5 29.5
35.5 35.5
35.5 40.5
35.5 41.5
35.5 51.5
35.5 56.5
35.5 61.5
35.5 62.5
35.5 67.5
36.5 11.5
36.5 23.5
36.5 24.5
36.5 30.5
36.5 40.5
36.5 41.5
36.5 51.5
36.5 61.5
36.5 62.5
37.5 11.5
37.5 23.5
37.5 30.5
37.5 41.5
37.5 51.5
37.5 52.5
37.5 62.5
38.5 11.5
38.5 12.5
38.5 23.5
38.5 30.5
38.5 41.5
38.5 52.5
38.5 62.5
38.5 63.5
39.5 12.5
39.5 23.5
39.5 30.5
39.5 41.5
39.5 42.5
39.5 52.5
39.5 62.5
39.5 63.5
40.5 12.5
40.5 22.5
40.5 31.5
40.5 41.5
40.5 42.5
40.5 52.5
40.5 63.5
41.5 12.5
41.5 22.5
41.5 31.5
41.5 42.5
41.5 52.5
41.5 63.5
42.5 42.5
44.5 13.5
44.5 22.5
44.5 42.5
44.5 63.5
45.5 13.5
45.5 22.5
45.5 32.5
45.5 42.5
45.5 63.5
46.5 14.5
46.5 21.5
46.5 22.5
46.5 32.5
46.5 41.5
46.5 42.5
46.5 52.5
46.5 62.5
46.5 63.5
47.5 14.5
47.5 21.5
47.5 32.5
47.5 41.5
47.5 52.5
47.5 62.5
47.5 63.5
48.5 14.5
48.5 21.5
48.5 32.5
48.5 33.5
48.5 40.5
48.5 41.5
48.5 52.5
48.5 62.5
49.5 15.5
49.5 21.5
49.5 33.5
49.5 40.5
49.5 41.5
49.5 51.5
49.5 61.5
49.5 62.5
50.5 15.5
50.5 21.5
50.5 33.5
50.5 40.5
50.5 51.5
50.5 61.5
50.5 62.5
51.5 10.5
51.5 15.5
51.5 20.5
51.5 21.5
51.5 25.5
51.5 33.5
51.5 34.5
51.5 39.5
51.5 40.5
51.5 51.5
51.5 61.5
52.5 10.5
52.5 16.5
52.5 20.5
52.5 25.5
52.5 29.5
52.5 34.5
52.5 39.5
52.5 40.5
52.5 46.5
52.5 51.5
52.5 55.5
52.5 60.5
52.5 61.5
52.5 67.5
53.5 10.5
53.5 11.5
53.5 16.5
53.5 20.5
53.5 25.5
53.5 29.5
53.5 34.5
53.5 39.5
53.5 45.5
53.5 46.5
53.5 50.5
53.5 55.5
53.5 60.5
53.5 61.5
53.5 67.5
54.5 10.5
54.5 11.5
54.5 20.5
54.5 24.5
54.5 29.5
54.5 34.5
54.5 38.5
54.5 39.5
54.5 45.5
54.5 50.5
54.5 55.5
54.5 60.5
54.5 66.5
54.5 67.5
55.5 11.5
55.5 24.5
55.5 29.5
55.5 30.5
55.5 38.5
55.5 44.5
55.5 45.5
55.5 50.5
55.5 55.5
55.5 60.5
55.5 66.5
56.5 11.5
56.5 12.5
56.5 24.5
56.5 30.5
56.5 44.5
56.5 45.5
56.5 54.5
56.5 55.5
56.5 60.5
56.5 66.5
57.5 11.5
57.5 12.5
57.5 24.5
57.5 30.5
57.5 44.5
57.5 54.5
57.5 65.5
57.5 66.5
58.5 11.5
58.5 12.5
58.5 30.5
58.5 31.5
58.5 43.5
58.5 44.5
58.5 54.5
58.5 65.5
59.5 12.5
59.5 23.5
59.5 31.5
59.5 43.5
59.5 54.5
59.5 64.5
59.5 65.5
60.5 12.5
60.5 23.5
60.5 31.5
60.5 43.5
60.5 54.5
60.5 64.5
60.5 65.5
61.5 13.5
61.5 23.5
61.5 31.5
61.5 42.5
61.5 54.5
61.5 64.5
62.5 42.5
62.5 64.5
63.5 63.5
