2.5 13.5
3.5 14.5
3.5 49.5
3.5 63.5
4.5 15.5
4.5 26.5
4.5 38.5
4.5 50.5
4.5 63.5
5.5 16.5
5.5 25.5
5.5 37.5
5.5 51.5
5.5 64.5
6.5 17.5
6.5 24.5
6.5 36.5
6.5 42.5
6.5 44.5
6.5 52.5
6.5 53.5
6.5 64.5
7.5 9.5
7.5 18.5
7.5 23.5
7.5 35.5
7.5 45.5
7.5 54.5
7.5 58.5
7.5 65.5
8.5 10.5
8.5 19.5
8.5 21.5
8.5 32.5
8.5 41.5
8.5 55.5
8.5 59.5
9.5 11.5
9.5 30.5
9.5 46.5
9.5 59.5
9.5 66.5
10.5 12.5
10.5 28.5
10.5 40.5
10.5 47.5
10.5 60.5
11.5 13.5
11.5 26.5
11.5 39.5
11.5 48.5
11.5 61.5
12.5 14.5
12.5 39.5
12.5 48.5
12.5 61.5
13.5 38.5
13.5 49.5
13.5 62.5
14.5 11.5
14.5 50.5
15.5 12.5
16.5 13.5
16.5 26.5
16.5 38.5
16.5 61.5
17.5 14.5
17.5 27.5
17.5 37.5
17.5 60.5
18.5 14.5
18.5 15.5
18.5 28.5
18.5 50.5
18.5 60.5
19.5 8.5
19.5 15.5
19.5 20.5
19.5 29.5
19.5 36.5
19.5 51.5
19.5 59.5
20.5 9.5
20.5 16.5
20.5 21.5
20.5 30.5
20.5 35.5
20.5 43.5
20.5 52.5
20.5 59.5
20.5 66.5
21.5 17.5
21.5 22.5
21.5 31.5
21.5 41.5
21.5 44.5
21.5 53.5
21.5 58.5
21.5 65.5
22.5 10.5
22.5 18.5
22.5 23.5
22.5 32.5
22.5 34.5
22.5 40.5
22.5 46.5
22.5 54.5
22.5 64.5
23.5 11.5
23.5 24.5
23.5 39.5
23.5 47.5
23.5 55.5
24.5 12.5
24.5 25.5
24.5 38.5
24.5 48.5
24.5 63.5
25.5 26.5
25.5 37.5
25.5 62.5
26.5 13.5
26.5 51.5
26.5 61.5
27.5 14.5
28.5 23.5
28.5 48.5
28.5 63.5
29.5 13.5
29.5 24.5
29.5 50.5
29.5 62.5
30.5 14.5
30.5 26.5
30.5 36.5
30.5 51.5
30.5 61.5
31.5 14.5
31.5 27.5
31.5 28.5
31.5 35.5
31.5 43.5
31.5 45.5
31.5 52.5
31.5 53.5
31.5 59.5
32.5 15.5
32.5 29.5
32.5 34.5
32.5 42.5
32.5 46.5
32.5 54.5
32.5 58.5
32.5 67.5
33.5 9.5
33.5 20.5
33.5 31.5
33.5 33.5
33.5 41.5
33.5 47.5
33.5 57.5
33.5 65.5
33.5 66.5
34.5 10.5
34.5 16.5
34.5 21.5
34.5 40.5
34.5 41.5
34.5 47.5
34.5 64.5
35.5 17.5
35.5 22.5
35.5 23.5
35.5 39.5
35.5 40.5
35.5 48.5
35.5 62.5
35.5 63.5
36.5 11.5
36.5 24.5
36.5 39.5
36.5 49.5
36.5 61.5
37.5 12.5
37.5 25.5
37.5 38.5
37.5 50.5
38.5 37.5
38.5 64.5
39.5 63.5
40.5 13.5
40.5 26.5
40.5 50.5
40.5 62.5
41.5 25.5
41.5 40.5
41.5 51.5
41.5 61.5
42.5 24.5
42.5 38.5
42.5 52.5
42.5 60.5
42.5 61.5
43.5 11.5
43.5 23.5
43.5 30.5
43.5 36.5
43.5 37.5
43.5 53.5
43.5 60.5
43.5 67.5
44.5 10.5
44.5 22.5
44.5 35.5
44.5 54.5
44.5 59.5
44.5 66.5
45.5 9.5
45.5 18.5
45.5 21.5
45.5 29.5
45.5 33.5
45.5 34.5
45.5 45.5
45.5 55.5
45.5 58.5
46.5 17.5
46.5 20.5
46.5 28.5
46.5 32.5
46.5 43.5
46.5 47.5
46.5 56.5
46.5 65.5
47.5 15.5
47.5 16.5
47.5 28.5
47.5 42.5
47.5 48.5
47.5 49.5
47.5 64.5
48.5 14.5
48.5 27.5
48.5 40.5
48.5 50.5
48.5 64.5
49.5 13.5
49.5 39.5
49.5 52.5
49.5 63.5
50.5 26.5
50.5 37.5
51.5 25.5
51.5 50.5
51.5 62.5
52.5 12.5
52.5 26.5
52.5 36.5
53.5 13.5
53.5 37.5
53.5 51.5
53.5 62.5
54.5 14.5
54.5 27.5
54.5 38.5
54.5 52.5
54.5 61.5
55.5 15.5
55.5 16.5
55.5 28.5
55.5 39.5
55.5 53.5
56.5 8.5
56.5 16.5
56.5 17.5
56.5 22.5
56.5 29.5
56.5 32.5
56.5 40.5
56.5 53.5
56.5 60.5
57.5 9.5
57.5 17.5
57.5 22.5
57.5 33.5
57.5 41.5
57.5 45.5
57.5 54.5
57.5 59.5
58.5 10.5
58.5 18.5
58.5 23.5
58.5 30.5
58.5 34.5
58.5 42.5
58.5 46.5
58.5 55.5
58.5 67.5
59.5 11.5
59.5 35.5
59.5 47.5
59.5 66.5
60.5 12.5
60.5 24.5
60.5 35.5
60.5 48.5
60.5 64.5
60.5 65.5
61.5 13.5
61.5 25.5
61.5 36.5
61.5 49.5
61.5 50.5
61.5 63.5
62.5 14.5
62.5 25.5
62.5 37.5
62.5 51.5
62.5 62.5
