3.5 16.5
3.5 17.5
4.5 17.5
4.5 18.5
4.5 38.5
4.5 39.5
5.5 18.5
5.5 19.5
5.5 37.5
5.5 38.5
5.5 56.5
5.5 57.5
6.5 18.5
6.5 19.5
6.5 20.5
6.5 36.5
6.5 37.5
6.5 57.5
6.5 58.5
6.5 59.5
7.5 19.5
7.5 20.5
7.5 21.5
7.5 35.5
7.5 36.5
7.5 37.5
7.5 58.5
7.5 59.5
7.5 60.5
7.5 61.5
8.5 20.5
8.5 21.5
8.5 22.5
8.5 34.5
8.5 35.5
8.5 36.5
8.5 59.5
8.5 60.5
8.5 61.5
8.5 62.5
8.5 63.5
9.5 21.5
9.5 22.5
9.5 23.5
9.5 33.5
9.5 34.5
9.5 35.5
9.5 61.5
9.5 62.5
9.5 63.5
9.5 64.5
10.5 10.5
10.5 22.5
10.5 23.5
10.5 32.5
10.5 33.5
10.5 34.5
10.5 62.5
10.5 63.5
10.5 64.5
10.5 65.5
11.5 10.5
11.5 11.5
11.5 23.5
11.5 24.5
11.5 31.5
11.5 32.5
11.5 33.5
11.5 64.5
11.5 65.5
11.5 66.5
11.5 67.5
12.5 11.5
12.5 12.5
12.5 24.5
12.5 25.5
12.5 30.5
12.5 31.5
12.5 32.5
12.5 45.5
12.5 46.5
12.5 49.5
12.5 50.5
12.5 66.5
12.5 67.5
13.5 11.5
13.5 12.5
13.5 13.5
13.5 25.5
13.5 30.5
13.5 31.5
13.5 43.5
13.5 44.5
13.5 45.5
13.5 50.5
13.5 51.5
13.5 52.5
14.5 12.5
14.5 13.5
14.5 14.5
14.5 26.5
14.5 29.5
14.5 42.5
14.5 43.5
14.5 44.5
14.5 51.5
14.5 52.5
14.5 53.5
15.5 13.5
15.5 14.5
15.5 15.5
15.5 41.5
15.5 42.5
15.5 43.5
15.5 52.5
15.5 53.5
15.5 54.5
15.5 55.5
16.5 14.5
16.5 15.5
16.5 16.5
16.5 40.5
16.5 41.5
16.5 42.5
16.5 53.5
16.5 54.5
16.5 55.5
16.5 56.5
17.5 14.5
17.5 15.5
17.5 16.5
17.5 39.5
17.5 40.5
17.5 41.5
17.5 55.5
17.5 56.5
17.5 57.5
18.5 15.5
18.5 16.5
18.5 17.5
18.5 38.5
18.5 39.5
18.5 40.5
18.5 56.5
18.5 57.5
18.5 58.5
18.5 59.5
19.5 16.5
19.5 17.5
19.5 18.5
19.5 37.5
19.5 38.5
19.5 39.5
19.5 58.5
19.5 59.5
20.5 17.5
20.5 18.5
20.5 36.5
20.5 37.5
20.5 60.5
21.5 18.5
21.5 19.5
21.5 36.5
24.5 36.5
24.5 57.5
24.5 58.5
25.5 16.5
25.5 17.5
25.5 36.5
25.5 37.5
25.5 57.5
25.5 58.5
25.5 59.5
26.5 17.5
26.5 18.5
26.5 37.5
26.5 38.5
26.5 58.5
26.5 59.5
26.5 60.5
27.5 18.5
27.5 19.5
27.5 20.5
27.5 37.5
27.5 38.5
27.5 39.5
27.5 59.5
27.5 60.5
27.5 61.5
28.5 19.5
28.5 20.5
28.5 21.5
28.5 38.5
28.5 39.5
28.5 40.5
28.5 60.5
28.5 61.5
28.5 62.5
29.5 19.5
29.5 20.5
29.5 21.5
29.5 22.5
29.5 39.5
29.5 40.5
29.5 41.5
29.5 61.5
29.5 62.5
29.5 63.5
30.5 20.5
30.5 21.5
30.5 22.5
30.5 23.5
30.5 40.5
30.5 41.5
30.5 42.5
30.5 62.5
30.5 63.5
30.5 64.5
31.5 21.5
31.5 22.5
31.5 23.5
31.5 24.5
31.5 30.5
31.5 41.5
31.5 42.5
31.5 43.5
31.5 63.5
31.5 64.5
31.5 65.5
32.5 8.5
32.5 9.5
32.5 23.5
32.5 24.5
32.5 30.5
32.5 31.5
32.5 42.5
32.5 43.5
32.5 48.5
32.5 49.5
32.5 64.5
32.5 65.5
33.5 9.5
33.5 10.5
33.5 11.5
33.5 24.5
33.5 25.5
33.5 31.5
33.5 32.5
33.5 43.5
33.5 44.5
33.5 49.5
33.5 50.5
33.5 51.5
33.5 65.5
33.5 66.5
34.5 10.5
34.5 11.5
34.5 12.5
34.5 25.5
34.5 26.5
34.5 32.5
34.5 33.5
34.5 44.5
34.5 50.5
34.5 51.5
34.5 52.5
35.5 11.5
35.5 12.5
35.5 13.5
35.5 14.5
35.5 32.5
35.5 33.5
35.5 34.5
35.5 51.5
35.5 52.5
35.5 53.5
35.5 54.5
36.5 12.5
36.5 13.5
36.5 14.5
36.5 15.5
36.5 33.5
36.5 34.5
36.5 52.5
36.5 53.5
36.5 54.5
36.5 55.5
37.5 14.5
37.5 15.5
37.5 16.5
37.5 34.5
37.5 35.5
37.5 53.5
37.5 54.5
37.5 55.5
37.5 56.5
38.5 15.5
38.5 16.5
38.5 17.5
38.5 34.5
38.5 35.5
38.5 36.5
38.5 55.5
38.5 56.5
38.5 57.5
39.5 17.5
39.5 18.5
39.5 35.5
39.5 36.5
39.5 56.5
39.5 57.5
39.5 58.5
40.5 18.5
40.5 19.5
40.5 36.5
40.5 37.5
40.5 58.5
40.5 59.5
41.5 37.5
44.5 19.5
44.5 37.5
44.5 59.5
45.5 17.5
45.5 18.5
45.5 19.5
45.5 36.5
45.5 37.5
45.5 57.5
45.5 58.5
46.5 16.5
46.5 17.5
46.5 18.5
46.5 35.5
46.5 36.5
46.5 56.5
46.5 57.5
46.5 58.5
47.5 14.5
47.5 15.5
47.5 16.5
47.5 17.5
47.5 34.5
47.5 35.5
47.5 54.5
47.5 55.5
47.5 56.5
47.5 57.5
48.5 13.5
48.5 14.5
48.5 15.5
48.5 16.5
48.5 33.5
48.5 34.5
48.5 53.5
48.5 54.5
48.5 55.5
48.5 56.5
49.5 12.5
49.5 13.5
49.5 14.5
49.5 15.5
49.5 32.5
49.5 33.5
49.5 34.5
49.5 52.5
49.5 53.5
49.5 54.5
49.5 55.5
50.5 11.5
50.5 12.5
50.5 13.5
50.5 14.5
50.5 26.5
50.5 31.5
50.5 32.5
50.5 33.5
50.5 51.5
50.5 52.5
50.5 53.5
50.5 54.5
51.5 10.5
51.5 11.5
51.5 12.5
51.5 25.5
51.5 30.5
51.5 31.5
51.5 32.5
51.5 43.5
51.5 44.5
51.5 50.5
51.5 51.5
51.5 52.5
51.5 53.5
51.5 66.5
51.5 67.5
52.5 9.5
52.5 10.5
52.5 11.5
52.5 23.5
52.5 24.5
52.5 25.5
52.5 30.5
52.5 31.5
52.5 42.5
52.5 43.5
52.5 49.5
52.5 50.5
52.5 51.5
52.5 65.5
52.5 66.5
53.5 9.5
53.5 22.5
53.5 23.5
53.5 24.5
53.5 29.5
53.5 41.5
53.5 42.5
53.5 43.5
53.5 48.5
53.5 49.5
53.5 50.5
53.5 64.5
53.5 65.5
54.5 21.5
54.5 22.5
54.5 23.5
54.5 40.5
54.5 41.5
54.5 42.5
54.5 48.5
54.5 49.5
54.5 62.5
54.5 63.5
54.5 64.5
54.5 65.5
55.5 20.5
55.5 21.5
55.5 22.5
55.5 39.5
55.5 40.5
55.5 41.5
55.5 61.5
55.5 62.5
55.5 63.5
55.5 64.5
56.5 19.5
56.5 20.5
56.5 21.5
56.5 38.5
56.5 39.5
56.5 40.5
56.5 60.5
56.5 61.5
56.5 62.5
56.5 63.5
57.5 18.5
57.5 19.5
57.5 20.5
57.5 37.5
57.5 38.5
57.5 39.5
57.5 59.5
57.5 60.5
57.5 61.5
57.5 62.5
58.5 17.5
58.5 18.5
58.5 37.5
58.5 38.5
58.5 58.5
58.5 59.5
58.5 60.5
58.5 61.5
59.5 16.5
59.5 17.5
59.5 36.5
59.5 37.5
59.5 58.5
59.5 59.5
59.5 60.5
60.5 36.5
60.5 57.5
60.5 58.5
60.5 59.5
61.5 56.5
61.5 57.5
62.5 56.5
