3.5 19.5
3.5 20.5
3.5 21.5
4.5 15.5
4.5 16.5
4.5 17.5
4.5 18.5
4.5 38.5
4.5 39.5
4.5 40.5
4.5 41.5
4.5 56.5
4.5 57.5
4.5 58.5
5.5 11.5
5.5 12.5
5.5 13.5
5.5 14.5
5.5 33.5
5.5 34.5
5.5 35.5
5.5 36.5
5.5 37.5
5.5 60.5
5.5 61.5
5.5 62.5
6.5 7.5
6.5 8.5
6.5 9.5
6.5 28.5
6.5 29.5
6.5 30.5
6.5 31.5
6.5 32.5
6.5 64.5
6.5 65.5
6.5 66.5
7.5 24.5
7.5 25.5
7.5 26.5
7.5 27.5
7.5 50.5
7.5 68.5
8.5 20.5
8.5 21.5
8.5 22.5
8.5 45.5
8.5 46.5
8.5 47.5
8.5 48.5
8.5 49.5
8.5 50.5
8.5 51.5
9.5 16.5
9.5 17.5
9.5 18.5
9.5 40.5
9.5 41.5
9.5 42.5
9.5 43.5
9.5 44.5
9.5 52.5
9.5 53.5
9.5 54.5
9.5 55.5
9.5 56.5
9.5 57.5
10.5 13.5
10.5 14.5
10.5 36.5
10.5 37.5
10.5 38.5
10.5 39.5
10.5 40.5
10.5 57.5
10.5 58.5
10.5 59.5
10.5 60.5
10.5 61.5
11.5 33.5
11.5 34.5
11.5 35.5
12.5 13.5
13.5 15.5
13.5 16.5
14.5 17.5
14.5 18.5
14.5 19.5
14.5 20.5
14.5 42.5
14.5 43.5
14.5 53.5
14.5 54.5
14.5 55.5
15.5 20.5
15.5 21.5
15.5 22.5
15.5 23.5
15.5 36.5
15.5 37.5
15.5 38.5
15.5 39.5
15.5 40.5
15.5 58.5
15.5 59.5
15.5 60.5
15.5 61.5
15.5 62.5
16.5 7.5
16.5 8.5
16.5 23.5
16.5 24.5
16.5 25.5
16.5 31.5
16.5 32.5
16.5 33.5
16.5 34.5
16.5 35.5
16.5 36.5
16.5 64.5
16.5 65.5
16.5 66.5
16.5 67.5
16.5 68.5
17.5 10.5
17.5 11.5
17.5 12.5
17.5 27.5
17.5 28.5
17.5 29.5
17.5 30.5
18.5 13.5
18.5 14.5
18.5 15.5
18.5 50.5
19.5 16.5
19.5 17.5
19.5 44.5
19.5 45.5
19.5 46.5
19.5 47.5
19.5 49.5
19.5 50.5
19.5 51.5
19.5 52.5
19.5 53.5
19.5 54.5
19.5 55.5
20.5 19.5
20.5 20.5
20.5 39.5
20.5 40.5
20.5 41.5
20.5 42.5
20.5 43.5
20.5 56.5
20.5 57.5
20.5 58.5
20.5 59.5
20.5 60.5
20.5 61.5
20.5 62.5
21.5 22.5
21.5 35.5
21.5 36.5
21.5 37.5
21.5 38.5
23.5 20.5
23.5 21.5
23.5 22.5
24.5 14.5
24.5 15.5
24.5 16.5
24.5 17.5
24.5 18.5
24.5 33.5
24.5 34.5
24.5 53.5
24.5 54.5
25.5 9.5
25.5 10.5
25.5 11.5
25.5 12.5
25.5 13.5
25.5 36.5
25.5 37.5
25.5 56.5
25.5 57.5
25.5 58.5
25.5 59.5
25.5 60.5
25.5 61.5
26.5 7.5
26.5 38.5
26.5 39.5
26.5 40.5
26.5 61.5
26.5 62.5
26.5 63.5
26.5 64.5
26.5 65.5
26.5 66.5
27.5 28.5
27.5 29.5
27.5 30.5
27.5 41.5
27.5 42.5
27.5 43.5
27.5 67.5
27.5 68.5
28.5 21.5
28.5 22.5
28.5 23.5
28.5 24.5
28.5 25.5
28.5 26.5
28.5 27.5
28.5 30.5
28.5 31.5
28.5 43.5
28.5 44.5
28.5 45.5
29.5 15.5
29.5 16.5
29.5 17.5
29.5 18.5
29.5 19.5
29.5 20.5
29.5 21.5
29.5 32.5
29.5 33.5
29.5 46.5
29.5 47.5
29.5 48.5
29.5 49.5
29.5 50.5
30.5 11.5
30.5 12.5
30.5 13.5
30.5 34.5
30.5 35.5
30.5 51.5
30.5 52.5
30.5 53.5
30.5 54.5
30.5 55.5
30.5 56.5
31.5 36.5
31.5 37.5
31.5 57.5
31.5 58.5
31.5 59.5
31.5 60.5
31.5 61.5
32.5 11.5
32.5 38.5
32.5 39.5
33.5 13.5
33.5 14.5
33.5 41.5
34.5 15.5
34.5 16.5
34.5 17.5
34.5 41.5
35.5 18.5
35.5 19.5
35.5 20.5
35.5 38.5
35.5 39.5
35.5 53.5
35.5 54.5
35.5 55.5
35.5 56.5
36.5 20.5
36.5 21.5
36.5 22.5
36.5 35.5
36.5 36.5
36.5 37.5
36.5 57.5
36.5 58.5
36.5 59.5
36.5 60.5
36.5 61.5
36.5 62.5
37.5 7.5
37.5 8.5
37.5 9.5
37.5 23.5
37.5 24.5
37.5 25.5
37.5 32.5
37.5 33.5
37.5 34.5
37.5 63.5
37.5 64.5
37.5 65.5
37.5 66.5
37.5 67.5
38.5 9.5
38.5 10.5
38.5 11.5
38.5 26.5
38.5 27.5
38.5 29.5
38.5 30.5
38.5 31.5
39.5 11.5
39.5 12.5
39.5 13.5
39.5 27.5
39.5 28.5
39.5 29.5
39.5 44.5
39.5 45.5
39.5 46.5
39.5 47.5
39.5 48.5
39.5 49.5
39.5 50.5
40.5 13.5
40.5 14.5
40.5 15.5
40.5 16.5
40.5 40.5
40.5 41.5
40.5 42.5
40.5 43.5
40.5 51.5
40.5 52.5
40.5 53.5
40.5 54.5
40.5 55.5
41.5 16.5
41.5 17.5
41.5 18.5
41.5 37.5
41.5 38.5
41.5 39.5
41.5 40.5
41.5 56.5
41.5 57.5
41.5 58.5
41.5 59.5
41.5 60.5
42.5 18.5
42.5 19.5
42.5 20.5
42.5 33.5
42.5 34.5
42.5 35.5
42.5 36.5
42.5 63.5
43.5 21.5
44.5 61.5
45.5 12.5
45.5 13.5
45.5 14.5
45.5 42.5
45.5 57.5
45.5 58.5
45.5 59.5
46.5 16.5
46.5 17.5
46.5 18.5
46.5 36.5
46.5 37.5
46.5 38.5
46.5 39.5
46.5 54.5
46.5 55.5
46.5 56.5
47.5 19.5
47.5 20.5
47.5 21.5
47.5 22.5
47.5 32.5
47.5 33.5
47.5 34.5
47.5 35.5
47.5 52.5
47.5 53.5
47.5 67.5
47.5 68.5
48.5 23.5
48.5 24.5
48.5 25.5
48.5 26.5
48.5 28.5
48.5 29.5
48.5 30.5
48.5 31.5
48.5 48.5
48.5 49.5
48.5 50.5
48.5 64.5
48.5 65.5
48.5 66.5
49.5 7.5
49.5 8.5
49.5 9.5
49.5 25.5
49.5 28.5
49.5 29.5
49.5 44.5
49.5 45.5
49.5 46.5
49.5 47.5
49.5 60.5
49.5 61.5
49.5 62.5
49.5 63.5
50.5 11.5
50.5 12.5
50.5 13.5
50.5 14.5
50.5 40.5
50.5 41.5
50.5 42.5
50.5 57.5
50.5 58.5
50.5 59.5
51.5 15.5
51.5 16.5
51.5 17.5
51.5 18.5
51.5 36.5
51.5 37.5
51.5 38.5
51.5 54.5
51.5 55.5
52.5 20.5
52.5 21.5
52.5 33.5
52.5 34.5
54.5 41.5
54.5 42.5
54.5 60.5
54.5 61.5
54.5 62.5
55.5 18.5
55.5 19.5
55.5 20.5
55.5 38.5
55.5 39.5
55.5 57.5
55.5 58.5
55.5 59.5
56.5 15.5
56.5 16.5
56.5 17.5
56.5 34.5
56.5 35.5
56.5 36.5
56.5 37.5
56.5 53.5
56.5 54.5
56.5 55.5
56.5 56.5
57.5 11.5
57.5 12.5
57.5 13.5
57.5 14.5
57.5 32.5
57.5 33.5
57.5 34.5
57.5 49.5
57.5 50.5
57.5 51.5
57.5 52.5
58.5 8.5
58.5 9.5
58.5 10.5
58.5 11.5
58.5 27.5
58.5 28.5
58.5 29.5
58.5 30.5
58.5 31.5
58.5 45.5
58.5 46.5
58.5 47.5
58.5 48.5
58.5 66.5
58.5 67.5
58.5 68.5
59.5 7.5
59.5 23.5
59.5 24.5
59.5 25.5
59.5 26.5
59.5 27.5
59.5 42.5
59.5 43.5
59.5 44.5
59.5 62.5
59.5 63.5
59.5 64.5
59.5 65.5
60.5 20.5
60.5 21.5
60.5 22.5
60.5 23.5
60.5 39.5
60.5 40.5
60.5 41.5
60.5 59.5
60.5 60.5
60.5 61.5
60.5 62.5
61.5 17.5
61.5 18.5
61.5 19.5
61.5 36.5
61.5 37.5
61.5 38.5
61.5 57.5
61.5 58.5
61.5 59.5
62.5 14.5
62.5 15.5
62.5 16.5
62.5 34.5
62.5 35.5
62.5 54.5
62.5 55.5
