5.5 17.5
6.5 18.5
6.5 19.5
6.5 37.5
6.5 38.5
6.5 58.5
7.5 19.5
7.5 20.5
7.5 39.5
7.5 40.5
7.5 41.5
7.5 56.5
7.5 57.5
8.5 21.5
8.5 22.5
8.5 41.5
8.5 42.5
8.5 43.5
8.5 55.5
8.5 56.5
9.5 23.5
9.5 43.5
9.5 44.5
9.5 53.5
9.5 54.5
10.5 10.5
10.5 29.5
10.5 52.5
10.5 53.5
11.5 11.5
11.5 12.5
11.5 30.5
11.5 31.5
12.5 13.5
12.5 14.5
12.5 32.5
12.5 33.5
12.5 64.5
12.5 65.5
13.5 14.5
13.5 15.5
13.5 34.5
13.5 35.5
13.5 61.5
13.5 62.5
13.5 63.5
14.5 16.5
14.5 17.5
14.5 35.5
14.5 36.5
14.5 59.5
14.5 60.5
15.5 37.5
15.5 58.5
20.5 17.5
21.5 18.5
21.5 19.5
21.5 36.5
21.5 37.5
21.5 58.5
21.5 59.5
22.5 20.5
22.5 21.5
22.5 34.5
22.5 35.5
22.5 36.5
22.5 60.5
22.5 61.5
22.5 62.5
23.5 21.5
23.5 22.5
23.5 32.5
23.5 33.5
23.5 34.5
23.5 63.5
23.5 64.5
23.5 65.5
24.5 23.5
24.5 24.5
24.5 30.5
24.5 31.5
24.5 66.5
26.5 10.5
26.5 11.5
26.5 43.5
26.5 44.5
26.5 51.5
26.5 52.5
27.5 12.5
27.5 13.5
27.5 14.5
27.5 41.5
27.5 42.5
27.5 53.5
27.5 54.5
27.5 55.5
28.5 14.5
28.5 15.5
28.5 16.5
28.5 39.5
28.5 40.5
28.5 55.5
28.5 56.5
28.5 57.5
29.5 16.5
29.5 17.5
29.5 38.5
29.5 58.5
35.5 38.5
35.5 58.5
36.5 17.5
36.5 18.5
36.5 38.5
36.5 39.5
36.5 59.5
36.5 60.5
37.5 19.5
37.5 20.5
37.5 21.5
37.5 40.5
37.5 41.5
37.5 60.5
37.5 61.5
37.5 62.5
38.5 21.5
38.5 22.5
38.5 23.5
38.5 41.5
38.5 42.5
38.5 62.5
38.5 63.5
39.5 23.5
39.5 24.5
39.5 42.5
39.5 43.5
39.5 64.5
39.5 65.5
40.5 31.5
40.5 44.5
41.5 10.5
41.5 11.5
41.5 32.5
41.5 51.5
41.5 52.5
42.5 12.5
42.5 13.5
42.5 33.5
42.5 34.5
42.5 52.5
42.5 53.5
42.5 54.5
43.5 13.5
43.5 14.5
43.5 15.5
43.5 34.5
43.5 35.5
43.5 54.5
43.5 55.5
44.5 15.5
44.5 16.5
44.5 17.5
44.5 36.5
44.5 55.5
44.5 56.5
44.5 57.5
45.5 18.5
45.5 37.5
45.5 58.5
51.5 17.5
51.5 18.5
51.5 37.5
51.5 58.5
52.5 19.5
52.5 20.5
52.5 35.5
52.5 36.5
52.5 55.5
52.5 56.5
52.5 57.5
53.5 21.5
53.5 22.5
53.5 33.5
53.5 34.5
53.5 53.5
53.5 54.5
53.5 55.5
54.5 23.5
54.5 24.5
54.5 31.5
54.5 32.5
54.5 52.5
54.5 53.5
55.5 30.5
55.5 50.5
56.5 10.5
56.5 11.5
56.5 44.5
56.5 45.5
56.5 63.5
56.5 64.5
57.5 12.5
57.5 13.5
57.5 42.5
57.5 43.5
57.5 61.5
57.5 62.5
58.5 13.5
58.5 14.5
58.5 39.5
58.5 40.5
58.5 41.5
58.5 60.5
58.5 61.5
59.5 15.5
59.5 16.5
59.5 38.5
59.5 39.5
59.5 59.5
60.5 17.5
60.5 57.5
