4.5 13.5
4.5 14.5
4.5 28.5
4.5 46.5
5.5 11.5
5.5 12.5
5.5 13.5
5.5 29.5
5.5 30.5
5.5 31.5
5.5 46.5
5.5 47.5
5.5 59.5
5.5 60.5
5.5 61.5
6.5 9.5
6.5 10.5
6.5 11.5
6.5 31.5
6.5 32.5
6.5 33.5
6.5 34.5
6.5 47.5
6.5 48.5
6.5 61.5
6.5 62.5
6.5 63.5
7.5 8.5
7.5 9.5
7.5 33.5
7.5 34.5
7.5 35.5
7.5 36.5
7.5 48.5
7.5 63.5
7.5 64.5
7.5 65.5
8.5 24.5
8.5 36.5
8.5 37.5
8.5 40.5
8.5 49.5
8.5 65.5
8.5 66.5
9.5 19.5
9.5 20.5
9.5 21.5
9.5 25.5
9.5 26.5
9.5 41.5
9.5 42.5
9.5 50.5
9.5 54.5
9.5 55.5
10.5 15.5
10.5 16.5
10.5 17.5
10.5 18.5
10.5 19.5
10.5 26.5
10.5 27.5
10.5 42.5
10.5 43.5
10.5 55.5
10.5 56.5
11.5 13.5
11.5 14.5
11.5 15.5
11.5 16.5
11.5 27.5
11.5 28.5
11.5 43.5
11.5 44.5
11.5 56.5
11.5 57.5
11.5 58.5
12.5 28.5
12.5 29.5
12.5 44.5
12.5 45.5
12.5 58.5
12.5 59.5
13.5 30.5
13.5 45.5
13.5 60.5
13.5 61.5
16.5 29.5
16.5 45.5
16.5 60.5
17.5 15.5
17.5 16.5
17.5 17.5
17.5 30.5
17.5 31.5
17.5 44.5
17.5 45.5
17.5 59.5
18.5 12.5
18.5 13.5
18.5 14.5
18.5 15.5
18.5 31.5
18.5 32.5
18.5 42.5
18.5 43.5
18.5 44.5
18.5 57.5
18.5 58.5
19.5 9.5
19.5 10.5
19.5 11.5
19.5 12.5
19.5 13.5
19.5 33.5
19.5 34.5
19.5 41.5
19.5 42.5
19.5 56.5
19.5 57.5
20.5 8.5
20.5 9.5
20.5 10.5
20.5 34.5
20.5 35.5
20.5 40.5
20.5 41.5
20.5 50.5
20.5 54.5
20.5 55.5
20.5 67.5
21.5 22.5
21.5 36.5
21.5 39.5
21.5 49.5
21.5 53.5
21.5 54.5
21.5 65.5
21.5 66.5
22.5 19.5
22.5 20.5
22.5 25.5
22.5 26.5
22.5 48.5
22.5 52.5
22.5 63.5
22.5 64.5
23.5 18.5
23.5 19.5
23.5 27.5
23.5 28.5
23.5 29.5
23.5 47.5
23.5 61.5
23.5 62.5
23.5 63.5
24.5 16.5
24.5 17.5
24.5 29.5
24.5 30.5
24.5 31.5
24.5 46.5
24.5 59.5
24.5 60.5
24.5 61.5
25.5 14.5
25.5 15.5
25.5 31.5
25.5 32.5
25.5 45.5
25.5 58.5
25.5 59.5
26.5 44.5
29.5 15.5
29.5 16.5
29.5 29.5
29.5 30.5
29.5 45.5
29.5 46.5
29.5 60.5
29.5 61.5
30.5 12.5
30.5 13.5
30.5 14.5
30.5 30.5
30.5 31.5
30.5 47.5
30.5 57.5
30.5 58.5
30.5 59.5
31.5 10.5
31.5 11.5
31.5 31.5
31.5 32.5
31.5 33.5
31.5 48.5
31.5 49.5
31.5 55.5
31.5 56.5
32.5 8.5
32.5 33.5
32.5 34.5
32.5 50.5
32.5 53.5
32.5 66.5
33.5 19.5
33.5 20.5
33.5 23.5
33.5 34.5
33.5 35.5
33.5 36.5
33.5 40.5
33.5 41.5
33.5 64.5
33.5 65.5
34.5 16.5
34.5 17.5
34.5 18.5
34.5 24.5
34.5 25.5
34.5 36.5
34.5 37.5
34.5 41.5
34.5 42.5
34.5 43.5
34.5 62.5
34.5 63.5
35.5 15.5
35.5 16.5
35.5 26.5
35.5 27.5
35.5 43.5
35.5 44.5
35.5 45.5
35.5 60.5
35.5 61.5
35.5 62.5
36.5 13.5
36.5 27.5
36.5 28.5
36.5 45.5
36.5 46.5
36.5 59.5
36.5 60.5
37.5 29.5
37.5 30.5
38.5 31.5
39.5 15.5
40.5 14.5
40.5 15.5
40.5 59.5
40.5 60.5
41.5 13.5
41.5 14.5
41.5 45.5
41.5 46.5
41.5 58.5
41.5 59.5
42.5 12.5
42.5 13.5
42.5 29.5
42.5 30.5
42.5 31.5
42.5 46.5
42.5 47.5
42.5 57.5
42.5 58.5
43.5 11.5
43.5 12.5
43.5 27.5
43.5 28.5
43.5 29.5
43.5 47.5
43.5 48.5
43.5 49.5
43.5 56.5
43.5 57.5
44.5 10.5
44.5 11.5
44.5 20.5
44.5 25.5
44.5 26.5
44.5 27.5
44.5 49.5
44.5 50.5
44.5 55.5
44.5 56.5
45.5 9.5
45.5 19.5
45.5 23.5
45.5 24.5
45.5 25.5
45.5 50.5
45.5 51.5
45.5 54.5
45.5 65.5
46.5 17.5
46.5 18.5
46.5 36.5
46.5 39.5
46.5 40.5
46.5 63.5
46.5 64.5
47.5 16.5
47.5 17.5
47.5 33.5
47.5 34.5
47.5 35.5
47.5 40.5
47.5 41.5
47.5 42.5
47.5 61.5
47.5 62.5
48.5 15.5
48.5 16.5
48.5 31.5
48.5 32.5
48.5 33.5
48.5 42.5
48.5 43.5
48.5 44.5
48.5 60.5
48.5 61.5
49.5 14.5
49.5 15.5
49.5 29.5
49.5 30.5
49.5 44.5
49.5 45.5
49.5 46.5
49.5 59.5
50.5 13.5
50.5 28.5
50.5 47.5
52.5 61.5
52.5 62.5
53.5 14.5
53.5 15.5
53.5 27.5
53.5 44.5
53.5 45.5
53.5 59.5
53.5 60.5
54.5 13.5
54.5 14.5
54.5 28.5
54.5 29.5
54.5 30.5
54.5 46.5
54.5 47.5
54.5 58.5
54.5 59.5
55.5 12.5
55.5 13.5
55.5 30.5
55.5 31.5
55.5 32.5
55.5 48.5
55.5 49.5
55.5 50.5
55.5 56.5
55.5 57.5
55.5 67.5
56.5 10.5
56.5 11.5
56.5 32.5
56.5 33.5
56.5 34.5
56.5 51.5
56.5 52.5
56.5 55.5
56.5 65.5
56.5 66.5
57.5 9.5
57.5 10.5
57.5 20.5
57.5 23.5
57.5 24.5
57.5 34.5
57.5 35.5
57.5 38.5
57.5 64.5
57.5 65.5
58.5 18.5
58.5 19.5
58.5 24.5
58.5 25.5
58.5 39.5
58.5 40.5
58.5 41.5
58.5 42.5
58.5 43.5
58.5 63.5
58.5 64.5
59.5 16.5
59.5 17.5
59.5 18.5
59.5 26.5
59.5 27.5
59.5 42.5
59.5 43.5
59.5 44.5
59.5 45.5
59.5 46.5
59.5 61.5
59.5 62.5
60.5 15.5
60.5 16.5
60.5 27.5
60.5 28.5
60.5 47.5
60.5 60.5
60.5 61.5
61.5 14.5
61.5 15.5
61.5 29.5
