5.5 16.5
5.5 17.5
5.5 37.5
5.5 38.5
5.5 56.5
5.5 57.5
6.5 13.5
6.5 14.5
6.5 32.5
6.5 33.5
6.5 34.5
6.5 54.5
6.5 55.5
7.5 10.5
7.5 52.5
7.5 64.5
8.5 22.5
8.5 23.5
8.5 24.5
8.5 50.5
8.5 62.5
8.5 63.5
9.5 19.5
9.5 20.5
9.5 21.5
9.5 42.5
9.5 43.5
9.5 44.5
9.5 45.5
9.5 59.5
9.5 60.5
10.5 37.5
10.5 38.5
10.5 39.5
10.5 40.5
10.5 57.5
10.5 58.5
14.5 17.5
14.5 58.5
15.5 18.5
15.5 19.5
15.5 20.5
15.5 38.5
15.5 39.5
15.5 55.5
15.5 56.5
16.5 21.5
16.5 22.5
16.5 23.5
16.5 34.5
16.5 35.5
16.5 36.5
16.5 37.5
16.5 52.5
16.5 53.5
17.5 24.5
17.5 25.5
17.5 31.5
17.5 32.5
17.5 33.5
17.5 34.5
17.5 64.5
17.5 65.5
18.5 10.5
18.5 46.5
18.5 60.5
18.5 61.5
18.5 62.5
18.5 63.5
19.5 12.5
19.5 13.5
19.5 42.5
19.5 43.5
19.5 58.5
19.5 59.5
20.5 14.5
20.5 15.5
20.5 16.5
20.5 39.5
20.5 40.5
21.5 18.5
21.5 37.5
24.5 59.5
24.5 60.5
25.5 37.5
25.5 38.5
25.5 39.5
25.5 40.5
25.5 61.5
25.5 62.5
25.5 63.5
26.5 11.5
26.5 12.5
26.5 13.5
26.5 14.5
26.5 15.5
26.5 40.5
26.5 41.5
26.5 42.5
26.5 43.5
26.5 44.5
26.5 45.5
26.5 64.5
26.5 65.5
27.5 51.5
27.5 52.5
28.5 53.5
28.5 54.5
28.5 55.5
29.5 22.5
29.5 23.5
29.5 24.5
29.5 31.5
29.5 32.5
29.5 56.5
29.5 57.5
29.5 58.5
30.5 17.5
30.5 18.5
30.5 19.5
30.5 20.5
30.5 34.5
30.5 35.5
30.5 36.5
35.5 14.5
35.5 15.5
35.5 16.5
35.5 17.5
35.5 36.5
35.5 37.5
35.5 38.5
35.5 56.5
35.5 57.5
36.5 10.5
36.5 11.5
36.5 12.5
36.5 13.5
36.5 33.5
36.5 34.5
36.5 35.5
36.5 53.5
36.5 54.5
36.5 55.5
37.5 31.5
37.5 32.5
37.5 51.5
37.5 52.5
38.5 25.5
38.5 26.5
38.5 63.5
38.5 64.5
39.5 19.5
39.5 20.5
39.5 21.5
39.5 22.5
39.5 23.5
39.5 42.5
39.5 43.5
39.5 44.5
39.5 61.5
39.5 62.5
40.5 16.5
40.5 17.5
40.5 39.5
40.5 40.5
40.5 41.5
40.5 59.5
40.5 60.5
41.5 57.5
45.5 17.5
45.5 18.5
45.5 19.5
45.5 38.5
45.5 39.5
45.5 57.5
45.5 58.5
45.5 59.5
46.5 20.5
46.5 21.5
46.5 22.5
46.5 23.5
46.5 41.5
46.5 42.5
46.5 61.5
46.5 62.5
46.5 63.5
46.5 64.5
46.5 65.5
47.5 24.5
47.5 25.5
47.5 43.5
47.5 44.5
48.5 9.5
49.5 11.5
49.5 12.5
49.5 13.5
49.5 32.5
49.5 33.5
49.5 34.5
49.5 35.5
49.5 52.5
49.5 53.5
49.5 54.5
49.5 55.5
50.5 13.5
50.5 14.5
50.5 15.5
50.5 36.5
50.5 37.5
50.5 38.5
50.5 57.5
50.5 58.5
51.5 16.5
51.5 17.5
55.5 58.5
55.5 59.5
55.5 60.5
56.5 17.5
56.5 18.5
56.5 38.5
56.5 39.5
56.5 40.5
56.5 61.5
56.5 62.5
56.5 63.5
57.5 19.5
57.5 20.5
57.5 21.5
57.5 22.5
57.5 41.5
57.5 42.5
57.5 43.5
57.5 65.5
58.5 23.5
58.5 24.5
58.5 44.5
58.5 45.5
59.5 30.5
59.5 51.5
59.5 52.5
60.5 11.5
60.5 12.5
60.5 13.5
60.5 32.5
60.5 33.5
60.5 53.5
60.5 54.5
60.5 55.5
60.5 56.5
61.5 15.5
61.5 16.5
61.5 35.5
61.5 36.5
61.5 56.5
61.5 57.5
61.5 58.5
62.5 38.5
