2.5 62.5
3.5 14.5
3.5 31.5
3.5 45.5
3.5 60.5
3.5 61.5
4.5 16.5
4.5 29.5
4.5 30.5
4.5 43.5
4.5 58.5
4.5 59.5
5.5 18.5
5.5 28.5
5.5 42.5
5.5 56.5
5.5 57.5
6.5 19.5
6.5 20.5
6.5 26.5
6.5 40.5
6.5 51.5
6.5 54.5
6.5 55.5
6.5 67.5
7.5 9.5
7.5 21.5
7.5 24.5
7.5 35.5
7.5 36.5
7.5 49.5
7.5 50.5
7.5 65.5
7.5 66.5
8.5 11.5
8.5 12.5
8.5 34.5
8.5 48.5
8.5 64.5
9.5 13.5
9.5 14.5
9.5 32.5
9.5 46.5
9.5 47.5
9.5 62.5
10.5 15.5
10.5 16.5
10.5 30.5
10.5 45.5
10.5 60.5
10.5 61.5
11.5 59.5
14.5 13.5
14.5 14.5
14.5 29.5
14.5 45.5
14.5 60.5
15.5 15.5
15.5 16.5
15.5 30.5
15.5 31.5
15.5 47.5
15.5 62.5
16.5 17.5
16.5 18.5
16.5 32.5
16.5 33.5
16.5 48.5
16.5 49.5
16.5 64.5
17.5 7.5
17.5 19.5
17.5 20.5
17.5 23.5
17.5 35.5
17.5 50.5
17.5 51.5
17.5 54.5
17.5 66.5
18.5 9.5
18.5 21.5
18.5 25.5
18.5 39.5
18.5 52.5
18.5 56.5
19.5 11.5
19.5 12.5
19.5 26.5
19.5 41.5
19.5 42.5
19.5 57.5
19.5 58.5
20.5 13.5
20.5 28.5
20.5 43.5
20.5 44.5
20.5 59.5
20.5 60.5
21.5 15.5
21.5 29.5
21.5 46.5
21.5 61.5
22.5 31.5
24.5 31.5
25.5 14.5
25.5 15.5
25.5 29.5
25.5 46.5
25.5 60.5
25.5 61.5
26.5 10.5
26.5 11.5
26.5 12.5
26.5 28.5
26.5 42.5
26.5 43.5
26.5 63.5
26.5 64.5
27.5 7.5
27.5 8.5
27.5 9.5
27.5 26.5
27.5 38.5
27.5 39.5
27.5 66.5
28.5 25.5
28.5 35.5
28.5 52.5
28.5 54.5
28.5 55.5
29.5 19.5
29.5 20.5
29.5 23.5
29.5 33.5
29.5 49.5
29.5 57.5
29.5 58.5
30.5 17.5
30.5 31.5
30.5 46.5
30.5 47.5
30.5 60.5
30.5 61.5
31.5 14.5
31.5 15.5
31.5 29.5
31.5 44.5
32.5 27.5
34.5 46.5
34.5 59.5
35.5 14.5
35.5 15.5
35.5 28.5
35.5 29.5
35.5 43.5
35.5 44.5
35.5 61.5
36.5 11.5
36.5 12.5
36.5 31.5
36.5 32.5
36.5 33.5
36.5 41.5
36.5 42.5
36.5 63.5
37.5 8.5
37.5 35.5
37.5 36.5
37.5 38.5
37.5 39.5
37.5 64.5
37.5 65.5
38.5 53.5
38.5 54.5
39.5 18.5
39.5 19.5
39.5 20.5
39.5 23.5
39.5 24.5
39.5 48.5
39.5 49.5
39.5 50.5
39.5 56.5
39.5 57.5
40.5 14.5
40.5 15.5
40.5 16.5
40.5 26.5
40.5 27.5
40.5 45.5
40.5 46.5
40.5 47.5
40.5 58.5
41.5 29.5
41.5 30.5
41.5 42.5
41.5 60.5
42.5 62.5
44.5 30.5
45.5 15.5
45.5 16.5
45.5 28.5
45.5 44.5
45.5 45.5
45.5 46.5
45.5 59.5
46.5 12.5
46.5 13.5
46.5 26.5
46.5 39.5
46.5 40.5
46.5 41.5
46.5 42.5
46.5 61.5
46.5 62.5
47.5 9.5
47.5 10.5
47.5 24.5
47.5 35.5
47.5 64.5
48.5 32.5
48.5 33.5
48.5 51.5
48.5 52.5
48.5 54.5
48.5 66.5
49.5 19.5
49.5 30.5
49.5 31.5
49.5 48.5
49.5 49.5
49.5 56.5
49.5 57.5
50.5 17.5
50.5 28.5
50.5 45.5
50.5 59.5
51.5 15.5
51.5 61.5
53.5 28.5
54.5 14.5
54.5 30.5
54.5 45.5
54.5 46.5
55.5 16.5
55.5 32.5
55.5 33.5
55.5 47.5
55.5 48.5
55.5 60.5
55.5 61.5
56.5 17.5
56.5 34.5
56.5 35.5
56.5 49.5
56.5 50.5
56.5 62.5
56.5 63.5
57.5 18.5
57.5 19.5
57.5 23.5
57.5 36.5
57.5 40.5
57.5 51.5
57.5 54.5
57.5 64.5
58.5 8.5
58.5 20.5
58.5 25.5
58.5 42.5
58.5 56.5
58.5 66.5
59.5 10.5
59.5 26.5
59.5 27.5
59.5 43.5
59.5 44.5
59.5 57.5
59.5 58.5
60.5 12.5
60.5 13.5
60.5 28.5
60.5 29.5
60.5 45.5
60.5 46.5
60.5 59.5
61.5 14.5
61.5 30.5
61.5 31.5
61.5 61.5
62.5 16.5
