4.5 37.5
4.5 49.5
4.5 62.5
5.5 14.5
5.5 24.5
5.5 37.5
5.5 49.5
5.5 62.5
5.5 63.5
6.5 15.5
6.5 24.5
6.5 36.5
6.5 37.5
6.5 48.5
6.5 63.5
7.5 15.5
7.5 23.5
7.5 24.5
7.5 36.5
7.5 48.5
7.5 63.5
7.5 64.5
8.5 15.5
8.5 23.5
8.5 35.5
8.5 36.5
8.5 47.5
8.5 48.5
8.5 63.5
8.5 64.5
9.5 15.5
9.5 16.5
9.5 22.5
9.5 23.5
9.5 35.5
9.5 36.5
9.5 47.5
9.5 48.5
9.5 64.5
9.5 65.5
10.5 16.5
10.5 22.5
10.5 23.5
10.5 35.5
10.5 47.5
10.5 65.5
11.5 16.5
11.5 22.5
11.5 34.5
11.5 35.5
11.5 41.5
11.5 47.5
11.5 53.5
11.5 58.5
11.5 65.5
12.5 11.5
12.5 16.5
12.5 22.5
12.5 29.5
12.5 34.5
12.5 41.5
12.5 47.5
12.5 53.5
12.5 58.5
12.5 59.5
13.5 11.5
13.5 17.5
13.5 22.5
13.5 28.5
13.5 29.5
13.5 40.5
13.5 41.5
13.5 52.5
13.5 53.5
13.5 58.5
13.5 59.5
14.5 11.5
14.5 28.5
14.5 40.5
14.5 41.5
14.5 52.5
14.5 59.5
14.5 60.5
15.5 11.5
15.5 12.5
15.5 27.5
15.5 28.5
15.5 40.5
15.5 52.5
15.5 59.5
15.5 60.5
16.5 12.5
16.5 27.5
16.5 28.5
16.5 39.5
16.5 40.5
16.5 51.5
16.5 52.5
16.5 60.5
17.5 12.5
17.5 27.5
17.5 39.5
17.5 40.5
17.5 51.5
17.5 52.5
17.5 60.5
17.5 61.5
18.5 12.5
18.5 13.5
18.5 26.5
18.5 27.5
18.5 39.5
18.5 51.5
18.5 61.5
19.5 12.5
19.5 13.5
19.5 26.5
19.5 51.5
19.5 61.5
20.5 13.5
20.5 26.5
24.5 38.5
25.5 26.5
25.5 37.5
25.5 63.5
26.5 14.5
26.5 26.5
26.5 27.5
26.5 36.5
26.5 37.5
26.5 49.5
26.5 63.5
27.5 14.5
27.5 15.5
27.5 26.5
27.5 27.5
27.5 36.5
27.5 49.5
27.5 63.5
27.5 64.5
28.5 15.5
28.5 27.5
28.5 35.5
28.5 36.5
28.5 48.5
28.5 49.5
28.5 63.5
28.5 64.5
29.5 15.5
29.5 16.5
29.5 27.5
29.5 28.5
29.5 35.5
29.5 48.5
29.5 49.5
29.5 63.5
29.5 64.5
30.5 15.5
30.5 16.5
30.5 27.5
30.5 28.5
30.5 34.5
30.5 35.5
30.5 48.5
30.5 64.5
31.5 16.5
31.5 28.5
31.5 34.5
31.5 42.5
31.5 48.5
31.5 64.5
32.5 16.5
32.5 17.5
32.5 22.5
32.5 28.5
32.5 41.5
32.5 47.5
32.5 48.5
32.5 58.5
32.5 64.5
32.5 65.5
33.5 10.5
33.5 17.5
33.5 22.5
33.5 40.5
33.5 41.5
33.5 47.5
33.5 53.5
34.5 10.5
34.5 22.5
34.5 23.5
34.5 40.5
34.5 41.5
34.5 53.5
34.5 59.5
35.5 10.5
35.5 11.5
35.5 23.5
35.5 39.5
35.5 40.5
35.5 52.5
35.5 53.5
35.5 59.5
36.5 10.5
36.5 11.5
36.5 23.5
36.5 24.5
36.5 39.5
36.5 40.5
36.5 52.5
36.5 53.5
36.5 59.5
36.5 60.5
37.5 11.5
37.5 12.5
37.5 23.5
37.5 24.5
37.5 38.5
37.5 39.5
37.5 52.5
37.5 60.5
38.5 11.5
38.5 12.5
38.5 24.5
38.5 38.5
38.5 39.5
38.5 52.5
38.5 60.5
39.5 11.5
39.5 12.5
39.5 24.5
39.5 38.5
39.5 51.5
39.5 52.5
39.5 60.5
39.5 61.5
40.5 12.5
40.5 51.5
40.5 61.5
45.5 26.5
45.5 38.5
46.5 13.5
46.5 26.5
46.5 38.5
46.5 39.5
46.5 51.5
47.5 14.5
47.5 26.5
47.5 27.5
47.5 38.5
47.5 39.5
47.5 51.5
47.5 63.5
48.5 14.5
48.5 15.5
48.5 27.5
48.5 39.5
48.5 40.5
48.5 51.5
48.5 52.5
48.5 63.5
48.5 64.5
49.5 14.5
49.5 15.5
49.5 27.5
49.5 39.5
49.5 40.5
49.5 52.5
49.5 64.5
50.5 15.5
50.5 16.5
50.5 27.5
50.5 40.5
50.5 41.5
50.5 52.5
50.5 53.5
50.5 64.5
51.5 15.5
51.5 16.5
51.5 27.5
51.5 28.5
51.5 33.5
51.5 40.5
51.5 41.5
51.5 52.5
51.5 53.5
51.5 64.5
51.5 65.5
52.5 16.5
52.5 17.5
52.5 28.5
52.5 34.5
52.5 41.5
52.5 47.5
52.5 53.5
52.5 65.5
53.5 8.5
53.5 17.5
53.5 28.5
53.5 34.5
53.5 47.5
53.5 53.5
53.5 59.5
54.5 8.5
54.5 9.5
54.5 17.5
54.5 23.5
54.5 28.5
54.5 34.5
54.5 35.5
54.5 47.5
54.5 48.5
54.5 59.5
54.5 60.5
55.5 9.5
55.5 10.5
55.5 23.5
55.5 34.5
55.5 35.5
55.5 47.5
55.5 48.5
55.5 59.5
55.5 60.5
56.5 9.5
56.5 10.5
56.5 11.5
56.5 23.5
56.5 24.5
56.5 35.5
56.5 48.5
56.5 60.5
57.5 10.5
57.5 11.5
57.5 24.5
57.5 35.5
57.5 36.5
57.5 48.5
57.5 49.5
57.5 60.5
57.5 61.5
58.5 11.5
58.5 12.5
58.5 24.5
58.5 35.5
58.5 36.5
58.5 48.5
58.5 49.5
58.5 60.5
58.5 61.5
59.5 11.5
59.5 12.5
59.5 24.5
59.5 25.5
59.5 36.5
59.5 49.5
59.5 61.5
60.5 12.5
60.5 13.5
60.5 25.5
60.5 36.5
60.5 49.5
61.5 13.5
61.5 25.5
