2.5 63.5
3.5 12.5
4.5 23.5
4.5 33.5
4.5 42.5
4.5 53.5
4.5 64.5
5.5 11.5
5.5 23.5
6.5 10.5
6.5 23.5
6.5 43.5
6.5 54.5
6.5 65.5
7.5 10.5
7.5 34.5
7.5 44.5
7.5 55.5
7.5 60.5
7.5 66.5
8.5 9.5
8.5 15.5
8.5 24.5
8.5 29.5
8.5 34.5
8.5 39.5
8.5 55.5
8.5 66.5
9.5 15.5
9.5 19.5
9.5 24.5
9.5 29.5
9.5 39.5
9.5 45.5
9.5 56.5
9.5 61.5
9.5 67.5
10.5 8.5
10.5 14.5
10.5 24.5
10.5 29.5
10.5 35.5
10.5 40.5
10.5 49.5
11.5 14.5
11.5 35.5
11.5 40.5
11.5 50.5
11.5 57.5
11.5 62.5
12.5 14.5
12.5 20.5
12.5 30.5
12.5 40.5
12.5 51.5
13.5 13.5
13.5 30.5
13.5 41.5
13.5 52.5
13.5 63.5
14.5 13.5
14.5 30.5
14.5 41.5
14.5 53.5
14.5 63.5
15.5 13.5
15.5 21.5
15.5 41.5
15.5 64.5
16.5 31.5
17.5 31.5
17.5 42.5
17.5 64.5
18.5 12.5
18.5 22.5
18.5 53.5
18.5 64.5
19.5 12.5
19.5 31.5
19.5 42.5
19.5 53.5
20.5 11.5
20.5 31.5
20.5 54.5
20.5 65.5
21.5 11.5
21.5 21.5
21.5 41.5
21.5 54.5
21.5 65.5
22.5 11.5
22.5 30.5
22.5 41.5
22.5 46.5
22.5 55.5
22.5 65.5
23.5 10.5
23.5 20.5
23.5 25.5
23.5 30.5
23.5 40.5
23.5 55.5
23.5 66.5
24.5 10.5
24.5 16.5
24.5 30.5
24.5 36.5
24.5 40.5
24.5 50.5
24.5 66.5
25.5 10.5
25.5 50.5
25.5 56.5
25.5 61.5
25.5 66.5
26.5 15.5
26.5 19.5
26.5 24.5
26.5 35.5
26.5 39.5
26.5 45.5
26.5 61.5
27.5 9.5
27.5 24.5
27.5 29.5
27.5 35.5
27.5 45.5
27.5 51.5
27.5 57.5
28.5 14.5
28.5 29.5
28.5 45.5
28.5 62.5
29.5 23.5
29.5 34.5
29.5 45.5
29.5 52.5
29.5 62.5
30.5 13.5
30.5 23.5
30.5 34.5
30.5 52.5
31.5 23.5
32.5 12.5
32.5 33.5
32.5 44.5
32.5 53.5
32.5 63.5
33.5 22.5
33.5 44.5
34.5 12.5
34.5 44.5
34.5 63.5
35.5 23.5
35.5 34.5
35.5 63.5
36.5 11.5
36.5 22.5
36.5 34.5
36.5 43.5
36.5 54.5
36.5 62.5
37.5 11.5
37.5 35.5
37.5 43.5
37.5 62.5
38.5 21.5
38.5 35.5
38.5 43.5
38.5 55.5
38.5 61.5
39.5 10.5
39.5 16.5
39.5 20.5
39.5 36.5
39.5 42.5
39.5 61.5
40.5 26.5
40.5 30.5
40.5 36.5
40.5 42.5
40.5 50.5
40.5 56.5
40.5 60.5
40.5 66.5
41.5 9.5
41.5 15.5
41.5 19.5
41.5 30.5
41.5 47.5
41.5 56.5
41.5 60.5
41.5 66.5
42.5 9.5
42.5 14.5
42.5 25.5
42.5 31.5
42.5 37.5
42.5 41.5
42.5 51.5
42.5 65.5
43.5 14.5
43.5 25.5
43.5 31.5
43.5 41.5
43.5 46.5
43.5 51.5
43.5 65.5
44.5 13.5
44.5 24.5
44.5 32.5
44.5 45.5
44.5 52.5
44.5 65.5
45.5 24.5
45.5 32.5
45.5 52.5
46.5 12.5
46.5 23.5
46.5 33.5
46.5 44.5
46.5 64.5
47.5 23.5
47.5 33.5
47.5 53.5
47.5 64.5
48.5 13.5
48.5 34.5
48.5 43.5
49.5 43.5
49.5 53.5
49.5 64.5
50.5 12.5
50.5 22.5
50.5 33.5
50.5 53.5
51.5 22.5
51.5 44.5
51.5 52.5
51.5 63.5
52.5 11.5
52.5 34.5
52.5 52.5
52.5 62.5
53.5 16.5
53.5 35.5
53.5 45.5
53.5 51.5
53.5 62.5
54.5 10.5
54.5 21.5
54.5 35.5
54.5 51.5
54.5 61.5
55.5 21.5
55.5 26.5
55.5 36.5
55.5 41.5
55.5 46.5
55.5 50.5
55.5 56.5
55.5 61.5
55.5 68.5
56.5 9.5
56.5 15.5
56.5 29.5
56.5 37.5
56.5 50.5
56.5 60.5
56.5 67.5
57.5 15.5
57.5 20.5
57.5 25.5
57.5 30.5
57.5 37.5
57.5 42.5
57.5 47.5
57.5 55.5
57.5 60.5
57.5 66.5
58.5 20.5
58.5 30.5
58.5 38.5
58.5 42.5
58.5 55.5
59.5 14.5
59.5 31.5
59.5 43.5
59.5 65.5
60.5 14.5
60.5 24.5
60.5 31.5
60.5 43.5
60.5 54.5
60.5 64.5
61.5 32.5
61.5 63.5
62.5 13.5
62.5 23.5
62.5 44.5
63.5 13.5
63.5 33.5
