2.5 20.5
2.5 38.5
2.5 39.5
3.5 18.5
3.5 19.5
3.5 37.5
3.5 38.5
3.5 54.5
3.5 55.5
4.5 17.5
4.5 18.5
4.5 19.5
4.5 36.5
4.5 37.5
4.5 38.5
4.5 54.5
4.5 55.5
4.5 56.5
4.5 57.5
5.5 16.5
5.5 17.5
5.5 18.5
5.5 35.5
5.5 36.5
5.5 37.5
5.5 55.5
5.5 56.5
5.5 57.5
5.5 58.5
5.5 59.5
6.5 15.5
6.5 16.5
6.5 17.5
6.5 35.5
6.5 36.5
6.5 37.5
6.5 57.5
6.5 58.5
6.5 59.5
6.5 60.5
7.5 14.5
7.5 15.5
7.5 16.5
7.5 34.5
7.5 35.5
7.5 36.5
7.5 58.5
7.5 59.5
7.5 60.5
7.5 61.5
7.5 62.5
8.5 13.5
8.5 14.5
8.5 15.5
8.5 33.5
8.5 34.5
8.5 35.5
8.5 59.5
8.5 60.5
8.5 61.5
8.5 62.5
8.5 63.5
9.5 12.5
9.5 13.5
9.5 14.5
9.5 26.5
9.5 27.5
9.5 32.5
9.5 33.5
9.5 34.5
9.5 46.5
9.5 47.5
9.5 48.5
9.5 61.5
9.5 62.5
9.5 63.5
9.5 64.5
10.5 11.5
10.5 12.5
10.5 13.5
10.5 25.5
10.5 26.5
10.5 31.5
10.5 32.5
10.5 33.5
10.5 34.5
10.5 44.5
10.5 45.5
10.5 46.5
10.5 48.5
10.5 49.5
10.5 62.5
10.5 63.5
10.5 64.5
10.5 65.5
10.5 66.5
11.5 10.5
11.5 11.5
11.5 12.5
11.5 24.5
11.5 25.5
11.5 31.5
11.5 32.5
11.5 33.5
11.5 43.5
11.5 44.5
11.5 45.5
11.5 49.5
11.5 50.5
11.5 51.5
11.5 64.5
11.5 65.5
11.5 66.5
11.5 67.5
12.5 9.5
12.5 10.5
12.5 11.5
12.5 23.5
12.5 24.5
12.5 25.5
12.5 30.5
12.5 31.5
12.5 32.5
12.5 42.5
12.5 43.5
12.5 44.5
12.5 50.5
12.5 51.5
12.5 52.5
12.5 65.5
12.5 66.5
12.5 67.5
12.5 68.5
13.5 9.5
13.5 10.5
13.5 22.5
13.5 23.5
13.5 24.5
13.5 29.5
13.5 30.5
13.5 31.5
13.5 41.5
13.5 42.5
13.5 43.5
13.5 44.5
13.5 51.5
13.5 52.5
13.5 53.5
13.5 67.5
13.5 68.5
14.5 8.5
14.5 9.5
14.5 21.5
14.5 22.5
14.5 23.5
14.5 29.5
14.5 30.5
14.5 41.5
14.5 42.5
14.5 43.5
14.5 52.5
14.5 53.5
14.5 54.5
15.5 7.5
15.5 8.5
15.5 20.5
15.5 21.5
15.5 22.5
15.5 28.5
15.5 29.5
15.5 40.5
15.5 41.5
15.5 42.5
15.5 53.5
15.5 54.5
15.5 55.5
15.5 56.5
16.5 19.5
16.5 20.5
16.5 21.5
16.5 22.5
16.5 28.5
16.5 39.5
16.5 40.5
16.5 41.5
16.5 54.5
16.5 55.5
16.5 56.5
16.5 57.5
17.5 18.5
17.5 19.5
17.5 20.5
17.5 21.5
17.5 38.5
17.5 39.5
17.5 40.5
17.5 55.5
17.5 56.5
17.5 57.5
17.5 58.5
18.5 17.5
18.5 18.5
18.5 19.5
18.5 20.5
18.5 37.5
18.5 38.5
18.5 39.5
18.5 57.5
18.5 58.5
18.5 59.5
19.5 17.5
19.5 18.5
19.5 19.5
19.5 37.5
19.5 38.5
19.5 39.5
19.5 58.5
19.5 59.5
19.5 60.5
20.5 16.5
20.5 17.5
20.5 18.5
20.5 36.5
20.5 37.5
20.5 38.5
20.5 59.5
20.5 60.5
20.5 61.5
21.5 15.5
21.5 16.5
21.5 17.5
21.5 35.5
21.5 36.5
21.5 61.5
22.5 15.5
22.5 35.5
22.5 55.5
22.5 56.5
23.5 15.5
23.5 16.5
23.5 35.5
23.5 36.5
23.5 56.5
23.5 57.5
24.5 16.5
24.5 17.5
24.5 36.5
24.5 37.5
24.5 38.5
24.5 57.5
24.5 58.5
25.5 16.5
25.5 17.5
25.5 18.5
25.5 37.5
25.5 38.5
25.5 39.5
25.5 57.5
25.5 58.5
25.5 59.5
26.5 17.5
26.5 18.5
26.5 19.5
26.5 37.5
26.5 38.5
26.5 39.5
26.5 40.5
26.5 58.5
26.5 59.5
26.5 60.5
26.5 61.5
27.5 18.5
27.5 19.5
27.5 20.5
27.5 38.5
27.5 39.5
27.5 40.5
27.5 59.5
27.5 60.5
27.5 61.5
27.5 62.5
28.5 19.5
28.5 20.5
28.5 21.5
28.5 39.5
28.5 40.5
28.5 41.5
28.5 60.5
28.5 61.5
28.5 62.5
29.5 7.5
29.5 20.5
29.5 21.5
29.5 22.5
29.5 40.5
29.5 41.5
29.5 42.5
29.5 48.5
29.5 49.5
29.5 61.5
29.5 62.5
29.5 63.5
30.5 8.5
30.5 9.5
30.5 21.5
30.5 22.5
30.5 23.5
30.5 28.5
30.5 29.5
30.5 41.5
30.5 42.5
30.5 43.5
30.5 49.5
30.5 50.5
30.5 62.5
30.5 63.5
30.5 64.5
31.5 8.5
31.5 9.5
31.5 10.5
31.5 22.5
31.5 23.5
31.5 24.5
31.5 29.5
31.5 30.5
31.5 41.5
31.5 42.5
31.5 43.5
31.5 44.5
31.5 49.5
31.5 50.5
31.5 51.5
31.5 63.5
31.5 64.5
31.5 65.5
32.5 9.5
32.5 10.5
32.5 11.5
32.5 23.5
32.5 24.5
32.5 25.5
32.5 30.5
32.5 31.5
32.5 42.5
32.5 43.5
32.5 44.5
32.5 45.5
32.5 50.5
32.5 51.5
32.5 52.5
32.5 64.5
32.5 65.5
32.5 66.5
33.5 10.5
33.5 11.5
33.5 12.5
33.5 13.5
33.5 24.5
33.5 25.5
33.5 26.5
33.5 30.5
33.5 31.5
33.5 32.5
33.5 43.5
33.5 44.5
33.5 45.5
33.5 51.5
33.5 52.5
33.5 53.5
33.5 65.5
33.5 66.5
33.5 67.5
34.5 11.5
34.5 12.5
34.5 13.5
34.5 14.5
34.5 25.5
34.5 26.5
34.5 27.5
34.5 31.5
34.5 32.5
34.5 33.5
34.5 34.5
34.5 44.5
34.5 45.5
34.5 46.5
34.5 52.5
34.5 53.5
34.5 54.5
34.5 66.5
34.5 67.5
35.5 12.5
35.5 13.5
35.5 14.5
35.5 15.5
35.5 27.5
35.5 32.5
35.5 33.5
35.5 34.5
35.5 35.5
35.5 46.5
35.5 47.5
35.5 53.5
35.5 54.5
35.5 55.5
36.5 13.5
36.5 14.5
36.5 15.5
36.5 16.5
36.5 33.5
36.5 34.5
36.5 35.5
36.5 47.5
36.5 53.5
36.5 54.5
36.5 55.5
36.5 56.5
37.5 14.5
37.5 15.5
37.5 16.5
37.5 34.5
37.5 35.5
37.5 36.5
37.5 54.5
37.5 55.5
37.5 56.5
37.5 57.5
38.5 15.5
38.5 16.5
38.5 17.5
38.5 35.5
38.5 36.5
38.5 37.5
38.5 55.5
38.5 56.5
38.5 57.5
38.5 58.5
39.5 16.5
39.5 17.5
39.5 18.5
39.5 36.5
39.5 37.5
39.5 38.5
39.5 56.5
39.5 57.5
39.5 58.5
39.5 59.5
40.5 17.5
40.5 18.5
40.5 19.5
40.5 37.5
40.5 38.5
40.5 39.5
40.5 57.5
40.5 58.5
40.5 59.5
41.5 18.5
41.5 19.5
41.5 20.5
41.5 38.5
41.5 39.5
41.5 40.5
41.5 59.5
41.5 60.5
42.5 20.5
42.5 40.5
42.5 60.5
43.5 19.5
43.5 20.5
43.5 39.5
43.5 40.5
43.5 54.5
43.5 55.5
44.5 17.5
44.5 18.5
44.5 19.5
44.5 38.5
44.5 39.5
44.5 55.5
44.5 56.5
44.5 57.5
45.5 16.5
45.5 17.5
45.5 18.5
45.5 37.5
45.5 38.5
45.5 39.5
45.5 56.5
45.5 57.5
45.5 58.5
46.5 15.5
46.5 16.5
46.5 17.5
46.5 36.5
46.5 37.5
46.5 38.5
46.5 57.5
46.5 58.5
46.5 59.5
47.5 14.5
47.5 15.5
47.5 16.5
47.5 35.5
47.5 36.5
47.5 37.5
47.5 58.5
47.5 59.5
47.5 60.5
48.5 13.5
48.5 14.5
48.5 15.5
48.5 34.5
48.5 35.5
48.5 36.5
48.5 37.5
48.5 59.5
48.5 60.5
48.5 61.5
49.5 12.5
49.5 13.5
49.5 14.5
49.5 34.5
49.5 35.5
49.5 36.5
49.5 60.5
49.5 61.5
49.5 62.5
50.5 11.5
50.5 12.5
50.5 13.5
50.5 27.5
50.5 33.5
50.5 34.5
50.5 35.5
50.5 47.5
50.5 48.5
50.5 49.5
50.5 61.5
50.5 62.5
50.5 63.5
50.5 64.5
51.5 10.5
51.5 11.5
51.5 12.5
51.5 25.5
51.5 26.5
51.5 27.5
51.5 32.5
51.5 33.5
51.5 34.5
51.5 46.5
51.5 47.5
51.5 49.5
51.5 50.5
51.5 62.5
51.5 63.5
51.5 64.5
51.5 65.5
52.5 9.5
52.5 10.5
52.5 11.5
52.5 24.5
52.5 25.5
52.5 26.5
52.5 31.5
52.5 32.5
52.5 33.5
52.5 45.5
52.5 46.5
52.5 50.5
52.5 51.5
52.5 63.5
52.5 64.5
52.5 65.5
53.5 8.5
53.5 9.5
53.5 10.5
53.5 23.5
53.5 24.5
53.5 25.5
53.5 31.5
53.5 32.5
53.5 33.5
53.5 44.5
53.5 45.5
53.5 51.5
53.5 52.5
53.5 53.5
53.5 64.5
53.5 65.5
53.5 66.5
54.5 7.5
54.5 8.5
54.5 9.5
54.5 21.5
54.5 22.5
54.5 23.5
54.5 24.5
54.5 30.5
54.5 31.5
54.5 32.5
54.5 43.5
54.5 44.5
54.5 45.5
54.5 51.5
54.5 52.5
54.5 53.5
54.5 54.5
54.5 66.5
54.5 67.5
55.5 7.5
55.5 8.5
55.5 20.5
55.5 21.5
55.5 22.5
55.5 23.5
55.5 29.5
55.5 30.5
55.5 31.5
55.5 42.5
55.5 43.5
55.5 44.5
55.5 52.5
55.5 53.5
55.5 54.5
55.5 55.5
55.5 67.5
56.5 19.5
56.5 20.5
56.5 21.5
56.5 22.5
56.5 29.5
56.5 30.5
56.5 41.5
56.5 42.5
56.5 43.5
56.5 53.5
56.5 54.5
56.5 55.5
56.5 56.5
57.5 18.5
57.5 19.5
57.5 20.5
57.5 21.5
57.5 40.5
57.5 41.5
57.5 42.5
57.5 54.5
57.5 55.5
57.5 56.5
57.5 57.5
58.5 17.5
58.5 18.5
58.5 19.5
58.5 20.5
58.5 39.5
58.5 40.5
58.5 41.5
58.5 55.5
58.5 56.5
58.5 57.5
58.5 58.5
59.5 16.5
59.5 17.5
59.5 18.5
59.5 19.5
59.5 38.5
59.5 39.5
59.5 40.5
59.5 57.5
59.5 58.5
59.5 59.5
60.5 15.5
60.5 16.5
60.5 17.5
60.5 18.5
60.5 37.5
60.5 38.5
60.5 39.5
60.5 58.5
60.5 59.5
60.5 60.5
61.5 15.5
61.5 16.5
61.5 17.5
61.5 37.5
61.5 38.5
61.5 59.5
61.5 60.5
62.5 14.5
62.5 15.5
62.5 36.5
62.5 37.5
62.5 60.5
62.5 61.5
63.5 13.5
63.5 14.5
63.5 35.5
63.5 36.5
