2.5 41.5
2.5 52.5
3.5 12.5
3.5 21.5
3.5 22.5
3.5 32.5
3.5 33.5
3.5 41.5
3.5 52.5
3.5 53.5
3.5 54.5
3.5 64.5
4.5 11.5
4.5 20.5
4.5 21.5
4.5 22.5
4.5 33.5
4.5 34.5
4.5 40.5
4.5 53.5
4.5 54.5
4.5 55.5
4.5 64.5
4.5 65.5
5.5 10.5
5.5 11.5
5.5 20.5
5.5 21.5
5.5 33.5
5.5 34.5
5.5 39.5
5.5 40.5
5.5 54.5
5.5 55.5
5.5 56.5
5.5 65.5
6.5 9.5
6.5 10.5
6.5 15.5
6.5 19.5
6.5 20.5
6.5 29.5
6.5 34.5
6.5 35.5
6.5 39.5
6.5 44.5
6.5 45.5
6.5 48.5
6.5 49.5
6.5 56.5
6.5 57.5
6.5 60.5
6.5 65.5
6.5 66.5
7.5 9.5
7.5 14.5
7.5 15.5
7.5 18.5
7.5 19.5
7.5 25.5
7.5 26.5
7.5 29.5
7.5 30.5
7.5 35.5
7.5 38.5
7.5 43.5
7.5 44.5
7.5 45.5
7.5 49.5
7.5 50.5
7.5 61.5
7.5 66.5
8.5 14.5
8.5 18.5
8.5 24.5
8.5 25.5
8.5 30.5
8.5 31.5
8.5 43.5
8.5 44.5
8.5 50.5
8.5 51.5
8.5 61.5
8.5 62.5
9.5 13.5
9.5 14.5
9.5 23.5
9.5 24.5
9.5 25.5
9.5 30.5
9.5 31.5
9.5 42.5
9.5 43.5
9.5 44.5
9.5 51.5
9.5 52.5
9.5 61.5
9.5 62.5
10.5 13.5
10.5 23.5
10.5 24.5
10.5 31.5
10.5 32.5
10.5 42.5
10.5 43.5
10.5 52.5
10.5 62.5
11.5 13.5
11.5 22.5
11.5 23.5
11.5 32.5
11.5 42.5
11.5 53.5
13.5 62.5
14.5 12.5
14.5 23.5
14.5 32.5
14.5 33.5
14.5 41.5
14.5 42.5
14.5 52.5
14.5 53.5
14.5 61.5
14.5 62.5
15.5 11.5
15.5 12.5
15.5 21.5
15.5 22.5
15.5 33.5
15.5 34.5
15.5 42.5
15.5 43.5
15.5 53.5
15.5 54.5
15.5 60.5
15.5 61.5
16.5 10.5
16.5 11.5
16.5 20.5
16.5 21.5
16.5 34.5
16.5 35.5
16.5 38.5
16.5 43.5
16.5 44.5
16.5 53.5
16.5 54.5
16.5 55.5
16.5 59.5
16.5 60.5
17.5 10.5
17.5 19.5
17.5 20.5
17.5 29.5
17.5 35.5
17.5 39.5
17.5 45.5
17.5 54.5
17.5 55.5
17.5 59.5
17.5 66.5
18.5 9.5
18.5 15.5
18.5 18.5
18.5 19.5
18.5 25.5
18.5 26.5
18.5 30.5
18.5 31.5
18.5 39.5
18.5 40.5
18.5 48.5
18.5 49.5
18.5 64.5
18.5 65.5
18.5 66.5
19.5 14.5
19.5 15.5
19.5 24.5
19.5 25.5
19.5 26.5
19.5 30.5
19.5 31.5
19.5 40.5
19.5 49.5
19.5 50.5
19.5 63.5
19.5 64.5
19.5 65.5
20.5 13.5
20.5 14.5
20.5 23.5
20.5 24.5
20.5 25.5
20.5 31.5
20.5 32.5
20.5 41.5
20.5 50.5
20.5 51.5
20.5 62.5
20.5 63.5
20.5 64.5
21.5 12.5
21.5 13.5
21.5 22.5
21.5 23.5
21.5 32.5
21.5 33.5
21.5 62.5
21.5 63.5
22.5 22.5
23.5 41.5
24.5 12.5
24.5 33.5
24.5 40.5
24.5 41.5
24.5 50.5
24.5 51.5
25.5 11.5
25.5 12.5
25.5 22.5
25.5 23.5
25.5 33.5
25.5 34.5
25.5 40.5
25.5 49.5
25.5 50.5
25.5 51.5
25.5 62.5
25.5 63.5
26.5 10.5
26.5 11.5
26.5 21.5
26.5 22.5
26.5 34.5
26.5 39.5
26.5 40.5
26.5 48.5
26.5 49.5
26.5 50.5
26.5 60.5
26.5 61.5
26.5 62.5
27.5 9.5
27.5 20.5
27.5 21.5
27.5 22.5
27.5 34.5
27.5 35.5
27.5 39.5
27.5 44.5
27.5 45.5
27.5 54.5
27.5 55.5
27.5 58.5
27.5 59.5
27.5 60.5
27.5 61.5
28.5 16.5
28.5 20.5
28.5 21.5
28.5 26.5
28.5 27.5
28.5 30.5
28.5 35.5
28.5 38.5
28.5 43.5
28.5 44.5
28.5 45.5
28.5 54.5
28.5 58.5
28.5 59.5
29.5 13.5
29.5 14.5
29.5 15.5
29.5 16.5
29.5 19.5
29.5 25.5
29.5 26.5
29.5 30.5
29.5 31.5
29.5 43.5
29.5 44.5
29.5 53.5
29.5 54.5
29.5 65.5
29.5 66.5
29.5 67.5
30.5 12.5
30.5 13.5
30.5 14.5
30.5 15.5
30.5 24.5
30.5 25.5
30.5 31.5
30.5 42.5
30.5 43.5
30.5 53.5
30.5 64.5
30.5 65.5
31.5 12.5
31.5 13.5
31.5 24.5
31.5 31.5
31.5 32.5
31.5 41.5
31.5 42.5
31.5 53.5
31.5 62.5
31.5 63.5
31.5 64.5
32.5 23.5
32.5 32.5
34.5 12.5
34.5 42.5
34.5 43.5
34.5 52.5
34.5 63.5
35.5 12.5
35.5 13.5
35.5 23.5
35.5 24.5
35.5 31.5
35.5 32.5
35.5 42.5
35.5 43.5
35.5 44.5
35.5 51.5
35.5 52.5
35.5 62.5
35.5 63.5
36.5 13.5
36.5 14.5
36.5 24.5
36.5 25.5
36.5 30.5
36.5 31.5
36.5 43.5
36.5 44.5
36.5 45.5
36.5 50.5
36.5 51.5
36.5 61.5
36.5 62.5
37.5 9.5
37.5 14.5
37.5 15.5
37.5 25.5
37.5 26.5
37.5 29.5
37.5 30.5
37.5 44.5
37.5 45.5
37.5 46.5
37.5 50.5
37.5 51.5
37.5 60.5
37.5 61.5
38.5 9.5
38.5 15.5
38.5 16.5
38.5 35.5
38.5 39.5
38.5 46.5
38.5 50.5
38.5 55.5
38.5 56.5
38.5 59.5
38.5 60.5
38.5 66.5
38.5 67.5
39.5 10.5
39.5 19.5
39.5 20.5
39.5 21.5
39.5 33.5
39.5 34.5
39.5 35.5
39.5 40.5
39.5 54.5
39.5 55.5
39.5 65.5
39.5 66.5
40.5 10.5
40.5 11.5
40.5 20.5
40.5 21.5
40.5 22.5
40.5 23.5
40.5 32.5
40.5 33.5
40.5 41.5
40.5 42.5
40.5 53.5
40.5 54.5
40.5 55.5
40.5 64.5
40.5 65.5
40.5 66.5
41.5 11.5
41.5 23.5
41.5 42.5
41.5 53.5
41.5 54.5
41.5 64.5
41.5 65.5
42.5 11.5
42.5 12.5
42.5 52.5
42.5 63.5
42.5 64.5
43.5 12.5
43.5 32.5
44.5 21.5
44.5 22.5
44.5 31.5
44.5 32.5
44.5 42.5
45.5 12.5
45.5 22.5
45.5 23.5
45.5 30.5
45.5 31.5
45.5 41.5
45.5 42.5
45.5 53.5
45.5 63.5
46.5 13.5
46.5 22.5
46.5 23.5
46.5 24.5
46.5 29.5
46.5 30.5
46.5 41.5
46.5 42.5
46.5 51.5
46.5 52.5
46.5 53.5
46.5 63.5
46.5 64.5
47.5 13.5
47.5 14.5
47.5 23.5
47.5 24.5
47.5 25.5
47.5 29.5
47.5 36.5
47.5 40.5
47.5 41.5
47.5 50.5
47.5 51.5
47.5 52.5
47.5 64.5
47.5 65.5
48.5 14.5
48.5 15.5
48.5 18.5
48.5 25.5
48.5 28.5
48.5 34.5
48.5 35.5
48.5 36.5
48.5 40.5
48.5 41.5
48.5 47.5
48.5 50.5
48.5 56.5
48.5 60.5
48.5 66.5
49.5 10.5
49.5 15.5
49.5 18.5
49.5 19.5
49.5 33.5
49.5 34.5
49.5 35.5
49.5 39.5
49.5 40.5
49.5 45.5
49.5 46.5
49.5 55.5
49.5 56.5
49.5 60.5
49.5 61.5
50.5 10.5
50.5 11.5
50.5 19.5
50.5 20.5
50.5 32.5
50.5 33.5
50.5 34.5
50.5 44.5
50.5 45.5
50.5 46.5
50.5 55.5
50.5 56.5
50.5 61.5
50.5 62.5
51.5 10.5
51.5 11.5
51.5 20.5
51.5 21.5
51.5 32.5
51.5 33.5
51.5 44.5
51.5 45.5
51.5 54.5
51.5 55.5
51.5 61.5
51.5 62.5
52.5 11.5
52.5 12.5
52.5 31.5
52.5 32.5
52.5 43.5
52.5 44.5
52.5 53.5
52.5 54.5
52.5 62.5
54.5 21.5
55.5 12.5
55.5 20.5
55.5 21.5
55.5 43.5
55.5 53.5
55.5 63.5
56.5 12.5
56.5 13.5
56.5 19.5
56.5 20.5
56.5 30.5
56.5 31.5
56.5 32.5
56.5 43.5
56.5 44.5
56.5 54.5
56.5 63.5
56.5 64.5
57.5 13.5
57.5 14.5
57.5 19.5
57.5 29.5
57.5 30.5
57.5 31.5
57.5 44.5
57.5 45.5
57.5 46.5
57.5 55.5
57.5 64.5
57.5 65.5
58.5 14.5
58.5 15.5
58.5 18.5
58.5 24.5
58.5 25.5
58.5 28.5
58.5 29.5
58.5 30.5
58.5 45.5
58.5 46.5
58.5 50.5
58.5 56.5
58.5 65.5
58.5 66.5
59.5 9.5
59.5 10.5
59.5 23.5
59.5 24.5
59.5 36.5
59.5 39.5
59.5 46.5
59.5 47.5
59.5 50.5
59.5 51.5
59.5 59.5
59.5 60.5
59.5 66.5
60.5 10.5
60.5 11.5
60.5 22.5
60.5 23.5
60.5 24.5
60.5 34.5
60.5 35.5
60.5 36.5
60.5 40.5
60.5 41.5
60.5 51.5
60.5 52.5
60.5 60.5
60.5 61.5
61.5 11.5
61.5 12.5
61.5 22.5
61.5 23.5
61.5 33.5
61.5 34.5
61.5 35.5
61.5 41.5
61.5 42.5
61.5 52.5
61.5 61.5
61.5 62.5
62.5 12.5
62.5 22.5
62.5 32.5
62.5 33.5
62.5 42.5
62.5 43.5
62.5 53.5
62.5 63.5
63.5 43.5
