3.5 24.5
4.5 13.5
4.5 24.5
4.5 34.5
4.5 43.5
4.5 52.5
5.5 12.5
5.5 24.5
5.5 35.5
5.5 44.5
5.5 51.5
5.5 63.5
6.5 11.5
6.5 12.5
6.5 24.5
6.5 25.5
6.5 35.5
6.5 44.5
6.5 45.5
6.5 50.5
6.5 64.5
7.5 11.5
7.5 25.5
7.5 29.5
7.5 36.5
7.5 45.5
7.5 49.5
7.5 64.5
7.5 65.5
8.5 10.5
8.5 20.5
8.5 25.5
8.5 30.5
8.5 37.5
8.5 40.5
8.5 65.5
9.5 16.5
9.5 30.5
9.5 31.5
9.5 41.5
9.5 54.5
9.5 59.5
10.5 15.5
10.5 16.5
10.5 21.5
10.5 31.5
10.5 32.5
10.5 41.5
10.5 53.5
10.5 54.5
10.5 59.5
10.5 60.5
11.5 15.5
11.5 21.5
11.5 32.5
11.5 33.5
11.5 42.5
11.5 53.5
11.5 60.5
11.5 61.5
12.5 14.5
12.5 21.5
12.5 52.5
12.5 61.5
13.5 62.5
16.5 23.5
16.5 32.5
16.5 33.5
16.5 44.5
16.5 51.5
17.5 13.5
17.5 33.5
17.5 34.5
17.5 44.5
17.5 51.5
18.5 12.5
18.5 24.5
18.5 34.5
18.5 35.5
18.5 45.5
18.5 50.5
18.5 51.5
18.5 63.5
18.5 64.5
19.5 11.5
19.5 25.5
19.5 35.5
19.5 39.5
19.5 50.5
19.5 51.5
19.5 64.5
19.5 65.5
20.5 10.5
20.5 29.5
20.5 40.5
20.5 46.5
20.5 50.5
20.5 65.5
20.5 66.5
21.5 16.5
21.5 20.5
21.5 26.5
21.5 30.5
21.5 40.5
21.5 41.5
22.5 15.5
22.5 20.5
22.5 21.5
22.5 31.5
22.5 41.5
22.5 42.5
22.5 55.5
22.5 60.5
23.5 14.5
23.5 21.5
23.5 22.5
23.5 31.5
23.5 42.5
23.5 55.5
23.5 61.5
24.5 13.5
24.5 22.5
24.5 23.5
24.5 32.5
24.5 54.5
24.5 55.5
24.5 62.5
25.5 23.5
25.5 54.5
25.5 63.5
27.5 33.5
28.5 12.5
28.5 33.5
28.5 41.5
28.5 42.5
29.5 11.5
29.5 23.5
29.5 34.5
29.5 40.5
29.5 41.5
29.5 54.5
29.5 64.5
30.5 10.5
30.5 11.5
30.5 24.5
30.5 34.5
30.5 39.5
30.5 40.5
30.5 54.5
30.5 65.5
31.5 10.5
31.5 24.5
31.5 25.5
31.5 34.5
31.5 39.5
31.5 55.5
31.5 65.5
32.5 9.5
32.5 24.5
32.5 25.5
32.5 30.5
32.5 38.5
32.5 46.5
32.5 50.5
32.5 56.5
32.5 66.5
33.5 15.5
33.5 19.5
33.5 25.5
33.5 30.5
33.5 45.5
33.5 50.5
33.5 51.5
33.5 60.5
33.5 66.5
34.5 14.5
34.5 20.5
34.5 30.5
34.5 31.5
34.5 44.5
34.5 45.5
34.5 51.5
34.5 61.5
35.5 13.5
35.5 14.5
35.5 20.5
35.5 31.5
35.5 43.5
35.5 44.5
35.5 51.5
35.5 52.5
35.5 61.5
35.5 62.5
36.5 12.5
36.5 21.5
36.5 31.5
36.5 42.5
36.5 52.5
36.5 62.5
36.5 63.5
37.5 22.5
37.5 31.5
40.5 12.5
40.5 42.5
40.5 63.5
41.5 11.5
41.5 21.5
41.5 31.5
41.5 43.5
41.5 52.5
41.5 62.5
42.5 10.5
42.5 11.5
42.5 21.5
42.5 30.5
42.5 44.5
42.5 51.5
42.5 52.5
42.5 61.5
42.5 62.5
43.5 9.5
43.5 10.5
43.5 20.5
43.5 30.5
43.5 44.5
43.5 45.5
43.5 51.5
43.5 61.5
44.5 9.5
44.5 15.5
44.5 19.5
44.5 29.5
44.5 45.5
44.5 46.5
44.5 50.5
44.5 56.5
44.5 60.5
44.5 67.5
45.5 15.5
45.5 25.5
45.5 34.5
45.5 40.5
45.5 50.5
45.5 55.5
45.5 66.5
46.5 14.5
46.5 24.5
46.5 34.5
46.5 40.5
46.5 55.5
46.5 65.5
46.5 66.5
47.5 13.5
47.5 23.5
47.5 34.5
47.5 41.5
47.5 54.5
47.5 65.5
48.5 22.5
48.5 34.5
48.5 41.5
48.5 42.5
48.5 54.5
48.5 64.5
49.5 33.5
49.5 34.5
49.5 42.5
49.5 53.5
50.5 33.5
52.5 13.5
52.5 22.5
52.5 53.5
52.5 63.5
53.5 14.5
53.5 21.5
53.5 53.5
53.5 64.5
54.5 14.5
54.5 21.5
54.5 32.5
54.5 43.5
54.5 52.5
54.5 64.5
55.5 15.5
55.5 20.5
55.5 21.5
55.5 31.5
55.5 32.5
55.5 42.5
55.5 43.5
55.5 51.5
55.5 64.5
55.5 65.5
56.5 20.5
56.5 30.5
56.5 31.5
56.5 42.5
56.5 51.5
56.5 65.5
57.5 10.5
57.5 25.5
57.5 30.5
57.5 41.5
57.5 46.5
57.5 50.5
57.5 56.5
57.5 60.5
58.5 11.5
58.5 24.5
58.5 25.5
58.5 29.5
58.5 46.5
58.5 55.5
58.5 60.5
59.5 11.5
59.5 12.5
59.5 24.5
59.5 36.5
59.5 37.5
59.5 45.5
59.5 55.5
59.5 61.5
60.5 12.5
60.5 24.5
60.5 34.5
60.5 35.5
60.5 45.5
60.5 54.5
60.5 55.5
60.5 61.5
61.5 23.5
61.5 33.5
61.5 34.5
61.5 54.5
61.5 61.5
