4.5 44.5
4.5 52.5
5.5 10.5
5.5 22.5
5.5 23.5
5.5 44.5
6.5 10.5
6.5 24.5
6.5 30.5
6.5 44.5
6.5 51.5
6.5 60.5
7.5 29.5
7.5 45.5
7.5 50.5
8.5 14.5
8.5 19.5
8.5 35.5
8.5 45.5
8.5 64.5
9.5 20.5
9.5 34.5
9.5 39.5
9.5 64.5
10.5 40.5
10.5 63.5
11.5 41.5
11.5 63.5
15.5 21.5
15.5 31.5
15.5 42.5
15.5 62.5
16.5 15.5
16.5 20.5
16.5 30.5
16.5 41.5
16.5 53.5
16.5 54.5
16.5 60.5
17.5 16.5
17.5 29.5
18.5 25.5
18.5 35.5
18.5 46.5
19.5 10.5
19.5 24.5
19.5 34.5
19.5 44.5
19.5 51.5
19.5 64.5
19.5 65.5
20.5 12.5
20.5 33.5
20.5 62.5
23.5 43.5
24.5 32.5
24.5 51.5
25.5 31.5
25.5 44.5
25.5 62.5
26.5 12.5
26.5 13.5
26.5 14.5
26.5 45.5
26.5 50.5
26.5 61.5
27.5 20.5
27.5 55.5
27.5 60.5
28.5 21.5
28.5 67.5
29.5 9.5
29.5 22.5
29.5 40.5
29.5 54.5
29.5 66.5
30.5 11.5
30.5 41.5
30.5 65.5
31.5 42.5
31.5 53.5
31.5 64.5
33.5 22.5
34.5 11.5
34.5 23.5
35.5 10.5
35.5 24.5
35.5 31.5
35.5 42.5
35.5 53.5
35.5 64.5
36.5 9.5
36.5 43.5
36.5 52.5
36.5 66.5
37.5 30.5
37.5 44.5
37.5 51.5
38.5 19.5
38.5 50.5
39.5 14.5
39.5 20.5
39.5 39.5
39.5 56.5
39.5 61.5
40.5 13.5
40.5 21.5
40.5 33.5
40.5 40.5
40.5 55.5
40.5 62.5
40.5 63.5
41.5 12.5
41.5 22.5
41.5 32.5
41.5 42.5
41.5 54.5
42.5 53.5
44.5 12.5
45.5 13.5
45.5 22.5
45.5 31.5
45.5 42.5
45.5 64.5
46.5 21.5
46.5 41.5
46.5 53.5
46.5 65.5
47.5 30.5
47.5 39.5
47.5 40.5
47.5 54.5
47.5 66.5
48.5 9.5
48.5 38.5
48.5 67.5
49.5 10.5
49.5 25.5
49.5 34.5
49.5 45.5
50.5 11.5
50.5 24.5
50.5 44.5
50.5 51.5
50.5 61.5
51.5 12.5
51.5 43.5
51.5 52.5
51.5 62.5
52.5 33.5
55.5 22.5
55.5 42.5
55.5 52.5
56.5 14.5
56.5 21.5
56.5 41.5
56.5 51.5
56.5 63.5
57.5 15.5
57.5 20.5
57.5 40.5
57.5 50.5
57.5 61.5
57.5 62.5
58.5 19.5
58.5 49.5
58.5 60.5
59.5 31.5
59.5 45.5
60.5 32.5
60.5 44.5
60.5 66.5
61.5 11.5
61.5 33.5
61.5 43.5
61.5 65.5
