3.5 30.5
3.5 45.5
3.5 61.5
4.5 15.5
4.5 31.5
4.5 45.5
4.5 46.5
4.5 60.5
5.5 15.5
5.5 16.5
5.5 31.5
5.5 32.5
5.5 46.5
5.5 47.5
5.5 59.5
5.5 60.5
6.5 16.5
6.5 17.5
6.5 32.5
6.5 47.5
6.5 48.5
6.5 58.5
6.5 59.5
7.5 17.5
7.5 18.5
7.5 33.5
7.5 48.5
7.5 49.5
7.5 58.5
8.5 18.5
8.5 19.5
8.5 33.5
8.5 34.5
8.5 40.5
8.5 49.5
8.5 50.5
8.5 57.5
9.5 9.5
9.5 19.5
9.5 34.5
9.5 40.5
9.5 50.5
9.5 56.5
9.5 66.5
10.5 10.5
10.5 20.5
10.5 25.5
10.5 35.5
10.5 41.5
10.5 51.5
10.5 55.5
10.5 56.5
10.5 65.5
11.5 11.5
11.5 21.5
11.5 25.5
11.5 26.5
11.5 41.5
11.5 42.5
11.5 55.5
11.5 64.5
12.5 11.5
12.5 12.5
12.5 26.5
12.5 27.5
12.5 42.5
12.5 43.5
12.5 63.5
13.5 12.5
13.5 13.5
13.5 27.5
13.5 28.5
13.5 43.5
13.5 44.5
13.5 61.5
13.5 62.5
14.5 13.5
14.5 28.5
14.5 29.5
14.5 44.5
14.5 60.5
14.5 61.5
15.5 14.5
15.5 29.5
15.5 30.5
15.5 45.5
15.5 60.5
16.5 31.5
19.5 46.5
19.5 59.5
20.5 14.5
20.5 30.5
20.5 31.5
20.5 45.5
20.5 60.5
20.5 61.5
21.5 13.5
21.5 14.5
21.5 29.5
21.5 30.5
21.5 44.5
21.5 61.5
21.5 62.5
22.5 12.5
22.5 13.5
22.5 28.5
22.5 29.5
22.5 43.5
22.5 62.5
22.5 63.5
23.5 11.5
23.5 12.5
23.5 27.5
23.5 28.5
23.5 42.5
23.5 63.5
23.5 64.5
24.5 10.5
24.5 11.5
24.5 26.5
24.5 41.5
24.5 51.5
24.5 54.5
24.5 64.5
25.5 9.5
25.5 20.5
25.5 25.5
25.5 35.5
25.5 36.5
25.5 40.5
25.5 50.5
25.5 55.5
25.5 65.5
26.5 8.5
26.5 19.5
26.5 24.5
26.5 34.5
26.5 35.5
26.5 39.5
26.5 49.5
26.5 56.5
26.5 66.5
27.5 17.5
27.5 18.5
27.5 33.5
27.5 34.5
27.5 48.5
27.5 56.5
27.5 57.5
28.5 16.5
28.5 17.5
28.5 32.5
28.5 33.5
28.5 47.5
28.5 57.5
28.5 58.5
29.5 15.5
29.5 16.5
29.5 31.5
29.5 32.5
29.5 46.5
29.5 58.5
29.5 59.5
30.5 14.5
30.5 15.5
30.5 30.5
30.5 45.5
30.5 59.5
30.5 60.5
31.5 14.5
31.5 29.5
31.5 44.5
31.5 60.5
34.5 29.5
34.5 46.5
34.5 60.5
35.5 15.5
35.5 30.5
35.5 45.5
35.5 60.5
36.5 13.5
36.5 14.5
36.5 31.5
36.5 32.5
36.5 43.5
36.5 44.5
36.5 59.5
37.5 12.5
37.5 13.5
37.5 32.5
37.5 33.5
37.5 42.5
37.5 43.5
37.5 58.5
37.5 59.5
38.5 11.5
38.5 12.5
38.5 33.5
38.5 34.5
38.5 41.5
38.5 42.5
38.5 57.5
38.5 58.5
39.5 10.5
39.5 34.5
39.5 35.5
39.5 40.5
39.5 41.5
39.5 57.5
40.5 9.5
40.5 20.5
40.5 21.5
40.5 25.5
40.5 26.5
40.5 36.5
40.5 39.5
40.5 50.5
40.5 51.5
40.5 56.5
40.5 57.5
40.5 66.5
41.5 19.5
41.5 20.5
41.5 26.5
41.5 27.5
41.5 49.5
41.5 50.5
41.5 56.5
41.5 65.5
42.5 17.5
42.5 18.5
42.5 19.5
42.5 27.5
42.5 28.5
42.5 48.5
42.5 49.5
42.5 55.5
42.5 64.5
43.5 16.5
43.5 17.5
43.5 28.5
43.5 29.5
43.5 47.5
43.5 48.5
43.5 63.5
43.5 64.5
44.5 15.5
44.5 16.5
44.5 29.5
44.5 46.5
44.5 47.5
44.5 62.5
44.5 63.5
45.5 14.5
45.5 30.5
45.5 45.5
45.5 46.5
45.5 62.5
46.5 31.5
46.5 44.5
46.5 45.5
46.5 61.5
47.5 60.5
47.5 61.5
48.5 60.5
49.5 13.5
49.5 30.5
50.5 14.5
50.5 15.5
50.5 31.5
50.5 44.5
51.5 15.5
51.5 16.5
51.5 31.5
51.5 32.5
51.5 45.5
51.5 46.5
51.5 60.5
52.5 16.5
52.5 17.5
52.5 32.5
52.5 46.5
52.5 47.5
52.5 61.5
53.5 18.5
53.5 19.5
53.5 32.5
53.5 33.5
53.5 47.5
53.5 48.5
53.5 62.5
53.5 63.5
54.5 19.5
54.5 20.5
54.5 25.5
54.5 33.5
54.5 34.5
54.5 39.5
54.5 48.5
54.5 49.5
54.5 63.5
54.5 64.5
55.5 9.5
55.5 20.5
55.5 21.5
55.5 26.5
55.5 34.5
55.5 40.5
55.5 50.5
55.5 64.5
55.5 65.5
56.5 9.5
56.5 10.5
56.5 22.5
56.5 26.5
56.5 27.5
56.5 35.5
56.5 40.5
56.5 41.5
56.5 51.5
56.5 54.5
56.5 55.5
56.5 66.5
57.5 10.5
57.5 11.5
57.5 27.5
57.5 41.5
57.5 42.5
57.5 56.5
58.5 12.5
58.5 13.5
58.5 28.5
58.5 42.5
58.5 43.5
58.5 57.5
58.5 58.5
59.5 13.5
59.5 14.5
59.5 29.5
59.5 43.5
59.5 44.5
59.5 59.5
59.5 60.5
60.5 14.5
60.5 15.5
60.5 29.5
60.5 30.5
60.5 44.5
60.5 60.5
60.5 61.5
61.5 15.5
61.5 16.5
61.5 30.5
61.5 45.5
61.5 62.5
62.5 31.5
