2.5 13.5
2.5 22.5
2.5 54.5
2.5 63.5
3.5 12.5
3.5 22.5
3.5 23.5
3.5 32.5
3.5 42.5
3.5 53.5
3.5 54.5
3.5 63.5
4.5 11.5
4.5 12.5
4.5 23.5
4.5 32.5
4.5 42.5
4.5 53.5
4.5 64.5
5.5 11.5
5.5 23.5
5.5 24.5
5.5 31.5
5.5 41.5
5.5 42.5
5.5 52.5
5.5 53.5
5.5 64.5
6.5 10.5
6.5 24.5
6.5 31.5
6.5 41.5
6.5 47.5
6.5 51.5
6.5 52.5
6.5 58.5
6.5 64.5
6.5 65.5
7.5 9.5
7.5 10.5
7.5 16.5
7.5 18.5
7.5 24.5
7.5 25.5
7.5 31.5
7.5 36.5
7.5 41.5
7.5 51.5
7.5 52.5
7.5 57.5
7.5 59.5
7.5 65.5
8.5 8.5
8.5 9.5
8.5 15.5
8.5 16.5
8.5 18.5
8.5 25.5
8.5 30.5
8.5 31.5
8.5 36.5
8.5 40.5
8.5 41.5
8.5 46.5
8.5 50.5
8.5 51.5
8.5 56.5
8.5 59.5
8.5 65.5
9.5 8.5
9.5 15.5
9.5 19.5
9.5 25.5
9.5 26.5
9.5 30.5
9.5 35.5
9.5 36.5
9.5 40.5
9.5 46.5
9.5 50.5
9.5 56.5
9.5 59.5
9.5 60.5
9.5 65.5
9.5 66.5
10.5 7.5
10.5 14.5
10.5 15.5
10.5 19.5
10.5 26.5
10.5 30.5
10.5 35.5
10.5 40.5
10.5 45.5
10.5 49.5
10.5 50.5
10.5 55.5
10.5 60.5
10.5 66.5
11.5 13.5
11.5 14.5
11.5 19.5
11.5 20.5
11.5 26.5
11.5 27.5
11.5 34.5
11.5 35.5
11.5 39.5
11.5 40.5
11.5 45.5
11.5 49.5
11.5 55.5
11.5 60.5
11.5 61.5
11.5 66.5
12.5 13.5
12.5 20.5
12.5 21.5
12.5 27.5
12.5 29.5
12.5 34.5
12.5 35.5
12.5 39.5
12.5 45.5
12.5 48.5
12.5 54.5
12.5 55.5
12.5 61.5
12.5 67.5
13.5 12.5
13.5 13.5
13.5 21.5
13.5 27.5
13.5 29.5
13.5 34.5
13.5 39.5
13.5 44.5
13.5 54.5
13.5 61.5
13.5 62.5
13.5 67.5
14.5 12.5
14.5 21.5
14.5 22.5
14.5 33.5
14.5 34.5
14.5 44.5
14.5 53.5
14.5 62.5
14.5 67.5
15.5 11.5
15.5 12.5
15.5 22.5
15.5 33.5
15.5 43.5
15.5 44.5
15.5 53.5
15.5 62.5
15.5 63.5
16.5 11.5
16.5 12.5
16.5 21.5
16.5 22.5
16.5 23.5
16.5 32.5
16.5 33.5
16.5 43.5
16.5 52.5
16.5 63.5
17.5 10.5
17.5 11.5
17.5 21.5
17.5 23.5
17.5 33.5
17.5 43.5
17.5 44.5
17.5 52.5
17.5 63.5
17.5 64.5
18.5 11.5
18.5 22.5
18.5 23.5
18.5 32.5
18.5 33.5
18.5 44.5
18.5 63.5
18.5 64.5
19.5 10.5
19.5 11.5
19.5 22.5
19.5 23.5
19.5 33.5
19.5 34.5
19.5 44.5
19.5 53.5
19.5 63.5
19.5 64.5
20.5 10.5
20.5 23.5
20.5 34.5
20.5 44.5
20.5 49.5
20.5 53.5
20.5 62.5
20.5 63.5
21.5 9.5
21.5 10.5
21.5 23.5
21.5 24.5
21.5 34.5
21.5 39.5
21.5 45.5
21.5 49.5
21.5 54.5
21.5 61.5
21.5 62.5
22.5 9.5
22.5 10.5
22.5 16.5
22.5 17.5
22.5 24.5
22.5 29.5
22.5 34.5
22.5 35.5
22.5 39.5
22.5 45.5
22.5 50.5
22.5 54.5
22.5 61.5
22.5 62.5
23.5 9.5
23.5 15.5
23.5 18.5
23.5 24.5
23.5 25.5
23.5 29.5
23.5 35.5
23.5 40.5
23.5 45.5
23.5 50.5
23.5 55.5
23.5 60.5
23.5 61.5
23.5 68.5
24.5 8.5
24.5 9.5
24.5 15.5
24.5 18.5
24.5 24.5
24.5 25.5
24.5 29.5
24.5 30.5
24.5 35.5
24.5 36.5
24.5 40.5
24.5 45.5
24.5 46.5
24.5 50.5
24.5 55.5
24.5 60.5
24.5 67.5
25.5 8.5
25.5 14.5
25.5 19.5
25.5 25.5
25.5 30.5
25.5 35.5
25.5 36.5
25.5 40.5
25.5 46.5
25.5 50.5
25.5 51.5
25.5 55.5
25.5 59.5
25.5 60.5
25.5 66.5
25.5 67.5
26.5 7.5
26.5 8.5
26.5 14.5
26.5 19.5
26.5 20.5
26.5 25.5
26.5 26.5
26.5 30.5
26.5 36.5
26.5 40.5
26.5 41.5
26.5 46.5
26.5 51.5
26.5 56.5
26.5 59.5
26.5 66.5
27.5 7.5
27.5 13.5
27.5 14.5
27.5 19.5
27.5 20.5
27.5 26.5
27.5 30.5
27.5 31.5
27.5 36.5
27.5 41.5
27.5 46.5
27.5 51.5
27.5 56.5
27.5 58.5
27.5 59.5
27.5 65.5
27.5 66.5
28.5 7.5
28.5 13.5
28.5 20.5
28.5 21.5
28.5 27.5
28.5 31.5
28.5 37.5
28.5 41.5
28.5 42.5
28.5 51.5
28.5 58.5
28.5 64.5
28.5 65.5
29.5 12.5
29.5 13.5
29.5 20.5
29.5 21.5
29.5 27.5
29.5 31.5
29.5 37.5
29.5 41.5
29.5 42.5
29.5 47.5
29.5 51.5
29.5 52.5
29.5 64.5
29.5 65.5
30.5 12.5
30.5 21.5
30.5 32.5
30.5 42.5
30.5 47.5
30.5 52.5
30.5 63.5
30.5 64.5
31.5 11.5
31.5 12.5
31.5 22.5
31.5 32.5
31.5 42.5
31.5 52.5
31.5 63.5
32.5 11.5
32.5 22.5
32.5 32.5
32.5 43.5
32.5 44.5
32.5 52.5
32.5 62.5
32.5 63.5
32.5 64.5
33.5 11.5
33.5 21.5
33.5 23.5
33.5 32.5
33.5 33.5
33.5 43.5
33.5 52.5
33.5 53.5
33.5 62.5
33.5 64.5
34.5 10.5
34.5 11.5
34.5 22.5
34.5 23.5
34.5 32.5
34.5 33.5
34.5 43.5
34.5 52.5
34.5 53.5
34.5 63.5
35.5 11.5
35.5 22.5
35.5 33.5
35.5 42.5
35.5 53.5
35.5 62.5
35.5 63.5
36.5 10.5
36.5 11.5
36.5 22.5
36.5 23.5
36.5 33.5
36.5 41.5
36.5 42.5
36.5 53.5
36.5 54.5
36.5 62.5
37.5 10.5
37.5 11.5
37.5 16.5
37.5 23.5
37.5 33.5
37.5 34.5
37.5 41.5
37.5 48.5
37.5 54.5
37.5 61.5
37.5 62.5
37.5 68.5
38.5 10.5
38.5 11.5
38.5 16.5
38.5 18.5
38.5 23.5
38.5 24.5
38.5 29.5
38.5 34.5
38.5 40.5
38.5 41.5
38.5 47.5
38.5 49.5
38.5 54.5
38.5 55.5
38.5 61.5
38.5 67.5
39.5 10.5
39.5 15.5
39.5 18.5
39.5 24.5
39.5 29.5
39.5 34.5
39.5 40.5
39.5 47.5
39.5 49.5
39.5 55.5
39.5 60.5
39.5 61.5
39.5 67.5
40.5 10.5
40.5 15.5
40.5 19.5
40.5 24.5
40.5 25.5
40.5 30.5
40.5 35.5
40.5 39.5
40.5 40.5
40.5 46.5
40.5 50.5
40.5 55.5
40.5 56.5
40.5 59.5
40.5 60.5
40.5 66.5
41.5 10.5
41.5 15.5
41.5 19.5
41.5 25.5
41.5 30.5
41.5 35.5
41.5 39.5
41.5 45.5
41.5 46.5
41.5 50.5
41.5 56.5
41.5 59.5
41.5 65.5
41.5 66.5
42.5 10.5
42.5 15.5
42.5 19.5
42.5 20.5
42.5 26.5
42.5 30.5
42.5 36.5
42.5 38.5
42.5 44.5
42.5 45.5
42.5 51.5
42.5 56.5
42.5 58.5
42.5 59.5
42.5 65.5
43.5 9.5
43.5 10.5
43.5 14.5
43.5 15.5
43.5 20.5
43.5 26.5
43.5 31.5
43.5 36.5
43.5 38.5
43.5 44.5
43.5 51.5
43.5 52.5
43.5 57.5
43.5 58.5
43.5 64.5
43.5 65.5
44.5 9.5
44.5 14.5
44.5 15.5
44.5 20.5
44.5 21.5
44.5 27.5
44.5 31.5
44.5 37.5
44.5 43.5
44.5 44.5
44.5 52.5
44.5 64.5
45.5 14.5
45.5 21.5
45.5 27.5
45.5 31.5
45.5 42.5
45.5 43.5
45.5 52.5
45.5 53.5
45.5 63.5
46.5 14.5
46.5 21.5
46.5 22.5
46.5 32.5
46.5 42.5
46.5 53.5
46.5 54.5
46.5 63.5
47.5 14.5
47.5 22.5
47.5 32.5
47.5 41.5
47.5 54.5
47.5 62.5
48.5 12.5
48.5 13.5
48.5 14.5
48.5 22.5
48.5 23.5
48.5 32.5
48.5 41.5
48.5 42.5
48.5 53.5
48.5 54.5
48.5 62.5
48.5 63.5
49.5 12.5
49.5 13.5
49.5 22.5
49.5 23.5
49.5 32.5
49.5 33.5
49.5 42.5
49.5 43.5
49.5 53.5
49.5 63.5
50.5 13.5
50.5 22.5
50.5 23.5
50.5 33.5
50.5 43.5
50.5 52.5
50.5 63.5
50.5 64.5
51.5 13.5
51.5 23.5
51.5 24.5
51.5 33.5
51.5 37.5
51.5 43.5
51.5 44.5
51.5 51.5
51.5 52.5
51.5 56.5
51.5 59.5
51.5 64.5
52.5 14.5
52.5 23.5
52.5 24.5
52.5 33.5
52.5 37.5
52.5 38.5
52.5 44.5
52.5 45.5
52.5 51.5
52.5 56.5
52.5 59.5
52.5 64.5
53.5 9.5
53.5 14.5
53.5 24.5
53.5 33.5
53.5 34.5
53.5 38.5
53.5 45.5
53.5 50.5
53.5 51.5
53.5 56.5
53.5 59.5
53.5 60.5
53.5 65.5
54.5 9.5
54.5 15.5
54.5 18.5
54.5 24.5
54.5 25.5
54.5 29.5
54.5 34.5
54.5 38.5
54.5 39.5
54.5 45.5
54.5 46.5
54.5 50.5
54.5 55.5
54.5 56.5
54.5 60.5
54.5 65.5
55.5 9.5
55.5 10.5
55.5 15.5
55.5 18.5
55.5 19.5
55.5 25.5
55.5 29.5
55.5 34.5
55.5 39.5
55.5 40.5
55.5 46.5
55.5 49.5
55.5 55.5
55.5 60.5
55.5 66.5
56.5 9.5
56.5 10.5
56.5 16.5
56.5 19.5
56.5 25.5
56.5 26.5
56.5 30.5
56.5 34.5
56.5 35.5
56.5 39.5
56.5 40.5
56.5 47.5
56.5 49.5
56.5 55.5
56.5 60.5
56.5 61.5
56.5 66.5
57.5 10.5
57.5 16.5
57.5 20.5
57.5 26.5
57.5 30.5
57.5 35.5
57.5 40.5
57.5 41.5
57.5 48.5
57.5 54.5
57.5 55.5
57.5 61.5
57.5 67.5
58.5 10.5
58.5 11.5
58.5 20.5
58.5 21.5
58.5 27.5
58.5 31.5
58.5 35.5
58.5 41.5
58.5 54.5
58.5 61.5
58.5 67.5
59.5 10.5
59.5 11.5
59.5 17.5
59.5 21.5
59.5 22.5
59.5 27.5
59.5 31.5
59.5 41.5
59.5 42.5
59.5 54.5
59.5 61.5
60.5 11.5
60.5 22.5
60.5 31.5
60.5 42.5
60.5 53.5
60.5 54.5
60.5 61.5
60.5 62.5
61.5 11.5
61.5 22.5
61.5 23.5
61.5 32.5
61.5 42.5
61.5 43.5
61.5 53.5
61.5 62.5
62.5 11.5
62.5 12.5
62.5 23.5
62.5 32.5
62.5 43.5
62.5 53.5
62.5 62.5
63.5 12.5
63.5 24.5
63.5 53.5
63.5 63.5
