3.5 42.5
3.5 54.5
3.5 55.5
4.5 19.5
4.5 20.5
4.5 21.5
4.5 38.5
4.5 39.5
4.5 58.5
4.5 59.5
4.5 60.5
5.5 13.5
5.5 14.5
5.5 15.5
5.5 16.5
5.5 35.5
5.5 36.5
5.5 62.5
5.5 63.5
5.5 64.5
6.5 8.5
6.5 9.5
6.5 10.5
6.5 32.5
6.5 33.5
6.5 67.5
6.5 68.5
7.5 27.5
7.5 28.5
7.5 29.5
7.5 47.5
7.5 48.5
7.5 49.5
7.5 50.5
8.5 22.5
8.5 23.5
8.5 24.5
8.5 26.5
8.5 43.5
8.5 44.5
8.5 45.5
8.5 46.5
8.5 52.5
8.5 53.5
8.5 54.5
8.5 55.5
9.5 17.5
9.5 18.5
9.5 19.5
9.5 39.5
9.5 40.5
9.5 41.5
9.5 42.5
9.5 57.5
9.5 58.5
9.5 59.5
9.5 60.5
10.5 13.5
10.5 14.5
10.5 35.5
10.5 36.5
10.5 37.5
10.5 63.5
10.5 64.5
13.5 19.5
13.5 20.5
13.5 21.5
14.5 15.5
14.5 16.5
14.5 17.5
14.5 40.5
14.5 41.5
14.5 42.5
14.5 55.5
14.5 56.5
14.5 57.5
15.5 12.5
15.5 13.5
15.5 14.5
15.5 36.5
15.5 37.5
15.5 38.5
15.5 58.5
15.5 59.5
15.5 60.5
15.5 61.5
16.5 8.5
16.5 9.5
16.5 10.5
16.5 28.5
16.5 31.5
16.5 32.5
16.5 33.5
16.5 34.5
16.5 62.5
16.5 63.5
16.5 64.5
16.5 65.5
17.5 24.5
17.5 25.5
17.5 26.5
17.5 28.5
17.5 29.5
17.5 30.5
17.5 66.5
17.5 67.5
17.5 68.5
18.5 21.5
18.5 22.5
18.5 23.5
18.5 47.5
18.5 48.5
18.5 49.5
18.5 50.5
19.5 18.5
19.5 19.5
19.5 20.5
19.5 42.5
19.5 43.5
19.5 44.5
19.5 45.5
19.5 52.5
19.5 53.5
20.5 15.5
20.5 16.5
20.5 38.5
20.5 39.5
20.5 40.5
20.5 55.5
20.5 56.5
21.5 13.5
21.5 34.5
21.5 35.5
21.5 36.5
21.5 58.5
21.5 59.5
22.5 61.5
22.5 62.5
23.5 15.5
24.5 17.5
24.5 18.5
24.5 41.5
24.5 42.5
24.5 64.5
25.5 20.5
25.5 21.5
25.5 35.5
25.5 36.5
25.5 37.5
25.5 38.5
25.5 60.5
25.5 61.5
26.5 23.5
26.5 24.5
26.5 31.5
26.5 32.5
26.5 33.5
26.5 56.5
26.5 57.5
26.5 58.5
27.5 7.5
27.5 8.5
27.5 26.5
27.5 27.5
27.5 28.5
27.5 53.5
27.5 54.5
27.5 55.5
28.5 9.5
28.5 10.5
28.5 11.5
28.5 12.5
28.5 47.5
28.5 48.5
28.5 49.5
28.5 50.5
28.5 51.5
28.5 67.5
28.5 68.5
29.5 13.5
29.5 14.5
29.5 15.5
29.5 16.5
29.5 40.5
29.5 41.5
29.5 42.5
29.5 43.5
29.5 44.5
29.5 47.5
29.5 63.5
29.5 64.5
29.5 65.5
30.5 18.5
30.5 19.5
30.5 20.5
30.5 35.5
30.5 36.5
30.5 37.5
30.5 38.5
30.5 60.5
30.5 61.5
31.5 57.5
31.5 58.5
32.5 54.5
34.5 13.5
34.5 14.5
34.5 44.5
34.5 54.5
34.5 55.5
35.5 16.5
35.5 17.5
35.5 18.5
35.5 37.5
35.5 38.5
35.5 39.5
35.5 40.5
35.5 41.5
35.5 57.5
35.5 58.5
35.5 59.5
35.5 60.5
36.5 19.5
36.5 20.5
36.5 21.5
36.5 32.5
36.5 33.5
36.5 34.5
36.5 35.5
36.5 36.5
36.5 37.5
36.5 61.5
36.5 62.5
36.5 63.5
36.5 64.5
37.5 22.5
37.5 23.5
37.5 24.5
37.5 25.5
37.5 28.5
37.5 29.5
37.5 30.5
37.5 31.5
37.5 49.5
37.5 65.5
37.5 66.5
37.5 67.5
38.5 26.5
38.5 27.5
38.5 28.5
38.5 46.5
38.5 47.5
38.5 48.5
38.5 49.5
39.5 7.5
39.5 43.5
39.5 44.5
39.5 51.5
39.5 52.5
39.5 53.5
39.5 54.5
40.5 9.5
40.5 10.5
40.5 11.5
40.5 12.5
40.5 13.5
40.5 41.5
40.5 42.5
40.5 55.5
40.5 56.5
40.5 57.5
40.5 58.5
41.5 14.5
41.5 15.5
41.5 16.5
41.5 17.5
41.5 38.5
41.5 39.5
41.5 60.5
41.5 61.5
41.5 62.5
42.5 19.5
42.5 20.5
42.5 21.5
42.5 22.5
42.5 36.5
43.5 33.5
44.5 41.5
44.5 42.5
44.5 53.5
44.5 54.5
45.5 38.5
45.5 39.5
45.5 56.5
45.5 57.5
45.5 58.5
46.5 15.5
46.5 16.5
46.5 17.5
46.5 18.5
46.5 35.5
46.5 36.5
46.5 60.5
46.5 61.5
46.5 62.5
46.5 63.5
47.5 21.5
47.5 22.5
47.5 23.5
47.5 24.5
47.5 32.5
47.5 33.5
47.5 65.5
47.5 66.5
47.5 67.5
48.5 27.5
48.5 28.5
48.5 29.5
48.5 30.5
48.5 47.5
48.5 48.5
48.5 49.5
48.5 50.5
49.5 7.5
49.5 43.5
49.5 44.5
49.5 45.5
49.5 52.5
49.5 53.5
49.5 54.5
50.5 10.5
50.5 11.5
50.5 12.5
50.5 13.5
50.5 39.5
50.5 40.5
50.5 41.5
50.5 55.5
50.5 56.5
50.5 57.5
51.5 16.5
51.5 17.5
51.5 18.5
51.5 19.5
51.5 35.5
51.5 36.5
51.5 37.5
51.5 59.5
51.5 60.5
52.5 23.5
52.5 63.5
54.5 35.5
54.5 54.5
55.5 12.5
55.5 13.5
55.5 14.5
55.5 38.5
55.5 39.5
55.5 57.5
55.5 58.5
56.5 16.5
56.5 17.5
56.5 18.5
56.5 19.5
56.5 40.5
56.5 41.5
56.5 42.5
56.5 60.5
56.5 61.5
56.5 62.5
57.5 20.5
57.5 21.5
57.5 22.5
57.5 23.5
57.5 43.5
57.5 44.5
57.5 64.5
57.5 65.5
57.5 66.5
58.5 24.5
58.5 25.5
58.5 26.5
58.5 27.5
58.5 28.5
58.5 29.5
58.5 30.5
58.5 46.5
58.5 47.5
58.5 48.5
58.5 49.5
58.5 68.5
59.5 7.5
59.5 8.5
59.5 29.5
59.5 30.5
59.5 31.5
59.5 32.5
59.5 33.5
59.5 49.5
59.5 50.5
59.5 51.5
59.5 52.5
59.5 53.5
60.5 10.5
60.5 11.5
60.5 12.5
60.5 34.5
60.5 35.5
60.5 36.5
60.5 37.5
60.5 55.5
60.5 56.5
60.5 57.5
61.5 14.5
61.5 15.5
61.5 16.5
61.5 38.5
61.5 39.5
61.5 40.5
61.5 59.5
61.5 60.5
62.5 18.5
62.5 19.5
62.5 41.5
62.5 42.5
62.5 43.5
62.5 63.5
63.5 22.5
