4.5 14.5
4.5 37.5
4.5 50.5
5.5 37.5
5.5 50.5
5.5 63.5
6.5 13.5
6.5 28.5
6.5 37.5
6.5 51.5
6.5 63.5
7.5 12.5
7.5 13.5
7.5 28.5
7.5 36.5
7.5 51.5
7.5 63.5
8.5 12.5
8.5 29.5
8.5 36.5
8.5 51.5
8.5 64.5
9.5 12.5
9.5 29.5
9.5 36.5
9.5 52.5
9.5 64.5
10.5 11.5
10.5 29.5
10.5 52.5
10.5 64.5
11.5 11.5
11.5 35.5
11.5 45.5
11.5 52.5
12.5 10.5
12.5 18.5
12.5 23.5
12.5 30.5
12.5 35.5
12.5 53.5
12.5 65.5
13.5 10.5
13.5 18.5
13.5 24.5
13.5 30.5
13.5 40.5
13.5 46.5
13.5 53.5
13.5 59.5
13.5 65.5
14.5 17.5
14.5 24.5
14.5 40.5
14.5 46.5
14.5 59.5
15.5 16.5
15.5 17.5
15.5 24.5
15.5 39.5
15.5 47.5
15.5 59.5
16.5 16.5
16.5 25.5
16.5 39.5
16.5 47.5
16.5 60.5
17.5 15.5
17.5 25.5
17.5 39.5
17.5 47.5
17.5 60.5
18.5 15.5
18.5 25.5
18.5 48.5
18.5 60.5
19.5 14.5
19.5 26.5
19.5 38.5
19.5 48.5
19.5 60.5
25.5 48.5
26.5 14.5
26.5 27.5
26.5 36.5
26.5 48.5
26.5 60.5
27.5 14.5
27.5 27.5
27.5 36.5
27.5 48.5
27.5 60.5
28.5 14.5
28.5 15.5
28.5 27.5
28.5 28.5
28.5 36.5
28.5 47.5
28.5 60.5
29.5 15.5
29.5 28.5
29.5 35.5
29.5 47.5
29.5 59.5
30.5 15.5
30.5 28.5
30.5 35.5
30.5 47.5
30.5 59.5
31.5 16.5
31.5 28.5
31.5 47.5
31.5 59.5
32.5 9.5
32.5 16.5
32.5 22.5
32.5 29.5
32.5 34.5
32.5 40.5
32.5 46.5
32.5 53.5
32.5 59.5
33.5 9.5
33.5 22.5
33.5 29.5
33.5 34.5
33.5 40.5
33.5 46.5
33.5 53.5
33.5 58.5
34.5 9.5
34.5 10.5
34.5 22.5
34.5 40.5
34.5 52.5
34.5 58.5
34.5 64.5
35.5 10.5
35.5 23.5
35.5 39.5
35.5 40.5
35.5 52.5
35.5 64.5
36.5 10.5
36.5 23.5
36.5 39.5
36.5 52.5
36.5 64.5
37.5 11.5
37.5 24.5
37.5 39.5
37.5 52.5
37.5 63.5
38.5 11.5
38.5 24.5
38.5 39.5
38.5 51.5
38.5 63.5
39.5 11.5
39.5 24.5
39.5 38.5
39.5 51.5
39.5 63.5
40.5 38.5
40.5 51.5
40.5 63.5
45.5 11.5
45.5 24.5
46.5 11.5
46.5 24.5
46.5 38.5
46.5 51.5
47.5 11.5
47.5 24.5
47.5 39.5
47.5 51.5
47.5 61.5
48.5 10.5
48.5 23.5
48.5 39.5
48.5 52.5
48.5 61.5
49.5 10.5
49.5 23.5
49.5 40.5
49.5 52.5
49.5 60.5
50.5 10.5
50.5 23.5
50.5 40.5
50.5 53.5
50.5 60.5
51.5 9.5
51.5 23.5
51.5 41.5
51.5 53.5
52.5 9.5
52.5 16.5
52.5 22.5
52.5 41.5
52.5 47.5
52.5 59.5
53.5 16.5
53.5 22.5
53.5 34.5
53.5 42.5
53.5 47.5
53.5 54.5
53.5 65.5
54.5 15.5
54.5 16.5
54.5 22.5
54.5 28.5
54.5 34.5
54.5 48.5
54.5 65.5
55.5 15.5
55.5 28.5
55.5 35.5
55.5 48.5
55.5 65.5
56.5 15.5
56.5 35.5
56.5 49.5
56.5 64.5
57.5 15.5
57.5 27.5
57.5 36.5
57.5 49.5
57.5 64.5
58.5 14.5
58.5 27.5
58.5 36.5
58.5 49.5
58.5 64.5
59.5 14.5
59.5 37.5
59.5 50.5
59.5 63.5
60.5 14.5
60.5 26.5
60.5 37.5
60.5 63.5
61.5 26.5
