5.5 34.5
5.5 44.5
6.5 34.5
6.5 44.5
6.5 53.5
6.5 63.5
7.5 10.5
7.5 20.5
7.5 34.5
7.5 44.5
7.5 52.5
8.5 10.5
8.5 20.5
8.5 34.5
8.5 35.5
8.5 52.5
8.5 62.5
9.5 10.5
9.5 20.5
9.5 35.5
9.5 45.5
9.5 51.5
9.5 62.5
10.5 19.5
10.5 35.5
10.5 45.5
10.5 51.5
10.5 61.5
11.5 19.5
11.5 35.5
11.5 50.5
11.5 61.5
12.5 9.5
12.5 25.5
12.5 41.5
12.5 56.5
13.5 13.5
13.5 30.5
13.5 41.5
13.5 55.5
13.5 60.5
14.5 13.5
14.5 24.5
14.5 30.5
14.5 41.5
14.5 55.5
14.5 65.5
15.5 13.5
15.5 24.5
15.5 31.5
15.5 41.5
15.5 54.5
15.5 65.5
16.5 23.5
16.5 31.5
16.5 54.5
16.5 64.5
16.5 65.5
17.5 12.5
17.5 23.5
17.5 31.5
17.5 64.5
18.5 12.5
18.5 32.5
18.5 42.5
18.5 53.5
18.5 64.5
19.5 12.5
19.5 22.5
19.5 32.5
20.5 63.5
25.5 12.5
25.5 22.5
25.5 33.5
25.5 51.5
26.5 41.5
26.5 51.5
27.5 13.5
27.5 23.5
27.5 34.5
27.5 41.5
27.5 51.5
27.5 61.5
28.5 13.5
28.5 23.5
28.5 34.5
28.5 51.5
28.5 61.5
29.5 13.5
29.5 23.5
29.5 34.5
29.5 40.5
29.5 51.5
29.5 61.5
30.5 14.5
30.5 24.5
30.5 40.5
30.5 51.5
30.5 61.5
31.5 14.5
31.5 24.5
31.5 35.5
31.5 45.5
31.5 60.5
32.5 14.5
32.5 35.5
32.5 45.5
32.5 55.5
32.5 60.5
33.5 10.5
33.5 19.5
33.5 30.5
33.5 45.5
33.5 55.5
33.5 60.5
33.5 66.5
34.5 10.5
34.5 19.5
34.5 30.5
34.5 45.5
34.5 55.5
34.5 66.5
35.5 10.5
35.5 20.5
35.5 30.5
35.5 44.5
36.5 20.5
36.5 31.5
36.5 44.5
36.5 65.5
37.5 11.5
37.5 20.5
37.5 31.5
37.5 44.5
37.5 54.5
37.5 65.5
38.5 11.5
38.5 31.5
38.5 44.5
38.5 54.5
39.5 11.5
39.5 21.5
39.5 54.5
39.5 64.5
46.5 23.5
46.5 63.5
47.5 13.5
47.5 23.5
47.5 31.5
47.5 44.5
47.5 63.5
48.5 13.5
48.5 24.5
48.5 31.5
48.5 44.5
48.5 55.5
48.5 62.5
49.5 24.5
49.5 31.5
49.5 44.5
49.5 55.5
49.5 62.5
50.5 14.5
50.5 24.5
50.5 31.5
50.5 45.5
50.5 62.5
51.5 14.5
51.5 25.5
51.5 31.5
51.5 45.5
51.5 56.5
51.5 62.5
52.5 14.5
52.5 25.5
52.5 45.5
52.5 56.5
52.5 61.5
53.5 40.5
53.5 51.5
53.5 61.5
54.5 20.5
54.5 35.5
54.5 40.5
54.5 51.5
54.5 66.5
55.5 10.5
55.5 20.5
55.5 35.5
55.5 51.5
55.5 66.5
56.5 10.5
56.5 21.5
56.5 35.5
56.5 41.5
56.5 52.5
57.5 10.5
57.5 21.5
57.5 35.5
57.5 41.5
57.5 52.5
57.5 65.5
58.5 21.5
58.5 41.5
58.5 52.5
58.5 65.5
59.5 11.5
59.5 22.5
59.5 34.5
59.5 65.5
60.5 11.5
60.5 22.5
60.5 34.5
60.5 53.5
61.5 34.5
