4.5 12.5
4.5 32.5
4.5 43.5
4.5 63.5
5.5 11.5
5.5 12.5
5.5 24.5
5.5 32.5
5.5 43.5
5.5 52.5
5.5 63.5
6.5 11.5
6.5 24.5
6.5 25.5
6.5 32.5
6.5 44.5
6.5 51.5
6.5 62.5
6.5 63.5
7.5 10.5
7.5 11.5
7.5 25.5
7.5 31.5
7.5 44.5
7.5 45.5
7.5 51.5
7.5 62.5
8.5 10.5
8.5 25.5
8.5 26.5
8.5 31.5
8.5 45.5
8.5 50.5
8.5 62.5
9.5 10.5
9.5 15.5
9.5 19.5
9.5 26.5
9.5 31.5
9.5 39.5
9.5 45.5
9.5 50.5
9.5 56.5
9.5 61.5
9.5 67.5
10.5 9.5
10.5 14.5
10.5 20.5
10.5 35.5
10.5 39.5
10.5 40.5
10.5 56.5
10.5 61.5
10.5 67.5
11.5 14.5
11.5 20.5
11.5 35.5
11.5 40.5
11.5 55.5
11.5 66.5
12.5 13.5
12.5 20.5
12.5 21.5
12.5 34.5
12.5 40.5
12.5 41.5
12.5 54.5
12.5 55.5
12.5 66.5
13.5 13.5
13.5 21.5
13.5 34.5
13.5 41.5
13.5 54.5
13.5 55.5
13.5 66.5
14.5 12.5
14.5 21.5
14.5 22.5
14.5 34.5
14.5 42.5
14.5 54.5
14.5 65.5
15.5 12.5
15.5 22.5
15.5 33.5
15.5 65.5
18.5 42.5
19.5 53.5
20.5 12.5
20.5 22.5
20.5 34.5
20.5 41.5
20.5 54.5
21.5 12.5
21.5 23.5
21.5 34.5
21.5 41.5
21.5 54.5
21.5 55.5
21.5 65.5
22.5 13.5
22.5 23.5
22.5 24.5
22.5 34.5
22.5 40.5
22.5 55.5
22.5 65.5
23.5 13.5
23.5 24.5
23.5 34.5
23.5 40.5
23.5 55.5
23.5 56.5
23.5 65.5
24.5 14.5
24.5 25.5
24.5 30.5
24.5 35.5
24.5 39.5
24.5 45.5
24.5 50.5
24.5 56.5
24.5 65.5
25.5 9.5
25.5 18.5
25.5 25.5
25.5 30.5
25.5 35.5
25.5 39.5
25.5 45.5
25.5 50.5
25.5 61.5
26.5 9.5
26.5 19.5
26.5 30.5
26.5 44.5
26.5 45.5
26.5 51.5
26.5 61.5
27.5 9.5
27.5 10.5
27.5 19.5
27.5 20.5
27.5 31.5
27.5 44.5
27.5 51.5
27.5 61.5
28.5 9.5
28.5 10.5
28.5 20.5
28.5 31.5
28.5 44.5
28.5 51.5
28.5 61.5
29.5 10.5
29.5 21.5
29.5 31.5
29.5 43.5
29.5 44.5
29.5 52.5
29.5 62.5
30.5 10.5
30.5 43.5
30.5 52.5
30.5 62.5
31.5 43.5
31.5 62.5
34.5 22.5
34.5 62.5
35.5 10.5
35.5 22.5
35.5 31.5
35.5 42.5
35.5 62.5
36.5 10.5
36.5 23.5
36.5 31.5
36.5 42.5
36.5 54.5
36.5 61.5
37.5 9.5
37.5 23.5
37.5 30.5
37.5 42.5
37.5 54.5
37.5 61.5
38.5 9.5
38.5 24.5
38.5 30.5
38.5 41.5
38.5 42.5
38.5 55.5
38.5 61.5
39.5 8.5
39.5 24.5
39.5 29.5
39.5 41.5
39.5 42.5
39.5 55.5
40.5 8.5
40.5 14.5
40.5 19.5
40.5 29.5
40.5 35.5
40.5 41.5
40.5 56.5
40.5 60.5
40.5 65.5
41.5 14.5
41.5 19.5
41.5 25.5
41.5 35.5
41.5 41.5
41.5 47.5
41.5 51.5
41.5 56.5
41.5 60.5
41.5 65.5
42.5 13.5
42.5 14.5
42.5 20.5
42.5 34.5
42.5 35.5
42.5 46.5
42.5 51.5
42.5 64.5
43.5 13.5
43.5 20.5
43.5 34.5
43.5 46.5
43.5 52.5
43.5 64.5
44.5 13.5
44.5 21.5
44.5 33.5
44.5 34.5
44.5 46.5
44.5 52.5
44.5 64.5
45.5 12.5
45.5 13.5
45.5 21.5
45.5 33.5
45.5 45.5
45.5 53.5
46.5 12.5
46.5 33.5
46.5 45.5
46.5 53.5
46.5 63.5
50.5 12.5
50.5 22.5
50.5 33.5
50.5 44.5
50.5 63.5
51.5 11.5
51.5 22.5
51.5 33.5
51.5 34.5
51.5 44.5
51.5 64.5
52.5 11.5
52.5 21.5
52.5 34.5
52.5 35.5
52.5 43.5
52.5 55.5
52.5 64.5
53.5 10.5
53.5 11.5
53.5 21.5
53.5 35.5
53.5 42.5
53.5 55.5
53.5 65.5
54.5 10.5
54.5 20.5
54.5 36.5
54.5 41.5
54.5 42.5
54.5 55.5
54.5 56.5
54.5 65.5
54.5 66.5
55.5 9.5
55.5 16.5
55.5 20.5
55.5 25.5
55.5 30.5
55.5 36.5
55.5 41.5
55.5 56.5
55.5 66.5
56.5 9.5
56.5 15.5
56.5 25.5
56.5 30.5
56.5 46.5
56.5 51.5
56.5 56.5
56.5 61.5
57.5 15.5
57.5 25.5
57.5 31.5
57.5 45.5
57.5 46.5
57.5 51.5
57.5 61.5
57.5 62.5
58.5 14.5
58.5 24.5
58.5 25.5
58.5 31.5
58.5 45.5
58.5 51.5
58.5 52.5
58.5 62.5
59.5 14.5
59.5 24.5
59.5 32.5
59.5 44.5
59.5 51.5
59.5 52.5
59.5 62.5
59.5 63.5
60.5 13.5
60.5 24.5
60.5 32.5
60.5 44.5
60.5 52.5
60.5 63.5
61.5 24.5
61.5 33.5
61.5 43.5
61.5 52.5
