4.5 11.5
4.5 52.5
4.5 63.5
5.5 10.5
5.5 21.5
5.5 33.5
5.5 44.5
5.5 52.5
5.5 63.5
6.5 9.5
6.5 34.5
6.5 44.5
6.5 62.5
7.5 8.5
7.5 16.5
7.5 34.5
7.5 45.5
7.5 51.5
7.5 61.5
8.5 7.5
8.5 15.5
8.5 35.5
8.5 45.5
8.5 61.5
8.5 67.5
9.5 14.5
9.5 25.5
9.5 30.5
9.5 39.5
9.5 50.5
9.5 56.5
9.5 60.5
10.5 12.5
10.5 24.5
10.5 40.5
10.5 46.5
10.5 55.5
10.5 66.5
11.5 11.5
11.5 23.5
11.5 41.5
11.5 55.5
12.5 32.5
12.5 54.5
12.5 65.5
13.5 42.5
13.5 54.5
14.5 53.5
14.5 64.5
15.5 12.5
15.5 23.5
16.5 13.5
16.5 42.5
17.5 14.5
17.5 22.5
17.5 34.5
17.5 64.5
18.5 15.5
18.5 21.5
18.5 34.5
18.5 41.5
18.5 53.5
18.5 65.5
19.5 16.5
19.5 21.5
19.5 35.5
19.5 40.5
19.5 54.5
19.5 55.5
20.5 8.5
20.5 20.5
20.5 30.5
20.5 40.5
20.5 56.5
20.5 66.5
21.5 9.5
21.5 31.5
21.5 57.5
21.5 61.5
21.5 67.5
22.5 10.5
22.5 25.5
22.5 31.5
22.5 45.5
22.5 50.5
22.5 62.5
23.5 11.5
23.5 24.5
23.5 32.5
23.5 44.5
23.5 51.5
23.5 62.5
24.5 12.5
24.5 43.5
24.5 52.5
24.5 63.5
27.5 23.5
28.5 32.5
28.5 64.5
29.5 13.5
29.5 24.5
29.5 65.5
30.5 13.5
30.5 14.5
30.5 31.5
30.5 41.5
30.5 54.5
31.5 14.5
31.5 25.5
31.5 30.5
31.5 40.5
31.5 55.5
31.5 66.5
32.5 15.5
32.5 20.5
32.5 29.5
32.5 46.5
32.5 67.5
33.5 20.5
33.5 35.5
33.5 39.5
33.5 45.5
33.5 50.5
33.5 60.5
34.5 9.5
34.5 21.5
34.5 34.5
34.5 45.5
34.5 61.5
34.5 62.5
35.5 10.5
35.5 21.5
35.5 33.5
35.5 44.5
35.5 51.5
35.5 62.5
35.5 63.5
36.5 11.5
36.5 22.5
37.5 32.5
37.5 43.5
37.5 52.5
40.5 11.5
40.5 64.5
41.5 11.5
41.5 21.5
41.5 31.5
41.5 43.5
41.5 53.5
41.5 63.5
42.5 10.5
42.5 20.5
42.5 31.5
42.5 42.5
42.5 54.5
42.5 62.5
43.5 10.5
43.5 20.5
43.5 30.5
43.5 41.5
43.5 54.5
43.5 61.5
44.5 9.5
44.5 19.5
44.5 30.5
44.5 40.5
44.5 55.5
44.5 60.5
44.5 67.5
45.5 14.5
45.5 25.5
45.5 35.5
45.5 50.5
45.5 59.5
46.5 14.5
46.5 24.5
46.5 29.5
46.5 46.5
46.5 66.5
47.5 13.5
47.5 24.5
47.5 34.5
47.5 45.5
47.5 51.5
47.5 65.5
48.5 13.5
48.5 23.5
48.5 33.5
48.5 44.5
48.5 52.5
49.5 23.5
49.5 64.5
50.5 12.5
50.5 63.5
53.5 12.5
53.5 22.5
53.5 33.5
53.5 42.5
53.5 63.5
54.5 13.5
54.5 34.5
54.5 41.5
54.5 54.5
54.5 62.5
55.5 14.5
55.5 23.5
55.5 40.5
55.5 55.5
55.5 61.5
56.5 15.5
56.5 24.5
56.5 39.5
56.5 61.5
57.5 9.5
57.5 19.5
57.5 28.5
57.5 46.5
57.5 50.5
57.5 56.5
57.5 60.5
58.5 10.5
58.5 30.5
58.5 45.5
59.5 11.5
59.5 20.5
59.5 31.5
59.5 44.5
59.5 51.5
59.5 65.5
60.5 11.5
60.5 32.5
60.5 52.5
60.5 64.5
61.5 12.5
61.5 63.5
