4.5 60.5
4.5 61.5
5.5 44.5
5.5 45.5
5.5 61.5
5.5 62.5
6.5 14.5
6.5 31.5
6.5 45.5
6.5 46.5
6.5 47.5
6.5 61.5
6.5 62.5
6.5 63.5
7.5 15.5
7.5 16.5
7.5 17.5
7.5 31.5
7.5 32.5
7.5 46.5
7.5 47.5
7.5 48.5
7.5 62.5
7.5 63.5
7.5 64.5
8.5 16.5
8.5 17.5
8.5 18.5
8.5 19.5
8.5 31.5
8.5 32.5
8.5 33.5
8.5 47.5
8.5 48.5
8.5 49.5
8.5 63.5
8.5 64.5
8.5 65.5
9.5 18.5
9.5 19.5
9.5 20.5
9.5 32.5
9.5 33.5
9.5 48.5
9.5 49.5
9.5 50.5
9.5 55.5
9.5 65.5
9.5 66.5
10.5 8.5
10.5 9.5
10.5 20.5
10.5 21.5
10.5 22.5
10.5 25.5
10.5 33.5
10.5 34.5
10.5 38.5
10.5 50.5
10.5 51.5
10.5 55.5
10.5 56.5
10.5 57.5
10.5 66.5
11.5 9.5
11.5 10.5
11.5 11.5
11.5 26.5
11.5 33.5
11.5 34.5
11.5 38.5
11.5 39.5
11.5 40.5
11.5 56.5
11.5 57.5
11.5 58.5
12.5 11.5
12.5 12.5
12.5 13.5
12.5 26.5
12.5 27.5
12.5 34.5
12.5 39.5
12.5 40.5
12.5 41.5
12.5 42.5
12.5 57.5
12.5 58.5
12.5 59.5
13.5 12.5
13.5 13.5
13.5 14.5
13.5 27.5
13.5 28.5
13.5 40.5
13.5 41.5
13.5 42.5
13.5 43.5
13.5 58.5
13.5 59.5
13.5 60.5
14.5 14.5
14.5 15.5
14.5 28.5
14.5 29.5
14.5 42.5
14.5 43.5
14.5 44.5
14.5 59.5
14.5 60.5
14.5 61.5
15.5 29.5
15.5 43.5
15.5 44.5
15.5 45.5
15.5 61.5
16.5 30.5
18.5 14.5
18.5 15.5
19.5 13.5
19.5 14.5
19.5 29.5
19.5 60.5
19.5 61.5
20.5 12.5
20.5 13.5
20.5 14.5
20.5 28.5
20.5 29.5
20.5 44.5
20.5 45.5
20.5 59.5
20.5 60.5
21.5 11.5
21.5 12.5
21.5 13.5
21.5 27.5
21.5 28.5
21.5 43.5
21.5 44.5
21.5 45.5
21.5 58.5
21.5 59.5
22.5 10.5
22.5 11.5
22.5 12.5
22.5 26.5
22.5 27.5
22.5 28.5
22.5 42.5
22.5 43.5
22.5 44.5
22.5 57.5
22.5 58.5
22.5 59.5
23.5 9.5
23.5 10.5
23.5 11.5
23.5 26.5
23.5 27.5
23.5 41.5
23.5 42.5
23.5 43.5
23.5 56.5
23.5 57.5
23.5 58.5
23.5 67.5
24.5 8.5
24.5 9.5
24.5 10.5
24.5 20.5
24.5 25.5
24.5 26.5
24.5 40.5
24.5 41.5
24.5 42.5
24.5 51.5
24.5 55.5
24.5 56.5
24.5 57.5
24.5 65.5
24.5 66.5
25.5 8.5
25.5 18.5
25.5 19.5
25.5 20.5
25.5 24.5
25.5 25.5
25.5 35.5
25.5 40.5
25.5 41.5
25.5 50.5
25.5 55.5
25.5 64.5
25.5 65.5
25.5 66.5
26.5 17.5
26.5 18.5
26.5 19.5
26.5 24.5
26.5 33.5
26.5 34.5
26.5 35.5
26.5 39.5
26.5 40.5
26.5 49.5
26.5 50.5
26.5 63.5
26.5 64.5
26.5 65.5
27.5 16.5
27.5 17.5
27.5 18.5
27.5 32.5
27.5 33.5
27.5 34.5
27.5 48.5
27.5 49.5
27.5 62.5
27.5 63.5
27.5 64.5
28.5 15.5
28.5 16.5
28.5 17.5
28.5 31.5
28.5 32.5
28.5 33.5
28.5 47.5
28.5 48.5
28.5 62.5
28.5 63.5
29.5 14.5
29.5 15.5
29.5 16.5
29.5 30.5
29.5 31.5
29.5 32.5
29.5 46.5
29.5 47.5
29.5 48.5
29.5 61.5
29.5 62.5
30.5 13.5
30.5 14.5
30.5 29.5
30.5 30.5
30.5 31.5
30.5 46.5
30.5 47.5
30.5 60.5
30.5 61.5
31.5 13.5
31.5 45.5
34.5 61.5
34.5 62.5
35.5 14.5
35.5 15.5
35.5 30.5
35.5 31.5
35.5 32.5
35.5 46.5
35.5 47.5
35.5 60.5
35.5 61.5
36.5 12.5
36.5 13.5
36.5 14.5
36.5 28.5
36.5 29.5
36.5 30.5
36.5 31.5
36.5 46.5
36.5 47.5
36.5 48.5
36.5 59.5
36.5 60.5
37.5 11.5
37.5 12.5
37.5 13.5
37.5 27.5
37.5 28.5
37.5 29.5
37.5 47.5
37.5 48.5
37.5 49.5
37.5 58.5
37.5 59.5
38.5 9.5
38.5 10.5
38.5 11.5
38.5 26.5
38.5 27.5
38.5 28.5
38.5 48.5
38.5 49.5
38.5 50.5
38.5 57.5
38.5 58.5
39.5 9.5
39.5 10.5
39.5 20.5
39.5 24.5
39.5 25.5
39.5 26.5
39.5 49.5
39.5 50.5
39.5 56.5
39.5 57.5
39.5 67.5
40.5 18.5
40.5 19.5
40.5 20.5
40.5 24.5
40.5 35.5
40.5 36.5
40.5 40.5
40.5 50.5
40.5 51.5
40.5 55.5
40.5 56.5
40.5 65.5
40.5 66.5
41.5 17.5
41.5 18.5
41.5 19.5
41.5 34.5
41.5 35.5
41.5 40.5
41.5 41.5
41.5 42.5
41.5 64.5
41.5 65.5
41.5 66.5
42.5 16.5
42.5 17.5
42.5 18.5
42.5 32.5
42.5 33.5
42.5 34.5
42.5 41.5
42.5 42.5
42.5 43.5
42.5 63.5
42.5 64.5
42.5 65.5
43.5 16.5
43.5 17.5
43.5 31.5
43.5 32.5
43.5 33.5
43.5 42.5
43.5 43.5
43.5 44.5
43.5 62.5
43.5 63.5
43.5 64.5
44.5 15.5
44.5 16.5
44.5 30.5
44.5 31.5
44.5 32.5
44.5 43.5
44.5 44.5
44.5 45.5
44.5 61.5
44.5 62.5
44.5 63.5
45.5 30.5
45.5 31.5
45.5 44.5
45.5 45.5
45.5 46.5
45.5 61.5
45.5 62.5
46.5 29.5
46.5 46.5
46.5 60.5
46.5 61.5
48.5 15.5
48.5 16.5
49.5 16.5
49.5 17.5
49.5 30.5
50.5 16.5
50.5 17.5
50.5 29.5
50.5 30.5
50.5 45.5
50.5 46.5
50.5 60.5
50.5 61.5
51.5 17.5
51.5 18.5
51.5 28.5
51.5 29.5
51.5 43.5
51.5 44.5
51.5 45.5
51.5 59.5
51.5 60.5
52.5 17.5
52.5 18.5
52.5 19.5
52.5 27.5
52.5 28.5
52.5 42.5
52.5 43.5
52.5 44.5
52.5 57.5
52.5 58.5
52.5 59.5
53.5 10.5
53.5 18.5
53.5 19.5
53.5 26.5
53.5 27.5
53.5 28.5
53.5 41.5
53.5 42.5
53.5 43.5
53.5 56.5
53.5 57.5
53.5 58.5
54.5 11.5
54.5 19.5
54.5 20.5
54.5 25.5
54.5 26.5
54.5 27.5
54.5 40.5
54.5 41.5
54.5 49.5
54.5 50.5
54.5 55.5
54.5 56.5
54.5 57.5
55.5 11.5
55.5 12.5
55.5 20.5
55.5 25.5
55.5 26.5
55.5 35.5
55.5 36.5
55.5 39.5
55.5 48.5
55.5 49.5
55.5 54.5
55.5 55.5
56.5 11.5
56.5 12.5
56.5 13.5
56.5 24.5
56.5 25.5
56.5 33.5
56.5 34.5
56.5 35.5
56.5 47.5
56.5 48.5
56.5 49.5
56.5 53.5
56.5 54.5
56.5 66.5
56.5 67.5
57.5 12.5
57.5 13.5
57.5 32.5
57.5 33.5
57.5 34.5
57.5 47.5
57.5 48.5
57.5 64.5
57.5 65.5
57.5 66.5
58.5 13.5
58.5 14.5
58.5 31.5
58.5 32.5
58.5 33.5
58.5 46.5
58.5 47.5
58.5 62.5
58.5 63.5
58.5 64.5
58.5 65.5
59.5 13.5
59.5 14.5
59.5 30.5
59.5 31.5
59.5 45.5
59.5 46.5
59.5 61.5
59.5 62.5
59.5 63.5
59.5 64.5
60.5 14.5
60.5 15.5
60.5 29.5
60.5 30.5
60.5 45.5
60.5 59.5
60.5 60.5
60.5 61.5
60.5 62.5
61.5 15.5
61.5 59.5
61.5 60.5
