4.5 12.5
4.5 26.5
4.5 39.5
4.5 51.5
4.5 62.5
5.5 12.5
5.5 25.5
5.5 39.5
5.5 51.5
6.5 12.5
6.5 25.5
6.5 52.5
6.5 61.5
7.5 25.5
7.5 52.5
7.5 61.5
8.5 11.5
8.5 24.5
8.5 40.5
8.5 53.5
8.5 61.5
9.5 11.5
9.5 24.5
9.5 40.5
9.5 53.5
10.5 11.5
10.5 23.5
10.5 24.5
10.5 40.5
10.5 53.5
10.5 60.5
11.5 23.5
11.5 46.5
11.5 54.5
11.5 60.5
11.5 66.5
12.5 10.5
12.5 16.5
12.5 23.5
12.5 30.5
12.5 35.5
12.5 41.5
12.5 46.5
12.5 54.5
13.5 10.5
13.5 16.5
13.5 30.5
13.5 35.5
13.5 41.5
13.5 47.5
13.5 65.5
14.5 16.5
14.5 29.5
14.5 41.5
14.5 47.5
14.5 65.5
15.5 16.5
15.5 29.5
15.5 36.5
15.5 47.5
15.5 48.5
15.5 65.5
16.5 15.5
16.5 28.5
16.5 36.5
16.5 48.5
16.5 64.5
17.5 15.5
17.5 28.5
17.5 36.5
17.5 48.5
17.5 64.5
18.5 15.5
18.5 37.5
18.5 49.5
18.5 64.5
19.5 15.5
19.5 27.5
19.5 37.5
19.5 49.5
20.5 37.5
20.5 63.5
25.5 15.5
25.5 37.5
25.5 50.5
25.5 63.5
26.5 15.5
26.5 27.5
27.5 15.5
27.5 27.5
27.5 36.5
27.5 51.5
27.5 64.5
28.5 16.5
28.5 36.5
28.5 51.5
28.5 64.5
29.5 16.5
29.5 28.5
29.5 35.5
29.5 52.5
29.5 64.5
30.5 16.5
30.5 28.5
30.5 35.5
30.5 52.5
30.5 64.5
31.5 10.5
31.5 28.5
31.5 35.5
31.5 53.5
31.5 65.5
32.5 10.5
32.5 17.5
32.5 34.5
32.5 46.5
32.5 53.5
32.5 65.5
33.5 17.5
33.5 23.5
33.5 29.5
33.5 34.5
33.5 41.5
33.5 59.5
33.5 65.5
34.5 11.5
34.5 23.5
34.5 29.5
34.5 41.5
34.5 47.5
34.5 59.5
35.5 11.5
35.5 23.5
35.5 40.5
35.5 47.5
36.5 11.5
36.5 23.5
36.5 40.5
36.5 60.5
37.5 11.5
37.5 24.5
37.5 39.5
37.5 40.5
37.5 48.5
37.5 60.5
38.5 12.5
38.5 24.5
38.5 39.5
38.5 48.5
39.5 12.5
39.5 24.5
39.5 39.5
39.5 49.5
39.5 61.5
40.5 12.5
40.5 38.5
40.5 49.5
40.5 61.5
41.5 38.5
46.5 38.5
46.5 60.5
47.5 12.5
47.5 24.5
47.5 38.5
47.5 51.5
47.5 60.5
48.5 12.5
48.5 24.5
48.5 39.5
48.5 51.5
48.5 59.5
49.5 12.5
49.5 23.5
49.5 39.5
49.5 51.5
49.5 59.5
50.5 11.5
50.5 23.5
50.5 39.5
50.5 40.5
50.5 59.5
51.5 11.5
51.5 23.5
51.5 40.5
51.5 52.5
52.5 11.5
52.5 17.5
52.5 22.5
52.5 40.5
52.5 52.5
52.5 58.5
52.5 65.5
53.5 10.5
53.5 22.5
53.5 34.5
53.5 41.5
53.5 46.5
53.5 52.5
53.5 58.5
54.5 10.5
54.5 16.5
54.5 28.5
54.5 34.5
54.5 64.5
55.5 16.5
55.5 28.5
55.5 34.5
55.5 47.5
55.5 64.5
56.5 16.5
56.5 27.5
56.5 35.5
56.5 47.5
56.5 64.5
57.5 15.5
57.5 27.5
57.5 35.5
57.5 63.5
58.5 15.5
58.5 27.5
58.5 48.5
58.5 63.5
59.5 15.5
59.5 36.5
59.5 48.5
59.5 63.5
60.5 26.5
60.5 36.5
60.5 62.5
61.5 14.5
61.5 26.5
61.5 49.5
61.5 62.5
