3.5 42.5
4.5 32.5
5.5 13.5
5.5 21.5
5.5 33.5
5.5 41.5
5.5 53.5
5.5 64.5
6.5 34.5
6.5 54.5
6.5 65.5
7.5 14.5
7.5 20.5
7.5 34.5
7.5 35.5
7.5 40.5
7.5 55.5
7.5 66.5
8.5 15.5
8.5 19.5
8.5 35.5
8.5 45.5
8.5 56.5
8.5 60.5
9.5 10.5
9.5 45.5
9.5 50.5
9.5 61.5
10.5 10.5
10.5 24.5
10.5 25.5
10.5 30.5
10.5 44.5
10.5 51.5
10.5 62.5
11.5 11.5
11.5 24.5
11.5 31.5
11.5 44.5
11.5 51.5
12.5 12.5
12.5 23.5
12.5 32.5
12.5 43.5
12.5 52.5
13.5 43.5
15.5 64.5
16.5 53.5
16.5 64.5
16.5 65.5
17.5 11.5
17.5 23.5
17.5 34.5
17.5 42.5
17.5 54.5
17.5 65.5
18.5 10.5
18.5 22.5
18.5 34.5
18.5 42.5
18.5 54.5
18.5 66.5
19.5 10.5
19.5 21.5
19.5 22.5
19.5 41.5
19.5 55.5
19.5 67.5
20.5 9.5
20.5 15.5
20.5 20.5
20.5 21.5
20.5 35.5
20.5 40.5
20.5 55.5
20.5 60.5
21.5 14.5
21.5 20.5
21.5 35.5
21.5 40.5
21.5 56.5
21.5 61.5
22.5 14.5
22.5 26.5
22.5 30.5
22.5 39.5
22.5 46.5
22.5 50.5
22.5 62.5
23.5 14.5
23.5 25.5
23.5 31.5
23.5 45.5
23.5 51.5
23.5 63.5
24.5 13.5
24.5 24.5
24.5 31.5
24.5 44.5
24.5 52.5
24.5 64.5
25.5 24.5
25.5 31.5
25.5 44.5
25.5 52.5
26.5 23.5
26.5 32.5
26.5 43.5
28.5 64.5
29.5 12.5
29.5 64.5
29.5 65.5
30.5 11.5
30.5 22.5
30.5 32.5
30.5 42.5
30.5 54.5
30.5 65.5
30.5 66.5
31.5 10.5
31.5 21.5
31.5 31.5
31.5 43.5
31.5 54.5
31.5 66.5
32.5 10.5
32.5 20.5
32.5 30.5
32.5 44.5
32.5 55.5
32.5 67.5
33.5 16.5
33.5 26.5
33.5 29.5
33.5 45.5
33.5 55.5
33.5 60.5
34.5 15.5
34.5 25.5
34.5 35.5
34.5 39.5
34.5 49.5
34.5 61.5
35.5 14.5
35.5 24.5
35.5 34.5
35.5 40.5
35.5 50.5
35.5 61.5
35.5 62.5
36.5 13.5
36.5 23.5
36.5 33.5
36.5 41.5
36.5 51.5
36.5 62.5
37.5 42.5
37.5 52.5
37.5 63.5
40.5 13.5
40.5 23.5
40.5 33.5
41.5 13.5
41.5 14.5
41.5 22.5
42.5 14.5
42.5 21.5
42.5 34.5
42.5 41.5
42.5 52.5
42.5 64.5
43.5 15.5
43.5 20.5
43.5 34.5
43.5 40.5
43.5 51.5
43.5 65.5
44.5 9.5
44.5 16.5
44.5 26.5
44.5 35.5
44.5 40.5
44.5 50.5
44.5 66.5
45.5 9.5
45.5 25.5
45.5 30.5
45.5 39.5
45.5 45.5
45.5 50.5
45.5 67.5
46.5 10.5
46.5 24.5
46.5 25.5
46.5 30.5
46.5 44.5
46.5 56.5
46.5 60.5
47.5 10.5
47.5 11.5
47.5 24.5
47.5 31.5
47.5 44.5
47.5 55.5
47.5 61.5
48.5 11.5
48.5 23.5
48.5 31.5
48.5 43.5
48.5 54.5
48.5 55.5
48.5 62.5
49.5 54.5
49.5 63.5
50.5 53.5
50.5 64.5
52.5 12.5
53.5 12.5
53.5 21.5
53.5 32.5
53.5 42.5
54.5 13.5
54.5 21.5
54.5 43.5
54.5 54.5
54.5 64.5
55.5 13.5
55.5 20.5
55.5 31.5
55.5 43.5
55.5 54.5
55.5 55.5
55.5 63.5
56.5 14.5
56.5 19.5
56.5 30.5
56.5 43.5
56.5 44.5
56.5 55.5
56.5 62.5
57.5 8.5
57.5 14.5
57.5 19.5
57.5 30.5
57.5 44.5
57.5 56.5
57.5 61.5
58.5 9.5
58.5 25.5
58.5 29.5
58.5 35.5
58.5 39.5
58.5 49.5
58.5 67.5
59.5 9.5
59.5 24.5
59.5 34.5
59.5 50.5
59.5 66.5
59.5 67.5
60.5 10.5
60.5 23.5
60.5 34.5
60.5 40.5
60.5 51.5
60.5 66.5
61.5 11.5
61.5 22.5
61.5 33.5
61.5 40.5
61.5 52.5
61.5 65.5
62.5 33.5
62.5 41.5
62.5 64.5
