4.5 12.5
5.5 12.5
5.5 37.5
5.5 49.5
5.5 61.5
6.5 23.5
6.5 38.5
6.5 61.5
7.5 11.5
7.5 23.5
7.5 38.5
7.5 48.5
7.5 60.5
8.5 11.5
8.5 23.5
8.5 39.5
8.5 48.5
8.5 60.5
9.5 23.5
9.5 39.5
9.5 40.5
9.5 60.5
10.5 10.5
10.5 22.5
10.5 40.5
10.5 47.5
10.5 60.5
11.5 10.5
11.5 16.5
11.5 22.5
11.5 40.5
11.5 47.5
11.5 53.5
11.5 59.5
12.5 16.5
12.5 22.5
12.5 33.5
12.5 41.5
12.5 53.5
12.5 59.5
12.5 66.5
13.5 9.5
13.5 16.5
13.5 22.5
13.5 28.5
13.5 41.5
13.5 46.5
13.5 53.5
13.5 59.5
14.5 15.5
14.5 28.5
14.5 34.5
14.5 52.5
14.5 65.5
15.5 15.5
15.5 27.5
15.5 35.5
15.5 52.5
15.5 65.5
16.5 15.5
16.5 27.5
16.5 35.5
16.5 52.5
16.5 65.5
17.5 14.5
17.5 27.5
17.5 36.5
17.5 51.5
17.5 64.5
18.5 14.5
18.5 51.5
18.5 64.5
19.5 14.5
19.5 26.5
19.5 37.5
19.5 51.5
19.5 64.5
20.5 26.5
21.5 63.5
24.5 38.5
24.5 50.5
25.5 13.5
25.5 50.5
25.5 63.5
26.5 13.5
26.5 25.5
26.5 39.5
26.5 49.5
27.5 12.5
27.5 25.5
27.5 39.5
27.5 49.5
27.5 64.5
28.5 12.5
28.5 24.5
28.5 40.5
28.5 48.5
28.5 49.5
28.5 64.5
29.5 12.5
29.5 24.5
29.5 40.5
29.5 48.5
29.5 65.5
30.5 11.5
30.5 24.5
30.5 40.5
30.5 48.5
30.5 65.5
31.5 11.5
31.5 18.5
31.5 23.5
31.5 34.5
31.5 41.5
31.5 47.5
31.5 66.5
32.5 11.5
32.5 23.5
32.5 29.5
32.5 41.5
32.5 47.5
32.5 54.5
32.5 59.5
32.5 66.5
33.5 10.5
33.5 17.5
33.5 29.5
33.5 35.5
33.5 54.5
34.5 10.5
34.5 17.5
34.5 22.5
34.5 29.5
34.5 35.5
34.5 46.5
34.5 53.5
34.5 60.5
34.5 67.5
35.5 16.5
35.5 28.5
35.5 36.5
35.5 53.5
35.5 60.5
36.5 16.5
36.5 28.5
36.5 36.5
36.5 52.5
36.5 61.5
37.5 16.5
37.5 36.5
37.5 52.5
37.5 61.5
38.5 15.5
38.5 27.5
38.5 37.5
38.5 51.5
38.5 62.5
39.5 15.5
39.5 27.5
39.5 37.5
39.5 51.5
39.5 62.5
40.5 37.5
41.5 14.5
41.5 26.5
41.5 50.5
44.5 50.5
45.5 14.5
45.5 62.5
46.5 27.5
46.5 37.5
46.5 51.5
46.5 62.5
47.5 15.5
47.5 27.5
47.5 37.5
47.5 51.5
47.5 61.5
48.5 15.5
48.5 28.5
48.5 37.5
48.5 52.5
48.5 61.5
49.5 15.5
49.5 28.5
49.5 36.5
49.5 52.5
49.5 61.5
50.5 16.5
50.5 29.5
50.5 36.5
50.5 52.5
50.5 60.5
51.5 16.5
51.5 22.5
51.5 29.5
51.5 36.5
51.5 42.5
51.5 53.5
51.5 60.5
52.5 16.5
52.5 22.5
52.5 30.5
52.5 36.5
52.5 53.5
52.5 59.5
52.5 66.5
53.5 10.5
53.5 23.5
53.5 30.5
53.5 35.5
53.5 47.5
53.5 59.5
53.5 66.5
54.5 10.5
54.5 17.5
54.5 23.5
54.5 35.5
54.5 41.5
54.5 47.5
54.5 54.5
54.5 65.5
55.5 10.5
55.5 17.5
55.5 24.5
55.5 41.5
55.5 65.5
56.5 11.5
56.5 24.5
56.5 41.5
56.5 48.5
56.5 65.5
57.5 11.5
57.5 24.5
57.5 25.5
57.5 48.5
57.5 64.5
58.5 11.5
58.5 25.5
58.5 40.5
58.5 49.5
58.5 64.5
59.5 12.5
59.5 25.5
59.5 40.5
59.5 49.5
59.5 64.5
60.5 12.5
60.5 26.5
60.5 40.5
60.5 49.5
60.5 63.5
61.5 26.5
61.5 63.5
62.5 50.5
