4.5 39.5
4.5 50.5
5.5 14.5
5.5 27.5
5.5 40.5
5.5 48.5
5.5 49.5
5.5 62.5
6.5 12.5
6.5 13.5
6.5 41.5
6.5 47.5
6.5 61.5
7.5 11.5
7.5 28.5
7.5 33.5
7.5 46.5
7.5 60.5
8.5 10.5
8.5 34.5
8.5 66.5
9.5 23.5
9.5 29.5
9.5 35.5
9.5 54.5
10.5 18.5
10.5 36.5
10.5 52.5
10.5 65.5
11.5 16.5
11.5 17.5
11.5 24.5
11.5 37.5
11.5 50.5
11.5 64.5
12.5 15.5
12.5 25.5
13.5 14.5
13.5 63.5
16.5 38.5
16.5 51.5
17.5 39.5
17.5 52.5
17.5 62.5
18.5 13.5
18.5 40.5
18.5 53.5
18.5 61.5
19.5 11.5
19.5 24.5
19.5 41.5
19.5 54.5
19.5 60.5
20.5 9.5
20.5 23.5
20.5 46.5
20.5 55.5
21.5 19.5
21.5 22.5
21.5 29.5
21.5 34.5
21.5 47.5
21.5 66.5
22.5 17.5
22.5 28.5
22.5 35.5
22.5 48.5
22.5 65.5
23.5 15.5
23.5 28.5
23.5 36.5
23.5 49.5
23.5 64.5
24.5 13.5
24.5 27.5
24.5 37.5
24.5 50.5
24.5 63.5
25.5 62.5
28.5 13.5
28.5 26.5
28.5 38.5
28.5 50.5
29.5 14.5
29.5 27.5
29.5 49.5
29.5 62.5
30.5 15.5
30.5 28.5
30.5 39.5
30.5 47.5
30.5 61.5
31.5 16.5
31.5 29.5
31.5 46.5
32.5 17.5
32.5 21.5
32.5 30.5
32.5 40.5
32.5 45.5
32.5 60.5
32.5 67.5
33.5 10.5
33.5 22.5
33.5 31.5
33.5 55.5
33.5 59.5
33.5 66.5
34.5 23.5
34.5 35.5
34.5 53.5
34.5 65.5
35.5 11.5
35.5 24.5
35.5 36.5
35.5 51.5
35.5 52.5
35.5 64.5
36.5 25.5
36.5 50.5
37.5 12.5
40.5 37.5
41.5 25.5
41.5 49.5
42.5 24.5
42.5 38.5
42.5 51.5
42.5 64.5
43.5 15.5
43.5 22.5
43.5 52.5
43.5 53.5
43.5 65.5
44.5 16.5
44.5 21.5
44.5 39.5
44.5 43.5
44.5 54.5
45.5 17.5
45.5 29.5
45.5 44.5
45.5 58.5
45.5 66.5
46.5 11.5
46.5 28.5
46.5 34.5
46.5 45.5
46.5 46.5
46.5 59.5
47.5 12.5
47.5 47.5
47.5 60.5
48.5 14.5
48.5 27.5
48.5 35.5
48.5 48.5
49.5 26.5
50.5 36.5
52.5 14.5
53.5 13.5
53.5 25.5
53.5 48.5
54.5 11.5
54.5 12.5
54.5 24.5
54.5 47.5
54.5 60.5
54.5 61.5
54.5 62.5
55.5 10.5
55.5 23.5
55.5 47.5
55.5 58.5
55.5 59.5
56.5 9.5
56.5 22.5
56.5 34.5
56.5 46.5
57.5 21.5
57.5 33.5
57.5 40.5
57.5 45.5
58.5 15.5
58.5 28.5
58.5 32.5
58.5 53.5
59.5 14.5
59.5 27.5
59.5 39.5
59.5 52.5
59.5 64.5
60.5 26.5
60.5 38.5
60.5 51.5
61.5 38.5
61.5 50.5
62.5 37.5
