2.5 15.5
2.5 25.5
2.5 36.5
3.5 13.5
3.5 14.5
3.5 36.5
3.5 62.5
4.5 12.5
4.5 26.5
4.5 35.5
4.5 63.5
5.5 10.5
5.5 11.5
5.5 21.5
5.5 34.5
5.5 35.5
5.5 47.5
5.5 48.5
5.5 64.5
6.5 9.5
6.5 19.5
6.5 27.5
6.5 34.5
6.5 50.5
6.5 51.5
6.5 65.5
7.5 8.5
7.5 18.5
7.5 22.5
7.5 33.5
7.5 52.5
7.5 53.5
7.5 54.5
7.5 56.5
7.5 66.5
8.5 17.5
8.5 22.5
8.5 28.5
8.5 32.5
8.5 33.5
8.5 41.5
8.5 43.5
8.5 55.5
8.5 56.5
8.5 57.5
8.5 58.5
8.5 67.5
9.5 16.5
9.5 23.5
9.5 32.5
9.5 40.5
9.5 44.5
9.5 45.5
9.5 59.5
9.5 60.5
10.5 15.5
10.5 23.5
10.5 29.5
10.5 31.5
10.5 39.5
10.5 46.5
10.5 60.5
10.5 61.5
11.5 14.5
11.5 24.5
11.5 38.5
11.5 47.5
11.5 48.5
11.5 62.5
11.5 63.5
12.5 13.5
12.5 24.5
12.5 37.5
12.5 49.5
12.5 64.5
13.5 12.5
13.5 25.5
13.5 36.5
13.5 51.5
13.5 59.5
14.5 25.5
14.5 50.5
14.5 60.5
15.5 15.5
15.5 38.5
15.5 49.5
15.5 61.5
16.5 13.5
16.5 14.5
16.5 26.5
16.5 37.5
16.5 49.5
16.5 62.5
17.5 12.5
17.5 25.5
17.5 36.5
17.5 48.5
17.5 54.5
17.5 63.5
18.5 10.5
18.5 11.5
18.5 24.5
18.5 35.5
18.5 43.5
18.5 47.5
18.5 55.5
18.5 63.5
18.5 64.5
19.5 9.5
19.5 19.5
19.5 23.5
19.5 31.5
19.5 34.5
19.5 42.5
19.5 46.5
19.5 53.5
19.5 56.5
19.5 64.5
19.5 65.5
20.5 8.5
20.5 18.5
20.5 22.5
20.5 30.5
20.5 33.5
20.5 41.5
20.5 45.5
20.5 52.5
20.5 56.5
20.5 57.5
20.5 65.5
20.5 66.5
21.5 17.5
21.5 21.5
21.5 29.5
21.5 32.5
21.5 40.5
21.5 44.5
21.5 52.5
21.5 57.5
21.5 66.5
22.5 15.5
22.5 16.5
22.5 20.5
22.5 28.5
22.5 39.5
22.5 40.5
22.5 51.5
22.5 58.5
22.5 67.5
23.5 14.5
23.5 19.5
23.5 27.5
23.5 38.5
23.5 39.5
23.5 59.5
24.5 13.5
24.5 26.5
24.5 38.5
24.5 50.5
24.5 60.5
25.5 12.5
25.5 15.5
25.5 25.5
25.5 37.5
25.5 49.5
25.5 61.5
26.5 36.5
26.5 49.5
26.5 62.5
27.5 14.5
27.5 27.5
27.5 36.5
27.5 48.5
27.5 50.5
28.5 13.5
28.5 26.5
28.5 37.5
28.5 38.5
28.5 49.5
29.5 12.5
29.5 25.5
29.5 39.5
29.5 61.5
30.5 11.5
30.5 20.5
30.5 24.5
30.5 32.5
30.5 40.5
30.5 48.5
30.5 60.5
31.5 10.5
31.5 11.5
31.5 19.5
31.5 23.5
31.5 31.5
31.5 32.5
31.5 41.5
31.5 47.5
31.5 54.5
31.5 59.5
32.5 10.5
32.5 18.5
32.5 22.5
32.5 30.5
32.5 33.5
32.5 42.5
32.5 46.5
32.5 53.5
32.5 58.5
33.5 9.5
33.5 17.5
33.5 29.5
33.5 34.5
33.5 43.5
33.5 52.5
33.5 57.5
33.5 67.5
34.5 8.5
34.5 16.5
34.5 28.5
34.5 35.5
34.5 36.5
34.5 52.5
34.5 56.5
34.5 65.5
34.5 66.5
35.5 14.5
35.5 15.5
35.5 27.5
35.5 36.5
35.5 37.5
35.5 51.5
35.5 55.5
35.5 64.5
35.5 65.5
36.5 13.5
36.5 26.5
36.5 38.5
36.5 50.5
36.5 63.5
37.5 12.5
37.5 25.5
37.5 39.5
37.5 49.5
37.5 61.5
37.5 62.5
38.5 11.5
38.5 40.5
38.5 51.5
38.5 60.5
39.5 48.5
39.5 59.5
40.5 13.5
40.5 26.5
40.5 37.5
40.5 38.5
40.5 50.5
41.5 14.5
41.5 25.5
41.5 38.5
41.5 39.5
41.5 49.5
41.5 61.5
42.5 15.5
42.5 24.5
42.5 31.5
42.5 39.5
42.5 40.5
42.5 48.5
42.5 62.5
42.5 63.5
43.5 16.5
43.5 23.5
43.5 30.5
43.5 31.5
43.5 40.5
43.5 41.5
43.5 48.5
43.5 55.5
43.5 64.5
44.5 7.5
44.5 8.5
44.5 17.5
44.5 22.5
44.5 32.5
44.5 42.5
44.5 47.5
44.5 55.5
44.5 56.5
44.5 65.5
44.5 66.5
45.5 9.5
45.5 19.5
45.5 21.5
45.5 29.5
45.5 33.5
45.5 34.5
45.5 43.5
45.5 46.5
45.5 54.5
45.5 57.5
45.5 67.5
46.5 10.5
46.5 11.5
46.5 20.5
46.5 28.5
46.5 34.5
46.5 35.5
46.5 44.5
46.5 53.5
46.5 58.5
46.5 68.5
47.5 12.5
47.5 27.5
47.5 35.5
47.5 36.5
47.5 52.5
47.5 59.5
48.5 13.5
48.5 26.5
48.5 36.5
48.5 37.5
48.5 51.5
48.5 60.5
49.5 15.5
49.5 26.5
49.5 38.5
49.5 50.5
49.5 62.5
50.5 16.5
50.5 25.5
50.5 39.5
50.5 49.5
50.5 63.5
51.5 15.5
51.5 24.5
51.5 40.5
52.5 13.5
52.5 14.5
52.5 49.5
52.5 61.5
53.5 12.5
53.5 26.5
53.5 38.5
53.5 50.5
53.5 62.5
54.5 10.5
54.5 11.5
54.5 27.5
54.5 36.5
54.5 37.5
54.5 51.5
54.5 63.5
55.5 9.5
55.5 19.5
55.5 20.5
55.5 28.5
55.5 35.5
55.5 44.5
55.5 52.5
55.5 64.5
56.5 8.5
56.5 17.5
56.5 21.5
56.5 29.5
56.5 33.5
56.5 43.5
56.5 45.5
56.5 53.5
56.5 57.5
56.5 64.5
57.5 16.5
57.5 22.5
57.5 30.5
57.5 32.5
57.5 41.5
57.5 42.5
57.5 46.5
57.5 54.5
57.5 58.5
57.5 65.5
58.5 15.5
58.5 23.5
58.5 30.5
58.5 31.5
58.5 40.5
58.5 41.5
58.5 47.5
58.5 55.5
58.5 59.5
58.5 66.5
59.5 14.5
59.5 24.5
59.5 39.5
59.5 40.5
59.5 47.5
59.5 48.5
59.5 56.5
59.5 60.5
59.5 67.5
60.5 13.5
60.5 24.5
60.5 25.5
60.5 38.5
60.5 39.5
60.5 48.5
60.5 61.5
61.5 12.5
61.5 25.5
61.5 37.5
61.5 49.5
61.5 61.5
62.5 11.5
62.5 26.5
62.5 36.5
62.5 50.5
62.5 62.5
63.5 35.5
63.5 51.5
63.5 63.5
