2.5 11.5
2.5 52.5
2.5 62.5
3.5 12.5
3.5 22.5
3.5 33.5
3.5 42.5
3.5 63.5
4.5 23.5
4.5 34.5
4.5 43.5
4.5 64.5
5.5 13.5
5.5 24.5
5.5 29.5
5.5 35.5
5.5 44.5
5.5 54.5
5.5 64.5
6.5 14.5
6.5 17.5
6.5 25.5
6.5 30.5
6.5 36.5
6.5 39.5
6.5 45.5
6.5 55.5
6.5 59.5
6.5 65.5
7.5 9.5
7.5 18.5
7.5 26.5
7.5 30.5
7.5 37.5
7.5 40.5
7.5 49.5
7.5 56.5
7.5 60.5
7.5 66.5
8.5 10.5
8.5 19.5
8.5 31.5
8.5 50.5
8.5 60.5
9.5 16.5
9.5 20.5
9.5 41.5
9.5 51.5
9.5 61.5
10.5 11.5
10.5 21.5
10.5 32.5
10.5 42.5
10.5 52.5
10.5 62.5
11.5 12.5
11.5 22.5
11.5 42.5
12.5 42.5
12.5 54.5
12.5 61.5
12.5 63.5
13.5 33.5
13.5 53.5
13.5 62.5
14.5 24.5
14.5 41.5
14.5 52.5
14.5 63.5
15.5 22.5
15.5 32.5
15.5 41.5
15.5 46.5
15.5 51.5
16.5 11.5
16.5 21.5
16.5 36.5
16.5 50.5
17.5 10.5
17.5 17.5
17.5 20.5
17.5 29.5
17.5 31.5
17.5 36.5
17.5 40.5
17.5 45.5
17.5 49.5
17.5 65.5
18.5 9.5
18.5 16.5
18.5 18.5
18.5 27.5
18.5 36.5
18.5 40.5
18.5 60.5
18.5 66.5
19.5 8.5
19.5 14.5
19.5 15.5
19.5 26.5
19.5 44.5
19.5 61.5
19.5 67.5
20.5 13.5
20.5 24.5
20.5 35.5
20.5 54.5
21.5 12.5
21.5 23.5
21.5 35.5
21.5 43.5
21.5 53.5
22.5 35.5
23.5 12.5
23.5 24.5
23.5 34.5
24.5 13.5
24.5 43.5
24.5 53.5
24.5 64.5
25.5 14.5
25.5 25.5
25.5 35.5
25.5 44.5
25.5 52.5
25.5 62.5
26.5 14.5
26.5 25.5
26.5 35.5
26.5 45.5
26.5 51.5
26.5 61.5
27.5 15.5
27.5 20.5
27.5 26.5
27.5 31.5
27.5 37.5
27.5 58.5
27.5 60.5
27.5 67.5
28.5 16.5
28.5 20.5
28.5 26.5
28.5 31.5
28.5 36.5
28.5 39.5
28.5 48.5
28.5 56.5
28.5 66.5
29.5 10.5
29.5 17.5
29.5 27.5
29.5 31.5
29.5 36.5
29.5 40.5
29.5 41.5
29.5 55.5
29.5 65.5
30.5 11.5
30.5 18.5
30.5 21.5
30.5 27.5
30.5 31.5
30.5 42.5
30.5 43.5
30.5 53.5
30.5 64.5
31.5 12.5
31.5 31.5
31.5 44.5
31.5 63.5
32.5 22.5
32.5 55.5
33.5 22.5
33.5 43.5
33.5 54.5
34.5 20.5
34.5 42.5
34.5 53.5
34.5 63.5
35.5 40.5
35.5 52.5
35.5 64.5
36.5 9.5
36.5 23.5
36.5 32.5
36.5 39.5
36.5 51.5
36.5 65.5
37.5 24.5
37.5 33.5
37.5 37.5
37.5 48.5
37.5 57.5
37.5 60.5
37.5 66.5
38.5 10.5
38.5 17.5
38.5 18.5
38.5 26.5
38.5 28.5
38.5 34.5
38.5 36.5
38.5 46.5
38.5 56.5
38.5 61.5
38.5 67.5
39.5 10.5
39.5 20.5
39.5 29.5
39.5 35.5
39.5 44.5
39.5 56.5
39.5 61.5
39.5 68.5
40.5 22.5
40.5 42.5
40.5 43.5
40.5 55.5
40.5 62.5
41.5 11.5
41.5 22.5
41.5 40.5
41.5 62.5
42.5 54.5
42.5 63.5
43.5 12.5
43.5 21.5
43.5 31.5
44.5 11.5
44.5 21.5
44.5 44.5
44.5 53.5
44.5 62.5
44.5 64.5
45.5 14.5
45.5 20.5
45.5 30.5
45.5 42.5
45.5 43.5
45.5 54.5
45.5 63.5
46.5 10.5
46.5 14.5
46.5 20.5
46.5 30.5
46.5 35.5
46.5 40.5
46.5 41.5
46.5 49.5
46.5 64.5
46.5 65.5
47.5 9.5
47.5 14.5
47.5 19.5
47.5 26.5
47.5 35.5
47.5 39.5
47.5 47.5
47.5 50.5
47.5 66.5
48.5 14.5
48.5 19.5
48.5 25.5
48.5 29.5
48.5 34.5
48.5 38.5
48.5 46.5
48.5 50.5
48.5 58.5
48.5 67.5
49.5 34.5
49.5 36.5
49.5 51.5
49.5 60.5
49.5 68.5
50.5 13.5
50.5 18.5
50.5 24.5
50.5 51.5
50.5 62.5
51.5 13.5
51.5 33.5
51.5 52.5
51.5 64.5
52.5 13.5
52.5 23.5
52.5 43.5
52.5 52.5
53.5 13.5
53.5 22.5
53.5 32.5
53.5 53.5
54.5 43.5
54.5 54.5
54.5 63.5
55.5 32.5
55.5 42.5
55.5 53.5
55.5 64.5
56.5 12.5
56.5 23.5
56.5 31.5
56.5 41.5
56.5 52.5
56.5 65.5
57.5 11.5
57.5 25.5
57.5 30.5
57.5 50.5
57.5 56.5
57.5 66.5
58.5 10.5
58.5 17.5
58.5 27.5
58.5 29.5
58.5 36.5
58.5 40.5
58.5 47.5
58.5 49.5
58.5 59.5
58.5 67.5
59.5 9.5
59.5 16.5
59.5 18.5
59.5 28.5
59.5 35.5
59.5 39.5
59.5 46.5
59.5 55.5
59.5 60.5
59.5 68.5
60.5 8.5
60.5 20.5
60.5 34.5
60.5 38.5
60.5 44.5
60.5 54.5
60.5 61.5
61.5 22.5
61.5 23.5
61.5 33.5
61.5 43.5
61.5 62.5
62.5 12.5
62.5 42.5
62.5 53.5
62.5 62.5
63.5 11.5
63.5 52.5
63.5 63.5
