3.5 23.5
3.5 53.5
3.5 63.5
4.5 12.5
4.5 23.5
4.5 33.5
4.5 44.5
4.5 63.5
5.5 13.5
5.5 24.5
5.5 34.5
5.5 44.5
5.5 52.5
5.5 64.5
6.5 13.5
6.5 24.5
6.5 34.5
6.5 45.5
6.5 52.5
6.5 64.5
6.5 65.5
7.5 13.5
7.5 14.5
7.5 24.5
7.5 35.5
7.5 45.5
7.5 51.5
7.5 52.5
7.5 65.5
8.5 14.5
8.5 19.5
8.5 25.5
8.5 30.5
8.5 35.5
8.5 45.5
8.5 46.5
8.5 51.5
8.5 66.5
9.5 14.5
9.5 25.5
9.5 30.5
9.5 36.5
9.5 46.5
9.5 51.5
9.5 56.5
9.5 60.5
9.5 66.5
10.5 8.5
10.5 15.5
10.5 20.5
10.5 25.5
10.5 30.5
10.5 36.5
10.5 40.5
10.5 46.5
10.5 56.5
10.5 61.5
10.5 67.5
11.5 9.5
11.5 15.5
11.5 20.5
11.5 31.5
11.5 41.5
11.5 55.5
11.5 61.5
12.5 9.5
12.5 10.5
12.5 20.5
12.5 21.5
12.5 31.5
12.5 41.5
12.5 42.5
12.5 55.5
12.5 62.5
13.5 10.5
13.5 21.5
13.5 31.5
13.5 42.5
13.5 54.5
13.5 55.5
13.5 62.5
14.5 11.5
14.5 21.5
14.5 32.5
14.5 42.5
14.5 43.5
14.5 54.5
14.5 63.5
15.5 11.5
15.5 12.5
15.5 22.5
15.5 32.5
15.5 43.5
15.5 54.5
16.5 22.5
18.5 43.5
18.5 64.5
19.5 22.5
19.5 32.5
19.5 43.5
19.5 54.5
19.5 64.5
20.5 11.5
20.5 22.5
20.5 32.5
20.5 43.5
20.5 44.5
20.5 54.5
20.5 64.5
21.5 10.5
21.5 21.5
21.5 31.5
21.5 32.5
21.5 44.5
21.5 54.5
21.5 65.5
22.5 10.5
22.5 21.5
22.5 31.5
22.5 44.5
22.5 55.5
22.5 65.5
23.5 9.5
23.5 20.5
23.5 21.5
23.5 31.5
23.5 44.5
23.5 45.5
23.5 55.5
23.5 65.5
24.5 8.5
24.5 9.5
24.5 16.5
24.5 20.5
24.5 31.5
24.5 39.5
24.5 45.5
24.5 50.5
24.5 55.5
24.5 60.5
24.5 65.5
25.5 8.5
25.5 15.5
25.5 20.5
25.5 25.5
25.5 30.5
25.5 40.5
25.5 45.5
25.5 50.5
25.5 56.5
25.5 60.5
25.5 66.5
26.5 14.5
26.5 15.5
26.5 25.5
26.5 30.5
26.5 35.5
26.5 40.5
26.5 50.5
26.5 61.5
27.5 14.5
27.5 25.5
27.5 35.5
27.5 40.5
27.5 51.5
27.5 61.5
28.5 13.5
28.5 14.5
28.5 24.5
28.5 25.5
28.5 34.5
28.5 40.5
28.5 41.5
28.5 51.5
28.5 61.5
29.5 13.5
29.5 24.5
29.5 34.5
29.5 41.5
29.5 51.5
29.5 62.5
30.5 12.5
30.5 24.5
30.5 34.5
30.5 41.5
30.5 62.5
31.5 24.5
31.5 41.5
32.5 33.5
33.5 33.5
33.5 62.5
34.5 12.5
34.5 52.5
34.5 62.5
35.5 11.5
35.5 12.5
35.5 23.5
35.5 42.5
35.5 53.5
35.5 61.5
36.5 11.5
36.5 23.5
36.5 33.5
36.5 42.5
36.5 53.5
36.5 61.5
37.5 10.5
37.5 11.5
37.5 22.5
37.5 43.5
37.5 54.5
37.5 60.5
37.5 61.5
38.5 10.5
38.5 21.5
38.5 22.5
38.5 34.5
38.5 43.5
38.5 54.5
38.5 60.5
39.5 9.5
39.5 10.5
39.5 21.5
39.5 34.5
39.5 44.5
39.5 55.5
39.5 60.5
40.5 9.5
40.5 16.5
40.5 20.5
40.5 21.5
40.5 26.5
40.5 30.5
40.5 35.5
40.5 44.5
40.5 49.5
40.5 55.5
40.5 59.5
40.5 65.5
41.5 9.5
41.5 15.5
41.5 20.5
41.5 26.5
41.5 30.5
41.5 35.5
41.5 39.5
41.5 44.5
41.5 49.5
41.5 50.5
41.5 59.5
41.5 65.5
42.5 15.5
42.5 25.5
42.5 30.5
42.5 39.5
42.5 45.5
42.5 50.5
42.5 64.5
43.5 14.5
43.5 25.5
43.5 30.5
43.5 31.5
43.5 40.5
43.5 50.5
43.5 51.5
43.5 64.5
44.5 14.5
44.5 24.5
44.5 31.5
44.5 40.5
44.5 41.5
44.5 51.5
44.5 64.5
45.5 13.5
45.5 23.5
45.5 31.5
45.5 41.5
45.5 51.5
45.5 52.5
45.5 63.5
46.5 23.5
46.5 32.5
46.5 52.5
46.5 63.5
47.5 32.5
47.5 42.5
49.5 42.5
49.5 52.5
50.5 13.5
50.5 32.5
50.5 42.5
50.5 52.5
50.5 53.5
50.5 63.5
51.5 13.5
51.5 21.5
51.5 31.5
51.5 41.5
51.5 53.5
51.5 63.5
51.5 64.5
52.5 13.5
52.5 20.5
52.5 31.5
52.5 41.5
52.5 53.5
52.5 54.5
52.5 64.5
53.5 13.5
53.5 14.5
53.5 20.5
53.5 30.5
53.5 31.5
53.5 41.5
53.5 54.5
53.5 59.5
53.5 64.5
53.5 65.5
54.5 14.5
54.5 19.5
54.5 30.5
54.5 40.5
54.5 41.5
54.5 55.5
54.5 59.5
54.5 65.5
55.5 9.5
55.5 14.5
55.5 19.5
55.5 25.5
55.5 29.5
55.5 30.5
55.5 36.5
55.5 40.5
55.5 49.5
55.5 55.5
55.5 60.5
56.5 9.5
56.5 18.5
56.5 24.5
56.5 29.5
56.5 35.5
56.5 40.5
56.5 49.5
56.5 60.5
57.5 10.5
57.5 23.5
57.5 24.5
57.5 35.5
57.5 44.5
57.5 49.5
57.5 50.5
57.5 61.5
58.5 10.5
58.5 23.5
58.5 34.5
58.5 35.5
58.5 44.5
58.5 50.5
58.5 61.5
59.5 22.5
59.5 23.5
59.5 34.5
59.5 44.5
59.5 50.5
59.5 62.5
60.5 11.5
60.5 22.5
60.5 33.5
60.5 34.5
60.5 43.5
60.5 50.5
60.5 51.5
60.5 62.5
61.5 33.5
61.5 43.5
61.5 51.5
62.5 43.5
62.5 51.5
