4.5 15.5
4.5 16.5
5.5 16.5
5.5 17.5
5.5 28.5
5.5 29.5
5.5 44.5
5.5 45.5
5.5 59.5
6.5 17.5
6.5 18.5
6.5 26.5
6.5 27.5
6.5 28.5
6.5 42.5
6.5 43.5
6.5 44.5
6.5 57.5
6.5 58.5
6.5 59.5
7.5 18.5
7.5 19.5
7.5 25.5
7.5 26.5
7.5 27.5
7.5 41.5
7.5 42.5
7.5 57.5
7.5 58.5
8.5 19.5
8.5 25.5
8.5 40.5
8.5 56.5
8.5 57.5
9.5 11.5
9.5 12.5
9.5 34.5
9.5 49.5
9.5 50.5
9.5 64.5
10.5 12.5
10.5 13.5
10.5 32.5
10.5 33.5
10.5 34.5
10.5 47.5
10.5 48.5
10.5 49.5
10.5 62.5
10.5 63.5
10.5 64.5
11.5 13.5
11.5 14.5
11.5 31.5
11.5 32.5
11.5 46.5
11.5 47.5
11.5 48.5
11.5 61.5
11.5 62.5
12.5 14.5
12.5 15.5
12.5 30.5
12.5 31.5
12.5 45.5
12.5 46.5
12.5 60.5
12.5 61.5
17.5 15.5
17.5 16.5
17.5 30.5
17.5 31.5
17.5 61.5
17.5 62.5
17.5 63.5
18.5 16.5
18.5 17.5
18.5 31.5
18.5 32.5
18.5 33.5
18.5 42.5
18.5 43.5
18.5 44.5
18.5 45.5
18.5 63.5
18.5 64.5
18.5 65.5
19.5 17.5
19.5 18.5
19.5 33.5
19.5 34.5
19.5 35.5
19.5 41.5
19.5 42.5
19.5 43.5
19.5 66.5
20.5 18.5
20.5 19.5
20.5 35.5
21.5 10.5
21.5 11.5
21.5 25.5
21.5 49.5
22.5 11.5
22.5 12.5
22.5 26.5
22.5 27.5
22.5 28.5
22.5 48.5
22.5 49.5
22.5 55.5
22.5 56.5
22.5 57.5
22.5 58.5
22.5 59.5
23.5 12.5
23.5 13.5
23.5 14.5
23.5 27.5
23.5 28.5
23.5 29.5
23.5 30.5
23.5 46.5
23.5 47.5
23.5 57.5
23.5 58.5
23.5 59.5
23.5 60.5
24.5 13.5
24.5 14.5
24.5 30.5
24.5 45.5
24.5 46.5
29.5 14.5
29.5 30.5
29.5 31.5
29.5 43.5
29.5 44.5
29.5 60.5
29.5 61.5
29.5 62.5
29.5 63.5
30.5 11.5
30.5 12.5
30.5 13.5
30.5 31.5
30.5 32.5
30.5 33.5
30.5 34.5
30.5 42.5
30.5 43.5
30.5 61.5
30.5 62.5
30.5 63.5
30.5 64.5
30.5 65.5
31.5 10.5
31.5 11.5
31.5 33.5
31.5 34.5
31.5 35.5
31.5 41.5
31.5 42.5
31.5 64.5
31.5 65.5
32.5 35.5
32.5 36.5
32.5 41.5
33.5 18.5
33.5 19.5
33.5 25.5
33.5 49.5
33.5 54.5
33.5 55.5
34.5 16.5
34.5 17.5
34.5 18.5
34.5 25.5
34.5 26.5
34.5 27.5
34.5 47.5
34.5 48.5
34.5 49.5
34.5 55.5
34.5 56.5
34.5 57.5
35.5 15.5
35.5 16.5
35.5 27.5
35.5 28.5
35.5 29.5
35.5 46.5
35.5 47.5
35.5 48.5
35.5 57.5
35.5 58.5
35.5 59.5
36.5 29.5
36.5 30.5
36.5 45.5
36.5 46.5
36.5 60.5
40.5 14.5
41.5 12.5
41.5 13.5
41.5 30.5
41.5 46.5
41.5 47.5
41.5 59.5
41.5 60.5
41.5 61.5
42.5 11.5
42.5 12.5
42.5 27.5
42.5 28.5
42.5 29.5
42.5 47.5
42.5 48.5
42.5 49.5
42.5 58.5
42.5 59.5
42.5 60.5
43.5 10.5
43.5 11.5
43.5 26.5
43.5 27.5
43.5 28.5
43.5 48.5
43.5 49.5
43.5 50.5
43.5 57.5
43.5 58.5
43.5 59.5
44.5 9.5
44.5 10.5
44.5 25.5
44.5 50.5
44.5 51.5
44.5 57.5
45.5 19.5
45.5 64.5
45.5 65.5
46.5 17.5
46.5 18.5
46.5 19.5
46.5 33.5
46.5 34.5
46.5 35.5
46.5 41.5
46.5 42.5
46.5 63.5
46.5 64.5
47.5 15.5
47.5 16.5
47.5 17.5
47.5 32.5
47.5 33.5
47.5 34.5
47.5 41.5
47.5 42.5
47.5 43.5
47.5 44.5
47.5 45.5
47.5 62.5
47.5 63.5
48.5 14.5
48.5 15.5
48.5 31.5
48.5 32.5
48.5 43.5
48.5 44.5
48.5 45.5
48.5 46.5
48.5 62.5
49.5 46.5
53.5 62.5
54.5 13.5
54.5 14.5
54.5 29.5
54.5 30.5
54.5 45.5
54.5 46.5
54.5 62.5
54.5 63.5
55.5 11.5
55.5 12.5
55.5 13.5
55.5 27.5
55.5 28.5
55.5 29.5
55.5 43.5
55.5 44.5
55.5 45.5
55.5 63.5
55.5 64.5
56.5 10.5
56.5 11.5
56.5 12.5
56.5 26.5
56.5 27.5
56.5 28.5
56.5 41.5
56.5 42.5
56.5 43.5
56.5 64.5
57.5 10.5
57.5 26.5
57.5 65.5
58.5 19.5
58.5 20.5
58.5 35.5
58.5 49.5
58.5 50.5
58.5 51.5
58.5 56.5
58.5 57.5
59.5 18.5
59.5 19.5
59.5 33.5
59.5 34.5
59.5 48.5
59.5 49.5
59.5 50.5
59.5 57.5
59.5 58.5
60.5 17.5
60.5 18.5
60.5 31.5
60.5 32.5
60.5 33.5
60.5 47.5
60.5 48.5
60.5 58.5
60.5 59.5
61.5 16.5
61.5 17.5
61.5 31.5
61.5 46.5
61.5 59.5
61.5 60.5
