3.5 12.5
3.5 62.5
4.5 13.5
4.5 25.5
4.5 50.5
4.5 63.5
5.5 14.5
5.5 23.5
5.5 38.5
5.5 51.5
5.5 64.5
6.5 15.5
6.5 21.5
6.5 36.5
6.5 37.5
6.5 52.5
6.5 64.5
6.5 65.5
7.5 10.5
7.5 16.5
7.5 19.5
7.5 35.5
7.5 36.5
7.5 53.5
7.5 65.5
7.5 66.5
8.5 11.5
8.5 34.5
8.5 35.5
8.5 53.5
8.5 54.5
8.5 59.5
8.5 66.5
8.5 67.5
9.5 11.5
9.5 28.5
9.5 29.5
9.5 33.5
9.5 42.5
9.5 46.5
9.5 54.5
9.5 59.5
10.5 12.5
10.5 25.5
10.5 26.5
10.5 27.5
10.5 28.5
10.5 32.5
10.5 41.5
10.5 46.5
10.5 47.5
10.5 60.5
11.5 12.5
11.5 23.5
11.5 24.5
11.5 25.5
11.5 40.5
11.5 47.5
11.5 48.5
11.5 61.5
12.5 13.5
12.5 39.5
12.5 48.5
12.5 49.5
12.5 62.5
13.5 38.5
13.5 49.5
13.5 50.5
13.5 62.5
14.5 37.5
14.5 51.5
15.5 14.5
15.5 24.5
16.5 15.5
16.5 24.5
17.5 15.5
17.5 23.5
17.5 24.5
17.5 38.5
17.5 63.5
18.5 16.5
18.5 22.5
18.5 23.5
18.5 37.5
18.5 50.5
18.5 63.5
19.5 16.5
19.5 22.5
19.5 23.5
19.5 35.5
19.5 36.5
19.5 51.5
19.5 52.5
19.5 63.5
20.5 17.5
20.5 22.5
20.5 34.5
20.5 35.5
20.5 53.5
20.5 54.5
20.5 64.5
21.5 10.5
21.5 21.5
21.5 29.5
21.5 33.5
21.5 45.5
21.5 55.5
21.5 58.5
21.5 64.5
22.5 10.5
22.5 11.5
22.5 28.5
22.5 32.5
22.5 42.5
22.5 46.5
22.5 59.5
22.5 64.5
23.5 11.5
23.5 12.5
23.5 27.5
23.5 40.5
23.5 41.5
23.5 47.5
23.5 48.5
23.5 59.5
24.5 12.5
24.5 13.5
24.5 26.5
24.5 39.5
24.5 40.5
24.5 48.5
24.5 49.5
24.5 60.5
25.5 14.5
25.5 25.5
25.5 37.5
25.5 38.5
25.5 50.5
26.5 51.5
26.5 61.5
28.5 26.5
29.5 12.5
29.5 13.5
29.5 25.5
29.5 39.5
29.5 49.5
29.5 60.5
30.5 13.5
30.5 14.5
30.5 24.5
30.5 37.5
30.5 38.5
30.5 51.5
30.5 52.5
30.5 59.5
31.5 15.5
31.5 23.5
31.5 36.5
31.5 37.5
31.5 53.5
31.5 54.5
31.5 58.5
32.5 16.5
32.5 17.5
32.5 22.5
32.5 23.5
32.5 35.5
32.5 36.5
32.5 57.5
33.5 8.5
33.5 17.5
33.5 18.5
33.5 22.5
33.5 30.5
33.5 34.5
33.5 35.5
33.5 43.5
33.5 46.5
34.5 9.5
34.5 10.5
34.5 21.5
34.5 29.5
34.5 42.5
34.5 47.5
34.5 48.5
34.5 62.5
34.5 63.5
34.5 64.5
35.5 10.5
35.5 11.5
35.5 28.5
35.5 40.5
35.5 41.5
35.5 48.5
35.5 49.5
35.5 60.5
35.5 61.5
36.5 12.5
36.5 27.5
36.5 39.5
36.5 50.5
37.5 13.5
37.5 26.5
37.5 38.5
38.5 25.5
39.5 49.5
39.5 61.5
39.5 62.5
40.5 14.5
40.5 38.5
40.5 50.5
40.5 60.5
40.5 61.5
41.5 13.5
41.5 25.5
41.5 39.5
41.5 51.5
41.5 59.5
41.5 60.5
42.5 11.5
42.5 12.5
42.5 26.5
42.5 39.5
42.5 40.5
42.5 52.5
42.5 59.5
43.5 10.5
43.5 11.5
43.5 27.5
43.5 40.5
43.5 52.5
43.5 53.5
43.5 58.5
44.5 9.5
44.5 10.5
44.5 28.5
44.5 41.5
44.5 46.5
44.5 53.5
44.5 57.5
44.5 66.5
45.5 8.5
45.5 9.5
45.5 18.5
45.5 21.5
45.5 29.5
45.5 41.5
45.5 46.5
45.5 47.5
45.5 65.5
46.5 17.5
46.5 22.5
46.5 30.5
46.5 34.5
46.5 35.5
46.5 42.5
46.5 47.5
46.5 48.5
46.5 64.5
46.5 65.5
47.5 16.5
47.5 23.5
47.5 35.5
47.5 36.5
47.5 48.5
47.5 64.5
48.5 15.5
48.5 23.5
48.5 36.5
48.5 49.5
48.5 63.5
48.5 64.5
49.5 14.5
49.5 24.5
49.5 37.5
49.5 50.5
49.5 63.5
50.5 13.5
50.5 25.5
50.5 38.5
50.5 62.5
52.5 49.5
53.5 50.5
53.5 63.5
54.5 13.5
54.5 14.5
54.5 26.5
54.5 37.5
54.5 51.5
54.5 61.5
54.5 62.5
55.5 12.5
55.5 13.5
55.5 25.5
55.5 38.5
55.5 39.5
55.5 52.5
55.5 53.5
55.5 60.5
55.5 61.5
56.5 10.5
56.5 11.5
56.5 24.5
56.5 40.5
56.5 53.5
56.5 59.5
56.5 60.5
57.5 9.5
57.5 10.5
57.5 23.5
57.5 41.5
57.5 42.5
57.5 46.5
57.5 54.5
57.5 58.5
58.5 8.5
58.5 18.5
58.5 22.5
58.5 29.5
58.5 30.5
58.5 33.5
58.5 34.5
58.5 43.5
58.5 46.5
58.5 47.5
58.5 67.5
59.5 16.5
59.5 17.5
59.5 28.5
59.5 29.5
59.5 34.5
59.5 35.5
59.5 48.5
59.5 65.5
60.5 15.5
60.5 16.5
60.5 27.5
60.5 28.5
60.5 36.5
60.5 49.5
60.5 63.5
60.5 64.5
61.5 14.5
61.5 26.5
61.5 27.5
61.5 37.5
61.5 50.5
61.5 61.5
61.5 62.5
62.5 25.5
62.5 38.5
