3.5 12.5
4.5 12.5
4.5 13.5
4.5 21.5
4.5 52.5
5.5 12.5
5.5 13.5
5.5 20.5
5.5 21.5
5.5 31.5
5.5 32.5
5.5 43.5
5.5 52.5
5.5 53.5
5.5 63.5
6.5 13.5
6.5 14.5
6.5 19.5
6.5 20.5
6.5 30.5
6.5 31.5
6.5 43.5
6.5 44.5
6.5 53.5
6.5 54.5
6.5 64.5
7.5 13.5
7.5 14.5
7.5 19.5
7.5 29.5
7.5 30.5
7.5 44.5
7.5 45.5
7.5 53.5
7.5 54.5
7.5 64.5
7.5 65.5
8.5 9.5
8.5 14.5
8.5 18.5
8.5 25.5
8.5 28.5
8.5 29.5
8.5 35.5
8.5 45.5
8.5 49.5
8.5 54.5
8.5 55.5
8.5 59.5
8.5 65.5
9.5 9.5
9.5 10.5
9.5 23.5
9.5 24.5
9.5 34.5
9.5 35.5
9.5 39.5
9.5 45.5
9.5 49.5
9.5 55.5
9.5 59.5
9.5 60.5
9.5 66.5
10.5 10.5
10.5 22.5
10.5 23.5
10.5 33.5
10.5 34.5
10.5 39.5
10.5 40.5
10.5 50.5
10.5 60.5
10.5 61.5
11.5 10.5
11.5 11.5
11.5 21.5
11.5 22.5
11.5 32.5
11.5 33.5
11.5 40.5
11.5 41.5
11.5 50.5
11.5 51.5
11.5 60.5
11.5 61.5
12.5 11.5
12.5 21.5
12.5 32.5
12.5 41.5
12.5 42.5
12.5 51.5
12.5 61.5
12.5 62.5
13.5 42.5
13.5 51.5
13.5 62.5
16.5 21.5
16.5 31.5
16.5 62.5
17.5 11.5
17.5 20.5
17.5 21.5
17.5 31.5
17.5 42.5
17.5 43.5
17.5 51.5
17.5 62.5
17.5 63.5
17.5 64.5
18.5 11.5
18.5 19.5
18.5 20.5
18.5 30.5
18.5 31.5
18.5 43.5
18.5 44.5
18.5 50.5
18.5 51.5
18.5 63.5
18.5 64.5
18.5 65.5
19.5 10.5
19.5 18.5
19.5 19.5
19.5 30.5
19.5 31.5
19.5 44.5
19.5 45.5
19.5 50.5
19.5 65.5
19.5 66.5
20.5 10.5
20.5 14.5
20.5 18.5
20.5 25.5
20.5 26.5
20.5 30.5
20.5 35.5
20.5 38.5
20.5 45.5
20.5 49.5
20.5 66.5
21.5 14.5
21.5 24.5
21.5 25.5
21.5 34.5
21.5 39.5
21.5 54.5
21.5 55.5
21.5 59.5
21.5 60.5
22.5 13.5
22.5 14.5
22.5 23.5
22.5 24.5
22.5 25.5
22.5 34.5
22.5 39.5
22.5 40.5
22.5 53.5
22.5 54.5
22.5 60.5
22.5 61.5
23.5 13.5
23.5 23.5
23.5 24.5
23.5 34.5
23.5 40.5
23.5 41.5
23.5 53.5
23.5 61.5
23.5 62.5
24.5 13.5
24.5 22.5
24.5 23.5
24.5 34.5
24.5 41.5
24.5 52.5
24.5 53.5
24.5 62.5
24.5 63.5
28.5 13.5
28.5 22.5
28.5 23.5
28.5 42.5
28.5 52.5
28.5 63.5
28.5 64.5
29.5 13.5
29.5 21.5
29.5 22.5
29.5 32.5
29.5 42.5
29.5 43.5
29.5 51.5
29.5 52.5
29.5 63.5
29.5 64.5
30.5 14.5
30.5 20.5
30.5 21.5
30.5 31.5
30.5 32.5
30.5 43.5
30.5 44.5
30.5 50.5
30.5 51.5
30.5 64.5
30.5 65.5
31.5 14.5
31.5 15.5
31.5 19.5
31.5 20.5
31.5 31.5
31.5 44.5
31.5 45.5
31.5 50.5
31.5 51.5
31.5 64.5
31.5 65.5
32.5 9.5
32.5 10.5
32.5 15.5
32.5 18.5
32.5 19.5
32.5 26.5
32.5 31.5
32.5 44.5
32.5 45.5
32.5 49.5
32.5 50.5
32.5 59.5
32.5 65.5
33.5 9.5
33.5 10.5
33.5 25.5
33.5 26.5
33.5 30.5
33.5 39.5
33.5 45.5
33.5 49.5
33.5 55.5
33.5 59.5
33.5 60.5
34.5 10.5
34.5 11.5
34.5 24.5
34.5 25.5
34.5 30.5
34.5 35.5
34.5 40.5
34.5 54.5
34.5 55.5
34.5 60.5
35.5 10.5
35.5 11.5
35.5 24.5
35.5 25.5
35.5 34.5
35.5 35.5
35.5 40.5
35.5 41.5
35.5 53.5
35.5 54.5
35.5 60.5
35.5 61.5
36.5 11.5
36.5 23.5
36.5 24.5
36.5 33.5
36.5 34.5
36.5 41.5
36.5 42.5
36.5 53.5
36.5 61.5
36.5 62.5
37.5 23.5
37.5 33.5
37.5 34.5
37.5 42.5
37.5 62.5
38.5 33.5
40.5 11.5
40.5 53.5
40.5 62.5
41.5 10.5
41.5 11.5
41.5 21.5
41.5 22.5
41.5 43.5
41.5 53.5
41.5 54.5
41.5 61.5
41.5 62.5
42.5 9.5
42.5 10.5
42.5 20.5
42.5 21.5
42.5 32.5
42.5 33.5
42.5 43.5
42.5 44.5
42.5 54.5
42.5 61.5
43.5 8.5
43.5 9.5
43.5 20.5
43.5 21.5
43.5 33.5
43.5 34.5
43.5 44.5
43.5 45.5
43.5 54.5
43.5 55.5
43.5 60.5
43.5 61.5
44.5 8.5
44.5 14.5
44.5 15.5
44.5 19.5
44.5 20.5
44.5 33.5
44.5 34.5
44.5 45.5
44.5 55.5
44.5 56.5
44.5 60.5
45.5 14.5
45.5 15.5
45.5 19.5
45.5 34.5
45.5 45.5
45.5 46.5
45.5 50.5
45.5 56.5
45.5 60.5
45.5 65.5
45.5 66.5
46.5 13.5
46.5 14.5
46.5 25.5
46.5 26.5
46.5 29.5
46.5 39.5
46.5 40.5
46.5 50.5
46.5 51.5
46.5 65.5
47.5 12.5
47.5 13.5
47.5 24.5
47.5 25.5
47.5 30.5
47.5 39.5
47.5 40.5
47.5 41.5
47.5 51.5
47.5 52.5
47.5 64.5
47.5 65.5
48.5 12.5
48.5 23.5
48.5 24.5
48.5 30.5
48.5 31.5
48.5 40.5
48.5 41.5
48.5 42.5
48.5 52.5
48.5 64.5
49.5 31.5
49.5 42.5
49.5 53.5
49.5 63.5
49.5 64.5
52.5 12.5
53.5 11.5
53.5 12.5
53.5 23.5
53.5 31.5
53.5 42.5
53.5 52.5
53.5 53.5
53.5 63.5
54.5 10.5
54.5 11.5
54.5 23.5
54.5 24.5
54.5 30.5
54.5 31.5
54.5 41.5
54.5 42.5
54.5 51.5
54.5 52.5
54.5 62.5
54.5 63.5
55.5 10.5
55.5 11.5
55.5 24.5
55.5 25.5
55.5 30.5
55.5 40.5
55.5 41.5
55.5 51.5
55.5 61.5
55.5 62.5
56.5 9.5
56.5 10.5
56.5 19.5
56.5 25.5
56.5 29.5
56.5 30.5
56.5 39.5
56.5 40.5
56.5 41.5
56.5 50.5
56.5 51.5
56.5 60.5
56.5 61.5
57.5 9.5
57.5 15.5
57.5 19.5
57.5 20.5
57.5 26.5
57.5 29.5
57.5 34.5
57.5 35.5
57.5 39.5
57.5 40.5
57.5 46.5
57.5 55.5
57.5 56.5
57.5 60.5
57.5 61.5
57.5 67.5
58.5 14.5
58.5 15.5
58.5 19.5
58.5 20.5
58.5 33.5
58.5 34.5
58.5 45.5
58.5 55.5
58.5 66.5
59.5 14.5
59.5 20.5
59.5 21.5
59.5 33.5
59.5 34.5
59.5 44.5
59.5 45.5
59.5 54.5
59.5 55.5
59.5 65.5
59.5 66.5
60.5 13.5
60.5 14.5
60.5 20.5
60.5 21.5
60.5 32.5
60.5 33.5
60.5 34.5
60.5 44.5
60.5 53.5
60.5 54.5
60.5 64.5
60.5 65.5
61.5 13.5
61.5 21.5
61.5 32.5
61.5 33.5
61.5 43.5
61.5 53.5
61.5 64.5
62.5 63.5
