3.5 20.5
3.5 21.5
3.5 62.5
4.5 17.5
4.5 18.5
4.5 19.5
4.5 39.5
4.5 40.5
4.5 41.5
4.5 58.5
4.5 59.5
4.5 60.5
5.5 14.5
5.5 15.5
5.5 16.5
5.5 35.5
5.5 36.5
5.5 37.5
5.5 38.5
5.5 54.5
5.5 55.5
5.5 56.5
5.5 57.5
6.5 11.5
6.5 12.5
6.5 13.5
6.5 14.5
6.5 29.5
6.5 30.5
6.5 31.5
6.5 32.5
6.5 33.5
6.5 34.5
6.5 35.5
6.5 51.5
6.5 52.5
6.5 53.5
6.5 54.5
6.5 66.5
6.5 67.5
7.5 8.5
7.5 9.5
7.5 10.5
7.5 26.5
7.5 27.5
7.5 28.5
7.5 29.5
7.5 30.5
7.5 47.5
7.5 48.5
7.5 49.5
7.5 50.5
7.5 63.5
7.5 64.5
8.5 7.5
8.5 23.5
8.5 24.5
8.5 25.5
8.5 43.5
8.5 44.5
8.5 45.5
8.5 46.5
8.5 47.5
8.5 60.5
8.5 61.5
9.5 20.5
9.5 21.5
9.5 22.5
9.5 40.5
9.5 41.5
9.5 42.5
9.5 43.5
9.5 57.5
9.5 58.5
10.5 17.5
10.5 18.5
10.5 19.5
10.5 36.5
10.5 37.5
10.5 38.5
10.5 39.5
10.5 54.5
10.5 55.5
11.5 14.5
11.5 15.5
11.5 16.5
11.5 34.5
11.5 35.5
12.5 12.5
12.5 53.5
13.5 33.5
13.5 34.5
13.5 55.5
13.5 56.5
13.5 57.5
13.5 58.5
14.5 13.5
14.5 14.5
14.5 15.5
14.5 16.5
14.5 36.5
14.5 37.5
14.5 38.5
14.5 59.5
14.5 60.5
14.5 61.5
14.5 62.5
14.5 63.5
15.5 17.5
15.5 18.5
15.5 19.5
15.5 20.5
15.5 21.5
15.5 38.5
15.5 39.5
15.5 40.5
15.5 41.5
15.5 62.5
15.5 63.5
15.5 64.5
15.5 65.5
15.5 66.5
16.5 22.5
16.5 23.5
16.5 24.5
16.5 25.5
16.5 26.5
16.5 27.5
16.5 41.5
16.5 42.5
16.5 43.5
16.5 44.5
16.5 67.5
16.5 68.5
17.5 27.5
17.5 28.5
17.5 29.5
17.5 30.5
17.5 44.5
17.5 45.5
17.5 46.5
17.5 47.5
17.5 48.5
17.5 49.5
18.5 7.5
18.5 8.5
18.5 9.5
18.5 10.5
18.5 32.5
18.5 33.5
18.5 47.5
18.5 48.5
18.5 49.5
18.5 50.5
18.5 51.5
18.5 52.5
18.5 53.5
18.5 54.5
19.5 10.5
19.5 11.5
19.5 12.5
19.5 13.5
19.5 14.5
19.5 15.5
19.5 16.5
19.5 34.5
19.5 35.5
19.5 36.5
19.5 54.5
19.5 55.5
19.5 56.5
19.5 57.5
19.5 58.5
20.5 15.5
20.5 16.5
20.5 17.5
20.5 18.5
20.5 19.5
20.5 20.5
20.5 37.5
20.5 38.5
20.5 39.5
20.5 58.5
20.5 59.5
20.5 60.5
20.5 61.5
21.5 22.5
21.5 23.5
21.5 40.5
21.5 41.5
21.5 63.5
21.5 64.5
22.5 32.5
22.5 44.5
23.5 34.5
23.5 35.5
24.5 12.5
24.5 13.5
24.5 37.5
24.5 38.5
24.5 54.5
24.5 55.5
24.5 56.5
25.5 14.5
25.5 15.5
25.5 16.5
25.5 17.5
25.5 18.5
25.5 40.5
25.5 41.5
25.5 57.5
25.5 58.5
25.5 59.5
25.5 60.5
26.5 18.5
26.5 19.5
26.5 20.5
26.5 21.5
26.5 22.5
26.5 23.5
26.5 42.5
26.5 43.5
26.5 44.5
26.5 60.5
26.5 61.5
26.5 62.5
26.5 63.5
26.5 64.5
27.5 22.5
27.5 23.5
27.5 24.5
27.5 25.5
27.5 26.5
27.5 27.5
27.5 28.5
27.5 29.5
27.5 30.5
27.5 45.5
27.5 46.5
27.5 47.5
27.5 48.5
27.5 49.5
27.5 64.5
27.5 65.5
27.5 66.5
27.5 67.5
28.5 7.5
28.5 8.5
28.5 27.5
28.5 28.5
28.5 29.5
28.5 30.5
28.5 31.5
28.5 32.5
28.5 33.5
28.5 34.5
28.5 49.5
28.5 50.5
28.5 51.5
28.5 52.5
28.5 68.5
29.5 10.5
29.5 11.5
29.5 12.5
29.5 33.5
29.5 34.5
29.5 35.5
29.5 36.5
29.5 37.5
29.5 53.5
29.5 54.5
29.5 55.5
30.5 13.5
30.5 14.5
30.5 15.5
30.5 37.5
30.5 38.5
30.5 39.5
30.5 40.5
30.5 56.5
30.5 57.5
30.5 58.5
31.5 16.5
31.5 17.5
31.5 18.5
31.5 41.5
31.5 42.5
31.5 43.5
31.5 59.5
31.5 60.5
32.5 20.5
32.5 21.5
32.5 62.5
32.5 63.5
33.5 53.5
34.5 23.5
34.5 32.5
34.5 33.5
34.5 56.5
34.5 57.5
35.5 18.5
35.5 19.5
35.5 20.5
35.5 21.5
35.5 34.5
35.5 35.5
35.5 36.5
35.5 37.5
35.5 38.5
35.5 59.5
35.5 60.5
35.5 61.5
36.5 14.5
36.5 15.5
36.5 16.5
36.5 17.5
36.5 18.5
36.5 38.5
36.5 39.5
36.5 40.5
36.5 41.5
36.5 42.5
36.5 62.5
36.5 63.5
36.5 64.5
37.5 10.5
37.5 11.5
37.5 12.5
37.5 13.5
37.5 14.5
37.5 42.5
37.5 43.5
37.5 44.5
37.5 45.5
37.5 46.5
37.5 47.5
37.5 48.5
37.5 66.5
37.5 67.5
38.5 7.5
38.5 8.5
38.5 9.5
38.5 10.5
38.5 27.5
38.5 28.5
38.5 46.5
38.5 47.5
38.5 48.5
38.5 49.5
38.5 50.5
38.5 51.5
38.5 52.5
38.5 53.5
38.5 54.5
39.5 23.5
39.5 24.5
39.5 25.5
39.5 26.5
39.5 27.5
39.5 28.5
39.5 29.5
39.5 53.5
39.5 54.5
39.5 55.5
39.5 56.5
39.5 57.5
39.5 58.5
40.5 20.5
40.5 21.5
40.5 22.5
40.5 23.5
40.5 30.5
40.5 31.5
40.5 32.5
40.5 33.5
40.5 34.5
40.5 58.5
40.5 59.5
40.5 60.5
40.5 61.5
41.5 18.5
41.5 19.5
41.5 20.5
41.5 34.5
41.5 35.5
41.5 36.5
41.5 37.5
41.5 38.5
42.5 15.5
42.5 16.5
42.5 17.5
42.5 38.5
42.5 39.5
42.5 40.5
42.5 41.5
42.5 62.5
43.5 13.5
43.5 59.5
43.5 60.5
44.5 57.5
44.5 58.5
45.5 19.5
45.5 20.5
45.5 21.5
45.5 39.5
45.5 40.5
45.5 41.5
45.5 54.5
45.5 55.5
46.5 15.5
46.5 16.5
46.5 17.5
46.5 18.5
46.5 35.5
46.5 36.5
46.5 37.5
46.5 38.5
46.5 51.5
46.5 52.5
46.5 53.5
46.5 67.5
46.5 68.5
47.5 12.5
47.5 13.5
47.5 14.5
47.5 31.5
47.5 32.5
47.5 33.5
47.5 34.5
47.5 48.5
47.5 49.5
47.5 50.5
47.5 63.5
47.5 64.5
47.5 65.5
47.5 66.5
48.5 8.5
48.5 9.5
48.5 10.5
48.5 11.5
48.5 27.5
48.5 28.5
48.5 29.5
48.5 44.5
48.5 45.5
48.5 46.5
48.5 47.5
48.5 60.5
48.5 61.5
48.5 62.5
48.5 63.5
49.5 7.5
49.5 22.5
49.5 23.5
49.5 24.5
49.5 25.5
49.5 40.5
49.5 41.5
49.5 42.5
49.5 56.5
49.5 57.5
49.5 58.5
49.5 59.5
50.5 18.5
50.5 19.5
50.5 20.5
50.5 21.5
50.5 37.5
50.5 38.5
50.5 39.5
50.5 53.5
50.5 54.5
50.5 55.5
50.5 56.5
51.5 14.5
51.5 15.5
51.5 16.5
51.5 17.5
51.5 34.5
51.5 35.5
52.5 11.5
52.5 12.5
53.5 40.5
53.5 41.5
53.5 62.5
53.5 63.5
54.5 11.5
54.5 12.5
54.5 13.5
54.5 37.5
54.5 38.5
54.5 39.5
54.5 59.5
54.5 60.5
54.5 61.5
55.5 14.5
55.5 15.5
55.5 16.5
55.5 17.5
55.5 35.5
55.5 36.5
55.5 37.5
55.5 56.5
55.5 57.5
55.5 58.5
55.5 59.5
56.5 17.5
56.5 18.5
56.5 19.5
56.5 20.5
56.5 21.5
56.5 33.5
56.5 34.5
56.5 54.5
56.5 55.5
56.5 56.5
56.5 57.5
57.5 20.5
57.5 21.5
57.5 22.5
57.5 23.5
57.5 24.5
57.5 30.5
57.5 31.5
57.5 32.5
57.5 52.5
57.5 53.5
57.5 54.5
57.5 68.5
58.5 7.5
58.5 8.5
58.5 24.5
58.5 25.5
58.5 26.5
58.5 27.5
58.5 28.5
58.5 29.5
58.5 30.5
58.5 47.5
58.5 48.5
58.5 49.5
58.5 50.5
58.5 51.5
58.5 52.5
58.5 66.5
58.5 67.5
59.5 9.5
59.5 10.5
59.5 11.5
59.5 26.5
59.5 27.5
59.5 29.5
59.5 43.5
59.5 44.5
59.5 45.5
59.5 46.5
59.5 47.5
59.5 48.5
59.5 49.5
59.5 64.5
59.5 65.5
60.5 12.5
60.5 13.5
60.5 14.5
60.5 39.5
60.5 40.5
60.5 41.5
60.5 42.5
60.5 43.5
60.5 44.5
60.5 46.5
60.5 62.5
60.5 63.5
60.5 64.5
61.5 15.5
61.5 16.5
61.5 17.5
61.5 36.5
61.5 37.5
61.5 38.5
61.5 39.5
61.5 40.5
61.5 60.5
61.5 61.5
61.5 62.5
62.5 18.5
62.5 19.5
62.5 33.5
62.5 34.5
62.5 35.5
62.5 36.5
62.5 58.5
62.5 59.5
63.5 21.5
63.5 31.5
63.5 56.5
63.5 57.5
