5.5 12.5
5.5 13.5
5.5 14.5
5.5 25.5
5.5 26.5
5.5 38.5
5.5 49.5
6.5 12.5
6.5 13.5
6.5 25.5
6.5 26.5
6.5 37.5
6.5 38.5
6.5 48.5
6.5 49.5
6.5 63.5
6.5 64.5
7.5 11.5
7.5 12.5
7.5 13.5
7.5 24.5
7.5 25.5
7.5 26.5
7.5 36.5
7.5 37.5
7.5 38.5
7.5 48.5
7.5 49.5
7.5 63.5
7.5 64.5
7.5 65.5
8.5 11.5
8.5 12.5
8.5 13.5
8.5 24.5
8.5 25.5
8.5 26.5
8.5 36.5
8.5 37.5
8.5 38.5
8.5 47.5
8.5 48.5
8.5 49.5
8.5 63.5
8.5 64.5
8.5 65.5
9.5 10.5
9.5 11.5
9.5 12.5
9.5 13.5
9.5 24.5
9.5 25.5
9.5 35.5
9.5 36.5
9.5 37.5
9.5 47.5
9.5 48.5
9.5 49.5
9.5 63.5
9.5 64.5
9.5 65.5
9.5 66.5
10.5 10.5
10.5 11.5
10.5 12.5
10.5 23.5
10.5 24.5
10.5 25.5
10.5 35.5
10.5 36.5
10.5 37.5
10.5 47.5
10.5 48.5
10.5 63.5
10.5 64.5
10.5 65.5
10.5 66.5
11.5 10.5
11.5 11.5
11.5 12.5
11.5 18.5
11.5 23.5
11.5 24.5
11.5 25.5
11.5 35.5
11.5 36.5
11.5 46.5
11.5 47.5
11.5 48.5
11.5 64.5
11.5 65.5
11.5 66.5
12.5 10.5
12.5 11.5
12.5 17.5
12.5 18.5
12.5 23.5
12.5 24.5
12.5 30.5
12.5 35.5
12.5 41.5
12.5 46.5
12.5 47.5
12.5 65.5
12.5 66.5
13.5 16.5
13.5 17.5
13.5 18.5
13.5 29.5
13.5 30.5
13.5 40.5
13.5 41.5
13.5 42.5
13.5 46.5
13.5 47.5
13.5 52.5
13.5 53.5
13.5 58.5
13.5 59.5
13.5 66.5
14.5 16.5
14.5 17.5
14.5 18.5
14.5 28.5
14.5 29.5
14.5 30.5
14.5 40.5
14.5 41.5
14.5 52.5
14.5 53.5
14.5 59.5
14.5 60.5
15.5 16.5
15.5 17.5
15.5 18.5
15.5 28.5
15.5 29.5
15.5 30.5
15.5 40.5
15.5 41.5
15.5 51.5
15.5 52.5
15.5 53.5
15.5 59.5
15.5 60.5
15.5 61.5
16.5 15.5
16.5 16.5
16.5 17.5
16.5 28.5
16.5 29.5
16.5 39.5
16.5 40.5
16.5 41.5
16.5 51.5
16.5 52.5
16.5 53.5
16.5 59.5
16.5 60.5
16.5 61.5
17.5 15.5
17.5 16.5
17.5 17.5
17.5 27.5
17.5 28.5
17.5 29.5
17.5 39.5
17.5 40.5
17.5 41.5
17.5 51.5
17.5 52.5
17.5 53.5
17.5 60.5
17.5 61.5
18.5 15.5
18.5 16.5
18.5 27.5
18.5 28.5
18.5 39.5
18.5 40.5
18.5 50.5
18.5 51.5
18.5 52.5
18.5 60.5
18.5 61.5
18.5 62.5
19.5 15.5
19.5 27.5
19.5 28.5
19.5 39.5
19.5 40.5
19.5 50.5
19.5 51.5
19.5 52.5
19.5 61.5
19.5 62.5
20.5 51.5
20.5 62.5
25.5 27.5
25.5 28.5
26.5 14.5
26.5 15.5
26.5 27.5
26.5 28.5
26.5 37.5
26.5 38.5
26.5 63.5
27.5 14.5
27.5 15.5
27.5 16.5
27.5 27.5
27.5 28.5
27.5 29.5
27.5 36.5
27.5 37.5
27.5 38.5
27.5 51.5
27.5 52.5
27.5 63.5
27.5 64.5
28.5 14.5
28.5 15.5
28.5 16.5
28.5 27.5
28.5 28.5
28.5 29.5
28.5 36.5
28.5 37.5
28.5 51.5
28.5 52.5
28.5 63.5
28.5 64.5
29.5 15.5
29.5 16.5
29.5 17.5
29.5 27.5
29.5 28.5
29.5 29.5
29.5 30.5
29.5 35.5
29.5 36.5
29.5 37.5
29.5 51.5
29.5 52.5
29.5 53.5
29.5 63.5
29.5 64.5
29.5 65.5
30.5 15.5
30.5 16.5
30.5 17.5
30.5 28.5
30.5 29.5
30.5 30.5
30.5 35.5
30.5 36.5
30.5 37.5
30.5 51.5
30.5 52.5
30.5 53.5
30.5 63.5
30.5 64.5
30.5 65.5
31.5 15.5
31.5 16.5
31.5 17.5
31.5 28.5
31.5 29.5
31.5 30.5
31.5 35.5
31.5 36.5
31.5 51.5
31.5 52.5
31.5 53.5
31.5 54.5
31.5 64.5
31.5 65.5
32.5 10.5
32.5 11.5
32.5 16.5
32.5 17.5
32.5 22.5
32.5 23.5
32.5 29.5
32.5 30.5
32.5 35.5
32.5 36.5
32.5 52.5
32.5 53.5
32.5 54.5
32.5 64.5
32.5 65.5
33.5 10.5
33.5 11.5
33.5 22.5
33.5 23.5
33.5 35.5
33.5 41.5
33.5 46.5
33.5 52.5
33.5 53.5
33.5 54.5
33.5 59.5
33.5 65.5
34.5 10.5
34.5 11.5
34.5 12.5
34.5 22.5
34.5 23.5
34.5 24.5
34.5 40.5
34.5 41.5
34.5 46.5
34.5 47.5
34.5 53.5
34.5 54.5
34.5 59.5
34.5 60.5
35.5 11.5
35.5 12.5
35.5 22.5
35.5 23.5
35.5 24.5
35.5 39.5
35.5 40.5
35.5 41.5
35.5 46.5
35.5 47.5
35.5 48.5
35.5 59.5
35.5 60.5
35.5 61.5
36.5 11.5
36.5 12.5
36.5 22.5
36.5 23.5
36.5 24.5
36.5 25.5
36.5 39.5
36.5 40.5
36.5 41.5
36.5 46.5
36.5 47.5
36.5 48.5
36.5 59.5
36.5 60.5
36.5 61.5
37.5 11.5
37.5 12.5
37.5 23.5
37.5 24.5
37.5 25.5
37.5 38.5
37.5 39.5
37.5 40.5
37.5 46.5
37.5 47.5
37.5 48.5
37.5 49.5
37.5 59.5
37.5 60.5
37.5 61.5
38.5 11.5
38.5 12.5
38.5 23.5
38.5 24.5
38.5 25.5
38.5 38.5
38.5 39.5
38.5 40.5
38.5 47.5
38.5 48.5
38.5 49.5
38.5 60.5
38.5 61.5
39.5 12.5
39.5 24.5
39.5 25.5
39.5 38.5
39.5 39.5
39.5 47.5
39.5 48.5
39.5 49.5
39.5 60.5
39.5 61.5
39.5 62.5
40.5 38.5
40.5 48.5
40.5 49.5
40.5 61.5
41.5 49.5
46.5 14.5
46.5 23.5
46.5 24.5
46.5 25.5
46.5 38.5
47.5 14.5
47.5 15.5
47.5 23.5
47.5 24.5
47.5 25.5
47.5 38.5
47.5 39.5
47.5 48.5
47.5 49.5
47.5 63.5
48.5 14.5
48.5 15.5
48.5 22.5
48.5 23.5
48.5 24.5
48.5 25.5
48.5 38.5
48.5 39.5
48.5 47.5
48.5 48.5
48.5 49.5
48.5 63.5
48.5 64.5
49.5 14.5
49.5 15.5
49.5 16.5
49.5 22.5
49.5 23.5
49.5 24.5
49.5 38.5
49.5 39.5
49.5 40.5
49.5 46.5
49.5 47.5
49.5 48.5
49.5 49.5
49.5 63.5
49.5 64.5
50.5 15.5
50.5 16.5
50.5 22.5
50.5 23.5
50.5 24.5
50.5 39.5
50.5 40.5
50.5 46.5
50.5 47.5
50.5 48.5
50.5 63.5
50.5 64.5
50.5 65.5
51.5 15.5
51.5 16.5
51.5 21.5
51.5 22.5
51.5 23.5
51.5 24.5
51.5 39.5
51.5 40.5
51.5 41.5
51.5 46.5
51.5 47.5
51.5 48.5
51.5 63.5
51.5 64.5
51.5 65.5
52.5 16.5
52.5 21.5
52.5 22.5
52.5 23.5
52.5 34.5
52.5 40.5
52.5 41.5
52.5 46.5
52.5 47.5
52.5 64.5
52.5 65.5
53.5 10.5
53.5 11.5
53.5 16.5
53.5 22.5
53.5 28.5
53.5 29.5
53.5 34.5
53.5 35.5
53.5 46.5
53.5 52.5
53.5 53.5
53.5 64.5
53.5 65.5
53.5 66.5
54.5 10.5
54.5 11.5
54.5 28.5
54.5 29.5
54.5 34.5
54.5 35.5
54.5 36.5
54.5 52.5
54.5 53.5
54.5 58.5
54.5 59.5
54.5 65.5
55.5 10.5
55.5 11.5
55.5 12.5
55.5 27.5
55.5 28.5
55.5 29.5
55.5 34.5
55.5 35.5
55.5 36.5
55.5 51.5
55.5 52.5
55.5 53.5
55.5 58.5
55.5 59.5
55.5 60.5
56.5 10.5
56.5 11.5
56.5 12.5
56.5 27.5
56.5 28.5
56.5 35.5
56.5 36.5
56.5 50.5
56.5 51.5
56.5 52.5
56.5 53.5
56.5 59.5
56.5 60.5
56.5 61.5
57.5 10.5
57.5 11.5
57.5 12.5
57.5 13.5
57.5 26.5
57.5 27.5
57.5 28.5
57.5 35.5
57.5 36.5
57.5 37.5
57.5 50.5
57.5 51.5
57.5 52.5
57.5 59.5
57.5 60.5
57.5 61.5
58.5 11.5
58.5 12.5
58.5 13.5
58.5 26.5
58.5 27.5
58.5 28.5
58.5 36.5
58.5 37.5
58.5 50.5
58.5 51.5
58.5 52.5
58.5 59.5
58.5 60.5
58.5 61.5
59.5 11.5
59.5 12.5
59.5 13.5
59.5 26.5
59.5 27.5
59.5 36.5
59.5 50.5
59.5 51.5
59.5 60.5
59.5 61.5
60.5 12.5
60.5 13.5
60.5 26.5
60.5 50.5
60.5 60.5
60.5 61.5
60.5 62.5
61.5 61.5
