4.5 21.5
4.5 32.5
5.5 11.5
5.5 12.5
5.5 21.5
5.5 33.5
5.5 40.5
5.5 41.5
5.5 54.5
5.5 55.5
5.5 63.5
6.5 10.5
6.5 11.5
6.5 20.5
6.5 21.5
6.5 34.5
6.5 39.5
6.5 40.5
6.5 55.5
6.5 56.5
6.5 62.5
6.5 63.5
7.5 10.5
7.5 20.5
7.5 56.5
7.5 57.5
7.5 61.5
7.5 62.5
8.5 15.5
8.5 25.5
8.5 30.5
8.5 44.5
8.5 45.5
9.5 14.5
9.5 15.5
9.5 24.5
9.5 25.5
9.5 30.5
9.5 31.5
9.5 43.5
9.5 44.5
9.5 45.5
9.5 50.5
9.5 51.5
9.5 66.5
10.5 14.5
10.5 24.5
10.5 25.5
10.5 31.5
10.5 42.5
10.5 43.5
10.5 44.5
10.5 51.5
10.5 52.5
10.5 65.5
10.5 66.5
11.5 24.5
11.5 52.5
11.5 64.5
11.5 65.5
15.5 14.5
15.5 15.5
15.5 22.5
15.5 33.5
15.5 41.5
15.5 42.5
16.5 15.5
16.5 16.5
16.5 20.5
16.5 21.5
16.5 22.5
16.5 34.5
16.5 40.5
16.5 41.5
16.5 53.5
16.5 54.5
16.5 55.5
16.5 64.5
17.5 34.5
17.5 35.5
17.5 39.5
17.5 40.5
17.5 55.5
17.5 65.5
18.5 9.5
18.5 10.5
18.5 11.5
18.5 60.5
19.5 11.5
19.5 24.5
19.5 25.5
19.5 30.5
19.5 45.5
19.5 50.5
19.5 60.5
19.5 61.5
20.5 23.5
20.5 24.5
20.5 31.5
20.5 32.5
20.5 44.5
20.5 51.5
20.5 61.5
20.5 62.5
21.5 32.5
21.5 43.5
24.5 12.5
24.5 13.5
24.5 21.5
24.5 22.5
24.5 51.5
25.5 12.5
25.5 13.5
25.5 14.5
25.5 20.5
25.5 21.5
25.5 33.5
25.5 34.5
25.5 41.5
25.5 50.5
25.5 51.5
25.5 60.5
25.5 61.5
26.5 13.5
26.5 14.5
26.5 20.5
26.5 21.5
26.5 34.5
26.5 35.5
26.5 40.5
26.5 41.5
26.5 50.5
26.5 60.5
26.5 61.5
27.5 20.5
27.5 55.5
28.5 8.5
28.5 9.5
28.5 31.5
28.5 44.5
28.5 45.5
28.5 54.5
28.5 55.5
28.5 64.5
28.5 65.5
29.5 9.5
29.5 10.5
29.5 24.5
29.5 25.5
29.5 26.5
29.5 31.5
29.5 32.5
29.5 43.5
29.5 44.5
29.5 53.5
29.5 54.5
29.5 63.5
29.5 64.5
30.5 10.5
30.5 11.5
30.5 24.5
30.5 25.5
30.5 32.5
34.5 43.5
34.5 44.5
34.5 52.5
34.5 64.5
35.5 10.5
35.5 11.5
35.5 24.5
35.5 34.5
35.5 44.5
35.5 45.5
35.5 51.5
35.5 52.5
35.5 64.5
35.5 65.5
36.5 9.5
36.5 10.5
36.5 24.5
36.5 25.5
36.5 34.5
36.5 35.5
36.5 45.5
36.5 50.5
36.5 51.5
36.5 64.5
36.5 65.5
37.5 25.5
37.5 26.5
37.5 34.5
37.5 35.5
37.5 65.5
37.5 66.5
38.5 15.5
38.5 39.5
38.5 40.5
39.5 13.5
39.5 14.5
39.5 20.5
39.5 21.5
39.5 31.5
39.5 40.5
39.5 41.5
39.5 54.5
39.5 55.5
39.5 60.5
39.5 61.5
40.5 13.5
40.5 21.5
40.5 22.5
40.5 31.5
40.5 40.5
40.5 41.5
40.5 53.5
40.5 54.5
40.5 55.5
40.5 61.5
40.5 62.5
41.5 22.5
41.5 32.5
41.5 53.5
41.5 62.5
45.5 13.5
45.5 42.5
46.5 13.5
46.5 14.5
46.5 23.5
46.5 24.5
46.5 31.5
46.5 42.5
46.5 43.5
46.5 50.5
46.5 51.5
46.5 64.5
47.5 14.5
47.5 24.5
47.5 25.5
47.5 30.5
47.5 31.5
47.5 43.5
47.5 44.5
47.5 49.5
47.5 50.5
47.5 64.5
47.5 65.5
48.5 15.5
48.5 25.5
48.5 30.5
48.5 64.5
48.5 65.5
49.5 9.5
49.5 20.5
49.5 39.5
50.5 9.5
50.5 10.5
50.5 20.5
50.5 21.5
50.5 33.5
50.5 34.5
50.5 39.5
50.5 40.5
50.5 53.5
50.5 54.5
50.5 55.5
50.5 60.5
51.5 10.5
51.5 11.5
51.5 21.5
51.5 33.5
51.5 34.5
51.5 40.5
51.5 52.5
51.5 53.5
51.5 54.5
51.5 61.5
52.5 11.5
52.5 61.5
52.5 62.5
55.5 41.5
56.5 23.5
56.5 24.5
56.5 31.5
56.5 32.5
56.5 41.5
56.5 51.5
56.5 52.5
57.5 12.5
57.5 13.5
57.5 14.5
57.5 24.5
57.5 25.5
57.5 30.5
57.5 31.5
57.5 40.5
57.5 50.5
57.5 51.5
57.5 61.5
57.5 62.5
58.5 14.5
58.5 15.5
58.5 25.5
58.5 40.5
58.5 50.5
58.5 51.5
58.5 61.5
59.5 19.5
59.5 20.5
59.5 35.5
59.5 36.5
59.5 44.5
59.5 45.5
59.5 65.5
59.5 66.5
60.5 9.5
60.5 10.5
60.5 20.5
60.5 21.5
60.5 34.5
60.5 35.5
60.5 44.5
60.5 45.5
60.5 55.5
60.5 56.5
60.5 64.5
60.5 65.5
61.5 10.5
61.5 11.5
61.5 33.5
61.5 34.5
61.5 44.5
61.5 45.5
61.5 55.5
