3.5 11.5
3.5 33.5
4.5 10.5
4.5 11.5
4.5 23.5
4.5 24.5
4.5 34.5
4.5 35.5
4.5 41.5
4.5 42.5
4.5 62.5
5.5 9.5
5.5 10.5
5.5 11.5
5.5 24.5
5.5 25.5
5.5 35.5
5.5 40.5
5.5 41.5
5.5 51.5
5.5 61.5
5.5 62.5
6.5 9.5
6.5 10.5
6.5 25.5
6.5 26.5
6.5 36.5
6.5 40.5
6.5 50.5
6.5 51.5
6.5 60.5
6.5 61.5
6.5 66.5
7.5 9.5
7.5 15.5
7.5 19.5
7.5 30.5
7.5 31.5
7.5 50.5
7.5 51.5
7.5 65.5
7.5 66.5
8.5 14.5
8.5 15.5
8.5 19.5
8.5 20.5
8.5 31.5
8.5 32.5
8.5 44.5
8.5 45.5
8.5 49.5
8.5 50.5
8.5 56.5
8.5 65.5
9.5 14.5
9.5 20.5
9.5 21.5
9.5 32.5
9.5 33.5
9.5 44.5
9.5 45.5
9.5 49.5
9.5 55.5
9.5 64.5
10.5 13.5
10.5 14.5
10.5 21.5
10.5 22.5
10.5 44.5
10.5 45.5
10.5 54.5
10.5 55.5
11.5 13.5
11.5 22.5
11.5 44.5
11.5 53.5
11.5 54.5
13.5 64.5
14.5 34.5
14.5 35.5
14.5 42.5
14.5 64.5
14.5 65.5
15.5 11.5
15.5 12.5
15.5 22.5
15.5 23.5
15.5 35.5
15.5 36.5
15.5 41.5
15.5 42.5
15.5 65.5
16.5 10.5
16.5 11.5
16.5 23.5
16.5 24.5
16.5 36.5
16.5 37.5
16.5 41.5
16.5 42.5
16.5 53.5
16.5 54.5
16.5 55.5
16.5 56.5
16.5 65.5
16.5 66.5
17.5 9.5
17.5 24.5
17.5 25.5
17.5 41.5
17.5 54.5
17.5 55.5
17.5 56.5
17.5 65.5
17.5 66.5
18.5 14.5
18.5 15.5
18.5 29.5
18.5 30.5
18.5 31.5
18.5 60.5
18.5 61.5
18.5 66.5
19.5 13.5
19.5 14.5
19.5 19.5
19.5 20.5
19.5 30.5
19.5 31.5
19.5 32.5
19.5 45.5
19.5 49.5
19.5 61.5
19.5 62.5
20.5 12.5
20.5 13.5
20.5 20.5
20.5 21.5
20.5 32.5
20.5 33.5
20.5 44.5
20.5 45.5
20.5 49.5
20.5 50.5
20.5 51.5
20.5 61.5
20.5 62.5
21.5 21.5
21.5 43.5
21.5 51.5
21.5 52.5
21.5 62.5
21.5 63.5
24.5 12.5
24.5 33.5
24.5 42.5
25.5 12.5
25.5 13.5
25.5 20.5
25.5 21.5
25.5 33.5
25.5 34.5
25.5 35.5
25.5 41.5
25.5 42.5
25.5 52.5
25.5 53.5
26.5 13.5
26.5 19.5
26.5 34.5
26.5 35.5
26.5 41.5
26.5 53.5
26.5 54.5
26.5 55.5
26.5 61.5
26.5 62.5
27.5 9.5
27.5 14.5
27.5 18.5
27.5 35.5
27.5 36.5
27.5 40.5
27.5 41.5
27.5 54.5
27.5 55.5
27.5 56.5
27.5 60.5
27.5 61.5
28.5 9.5
28.5 24.5
28.5 40.5
29.5 9.5
29.5 10.5
29.5 22.5
29.5 23.5
29.5 24.5
29.5 25.5
29.5 29.5
29.5 30.5
29.5 44.5
29.5 45.5
29.5 49.5
29.5 50.5
29.5 65.5
29.5 66.5
30.5 9.5
30.5 10.5
30.5 21.5
30.5 22.5
30.5 23.5
30.5 24.5
30.5 30.5
30.5 31.5
30.5 43.5
30.5 44.5
30.5 50.5
30.5 51.5
30.5 52.5
30.5 63.5
30.5 64.5
31.5 10.5
31.5 21.5
31.5 22.5
31.5 31.5
31.5 32.5
31.5 43.5
31.5 52.5
32.5 32.5
34.5 62.5
34.5 63.5
35.5 10.5
35.5 21.5
35.5 41.5
35.5 42.5
35.5 53.5
35.5 54.5
35.5 61.5
35.5 62.5
36.5 9.5
36.5 20.5
36.5 21.5
36.5 33.5
36.5 34.5
36.5 35.5
36.5 40.5
36.5 41.5
36.5 53.5
36.5 54.5
36.5 55.5
36.5 61.5
36.5 62.5
37.5 8.5
37.5 9.5
37.5 19.5
37.5 20.5
37.5 21.5
37.5 35.5
37.5 36.5
37.5 39.5
37.5 55.5
37.5 56.5
37.5 60.5
37.5 61.5
37.5 67.5
38.5 8.5
38.5 13.5
38.5 18.5
38.5 19.5
38.5 20.5
38.5 44.5
38.5 65.5
38.5 66.5
39.5 13.5
39.5 18.5
39.5 19.5
39.5 30.5
39.5 31.5
39.5 43.5
39.5 44.5
39.5 49.5
39.5 50.5
39.5 65.5
39.5 66.5
40.5 12.5
40.5 13.5
40.5 24.5
40.5 25.5
40.5 32.5
40.5 42.5
40.5 43.5
40.5 50.5
40.5 51.5
40.5 52.5
40.5 64.5
40.5 65.5
41.5 12.5
41.5 13.5
41.5 23.5
41.5 24.5
41.5 51.5
41.5 52.5
42.5 12.5
42.5 22.5
43.5 33.5
44.5 33.5
44.5 34.5
44.5 41.5
45.5 33.5
45.5 34.5
45.5 35.5
45.5 40.5
45.5 41.5
45.5 52.5
45.5 53.5
45.5 65.5
45.5 66.5
46.5 22.5
46.5 23.5
46.5 24.5
46.5 34.5
46.5 35.5
46.5 40.5
46.5 41.5
46.5 53.5
46.5 54.5
46.5 55.5
46.5 66.5
46.5 67.5
47.5 9.5
47.5 10.5
47.5 11.5
47.5 23.5
47.5 24.5
47.5 25.5
47.5 40.5
47.5 55.5
47.5 56.5
47.5 67.5
47.5 68.5
48.5 9.5
48.5 10.5
48.5 24.5
48.5 25.5
48.5 29.5
48.5 30.5
48.5 49.5
48.5 60.5
48.5 61.5
49.5 30.5
49.5 31.5
49.5 44.5
49.5 45.5
49.5 49.5
49.5 50.5
49.5 61.5
49.5 62.5
49.5 63.5
50.5 14.5
50.5 15.5
50.5 19.5
50.5 20.5
50.5 31.5
50.5 32.5
50.5 43.5
50.5 44.5
50.5 50.5
50.5 51.5
50.5 63.5
50.5 64.5
51.5 13.5
51.5 14.5
51.5 20.5
51.5 21.5
51.5 32.5
51.5 42.5
51.5 43.5
51.5 52.5
52.5 21.5
52.5 22.5
54.5 32.5
54.5 63.5
55.5 12.5
55.5 22.5
55.5 30.5
55.5 31.5
55.5 41.5
55.5 42.5
55.5 51.5
55.5 52.5
55.5 63.5
55.5 64.5
56.5 11.5
56.5 12.5
56.5 23.5
56.5 24.5
56.5 25.5
56.5 29.5
56.5 30.5
56.5 40.5
56.5 41.5
56.5 42.5
56.5 51.5
56.5 64.5
56.5 65.5
57.5 10.5
57.5 11.5
57.5 40.5
57.5 41.5
57.5 50.5
57.5 64.5
57.5 65.5
57.5 66.5
58.5 9.5
58.5 10.5
58.5 19.5
58.5 20.5
58.5 34.5
58.5 35.5
58.5 39.5
58.5 40.5
58.5 46.5
58.5 55.5
58.5 60.5
58.5 66.5
59.5 15.5
59.5 20.5
59.5 21.5
59.5 33.5
59.5 34.5
59.5 35.5
59.5 45.5
59.5 46.5
59.5 54.5
59.5 55.5
59.5 60.5
60.5 13.5
60.5 14.5
60.5 32.5
60.5 33.5
60.5 44.5
60.5 45.5
60.5 54.5
60.5 55.5
60.5 60.5
60.5 61.5
61.5 13.5
61.5 43.5
61.5 44.5
61.5 54.5
61.5 61.5
62.5 62.5
