4.5 13.5
4.5 29.5
4.5 30.5
4.5 31.5
4.5 45.5
4.5 62.5
5.5 11.5
5.5 26.5
5.5 27.5
5.5 28.5
5.5 47.5
5.5 48.5
5.5 59.5
5.5 60.5
6.5 10.5
6.5 21.5
6.5 23.5
6.5 24.5
6.5 49.5
6.5 50.5
6.5 56.5
6.5 57.5
6.5 58.5
7.5 8.5
7.5 18.5
7.5 19.5
7.5 35.5
7.5 37.5
7.5 51.5
7.5 54.5
7.5 55.5
7.5 67.5
8.5 16.5
8.5 17.5
8.5 33.5
8.5 39.5
8.5 40.5
8.5 41.5
8.5 65.5
9.5 14.5
9.5 15.5
9.5 31.5
9.5 42.5
9.5 43.5
9.5 62.5
9.5 63.5
10.5 12.5
10.5 29.5
10.5 45.5
10.5 46.5
10.5 60.5
13.5 59.5
14.5 14.5
14.5 15.5
14.5 29.5
14.5 45.5
14.5 46.5
14.5 61.5
14.5 62.5
15.5 12.5
15.5 13.5
15.5 28.5
15.5 42.5
15.5 43.5
15.5 44.5
15.5 63.5
15.5 64.5
16.5 10.5
16.5 11.5
16.5 27.5
16.5 39.5
16.5 40.5
16.5 66.5
17.5 9.5
17.5 26.5
17.5 34.5
17.5 51.5
17.5 56.5
18.5 20.5
18.5 21.5
18.5 33.5
18.5 48.5
18.5 49.5
18.5 58.5
19.5 18.5
19.5 19.5
19.5 32.5
19.5 45.5
19.5 46.5
19.5 60.5
19.5 61.5
20.5 15.5
20.5 16.5
20.5 17.5
20.5 31.5
20.5 43.5
20.5 63.5
21.5 14.5
23.5 43.5
23.5 44.5
23.5 60.5
23.5 61.5
24.5 30.5
24.5 31.5
24.5 45.5
24.5 46.5
24.5 47.5
24.5 62.5
24.5 63.5
25.5 14.5
25.5 15.5
25.5 32.5
25.5 48.5
25.5 49.5
25.5 64.5
25.5 65.5
26.5 16.5
26.5 17.5
26.5 18.5
26.5 34.5
26.5 51.5
26.5 52.5
26.5 55.5
26.5 66.5
26.5 67.5
27.5 9.5
27.5 19.5
27.5 20.5
27.5 35.5
27.5 39.5
27.5 40.5
27.5 56.5
27.5 57.5
28.5 10.5
28.5 41.5
28.5 42.5
28.5 58.5
28.5 59.5
29.5 12.5
29.5 25.5
29.5 26.5
29.5 27.5
29.5 28.5
29.5 43.5
29.5 44.5
29.5 60.5
29.5 61.5
30.5 13.5
30.5 29.5
30.5 30.5
30.5 31.5
30.5 32.5
30.5 46.5
32.5 16.5
33.5 47.5
33.5 62.5
34.5 14.5
34.5 31.5
34.5 45.5
34.5 46.5
34.5 60.5
34.5 61.5
35.5 15.5
35.5 29.5
35.5 30.5
35.5 44.5
35.5 58.5
35.5 59.5
36.5 17.5
36.5 26.5
36.5 27.5
36.5 43.5
36.5 57.5
36.5 66.5
37.5 18.5
37.5 24.5
37.5 25.5
37.5 41.5
37.5 42.5
37.5 53.5
37.5 55.5
37.5 65.5
38.5 9.5
38.5 20.5
38.5 22.5
38.5 36.5
38.5 40.5
38.5 51.5
38.5 52.5
38.5 64.5
39.5 11.5
39.5 12.5
39.5 34.5
39.5 35.5
39.5 39.5
39.5 49.5
39.5 50.5
39.5 62.5
40.5 13.5
40.5 14.5
40.5 32.5
40.5 33.5
40.5 47.5
40.5 48.5
40.5 61.5
41.5 16.5
41.5 30.5
41.5 31.5
41.5 46.5
42.5 28.5
42.5 44.5
43.5 61.5
44.5 62.5
45.5 14.5
45.5 15.5
45.5 63.5
45.5 64.5
46.5 12.5
46.5 13.5
46.5 30.5
46.5 31.5
46.5 32.5
46.5 45.5
46.5 46.5
46.5 47.5
46.5 48.5
46.5 65.5
47.5 10.5
47.5 11.5
47.5 26.5
47.5 27.5
47.5 28.5
47.5 29.5
47.5 50.5
47.5 51.5
47.5 52.5
47.5 53.5
47.5 55.5
47.5 66.5
48.5 8.5
48.5 22.5
48.5 57.5
48.5 67.5
49.5 19.5
49.5 20.5
49.5 35.5
49.5 39.5
49.5 40.5
49.5 58.5
49.5 59.5
50.5 16.5
50.5 17.5
50.5 18.5
50.5 33.5
50.5 42.5
50.5 43.5
50.5 44.5
50.5 60.5
50.5 61.5
51.5 14.5
51.5 15.5
51.5 31.5
51.5 46.5
51.5 47.5
51.5 63.5
54.5 47.5
55.5 31.5
55.5 44.5
55.5 45.5
55.5 61.5
55.5 62.5
56.5 14.5
56.5 15.5
56.5 33.5
56.5 42.5
56.5 43.5
56.5 63.5
57.5 16.5
57.5 17.5
57.5 18.5
57.5 34.5
57.5 35.5
57.5 40.5
57.5 64.5
57.5 65.5
58.5 7.5
58.5 19.5
58.5 20.5
58.5 21.5
58.5 36.5
58.5 51.5
58.5 52.5
58.5 55.5
58.5 66.5
58.5 67.5
59.5 9.5
59.5 24.5
59.5 25.5
59.5 49.5
59.5 50.5
59.5 56.5
59.5 57.5
60.5 11.5
60.5 27.5
60.5 28.5
60.5 29.5
60.5 47.5
60.5 48.5
60.5 58.5
60.5 59.5
61.5 13.5
61.5 30.5
61.5 31.5
61.5 32.5
61.5 45.5
61.5 60.5
61.5 61.5
62.5 15.5
62.5 62.5
