4.5 44.5
5.5 10.5
5.5 11.5
5.5 21.5
5.5 22.5
5.5 32.5
5.5 44.5
5.5 52.5
5.5 62.5
5.5 63.5
6.5 10.5
6.5 11.5
6.5 20.5
6.5 21.5
6.5 32.5
6.5 33.5
6.5 44.5
6.5 45.5
6.5 52.5
6.5 61.5
6.5 62.5
6.5 63.5
7.5 10.5
7.5 11.5
7.5 20.5
7.5 21.5
7.5 31.5
7.5 32.5
7.5 44.5
7.5 45.5
7.5 51.5
7.5 52.5
7.5 61.5
7.5 62.5
7.5 63.5
8.5 9.5
8.5 10.5
8.5 11.5
8.5 19.5
8.5 20.5
8.5 21.5
8.5 31.5
8.5 32.5
8.5 44.5
8.5 45.5
8.5 46.5
8.5 51.5
8.5 52.5
8.5 61.5
8.5 62.5
9.5 9.5
9.5 10.5
9.5 11.5
9.5 19.5
9.5 20.5
9.5 21.5
9.5 31.5
9.5 32.5
9.5 44.5
9.5 45.5
9.5 46.5
9.5 51.5
9.5 60.5
9.5 61.5
9.5 62.5
10.5 9.5
10.5 10.5
10.5 19.5
10.5 20.5
10.5 30.5
10.5 31.5
10.5 32.5
10.5 44.5
10.5 45.5
10.5 46.5
10.5 50.5
10.5 51.5
10.5 60.5
10.5 61.5
10.5 62.5
11.5 9.5
11.5 10.5
11.5 14.5
11.5 18.5
11.5 19.5
11.5 20.5
11.5 26.5
11.5 30.5
11.5 31.5
11.5 36.5
11.5 40.5
11.5 45.5
11.5 46.5
11.5 50.5
11.5 51.5
11.5 55.5
11.5 60.5
11.5 61.5
12.5 9.5
12.5 10.5
12.5 14.5
12.5 18.5
12.5 19.5
12.5 20.5
12.5 25.5
12.5 26.5
12.5 30.5
12.5 31.5
12.5 35.5
12.5 36.5
12.5 40.5
12.5 45.5
12.5 46.5
12.5 50.5
12.5 54.5
12.5 55.5
12.5 60.5
12.5 61.5
12.5 67.5
13.5 9.5
13.5 10.5
13.5 14.5
13.5 18.5
13.5 19.5
13.5 24.5
13.5 25.5
13.5 26.5
13.5 30.5
13.5 31.5
13.5 35.5
13.5 36.5
13.5 40.5
13.5 41.5
13.5 46.5
13.5 50.5
13.5 54.5
13.5 55.5
13.5 60.5
13.5 66.5
13.5 67.5
14.5 13.5
14.5 14.5
14.5 24.5
14.5 25.5
14.5 26.5
14.5 35.5
14.5 36.5
14.5 40.5
14.5 41.5
14.5 54.5
14.5 55.5
14.5 66.5
14.5 67.5
15.5 13.5
15.5 14.5
15.5 23.5
15.5 24.5
15.5 25.5
15.5 34.5
15.5 35.5
15.5 40.5
15.5 41.5
15.5 42.5
15.5 53.5
15.5 54.5
15.5 55.5
15.5 65.5
15.5 66.5
15.5 67.5
16.5 13.5
16.5 14.5
16.5 23.5
16.5 24.5
16.5 25.5
16.5 34.5
16.5 35.5
16.5 40.5
16.5 41.5
16.5 42.5
16.5 53.5
16.5 54.5
16.5 55.5
16.5 65.5
16.5 66.5
16.5 67.5
17.5 13.5
17.5 14.5
17.5 23.5
17.5 24.5
17.5 25.5
17.5 34.5
17.5 35.5
17.5 41.5
17.5 42.5
17.5 53.5
17.5 54.5
17.5 65.5
17.5 66.5
17.5 67.5
18.5 13.5
18.5 23.5
18.5 24.5
18.5 34.5
18.5 35.5
18.5 41.5
18.5 42.5
18.5 53.5
18.5 54.5
18.5 65.5
18.5 66.5
19.5 13.5
19.5 22.5
19.5 23.5
19.5 24.5
19.5 33.5
19.5 34.5
19.5 42.5
19.5 53.5
19.5 54.5
19.5 65.5
19.5 66.5
20.5 13.5
20.5 22.5
20.5 23.5
20.5 33.5
20.5 34.5
20.5 42.5
20.5 65.5
24.5 43.5
24.5 53.5
24.5 54.5
24.5 64.5
25.5 12.5
25.5 22.5
25.5 23.5
25.5 33.5
25.5 34.5
25.5 43.5
25.5 44.5
25.5 53.5
25.5 54.5
25.5 63.5
25.5 64.5
26.5 11.5
26.5 12.5
26.5 22.5
26.5 23.5
26.5 33.5
26.5 34.5
26.5 43.5
26.5 44.5
26.5 53.5
26.5 54.5
26.5 62.5
26.5 63.5
26.5 64.5
27.5 11.5
27.5 12.5
27.5 22.5
27.5 23.5
27.5 24.5
27.5 33.5
27.5 34.5
27.5 44.5
27.5 45.5
27.5 53.5
27.5 54.5
27.5 55.5
27.5 61.5
27.5 62.5
27.5 63.5
27.5 64.5
28.5 11.5
28.5 23.5
28.5 24.5
28.5 34.5
28.5 35.5
28.5 44.5
28.5 45.5
28.5 53.5
28.5 54.5
28.5 55.5
28.5 61.5
28.5 62.5
28.5 63.5
29.5 10.5
29.5 11.5
29.5 23.5
29.5 24.5
29.5 25.5
29.5 34.5
29.5 35.5
29.5 44.5
29.5 45.5
29.5 46.5
29.5 54.5
29.5 55.5
29.5 60.5
29.5 61.5
29.5 62.5
29.5 63.5
30.5 10.5
30.5 11.5
30.5 23.5
30.5 24.5
30.5 25.5
30.5 34.5
30.5 35.5
30.5 45.5
30.5 46.5
30.5 50.5
30.5 54.5
30.5 55.5
30.5 60.5
30.5 61.5
30.5 62.5
31.5 10.5
31.5 11.5
31.5 23.5
31.5 24.5
31.5 25.5
31.5 30.5
31.5 35.5
31.5 36.5
31.5 40.5
31.5 45.5
31.5 46.5
31.5 50.5
31.5 54.5
31.5 55.5
31.5 60.5
31.5 61.5
31.5 67.5
31.5 68.5
32.5 10.5
32.5 14.5
32.5 18.5
32.5 19.5
32.5 24.5
32.5 25.5
32.5 30.5
32.5 31.5
32.5 35.5
32.5 36.5
32.5 40.5
32.5 41.5
32.5 46.5
32.5 50.5
32.5 51.5
32.5 55.5
32.5 60.5
32.5 66.5
32.5 67.5
32.5 68.5
33.5 10.5
33.5 14.5
33.5 18.5
33.5 19.5
33.5 24.5
33.5 25.5
33.5 30.5
33.5 31.5
33.5 36.5
33.5 40.5
33.5 41.5
33.5 46.5
33.5 50.5
33.5 51.5
33.5 66.5
33.5 67.5
34.5 13.5
34.5 14.5
34.5 18.5
34.5 19.5
34.5 20.5
34.5 25.5
34.5 30.5
34.5 31.5
34.5 40.5
34.5 41.5
34.5 42.5
34.5 51.5
34.5 65.5
34.5 66.5
34.5 67.5
35.5 13.5
35.5 14.5
35.5 19.5
35.5 20.5
35.5 30.5
35.5 31.5
35.5 40.5
35.5 41.5
35.5 42.5
35.5 51.5
35.5 52.5
35.5 64.5
35.5 65.5
35.5 66.5
36.5 13.5
36.5 14.5
36.5 19.5
36.5 20.5
36.5 30.5
36.5 31.5
36.5 32.5
36.5 41.5
36.5 42.5
36.5 43.5
36.5 51.5
36.5 52.5
36.5 64.5
36.5 65.5
36.5 66.5
37.5 13.5
37.5 14.5
37.5 19.5
37.5 20.5
37.5 21.5
37.5 30.5
37.5 31.5
37.5 32.5
37.5 41.5
37.5 42.5
37.5 43.5
37.5 52.5
37.5 63.5
37.5 64.5
37.5 65.5
38.5 13.5
38.5 20.5
38.5 21.5
38.5 31.5
38.5 32.5
38.5 42.5
38.5 43.5
38.5 52.5
38.5 63.5
38.5 64.5
39.5 12.5
39.5 13.5
39.5 20.5
39.5 21.5
39.5 31.5
39.5 32.5
39.5 43.5
39.5 52.5
39.5 63.5
40.5 12.5
40.5 20.5
40.5 21.5
40.5 31.5
40.5 32.5
41.5 21.5
44.5 43.5
44.5 44.5
44.5 54.5
44.5 62.5
45.5 11.5
45.5 21.5
45.5 32.5
45.5 43.5
45.5 44.5
45.5 54.5
45.5 61.5
45.5 62.5
46.5 11.5
46.5 21.5
46.5 31.5
46.5 32.5
46.5 43.5
46.5 44.5
46.5 45.5
46.5 54.5
46.5 61.5
46.5 62.5
47.5 10.5
47.5 11.5
47.5 20.5
47.5 21.5
47.5 31.5
47.5 32.5
47.5 43.5
47.5 44.5
47.5 45.5
47.5 54.5
47.5 55.5
47.5 60.5
47.5 61.5
47.5 62.5
48.5 10.5
48.5 11.5
48.5 20.5
48.5 21.5
48.5 30.5
48.5 31.5
48.5 32.5
48.5 44.5
48.5 45.5
48.5 54.5
48.5 55.5
48.5 60.5
48.5 61.5
48.5 62.5
49.5 10.5
49.5 11.5
49.5 20.5
49.5 21.5
49.5 30.5
49.5 31.5
49.5 44.5
49.5 45.5
49.5 46.5
49.5 54.5
49.5 55.5
49.5 60.5
49.5 61.5
49.5 62.5
50.5 9.5
50.5 10.5
50.5 20.5
50.5 21.5
50.5 30.5
50.5 31.5
50.5 44.5
50.5 45.5
50.5 46.5
50.5 55.5
50.5 60.5
50.5 61.5
51.5 9.5
51.5 10.5
51.5 15.5
51.5 20.5
51.5 21.5
51.5 29.5
51.5 30.5
51.5 31.5
51.5 40.5
51.5 44.5
51.5 45.5
51.5 46.5
51.5 51.5
51.5 55.5
51.5 56.5
51.5 60.5
51.5 61.5
51.5 66.5
52.5 9.5
52.5 10.5
52.5 14.5
52.5 15.5
52.5 20.5
52.5 21.5
52.5 25.5
52.5 29.5
52.5 30.5
52.5 35.5
52.5 36.5
52.5 40.5
52.5 45.5
52.5 46.5
52.5 50.5
52.5 51.5
52.5 56.5
52.5 60.5
52.5 66.5
53.5 9.5
53.5 14.5
53.5 15.5
53.5 20.5
53.5 25.5
53.5 29.5
53.5 30.5
53.5 35.5
53.5 36.5
53.5 40.5
53.5 41.5
53.5 46.5
53.5 50.5
53.5 51.5
53.5 52.5
53.5 65.5
53.5 66.5
54.5 9.5
54.5 13.5
54.5 14.5
54.5 15.5
54.5 24.5
54.5 25.5
54.5 29.5
54.5 34.5
54.5 35.5
54.5 36.5
54.5 40.5
54.5 41.5
54.5 51.5
54.5 52.5
54.5 65.5
54.5 66.5
55.5 13.5
55.5 14.5
55.5 15.5
55.5 24.5
55.5 25.5
55.5 34.5
55.5 35.5
55.5 36.5
55.5 40.5
55.5 41.5
55.5 51.5
55.5 52.5
55.5 64.5
55.5 65.5
55.5 66.5
56.5 13.5
56.5 14.5
56.5 15.5
56.5 24.5
56.5 25.5
56.5 34.5
56.5 35.5
56.5 36.5
56.5 41.5
56.5 42.5
56.5 51.5
56.5 52.5
56.5 64.5
56.5 65.5
56.5 66.5
57.5 12.5
57.5 13.5
57.5 14.5
57.5 24.5
57.5 25.5
57.5 34.5
57.5 35.5
57.5 41.5
57.5 42.5
57.5 51.5
57.5 52.5
57.5 64.5
57.5 65.5
58.5 12.5
58.5 13.5
58.5 14.5
58.5 24.5
58.5 33.5
58.5 34.5
58.5 35.5
58.5 41.5
58.5 42.5
58.5 51.5
58.5 52.5
58.5 53.5
58.5 64.5
58.5 65.5
59.5 12.5
59.5 13.5
59.5 24.5
59.5 33.5
59.5 34.5
59.5 35.5
59.5 42.5
59.5 52.5
59.5 64.5
59.5 65.5
60.5 12.5
60.5 13.5
60.5 24.5
60.5 33.5
60.5 34.5
60.5 42.5
60.5 64.5
61.5 33.5
61.5 34.5
61.5 42.5
