3.5 53.5
3.5 64.5
4.5 10.5
4.5 11.5
4.5 43.5
4.5 53.5
4.5 54.5
4.5 64.5
4.5 65.5
5.5 9.5
5.5 10.5
5.5 20.5
5.5 32.5
5.5 33.5
5.5 43.5
5.5 44.5
5.5 54.5
5.5 55.5
5.5 65.5
5.5 66.5
6.5 8.5
6.5 20.5
6.5 31.5
6.5 32.5
6.5 44.5
6.5 55.5
6.5 56.5
6.5 66.5
7.5 19.5
7.5 29.5
7.5 30.5
7.5 31.5
7.5 44.5
7.5 56.5
7.5 57.5
7.5 61.5
7.5 67.5
8.5 14.5
8.5 19.5
8.5 29.5
8.5 44.5
8.5 49.5
8.5 62.5
9.5 13.5
9.5 14.5
9.5 24.5
9.5 25.5
9.5 35.5
9.5 36.5
9.5 40.5
9.5 49.5
9.5 50.5
9.5 51.5
9.5 62.5
9.5 63.5
10.5 12.5
10.5 13.5
10.5 23.5
10.5 24.5
10.5 35.5
10.5 40.5
10.5 41.5
10.5 50.5
10.5 51.5
10.5 63.5
11.5 22.5
11.5 23.5
11.5 34.5
11.5 35.5
11.5 41.5
11.5 51.5
11.5 52.5
11.5 63.5
12.5 22.5
12.5 34.5
12.5 41.5
12.5 52.5
12.5 53.5
13.5 33.5
13.5 41.5
15.5 11.5
15.5 64.5
16.5 10.5
16.5 11.5
16.5 23.5
16.5 64.5
16.5 65.5
17.5 10.5
17.5 11.5
17.5 23.5
17.5 24.5
17.5 31.5
17.5 32.5
17.5 42.5
17.5 53.5
17.5 54.5
17.5 65.5
18.5 10.5
18.5 24.5
18.5 25.5
18.5 30.5
18.5 31.5
18.5 43.5
18.5 54.5
18.5 55.5
18.5 56.5
18.5 65.5
19.5 10.5
19.5 25.5
19.5 30.5
19.5 44.5
19.5 56.5
19.5 60.5
19.5 65.5
19.5 66.5
20.5 9.5
20.5 10.5
20.5 19.5
20.5 45.5
20.5 48.5
20.5 49.5
20.5 60.5
20.5 61.5
20.5 66.5
21.5 14.5
21.5 19.5
21.5 20.5
21.5 35.5
21.5 39.5
21.5 49.5
21.5 50.5
21.5 61.5
22.5 14.5
22.5 20.5
22.5 34.5
22.5 39.5
22.5 40.5
22.5 50.5
22.5 51.5
22.5 61.5
22.5 62.5
23.5 13.5
23.5 14.5
23.5 20.5
23.5 21.5
23.5 33.5
23.5 34.5
23.5 40.5
23.5 41.5
23.5 52.5
23.5 62.5
24.5 13.5
24.5 20.5
24.5 21.5
24.5 32.5
24.5 33.5
24.5 41.5
24.5 63.5
25.5 13.5
25.5 21.5
26.5 12.5
27.5 53.5
28.5 31.5
28.5 42.5
28.5 53.5
28.5 62.5
29.5 22.5
29.5 23.5
29.5 30.5
29.5 31.5
29.5 41.5
29.5 53.5
29.5 54.5
29.5 61.5
29.5 62.5
30.5 23.5
30.5 30.5
30.5 40.5
30.5 41.5
30.5 54.5
30.5 55.5
30.5 60.5
30.5 61.5
31.5 10.5
31.5 11.5
31.5 23.5
31.5 24.5
31.5 30.5
31.5 40.5
31.5 45.5
31.5 55.5
31.5 60.5
32.5 10.5
32.5 23.5
32.5 24.5
32.5 29.5
32.5 30.5
32.5 45.5
32.5 49.5
32.5 60.5
33.5 9.5
33.5 24.5
33.5 29.5
33.5 35.5
33.5 44.5
33.5 45.5
33.5 50.5
33.5 65.5
34.5 14.5
34.5 18.5
34.5 34.5
34.5 35.5
34.5 44.5
34.5 50.5
34.5 51.5
34.5 64.5
34.5 65.5
35.5 13.5
35.5 18.5
35.5 19.5
35.5 33.5
35.5 34.5
35.5 44.5
35.5 51.5
35.5 63.5
35.5 64.5
36.5 12.5
36.5 13.5
36.5 19.5
36.5 20.5
36.5 32.5
36.5 33.5
36.5 52.5
36.5 63.5
37.5 12.5
37.5 21.5
40.5 33.5
40.5 42.5
40.5 62.5
41.5 11.5
41.5 21.5
41.5 33.5
41.5 34.5
41.5 41.5
41.5 42.5
41.5 53.5
41.5 61.5
41.5 62.5
42.5 10.5
42.5 21.5
42.5 33.5
42.5 34.5
42.5 35.5
42.5 41.5
42.5 54.5
42.5 60.5
42.5 61.5
43.5 10.5
43.5 20.5
43.5 21.5
43.5 34.5
43.5 35.5
43.5 40.5
43.5 54.5
43.5 55.5
43.5 60.5
44.5 9.5
44.5 20.5
44.5 35.5
44.5 40.5
44.5 55.5
44.5 66.5
45.5 9.5
45.5 15.5
45.5 20.5
45.5 29.5
45.5 45.5
45.5 50.5
45.5 65.5
45.5 66.5
46.5 14.5
46.5 15.5
46.5 25.5
46.5 30.5
46.5 44.5
46.5 45.5
46.5 50.5
46.5 51.5
46.5 65.5
46.5 66.5
47.5 13.5
47.5 14.5
47.5 25.5
47.5 30.5
47.5 31.5
47.5 43.5
47.5 44.5
47.5 51.5
47.5 52.5
47.5 64.5
47.5 65.5
48.5 13.5
48.5 14.5
48.5 24.5
48.5 31.5
48.5 43.5
48.5 52.5
48.5 64.5
48.5 65.5
49.5 13.5
49.5 24.5
49.5 32.5
49.5 42.5
49.5 64.5
53.5 33.5
53.5 34.5
53.5 42.5
53.5 53.5
53.5 63.5
54.5 12.5
54.5 13.5
54.5 24.5
54.5 34.5
54.5 35.5
54.5 41.5
54.5 54.5
54.5 62.5
54.5 63.5
55.5 11.5
55.5 12.5
55.5 24.5
55.5 35.5
55.5 40.5
55.5 41.5
55.5 54.5
55.5 55.5
55.5 61.5
55.5 62.5
56.5 10.5
56.5 11.5
56.5 12.5
56.5 24.5
56.5 36.5
56.5 55.5
56.5 61.5
56.5 62.5
57.5 10.5
57.5 11.5
57.5 29.5
57.5 30.5
57.5 45.5
57.5 49.5
57.5 55.5
57.5 60.5
57.5 61.5
58.5 20.5
58.5 29.5
58.5 30.5
58.5 31.5
58.5 32.5
58.5 44.5
58.5 45.5
58.5 50.5
58.5 60.5
59.5 15.5
59.5 20.5
59.5 31.5
59.5 32.5
59.5 33.5
59.5 44.5
59.5 50.5
59.5 51.5
59.5 66.5
60.5 14.5
60.5 20.5
60.5 44.5
60.5 51.5
60.5 52.5
60.5 65.5
61.5 14.5
61.5 20.5
61.5 52.5
61.5 64.5
61.5 65.5
62.5 13.5
62.5 20.5
62.5 64.5
