4.5 31.5
4.5 44.5
5.5 15.5
5.5 16.5
5.5 30.5
5.5 45.5
5.5 61.5
6.5 16.5
6.5 17.5
6.5 28.5
6.5 29.5
6.5 46.5
6.5 59.5
6.5 60.5
7.5 17.5
7.5 18.5
7.5 27.5
7.5 28.5
7.5 46.5
7.5 47.5
7.5 58.5
7.5 59.5
8.5 18.5
8.5 19.5
8.5 27.5
8.5 47.5
8.5 56.5
8.5 57.5
9.5 19.5
9.5 20.5
9.5 26.5
9.5 48.5
9.5 55.5
9.5 56.5
10.5 9.5
10.5 21.5
10.5 25.5
10.5 40.5
10.5 49.5
10.5 54.5
10.5 55.5
10.5 67.5
11.5 10.5
11.5 11.5
11.5 35.5
11.5 41.5
11.5 65.5
11.5 66.5
12.5 11.5
12.5 12.5
12.5 34.5
12.5 42.5
12.5 64.5
12.5 65.5
13.5 12.5
13.5 13.5
13.5 14.5
13.5 33.5
13.5 42.5
13.5 43.5
13.5 63.5
14.5 14.5
14.5 15.5
14.5 32.5
14.5 43.5
14.5 44.5
14.5 61.5
14.5 62.5
15.5 16.5
15.5 31.5
15.5 44.5
15.5 60.5
16.5 45.5
20.5 14.5
20.5 31.5
20.5 45.5
20.5 60.5
21.5 15.5
21.5 16.5
21.5 32.5
21.5 44.5
21.5 61.5
22.5 16.5
22.5 17.5
22.5 32.5
22.5 33.5
22.5 43.5
22.5 62.5
22.5 63.5
23.5 17.5
23.5 18.5
23.5 33.5
23.5 34.5
23.5 42.5
23.5 43.5
23.5 63.5
23.5 64.5
24.5 18.5
24.5 19.5
24.5 25.5
24.5 34.5
24.5 35.5
24.5 41.5
24.5 42.5
24.5 64.5
24.5 65.5
25.5 20.5
25.5 26.5
25.5 35.5
25.5 40.5
25.5 51.5
25.5 55.5
25.5 65.5
25.5 66.5
26.5 9.5
26.5 10.5
26.5 21.5
26.5 27.5
26.5 49.5
26.5 50.5
26.5 56.5
27.5 10.5
27.5 11.5
27.5 27.5
27.5 28.5
27.5 48.5
27.5 49.5
27.5 57.5
28.5 11.5
28.5 12.5
28.5 28.5
28.5 29.5
28.5 47.5
28.5 48.5
28.5 58.5
29.5 12.5
29.5 13.5
29.5 29.5
29.5 46.5
29.5 47.5
29.5 59.5
30.5 14.5
30.5 30.5
30.5 45.5
30.5 46.5
30.5 60.5
31.5 15.5
35.5 30.5
35.5 46.5
36.5 14.5
36.5 15.5
36.5 30.5
36.5 31.5
36.5 44.5
36.5 45.5
36.5 61.5
37.5 13.5
37.5 31.5
37.5 32.5
37.5 43.5
37.5 44.5
37.5 62.5
37.5 63.5
38.5 11.5
38.5 12.5
38.5 32.5
38.5 33.5
38.5 42.5
38.5 43.5
38.5 63.5
38.5 64.5
39.5 10.5
39.5 11.5
39.5 33.5
39.5 34.5
39.5 41.5
39.5 64.5
40.5 9.5
40.5 35.5
40.5 40.5
40.5 65.5
41.5 20.5
41.5 25.5
41.5 50.5
41.5 51.5
41.5 56.5
42.5 18.5
42.5 19.5
42.5 26.5
42.5 49.5
42.5 50.5
42.5 57.5
43.5 17.5
43.5 18.5
43.5 27.5
43.5 48.5
43.5 49.5
43.5 58.5
44.5 16.5
44.5 17.5
44.5 28.5
44.5 47.5
44.5 59.5
45.5 15.5
45.5 16.5
45.5 29.5
45.5 46.5
45.5 60.5
46.5 30.5
46.5 45.5
46.5 61.5
50.5 15.5
50.5 44.5
51.5 14.5
51.5 15.5
51.5 30.5
51.5 45.5
51.5 60.5
51.5 61.5
52.5 13.5
52.5 14.5
52.5 31.5
52.5 46.5
52.5 47.5
52.5 61.5
52.5 62.5
53.5 13.5
53.5 32.5
53.5 47.5
53.5 48.5
53.5 62.5
53.5 63.5
54.5 12.5
54.5 33.5
54.5 49.5
54.5 63.5
55.5 11.5
55.5 12.5
55.5 33.5
55.5 34.5
55.5 40.5
55.5 50.5
55.5 64.5
56.5 10.5
56.5 11.5
56.5 34.5
56.5 41.5
56.5 55.5
56.5 65.5
57.5 10.5
57.5 20.5
57.5 25.5
57.5 26.5
57.5 35.5
57.5 41.5
57.5 42.5
57.5 56.5
58.5 18.5
58.5 19.5
58.5 26.5
58.5 27.5
58.5 42.5
58.5 43.5
58.5 57.5
59.5 17.5
59.5 18.5
59.5 27.5
59.5 28.5
59.5 43.5
59.5 58.5
60.5 16.5
60.5 17.5
60.5 29.5
60.5 44.5
60.5 59.5
61.5 15.5
61.5 16.5
61.5 30.5
61.5 45.5
62.5 31.5
