3.5 59.5
4.5 15.5
4.5 30.5
4.5 46.5
4.5 47.5
4.5 60.5
5.5 16.5
5.5 30.5
5.5 31.5
5.5 45.5
5.5 46.5
5.5 61.5
6.5 16.5
6.5 17.5
6.5 31.5
6.5 32.5
6.5 44.5
6.5 45.5
6.5 62.5
7.5 17.5
7.5 32.5
7.5 33.5
7.5 43.5
7.5 44.5
7.5 63.5
8.5 18.5
8.5 33.5
8.5 34.5
8.5 43.5
8.5 54.5
8.5 64.5
9.5 18.5
9.5 24.5
9.5 34.5
9.5 35.5
9.5 42.5
9.5 55.5
9.5 65.5
10.5 10.5
10.5 19.5
10.5 25.5
10.5 35.5
10.5 36.5
10.5 41.5
10.5 51.5
10.5 56.5
10.5 66.5
11.5 11.5
11.5 20.5
11.5 26.5
11.5 37.5
11.5 40.5
11.5 50.5
11.5 57.5
12.5 11.5
12.5 12.5
12.5 20.5
12.5 27.5
12.5 39.5
12.5 49.5
12.5 58.5
13.5 12.5
13.5 13.5
13.5 21.5
13.5 27.5
13.5 28.5
13.5 48.5
13.5 59.5
14.5 13.5
14.5 14.5
14.5 28.5
14.5 29.5
14.5 47.5
14.5 48.5
14.5 60.5
15.5 14.5
15.5 15.5
15.5 29.5
15.5 30.5
15.5 46.5
15.5 47.5
15.5 61.5
16.5 15.5
16.5 16.5
16.5 30.5
16.5 31.5
16.5 46.5
16.5 62.5
17.5 31.5
17.5 45.5
17.5 63.5
18.5 32.5
18.5 44.5
19.5 44.5
19.5 59.5
20.5 16.5
20.5 28.5
20.5 45.5
20.5 60.5
20.5 61.5
21.5 15.5
21.5 29.5
21.5 30.5
21.5 46.5
21.5 61.5
21.5 62.5
22.5 13.5
22.5 14.5
22.5 31.5
22.5 47.5
22.5 48.5
22.5 62.5
22.5 63.5
23.5 12.5
23.5 13.5
23.5 32.5
23.5 33.5
23.5 48.5
23.5 49.5
23.5 64.5
23.5 65.5
24.5 11.5
24.5 33.5
24.5 34.5
24.5 39.5
24.5 49.5
24.5 50.5
24.5 54.5
24.5 65.5
24.5 66.5
25.5 9.5
25.5 10.5
25.5 22.5
25.5 23.5
25.5 35.5
25.5 36.5
25.5 40.5
25.5 51.5
25.5 55.5
25.5 67.5
26.5 8.5
26.5 9.5
26.5 20.5
26.5 21.5
26.5 24.5
26.5 25.5
26.5 37.5
26.5 41.5
26.5 42.5
26.5 52.5
26.5 56.5
26.5 57.5
27.5 19.5
27.5 26.5
27.5 42.5
27.5 43.5
27.5 57.5
27.5 58.5
28.5 17.5
28.5 18.5
28.5 27.5
28.5 43.5
28.5 44.5
28.5 59.5
29.5 16.5
29.5 28.5
29.5 29.5
29.5 45.5
29.5 46.5
29.5 60.5
30.5 14.5
30.5 15.5
30.5 29.5
30.5 30.5
30.5 46.5
30.5 47.5
30.5 62.5
31.5 13.5
31.5 31.5
33.5 28.5
33.5 43.5
33.5 61.5
34.5 13.5
34.5 29.5
34.5 44.5
34.5 60.5
35.5 14.5
35.5 30.5
35.5 45.5
35.5 46.5
35.5 59.5
35.5 60.5
36.5 15.5
36.5 30.5
36.5 31.5
36.5 46.5
36.5 47.5
36.5 58.5
36.5 59.5
37.5 16.5
37.5 17.5
37.5 31.5
37.5 32.5
37.5 47.5
37.5 48.5
37.5 57.5
37.5 58.5
38.5 8.5
38.5 17.5
38.5 18.5
38.5 32.5
38.5 33.5
38.5 38.5
38.5 49.5
38.5 56.5
38.5 57.5
38.5 66.5
39.5 9.5
39.5 18.5
39.5 19.5
39.5 23.5
39.5 33.5
39.5 39.5
39.5 50.5
39.5 56.5
39.5 65.5
40.5 10.5
40.5 20.5
40.5 24.5
40.5 34.5
40.5 40.5
40.5 51.5
40.5 55.5
40.5 64.5
41.5 10.5
41.5 11.5
41.5 21.5
41.5 25.5
41.5 35.5
41.5 41.5
41.5 54.5
41.5 63.5
41.5 64.5
42.5 11.5
42.5 12.5
42.5 26.5
42.5 27.5
42.5 36.5
42.5 42.5
42.5 63.5
43.5 12.5
43.5 27.5
43.5 28.5
43.5 43.5
43.5 62.5
44.5 13.5
44.5 29.5
44.5 44.5
44.5 61.5
45.5 14.5
45.5 30.5
45.5 45.5
45.5 60.5
45.5 61.5
46.5 15.5
46.5 31.5
46.5 46.5
46.5 60.5
47.5 59.5
49.5 14.5
49.5 30.5
49.5 43.5
49.5 44.5
49.5 61.5
50.5 15.5
50.5 29.5
50.5 45.5
50.5 60.5
51.5 15.5
51.5 16.5
51.5 28.5
51.5 46.5
51.5 47.5
51.5 58.5
51.5 59.5
52.5 16.5
52.5 27.5
52.5 28.5
52.5 47.5
52.5 48.5
52.5 57.5
52.5 58.5
53.5 17.5
53.5 26.5
53.5 27.5
53.5 38.5
53.5 39.5
53.5 49.5
53.5 56.5
54.5 8.5
54.5 17.5
54.5 18.5
54.5 25.5
54.5 26.5
54.5 37.5
54.5 40.5
54.5 50.5
54.5 51.5
54.5 55.5
55.5 9.5
55.5 18.5
55.5 24.5
55.5 25.5
55.5 36.5
55.5 41.5
55.5 52.5
55.5 53.5
55.5 66.5
55.5 67.5
56.5 10.5
56.5 19.5
56.5 24.5
56.5 34.5
56.5 35.5
56.5 42.5
56.5 64.5
56.5 65.5
57.5 11.5
57.5 23.5
57.5 33.5
57.5 34.5
57.5 43.5
57.5 62.5
57.5 63.5
58.5 11.5
58.5 12.5
58.5 20.5
58.5 32.5
58.5 44.5
58.5 45.5
58.5 60.5
58.5 61.5
59.5 12.5
59.5 13.5
59.5 31.5
59.5 46.5
59.5 59.5
60.5 13.5
60.5 30.5
60.5 47.5
60.5 57.5
61.5 14.5
61.5 29.5
62.5 15.5
63.5 16.5
