3.5 53.5
3.5 63.5
3.5 64.5
4.5 31.5
4.5 44.5
4.5 53.5
4.5 54.5
4.5 55.5
4.5 62.5
4.5 63.5
5.5 12.5
5.5 13.5
5.5 22.5
5.5 23.5
5.5 31.5
5.5 32.5
5.5 33.5
5.5 34.5
5.5 44.5
5.5 45.5
5.5 54.5
5.5 55.5
5.5 56.5
5.5 61.5
5.5 62.5
5.5 63.5
6.5 10.5
6.5 11.5
6.5 12.5
6.5 23.5
6.5 24.5
6.5 33.5
6.5 34.5
6.5 35.5
6.5 36.5
6.5 44.5
6.5 45.5
6.5 55.5
6.5 56.5
6.5 60.5
6.5 61.5
6.5 62.5
7.5 8.5
7.5 9.5
7.5 10.5
7.5 11.5
7.5 24.5
7.5 25.5
7.5 28.5
7.5 29.5
7.5 35.5
7.5 36.5
7.5 45.5
7.5 46.5
7.5 49.5
7.5 50.5
7.5 56.5
7.5 57.5
7.5 60.5
7.5 61.5
7.5 67.5
8.5 8.5
8.5 9.5
8.5 19.5
8.5 29.5
8.5 30.5
8.5 39.5
8.5 40.5
8.5 46.5
8.5 50.5
8.5 51.5
8.5 66.5
8.5 67.5
9.5 15.5
9.5 16.5
9.5 19.5
9.5 20.5
9.5 21.5
9.5 30.5
9.5 31.5
9.5 40.5
9.5 41.5
9.5 46.5
9.5 50.5
9.5 51.5
9.5 52.5
9.5 65.5
9.5 66.5
10.5 13.5
10.5 14.5
10.5 15.5
10.5 20.5
10.5 21.5
10.5 22.5
10.5 31.5
10.5 41.5
10.5 42.5
10.5 51.5
10.5 52.5
10.5 53.5
10.5 64.5
10.5 65.5
11.5 12.5
11.5 13.5
11.5 14.5
11.5 22.5
11.5 23.5
11.5 42.5
11.5 43.5
11.5 52.5
11.5 53.5
11.5 54.5
11.5 64.5
12.5 54.5
13.5 31.5
14.5 12.5
14.5 23.5
14.5 30.5
14.5 31.5
14.5 63.5
14.5 64.5
15.5 12.5
15.5 13.5
15.5 23.5
15.5 24.5
15.5 30.5
15.5 40.5
15.5 41.5
15.5 42.5
15.5 43.5
15.5 53.5
15.5 54.5
15.5 55.5
15.5 62.5
15.5 63.5
16.5 13.5
16.5 14.5
16.5 15.5
16.5 23.5
16.5 24.5
16.5 25.5
16.5 29.5
16.5 30.5
16.5 38.5
16.5 39.5
16.5 40.5
16.5 41.5
16.5 42.5
16.5 54.5
16.5 55.5
16.5 56.5
16.5 57.5
16.5 61.5
16.5 62.5
17.5 7.5
17.5 14.5
17.5 15.5
17.5 16.5
17.5 24.5
17.5 25.5
17.5 28.5
17.5 29.5
17.5 34.5
17.5 35.5
17.5 38.5
17.5 39.5
17.5 57.5
17.5 58.5
17.5 60.5
17.5 66.5
17.5 67.5
18.5 7.5
18.5 8.5
18.5 9.5
18.5 16.5
18.5 19.5
18.5 20.5
18.5 25.5
18.5 28.5
18.5 33.5
18.5 34.5
18.5 35.5
18.5 46.5
18.5 47.5
18.5 49.5
18.5 50.5
18.5 51.5
18.5 65.5
18.5 66.5
18.5 67.5
19.5 9.5
19.5 10.5
19.5 11.5
19.5 20.5
19.5 21.5
19.5 32.5
19.5 33.5
19.5 34.5
19.5 44.5
19.5 45.5
19.5 46.5
19.5 50.5
19.5 51.5
19.5 52.5
19.5 53.5
19.5 64.5
19.5 65.5
19.5 66.5
20.5 10.5
20.5 11.5
20.5 12.5
20.5 21.5
20.5 31.5
20.5 32.5
20.5 33.5
20.5 43.5
20.5 44.5
20.5 52.5
20.5 53.5
20.5 54.5
20.5 63.5
20.5 64.5
21.5 12.5
21.5 13.5
21.5 21.5
21.5 22.5
21.5 31.5
22.5 22.5
23.5 43.5
23.5 53.5
23.5 63.5
23.5 64.5
24.5 11.5
24.5 12.5
24.5 13.5
24.5 22.5
24.5 31.5
24.5 32.5
24.5 33.5
24.5 41.5
24.5 42.5
24.5 53.5
24.5 54.5
24.5 55.5
24.5 62.5
24.5 63.5
25.5 9.5
25.5 10.5
25.5 11.5
25.5 12.5
25.5 22.5
25.5 23.5
25.5 32.5
25.5 33.5
25.5 34.5
25.5 40.5
25.5 41.5
25.5 54.5
25.5 55.5
25.5 61.5
25.5 62.5
26.5 8.5
26.5 9.5
26.5 10.5
26.5 11.5
26.5 23.5
26.5 24.5
26.5 34.5
26.5 35.5
26.5 36.5
26.5 39.5
26.5 40.5
26.5 54.5
26.5 55.5
26.5 56.5
26.5 60.5
26.5 61.5
27.5 7.5
27.5 8.5
27.5 9.5
27.5 10.5
27.5 24.5
27.5 28.5
27.5 36.5
27.5 38.5
27.5 39.5
27.5 46.5
27.5 47.5
27.5 50.5
27.5 56.5
27.5 59.5
27.5 60.5
28.5 7.5
28.5 16.5
28.5 19.5
28.5 20.5
28.5 24.5
28.5 25.5
28.5 28.5
28.5 29.5
28.5 30.5
28.5 44.5
28.5 45.5
28.5 46.5
28.5 47.5
28.5 51.5
28.5 65.5
28.5 66.5
28.5 67.5
28.5 68.5
29.5 14.5
29.5 15.5
29.5 16.5
29.5 19.5
29.5 20.5
29.5 25.5
29.5 29.5
29.5 30.5
29.5 31.5
29.5 43.5
29.5 44.5
29.5 45.5
29.5 46.5
29.5 51.5
29.5 52.5
29.5 64.5
29.5 65.5
29.5 66.5
29.5 67.5
30.5 13.5
30.5 14.5
30.5 15.5
30.5 20.5
30.5 21.5
30.5 30.5
30.5 31.5
30.5 32.5
30.5 42.5
30.5 43.5
30.5 44.5
30.5 52.5
30.5 63.5
30.5 64.5
30.5 65.5
30.5 66.5
31.5 12.5
31.5 13.5
31.5 14.5
31.5 20.5
31.5 21.5
31.5 32.5
31.5 53.5
31.5 62.5
31.5 63.5
31.5 64.5
32.5 12.5
32.5 13.5
32.5 21.5
32.5 22.5
33.5 22.5
33.5 32.5
33.5 53.5
34.5 31.5
34.5 32.5
34.5 42.5
34.5 43.5
34.5 44.5
34.5 54.5
35.5 12.5
35.5 13.5
35.5 22.5
35.5 30.5
35.5 31.5
35.5 41.5
35.5 42.5
35.5 43.5
35.5 54.5
35.5 62.5
35.5 63.5
35.5 64.5
36.5 10.5
36.5 11.5
36.5 12.5
36.5 21.5
36.5 22.5
36.5 29.5
36.5 30.5
36.5 36.5
36.5 40.5
36.5 41.5
36.5 42.5
36.5 54.5
36.5 55.5
36.5 60.5
36.5 61.5
36.5 62.5
36.5 63.5
36.5 64.5
37.5 8.5
37.5 9.5
37.5 10.5
37.5 11.5
37.5 20.5
37.5 21.5
37.5 28.5
37.5 29.5
37.5 35.5
37.5 36.5
37.5 39.5
37.5 40.5
37.5 41.5
37.5 50.5
37.5 55.5
37.5 56.5
37.5 59.5
37.5 60.5
37.5 61.5
37.5 62.5
38.5 8.5
38.5 20.5
38.5 25.5
38.5 28.5
38.5 34.5
38.5 35.5
38.5 46.5
38.5 47.5
38.5 50.5
38.5 51.5
38.5 56.5
38.5 59.5
38.5 60.5
38.5 68.5
39.5 14.5
39.5 15.5
39.5 16.5
39.5 17.5
39.5 19.5
39.5 24.5
39.5 25.5
39.5 33.5
39.5 34.5
39.5 35.5
39.5 45.5
39.5 46.5
39.5 51.5
39.5 52.5
39.5 66.5
39.5 67.5
40.5 12.5
40.5 13.5
40.5 14.5
40.5 15.5
40.5 23.5
40.5 24.5
40.5 32.5
40.5 33.5
40.5 34.5
40.5 44.5
40.5 45.5
40.5 51.5
40.5 52.5
40.5 53.5
40.5 64.5
40.5 65.5
40.5 66.5
41.5 12.5
41.5 23.5
41.5 32.5
41.5 33.5
41.5 43.5
41.5 44.5
41.5 52.5
41.5 53.5
41.5 63.5
41.5 64.5
42.5 43.5
42.5 53.5
44.5 12.5
44.5 13.5
44.5 23.5
44.5 32.5
44.5 33.5
44.5 43.5
44.5 63.5
45.5 13.5
45.5 14.5
45.5 15.5
45.5 24.5
45.5 32.5
45.5 33.5
45.5 34.5
45.5 44.5
45.5 45.5
45.5 52.5
45.5 53.5
45.5 63.5
45.5 64.5
45.5 65.5
46.5 14.5
46.5 15.5
46.5 16.5
46.5 24.5
46.5 25.5
46.5 33.5
46.5 34.5
46.5 35.5
46.5 45.5
46.5 46.5
46.5 50.5
46.5 51.5
46.5 52.5
46.5 64.5
46.5 65.5
47.5 9.5
47.5 15.5
47.5 16.5
47.5 20.5
47.5 25.5
47.5 28.5
47.5 34.5
47.5 35.5
47.5 47.5
47.5 49.5
47.5 50.5
47.5 65.5
47.5 66.5
48.5 9.5
48.5 10.5
48.5 16.5
48.5 17.5
48.5 20.5
48.5 21.5
48.5 25.5
48.5 26.5
48.5 29.5
48.5 35.5
48.5 36.5
48.5 39.5
48.5 40.5
48.5 41.5
48.5 42.5
48.5 55.5
48.5 56.5
48.5 60.5
48.5 66.5
49.5 10.5
49.5 11.5
49.5 20.5
49.5 21.5
49.5 26.5
49.5 29.5
49.5 30.5
49.5 39.5
49.5 40.5
49.5 41.5
49.5 42.5
49.5 43.5
49.5 54.5
49.5 55.5
49.5 56.5
49.5 60.5
49.5 61.5
50.5 11.5
50.5 12.5
50.5 21.5
50.5 22.5
50.5 30.5
50.5 31.5
50.5 41.5
50.5 42.5
50.5 43.5
50.5 44.5
50.5 53.5
50.5 54.5
50.5 55.5
50.5 61.5
50.5 62.5
51.5 12.5
51.5 13.5
51.5 22.5
51.5 23.5
51.5 31.5
51.5 32.5
51.5 53.5
51.5 61.5
51.5 62.5
52.5 13.5
52.5 23.5
52.5 32.5
52.5 62.5
52.5 63.5
53.5 53.5
54.5 13.5
54.5 23.5
54.5 42.5
54.5 43.5
54.5 44.5
54.5 52.5
54.5 53.5
54.5 63.5
55.5 12.5
55.5 13.5
55.5 21.5
55.5 22.5
55.5 23.5
55.5 31.5
55.5 32.5
55.5 42.5
55.5 43.5
55.5 44.5
55.5 45.5
55.5 51.5
55.5 52.5
55.5 53.5
55.5 62.5
56.5 11.5
56.5 12.5
56.5 20.5
56.5 21.5
56.5 22.5
56.5 30.5
56.5 31.5
56.5 44.5
56.5 45.5
56.5 46.5
56.5 51.5
56.5 52.5
56.5 61.5
56.5 62.5
57.5 11.5
57.5 12.5
57.5 19.5
57.5 20.5
57.5 21.5
57.5 27.5
57.5 29.5
57.5 30.5
57.5 45.5
57.5 46.5
57.5 47.5
57.5 50.5
57.5 51.5
57.5 61.5
57.5 62.5
58.5 10.5
58.5 11.5
58.5 16.5
58.5 19.5
58.5 25.5
58.5 26.5
58.5 35.5
58.5 36.5
58.5 39.5
58.5 50.5
58.5 57.5
58.5 60.5
58.5 61.5
58.5 66.5
59.5 10.5
59.5 15.5
59.5 16.5
59.5 24.5
59.5 25.5
59.5 34.5
59.5 35.5
59.5 36.5
59.5 39.5
59.5 40.5
59.5 41.5
59.5 55.5
59.5 56.5
59.5 57.5
59.5 60.5
59.5 65.5
59.5 66.5
60.5 14.5
60.5 15.5
60.5 23.5
60.5 24.5
60.5 33.5
60.5 34.5
60.5 35.5
60.5 40.5
60.5 41.5
60.5 42.5
60.5 54.5
60.5 55.5
60.5 56.5
60.5 65.5
60.5 66.5
61.5 14.5
61.5 33.5
61.5 42.5
61.5 43.5
61.5 53.5
61.5 54.5
61.5 55.5
61.5 64.5
61.5 65.5
61.5 66.5
62.5 13.5
62.5 43.5
62.5 53.5
62.5 64.5
62.5 65.5
63.5 64.5
63.5 65.5
