2.5 22.5
3.5 13.5
3.5 21.5
3.5 22.5
3.5 31.5
3.5 41.5
3.5 42.5
4.5 13.5
4.5 21.5
4.5 22.5
4.5 31.5
4.5 32.5
4.5 41.5
4.5 42.5
4.5 52.5
4.5 53.5
5.5 13.5
5.5 14.5
5.5 21.5
5.5 22.5
5.5 31.5
5.5 32.5
5.5 41.5
5.5 42.5
5.5 43.5
5.5 51.5
5.5 52.5
5.5 53.5
5.5 64.5
6.5 14.5
6.5 21.5
6.5 22.5
6.5 30.5
6.5 31.5
6.5 42.5
6.5 43.5
6.5 44.5
6.5 51.5
6.5 52.5
6.5 53.5
6.5 64.5
6.5 65.5
7.5 14.5
7.5 15.5
7.5 20.5
7.5 21.5
7.5 22.5
7.5 30.5
7.5 31.5
7.5 42.5
7.5 43.5
7.5 44.5
7.5 50.5
7.5 51.5
7.5 52.5
7.5 53.5
7.5 64.5
7.5 65.5
8.5 14.5
8.5 15.5
8.5 20.5
8.5 21.5
8.5 22.5
8.5 30.5
8.5 31.5
8.5 42.5
8.5 43.5
8.5 44.5
8.5 50.5
8.5 51.5
8.5 52.5
8.5 64.5
8.5 65.5
8.5 66.5
9.5 14.5
9.5 15.5
9.5 20.5
9.5 21.5
9.5 22.5
9.5 30.5
9.5 31.5
9.5 43.5
9.5 44.5
9.5 45.5
9.5 50.5
9.5 51.5
9.5 52.5
9.5 64.5
9.5 65.5
9.5 66.5
10.5 10.5
10.5 15.5
10.5 16.5
10.5 20.5
10.5 21.5
10.5 22.5
10.5 26.5
10.5 29.5
10.5 30.5
10.5 31.5
10.5 35.5
10.5 38.5
10.5 43.5
10.5 44.5
10.5 45.5
10.5 50.5
10.5 51.5
10.5 52.5
10.5 64.5
10.5 65.5
10.5 66.5
11.5 10.5
11.5 11.5
11.5 15.5
11.5 16.5
11.5 20.5
11.5 21.5
11.5 22.5
11.5 26.5
11.5 29.5
11.5 30.5
11.5 31.5
11.5 34.5
11.5 35.5
11.5 38.5
11.5 39.5
11.5 43.5
11.5 44.5
11.5 45.5
11.5 49.5
11.5 50.5
11.5 51.5
11.5 52.5
11.5 57.5
11.5 60.5
11.5 65.5
11.5 66.5
11.5 67.5
12.5 10.5
12.5 11.5
12.5 15.5
12.5 16.5
12.5 20.5
12.5 21.5
12.5 22.5
12.5 25.5
12.5 26.5
12.5 29.5
12.5 30.5
12.5 34.5
12.5 35.5
12.5 38.5
12.5 39.5
12.5 40.5
12.5 44.5
12.5 45.5
12.5 49.5
12.5 50.5
12.5 51.5
12.5 56.5
12.5 57.5
12.5 60.5
12.5 61.5
12.5 65.5
12.5 66.5
12.5 67.5
13.5 10.5
13.5 11.5
13.5 12.5
13.5 16.5
13.5 17.5
13.5 20.5
13.5 21.5
13.5 25.5
13.5 26.5
13.5 29.5
13.5 30.5
13.5 34.5
13.5 35.5
13.5 39.5
13.5 40.5
13.5 45.5
13.5 46.5
13.5 49.5
13.5 50.5
13.5 51.5
13.5 55.5
13.5 56.5
13.5 57.5
13.5 60.5
13.5 61.5
13.5 65.5
13.5 66.5
13.5 67.5
14.5 10.5
14.5 11.5
14.5 12.5
14.5 16.5
14.5 17.5
14.5 20.5
14.5 21.5
14.5 25.5
14.5 26.5
14.5 29.5
14.5 30.5
14.5 33.5
14.5 34.5
14.5 35.5
14.5 39.5
14.5 40.5
14.5 41.5
14.5 45.5
14.5 49.5
14.5 50.5
14.5 55.5
14.5 56.5
14.5 60.5
14.5 61.5
14.5 62.5
14.5 66.5
14.5 67.5
15.5 10.5
15.5 11.5
15.5 12.5
15.5 13.5
15.5 17.5
15.5 20.5
15.5 21.5
15.5 25.5
15.5 26.5
15.5 29.5
15.5 33.5
15.5 34.5
15.5 35.5
15.5 39.5
15.5 40.5
15.5 41.5
15.5 54.5
15.5 55.5
15.5 56.5
15.5 60.5
15.5 61.5
15.5 62.5
15.5 66.5
15.5 67.5
16.5 10.5
16.5 11.5
16.5 12.5
16.5 13.5
16.5 24.5
16.5 25.5
16.5 26.5
16.5 33.5
16.5 34.5
16.5 35.5
16.5 40.5
16.5 41.5
16.5 42.5
16.5 54.5
16.5 55.5
16.5 56.5
16.5 61.5
16.5 62.5
16.5 67.5
17.5 11.5
17.5 12.5
17.5 13.5
17.5 24.5
17.5 25.5
17.5 33.5
17.5 34.5
17.5 40.5
17.5 41.5
17.5 42.5
17.5 54.5
17.5 55.5
17.5 61.5
17.5 62.5
17.5 63.5
18.5 11.5
18.5 12.5
18.5 13.5
18.5 24.5
18.5 25.5
18.5 33.5
18.5 34.5
18.5 41.5
18.5 42.5
18.5 53.5
18.5 54.5
18.5 55.5
18.5 61.5
18.5 62.5
18.5 63.5
19.5 11.5
19.5 12.5
19.5 13.5
19.5 14.5
19.5 24.5
19.5 25.5
19.5 33.5
19.5 34.5
19.5 41.5
19.5 42.5
19.5 53.5
19.5 54.5
19.5 55.5
19.5 62.5
19.5 63.5
20.5 12.5
20.5 13.5
20.5 14.5
20.5 24.5
20.5 25.5
20.5 33.5
20.5 34.5
20.5 42.5
20.5 43.5
20.5 53.5
20.5 54.5
20.5 62.5
20.5 63.5
21.5 12.5
21.5 13.5
21.5 14.5
21.5 24.5
21.5 33.5
21.5 43.5
21.5 53.5
21.5 62.5
21.5 63.5
22.5 13.5
22.5 14.5
22.5 24.5
22.5 63.5
23.5 43.5
23.5 53.5
24.5 33.5
24.5 43.5
24.5 44.5
24.5 52.5
24.5 53.5
24.5 63.5
25.5 13.5
25.5 14.5
25.5 24.5
25.5 32.5
25.5 33.5
25.5 43.5
25.5 44.5
25.5 52.5
25.5 53.5
25.5 62.5
25.5 63.5
26.5 12.5
26.5 13.5
26.5 14.5
26.5 24.5
26.5 25.5
26.5 32.5
26.5 33.5
26.5 43.5
26.5 44.5
26.5 51.5
26.5 52.5
26.5 53.5
26.5 62.5
26.5 63.5
27.5 11.5
27.5 12.5
27.5 13.5
27.5 24.5
27.5 25.5
27.5 31.5
27.5 32.5
27.5 33.5
27.5 43.5
27.5 44.5
27.5 45.5
27.5 51.5
27.5 52.5
27.5 62.5
27.5 63.5
28.5 11.5
28.5 12.5
28.5 13.5
28.5 24.5
28.5 25.5
28.5 31.5
28.5 32.5
28.5 43.5
28.5 44.5
28.5 45.5
28.5 50.5
28.5 51.5
28.5 52.5
28.5 61.5
28.5 62.5
28.5 63.5
29.5 10.5
29.5 11.5
29.5 12.5
29.5 13.5
29.5 24.5
29.5 25.5
29.5 26.5
29.5 31.5
29.5 32.5
29.5 43.5
29.5 44.5
29.5 45.5
29.5 50.5
29.5 51.5
29.5 52.5
29.5 61.5
29.5 62.5
29.5 63.5
30.5 10.5
30.5 11.5
30.5 12.5
30.5 13.5
30.5 25.5
30.5 26.5
30.5 30.5
30.5 31.5
30.5 32.5
30.5 36.5
30.5 44.5
30.5 45.5
30.5 50.5
30.5 51.5
30.5 52.5
30.5 61.5
30.5 62.5
30.5 63.5
31.5 9.5
31.5 10.5
31.5 11.5
31.5 12.5
31.5 25.5
31.5 26.5
31.5 30.5
31.5 31.5
31.5 32.5
31.5 36.5
31.5 39.5
31.5 40.5
31.5 44.5
31.5 45.5
31.5 46.5
31.5 50.5
31.5 51.5
31.5 56.5
31.5 57.5
31.5 61.5
31.5 62.5
31.5 66.5
32.5 9.5
32.5 10.5
32.5 11.5
32.5 12.5
32.5 16.5
32.5 17.5
32.5 20.5
32.5 21.5
32.5 25.5
32.5 26.5
32.5 30.5
32.5 31.5
32.5 35.5
32.5 36.5
32.5 39.5
32.5 40.5
32.5 44.5
32.5 45.5
32.5 46.5
32.5 49.5
32.5 50.5
32.5 51.5
32.5 55.5
32.5 56.5
32.5 57.5
32.5 60.5
32.5 61.5
32.5 62.5
32.5 66.5
33.5 9.5
33.5 10.5
33.5 11.5
33.5 16.5
33.5 20.5
33.5 21.5
33.5 22.5
33.5 26.5
33.5 30.5
33.5 31.5
33.5 35.5
33.5 36.5
33.5 39.5
33.5 40.5
33.5 41.5
33.5 45.5
33.5 46.5
33.5 49.5
33.5 50.5
33.5 51.5
33.5 55.5
33.5 56.5
33.5 57.5
33.5 60.5
33.5 61.5
33.5 62.5
33.5 65.5
33.5 66.5
34.5 9.5
34.5 10.5
34.5 15.5
34.5 16.5
34.5 20.5
34.5 21.5
34.5 22.5
34.5 26.5
34.5 27.5
34.5 30.5
34.5 34.5
34.5 35.5
34.5 36.5
34.5 40.5
34.5 41.5
34.5 45.5
34.5 46.5
34.5 49.5
34.5 50.5
34.5 55.5
34.5 56.5
34.5 57.5
34.5 60.5
34.5 61.5
34.5 65.5
34.5 66.5
35.5 9.5
35.5 10.5
35.5 14.5
35.5 15.5
35.5 16.5
35.5 20.5
35.5 21.5
35.5 22.5
35.5 26.5
35.5 27.5
35.5 30.5
35.5 34.5
35.5 35.5
35.5 36.5
35.5 40.5
35.5 41.5
35.5 46.5
35.5 49.5
35.5 54.5
35.5 55.5
35.5 56.5
35.5 65.5
35.5 66.5
36.5 14.5
36.5 15.5
36.5 20.5
36.5 21.5
36.5 22.5
36.5 34.5
36.5 35.5
36.5 40.5
36.5 41.5
36.5 42.5
36.5 54.5
36.5 55.5
36.5 56.5
36.5 64.5
36.5 65.5
36.5 66.5
37.5 13.5
37.5 14.5
37.5 15.5
37.5 20.5
37.5 21.5
37.5 22.5
37.5 34.5
37.5 35.5
37.5 40.5
37.5 41.5
37.5 42.5
37.5 54.5
37.5 55.5
37.5 56.5
37.5 64.5
37.5 65.5
38.5 13.5
38.5 14.5
38.5 20.5
38.5 21.5
38.5 22.5
38.5 23.5
38.5 33.5
38.5 34.5
38.5 35.5
38.5 40.5
38.5 41.5
38.5 42.5
38.5 53.5
38.5 54.5
38.5 55.5
38.5 64.5
38.5 65.5
39.5 13.5
39.5 14.5
39.5 20.5
39.5 21.5
39.5 22.5
39.5 23.5
39.5 33.5
39.5 34.5
39.5 35.5
39.5 41.5
39.5 42.5
39.5 53.5
39.5 54.5
39.5 55.5
39.5 64.5
39.5 65.5
40.5 12.5
40.5 13.5
40.5 21.5
40.5 22.5
40.5 23.5
40.5 33.5
40.5 34.5
40.5 41.5
40.5 42.5
40.5 53.5
40.5 54.5
40.5 64.5
41.5 12.5
41.5 13.5
41.5 21.5
41.5 22.5
41.5 33.5
41.5 34.5
41.5 42.5
41.5 53.5
41.5 54.5
41.5 64.5
42.5 12.5
42.5 21.5
42.5 22.5
42.5 33.5
42.5 42.5
44.5 22.5
44.5 33.5
44.5 53.5
44.5 54.5
44.5 63.5
45.5 11.5
45.5 22.5
45.5 23.5
45.5 32.5
45.5 33.5
45.5 42.5
45.5 43.5
45.5 53.5
45.5 54.5
45.5 55.5
45.5 62.5
45.5 63.5
46.5 10.5
46.5 11.5
46.5 22.5
46.5 23.5
46.5 24.5
46.5 32.5
46.5 33.5
46.5 42.5
46.5 43.5
46.5 53.5
46.5 54.5
46.5 55.5
46.5 62.5
46.5 63.5
47.5 10.5
47.5 11.5
47.5 22.5
47.5 23.5
47.5 24.5
47.5 31.5
47.5 32.5
47.5 33.5
47.5 41.5
47.5 42.5
47.5 53.5
47.5 54.5
47.5 55.5
47.5 62.5
47.5 63.5
48.5 10.5
48.5 11.5
48.5 22.5
48.5 23.5
48.5 24.5
48.5 25.5
48.5 31.5
48.5 32.5
48.5 41.5
48.5 42.5
48.5 54.5
48.5 55.5
48.5 56.5
48.5 61.5
48.5 62.5
48.5 63.5
49.5 9.5
49.5 10.5
49.5 11.5
49.5 23.5
49.5 24.5
49.5 25.5
49.5 30.5
49.5 31.5
49.5 32.5
49.5 40.5
49.5 41.5
49.5 42.5
49.5 54.5
49.5 55.5
49.5 56.5
49.5 61.5
49.5 62.5
50.5 9.5
50.5 10.5
50.5 11.5
50.5 23.5
50.5 24.5
50.5 25.5
50.5 26.5
50.5 30.5
50.5 31.5
50.5 32.5
50.5 40.5
50.5 41.5
50.5 42.5
50.5 54.5
50.5 55.5
50.5 56.5
50.5 61.5
50.5 62.5
51.5 9.5
51.5 10.5
51.5 15.5
51.5 18.5
51.5 19.5
51.5 24.5
51.5 25.5
51.5 26.5
51.5 30.5
51.5 31.5
51.5 36.5
51.5 40.5
51.5 41.5
51.5 46.5
51.5 50.5
51.5 54.5
51.5 55.5
51.5 56.5
51.5 57.5
51.5 61.5
51.5 62.5
51.5 66.5
52.5 9.5
52.5 10.5
52.5 14.5
52.5 15.5
52.5 18.5
52.5 19.5
52.5 24.5
52.5 25.5
52.5 26.5
52.5 30.5
52.5 31.5
52.5 35.5
52.5 36.5
52.5 40.5
52.5 41.5
52.5 45.5
52.5 46.5
52.5 50.5
52.5 51.5
52.5 55.5
52.5 56.5
52.5 57.5
52.5 60.5
52.5 61.5
52.5 65.5
52.5 66.5
53.5 9.5
53.5 10.5
53.5 13.5
53.5 14.5
53.5 15.5
53.5 19.5
53.5 20.5
53.5 25.5
53.5 26.5
53.5 30.5
53.5 31.5
53.5 34.5
53.5 35.5
53.5 36.5
53.5 39.5
53.5 40.5
53.5 41.5
53.5 45.5
53.5 46.5
53.5 50.5
53.5 51.5
53.5 55.5
53.5 56.5
53.5 57.5
53.5 60.5
53.5 61.5
53.5 65.5
53.5 66.5
54.5 9.5
54.5 13.5
54.5 14.5
54.5 15.5
54.5 19.5
54.5 20.5
54.5 21.5
54.5 26.5
54.5 30.5
54.5 34.5
54.5 35.5
54.5 36.5
54.5 39.5
54.5 40.5
54.5 44.5
54.5 45.5
54.5 46.5
54.5 50.5
54.5 51.5
54.5 56.5
54.5 57.5
54.5 60.5
54.5 61.5
54.5 64.5
54.5 65.5
54.5 66.5
55.5 13.5
55.5 14.5
55.5 15.5
55.5 19.5
55.5 20.5
55.5 21.5
55.5 34.5
55.5 35.5
55.5 36.5
55.5 39.5
55.5 40.5
55.5 44.5
55.5 45.5
55.5 46.5
55.5 50.5
55.5 51.5
55.5 52.5
55.5 57.5
55.5 60.5
55.5 64.5
55.5 65.5
55.5 66.5
56.5 13.5
56.5 14.5
56.5 15.5
56.5 20.5
56.5 21.5
56.5 22.5
56.5 34.5
56.5 35.5
56.5 44.5
56.5 45.5
56.5 46.5
56.5 50.5
56.5 51.5
56.5 52.5
56.5 64.5
56.5 65.5
56.5 66.5
57.5 13.5
57.5 14.5
57.5 15.5
57.5 20.5
57.5 21.5
57.5 22.5
57.5 33.5
57.5 34.5
57.5 35.5
57.5 44.5
57.5 45.5
57.5 50.5
57.5 51.5
57.5 52.5
57.5 64.5
57.5 65.5
58.5 12.5
58.5 13.5
58.5 14.5
58.5 21.5
58.5 22.5
58.5 33.5
58.5 34.5
58.5 35.5
58.5 43.5
58.5 44.5
58.5 45.5
58.5 51.5
58.5 52.5
58.5 53.5
58.5 63.5
58.5 64.5
58.5 65.5
59.5 12.5
59.5 13.5
59.5 14.5
59.5 21.5
59.5 22.5
59.5 23.5
59.5 33.5
59.5 34.5
59.5 43.5
59.5 44.5
59.5 45.5
59.5 51.5
59.5 52.5
59.5 53.5
59.5 63.5
59.5 64.5
59.5 65.5
60.5 12.5
60.5 13.5
60.5 14.5
60.5 22.5
60.5 23.5
60.5 33.5
60.5 34.5
60.5 43.5
60.5 44.5
60.5 45.5
60.5 51.5
60.5 52.5
60.5 53.5
60.5 63.5
60.5 64.5
60.5 65.5
61.5 13.5
61.5 23.5
61.5 33.5
61.5 43.5
61.5 44.5
61.5 52.5
61.5 53.5
61.5 63.5
61.5 64.5
62.5 43.5
62.5 44.5
62.5 52.5
62.5 53.5
62.5 63.5
62.5 64.5
63.5 43.5
63.5 53.5
