3.5 23.5
3.5 32.5
3.5 33.5
3.5 44.5
4.5 12.5
4.5 13.5
4.5 23.5
4.5 24.5
4.5 32.5
4.5 33.5
4.5 34.5
4.5 44.5
4.5 45.5
4.5 52.5
5.5 12.5
5.5 13.5
5.5 14.5
5.5 24.5
5.5 25.5
5.5 33.5
5.5 34.5
5.5 35.5
5.5 44.5
5.5 45.5
5.5 46.5
5.5 51.5
5.5 52.5
5.5 62.5
5.5 63.5
5.5 64.5
6.5 13.5
6.5 14.5
6.5 15.5
6.5 24.5
6.5 25.5
6.5 34.5
6.5 35.5
6.5 45.5
6.5 46.5
6.5 51.5
6.5 52.5
6.5 61.5
6.5 62.5
6.5 63.5
7.5 15.5
7.5 19.5
7.5 20.5
7.5 29.5
7.5 30.5
7.5 39.5
7.5 40.5
7.5 51.5
8.5 8.5
8.5 9.5
8.5 20.5
8.5 21.5
8.5 29.5
8.5 30.5
8.5 40.5
8.5 41.5
8.5 56.5
8.5 57.5
8.5 66.5
8.5 67.5
9.5 9.5
9.5 10.5
9.5 20.5
9.5 21.5
9.5 22.5
9.5 30.5
9.5 31.5
9.5 40.5
9.5 41.5
9.5 42.5
9.5 54.5
9.5 55.5
9.5 56.5
9.5 65.5
9.5 66.5
10.5 10.5
10.5 11.5
10.5 21.5
10.5 22.5
10.5 31.5
10.5 42.5
10.5 43.5
10.5 54.5
13.5 65.5
14.5 22.5
14.5 23.5
14.5 31.5
14.5 32.5
14.5 43.5
14.5 54.5
14.5 55.5
14.5 56.5
14.5 65.5
14.5 66.5
15.5 10.5
15.5 11.5
15.5 23.5
15.5 24.5
15.5 30.5
15.5 31.5
15.5 43.5
15.5 44.5
15.5 54.5
15.5 55.5
15.5 56.5
15.5 66.5
15.5 67.5
16.5 10.5
16.5 11.5
16.5 24.5
16.5 25.5
16.5 29.5
16.5 30.5
16.5 43.5
16.5 44.5
16.5 45.5
16.5 55.5
16.5 56.5
16.5 67.5
17.5 9.5
17.5 10.5
17.5 25.5
17.5 29.5
17.5 44.5
17.5 45.5
17.5 46.5
17.5 60.5
17.5 61.5
17.5 62.5
17.5 63.5
18.5 9.5
18.5 15.5
18.5 16.5
18.5 20.5
18.5 21.5
18.5 34.5
18.5 35.5
18.5 39.5
18.5 46.5
18.5 50.5
18.5 51.5
18.5 61.5
18.5 62.5
18.5 63.5
18.5 64.5
19.5 14.5
19.5 15.5
19.5 20.5
19.5 21.5
19.5 33.5
19.5 34.5
19.5 39.5
19.5 40.5
19.5 51.5
19.5 52.5
19.5 62.5
19.5 63.5
19.5 64.5
20.5 13.5
20.5 14.5
20.5 15.5
20.5 21.5
20.5 22.5
20.5 33.5
20.5 34.5
20.5 40.5
20.5 41.5
20.5 51.5
20.5 52.5
21.5 13.5
21.5 14.5
21.5 33.5
21.5 40.5
21.5 41.5
21.5 42.5
21.5 52.5
22.5 42.5
24.5 23.5
24.5 63.5
24.5 64.5
24.5 65.5
25.5 13.5
25.5 23.5
25.5 24.5
25.5 31.5
25.5 32.5
25.5 53.5
25.5 54.5
25.5 64.5
25.5 65.5
25.5 66.5
26.5 13.5
26.5 14.5
26.5 24.5
26.5 25.5
26.5 30.5
26.5 31.5
26.5 43.5
26.5 44.5
26.5 45.5
26.5 53.5
26.5 54.5
26.5 66.5
27.5 13.5
27.5 14.5
27.5 15.5
27.5 24.5
27.5 25.5
27.5 29.5
27.5 30.5
27.5 31.5
27.5 44.5
27.5 45.5
27.5 46.5
27.5 54.5
27.5 55.5
27.5 59.5
28.5 14.5
28.5 15.5
28.5 19.5
28.5 20.5
28.5 29.5
28.5 30.5
28.5 50.5
28.5 54.5
28.5 55.5
28.5 59.5
28.5 60.5
28.5 61.5
29.5 9.5
29.5 10.5
29.5 19.5
29.5 20.5
29.5 21.5
29.5 35.5
29.5 36.5
29.5 40.5
29.5 41.5
29.5 50.5
29.5 51.5
29.5 60.5
29.5 61.5
29.5 62.5
30.5 10.5
30.5 11.5
30.5 20.5
30.5 21.5
30.5 22.5
30.5 33.5
30.5 34.5
30.5 35.5
30.5 41.5
30.5 42.5
30.5 51.5
30.5 52.5
30.5 61.5
30.5 62.5
31.5 11.5
31.5 21.5
31.5 22.5
31.5 33.5
31.5 34.5
31.5 52.5
34.5 44.5
34.5 52.5
34.5 63.5
35.5 11.5
35.5 12.5
35.5 21.5
35.5 22.5
35.5 31.5
35.5 32.5
35.5 44.5
35.5 45.5
35.5 51.5
35.5 52.5
35.5 63.5
35.5 64.5
36.5 11.5
36.5 20.5
36.5 21.5
36.5 30.5
36.5 31.5
36.5 32.5
36.5 44.5
36.5 45.5
36.5 50.5
36.5 51.5
36.5 63.5
36.5 64.5
36.5 65.5
37.5 10.5
37.5 11.5
37.5 19.5
37.5 20.5
37.5 29.5
37.5 30.5
37.5 31.5
37.5 44.5
37.5 45.5
37.5 46.5
37.5 50.5
37.5 51.5
37.5 64.5
37.5 65.5
38.5 10.5
38.5 15.5
38.5 24.5
38.5 25.5
38.5 36.5
38.5 40.5
38.5 50.5
38.5 65.5
39.5 14.5
39.5 15.5
39.5 23.5
39.5 24.5
39.5 25.5
39.5 34.5
39.5 35.5
39.5 36.5
39.5 40.5
39.5 41.5
39.5 54.5
39.5 55.5
39.5 59.5
39.5 60.5
40.5 13.5
40.5 14.5
40.5 23.5
40.5 24.5
40.5 33.5
40.5 34.5
40.5 35.5
40.5 41.5
40.5 42.5
40.5 53.5
40.5 54.5
40.5 55.5
40.5 60.5
40.5 61.5
41.5 13.5
41.5 42.5
41.5 53.5
41.5 54.5
41.5 60.5
41.5 61.5
42.5 53.5
42.5 61.5
42.5 62.5
44.5 22.5
45.5 14.5
45.5 21.5
45.5 22.5
45.5 31.5
45.5 32.5
45.5 33.5
45.5 43.5
45.5 44.5
46.5 14.5
46.5 15.5
46.5 21.5
46.5 22.5
46.5 30.5
46.5 31.5
46.5 32.5
46.5 44.5
46.5 45.5
46.5 51.5
46.5 52.5
46.5 63.5
46.5 64.5
47.5 15.5
47.5 16.5
47.5 20.5
47.5 21.5
47.5 29.5
47.5 30.5
47.5 31.5
47.5 45.5
47.5 50.5
47.5 51.5
47.5 52.5
47.5 64.5
47.5 65.5
48.5 9.5
48.5 10.5
48.5 16.5
48.5 17.5
48.5 25.5
48.5 36.5
48.5 40.5
48.5 41.5
48.5 49.5
48.5 50.5
48.5 51.5
48.5 65.5
48.5 66.5
49.5 10.5
49.5 11.5
49.5 12.5
49.5 25.5
49.5 35.5
49.5 36.5
49.5 40.5
49.5 41.5
50.5 11.5
50.5 12.5
50.5 13.5
50.5 24.5
50.5 25.5
50.5 34.5
50.5 35.5
50.5 41.5
50.5 42.5
50.5 54.5
50.5 55.5
50.5 56.5
50.5 60.5
50.5 61.5
50.5 62.5
51.5 24.5
51.5 33.5
51.5 34.5
51.5 41.5
51.5 42.5
51.5 53.5
51.5 54.5
51.5 55.5
51.5 61.5
51.5 62.5
51.5 63.5
52.5 53.5
52.5 54.5
52.5 62.5
52.5 63.5
55.5 12.5
55.5 13.5
55.5 14.5
55.5 24.5
55.5 33.5
55.5 42.5
56.5 12.5
56.5 13.5
56.5 14.5
56.5 15.5
56.5 24.5
56.5 25.5
56.5 33.5
56.5 34.5
56.5 41.5
56.5 42.5
56.5 52.5
56.5 53.5
56.5 62.5
56.5 63.5
57.5 7.5
57.5 8.5
57.5 14.5
57.5 15.5
57.5 25.5
57.5 34.5
57.5 35.5
57.5 40.5
57.5 41.5
57.5 51.5
57.5 52.5
57.5 53.5
57.5 61.5
57.5 62.5
58.5 8.5
58.5 9.5
58.5 25.5
58.5 26.5
58.5 39.5
58.5 50.5
58.5 51.5
58.5 52.5
58.5 60.5
58.5 61.5
58.5 67.5
59.5 8.5
59.5 9.5
59.5 10.5
59.5 20.5
59.5 21.5
59.5 26.5
59.5 30.5
59.5 31.5
59.5 44.5
59.5 45.5
59.5 46.5
59.5 50.5
59.5 51.5
59.5 65.5
59.5 66.5
59.5 67.5
60.5 9.5
60.5 10.5
60.5 20.5
60.5 21.5
60.5 22.5
60.5 30.5
60.5 31.5
60.5 43.5
60.5 44.5
60.5 45.5
60.5 46.5
60.5 56.5
60.5 65.5
60.5 66.5
61.5 20.5
61.5 21.5
61.5 22.5
61.5 31.5
61.5 32.5
61.5 43.5
61.5 44.5
61.5 45.5
61.5 55.5
61.5 56.5
61.5 64.5
61.5 65.5
62.5 22.5
62.5 32.5
62.5 54.5
62.5 55.5
