2.5 42.5
3.5 11.5
3.5 23.5
3.5 33.5
3.5 42.5
3.5 53.5
3.5 63.5
4.5 11.5
4.5 23.5
4.5 34.5
4.5 42.5
4.5 53.5
5.5 22.5
5.5 34.5
5.5 41.5
5.5 52.5
5.5 64.5
6.5 10.5
6.5 21.5
6.5 22.5
6.5 35.5
6.5 41.5
6.5 51.5
6.5 64.5
7.5 10.5
7.5 21.5
7.5 35.5
7.5 41.5
7.5 51.5
7.5 65.5
8.5 10.5
8.5 15.5
8.5 20.5
8.5 21.5
8.5 41.5
8.5 46.5
8.5 50.5
8.5 56.5
8.5 60.5
8.5 65.5
9.5 20.5
9.5 27.5
9.5 30.5
9.5 36.5
9.5 41.5
9.5 50.5
9.5 56.5
9.5 60.5
9.5 66.5
10.5 9.5
10.5 14.5
10.5 19.5
10.5 20.5
10.5 30.5
10.5 45.5
10.5 49.5
10.5 55.5
10.5 60.5
10.5 66.5
11.5 9.5
11.5 14.5
11.5 19.5
11.5 26.5
11.5 31.5
11.5 37.5
11.5 45.5
11.5 55.5
11.5 61.5
12.5 9.5
12.5 14.5
12.5 25.5
12.5 31.5
12.5 32.5
12.5 54.5
12.5 55.5
12.5 61.5
13.5 14.5
13.5 25.5
13.5 32.5
13.5 44.5
13.5 54.5
13.5 61.5
14.5 13.5
14.5 24.5
14.5 32.5
14.5 44.5
14.5 54.5
14.5 62.5
15.5 13.5
15.5 23.5
15.5 33.5
15.5 53.5
15.5 62.5
16.5 13.5
16.5 23.5
16.5 33.5
16.5 43.5
16.5 53.5
16.5 62.5
17.5 22.5
17.5 34.5
17.5 43.5
19.5 22.5
19.5 33.5
19.5 44.5
19.5 52.5
20.5 13.5
20.5 22.5
20.5 33.5
20.5 44.5
20.5 52.5
20.5 63.5
21.5 13.5
21.5 21.5
21.5 34.5
21.5 52.5
21.5 62.5
22.5 14.5
22.5 21.5
22.5 34.5
22.5 45.5
22.5 51.5
22.5 62.5
23.5 14.5
23.5 20.5
23.5 34.5
23.5 35.5
23.5 45.5
23.5 51.5
23.5 61.5
23.5 66.5
24.5 14.5
24.5 20.5
24.5 25.5
24.5 28.5
24.5 35.5
24.5 41.5
24.5 46.5
24.5 51.5
24.5 61.5
24.5 66.5
25.5 10.5
25.5 15.5
25.5 19.5
25.5 25.5
25.5 29.5
25.5 35.5
25.5 36.5
25.5 41.5
25.5 46.5
25.5 50.5
25.5 56.5
25.5 60.5
26.5 10.5
26.5 15.5
26.5 19.5
26.5 24.5
26.5 29.5
26.5 36.5
26.5 41.5
26.5 50.5
26.5 56.5
26.5 65.5
27.5 18.5
27.5 24.5
27.5 30.5
27.5 36.5
27.5 42.5
27.5 50.5
27.5 55.5
27.5 59.5
27.5 65.5
28.5 11.5
28.5 23.5
28.5 30.5
28.5 42.5
28.5 55.5
28.5 65.5
29.5 11.5
29.5 23.5
29.5 31.5
29.5 42.5
29.5 54.5
29.5 64.5
30.5 12.5
30.5 22.5
30.5 31.5
30.5 42.5
30.5 43.5
30.5 54.5
30.5 64.5
31.5 12.5
31.5 22.5
31.5 32.5
31.5 43.5
31.5 53.5
31.5 64.5
32.5 43.5
32.5 63.5
33.5 12.5
33.5 53.5
33.5 63.5
34.5 22.5
34.5 33.5
34.5 43.5
34.5 53.5
34.5 62.5
35.5 13.5
35.5 21.5
35.5 32.5
35.5 43.5
36.5 13.5
36.5 21.5
36.5 32.5
36.5 44.5
36.5 54.5
36.5 63.5
37.5 13.5
37.5 20.5
37.5 31.5
37.5 44.5
37.5 54.5
37.5 64.5
38.5 14.5
38.5 20.5
38.5 31.5
38.5 45.5
38.5 54.5
38.5 64.5
39.5 14.5
39.5 19.5
39.5 26.5
39.5 30.5
39.5 39.5
39.5 45.5
39.5 50.5
39.5 54.5
39.5 59.5
39.5 65.5
40.5 10.5
40.5 14.5
40.5 19.5
40.5 25.5
40.5 30.5
40.5 36.5
40.5 46.5
40.5 50.5
40.5 59.5
40.5 65.5
41.5 10.5
41.5 18.5
41.5 24.5
41.5 25.5
41.5 29.5
41.5 35.5
41.5 40.5
41.5 46.5
41.5 50.5
41.5 60.5
41.5 66.5
42.5 10.5
42.5 15.5
42.5 24.5
42.5 35.5
42.5 40.5
42.5 41.5
42.5 47.5
42.5 60.5
43.5 11.5
43.5 23.5
43.5 34.5
43.5 41.5
43.5 51.5
43.5 60.5
43.5 61.5
44.5 11.5
44.5 23.5
44.5 34.5
44.5 41.5
44.5 42.5
44.5 51.5
44.5 61.5
45.5 11.5
45.5 22.5
45.5 33.5
45.5 42.5
45.5 51.5
45.5 61.5
46.5 33.5
46.5 43.5
47.5 12.5
47.5 21.5
47.5 43.5
49.5 12.5
49.5 22.5
49.5 43.5
49.5 52.5
49.5 61.5
50.5 12.5
50.5 21.5
50.5 32.5
50.5 43.5
50.5 61.5
51.5 13.5
51.5 20.5
51.5 21.5
51.5 31.5
51.5 32.5
51.5 42.5
51.5 53.5
51.5 60.5
51.5 61.5
52.5 13.5
52.5 20.5
52.5 31.5
52.5 42.5
52.5 60.5
53.5 13.5
53.5 19.5
53.5 26.5
53.5 30.5
53.5 41.5
53.5 54.5
53.5 59.5
53.5 60.5
53.5 66.5
54.5 14.5
54.5 18.5
54.5 19.5
54.5 25.5
54.5 30.5
54.5 36.5
54.5 41.5
54.5 46.5
54.5 50.5
54.5 59.5
54.5 66.5
55.5 10.5
55.5 14.5
55.5 18.5
55.5 25.5
55.5 29.5
55.5 36.5
55.5 40.5
55.5 46.5
55.5 50.5
55.5 55.5
55.5 59.5
55.5 65.5
55.5 66.5
56.5 10.5
56.5 17.5
56.5 24.5
56.5 29.5
56.5 35.5
56.5 45.5
56.5 51.5
56.5 65.5
57.5 10.5
57.5 23.5
57.5 34.5
57.5 35.5
57.5 39.5
57.5 45.5
57.5 51.5
57.5 65.5
58.5 11.5
58.5 23.5
58.5 34.5
58.5 45.5
58.5 51.5
58.5 65.5
59.5 11.5
59.5 22.5
59.5 33.5
59.5 44.5
59.5 51.5
59.5 52.5
59.5 64.5
59.5 65.5
60.5 11.5
60.5 33.5
60.5 44.5
60.5 52.5
60.5 64.5
61.5 21.5
61.5 32.5
61.5 43.5
61.5 52.5
61.5 64.5
62.5 12.5
62.5 43.5
62.5 64.5
