4.5 64.5
5.5 51.5
6.5 10.5
6.5 20.5
6.5 42.5
6.5 51.5
7.5 10.5
7.5 20.5
7.5 30.5
7.5 42.5
7.5 65.5
8.5 10.5
8.5 30.5
8.5 42.5
8.5 50.5
8.5 65.5
9.5 19.5
9.5 30.5
9.5 50.5
9.5 65.5
10.5 19.5
10.5 30.5
10.5 43.5
10.5 50.5
11.5 9.5
11.5 19.5
11.5 43.5
11.5 49.5
11.5 66.5
12.5 9.5
12.5 43.5
12.5 49.5
12.5 60.5
12.5 66.5
13.5 24.5
13.5 55.5
14.5 24.5
14.5 38.5
14.5 61.5
15.5 13.5
15.5 38.5
15.5 54.5
15.5 61.5
16.5 13.5
16.5 23.5
16.5 33.5
16.5 39.5
16.5 54.5
16.5 61.5
17.5 13.5
17.5 23.5
17.5 33.5
17.5 39.5
17.5 53.5
17.5 62.5
18.5 39.5
18.5 53.5
18.5 62.5
19.5 40.5
20.5 32.5
20.5 40.5
25.5 11.5
25.5 63.5
26.5 21.5
26.5 40.5
27.5 21.5
27.5 53.5
27.5 64.5
28.5 10.5
28.5 30.5
28.5 39.5
28.5 53.5
28.5 64.5
29.5 10.5
29.5 20.5
29.5 30.5
29.5 39.5
29.5 64.5
30.5 20.5
30.5 38.5
30.5 54.5
31.5 9.5
31.5 38.5
31.5 54.5
31.5 65.5
32.5 9.5
32.5 19.5
32.5 29.5
32.5 65.5
33.5 14.5
33.5 37.5
33.5 49.5
33.5 55.5
33.5 60.5
34.5 24.5
34.5 43.5
34.5 49.5
34.5 60.5
35.5 13.5
35.5 24.5
35.5 32.5
35.5 43.5
36.5 13.5
36.5 32.5
36.5 43.5
36.5 50.5
36.5 61.5
37.5 23.5
37.5 42.5
37.5 50.5
37.5 61.5
38.5 12.5
38.5 23.5
38.5 42.5
38.5 61.5
39.5 12.5
39.5 31.5
39.5 51.5
40.5 41.5
40.5 51.5
41.5 41.5
45.5 11.5
45.5 21.5
46.5 63.5
47.5 10.5
47.5 40.5
47.5 53.5
47.5 63.5
48.5 10.5
48.5 53.5
49.5 10.5
49.5 20.5
49.5 29.5
49.5 39.5
50.5 9.5
50.5 20.5
50.5 29.5
50.5 39.5
50.5 54.5
50.5 64.5
51.5 9.5
51.5 20.5
51.5 29.5
51.5 39.5
51.5 54.5
51.5 64.5
52.5 39.5
52.5 64.5
53.5 14.5
53.5 19.5
53.5 33.5
53.5 55.5
53.5 60.5
54.5 14.5
54.5 19.5
54.5 24.5
54.5 33.5
54.5 45.5
54.5 55.5
54.5 60.5
55.5 24.5
55.5 50.5
55.5 60.5
56.5 13.5
56.5 44.5
57.5 13.5
57.5 23.5
57.5 44.5
57.5 51.5
58.5 13.5
58.5 23.5
58.5 32.5
58.5 44.5
58.5 51.5
58.5 61.5
59.5 23.5
59.5 32.5
59.5 43.5
59.5 61.5
60.5 32.5
60.5 43.5
60.5 52.5
61.5 32.5
