2.5 28.5
2.5 36.5
2.5 64.5
3.5 16.5
3.5 26.5
3.5 37.5
3.5 38.5
3.5 50.5
3.5 62.5
4.5 14.5
4.5 25.5
4.5 31.5
4.5 39.5
4.5 48.5
4.5 61.5
5.5 12.5
5.5 30.5
5.5 40.5
5.5 47.5
5.5 59.5
5.5 67.5
6.5 9.5
6.5 10.5
6.5 22.5
6.5 29.5
6.5 33.5
6.5 42.5
6.5 45.5
6.5 56.5
6.5 58.5
6.5 66.5
7.5 7.5
7.5 8.5
7.5 19.5
7.5 28.5
7.5 34.5
7.5 43.5
7.5 44.5
7.5 53.5
7.5 54.5
7.5 56.5
7.5 65.5
8.5 17.5
8.5 19.5
8.5 27.5
8.5 35.5
8.5 42.5
8.5 51.5
8.5 52.5
8.5 64.5
9.5 14.5
9.5 15.5
9.5 36.5
9.5 49.5
9.5 62.5
10.5 12.5
10.5 26.5
10.5 37.5
10.5 46.5
10.5 47.5
10.5 61.5
11.5 9.5
11.5 25.5
11.5 38.5
11.5 60.5
12.5 24.5
12.5 27.5
12.5 39.5
12.5 52.5
12.5 59.5
12.5 61.5
13.5 11.5
13.5 12.5
13.5 26.5
13.5 35.5
13.5 50.5
13.5 62.5
14.5 13.5
14.5 14.5
14.5 25.5
14.5 37.5
14.5 48.5
14.5 49.5
15.5 15.5
15.5 16.5
15.5 24.5
15.5 39.5
15.5 47.5
15.5 55.5
15.5 63.5
16.5 6.5
16.5 17.5
16.5 18.5
16.5 22.5
16.5 41.5
16.5 45.5
16.5 54.5
16.5 56.5
16.5 64.5
17.5 8.5
17.5 19.5
17.5 21.5
17.5 42.5
17.5 43.5
17.5 44.5
17.5 53.5
17.5 57.5
17.5 65.5
18.5 10.5
18.5 20.5
18.5 21.5
18.5 29.5
18.5 30.5
18.5 31.5
18.5 42.5
18.5 52.5
18.5 58.5
18.5 66.5
19.5 11.5
19.5 12.5
19.5 26.5
19.5 33.5
19.5 34.5
19.5 35.5
19.5 51.5
19.5 59.5
19.5 67.5
20.5 13.5
20.5 25.5
20.5 36.5
20.5 37.5
20.5 38.5
20.5 50.5
20.5 60.5
21.5 15.5
21.5 24.5
21.5 41.5
21.5 49.5
21.5 61.5
22.5 23.5
22.5 50.5
22.5 62.5
23.5 11.5
23.5 22.5
23.5 25.5
23.5 40.5
23.5 63.5
24.5 13.5
24.5 24.5
24.5 38.5
24.5 57.5
24.5 58.5
25.5 6.5
25.5 15.5
25.5 36.5
25.5 45.5
25.5 48.5
25.5 60.5
26.5 7.5
26.5 16.5
26.5 17.5
26.5 21.5
26.5 34.5
26.5 44.5
26.5 47.5
26.5 62.5
27.5 8.5
27.5 18.5
27.5 20.5
27.5 31.5
27.5 32.5
27.5 42.5
27.5 46.5
27.5 64.5
27.5 65.5
28.5 10.5
28.5 19.5
28.5 20.5
28.5 28.5
28.5 29.5
28.5 30.5
28.5 41.5
28.5 54.5
28.5 55.5
28.5 66.5
28.5 67.5
29.5 11.5
29.5 25.5
29.5 26.5
29.5 28.5
29.5 39.5
29.5 40.5
29.5 45.5
29.5 53.5
29.5 57.5
30.5 12.5
30.5 23.5
30.5 38.5
30.5 44.5
30.5 51.5
30.5 52.5
30.5 58.5
30.5 59.5
31.5 13.5
31.5 37.5
31.5 50.5
31.5 60.5
32.5 10.5
32.5 27.5
32.5 35.5
32.5 49.5
32.5 61.5
32.5 62.5
33.5 11.5
33.5 26.5
33.5 34.5
33.5 48.5
33.5 63.5
34.5 12.5
34.5 24.5
34.5 35.5
34.5 58.5
35.5 13.5
35.5 22.5
35.5 23.5
35.5 38.5
35.5 51.5
35.5 52.5
35.5 60.5
35.5 61.5
36.5 7.5
36.5 14.5
36.5 15.5
36.5 21.5
36.5 40.5
36.5 41.5
36.5 47.5
36.5 48.5
36.5 62.5
36.5 63.5
37.5 8.5
37.5 16.5
37.5 20.5
37.5 29.5
37.5 43.5
37.5 44.5
37.5 64.5
37.5 65.5
38.5 9.5
38.5 17.5
38.5 18.5
38.5 28.5
38.5 30.5
38.5 31.5
38.5 32.5
38.5 56.5
38.5 67.5
39.5 10.5
39.5 17.5
39.5 18.5
39.5 26.5
39.5 33.5
39.5 34.5
39.5 35.5
39.5 36.5
39.5 52.5
39.5 53.5
39.5 56.5
39.5 57.5
40.5 11.5
40.5 25.5
40.5 38.5
40.5 39.5
40.5 48.5
40.5 49.5
40.5 59.5
40.5 60.5
41.5 12.5
41.5 24.5
41.5 62.5
41.5 63.5
42.5 10.5
42.5 13.5
42.5 22.5
43.5 11.5
43.5 21.5
43.5 32.5
43.5 50.5
43.5 64.5
44.5 12.5
44.5 25.5
44.5 34.5
44.5 35.5
44.5 48.5
44.5 61.5
44.5 62.5
45.5 23.5
45.5 37.5
45.5 38.5
45.5 39.5
45.5 46.5
45.5 47.5
45.5 59.5
46.5 15.5
46.5 22.5
46.5 40.5
46.5 41.5
46.5 45.5
46.5 57.5
46.5 67.5
47.5 6.5
47.5 16.5
47.5 20.5
47.5 29.5
47.5 43.5
47.5 44.5
47.5 53.5
47.5 55.5
47.5 65.5
48.5 8.5
48.5 17.5
48.5 19.5
48.5 28.5
48.5 31.5
48.5 51.5
48.5 63.5
49.5 10.5
49.5 17.5
49.5 18.5
49.5 26.5
49.5 33.5
49.5 49.5
49.5 61.5
50.5 12.5
50.5 25.5
50.5 35.5
50.5 47.5
50.5 59.5
51.5 14.5
51.5 23.5
51.5 37.5
51.5 38.5
51.5 47.5
51.5 60.5
52.5 22.5
52.5 48.5
52.5 61.5
53.5 9.5
53.5 22.5
53.5 33.5
53.5 48.5
53.5 49.5
54.5 10.5
54.5 11.5
54.5 24.5
54.5 35.5
54.5 49.5
54.5 50.5
54.5 62.5
55.5 12.5
55.5 25.5
55.5 37.5
55.5 42.5
55.5 50.5
55.5 55.5
55.5 63.5
56.5 13.5
56.5 14.5
56.5 27.5
56.5 29.5
56.5 39.5
56.5 43.5
56.5 51.5
56.5 56.5
56.5 64.5
57.5 15.5
57.5 18.5
57.5 28.5
57.5 31.5
57.5 41.5
57.5 44.5
57.5 52.5
57.5 57.5
57.5 64.5
58.5 6.5
58.5 16.5
58.5 20.5
58.5 32.5
58.5 33.5
58.5 43.5
58.5 45.5
58.5 53.5
58.5 57.5
58.5 65.5
59.5 8.5
59.5 18.5
59.5 21.5
59.5 22.5
59.5 31.5
59.5 34.5
59.5 46.5
59.5 54.5
59.5 58.5
59.5 66.5
60.5 9.5
60.5 10.5
60.5 19.5
60.5 23.5
60.5 24.5
60.5 36.5
60.5 47.5
60.5 59.5
61.5 11.5
61.5 25.5
61.5 38.5
61.5 48.5
61.5 60.5
61.5 67.5
62.5 13.5
62.5 27.5
62.5 40.5
62.5 49.5
62.5 60.5
63.5 50.5
63.5 61.5
