5.5 15.5
5.5 16.5
5.5 37.5
6.5 11.5
6.5 12.5
6.5 13.5
6.5 14.5
6.5 40.5
6.5 57.5
6.5 58.5
6.5 59.5
6.5 60.5
6.5 61.5
6.5 62.5
7.5 9.5
7.5 10.5
7.5 43.5
8.5 23.5
8.5 24.5
8.5 30.5
8.5 31.5
8.5 32.5
9.5 20.5
9.5 21.5
9.5 22.5
9.5 33.5
9.5 34.5
9.5 35.5
9.5 36.5
9.5 51.5
9.5 52.5
9.5 53.5
10.5 17.5
10.5 18.5
10.5 19.5
10.5 56.5
14.5 56.5
14.5 57.5
15.5 37.5
15.5 38.5
15.5 39.5
15.5 59.5
15.5 60.5
15.5 61.5
16.5 17.5
16.5 18.5
16.5 19.5
16.5 39.5
16.5 40.5
16.5 41.5
16.5 62.5
16.5 63.5
17.5 20.5
17.5 21.5
17.5 22.5
17.5 42.5
17.5 43.5
18.5 50.5
18.5 51.5
18.5 52.5
19.5 9.5
19.5 10.5
19.5 29.5
19.5 30.5
19.5 52.5
19.5 53.5
19.5 54.5
20.5 11.5
20.5 12.5
20.5 13.5
20.5 31.5
20.5 32.5
20.5 33.5
20.5 34.5
20.5 56.5
21.5 14.5
21.5 15.5
21.5 36.5
25.5 54.5
25.5 55.5
26.5 12.5
26.5 13.5
26.5 14.5
26.5 32.5
26.5 33.5
26.5 34.5
26.5 35.5
26.5 51.5
26.5 52.5
27.5 9.5
27.5 10.5
27.5 29.5
27.5 30.5
27.5 31.5
27.5 32.5
28.5 43.5
28.5 62.5
28.5 63.5
29.5 19.5
29.5 20.5
29.5 21.5
29.5 22.5
29.5 39.5
29.5 40.5
29.5 41.5
29.5 57.5
29.5 58.5
29.5 59.5
29.5 60.5
29.5 61.5
30.5 16.5
30.5 17.5
30.5 18.5
30.5 37.5
30.5 38.5
30.5 56.5
35.5 16.5
35.5 17.5
35.5 37.5
35.5 38.5
35.5 39.5
36.5 18.5
36.5 19.5
36.5 39.5
36.5 40.5
36.5 41.5
36.5 42.5
36.5 51.5
36.5 52.5
36.5 53.5
36.5 54.5
36.5 55.5
37.5 20.5
37.5 21.5
37.5 22.5
37.5 43.5
38.5 23.5
39.5 10.5
39.5 11.5
39.5 29.5
39.5 30.5
39.5 63.5
39.5 64.5
40.5 12.5
40.5 13.5
40.5 31.5
40.5 32.5
40.5 33.5
40.5 34.5
40.5 35.5
40.5 58.5
40.5 59.5
40.5 60.5
40.5 61.5
41.5 14.5
41.5 15.5
41.5 36.5
41.5 37.5
45.5 57.5
45.5 58.5
46.5 15.5
46.5 16.5
46.5 35.5
46.5 36.5
46.5 60.5
46.5 61.5
46.5 62.5
47.5 10.5
47.5 11.5
47.5 12.5
47.5 13.5
47.5 32.5
47.5 33.5
47.5 64.5
47.5 65.5
48.5 29.5
48.5 30.5
49.5 44.5
49.5 51.5
49.5 52.5
49.5 53.5
50.5 18.5
50.5 19.5
50.5 20.5
50.5 21.5
50.5 40.5
50.5 41.5
50.5 42.5
50.5 43.5
50.5 53.5
50.5 54.5
50.5 55.5
50.5 56.5
51.5 37.5
51.5 38.5
51.5 39.5
51.5 57.5
51.5 58.5
56.5 12.5
56.5 13.5
56.5 14.5
56.5 15.5
56.5 16.5
56.5 37.5
56.5 38.5
56.5 58.5
56.5 59.5
56.5 60.5
57.5 10.5
57.5 11.5
57.5 12.5
57.5 39.5
57.5 40.5
57.5 41.5
57.5 60.5
57.5 61.5
57.5 62.5
57.5 63.5
58.5 43.5
58.5 44.5
59.5 22.5
59.5 23.5
59.5 30.5
59.5 31.5
59.5 32.5
60.5 19.5
60.5 20.5
60.5 21.5
60.5 33.5
60.5 34.5
60.5 35.5
60.5 51.5
60.5 52.5
60.5 53.5
60.5 54.5
61.5 17.5
61.5 36.5
61.5 37.5
61.5 55.5
61.5 56.5
61.5 57.5
