3.5 49.5
4.5 12.5
4.5 24.5
4.5 36.5
4.5 50.5
5.5 11.5
5.5 25.5
5.5 37.5
5.5 38.5
5.5 50.5
5.5 51.5
5.5 60.5
5.5 61.5
6.5 10.5
6.5 11.5
6.5 26.5
6.5 37.5
6.5 38.5
6.5 39.5
6.5 51.5
6.5 52.5
6.5 59.5
6.5 60.5
6.5 61.5
7.5 9.5
7.5 10.5
7.5 26.5
7.5 27.5
7.5 38.5
7.5 39.5
7.5 52.5
7.5 53.5
7.5 58.5
7.5 59.5
8.5 8.5
8.5 16.5
8.5 21.5
8.5 39.5
8.5 40.5
8.5 45.5
9.5 15.5
9.5 16.5
9.5 21.5
9.5 22.5
9.5 32.5
9.5 33.5
9.5 45.5
9.5 46.5
10.5 14.5
10.5 15.5
10.5 22.5
10.5 33.5
10.5 34.5
10.5 46.5
10.5 47.5
10.5 48.5
10.5 64.5
10.5 65.5
11.5 13.5
11.5 14.5
11.5 22.5
11.5 23.5
11.5 34.5
11.5 35.5
11.5 47.5
11.5 48.5
11.5 63.5
12.5 13.5
12.5 23.5
12.5 35.5
12.5 36.5
12.5 49.5
12.5 62.5
16.5 62.5
17.5 12.5
17.5 13.5
17.5 25.5
17.5 26.5
17.5 34.5
17.5 35.5
17.5 49.5
17.5 50.5
17.5 62.5
17.5 63.5
18.5 13.5
18.5 14.5
18.5 15.5
18.5 26.5
18.5 33.5
18.5 34.5
18.5 35.5
18.5 50.5
18.5 51.5
18.5 52.5
18.5 63.5
19.5 15.5
19.5 16.5
19.5 27.5
19.5 32.5
19.5 33.5
19.5 52.5
19.5 53.5
19.5 64.5
20.5 20.5
20.5 28.5
20.5 57.5
20.5 58.5
21.5 8.5
21.5 9.5
21.5 21.5
21.5 22.5
21.5 39.5
21.5 44.5
21.5 45.5
21.5 58.5
21.5 59.5
22.5 9.5
22.5 10.5
22.5 22.5
22.5 23.5
22.5 38.5
22.5 39.5
22.5 44.5
22.5 45.5
22.5 46.5
22.5 59.5
23.5 10.5
23.5 11.5
23.5 24.5
23.5 37.5
23.5 38.5
23.5 46.5
23.5 47.5
23.5 60.5
24.5 11.5
24.5 12.5
24.5 37.5
24.5 47.5
24.5 48.5
28.5 12.5
28.5 23.5
28.5 24.5
28.5 48.5
28.5 59.5
28.5 60.5
29.5 12.5
29.5 13.5
29.5 22.5
29.5 23.5
29.5 35.5
29.5 46.5
29.5 47.5
29.5 58.5
29.5 59.5
30.5 13.5
30.5 14.5
30.5 21.5
30.5 22.5
30.5 34.5
30.5 35.5
30.5 45.5
30.5 46.5
30.5 57.5
30.5 58.5
31.5 14.5
31.5 15.5
31.5 20.5
31.5 21.5
31.5 33.5
31.5 34.5
31.5 44.5
31.5 45.5
31.5 52.5
31.5 57.5
32.5 16.5
32.5 28.5
32.5 33.5
32.5 51.5
32.5 52.5
33.5 8.5
33.5 9.5
33.5 27.5
33.5 28.5
33.5 39.5
33.5 40.5
33.5 50.5
33.5 51.5
33.5 63.5
33.5 64.5
34.5 9.5
34.5 10.5
34.5 26.5
34.5 27.5
34.5 38.5
34.5 39.5
34.5 50.5
34.5 51.5
34.5 63.5
34.5 64.5
35.5 11.5
35.5 25.5
35.5 26.5
35.5 37.5
35.5 38.5
35.5 49.5
35.5 50.5
35.5 62.5
35.5 63.5
36.5 12.5
36.5 24.5
36.5 25.5
36.5 36.5
36.5 37.5
36.5 49.5
36.5 61.5
36.5 62.5
37.5 61.5
40.5 12.5
40.5 24.5
40.5 37.5
40.5 48.5
41.5 11.5
41.5 23.5
41.5 24.5
41.5 37.5
41.5 38.5
41.5 39.5
41.5 47.5
41.5 48.5
42.5 10.5
42.5 11.5
42.5 22.5
42.5 23.5
42.5 38.5
42.5 39.5
42.5 40.5
42.5 46.5
42.5 47.5
42.5 59.5
42.5 60.5
43.5 9.5
43.5 10.5
43.5 21.5
43.5 22.5
43.5 39.5
43.5 40.5
43.5 46.5
43.5 58.5
43.5 59.5
43.5 60.5
44.5 16.5
44.5 21.5
44.5 41.5
44.5 45.5
44.5 57.5
44.5 58.5
44.5 59.5
45.5 15.5
45.5 16.5
45.5 28.5
45.5 51.5
45.5 52.5
45.5 57.5
46.5 14.5
46.5 15.5
46.5 27.5
46.5 28.5
46.5 34.5
46.5 51.5
46.5 65.5
47.5 13.5
47.5 14.5
47.5 27.5
47.5 28.5
47.5 34.5
47.5 35.5
47.5 50.5
47.5 51.5
47.5 63.5
47.5 64.5
48.5 13.5
48.5 26.5
48.5 27.5
48.5 35.5
48.5 36.5
48.5 49.5
48.5 50.5
48.5 62.5
48.5 63.5
49.5 26.5
49.5 27.5
49.5 35.5
49.5 36.5
49.5 49.5
49.5 61.5
49.5 62.5
50.5 26.5
50.5 36.5
50.5 60.5
52.5 13.5
53.5 13.5
53.5 14.5
53.5 48.5
54.5 14.5
54.5 15.5
54.5 25.5
54.5 38.5
54.5 47.5
54.5 60.5
54.5 61.5
55.5 14.5
55.5 15.5
55.5 26.5
55.5 27.5
55.5 38.5
55.5 39.5
55.5 46.5
55.5 47.5
55.5 61.5
55.5 62.5
56.5 15.5
56.5 16.5
56.5 27.5
56.5 28.5
56.5 39.5
56.5 40.5
56.5 45.5
56.5 46.5
56.5 62.5
56.5 63.5
57.5 9.5
57.5 16.5
57.5 21.5
57.5 28.5
57.5 29.5
57.5 39.5
57.5 40.5
57.5 45.5
57.5 64.5
58.5 9.5
58.5 10.5
58.5 21.5
58.5 22.5
58.5 51.5
58.5 52.5
58.5 56.5
58.5 57.5
59.5 10.5
59.5 11.5
59.5 22.5
59.5 23.5
59.5 33.5
59.5 34.5
59.5 50.5
59.5 51.5
59.5 57.5
59.5 58.5
60.5 11.5
60.5 23.5
60.5 34.5
60.5 35.5
60.5 49.5
60.5 50.5
60.5 58.5
60.5 59.5
61.5 11.5
61.5 12.5
61.5 24.5
61.5 36.5
61.5 48.5
61.5 49.5
61.5 60.5
