4.5 15.5
4.5 37.5
5.5 15.5
5.5 16.5
5.5 35.5
5.5 36.5
5.5 37.5
5.5 58.5
6.5 16.5
6.5 17.5
6.5 18.5
6.5 34.5
6.5 35.5
6.5 36.5
6.5 56.5
6.5 57.5
7.5 17.5
7.5 18.5
7.5 19.5
7.5 33.5
7.5 34.5
7.5 35.5
7.5 55.5
7.5 56.5
8.5 18.5
8.5 19.5
8.5 20.5
8.5 32.5
8.5 33.5
8.5 34.5
8.5 54.5
8.5 55.5
9.5 19.5
9.5 20.5
9.5 21.5
9.5 31.5
9.5 32.5
9.5 33.5
9.5 53.5
9.5 54.5
9.5 55.5
10.5 20.5
10.5 21.5
10.5 30.5
10.5 31.5
10.5 32.5
10.5 52.5
10.5 53.5
11.5 21.5
11.5 22.5
11.5 29.5
11.5 30.5
11.5 51.5
11.5 52.5
12.5 9.5
12.5 22.5
12.5 23.5
12.5 28.5
12.5 29.5
12.5 43.5
12.5 44.5
12.5 50.5
12.5 51.5
12.5 65.5
13.5 9.5
13.5 10.5
13.5 11.5
13.5 23.5
13.5 42.5
13.5 43.5
13.5 49.5
13.5 50.5
13.5 63.5
13.5 64.5
14.5 10.5
14.5 11.5
14.5 12.5
14.5 40.5
14.5 41.5
14.5 42.5
14.5 62.5
14.5 63.5
14.5 64.5
15.5 11.5
15.5 12.5
15.5 13.5
15.5 39.5
15.5 40.5
15.5 41.5
15.5 61.5
15.5 62.5
15.5 63.5
16.5 12.5
16.5 13.5
16.5 14.5
16.5 38.5
16.5 39.5
16.5 40.5
16.5 59.5
16.5 60.5
16.5 61.5
16.5 62.5
17.5 13.5
17.5 14.5
17.5 37.5
17.5 38.5
17.5 39.5
17.5 58.5
17.5 59.5
17.5 60.5
18.5 14.5
18.5 15.5
18.5 36.5
18.5 37.5
18.5 38.5
18.5 57.5
18.5 58.5
18.5 59.5
19.5 15.5
19.5 16.5
19.5 35.5
19.5 36.5
19.5 56.5
19.5 57.5
19.5 58.5
20.5 16.5
20.5 17.5
20.5 56.5
25.5 17.5
25.5 35.5
25.5 36.5
25.5 56.5
26.5 16.5
26.5 36.5
26.5 37.5
26.5 56.5
26.5 57.5
26.5 58.5
27.5 15.5
27.5 16.5
27.5 37.5
27.5 38.5
27.5 39.5
27.5 57.5
27.5 58.5
27.5 59.5
28.5 14.5
28.5 15.5
28.5 38.5
28.5 39.5
28.5 40.5
28.5 58.5
28.5 59.5
28.5 60.5
29.5 13.5
29.5 14.5
29.5 39.5
29.5 40.5
29.5 41.5
29.5 59.5
29.5 60.5
29.5 61.5
30.5 12.5
30.5 13.5
30.5 14.5
30.5 40.5
30.5 41.5
30.5 42.5
30.5 60.5
30.5 61.5
30.5 62.5
31.5 12.5
31.5 13.5
31.5 24.5
31.5 29.5
31.5 41.5
31.5 42.5
31.5 62.5
31.5 63.5
31.5 64.5
32.5 11.5
32.5 12.5
32.5 23.5
32.5 29.5
32.5 30.5
32.5 42.5
32.5 43.5
32.5 49.5
32.5 50.5
32.5 63.5
32.5 64.5
33.5 10.5
33.5 11.5
33.5 22.5
33.5 23.5
33.5 30.5
33.5 31.5
33.5 44.5
33.5 50.5
33.5 51.5
33.5 64.5
33.5 65.5
34.5 10.5
34.5 21.5
34.5 22.5
34.5 31.5
34.5 32.5
34.5 51.5
34.5 52.5
35.5 20.5
35.5 21.5
35.5 22.5
35.5 31.5
35.5 32.5
35.5 33.5
35.5 52.5
35.5 53.5
35.5 54.5
36.5 20.5
36.5 21.5
36.5 32.5
36.5 33.5
36.5 34.5
36.5 53.5
36.5 54.5
36.5 55.5
37.5 19.5
37.5 20.5
37.5 21.5
37.5 33.5
37.5 34.5
37.5 35.5
37.5 54.5
37.5 55.5
37.5 56.5
38.5 19.5
38.5 20.5
38.5 34.5
38.5 35.5
38.5 55.5
38.5 56.5
38.5 57.5
39.5 18.5
39.5 19.5
39.5 35.5
39.5 36.5
39.5 56.5
39.5 57.5
39.5 58.5
40.5 18.5
40.5 19.5
40.5 36.5
40.5 37.5
40.5 58.5
41.5 17.5
41.5 18.5
41.5 37.5
42.5 17.5
45.5 36.5
45.5 57.5
45.5 58.5
46.5 36.5
46.5 37.5
46.5 56.5
46.5 57.5
47.5 17.5
47.5 18.5
47.5 37.5
47.5 38.5
47.5 55.5
47.5 56.5
48.5 16.5
48.5 17.5
48.5 38.5
48.5 39.5
48.5 54.5
48.5 55.5
48.5 56.5
49.5 14.5
49.5 15.5
49.5 16.5
49.5 39.5
49.5 40.5
49.5 53.5
49.5 54.5
49.5 55.5
50.5 13.5
50.5 14.5
50.5 15.5
50.5 39.5
50.5 40.5
50.5 41.5
50.5 52.5
50.5 53.5
50.5 54.5
51.5 12.5
51.5 13.5
51.5 14.5
51.5 40.5
51.5 41.5
51.5 42.5
51.5 51.5
51.5 52.5
51.5 53.5
52.5 11.5
52.5 12.5
52.5 13.5
52.5 41.5
52.5 42.5
52.5 43.5
52.5 50.5
52.5 51.5
52.5 52.5
52.5 64.5
53.5 10.5
53.5 11.5
53.5 24.5
53.5 29.5
53.5 42.5
53.5 43.5
53.5 50.5
53.5 51.5
53.5 63.5
53.5 64.5
54.5 10.5
54.5 23.5
54.5 24.5
54.5 30.5
54.5 31.5
54.5 43.5
54.5 44.5
54.5 49.5
54.5 62.5
54.5 63.5
55.5 22.5
55.5 23.5
55.5 30.5
55.5 31.5
55.5 32.5
55.5 61.5
55.5 62.5
55.5 63.5
56.5 20.5
56.5 21.5
56.5 22.5
56.5 31.5
56.5 32.5
56.5 33.5
56.5 60.5
56.5 61.5
56.5 62.5
57.5 19.5
57.5 20.5
57.5 21.5
57.5 32.5
57.5 33.5
57.5 34.5
57.5 59.5
57.5 60.5
57.5 61.5
58.5 18.5
58.5 19.5
58.5 20.5
58.5 33.5
58.5 34.5
58.5 35.5
58.5 59.5
58.5 60.5
59.5 17.5
59.5 18.5
59.5 19.5
59.5 34.5
59.5 35.5
59.5 36.5
59.5 58.5
59.5 59.5
60.5 17.5
60.5 18.5
60.5 35.5
60.5 36.5
60.5 37.5
60.5 57.5
60.5 58.5
61.5 16.5
61.5 17.5
61.5 36.5
61.5 37.5
61.5 56.5
61.5 57.5
62.5 38.5
62.5 56.5
