5.5 58.5
6.5 44.5
6.5 45.5
6.5 46.5
6.5 57.5
6.5 58.5
7.5 11.5
7.5 12.5
7.5 26.5
7.5 27.5
7.5 44.5
7.5 45.5
7.5 46.5
7.5 47.5
7.5 56.5
7.5 57.5
7.5 58.5
8.5 10.5
8.5 11.5
8.5 12.5
8.5 25.5
8.5 26.5
8.5 27.5
8.5 44.5
8.5 45.5
8.5 46.5
8.5 47.5
8.5 48.5
8.5 56.5
8.5 57.5
9.5 10.5
9.5 11.5
9.5 12.5
9.5 25.5
9.5 26.5
9.5 27.5
9.5 45.5
9.5 46.5
9.5 47.5
9.5 48.5
9.5 55.5
9.5 56.5
9.5 57.5
10.5 9.5
10.5 10.5
10.5 11.5
10.5 12.5
10.5 24.5
10.5 25.5
10.5 26.5
10.5 45.5
10.5 46.5
10.5 47.5
10.5 48.5
10.5 49.5
10.5 55.5
10.5 56.5
11.5 9.5
11.5 10.5
11.5 11.5
11.5 24.5
11.5 25.5
11.5 26.5
11.5 47.5
11.5 48.5
11.5 49.5
11.5 55.5
12.5 9.5
12.5 10.5
12.5 11.5
12.5 23.5
12.5 24.5
12.5 25.5
12.5 61.5
12.5 62.5
12.5 63.5
13.5 9.5
13.5 10.5
13.5 23.5
13.5 24.5
13.5 25.5
13.5 31.5
13.5 32.5
13.5 38.5
13.5 39.5
13.5 40.5
13.5 61.5
13.5 62.5
13.5 63.5
14.5 9.5
14.5 17.5
14.5 18.5
14.5 30.5
14.5 31.5
14.5 32.5
14.5 38.5
14.5 39.5
14.5 40.5
14.5 41.5
14.5 60.5
14.5 61.5
14.5 62.5
14.5 63.5
15.5 16.5
15.5 17.5
15.5 18.5
15.5 30.5
15.5 31.5
15.5 32.5
15.5 38.5
15.5 39.5
15.5 40.5
15.5 41.5
15.5 42.5
15.5 60.5
15.5 61.5
15.5 62.5
15.5 63.5
16.5 15.5
16.5 16.5
16.5 17.5
16.5 29.5
16.5 30.5
16.5 31.5
16.5 32.5
16.5 39.5
16.5 40.5
16.5 41.5
16.5 42.5
16.5 60.5
16.5 61.5
16.5 62.5
16.5 63.5
17.5 14.5
17.5 15.5
17.5 16.5
17.5 17.5
17.5 29.5
17.5 30.5
17.5 31.5
17.5 40.5
17.5 41.5
17.5 42.5
17.5 43.5
17.5 60.5
17.5 61.5
17.5 62.5
18.5 14.5
18.5 15.5
18.5 16.5
18.5 29.5
18.5 30.5
18.5 31.5
18.5 40.5
18.5 41.5
18.5 42.5
18.5 43.5
18.5 60.5
18.5 61.5
18.5 62.5
19.5 14.5
19.5 15.5
19.5 16.5
19.5 29.5
19.5 30.5
19.5 42.5
19.5 43.5
19.5 60.5
19.5 61.5
20.5 14.5
20.5 15.5
20.5 29.5
26.5 44.5
26.5 45.5
26.5 46.5
26.5 57.5
26.5 58.5
27.5 14.5
27.5 15.5
27.5 26.5
27.5 27.5
27.5 28.5
27.5 44.5
27.5 45.5
27.5 46.5
27.5 47.5
27.5 56.5
27.5 57.5
27.5 58.5
27.5 59.5
28.5 14.5
28.5 15.5
28.5 16.5
28.5 26.5
28.5 27.5
28.5 28.5
28.5 44.5
28.5 45.5
28.5 46.5
28.5 47.5
28.5 56.5
28.5 57.5
28.5 58.5
28.5 59.5
29.5 14.5
29.5 15.5
29.5 16.5
29.5 17.5
29.5 25.5
29.5 26.5
29.5 27.5
29.5 45.5
29.5 46.5
29.5 47.5
29.5 48.5
29.5 55.5
29.5 56.5
29.5 57.5
29.5 58.5
30.5 14.5
30.5 15.5
30.5 16.5
30.5 17.5
30.5 24.5
30.5 25.5
30.5 26.5
30.5 27.5
30.5 45.5
30.5 46.5
30.5 47.5
30.5 48.5
30.5 55.5
30.5 56.5
30.5 57.5
30.5 58.5
31.5 15.5
31.5 16.5
31.5 17.5
31.5 18.5
31.5 24.5
31.5 25.5
31.5 26.5
31.5 46.5
31.5 47.5
31.5 48.5
31.5 55.5
31.5 56.5
31.5 57.5
32.5 16.5
32.5 17.5
32.5 18.5
32.5 24.5
32.5 25.5
32.5 26.5
32.5 47.5
32.5 48.5
32.5 55.5
32.5 56.5
32.5 57.5
33.5 8.5
33.5 9.5
33.5 17.5
33.5 18.5
33.5 24.5
33.5 25.5
33.5 32.5
33.5 33.5
33.5 39.5
33.5 40.5
33.5 55.5
34.5 8.5
34.5 9.5
34.5 10.5
34.5 31.5
34.5 32.5
34.5 33.5
34.5 39.5
34.5 40.5
34.5 41.5
34.5 63.5
34.5 64.5
35.5 8.5
35.5 9.5
35.5 10.5
35.5 11.5
35.5 30.5
35.5 31.5
35.5 32.5
35.5 33.5
35.5 40.5
35.5 41.5
35.5 42.5
35.5 62.5
35.5 63.5
35.5 64.5
36.5 9.5
36.5 10.5
36.5 11.5
36.5 12.5
36.5 30.5
36.5 31.5
36.5 32.5
36.5 33.5
36.5 40.5
36.5 41.5
36.5 42.5
36.5 43.5
36.5 61.5
36.5 62.5
36.5 63.5
36.5 64.5
37.5 9.5
37.5 10.5
37.5 11.5
37.5 12.5
37.5 29.5
37.5 30.5
37.5 31.5
37.5 32.5
37.5 41.5
37.5 42.5
37.5 43.5
37.5 60.5
37.5 61.5
37.5 62.5
37.5 63.5
38.5 10.5
38.5 11.5
38.5 12.5
38.5 13.5
38.5 29.5
38.5 30.5
38.5 31.5
38.5 32.5
38.5 42.5
38.5 43.5
38.5 44.5
38.5 60.5
38.5 61.5
38.5 62.5
38.5 63.5
39.5 11.5
39.5 12.5
39.5 13.5
39.5 29.5
39.5 30.5
39.5 31.5
39.5 43.5
39.5 44.5
39.5 60.5
39.5 61.5
39.5 62.5
40.5 60.5
40.5 61.5
46.5 11.5
46.5 12.5
46.5 29.5
46.5 30.5
46.5 45.5
46.5 46.5
46.5 58.5
47.5 10.5
47.5 11.5
47.5 12.5
47.5 29.5
47.5 30.5
47.5 31.5
47.5 45.5
47.5 46.5
47.5 47.5
47.5 57.5
47.5 58.5
47.5 59.5
48.5 9.5
48.5 10.5
48.5 11.5
48.5 12.5
48.5 29.5
48.5 30.5
48.5 31.5
48.5 32.5
48.5 45.5
48.5 46.5
48.5 47.5
48.5 48.5
48.5 56.5
48.5 57.5
48.5 58.5
48.5 59.5
49.5 9.5
49.5 10.5
49.5 11.5
49.5 12.5
49.5 29.5
49.5 30.5
49.5 31.5
49.5 32.5
49.5 46.5
49.5 47.5
49.5 48.5
49.5 55.5
49.5 56.5
49.5 57.5
49.5 58.5
50.5 8.5
50.5 9.5
50.5 10.5
50.5 11.5
50.5 30.5
50.5 31.5
50.5 32.5
50.5 33.5
50.5 46.5
50.5 47.5
50.5 48.5
50.5 55.5
50.5 56.5
50.5 57.5
50.5 58.5
51.5 8.5
51.5 9.5
51.5 10.5
51.5 11.5
51.5 30.5
51.5 31.5
51.5 32.5
51.5 33.5
51.5 47.5
51.5 48.5
51.5 49.5
51.5 55.5
51.5 56.5
51.5 57.5
52.5 8.5
52.5 9.5
52.5 10.5
52.5 31.5
52.5 32.5
52.5 33.5
52.5 48.5
52.5 49.5
52.5 55.5
52.5 56.5
53.5 17.5
53.5 18.5
53.5 24.5
53.5 32.5
53.5 33.5
53.5 39.5
53.5 40.5
53.5 41.5
53.5 55.5
53.5 63.5
54.5 16.5
54.5 17.5
54.5 18.5
54.5 24.5
54.5 25.5
54.5 39.5
54.5 40.5
54.5 41.5
54.5 42.5
54.5 62.5
54.5 63.5
54.5 64.5
55.5 15.5
55.5 16.5
55.5 17.5
55.5 18.5
55.5 24.5
55.5 25.5
55.5 26.5
55.5 39.5
55.5 40.5
55.5 41.5
55.5 42.5
55.5 61.5
55.5 62.5
55.5 63.5
55.5 64.5
56.5 15.5
56.5 16.5
56.5 17.5
56.5 18.5
56.5 24.5
56.5 25.5
56.5 26.5
56.5 40.5
56.5 41.5
56.5 42.5
56.5 43.5
56.5 61.5
56.5 62.5
56.5 63.5
57.5 14.5
57.5 15.5
57.5 16.5
57.5 17.5
57.5 25.5
57.5 26.5
57.5 27.5
57.5 40.5
57.5 41.5
57.5 42.5
57.5 43.5
57.5 60.5
57.5 61.5
57.5 62.5
57.5 63.5
58.5 14.5
58.5 15.5
58.5 16.5
58.5 17.5
58.5 25.5
58.5 26.5
58.5 27.5
58.5 41.5
58.5 42.5
58.5 43.5
58.5 60.5
58.5 61.5
58.5 62.5
59.5 14.5
59.5 15.5
59.5 16.5
59.5 26.5
59.5 27.5
59.5 41.5
59.5 42.5
59.5 43.5
59.5 60.5
59.5 61.5
60.5 14.5
60.5 15.5
60.5 26.5
60.5 27.5
60.5 28.5
60.5 43.5
60.5 60.5
61.5 27.5
