2.5 10.5
2.5 21.5
2.5 42.5
2.5 62.5
3.5 10.5
3.5 21.5
3.5 31.5
3.5 53.5
3.5 62.5
4.5 10.5
4.5 21.5
4.5 31.5
4.5 41.5
4.5 53.5
4.5 62.5
5.5 10.5
5.5 20.5
5.5 30.5
5.5 41.5
5.5 53.5
5.5 62.5
6.5 9.5
6.5 20.5
6.5 30.5
6.5 41.5
6.5 53.5
6.5 61.5
7.5 9.5
7.5 14.5
7.5 20.5
7.5 30.5
7.5 40.5
7.5 41.5
7.5 53.5
7.5 54.5
7.5 61.5
8.5 9.5
8.5 14.5
8.5 19.5
8.5 20.5
8.5 25.5
8.5 29.5
8.5 40.5
8.5 54.5
8.5 61.5
8.5 66.5
9.5 8.5
9.5 14.5
9.5 19.5
9.5 25.5
9.5 29.5
9.5 34.5
9.5 40.5
9.5 47.5
9.5 48.5
9.5 54.5
9.5 60.5
9.5 61.5
9.5 66.5
10.5 8.5
10.5 13.5
10.5 19.5
10.5 29.5
10.5 34.5
10.5 40.5
10.5 48.5
10.5 54.5
10.5 60.5
11.5 8.5
11.5 13.5
11.5 18.5
11.5 19.5
11.5 24.5
11.5 28.5
11.5 34.5
11.5 39.5
11.5 40.5
11.5 46.5
11.5 49.5
11.5 54.5
11.5 60.5
11.5 65.5
12.5 8.5
12.5 13.5
12.5 18.5
12.5 24.5
12.5 28.5
12.5 33.5
12.5 39.5
12.5 46.5
12.5 49.5
12.5 55.5
12.5 60.5
12.5 65.5
13.5 7.5
13.5 13.5
13.5 18.5
13.5 28.5
13.5 33.5
13.5 39.5
13.5 45.5
13.5 49.5
13.5 55.5
13.5 65.5
14.5 7.5
14.5 12.5
14.5 18.5
14.5 23.5
14.5 27.5
14.5 33.5
14.5 39.5
14.5 45.5
14.5 50.5
14.5 55.5
14.5 59.5
14.5 64.5
14.5 65.5
15.5 7.5
15.5 12.5
15.5 17.5
15.5 23.5
15.5 27.5
15.5 32.5
15.5 33.5
15.5 38.5
15.5 39.5
15.5 44.5
15.5 45.5
15.5 50.5
15.5 55.5
15.5 59.5
15.5 64.5
16.5 12.5
16.5 17.5
16.5 22.5
16.5 27.5
16.5 32.5
16.5 38.5
16.5 44.5
16.5 50.5
16.5 59.5
16.5 64.5
17.5 12.5
17.5 17.5
17.5 22.5
17.5 32.5
17.5 38.5
17.5 44.5
17.5 51.5
17.5 56.5
17.5 64.5
18.5 11.5
18.5 22.5
18.5 26.5
18.5 32.5
18.5 38.5
18.5 43.5
18.5 51.5
18.5 56.5
18.5 63.5
18.5 64.5
19.5 11.5
19.5 21.5
19.5 31.5
19.5 32.5
19.5 43.5
19.5 51.5
19.5 63.5
20.5 11.5
20.5 21.5
20.5 31.5
20.5 42.5
20.5 43.5
20.5 52.5
20.5 63.5
21.5 11.5
21.5 21.5
21.5 31.5
21.5 42.5
21.5 52.5
21.5 53.5
21.5 63.5
22.5 10.5
22.5 20.5
22.5 31.5
22.5 41.5
22.5 42.5
22.5 53.5
22.5 63.5
23.5 10.5
23.5 20.5
23.5 30.5
23.5 31.5
23.5 41.5
23.5 53.5
23.5 62.5
23.5 63.5
24.5 10.5
24.5 11.5
24.5 20.5
24.5 30.5
24.5 31.5
24.5 41.5
24.5 42.5
24.5 52.5
24.5 62.5
25.5 11.5
25.5 20.5
25.5 30.5
25.5 31.5
25.5 42.5
25.5 52.5
25.5 62.5
26.5 11.5
26.5 20.5
26.5 30.5
26.5 43.5
26.5 52.5
26.5 62.5
27.5 12.5
27.5 19.5
27.5 30.5
27.5 43.5
27.5 51.5
27.5 52.5
27.5 61.5
27.5 62.5
28.5 12.5
28.5 19.5
28.5 30.5
28.5 37.5
28.5 43.5
28.5 44.5
28.5 51.5
28.5 56.5
28.5 61.5
28.5 67.5
29.5 7.5
29.5 12.5
29.5 19.5
29.5 24.5
29.5 29.5
29.5 30.5
29.5 44.5
29.5 51.5
29.5 56.5
29.5 61.5
30.5 7.5
30.5 13.5
30.5 19.5
30.5 24.5
30.5 29.5
30.5 30.5
30.5 35.5
30.5 38.5
30.5 44.5
30.5 51.5
30.5 60.5
30.5 61.5
30.5 66.5
31.5 8.5
31.5 13.5
31.5 24.5
31.5 29.5
31.5 35.5
31.5 38.5
31.5 45.5
31.5 50.5
31.5 51.5
31.5 55.5
31.5 60.5
31.5 66.5
32.5 8.5
32.5 13.5
32.5 18.5
32.5 23.5
32.5 29.5
32.5 35.5
32.5 39.5
32.5 45.5
32.5 50.5
32.5 55.5
32.5 60.5
32.5 66.5
33.5 8.5
33.5 14.5
33.5 18.5
33.5 23.5
33.5 28.5
33.5 29.5
33.5 34.5
33.5 39.5
33.5 45.5
33.5 46.5
33.5 50.5
33.5 55.5
33.5 60.5
33.5 65.5
34.5 8.5
34.5 9.5
34.5 14.5
34.5 18.5
34.5 23.5
34.5 28.5
34.5 34.5
34.5 39.5
34.5 40.5
34.5 46.5
34.5 50.5
34.5 55.5
34.5 59.5
34.5 65.5
35.5 9.5
35.5 23.5
35.5 28.5
35.5 34.5
35.5 40.5
35.5 46.5
35.5 54.5
35.5 59.5
35.5 65.5
36.5 9.5
36.5 15.5
36.5 23.5
36.5 28.5
36.5 33.5
36.5 40.5
36.5 47.5
36.5 49.5
36.5 54.5
36.5 59.5
36.5 64.5
37.5 9.5
37.5 10.5
37.5 15.5
37.5 17.5
37.5 22.5
37.5 33.5
37.5 40.5
37.5 41.5
37.5 47.5
37.5 49.5
37.5 54.5
37.5 58.5
37.5 64.5
38.5 10.5
38.5 17.5
38.5 22.5
38.5 33.5
38.5 41.5
38.5 54.5
38.5 58.5
38.5 64.5
39.5 10.5
39.5 22.5
39.5 32.5
39.5 41.5
39.5 42.5
39.5 53.5
39.5 63.5
40.5 10.5
40.5 22.5
40.5 32.5
40.5 42.5
40.5 53.5
40.5 63.5
41.5 11.5
41.5 22.5
41.5 32.5
41.5 42.5
41.5 52.5
41.5 53.5
41.5 63.5
42.5 11.5
42.5 21.5
42.5 22.5
42.5 31.5
42.5 42.5
42.5 43.5
42.5 52.5
42.5 53.5
42.5 62.5
42.5 63.5
43.5 11.5
43.5 21.5
43.5 22.5
43.5 31.5
43.5 42.5
43.5 43.5
43.5 62.5
43.5 63.5
44.5 11.5
44.5 12.5
44.5 21.5
44.5 31.5
44.5 42.5
44.5 52.5
44.5 62.5
45.5 12.5
45.5 21.5
45.5 32.5
45.5 42.5
45.5 43.5
45.5 52.5
45.5 53.5
45.5 62.5
46.5 12.5
46.5 21.5
46.5 32.5
46.5 43.5
46.5 53.5
46.5 61.5
46.5 62.5
47.5 12.5
47.5 20.5
47.5 21.5
47.5 33.5
47.5 37.5
47.5 43.5
47.5 53.5
47.5 61.5
48.5 12.5
48.5 13.5
48.5 20.5
48.5 33.5
48.5 43.5
48.5 49.5
48.5 61.5
49.5 7.5
49.5 13.5
49.5 20.5
49.5 25.5
49.5 28.5
49.5 33.5
49.5 43.5
49.5 44.5
49.5 49.5
49.5 54.5
49.5 60.5
49.5 61.5
50.5 7.5
50.5 13.5
50.5 19.5
50.5 20.5
50.5 25.5
50.5 28.5
50.5 34.5
50.5 38.5
50.5 44.5
50.5 49.5
50.5 54.5
50.5 60.5
50.5 66.5
51.5 7.5
51.5 8.5
51.5 13.5
51.5 14.5
51.5 19.5
51.5 28.5
51.5 34.5
51.5 38.5
51.5 44.5
51.5 49.5
51.5 54.5
51.5 60.5
51.5 66.5
52.5 8.5
52.5 14.5
52.5 19.5
52.5 24.5
52.5 29.5
52.5 34.5
52.5 44.5
52.5 50.5
52.5 54.5
52.5 59.5
52.5 65.5
53.5 8.5
53.5 14.5
53.5 19.5
53.5 24.5
53.5 29.5
53.5 35.5
53.5 39.5
53.5 44.5
53.5 45.5
53.5 50.5
53.5 59.5
53.5 65.5
54.5 8.5
54.5 15.5
54.5 18.5
54.5 29.5
54.5 35.5
54.5 39.5
54.5 45.5
54.5 50.5
54.5 55.5
54.5 58.5
54.5 59.5
54.5 64.5
54.5 65.5
55.5 8.5
55.5 9.5
55.5 15.5
55.5 18.5
55.5 23.5
55.5 29.5
55.5 30.5
55.5 35.5
55.5 45.5
55.5 50.5
55.5 55.5
55.5 58.5
55.5 64.5
56.5 9.5
56.5 15.5
56.5 23.5
56.5 29.5
56.5 30.5
56.5 36.5
56.5 40.5
56.5 45.5
56.5 50.5
56.5 55.5
56.5 58.5
56.5 64.5
57.5 9.5
57.5 23.5
57.5 30.5
57.5 36.5
57.5 40.5
57.5 50.5
57.5 63.5
57.5 64.5
58.5 9.5
58.5 10.5
58.5 22.5
58.5 30.5
58.5 40.5
58.5 51.5
58.5 57.5
58.5 63.5
59.5 9.5
59.5 10.5
59.5 22.5
59.5 30.5
59.5 31.5
59.5 41.5
59.5 51.5
59.5 63.5
60.5 10.5
60.5 22.5
60.5 31.5
60.5 41.5
60.5 51.5
60.5 62.5
61.5 10.5
61.5 21.5
61.5 31.5
61.5 41.5
61.5 51.5
61.5 62.5
62.5 10.5
62.5 21.5
62.5 31.5
62.5 42.5
62.5 51.5
62.5 61.5
63.5 11.5
63.5 21.5
63.5 32.5
63.5 42.5
63.5 61.5
