4.5 42.5
4.5 52.5
4.5 61.5
5.5 13.5
5.5 21.5
5.5 31.5
5.5 32.5
5.5 41.5
5.5 53.5
5.5 60.5
5.5 61.5
6.5 13.5
6.5 14.5
6.5 20.5
6.5 32.5
6.5 33.5
6.5 40.5
6.5 53.5
6.5 54.5
6.5 60.5
6.5 61.5
7.5 14.5
7.5 19.5
7.5 20.5
7.5 33.5
7.5 34.5
7.5 39.5
7.5 54.5
7.5 59.5
7.5 60.5
8.5 9.5
8.5 14.5
8.5 18.5
8.5 19.5
8.5 34.5
8.5 38.5
8.5 44.5
8.5 48.5
8.5 49.5
8.5 55.5
8.5 59.5
9.5 9.5
9.5 10.5
9.5 15.5
9.5 24.5
9.5 25.5
9.5 28.5
9.5 29.5
9.5 44.5
9.5 49.5
9.5 65.5
10.5 10.5
10.5 23.5
10.5 24.5
10.5 29.5
10.5 30.5
10.5 43.5
10.5 49.5
10.5 50.5
10.5 64.5
10.5 65.5
11.5 10.5
11.5 11.5
11.5 22.5
11.5 23.5
11.5 30.5
11.5 42.5
11.5 43.5
11.5 50.5
11.5 51.5
11.5 63.5
11.5 64.5
12.5 11.5
12.5 21.5
12.5 31.5
12.5 41.5
12.5 42.5
12.5 50.5
12.5 51.5
12.5 63.5
13.5 41.5
13.5 51.5
13.5 62.5
15.5 11.5
15.5 31.5
16.5 10.5
16.5 11.5
16.5 21.5
16.5 31.5
16.5 40.5
16.5 62.5
17.5 10.5
17.5 20.5
17.5 30.5
17.5 40.5
17.5 51.5
17.5 52.5
17.5 61.5
18.5 9.5
18.5 19.5
18.5 20.5
18.5 29.5
18.5 30.5
18.5 39.5
18.5 40.5
18.5 52.5
18.5 53.5
18.5 54.5
18.5 60.5
19.5 8.5
19.5 14.5
19.5 19.5
19.5 29.5
19.5 35.5
19.5 39.5
19.5 40.5
19.5 54.5
19.5 55.5
19.5 59.5
20.5 13.5
20.5 14.5
20.5 18.5
20.5 19.5
20.5 25.5
20.5 28.5
20.5 34.5
20.5 39.5
20.5 58.5
20.5 65.5
20.5 66.5
21.5 13.5
21.5 18.5
21.5 24.5
21.5 33.5
21.5 34.5
21.5 39.5
21.5 44.5
21.5 48.5
21.5 64.5
21.5 65.5
22.5 12.5
22.5 13.5
22.5 23.5
22.5 33.5
22.5 34.5
22.5 39.5
22.5 43.5
22.5 44.5
22.5 49.5
22.5 63.5
22.5 64.5
23.5 12.5
23.5 22.5
23.5 23.5
23.5 32.5
23.5 33.5
23.5 43.5
23.5 50.5
23.5 51.5
23.5 63.5
23.5 64.5
24.5 11.5
24.5 22.5
24.5 32.5
24.5 33.5
24.5 42.5
24.5 43.5
24.5 51.5
24.5 62.5
24.5 63.5
25.5 21.5
25.5 32.5
25.5 42.5
27.5 11.5
27.5 51.5
28.5 10.5
28.5 11.5
28.5 22.5
28.5 31.5
28.5 42.5
28.5 50.5
28.5 51.5
28.5 61.5
29.5 10.5
29.5 11.5
29.5 22.5
29.5 32.5
29.5 33.5
29.5 43.5
29.5 50.5
29.5 61.5
30.5 10.5
30.5 23.5
30.5 33.5
30.5 43.5
30.5 49.5
30.5 60.5
30.5 61.5
31.5 9.5
31.5 10.5
31.5 23.5
31.5 24.5
31.5 33.5
31.5 34.5
31.5 44.5
31.5 48.5
31.5 54.5
31.5 60.5
32.5 9.5
32.5 24.5
32.5 34.5
32.5 35.5
32.5 38.5
32.5 44.5
32.5 48.5
32.5 54.5
32.5 59.5
32.5 60.5
33.5 9.5
33.5 14.5
33.5 18.5
33.5 24.5
33.5 25.5
33.5 29.5
33.5 39.5
33.5 53.5
33.5 54.5
33.5 59.5
33.5 65.5
34.5 14.5
34.5 19.5
34.5 25.5
34.5 29.5
34.5 30.5
34.5 39.5
34.5 40.5
34.5 53.5
34.5 59.5
34.5 65.5
35.5 13.5
35.5 14.5
35.5 19.5
35.5 20.5
35.5 30.5
35.5 40.5
35.5 52.5
35.5 53.5
35.5 64.5
36.5 13.5
36.5 20.5
36.5 30.5
36.5 41.5
36.5 52.5
36.5 63.5
37.5 13.5
37.5 20.5
37.5 21.5
37.5 31.5
37.5 52.5
37.5 62.5
38.5 12.5
38.5 21.5
39.5 22.5
40.5 41.5
40.5 51.5
41.5 12.5
41.5 32.5
41.5 41.5
41.5 42.5
41.5 51.5
41.5 52.5
41.5 62.5
42.5 11.5
42.5 22.5
42.5 32.5
42.5 33.5
42.5 42.5
42.5 52.5
42.5 62.5
42.5 63.5
43.5 10.5
43.5 11.5
43.5 22.5
43.5 23.5
43.5 33.5
43.5 42.5
43.5 43.5
43.5 53.5
43.5 63.5
44.5 10.5
44.5 23.5
44.5 24.5
44.5 33.5
44.5 37.5
44.5 43.5
44.5 47.5
44.5 53.5
44.5 54.5
44.5 63.5
44.5 64.5
45.5 9.5
45.5 10.5
45.5 24.5
45.5 34.5
45.5 38.5
45.5 43.5
45.5 48.5
45.5 54.5
45.5 58.5
45.5 64.5
46.5 9.5
46.5 14.5
46.5 18.5
46.5 25.5
46.5 29.5
46.5 34.5
46.5 38.5
46.5 39.5
46.5 48.5
46.5 49.5
46.5 58.5
46.5 59.5
47.5 13.5
47.5 19.5
47.5 29.5
47.5 30.5
47.5 39.5
47.5 49.5
47.5 59.5
48.5 12.5
48.5 13.5
48.5 19.5
48.5 20.5
48.5 30.5
48.5 39.5
48.5 49.5
48.5 50.5
48.5 60.5
49.5 12.5
49.5 21.5
49.5 30.5
49.5 31.5
49.5 40.5
49.5 50.5
49.5 60.5
49.5 61.5
50.5 31.5
50.5 40.5
53.5 12.5
53.5 21.5
53.5 31.5
53.5 41.5
53.5 50.5
53.5 60.5
54.5 12.5
54.5 22.5
54.5 30.5
54.5 41.5
54.5 42.5
54.5 49.5
54.5 50.5
54.5 59.5
55.5 12.5
55.5 13.5
55.5 23.5
55.5 29.5
55.5 30.5
55.5 42.5
55.5 43.5
55.5 48.5
55.5 49.5
55.5 58.5
55.5 59.5
56.5 13.5
56.5 23.5
56.5 24.5
56.5 29.5
56.5 44.5
56.5 47.5
56.5 48.5
56.5 53.5
56.5 58.5
57.5 9.5
57.5 13.5
57.5 17.5
57.5 18.5
57.5 25.5
57.5 28.5
57.5 34.5
57.5 38.5
57.5 39.5
57.5 53.5
57.5 57.5
57.5 64.5
58.5 9.5
58.5 18.5
58.5 19.5
58.5 33.5
58.5 34.5
58.5 39.5
58.5 52.5
58.5 56.5
58.5 63.5
58.5 64.5
59.5 9.5
59.5 19.5
59.5 20.5
59.5 33.5
59.5 34.5
59.5 39.5
59.5 40.5
59.5 51.5
59.5 52.5
59.5 62.5
59.5 63.5
60.5 9.5
60.5 10.5
60.5 20.5
60.5 33.5
60.5 40.5
60.5 51.5
60.5 61.5
60.5 62.5
60.5 63.5
61.5 10.5
61.5 21.5
61.5 32.5
61.5 33.5
61.5 40.5
61.5 41.5
61.5 51.5
61.5 61.5
61.5 62.5
62.5 10.5
62.5 32.5
62.5 33.5
62.5 41.5
62.5 60.5
62.5 61.5
63.5 32.5
63.5 49.5
