2.5 62.5
3.5 60.5
3.5 61.5
4.5 12.5
4.5 25.5
4.5 37.5
4.5 49.5
4.5 50.5
4.5 59.5
4.5 60.5
5.5 10.5
5.5 11.5
5.5 23.5
5.5 24.5
5.5 35.5
5.5 36.5
5.5 51.5
5.5 52.5
5.5 58.5
5.5 59.5
5.5 65.5
6.5 9.5
6.5 10.5
6.5 11.5
6.5 22.5
6.5 23.5
6.5 33.5
6.5 34.5
6.5 35.5
6.5 53.5
6.5 54.5
6.5 57.5
6.5 64.5
7.5 8.5
7.5 9.5
7.5 10.5
7.5 20.5
7.5 21.5
7.5 22.5
7.5 29.5
7.5 32.5
7.5 33.5
7.5 42.5
7.5 44.5
7.5 45.5
7.5 63.5
7.5 64.5
8.5 7.5
8.5 8.5
8.5 9.5
8.5 18.5
8.5 27.5
8.5 28.5
8.5 40.5
8.5 41.5
8.5 42.5
8.5 45.5
8.5 46.5
8.5 47.5
8.5 62.5
8.5 63.5
9.5 7.5
9.5 15.5
9.5 16.5
9.5 17.5
9.5 26.5
9.5 27.5
9.5 39.5
9.5 40.5
9.5 47.5
9.5 48.5
9.5 49.5
9.5 62.5
10.5 14.5
10.5 15.5
10.5 26.5
10.5 37.5
10.5 38.5
10.5 39.5
10.5 49.5
10.5 50.5
10.5 51.5
10.5 61.5
11.5 12.5
11.5 13.5
11.5 14.5
11.5 25.5
11.5 36.5
11.5 37.5
12.5 11.5
12.5 12.5
13.5 25.5
13.5 49.5
13.5 60.5
13.5 61.5
14.5 26.5
14.5 38.5
14.5 49.5
14.5 50.5
14.5 51.5
14.5 59.5
14.5 60.5
15.5 26.5
15.5 27.5
15.5 36.5
15.5 37.5
15.5 50.5
15.5 51.5
15.5 52.5
15.5 58.5
15.5 59.5
16.5 12.5
16.5 13.5
16.5 14.5
16.5 15.5
16.5 16.5
16.5 27.5
16.5 28.5
16.5 34.5
16.5 35.5
16.5 36.5
16.5 51.5
16.5 52.5
16.5 53.5
16.5 58.5
17.5 15.5
17.5 16.5
17.5 17.5
17.5 18.5
17.5 19.5
17.5 21.5
17.5 28.5
17.5 29.5
17.5 33.5
17.5 34.5
17.5 45.5
17.5 53.5
17.5 54.5
17.5 57.5
18.5 22.5
18.5 23.5
18.5 41.5
18.5 42.5
18.5 43.5
18.5 46.5
18.5 65.5
18.5 66.5
18.5 67.5
19.5 7.5
19.5 22.5
19.5 23.5
19.5 24.5
19.5 39.5
19.5 40.5
19.5 41.5
19.5 47.5
19.5 48.5
19.5 62.5
19.5 63.5
19.5 64.5
19.5 65.5
20.5 8.5
20.5 9.5
20.5 10.5
20.5 24.5
20.5 25.5
20.5 37.5
20.5 38.5
20.5 39.5
20.5 48.5
20.5 49.5
20.5 60.5
20.5 61.5
20.5 62.5
20.5 63.5
21.5 10.5
21.5 11.5
21.5 12.5
21.5 25.5
21.5 36.5
21.5 49.5
21.5 50.5
22.5 13.5
24.5 24.5
24.5 25.5
24.5 38.5
24.5 39.5
24.5 49.5
25.5 23.5
25.5 24.5
25.5 36.5
25.5 37.5
25.5 38.5
25.5 48.5
25.5 49.5
25.5 60.5
25.5 61.5
25.5 62.5
25.5 63.5
26.5 11.5
26.5 12.5
26.5 13.5
26.5 21.5
26.5 22.5
26.5 35.5
26.5 36.5
26.5 37.5
26.5 47.5
26.5 48.5
26.5 62.5
26.5 63.5
26.5 64.5
26.5 65.5
27.5 13.5
27.5 14.5
27.5 15.5
27.5 16.5
27.5 20.5
27.5 21.5
27.5 33.5
27.5 34.5
27.5 35.5
27.5 43.5
27.5 46.5
27.5 47.5
27.5 64.5
27.5 65.5
27.5 66.5
27.5 67.5
28.5 16.5
28.5 17.5
28.5 19.5
28.5 20.5
28.5 29.5
28.5 30.5
28.5 32.5
28.5 33.5
28.5 42.5
28.5 46.5
28.5 54.5
28.5 55.5
28.5 57.5
28.5 58.5
29.5 7.5
29.5 8.5
29.5 26.5
29.5 27.5
29.5 28.5
29.5 29.5
29.5 40.5
29.5 41.5
29.5 45.5
29.5 52.5
29.5 53.5
29.5 54.5
29.5 58.5
29.5 59.5
30.5 9.5
30.5 10.5
30.5 24.5
30.5 25.5
30.5 26.5
30.5 27.5
30.5 39.5
30.5 40.5
30.5 51.5
30.5 52.5
30.5 53.5
30.5 59.5
30.5 60.5
31.5 10.5
31.5 11.5
31.5 23.5
31.5 24.5
31.5 25.5
31.5 38.5
31.5 39.5
31.5 50.5
31.5 51.5
31.5 52.5
31.5 60.5
32.5 38.5
32.5 49.5
32.5 50.5
32.5 61.5
34.5 12.5
35.5 11.5
35.5 23.5
35.5 24.5
35.5 37.5
35.5 38.5
35.5 62.5
36.5 10.5
36.5 11.5
36.5 24.5
36.5 25.5
36.5 26.5
36.5 38.5
36.5 39.5
36.5 50.5
36.5 51.5
36.5 63.5
37.5 9.5
37.5 10.5
37.5 26.5
37.5 27.5
37.5 28.5
37.5 40.5
37.5 41.5
37.5 47.5
37.5 48.5
37.5 49.5
37.5 50.5
37.5 64.5
38.5 8.5
38.5 9.5
38.5 16.5
38.5 19.5
38.5 28.5
38.5 29.5
38.5 41.5
38.5 42.5
38.5 46.5
38.5 47.5
38.5 48.5
38.5 65.5
39.5 7.5
39.5 14.5
39.5 15.5
39.5 20.5
39.5 21.5
39.5 30.5
39.5 33.5
39.5 34.5
39.5 43.5
39.5 45.5
39.5 55.5
39.5 58.5
40.5 13.5
40.5 14.5
40.5 21.5
40.5 22.5
40.5 34.5
40.5 35.5
40.5 36.5
40.5 53.5
40.5 54.5
40.5 58.5
40.5 59.5
40.5 60.5
41.5 12.5
41.5 13.5
41.5 22.5
41.5 23.5
41.5 36.5
41.5 37.5
41.5 38.5
41.5 52.5
41.5 53.5
41.5 59.5
41.5 60.5
41.5 61.5
42.5 11.5
42.5 12.5
42.5 24.5
42.5 38.5
42.5 39.5
42.5 50.5
42.5 51.5
42.5 52.5
42.5 61.5
42.5 62.5
43.5 49.5
43.5 50.5
45.5 12.5
45.5 13.5
45.5 23.5
45.5 24.5
45.5 36.5
45.5 37.5
46.5 10.5
46.5 11.5
46.5 12.5
46.5 25.5
46.5 26.5
46.5 38.5
46.5 39.5
46.5 40.5
46.5 41.5
46.5 49.5
46.5 50.5
46.5 51.5
46.5 60.5
46.5 61.5
46.5 62.5
46.5 63.5
47.5 9.5
47.5 10.5
47.5 20.5
47.5 27.5
47.5 28.5
47.5 42.5
47.5 43.5
47.5 45.5
47.5 46.5
47.5 47.5
47.5 48.5
47.5 63.5
47.5 64.5
47.5 65.5
47.5 66.5
48.5 7.5
48.5 8.5
48.5 21.5
48.5 31.5
48.5 32.5
48.5 33.5
48.5 34.5
49.5 15.5
49.5 16.5
49.5 17.5
49.5 18.5
49.5 22.5
49.5 34.5
49.5 35.5
49.5 36.5
49.5 37.5
49.5 53.5
49.5 54.5
49.5 55.5
49.5 56.5
50.5 13.5
50.5 14.5
50.5 15.5
50.5 16.5
50.5 23.5
50.5 49.5
50.5 50.5
50.5 51.5
50.5 52.5
50.5 58.5
50.5 59.5
50.5 60.5
51.5 11.5
51.5 12.5
51.5 13.5
51.5 24.5
51.5 62.5
53.5 35.5
53.5 36.5
53.5 50.5
54.5 25.5
54.5 36.5
54.5 37.5
54.5 38.5
54.5 48.5
54.5 49.5
54.5 61.5
55.5 12.5
55.5 13.5
55.5 14.5
55.5 26.5
55.5 37.5
55.5 38.5
55.5 39.5
55.5 40.5
55.5 47.5
55.5 48.5
55.5 62.5
55.5 63.5
56.5 10.5
56.5 11.5
56.5 12.5
56.5 26.5
56.5 30.5
56.5 39.5
56.5 40.5
56.5 41.5
56.5 46.5
56.5 47.5
56.5 63.5
56.5 64.5
57.5 8.5
57.5 9.5
57.5 10.5
57.5 27.5
57.5 31.5
57.5 41.5
57.5 42.5
57.5 45.5
57.5 46.5
57.5 64.5
57.5 65.5
58.5 18.5
58.5 19.5
58.5 21.5
58.5 22.5
58.5 27.5
58.5 32.5
58.5 33.5
58.5 44.5
58.5 53.5
58.5 54.5
58.5 57.5
58.5 65.5
58.5 66.5
59.5 15.5
59.5 16.5
59.5 17.5
59.5 22.5
59.5 23.5
59.5 28.5
59.5 33.5
59.5 34.5
59.5 51.5
59.5 52.5
59.5 53.5
59.5 57.5
59.5 58.5
59.5 59.5
60.5 14.5
60.5 15.5
60.5 23.5
60.5 24.5
60.5 34.5
60.5 35.5
60.5 50.5
60.5 51.5
60.5 59.5
60.5 60.5
61.5 12.5
61.5 13.5
61.5 24.5
61.5 35.5
61.5 36.5
61.5 48.5
61.5 49.5
61.5 50.5
61.5 60.5
61.5 61.5
62.5 25.5
62.5 48.5
62.5 61.5
62.5 62.5
