4.5 43.5
5.5 15.5
5.5 16.5
5.5 30.5
5.5 31.5
5.5 32.5
5.5 42.5
5.5 43.5
5.5 44.5
5.5 57.5
5.5 58.5
5.5 59.5
6.5 15.5
6.5 16.5
6.5 17.5
6.5 18.5
6.5 30.5
6.5 31.5
6.5 32.5
6.5 33.5
6.5 41.5
6.5 42.5
6.5 43.5
6.5 56.5
6.5 57.5
6.5 58.5
6.5 59.5
7.5 16.5
7.5 17.5
7.5 18.5
7.5 31.5
7.5 32.5
7.5 33.5
7.5 34.5
7.5 40.5
7.5 41.5
7.5 42.5
7.5 43.5
7.5 55.5
7.5 56.5
7.5 57.5
7.5 58.5
7.5 59.5
8.5 16.5
8.5 17.5
8.5 18.5
8.5 19.5
8.5 31.5
8.5 32.5
8.5 33.5
8.5 34.5
8.5 40.5
8.5 41.5
8.5 42.5
8.5 55.5
8.5 56.5
8.5 57.5
8.5 58.5
9.5 18.5
9.5 32.5
9.5 33.5
9.5 34.5
9.5 40.5
9.5 41.5
9.5 55.5
9.5 56.5
9.5 57.5
10.5 9.5
10.5 10.5
10.5 11.5
10.5 12.5
10.5 25.5
10.5 26.5
10.5 47.5
10.5 48.5
10.5 49.5
10.5 63.5
10.5 64.5
10.5 65.5
11.5 9.5
11.5 10.5
11.5 11.5
11.5 12.5
11.5 13.5
11.5 25.5
11.5 26.5
11.5 27.5
11.5 28.5
11.5 46.5
11.5 47.5
11.5 48.5
11.5 49.5
11.5 62.5
11.5 63.5
11.5 64.5
11.5 65.5
12.5 10.5
12.5 11.5
12.5 12.5
12.5 13.5
12.5 25.5
12.5 26.5
12.5 27.5
12.5 28.5
12.5 29.5
12.5 46.5
12.5 47.5
12.5 48.5
12.5 61.5
12.5 62.5
12.5 63.5
12.5 64.5
13.5 11.5
13.5 12.5
13.5 13.5
13.5 26.5
13.5 27.5
13.5 28.5
13.5 29.5
13.5 45.5
13.5 46.5
13.5 47.5
13.5 48.5
13.5 60.5
13.5 61.5
13.5 62.5
13.5 63.5
14.5 28.5
14.5 29.5
14.5 45.5
14.5 46.5
14.5 47.5
14.5 60.5
14.5 61.5
14.5 62.5
19.5 13.5
19.5 14.5
20.5 13.5
20.5 14.5
20.5 15.5
20.5 16.5
20.5 26.5
20.5 27.5
20.5 28.5
20.5 29.5
20.5 45.5
20.5 46.5
20.5 60.5
20.5 61.5
20.5 62.5
21.5 13.5
21.5 14.5
21.5 15.5
21.5 16.5
21.5 17.5
21.5 25.5
21.5 26.5
21.5 27.5
21.5 28.5
21.5 29.5
21.5 45.5
21.5 46.5
21.5 47.5
21.5 48.5
21.5 60.5
21.5 61.5
21.5 62.5
21.5 63.5
22.5 14.5
22.5 15.5
22.5 16.5
22.5 17.5
22.5 24.5
22.5 25.5
22.5 26.5
22.5 27.5
22.5 28.5
22.5 46.5
22.5 47.5
22.5 48.5
22.5 61.5
22.5 62.5
22.5 63.5
22.5 64.5
23.5 14.5
23.5 15.5
23.5 16.5
23.5 17.5
23.5 24.5
23.5 25.5
23.5 26.5
23.5 27.5
23.5 46.5
23.5 47.5
23.5 48.5
23.5 49.5
23.5 61.5
23.5 62.5
23.5 63.5
23.5 64.5
23.5 65.5
24.5 16.5
24.5 17.5
24.5 24.5
24.5 25.5
24.5 26.5
24.5 48.5
24.5 49.5
24.5 62.5
24.5 63.5
24.5 64.5
24.5 65.5
25.5 8.5
25.5 9.5
25.5 10.5
25.5 41.5
25.5 42.5
25.5 55.5
25.5 56.5
26.5 8.5
26.5 9.5
26.5 10.5
26.5 11.5
26.5 31.5
26.5 32.5
26.5 33.5
26.5 34.5
26.5 40.5
26.5 41.5
26.5 42.5
26.5 43.5
26.5 55.5
26.5 56.5
26.5 57.5
26.5 58.5
27.5 9.5
27.5 10.5
27.5 11.5
27.5 30.5
27.5 31.5
27.5 32.5
27.5 33.5
27.5 34.5
27.5 40.5
27.5 41.5
27.5 42.5
27.5 43.5
27.5 55.5
27.5 56.5
27.5 57.5
27.5 58.5
28.5 9.5
28.5 10.5
28.5 11.5
28.5 12.5
28.5 29.5
28.5 30.5
28.5 31.5
28.5 32.5
28.5 33.5
28.5 34.5
28.5 41.5
28.5 42.5
28.5 43.5
28.5 44.5
28.5 56.5
28.5 57.5
28.5 58.5
28.5 59.5
29.5 10.5
29.5 11.5
29.5 12.5
29.5 29.5
29.5 30.5
29.5 31.5
29.5 32.5
29.5 42.5
29.5 43.5
29.5 44.5
29.5 57.5
29.5 58.5
29.5 59.5
30.5 29.5
30.5 30.5
30.5 31.5
30.5 43.5
35.5 11.5
35.5 12.5
35.5 46.5
35.5 58.5
35.5 59.5
36.5 10.5
36.5 11.5
36.5 12.5
36.5 29.5
36.5 30.5
36.5 31.5
36.5 45.5
36.5 46.5
36.5 47.5
36.5 57.5
36.5 58.5
36.5 59.5
37.5 9.5
37.5 10.5
37.5 11.5
37.5 12.5
37.5 29.5
37.5 30.5
37.5 31.5
37.5 32.5
37.5 33.5
37.5 45.5
37.5 46.5
37.5 47.5
37.5 48.5
37.5 56.5
37.5 57.5
37.5 58.5
37.5 59.5
38.5 9.5
38.5 10.5
38.5 11.5
38.5 30.5
38.5 31.5
38.5 32.5
38.5 33.5
38.5 46.5
38.5 47.5
38.5 48.5
38.5 49.5
38.5 55.5
38.5 56.5
38.5 57.5
38.5 58.5
38.5 59.5
39.5 9.5
39.5 10.5
39.5 31.5
39.5 32.5
39.5 33.5
39.5 34.5
39.5 46.5
39.5 47.5
39.5 48.5
39.5 49.5
39.5 55.5
39.5 56.5
39.5 57.5
39.5 58.5
40.5 16.5
40.5 17.5
40.5 24.5
40.5 25.5
40.5 47.5
40.5 48.5
40.5 49.5
40.5 55.5
40.5 56.5
40.5 57.5
41.5 15.5
41.5 16.5
41.5 17.5
41.5 23.5
41.5 24.5
41.5 25.5
41.5 26.5
41.5 40.5
41.5 41.5
41.5 64.5
42.5 14.5
42.5 15.5
42.5 16.5
42.5 17.5
42.5 24.5
42.5 25.5
42.5 26.5
42.5 27.5
42.5 40.5
42.5 41.5
42.5 42.5
42.5 43.5
42.5 63.5
42.5 64.5
42.5 65.5
43.5 14.5
43.5 15.5
43.5 16.5
43.5 17.5
43.5 24.5
43.5 25.5
43.5 26.5
43.5 27.5
43.5 28.5
43.5 41.5
43.5 42.5
43.5 43.5
43.5 44.5
43.5 62.5
43.5 63.5
43.5 64.5
43.5 65.5
44.5 13.5
44.5 14.5
44.5 15.5
44.5 16.5
44.5 25.5
44.5 26.5
44.5 27.5
44.5 28.5
44.5 42.5
44.5 43.5
44.5 44.5
44.5 61.5
44.5 62.5
44.5 63.5
44.5 64.5
45.5 14.5
45.5 15.5
45.5 43.5
45.5 44.5
45.5 45.5
45.5 61.5
45.5 62.5
45.5 63.5
45.5 64.5
46.5 61.5
46.5 62.5
51.5 14.5
51.5 15.5
51.5 29.5
51.5 30.5
51.5 31.5
51.5 45.5
51.5 46.5
52.5 14.5
52.5 15.5
52.5 16.5
52.5 29.5
52.5 30.5
52.5 31.5
52.5 32.5
52.5 45.5
52.5 46.5
52.5 47.5
52.5 48.5
52.5 60.5
52.5 61.5
52.5 62.5
53.5 14.5
53.5 15.5
53.5 16.5
53.5 17.5
53.5 29.5
53.5 30.5
53.5 31.5
53.5 32.5
53.5 33.5
53.5 45.5
53.5 46.5
53.5 47.5
53.5 48.5
53.5 60.5
53.5 61.5
53.5 62.5
53.5 63.5
54.5 15.5
54.5 16.5
54.5 17.5
54.5 18.5
54.5 30.5
54.5 31.5
54.5 32.5
54.5 33.5
54.5 46.5
54.5 47.5
54.5 48.5
54.5 49.5
54.5 61.5
54.5 62.5
54.5 63.5
54.5 64.5
55.5 16.5
55.5 17.5
55.5 18.5
55.5 31.5
55.5 32.5
55.5 33.5
55.5 47.5
55.5 48.5
55.5 49.5
55.5 61.5
55.5 62.5
55.5 63.5
55.5 64.5
56.5 9.5
56.5 10.5
56.5 11.5
56.5 24.5
56.5 33.5
56.5 40.5
56.5 41.5
56.5 63.5
56.5 64.5
57.5 9.5
57.5 10.5
57.5 11.5
57.5 12.5
57.5 24.5
57.5 25.5
57.5 26.5
57.5 40.5
57.5 41.5
57.5 42.5
57.5 55.5
57.5 56.5
57.5 57.5
58.5 9.5
58.5 10.5
58.5 11.5
58.5 12.5
58.5 24.5
58.5 25.5
58.5 26.5
58.5 27.5
58.5 40.5
58.5 41.5
58.5 42.5
58.5 43.5
58.5 55.5
58.5 56.5
58.5 57.5
58.5 58.5
59.5 10.5
59.5 11.5
59.5 12.5
59.5 13.5
59.5 25.5
59.5 26.5
59.5 27.5
59.5 28.5
59.5 40.5
59.5 41.5
59.5 42.5
59.5 43.5
59.5 55.5
59.5 56.5
59.5 57.5
59.5 58.5
60.5 11.5
60.5 12.5
60.5 13.5
60.5 26.5
60.5 27.5
60.5 28.5
60.5 41.5
60.5 42.5
60.5 43.5
60.5 44.5
60.5 56.5
60.5 57.5
60.5 58.5
60.5 59.5
61.5 27.5
61.5 28.5
61.5 42.5
61.5 43.5
61.5 57.5
61.5 58.5
