2.5 10.5
2.5 20.5
2.5 41.5
2.5 51.5
3.5 10.5
3.5 21.5
3.5 32.5
3.5 42.5
3.5 51.5
3.5 62.5
4.5 10.5
4.5 21.5
4.5 31.5
4.5 42.5
4.5 51.5
4.5 61.5
5.5 9.5
5.5 22.5
5.5 31.5
5.5 43.5
5.5 50.5
5.5 60.5
5.5 61.5
6.5 9.5
6.5 22.5
6.5 23.5
6.5 30.5
6.5 31.5
6.5 43.5
6.5 44.5
6.5 50.5
6.5 60.5
7.5 9.5
7.5 23.5
7.5 30.5
7.5 38.5
7.5 44.5
7.5 45.5
7.5 50.5
7.5 59.5
7.5 60.5
8.5 8.5
8.5 9.5
8.5 13.5
8.5 17.5
8.5 23.5
8.5 24.5
8.5 29.5
8.5 30.5
8.5 35.5
8.5 39.5
8.5 45.5
8.5 50.5
8.5 54.5
8.5 59.5
8.5 65.5
9.5 8.5
9.5 13.5
9.5 17.5
9.5 24.5
9.5 25.5
9.5 29.5
9.5 35.5
9.5 39.5
9.5 46.5
9.5 54.5
9.5 58.5
9.5 64.5
9.5 65.5
10.5 8.5
10.5 13.5
10.5 18.5
10.5 25.5
10.5 29.5
10.5 34.5
10.5 35.5
10.5 39.5
10.5 40.5
10.5 46.5
10.5 49.5
10.5 54.5
10.5 57.5
10.5 58.5
10.5 64.5
11.5 12.5
11.5 13.5
11.5 18.5
11.5 19.5
11.5 25.5
11.5 28.5
11.5 34.5
11.5 40.5
11.5 41.5
11.5 47.5
11.5 49.5
11.5 53.5
11.5 57.5
11.5 64.5
12.5 12.5
12.5 18.5
12.5 19.5
12.5 33.5
12.5 34.5
12.5 40.5
12.5 41.5
12.5 53.5
12.5 63.5
12.5 64.5
13.5 12.5
13.5 19.5
13.5 20.5
13.5 33.5
13.5 41.5
13.5 42.5
13.5 53.5
13.5 63.5
14.5 12.5
14.5 19.5
14.5 20.5
14.5 33.5
14.5 42.5
14.5 53.5
14.5 62.5
14.5 63.5
15.5 12.5
15.5 20.5
15.5 32.5
15.5 33.5
15.5 42.5
15.5 43.5
15.5 62.5
16.5 21.5
16.5 32.5
16.5 43.5
16.5 52.5
16.5 62.5
17.5 11.5
17.5 21.5
17.5 32.5
17.5 43.5
17.5 61.5
17.5 62.5
18.5 11.5
18.5 20.5
18.5 43.5
18.5 53.5
18.5 62.5
19.5 10.5
19.5 21.5
19.5 32.5
19.5 43.5
19.5 44.5
19.5 53.5
19.5 61.5
20.5 10.5
20.5 21.5
20.5 22.5
20.5 31.5
20.5 44.5
20.5 53.5
20.5 60.5
20.5 61.5
21.5 9.5
21.5 10.5
21.5 22.5
21.5 30.5
21.5 31.5
21.5 44.5
21.5 53.5
21.5 60.5
22.5 9.5
22.5 22.5
22.5 23.5
22.5 30.5
22.5 44.5
22.5 45.5
22.5 54.5
22.5 59.5
22.5 60.5
23.5 9.5
23.5 23.5
23.5 29.5
23.5 30.5
23.5 36.5
23.5 44.5
23.5 45.5
23.5 50.5
23.5 54.5
23.5 59.5
24.5 8.5
24.5 14.5
24.5 17.5
24.5 23.5
24.5 24.5
24.5 29.5
24.5 35.5
24.5 38.5
24.5 45.5
24.5 50.5
24.5 54.5
24.5 59.5
24.5 65.5
25.5 8.5
25.5 13.5
25.5 17.5
25.5 18.5
25.5 24.5
25.5 28.5
25.5 34.5
25.5 35.5
25.5 39.5
25.5 45.5
25.5 46.5
25.5 50.5
25.5 55.5
25.5 58.5
25.5 64.5
25.5 65.5
26.5 7.5
26.5 13.5
26.5 18.5
26.5 25.5
26.5 34.5
26.5 39.5
26.5 40.5
26.5 46.5
26.5 50.5
26.5 55.5
26.5 58.5
26.5 64.5
27.5 7.5
27.5 12.5
27.5 13.5
27.5 18.5
27.5 19.5
27.5 33.5
27.5 40.5
27.5 46.5
27.5 51.5
27.5 63.5
27.5 64.5
28.5 12.5
28.5 19.5
28.5 32.5
28.5 33.5
28.5 40.5
28.5 41.5
28.5 51.5
28.5 63.5
29.5 11.5
29.5 12.5
29.5 19.5
29.5 20.5
29.5 32.5
29.5 41.5
29.5 51.5
29.5 62.5
30.5 11.5
30.5 20.5
30.5 31.5
30.5 41.5
30.5 42.5
30.5 51.5
30.5 62.5
31.5 10.5
31.5 21.5
31.5 42.5
31.5 61.5
32.5 10.5
32.5 21.5
32.5 31.5
32.5 43.5
32.5 52.5
33.5 21.5
33.5 31.5
33.5 42.5
33.5 52.5
33.5 62.5
34.5 10.5
34.5 21.5
34.5 31.5
34.5 42.5
34.5 52.5
34.5 61.5
35.5 10.5
35.5 22.5
35.5 30.5
35.5 41.5
35.5 42.5
35.5 53.5
35.5 61.5
36.5 11.5
36.5 22.5
36.5 30.5
36.5 41.5
36.5 53.5
36.5 60.5
36.5 61.5
37.5 11.5
37.5 23.5
37.5 30.5
37.5 40.5
37.5 41.5
37.5 53.5
37.5 60.5
38.5 11.5
38.5 12.5
38.5 23.5
38.5 24.5
38.5 29.5
38.5 30.5
38.5 35.5
38.5 40.5
38.5 46.5
38.5 54.5
38.5 59.5
38.5 60.5
38.5 66.5
39.5 7.5
39.5 12.5
39.5 16.5
39.5 17.5
39.5 24.5
39.5 29.5
39.5 35.5
39.5 39.5
39.5 40.5
39.5 45.5
39.5 49.5
39.5 54.5
39.5 59.5
39.5 65.5
40.5 7.5
40.5 12.5
40.5 13.5
40.5 17.5
40.5 24.5
40.5 25.5
40.5 29.5
40.5 34.5
40.5 39.5
40.5 45.5
40.5 49.5
40.5 54.5
40.5 58.5
40.5 59.5
40.5 64.5
40.5 65.5
41.5 8.5
41.5 13.5
41.5 18.5
41.5 25.5
41.5 29.5
41.5 34.5
41.5 38.5
41.5 39.5
41.5 44.5
41.5 49.5
41.5 50.5
41.5 55.5
41.5 58.5
41.5 64.5
42.5 8.5
42.5 18.5
42.5 19.5
42.5 34.5
42.5 38.5
42.5 44.5
42.5 50.5
42.5 55.5
42.5 63.5
42.5 64.5
43.5 9.5
43.5 19.5
43.5 20.5
43.5 33.5
43.5 43.5
43.5 50.5
43.5 63.5
44.5 9.5
44.5 20.5
44.5 33.5
44.5 43.5
44.5 50.5
44.5 51.5
44.5 62.5
45.5 20.5
45.5 21.5
45.5 33.5
45.5 42.5
45.5 51.5
45.5 62.5
46.5 10.5
46.5 21.5
46.5 22.5
46.5 32.5
46.5 42.5
46.5 51.5
46.5 61.5
47.5 22.5
47.5 32.5
47.5 52.5
48.5 10.5
48.5 20.5
48.5 42.5
48.5 62.5
49.5 20.5
49.5 21.5
49.5 33.5
49.5 42.5
49.5 51.5
49.5 61.5
49.5 62.5
50.5 11.5
50.5 21.5
50.5 33.5
50.5 43.5
50.5 51.5
50.5 61.5
51.5 11.5
51.5 21.5
51.5 22.5
51.5 33.5
51.5 43.5
51.5 50.5
51.5 61.5
52.5 11.5
52.5 21.5
52.5 22.5
52.5 33.5
52.5 34.5
52.5 43.5
52.5 44.5
52.5 50.5
52.5 60.5
53.5 12.5
53.5 16.5
53.5 22.5
53.5 23.5
53.5 34.5
53.5 39.5
53.5 44.5
53.5 49.5
53.5 50.5
53.5 55.5
53.5 60.5
53.5 65.5
54.5 12.5
54.5 16.5
54.5 22.5
54.5 23.5
54.5 28.5
54.5 34.5
54.5 39.5
54.5 44.5
54.5 49.5
54.5 55.5
54.5 59.5
54.5 60.5
54.5 65.5
55.5 8.5
55.5 12.5
55.5 17.5
55.5 23.5
55.5 24.5
55.5 28.5
55.5 29.5
55.5 34.5
55.5 35.5
55.5 39.5
55.5 40.5
55.5 45.5
55.5 49.5
55.5 54.5
55.5 55.5
55.5 59.5
55.5 64.5
56.5 8.5
56.5 13.5
56.5 17.5
56.5 24.5
56.5 29.5
56.5 35.5
56.5 40.5
56.5 45.5
56.5 48.5
56.5 54.5
56.5 59.5
56.5 64.5
57.5 8.5
57.5 9.5
57.5 13.5
57.5 17.5
57.5 18.5
57.5 24.5
57.5 29.5
57.5 35.5
57.5 40.5
57.5 48.5
57.5 54.5
57.5 63.5
57.5 64.5
58.5 9.5
58.5 18.5
58.5 29.5
58.5 30.5
58.5 40.5
58.5 41.5
58.5 53.5
58.5 54.5
58.5 63.5
59.5 9.5
59.5 18.5
59.5 19.5
59.5 30.5
59.5 41.5
59.5 53.5
59.5 63.5
60.5 9.5
60.5 10.5
60.5 19.5
60.5 30.5
60.5 31.5
60.5 41.5
60.5 52.5
60.5 53.5
60.5 62.5
61.5 10.5
61.5 19.5
61.5 31.5
61.5 41.5
61.5 52.5
61.5 62.5
62.5 10.5
62.5 20.5
62.5 31.5
62.5 42.5
63.5 10.5
63.5 20.5
63.5 42.5
