3.5 19.5
3.5 34.5
4.5 16.5
4.5 17.5
4.5 36.5
5.5 13.5
5.5 14.5
5.5 38.5
5.5 39.5
5.5 58.5
6.5 10.5
6.5 11.5
6.5 12.5
6.5 40.5
6.5 41.5
6.5 55.5
6.5 56.5
7.5 8.5
7.5 9.5
7.5 26.5
7.5 27.5
7.5 28.5
7.5 42.5
7.5 43.5
7.5 52.5
7.5 53.5
8.5 24.5
8.5 29.5
8.5 30.5
8.5 45.5
8.5 50.5
8.5 51.5
9.5 21.5
9.5 22.5
9.5 31.5
9.5 32.5
9.5 47.5
9.5 48.5
9.5 65.5
9.5 66.5
10.5 19.5
10.5 20.5
10.5 34.5
10.5 35.5
10.5 61.5
10.5 62.5
10.5 63.5
11.5 16.5
11.5 17.5
11.5 36.5
11.5 37.5
11.5 58.5
11.5 59.5
11.5 60.5
12.5 14.5
12.5 15.5
12.5 38.5
12.5 39.5
12.5 55.5
12.5 56.5
13.5 41.5
15.5 13.5
16.5 15.5
16.5 16.5
16.5 38.5
16.5 60.5
16.5 61.5
17.5 18.5
17.5 35.5
17.5 36.5
17.5 57.5
17.5 58.5
18.5 20.5
18.5 21.5
18.5 33.5
18.5 34.5
18.5 54.5
18.5 55.5
18.5 56.5
19.5 7.5
19.5 22.5
19.5 23.5
19.5 30.5
19.5 31.5
19.5 51.5
19.5 52.5
19.5 53.5
20.5 9.5
20.5 10.5
20.5 25.5
20.5 28.5
20.5 46.5
20.5 47.5
20.5 49.5
20.5 50.5
20.5 67.5
21.5 11.5
21.5 12.5
21.5 43.5
21.5 44.5
21.5 64.5
21.5 65.5
22.5 13.5
22.5 14.5
22.5 40.5
22.5 41.5
22.5 61.5
22.5 62.5
23.5 15.5
23.5 16.5
23.5 36.5
23.5 37.5
23.5 38.5
23.5 59.5
23.5 60.5
24.5 18.5
24.5 34.5
24.5 35.5
24.5 56.5
24.5 57.5
25.5 20.5
27.5 13.5
28.5 15.5
28.5 16.5
28.5 33.5
28.5 34.5
28.5 55.5
28.5 56.5
29.5 17.5
29.5 18.5
29.5 35.5
29.5 36.5
29.5 58.5
29.5 59.5
30.5 19.5
30.5 20.5
30.5 38.5
30.5 39.5
30.5 60.5
30.5 61.5
30.5 62.5
31.5 21.5
31.5 40.5
31.5 41.5
31.5 42.5
31.5 63.5
31.5 64.5
32.5 7.5
32.5 23.5
32.5 27.5
32.5 28.5
32.5 43.5
32.5 44.5
32.5 66.5
32.5 67.5
33.5 9.5
33.5 10.5
33.5 25.5
33.5 29.5
33.5 30.5
33.5 46.5
33.5 48.5
33.5 49.5
34.5 12.5
34.5 13.5
34.5 27.5
34.5 31.5
34.5 50.5
34.5 51.5
34.5 52.5
34.5 53.5
35.5 14.5
35.5 15.5
35.5 33.5
35.5 54.5
35.5 55.5
35.5 56.5
36.5 17.5
36.5 18.5
36.5 35.5
36.5 57.5
36.5 58.5
36.5 59.5
37.5 20.5
37.5 36.5
37.5 37.5
38.5 38.5
41.5 17.5
41.5 18.5
41.5 19.5
41.5 38.5
41.5 53.5
41.5 54.5
42.5 14.5
42.5 15.5
42.5 16.5
42.5 36.5
42.5 37.5
42.5 56.5
42.5 57.5
42.5 58.5
42.5 59.5
43.5 10.5
43.5 11.5
43.5 12.5
43.5 13.5
43.5 34.5
43.5 35.5
43.5 60.5
43.5 61.5
43.5 62.5
44.5 7.5
44.5 8.5
44.5 9.5
44.5 32.5
44.5 33.5
44.5 65.5
44.5 66.5
45.5 27.5
45.5 30.5
45.5 31.5
45.5 45.5
45.5 48.5
46.5 24.5
46.5 25.5
46.5 29.5
46.5 43.5
46.5 44.5
46.5 50.5
46.5 51.5
47.5 21.5
47.5 22.5
47.5 23.5
47.5 27.5
47.5 41.5
47.5 53.5
47.5 54.5
48.5 19.5
48.5 20.5
48.5 39.5
48.5 56.5
48.5 57.5
49.5 16.5
49.5 17.5
49.5 37.5
49.5 59.5
50.5 14.5
50.5 15.5
50.5 35.5
52.5 59.5
53.5 56.5
53.5 57.5
54.5 15.5
54.5 35.5
54.5 36.5
54.5 54.5
54.5 55.5
55.5 17.5
55.5 18.5
55.5 38.5
55.5 39.5
55.5 40.5
55.5 52.5
55.5 53.5
56.5 20.5
56.5 21.5
56.5 41.5
56.5 42.5
56.5 43.5
56.5 50.5
56.5 51.5
56.5 66.5
57.5 23.5
57.5 24.5
57.5 45.5
57.5 46.5
57.5 49.5
57.5 64.5
57.5 65.5
58.5 6.5
58.5 7.5
58.5 26.5
58.5 28.5
58.5 29.5
58.5 62.5
58.5 63.5
59.5 9.5
59.5 10.5
59.5 11.5
59.5 31.5
59.5 32.5
59.5 60.5
59.5 61.5
60.5 13.5
60.5 14.5
60.5 15.5
60.5 34.5
60.5 35.5
60.5 36.5
60.5 58.5
60.5 59.5
61.5 17.5
61.5 18.5
61.5 38.5
61.5 56.5
62.5 41.5
62.5 54.5
