4.5 62.5
5.5 11.5
5.5 25.5
5.5 38.5
5.5 50.5
5.5 51.5
5.5 62.5
5.5 63.5
6.5 11.5
6.5 25.5
6.5 26.5
6.5 39.5
6.5 51.5
6.5 63.5
6.5 64.5
7.5 10.5
7.5 26.5
7.5 27.5
7.5 39.5
7.5 40.5
7.5 51.5
7.5 64.5
8.5 9.5
8.5 10.5
8.5 27.5
8.5 28.5
8.5 39.5
8.5 40.5
8.5 52.5
8.5 65.5
9.5 9.5
9.5 40.5
9.5 52.5
10.5 34.5
10.5 46.5
10.5 58.5
11.5 14.5
11.5 21.5
11.5 34.5
11.5 46.5
11.5 47.5
11.5 58.5
11.5 59.5
12.5 13.5
12.5 14.5
12.5 21.5
12.5 22.5
12.5 34.5
12.5 35.5
12.5 46.5
12.5 47.5
12.5 59.5
13.5 13.5
13.5 22.5
13.5 35.5
13.5 47.5
13.5 48.5
13.5 60.5
14.5 12.5
14.5 23.5
14.5 48.5
20.5 25.5
20.5 35.5
20.5 49.5
20.5 62.5
20.5 63.5
21.5 10.5
21.5 25.5
21.5 26.5
21.5 34.5
21.5 35.5
21.5 49.5
21.5 50.5
21.5 63.5
22.5 9.5
22.5 10.5
22.5 26.5
22.5 34.5
22.5 35.5
22.5 49.5
22.5 50.5
22.5 63.5
22.5 64.5
23.5 9.5
23.5 26.5
23.5 27.5
23.5 33.5
23.5 34.5
23.5 50.5
23.5 51.5
23.5 64.5
24.5 8.5
24.5 9.5
24.5 27.5
24.5 33.5
24.5 51.5
25.5 8.5
25.5 57.5
25.5 58.5
26.5 15.5
26.5 21.5
26.5 39.5
26.5 45.5
26.5 58.5
26.5 59.5
27.5 14.5
27.5 21.5
27.5 22.5
27.5 38.5
27.5 39.5
27.5 45.5
27.5 46.5
27.5 58.5
27.5 59.5
28.5 13.5
28.5 14.5
28.5 22.5
28.5 23.5
28.5 38.5
28.5 46.5
28.5 59.5
28.5 60.5
29.5 12.5
29.5 13.5
29.5 23.5
29.5 37.5
29.5 47.5
30.5 12.5
35.5 62.5
36.5 11.5
36.5 23.5
36.5 35.5
36.5 47.5
36.5 62.5
36.5 63.5
37.5 10.5
37.5 11.5
37.5 22.5
37.5 23.5
37.5 35.5
37.5 47.5
37.5 62.5
37.5 63.5
37.5 64.5
38.5 9.5
38.5 10.5
38.5 22.5
38.5 23.5
38.5 34.5
38.5 35.5
38.5 47.5
38.5 63.5
38.5 64.5
39.5 9.5
39.5 22.5
39.5 34.5
39.5 46.5
39.5 47.5
39.5 64.5
40.5 8.5
40.5 21.5
41.5 15.5
41.5 28.5
41.5 40.5
41.5 52.5
41.5 57.5
41.5 58.5
42.5 14.5
42.5 15.5
42.5 27.5
42.5 28.5
42.5 39.5
42.5 40.5
42.5 51.5
42.5 52.5
42.5 58.5
42.5 59.5
43.5 14.5
43.5 15.5
43.5 26.5
43.5 27.5
43.5 39.5
43.5 40.5
43.5 51.5
43.5 59.5
43.5 60.5
44.5 13.5
44.5 14.5
44.5 26.5
44.5 38.5
44.5 39.5
44.5 51.5
44.5 60.5
45.5 13.5
45.5 26.5
50.5 62.5
51.5 39.5
51.5 51.5
51.5 62.5
51.5 63.5
52.5 11.5
52.5 26.5
52.5 39.5
52.5 40.5
52.5 51.5
52.5 63.5
52.5 64.5
53.5 10.5
53.5 11.5
53.5 26.5
53.5 27.5
53.5 40.5
53.5 51.5
53.5 63.5
53.5 64.5
54.5 9.5
54.5 10.5
54.5 27.5
54.5 40.5
54.5 41.5
54.5 51.5
54.5 52.5
55.5 9.5
55.5 27.5
55.5 28.5
55.5 41.5
55.5 52.5
56.5 47.5
56.5 57.5
56.5 58.5
57.5 15.5
57.5 16.5
57.5 22.5
57.5 34.5
57.5 47.5
57.5 58.5
57.5 59.5
58.5 14.5
58.5 15.5
58.5 22.5
58.5 34.5
58.5 35.5
58.5 47.5
58.5 48.5
58.5 58.5
58.5 59.5
59.5 14.5
59.5 15.5
59.5 22.5
59.5 23.5
59.5 35.5
59.5 36.5
59.5 48.5
59.5 59.5
60.5 13.5
60.5 14.5
60.5 23.5
60.5 36.5
60.5 48.5
61.5 13.5
61.5 24.5
61.5 37.5
