3.5 43.5
3.5 44.5
4.5 20.5
4.5 21.5
4.5 22.5
4.5 33.5
4.5 34.5
4.5 35.5
4.5 43.5
4.5 44.5
4.5 50.5
4.5 51.5
4.5 52.5
4.5 63.5
4.5 64.5
5.5 8.5
5.5 9.5
5.5 10.5
5.5 20.5
5.5 21.5
5.5 22.5
5.5 33.5
5.5 34.5
5.5 35.5
5.5 43.5
5.5 44.5
5.5 45.5
5.5 49.5
5.5 50.5
5.5 51.5
5.5 52.5
5.5 63.5
5.5 64.5
5.5 65.5
6.5 8.5
6.5 9.5
6.5 10.5
6.5 19.5
6.5 20.5
6.5 21.5
6.5 22.5
6.5 33.5
6.5 34.5
6.5 35.5
6.5 44.5
6.5 45.5
6.5 49.5
6.5 50.5
6.5 51.5
6.5 63.5
6.5 64.5
6.5 65.5
7.5 7.5
7.5 8.5
7.5 9.5
7.5 10.5
7.5 25.5
7.5 26.5
7.5 30.5
7.5 39.5
7.5 40.5
7.5 41.5
7.5 55.5
7.5 64.5
7.5 65.5
8.5 8.5
8.5 13.5
8.5 14.5
8.5 15.5
8.5 24.5
8.5 25.5
8.5 26.5
8.5 30.5
8.5 31.5
8.5 39.5
8.5 40.5
8.5 41.5
8.5 53.5
8.5 54.5
8.5 55.5
8.5 56.5
8.5 60.5
8.5 61.5
9.5 12.5
9.5 13.5
9.5 14.5
9.5 15.5
9.5 24.5
9.5 25.5
9.5 26.5
9.5 30.5
9.5 31.5
9.5 39.5
9.5 40.5
9.5 41.5
9.5 53.5
9.5 54.5
9.5 55.5
9.5 60.5
9.5 61.5
9.5 62.5
10.5 12.5
10.5 13.5
10.5 14.5
10.5 24.5
10.5 25.5
10.5 31.5
10.5 53.5
10.5 54.5
10.5 61.5
10.5 62.5
13.5 53.5
14.5 12.5
14.5 13.5
14.5 24.5
14.5 25.5
14.5 30.5
14.5 31.5
14.5 39.5
14.5 40.5
14.5 41.5
14.5 52.5
14.5 53.5
14.5 54.5
14.5 55.5
14.5 60.5
14.5 61.5
15.5 11.5
15.5 12.5
15.5 13.5
15.5 14.5
15.5 24.5
15.5 25.5
15.5 29.5
15.5 30.5
15.5 31.5
15.5 39.5
15.5 40.5
15.5 41.5
15.5 53.5
15.5 54.5
15.5 55.5
15.5 59.5
15.5 60.5
15.5 61.5
16.5 11.5
16.5 12.5
16.5 13.5
16.5 14.5
16.5 25.5
16.5 26.5
16.5 29.5
16.5 30.5
16.5 39.5
16.5 40.5
16.5 41.5
16.5 54.5
16.5 55.5
16.5 59.5
16.5 60.5
17.5 12.5
17.5 13.5
17.5 14.5
17.5 19.5
17.5 20.5
17.5 21.5
17.5 33.5
17.5 34.5
17.5 39.5
17.5 49.5
17.5 50.5
17.5 63.5
17.5 64.5
17.5 65.5
18.5 7.5
18.5 8.5
18.5 13.5
18.5 18.5
18.5 19.5
18.5 20.5
18.5 21.5
18.5 32.5
18.5 33.5
18.5 34.5
18.5 35.5
18.5 43.5
18.5 44.5
18.5 45.5
18.5 49.5
18.5 50.5
18.5 51.5
18.5 62.5
18.5 63.5
18.5 64.5
18.5 65.5
19.5 7.5
19.5 8.5
19.5 9.5
19.5 18.5
19.5 19.5
19.5 20.5
19.5 21.5
19.5 32.5
19.5 33.5
19.5 34.5
19.5 43.5
19.5 44.5
19.5 45.5
19.5 49.5
19.5 50.5
19.5 51.5
19.5 62.5
19.5 63.5
19.5 64.5
19.5 65.5
20.5 8.5
20.5 9.5
20.5 19.5
20.5 20.5
20.5 21.5
20.5 33.5
20.5 43.5
20.5 44.5
20.5 45.5
20.5 50.5
20.5 51.5
20.5 63.5
20.5 64.5
21.5 9.5
21.5 43.5
21.5 44.5
24.5 20.5
24.5 30.5
24.5 31.5
24.5 32.5
24.5 53.5
24.5 60.5
24.5 61.5
24.5 62.5
25.5 8.5
25.5 9.5
25.5 18.5
25.5 19.5
25.5 20.5
25.5 21.5
25.5 29.5
25.5 30.5
25.5 31.5
25.5 32.5
25.5 42.5
25.5 43.5
25.5 44.5
25.5 52.5
25.5 53.5
25.5 54.5
25.5 59.5
25.5 60.5
25.5 61.5
25.5 62.5
26.5 8.5
26.5 9.5
26.5 10.5
26.5 17.5
26.5 18.5
26.5 19.5
26.5 20.5
26.5 29.5
26.5 30.5
26.5 31.5
26.5 42.5
26.5 43.5
26.5 44.5
26.5 52.5
26.5 53.5
26.5 54.5
26.5 59.5
26.5 60.5
26.5 61.5
26.5 62.5
27.5 8.5
27.5 9.5
27.5 17.5
27.5 18.5
27.5 19.5
27.5 24.5
27.5 25.5
27.5 29.5
27.5 30.5
27.5 43.5
27.5 44.5
27.5 45.5
27.5 53.5
27.5 54.5
27.5 59.5
27.5 60.5
28.5 8.5
28.5 9.5
28.5 23.5
28.5 24.5
28.5 25.5
28.5 33.5
28.5 34.5
28.5 35.5
28.5 39.5
28.5 40.5
28.5 44.5
28.5 49.5
28.5 64.5
28.5 65.5
29.5 12.5
29.5 13.5
29.5 22.5
29.5 23.5
29.5 24.5
29.5 25.5
29.5 32.5
29.5 33.5
29.5 34.5
29.5 38.5
29.5 39.5
29.5 40.5
29.5 41.5
29.5 49.5
29.5 50.5
29.5 51.5
29.5 63.5
29.5 64.5
29.5 65.5
29.5 66.5
30.5 11.5
30.5 12.5
30.5 13.5
30.5 22.5
30.5 23.5
30.5 24.5
30.5 32.5
30.5 33.5
30.5 34.5
30.5 39.5
30.5 40.5
30.5 41.5
30.5 49.5
30.5 50.5
30.5 51.5
30.5 63.5
30.5 64.5
30.5 65.5
31.5 12.5
31.5 13.5
31.5 40.5
31.5 50.5
31.5 51.5
31.5 63.5
31.5 64.5
34.5 20.5
34.5 21.5
34.5 50.5
34.5 51.5
35.5 12.5
35.5 13.5
35.5 19.5
35.5 20.5
35.5 21.5
35.5 30.5
35.5 31.5
35.5 39.5
35.5 40.5
35.5 41.5
35.5 49.5
35.5 50.5
35.5 51.5
35.5 60.5
35.5 61.5
35.5 62.5
36.5 12.5
36.5 13.5
36.5 14.5
36.5 18.5
36.5 19.5
36.5 20.5
36.5 29.5
36.5 30.5
36.5 31.5
36.5 39.5
36.5 40.5
36.5 41.5
36.5 48.5
36.5 49.5
36.5 50.5
36.5 59.5
36.5 60.5
36.5 61.5
36.5 62.5
37.5 13.5
37.5 14.5
37.5 18.5
37.5 19.5
37.5 29.5
37.5 30.5
37.5 31.5
37.5 38.5
37.5 39.5
37.5 40.5
37.5 49.5
37.5 54.5
37.5 59.5
37.5 60.5
37.5 61.5
38.5 9.5
38.5 10.5
38.5 22.5
38.5 23.5
38.5 24.5
38.5 25.5
38.5 34.5
38.5 39.5
38.5 43.5
38.5 44.5
38.5 53.5
38.5 54.5
38.5 55.5
39.5 9.5
39.5 10.5
39.5 11.5
39.5 22.5
39.5 23.5
39.5 24.5
39.5 25.5
39.5 33.5
39.5 34.5
39.5 35.5
39.5 42.5
39.5 43.5
39.5 44.5
39.5 52.5
39.5 53.5
39.5 54.5
39.5 55.5
39.5 63.5
39.5 64.5
39.5 65.5
40.5 9.5
40.5 10.5
40.5 11.5
40.5 22.5
40.5 23.5
40.5 24.5
40.5 32.5
40.5 33.5
40.5 34.5
40.5 35.5
40.5 42.5
40.5 43.5
40.5 52.5
40.5 53.5
40.5 54.5
40.5 63.5
40.5 64.5
40.5 65.5
41.5 10.5
41.5 32.5
41.5 33.5
41.5 34.5
41.5 63.5
41.5 64.5
41.5 65.5
44.5 12.5
44.5 13.5
44.5 20.5
44.5 21.5
44.5 43.5
44.5 52.5
44.5 53.5
44.5 54.5
45.5 12.5
45.5 13.5
45.5 14.5
45.5 18.5
45.5 19.5
45.5 20.5
45.5 21.5
45.5 22.5
45.5 33.5
45.5 34.5
45.5 42.5
45.5 43.5
45.5 44.5
45.5 52.5
45.5 53.5
45.5 54.5
45.5 55.5
45.5 62.5
45.5 63.5
46.5 13.5
46.5 14.5
46.5 18.5
46.5 19.5
46.5 20.5
46.5 21.5
46.5 33.5
46.5 34.5
46.5 35.5
46.5 42.5
46.5 43.5
46.5 44.5
46.5 53.5
46.5 54.5
46.5 55.5
46.5 62.5
46.5 63.5
46.5 64.5
47.5 34.5
47.5 35.5
47.5 42.5
47.5 43.5
47.5 44.5
47.5 49.5
47.5 54.5
47.5 55.5
47.5 63.5
47.5 64.5
48.5 8.5
48.5 9.5
48.5 10.5
48.5 11.5
48.5 23.5
48.5 24.5
48.5 25.5
48.5 30.5
48.5 39.5
48.5 48.5
48.5 49.5
48.5 50.5
48.5 51.5
48.5 59.5
48.5 60.5
49.5 9.5
49.5 10.5
49.5 11.5
49.5 23.5
49.5 24.5
49.5 25.5
49.5 29.5
49.5 30.5
49.5 31.5
49.5 32.5
49.5 39.5
49.5 40.5
49.5 48.5
49.5 49.5
49.5 50.5
49.5 51.5
49.5 59.5
49.5 60.5
49.5 61.5
50.5 10.5
50.5 11.5
50.5 23.5
50.5 24.5
50.5 30.5
50.5 31.5
50.5 32.5
50.5 39.5
50.5 40.5
50.5 41.5
50.5 48.5
50.5 49.5
50.5 50.5
50.5 51.5
50.5 60.5
50.5 61.5
51.5 31.5
51.5 40.5
54.5 12.5
54.5 13.5
54.5 14.5
54.5 20.5
54.5 21.5
54.5 50.5
54.5 60.5
54.5 61.5
55.5 12.5
55.5 13.5
55.5 14.5
55.5 19.5
55.5 20.5
55.5 21.5
55.5 32.5
55.5 33.5
55.5 34.5
55.5 39.5
55.5 40.5
55.5 49.5
55.5 50.5
55.5 51.5
55.5 60.5
55.5 61.5
56.5 12.5
56.5 13.5
56.5 14.5
56.5 15.5
56.5 19.5
56.5 20.5
56.5 21.5
56.5 32.5
56.5 33.5
56.5 34.5
56.5 35.5
56.5 39.5
56.5 40.5
56.5 48.5
56.5 49.5
56.5 50.5
56.5 51.5
56.5 59.5
56.5 60.5
56.5 61.5
57.5 13.5
57.5 14.5
57.5 19.5
57.5 20.5
57.5 33.5
57.5 34.5
57.5 35.5
57.5 38.5
57.5 39.5
57.5 40.5
57.5 49.5
57.5 59.5
57.5 60.5
58.5 8.5
58.5 9.5
58.5 39.5
58.5 43.5
58.5 44.5
58.5 53.5
58.5 54.5
58.5 55.5
58.5 63.5
58.5 64.5
58.5 65.5
59.5 8.5
59.5 9.5
59.5 10.5
59.5 23.5
59.5 24.5
59.5 29.5
59.5 30.5
59.5 42.5
59.5 43.5
59.5 44.5
59.5 53.5
59.5 54.5
59.5 55.5
59.5 63.5
59.5 64.5
59.5 65.5
60.5 8.5
60.5 9.5
60.5 10.5
60.5 11.5
60.5 22.5
60.5 23.5
60.5 24.5
60.5 28.5
60.5 29.5
60.5 30.5
60.5 31.5
60.5 41.5
60.5 42.5
60.5 43.5
60.5 53.5
60.5 54.5
60.5 55.5
60.5 62.5
60.5 63.5
60.5 64.5
61.5 9.5
61.5 10.5
61.5 11.5
61.5 22.5
61.5 23.5
61.5 24.5
61.5 29.5
61.5 30.5
61.5 31.5
61.5 63.5
62.5 10.5
62.5 22.5
62.5 23.5
62.5 29.5
62.5 30.5
62.5 31.5
