2.5 41.5
3.5 40.5
3.5 51.5
4.5 12.5
4.5 20.5
4.5 31.5
4.5 40.5
4.5 50.5
4.5 62.5
5.5 30.5
5.5 39.5
5.5 49.5
5.5 61.5
6.5 13.5
6.5 19.5
6.5 29.5
6.5 30.5
6.5 44.5
6.5 48.5
6.5 60.5
7.5 14.5
7.5 29.5
7.5 35.5
7.5 43.5
7.5 59.5
7.5 66.5
8.5 14.5
8.5 18.5
8.5 24.5
8.5 43.5
8.5 54.5
8.5 55.5
8.5 65.5
9.5 23.5
9.5 24.5
9.5 34.5
9.5 53.5
9.5 54.5
9.5 64.5
10.5 9.5
10.5 23.5
10.5 33.5
10.5 52.5
10.5 63.5
11.5 10.5
11.5 22.5
12.5 11.5
14.5 43.5
14.5 53.5
14.5 64.5
15.5 34.5
15.5 43.5
15.5 54.5
15.5 64.5
16.5 12.5
16.5 22.5
16.5 23.5
16.5 35.5
16.5 44.5
16.5 54.5
16.5 55.5
16.5 65.5
17.5 13.5
17.5 25.5
17.5 35.5
17.5 39.5
17.5 44.5
17.5 55.5
17.5 65.5
18.5 14.5
18.5 29.5
18.5 49.5
18.5 60.5
19.5 8.5
19.5 18.5
19.5 19.5
19.5 30.5
19.5 31.5
19.5 40.5
19.5 50.5
19.5 60.5
20.5 9.5
20.5 20.5
20.5 32.5
20.5 50.5
20.5 51.5
20.5 61.5
21.5 10.5
21.5 41.5
21.5 51.5
24.5 21.5
24.5 32.5
25.5 10.5
25.5 11.5
25.5 20.5
25.5 31.5
25.5 52.5
25.5 61.5
26.5 9.5
26.5 19.5
26.5 30.5
26.5 40.5
26.5 50.5
26.5 51.5
26.5 60.5
27.5 18.5
27.5 39.5
27.5 49.5
27.5 59.5
28.5 13.5
28.5 24.5
28.5 25.5
28.5 55.5
28.5 65.5
29.5 12.5
29.5 23.5
29.5 24.5
29.5 34.5
29.5 44.5
29.5 54.5
29.5 64.5
30.5 22.5
30.5 43.5
30.5 53.5
30.5 63.5
31.5 33.5
31.5 42.5
34.5 10.5
35.5 10.5
35.5 22.5
35.5 53.5
35.5 63.5
36.5 9.5
36.5 23.5
36.5 24.5
36.5 43.5
36.5 53.5
36.5 64.5
37.5 8.5
37.5 34.5
37.5 44.5
37.5 45.5
37.5 65.5
38.5 18.5
38.5 29.5
38.5 49.5
38.5 54.5
38.5 58.5
38.5 59.5
39.5 13.5
39.5 19.5
39.5 30.5
39.5 39.5
39.5 50.5
39.5 59.5
39.5 60.5
40.5 12.5
40.5 19.5
40.5 31.5
40.5 40.5
40.5 50.5
40.5 60.5
40.5 61.5
41.5 12.5
41.5 20.5
44.5 31.5
45.5 21.5
45.5 30.5
45.5 41.5
45.5 61.5
46.5 10.5
46.5 22.5
46.5 29.5
46.5 40.5
46.5 50.5
46.5 59.5
46.5 60.5
47.5 9.5
47.5 10.5
47.5 23.5
47.5 28.5
47.5 39.5
47.5 58.5
48.5 8.5
48.5 9.5
48.5 35.5
48.5 45.5
48.5 53.5
48.5 66.5
49.5 33.5
49.5 34.5
49.5 44.5
49.5 53.5
49.5 64.5
49.5 65.5
50.5 14.5
50.5 19.5
50.5 20.5
50.5 32.5
50.5 63.5
50.5 64.5
51.5 13.5
51.5 21.5
52.5 12.5
54.5 44.5
54.5 51.5
55.5 22.5
55.5 31.5
55.5 44.5
55.5 51.5
55.5 62.5
56.5 12.5
56.5 13.5
56.5 23.5
56.5 30.5
56.5 45.5
56.5 50.5
56.5 63.5
56.5 64.5
57.5 15.5
57.5 24.5
57.5 45.5
57.5 50.5
57.5 65.5
58.5 19.5
58.5 35.5
58.5 58.5
59.5 9.5
59.5 10.5
59.5 20.5
59.5 34.5
59.5 40.5
59.5 54.5
59.5 59.5
60.5 11.5
60.5 22.5
60.5 34.5
60.5 40.5
60.5 53.5
60.5 59.5
60.5 60.5
61.5 33.5
61.5 41.5
61.5 53.5
61.5 60.5
62.5 41.5
62.5 52.5
62.5 61.5
