4.5 37.5
4.5 48.5
5.5 11.5
5.5 23.5
5.5 38.5
5.5 39.5
5.5 48.5
6.5 10.5
6.5 22.5
6.5 23.5
6.5 39.5
6.5 40.5
6.5 47.5
6.5 61.5
7.5 9.5
7.5 21.5
7.5 22.5
7.5 40.5
7.5 47.5
7.5 59.5
7.5 60.5
8.5 21.5
8.5 46.5
8.5 58.5
8.5 59.5
9.5 15.5
9.5 53.5
10.5 14.5
10.5 27.5
10.5 33.5
10.5 34.5
10.5 52.5
10.5 65.5
11.5 13.5
11.5 14.5
11.5 26.5
11.5 34.5
11.5 35.5
11.5 51.5
11.5 52.5
11.5 64.5
12.5 13.5
12.5 25.5
12.5 36.5
12.5 51.5
12.5 63.5
17.5 37.5
18.5 14.5
18.5 23.5
18.5 34.5
18.5 35.5
18.5 36.5
18.5 50.5
18.5 51.5
18.5 63.5
19.5 15.5
19.5 22.5
19.5 33.5
19.5 51.5
19.5 52.5
19.5 64.5
19.5 65.5
20.5 21.5
20.5 42.5
20.5 46.5
21.5 8.5
21.5 27.5
21.5 28.5
21.5 40.5
21.5 41.5
21.5 47.5
21.5 57.5
22.5 9.5
22.5 10.5
22.5 26.5
22.5 39.5
22.5 48.5
22.5 58.5
22.5 59.5
23.5 11.5
23.5 25.5
23.5 60.5
28.5 26.5
28.5 39.5
28.5 48.5
29.5 12.5
29.5 13.5
29.5 27.5
29.5 39.5
29.5 40.5
29.5 59.5
29.5 60.5
30.5 13.5
30.5 14.5
30.5 27.5
30.5 28.5
30.5 40.5
30.5 47.5
30.5 58.5
30.5 59.5
31.5 14.5
31.5 15.5
31.5 28.5
31.5 40.5
31.5 41.5
31.5 57.5
31.5 58.5
32.5 41.5
32.5 46.5
33.5 8.5
33.5 21.5
33.5 22.5
33.5 34.5
33.5 52.5
33.5 64.5
33.5 65.5
34.5 9.5
34.5 22.5
34.5 35.5
34.5 51.5
34.5 63.5
34.5 64.5
35.5 10.5
35.5 23.5
35.5 35.5
35.5 36.5
35.5 50.5
35.5 51.5
35.5 63.5
36.5 11.5
36.5 24.5
36.5 36.5
36.5 50.5
36.5 62.5
41.5 24.5
41.5 62.5
42.5 13.5
42.5 25.5
42.5 36.5
42.5 51.5
42.5 63.5
43.5 14.5
43.5 26.5
43.5 34.5
43.5 35.5
43.5 52.5
43.5 53.5
43.5 64.5
44.5 14.5
44.5 27.5
44.5 33.5
44.5 34.5
44.5 53.5
44.5 58.5
45.5 15.5
45.5 59.5
46.5 20.5
46.5 40.5
46.5 46.5
46.5 59.5
47.5 9.5
47.5 21.5
47.5 39.5
47.5 47.5
47.5 48.5
47.5 60.5
48.5 10.5
48.5 22.5
48.5 37.5
48.5 38.5
48.5 49.5
49.5 11.5
49.5 23.5
53.5 50.5
53.5 60.5
54.5 23.5
54.5 37.5
54.5 38.5
54.5 51.5
54.5 59.5
54.5 60.5
55.5 13.5
55.5 22.5
55.5 38.5
55.5 39.5
55.5 52.5
55.5 53.5
55.5 59.5
56.5 14.5
56.5 15.5
56.5 21.5
56.5 40.5
56.5 53.5
56.5 58.5
57.5 16.5
58.5 26.5
58.5 32.5
58.5 46.5
58.5 47.5
58.5 63.5
59.5 8.5
59.5 9.5
59.5 10.5
59.5 26.5
59.5 33.5
59.5 34.5
59.5 47.5
59.5 48.5
59.5 62.5
60.5 10.5
60.5 11.5
60.5 25.5
60.5 34.5
60.5 35.5
60.5 49.5
60.5 62.5
61.5 36.5
