2.5 23.5
3.5 12.5
3.5 24.5
3.5 37.5
3.5 50.5
3.5 61.5
4.5 12.5
4.5 13.5
4.5 25.5
4.5 36.5
4.5 49.5
4.5 62.5
5.5 13.5
5.5 25.5
5.5 26.5
5.5 35.5
5.5 47.5
5.5 48.5
5.5 62.5
5.5 63.5
6.5 13.5
6.5 14.5
6.5 26.5
6.5 27.5
6.5 34.5
6.5 42.5
6.5 46.5
6.5 47.5
6.5 63.5
7.5 14.5
7.5 15.5
7.5 20.5
7.5 27.5
7.5 33.5
7.5 34.5
7.5 41.5
7.5 45.5
7.5 46.5
7.5 54.5
7.5 63.5
7.5 64.5
8.5 6.5
8.5 15.5
8.5 20.5
8.5 21.5
8.5 28.5
8.5 32.5
8.5 33.5
8.5 40.5
8.5 41.5
8.5 45.5
8.5 53.5
8.5 56.5
8.5 64.5
9.5 7.5
9.5 8.5
9.5 16.5
9.5 21.5
9.5 29.5
9.5 32.5
9.5 39.5
9.5 40.5
9.5 44.5
9.5 52.5
9.5 57.5
9.5 65.5
10.5 8.5
10.5 9.5
10.5 16.5
10.5 22.5
10.5 38.5
10.5 39.5
10.5 51.5
10.5 58.5
10.5 65.5
11.5 9.5
11.5 10.5
11.5 22.5
11.5 23.5
11.5 37.5
11.5 38.5
11.5 50.5
11.5 59.5
12.5 11.5
12.5 23.5
12.5 24.5
12.5 37.5
12.5 49.5
12.5 59.5
12.5 60.5
13.5 12.5
13.5 24.5
13.5 36.5
13.5 60.5
13.5 61.5
14.5 25.5
14.5 61.5
15.5 48.5
16.5 12.5
16.5 13.5
16.5 23.5
16.5 36.5
16.5 49.5
16.5 61.5
17.5 10.5
17.5 11.5
17.5 23.5
17.5 24.5
17.5 37.5
17.5 38.5
17.5 50.5
17.5 60.5
17.5 61.5
18.5 8.5
18.5 9.5
18.5 10.5
18.5 24.5
18.5 25.5
18.5 38.5
18.5 39.5
18.5 51.5
18.5 59.5
18.5 60.5
19.5 7.5
19.5 8.5
19.5 25.5
19.5 26.5
19.5 39.5
19.5 40.5
19.5 43.5
19.5 52.5
19.5 58.5
19.5 59.5
20.5 15.5
20.5 16.5
20.5 18.5
20.5 26.5
20.5 27.5
20.5 30.5
20.5 31.5
20.5 40.5
20.5 41.5
20.5 44.5
20.5 45.5
20.5 53.5
20.5 57.5
20.5 66.5
21.5 14.5
21.5 15.5
21.5 19.5
21.5 27.5
21.5 28.5
21.5 31.5
21.5 32.5
21.5 41.5
21.5 45.5
21.5 46.5
21.5 54.5
21.5 56.5
21.5 65.5
22.5 13.5
22.5 20.5
22.5 32.5
22.5 33.5
22.5 46.5
22.5 47.5
22.5 48.5
22.5 63.5
22.5 64.5
23.5 11.5
23.5 12.5
23.5 21.5
23.5 33.5
23.5 34.5
23.5 48.5
23.5 49.5
23.5 62.5
23.5 63.5
24.5 10.5
24.5 22.5
24.5 35.5
24.5 49.5
24.5 50.5
24.5 61.5
24.5 62.5
25.5 23.5
25.5 36.5
25.5 61.5
26.5 11.5
27.5 11.5
27.5 23.5
27.5 47.5
27.5 63.5
28.5 10.5
28.5 22.5
28.5 23.5
28.5 35.5
28.5 36.5
28.5 48.5
28.5 49.5
28.5 62.5
29.5 9.5
29.5 10.5
29.5 22.5
29.5 34.5
29.5 35.5
29.5 49.5
29.5 50.5
29.5 60.5
29.5 61.5
30.5 9.5
30.5 21.5
30.5 22.5
30.5 33.5
30.5 34.5
30.5 50.5
30.5 51.5
30.5 52.5
30.5 59.5
30.5 60.5
31.5 8.5
31.5 9.5
31.5 21.5
31.5 32.5
31.5 33.5
31.5 41.5
31.5 52.5
31.5 53.5
31.5 58.5
31.5 59.5
31.5 67.5
32.5 8.5
32.5 16.5
32.5 17.5
32.5 21.5
32.5 27.5
32.5 31.5
32.5 32.5
32.5 40.5
32.5 44.5
32.5 53.5
32.5 54.5
32.5 57.5
32.5 58.5
32.5 66.5
33.5 8.5
33.5 15.5
33.5 16.5
33.5 20.5
33.5 21.5
33.5 27.5
33.5 31.5
33.5 39.5
33.5 40.5
33.5 44.5
33.5 45.5
33.5 57.5
33.5 65.5
34.5 7.5
34.5 14.5
34.5 15.5
34.5 20.5
34.5 26.5
34.5 30.5
34.5 38.5
34.5 39.5
34.5 45.5
34.5 46.5
34.5 63.5
34.5 64.5
35.5 13.5
35.5 14.5
35.5 26.5
35.5 38.5
35.5 46.5
35.5 47.5
35.5 62.5
35.5 63.5
36.5 12.5
36.5 13.5
36.5 25.5
36.5 26.5
36.5 37.5
36.5 38.5
36.5 47.5
36.5 48.5
36.5 61.5
36.5 62.5
37.5 12.5
37.5 25.5
37.5 36.5
37.5 37.5
37.5 49.5
37.5 61.5
38.5 11.5
38.5 36.5
38.5 50.5
39.5 35.5
39.5 63.5
40.5 25.5
40.5 61.5
40.5 62.5
41.5 11.5
41.5 12.5
41.5 24.5
41.5 37.5
41.5 48.5
41.5 49.5
41.5 60.5
41.5 61.5
42.5 12.5
42.5 13.5
42.5 14.5
42.5 23.5
42.5 36.5
42.5 37.5
42.5 50.5
42.5 51.5
42.5 59.5
42.5 60.5
43.5 14.5
43.5 15.5
43.5 22.5
43.5 35.5
43.5 36.5
43.5 51.5
43.5 52.5
43.5 58.5
44.5 7.5
44.5 16.5
44.5 17.5
44.5 21.5
44.5 34.5
44.5 35.5
44.5 53.5
44.5 57.5
44.5 66.5
45.5 8.5
45.5 18.5
45.5 20.5
45.5 30.5
45.5 31.5
45.5 34.5
45.5 41.5
45.5 44.5
45.5 56.5
45.5 64.5
45.5 65.5
46.5 8.5
46.5 9.5
46.5 27.5
46.5 28.5
46.5 29.5
46.5 33.5
46.5 41.5
46.5 45.5
46.5 46.5
46.5 63.5
46.5 64.5
47.5 9.5
47.5 10.5
47.5 25.5
47.5 26.5
47.5 27.5
47.5 28.5
47.5 40.5
47.5 46.5
47.5 47.5
47.5 62.5
47.5 63.5
48.5 10.5
48.5 11.5
48.5 23.5
48.5 24.5
48.5 25.5
48.5 39.5
48.5 47.5
48.5 48.5
48.5 61.5
48.5 62.5
49.5 12.5
49.5 22.5
49.5 38.5
49.5 39.5
49.5 49.5
49.5 61.5
50.5 38.5
50.5 60.5
51.5 37.5
52.5 11.5
52.5 22.5
52.5 37.5
52.5 48.5
52.5 62.5
53.5 12.5
53.5 23.5
53.5 24.5
53.5 38.5
53.5 48.5
53.5 49.5
53.5 60.5
53.5 61.5
54.5 13.5
54.5 24.5
54.5 25.5
54.5 26.5
54.5 39.5
54.5 49.5
54.5 50.5
54.5 58.5
54.5 59.5
54.5 60.5
55.5 14.5
55.5 25.5
55.5 26.5
55.5 27.5
55.5 40.5
55.5 51.5
55.5 52.5
55.5 57.5
55.5 58.5
56.5 6.5
56.5 15.5
56.5 19.5
56.5 27.5
56.5 28.5
56.5 40.5
56.5 41.5
56.5 44.5
56.5 52.5
56.5 53.5
56.5 56.5
56.5 57.5
57.5 7.5
57.5 8.5
57.5 16.5
57.5 20.5
57.5 28.5
57.5 29.5
57.5 41.5
57.5 45.5
57.5 55.5
57.5 65.5
57.5 66.5
58.5 8.5
58.5 9.5
58.5 17.5
58.5 21.5
58.5 30.5
58.5 32.5
58.5 33.5
58.5 34.5
58.5 42.5
58.5 46.5
58.5 63.5
58.5 64.5
59.5 9.5
59.5 10.5
59.5 21.5
59.5 22.5
59.5 33.5
59.5 34.5
59.5 35.5
59.5 36.5
59.5 47.5
59.5 61.5
59.5 62.5
60.5 11.5
60.5 12.5
60.5 22.5
60.5 36.5
60.5 37.5
60.5 38.5
60.5 48.5
60.5 59.5
60.5 60.5
61.5 12.5
61.5 13.5
61.5 23.5
61.5 39.5
61.5 49.5
62.5 24.5
