3.5 62.5
4.5 13.5
4.5 62.5
5.5 37.5
5.5 48.5
6.5 14.5
6.5 24.5
6.5 37.5
6.5 48.5
6.5 63.5
7.5 14.5
7.5 24.5
7.5 38.5
7.5 47.5
7.5 63.5
8.5 14.5
8.5 15.5
8.5 23.5
8.5 38.5
8.5 47.5
8.5 63.5
9.5 15.5
9.5 23.5
9.5 39.5
9.5 46.5
9.5 47.5
9.5 64.5
10.5 15.5
10.5 22.5
10.5 39.5
10.5 46.5
10.5 64.5
11.5 16.5
11.5 22.5
11.5 46.5
11.5 58.5
12.5 9.5
12.5 16.5
12.5 34.5
12.5 40.5
12.5 45.5
12.5 52.5
12.5 58.5
13.5 9.5
13.5 28.5
13.5 34.5
13.5 52.5
13.5 58.5
14.5 9.5
14.5 27.5
14.5 28.5
14.5 35.5
14.5 59.5
15.5 10.5
15.5 27.5
15.5 35.5
15.5 51.5
15.5 59.5
16.5 10.5
16.5 27.5
16.5 36.5
16.5 51.5
16.5 59.5
17.5 10.5
17.5 26.5
17.5 36.5
17.5 59.5
18.5 11.5
18.5 26.5
18.5 50.5
18.5 59.5
18.5 60.5
19.5 11.5
19.5 25.5
19.5 37.5
19.5 50.5
19.5 60.5
20.5 60.5
24.5 38.5
25.5 25.5
25.5 38.5
25.5 48.5
26.5 13.5
26.5 26.5
26.5 38.5
26.5 61.5
27.5 13.5
27.5 26.5
27.5 39.5
27.5 47.5
27.5 62.5
28.5 13.5
28.5 26.5
28.5 27.5
28.5 39.5
28.5 47.5
28.5 62.5
29.5 13.5
29.5 14.5
29.5 27.5
29.5 39.5
29.5 46.5
29.5 62.5
30.5 14.5
30.5 27.5
30.5 39.5
30.5 46.5
30.5 63.5
31.5 14.5
31.5 28.5
31.5 40.5
31.5 46.5
31.5 63.5
32.5 14.5
32.5 21.5
32.5 28.5
32.5 40.5
32.5 63.5
32.5 64.5
33.5 15.5
33.5 21.5
33.5 34.5
33.5 40.5
33.5 45.5
33.5 52.5
33.5 57.5
33.5 64.5
34.5 9.5
34.5 15.5
34.5 21.5
34.5 34.5
34.5 52.5
34.5 58.5
35.5 9.5
35.5 22.5
35.5 34.5
35.5 51.5
35.5 58.5
36.5 10.5
36.5 22.5
36.5 35.5
36.5 51.5
36.5 59.5
37.5 10.5
37.5 22.5
37.5 35.5
37.5 50.5
37.5 51.5
37.5 59.5
38.5 23.5
38.5 35.5
38.5 50.5
38.5 60.5
39.5 11.5
39.5 23.5
39.5 50.5
39.5 60.5
40.5 23.5
40.5 36.5
40.5 49.5
45.5 49.5
46.5 24.5
46.5 35.5
46.5 62.5
47.5 11.5
47.5 23.5
47.5 35.5
47.5 48.5
47.5 62.5
48.5 11.5
48.5 23.5
48.5 35.5
48.5 48.5
48.5 63.5
49.5 10.5
49.5 23.5
49.5 34.5
49.5 47.5
49.5 48.5
49.5 63.5
50.5 10.5
50.5 22.5
50.5 34.5
50.5 47.5
50.5 63.5
51.5 22.5
51.5 34.5
51.5 47.5
52.5 9.5
52.5 28.5
52.5 33.5
52.5 46.5
52.5 47.5
52.5 64.5
53.5 9.5
53.5 16.5
53.5 21.5
53.5 33.5
53.5 40.5
53.5 46.5
53.5 53.5
53.5 58.5
53.5 64.5
54.5 15.5
54.5 27.5
54.5 40.5
54.5 46.5
54.5 58.5
55.5 15.5
55.5 27.5
55.5 39.5
55.5 52.5
55.5 59.5
56.5 14.5
56.5 27.5
56.5 39.5
56.5 52.5
56.5 59.5
57.5 14.5
57.5 26.5
57.5 38.5
57.5 39.5
57.5 51.5
57.5 59.5
58.5 13.5
58.5 26.5
58.5 38.5
58.5 51.5
58.5 59.5
59.5 13.5
59.5 26.5
59.5 38.5
59.5 60.5
60.5 38.5
60.5 50.5
60.5 60.5
61.5 37.5
