2.5 41.5
3.5 33.5
4.5 11.5
4.5 33.5
4.5 42.5
4.5 63.5
5.5 10.5
5.5 23.5
5.5 33.5
5.5 43.5
5.5 53.5
5.5 62.5
6.5 9.5
6.5 24.5
6.5 38.5
6.5 43.5
6.5 62.5
7.5 25.5
7.5 34.5
7.5 54.5
7.5 61.5
8.5 8.5
8.5 15.5
8.5 19.5
8.5 26.5
8.5 29.5
8.5 34.5
8.5 44.5
8.5 60.5
9.5 7.5
9.5 14.5
9.5 20.5
9.5 34.5
9.5 39.5
9.5 48.5
9.5 55.5
9.5 60.5
9.5 67.5
10.5 13.5
10.5 21.5
10.5 30.5
10.5 39.5
10.5 49.5
10.5 59.5
10.5 66.5
11.5 50.5
12.5 12.5
12.5 31.5
12.5 40.5
12.5 51.5
12.5 65.5
13.5 11.5
13.5 40.5
13.5 52.5
13.5 64.5
14.5 53.5
14.5 63.5
15.5 11.5
15.5 22.5
16.5 12.5
16.5 21.5
16.5 31.5
17.5 13.5
17.5 30.5
17.5 41.5
17.5 53.5
17.5 63.5
18.5 14.5
18.5 20.5
18.5 25.5
18.5 30.5
18.5 42.5
18.5 50.5
18.5 51.5
19.5 15.5
19.5 19.5
19.5 29.5
19.5 43.5
19.5 48.5
19.5 49.5
19.5 64.5
20.5 9.5
20.5 16.5
20.5 24.5
20.5 29.5
20.5 44.5
20.5 65.5
21.5 10.5
21.5 28.5
21.5 39.5
21.5 55.5
21.5 59.5
22.5 11.5
22.5 23.5
22.5 34.5
22.5 40.5
22.5 54.5
22.5 60.5
22.5 66.5
23.5 33.5
23.5 41.5
23.5 53.5
23.5 60.5
24.5 22.5
24.5 32.5
24.5 42.5
24.5 52.5
24.5 61.5
25.5 51.5
26.5 62.5
27.5 12.5
27.5 21.5
28.5 21.5
28.5 32.5
28.5 43.5
28.5 51.5
29.5 13.5
29.5 20.5
29.5 31.5
29.5 43.5
29.5 62.5
30.5 14.5
30.5 20.5
30.5 30.5
30.5 44.5
30.5 50.5
30.5 63.5
31.5 14.5
31.5 25.5
31.5 29.5
31.5 44.5
31.5 50.5
31.5 64.5
32.5 8.5
32.5 19.5
32.5 28.5
32.5 36.5
32.5 39.5
32.5 49.5
32.5 65.5
33.5 9.5
33.5 15.5
33.5 24.5
33.5 27.5
33.5 35.5
33.5 45.5
33.5 49.5
33.5 58.5
33.5 66.5
34.5 9.5
34.5 23.5
34.5 34.5
34.5 40.5
34.5 54.5
34.5 59.5
35.5 10.5
35.5 33.5
35.5 41.5
35.5 60.5
36.5 22.5
36.5 32.5
36.5 53.5
36.5 61.5
37.5 11.5
37.5 42.5
37.5 52.5
37.5 62.5
39.5 31.5
40.5 32.5
40.5 42.5
41.5 22.5
41.5 33.5
41.5 41.5
41.5 63.5
42.5 12.5
42.5 34.5
42.5 40.5
42.5 52.5
42.5 61.5
43.5 13.5
43.5 23.5
43.5 27.5
43.5 35.5
43.5 39.5
43.5 53.5
43.5 60.5
44.5 28.5
44.5 54.5
44.5 58.5
44.5 66.5
45.5 8.5
45.5 14.5
45.5 18.5
45.5 24.5
45.5 29.5
45.5 45.5
45.5 49.5
45.5 55.5
45.5 65.5
46.5 9.5
46.5 15.5
46.5 19.5
46.5 30.5
46.5 44.5
46.5 50.5
46.5 64.5
47.5 9.5
47.5 19.5
47.5 31.5
47.5 43.5
47.5 50.5
47.5 64.5
48.5 10.5
48.5 20.5
48.5 42.5
48.5 51.5
48.5 63.5
49.5 20.5
49.5 62.5
51.5 31.5
51.5 42.5
52.5 11.5
52.5 20.5
52.5 30.5
52.5 52.5
53.5 10.5
53.5 21.5
53.5 29.5
53.5 41.5
53.5 53.5
53.5 60.5
54.5 9.5
54.5 22.5
54.5 28.5
54.5 40.5
54.5 54.5
54.5 60.5
55.5 8.5
55.5 35.5
55.5 40.5
55.5 60.5
56.5 7.5
56.5 18.5
56.5 34.5
56.5 39.5
56.5 55.5
56.5 60.5
57.5 6.5
57.5 14.5
57.5 33.5
57.5 39.5
57.5 45.5
57.5 48.5
57.5 56.5
57.5 60.5
58.5 13.5
58.5 14.5
58.5 19.5
58.5 32.5
58.5 44.5
58.5 49.5
58.5 50.5
58.5 60.5
58.5 66.5
59.5 12.5
59.5 31.5
59.5 43.5
59.5 50.5
59.5 51.5
59.5 65.5
60.5 11.5
60.5 20.5
60.5 52.5
60.5 64.5
61.5 10.5
61.5 20.5
61.5 42.5
61.5 53.5
61.5 63.5
62.5 41.5
