4.5 12.5
4.5 59.5
5.5 14.5
5.5 15.5
5.5 26.5
5.5 35.5
5.5 47.5
5.5 57.5
5.5 58.5
6.5 16.5
6.5 27.5
6.5 34.5
6.5 46.5
7.5 33.5
7.5 45.5
7.5 63.5
7.5 64.5
8.5 8.5
8.5 9.5
8.5 22.5
8.5 52.5
8.5 62.5
8.5 63.5
9.5 9.5
9.5 10.5
9.5 23.5
9.5 38.5
9.5 39.5
9.5 40.5
9.5 51.5
9.5 62.5
10.5 11.5
10.5 37.5
10.5 38.5
10.5 50.5
14.5 24.5
14.5 50.5
14.5 60.5
15.5 11.5
15.5 23.5
15.5 51.5
15.5 52.5
15.5 58.5
15.5 59.5
16.5 10.5
16.5 22.5
16.5 23.5
16.5 36.5
16.5 37.5
16.5 53.5
17.5 9.5
17.5 22.5
17.5 34.5
17.5 35.5
18.5 16.5
18.5 64.5
19.5 14.5
19.5 15.5
19.5 28.5
19.5 47.5
19.5 48.5
19.5 62.5
19.5 63.5
20.5 14.5
20.5 27.5
20.5 41.5
20.5 48.5
20.5 49.5
21.5 13.5
21.5 26.5
21.5 27.5
21.5 39.5
21.5 40.5
22.5 38.5
25.5 13.5
25.5 51.5
25.5 59.5
25.5 60.5
26.5 15.5
26.5 25.5
26.5 38.5
26.5 51.5
26.5 52.5
26.5 58.5
26.5 59.5
27.5 27.5
27.5 39.5
27.5 40.5
27.5 41.5
27.5 53.5
28.5 9.5
29.5 10.5
29.5 11.5
29.5 22.5
29.5 33.5
29.5 34.5
29.5 46.5
29.5 47.5
29.5 64.5
30.5 11.5
30.5 12.5
30.5 24.5
30.5 35.5
30.5 36.5
30.5 48.5
30.5 49.5
30.5 63.5
34.5 24.5
35.5 13.5
35.5 14.5
35.5 22.5
35.5 23.5
35.5 35.5
35.5 36.5
35.5 48.5
35.5 49.5
35.5 62.5
36.5 15.5
36.5 16.5
36.5 21.5
36.5 22.5
36.5 34.5
36.5 46.5
36.5 47.5
36.5 48.5
36.5 63.5
38.5 28.5
38.5 40.5
38.5 41.5
38.5 53.5
38.5 58.5
39.5 10.5
39.5 11.5
39.5 26.5
39.5 27.5
39.5 39.5
39.5 40.5
39.5 52.5
39.5 59.5
40.5 12.5
40.5 25.5
40.5 38.5
40.5 51.5
40.5 60.5
44.5 13.5
44.5 38.5
44.5 49.5
45.5 14.5
45.5 26.5
45.5 39.5
45.5 40.5
45.5 48.5
45.5 60.5
46.5 15.5
46.5 27.5
46.5 41.5
46.5 42.5
46.5 59.5
47.5 28.5
47.5 58.5
48.5 9.5
48.5 21.5
48.5 33.5
48.5 34.5
48.5 53.5
48.5 64.5
49.5 10.5
49.5 22.5
49.5 35.5
49.5 36.5
49.5 51.5
49.5 52.5
49.5 63.5
50.5 23.5
50.5 50.5
50.5 62.5
55.5 10.5
55.5 38.5
55.5 49.5
56.5 9.5
56.5 22.5
56.5 23.5
56.5 38.5
56.5 39.5
56.5 48.5
56.5 63.5
57.5 8.5
57.5 20.5
57.5 21.5
57.5 40.5
57.5 47.5
57.5 64.5
58.5 15.5
58.5 46.5
58.5 65.5
59.5 14.5
59.5 33.5
60.5 13.5
60.5 27.5
60.5 28.5
60.5 34.5
60.5 35.5
60.5 52.5
60.5 58.5
60.5 59.5
61.5 12.5
61.5 25.5
61.5 26.5
61.5 35.5
61.5 36.5
61.5 51.5
61.5 59.5
61.5 60.5
62.5 37.5
62.5 50.5
