2.5 11.5
2.5 29.5
2.5 30.5
2.5 45.5
2.5 46.5
2.5 58.5
3.5 12.5
3.5 13.5
3.5 28.5
3.5 29.5
3.5 44.5
3.5 45.5
3.5 59.5
4.5 13.5
4.5 14.5
4.5 15.5
4.5 27.5
4.5 28.5
4.5 42.5
4.5 43.5
4.5 60.5
5.5 15.5
5.5 16.5
5.5 17.5
5.5 26.5
5.5 27.5
5.5 41.5
5.5 42.5
5.5 51.5
5.5 53.5
5.5 61.5
5.5 62.5
6.5 17.5
6.5 18.5
6.5 25.5
6.5 40.5
6.5 41.5
6.5 50.5
6.5 54.5
6.5 62.5
6.5 63.5
7.5 19.5
7.5 20.5
7.5 24.5
7.5 35.5
7.5 36.5
7.5 38.5
7.5 39.5
7.5 49.5
7.5 54.5
7.5 55.5
7.5 63.5
7.5 64.5
8.5 6.5
8.5 7.5
8.5 21.5
8.5 23.5
8.5 34.5
8.5 35.5
8.5 37.5
8.5 48.5
8.5 49.5
8.5 55.5
8.5 56.5
8.5 64.5
8.5 65.5
9.5 8.5
9.5 9.5
9.5 32.5
9.5 33.5
9.5 47.5
9.5 48.5
9.5 56.5
9.5 66.5
10.5 10.5
10.5 11.5
10.5 30.5
10.5 31.5
10.5 46.5
10.5 47.5
10.5 57.5
11.5 12.5
11.5 13.5
11.5 28.5
11.5 29.5
11.5 45.5
11.5 46.5
11.5 57.5
11.5 58.5
12.5 14.5
12.5 27.5
12.5 28.5
12.5 44.5
12.5 45.5
12.5 58.5
12.5 59.5
13.5 16.5
13.5 44.5
13.5 59.5
14.5 43.5
14.5 60.5
15.5 16.5
15.5 26.5
15.5 43.5
15.5 61.5
16.5 14.5
16.5 15.5
16.5 28.5
16.5 29.5
16.5 44.5
16.5 59.5
16.5 60.5
17.5 12.5
17.5 13.5
17.5 29.5
17.5 30.5
17.5 31.5
17.5 45.5
17.5 46.5
17.5 58.5
18.5 10.5
18.5 11.5
18.5 31.5
18.5 32.5
18.5 33.5
18.5 47.5
18.5 56.5
18.5 57.5
19.5 8.5
19.5 9.5
19.5 21.5
19.5 22.5
19.5 34.5
19.5 35.5
19.5 37.5
19.5 48.5
19.5 49.5
19.5 55.5
20.5 7.5
20.5 19.5
20.5 20.5
20.5 23.5
20.5 24.5
20.5 36.5
20.5 38.5
20.5 39.5
20.5 40.5
20.5 50.5
20.5 53.5
20.5 54.5
21.5 17.5
21.5 18.5
21.5 24.5
21.5 25.5
21.5 40.5
21.5 41.5
21.5 42.5
21.5 51.5
21.5 52.5
21.5 64.5
21.5 65.5
21.5 66.5
22.5 16.5
22.5 17.5
22.5 26.5
22.5 27.5
22.5 42.5
22.5 43.5
22.5 61.5
22.5 62.5
22.5 63.5
22.5 64.5
23.5 14.5
23.5 15.5
23.5 27.5
23.5 28.5
23.5 44.5
23.5 45.5
23.5 59.5
23.5 60.5
23.5 61.5
23.5 62.5
24.5 13.5
24.5 29.5
24.5 46.5
24.5 47.5
24.5 57.5
24.5 58.5
24.5 59.5
25.5 11.5
25.5 30.5
27.5 11.5
27.5 27.5
27.5 45.5
27.5 57.5
28.5 13.5
28.5 28.5
28.5 29.5
28.5 43.5
28.5 44.5
28.5 58.5
28.5 59.5
29.5 14.5
29.5 15.5
29.5 29.5
29.5 30.5
29.5 42.5
29.5 43.5
29.5 60.5
30.5 15.5
30.5 16.5
30.5 30.5
30.5 31.5
30.5 40.5
30.5 41.5
30.5 42.5
30.5 61.5
30.5 62.5
31.5 6.5
31.5 17.5
31.5 18.5
31.5 21.5
31.5 31.5
31.5 32.5
31.5 39.5
31.5 40.5
31.5 51.5
31.5 52.5
31.5 53.5
31.5 63.5
31.5 64.5
32.5 7.5
32.5 8.5
32.5 18.5
32.5 19.5
32.5 22.5
32.5 23.5
32.5 32.5
32.5 33.5
32.5 38.5
32.5 39.5
32.5 50.5
32.5 54.5
32.5 64.5
32.5 65.5
33.5 8.5
33.5 9.5
33.5 20.5
33.5 23.5
33.5 24.5
33.5 34.5
33.5 37.5
33.5 48.5
33.5 49.5
33.5 55.5
33.5 56.5
33.5 66.5
33.5 67.5
34.5 9.5
34.5 10.5
34.5 25.5
34.5 26.5
34.5 35.5
34.5 47.5
34.5 48.5
34.5 56.5
34.5 57.5
35.5 11.5
35.5 12.5
35.5 26.5
35.5 27.5
35.5 45.5
35.5 46.5
35.5 57.5
35.5 58.5
36.5 12.5
36.5 13.5
36.5 28.5
36.5 44.5
36.5 45.5
36.5 59.5
37.5 13.5
37.5 14.5
37.5 29.5
37.5 30.5
37.5 43.5
37.5 60.5
38.5 15.5
38.5 31.5
38.5 42.5
38.5 61.5
40.5 16.5
40.5 27.5
40.5 41.5
40.5 61.5
41.5 14.5
41.5 28.5
41.5 29.5
41.5 43.5
41.5 44.5
41.5 59.5
41.5 60.5
42.5 12.5
42.5 30.5
42.5 31.5
42.5 45.5
42.5 46.5
42.5 47.5
42.5 57.5
42.5 58.5
43.5 10.5
43.5 11.5
43.5 22.5
43.5 32.5
43.5 33.5
43.5 48.5
43.5 49.5
43.5 50.5
43.5 55.5
43.5 56.5
44.5 8.5
44.5 9.5
44.5 23.5
44.5 34.5
44.5 37.5
44.5 51.5
44.5 52.5
44.5 53.5
44.5 54.5
44.5 67.5
45.5 7.5
45.5 20.5
45.5 21.5
45.5 22.5
45.5 24.5
45.5 36.5
45.5 39.5
45.5 40.5
45.5 64.5
45.5 65.5
45.5 66.5
46.5 18.5
46.5 19.5
46.5 20.5
46.5 25.5
46.5 26.5
46.5 41.5
46.5 42.5
46.5 43.5
46.5 61.5
46.5 62.5
46.5 63.5
47.5 16.5
47.5 17.5
47.5 18.5
47.5 26.5
47.5 27.5
47.5 44.5
47.5 45.5
47.5 59.5
47.5 60.5
47.5 61.5
48.5 14.5
48.5 15.5
48.5 16.5
48.5 27.5
48.5 28.5
48.5 47.5
48.5 57.5
48.5 58.5
49.5 12.5
49.5 13.5
49.5 14.5
49.5 28.5
49.5 29.5
50.5 11.5
50.5 29.5
50.5 30.5
50.5 46.5
50.5 57.5
51.5 31.5
51.5 45.5
51.5 58.5
51.5 59.5
52.5 43.5
52.5 44.5
52.5 60.5
53.5 28.5
53.5 29.5
53.5 42.5
53.5 43.5
53.5 61.5
53.5 62.5
54.5 16.5
54.5 17.5
54.5 29.5
54.5 30.5
54.5 41.5
54.5 42.5
54.5 52.5
54.5 53.5
54.5 62.5
54.5 63.5
55.5 11.5
55.5 12.5
55.5 13.5
55.5 14.5
55.5 15.5
55.5 30.5
55.5 31.5
55.5 32.5
55.5 40.5
55.5 41.5
55.5 51.5
55.5 54.5
55.5 64.5
56.5 8.5
56.5 9.5
56.5 10.5
56.5 11.5
56.5 12.5
56.5 32.5
56.5 33.5
56.5 39.5
56.5 40.5
56.5 50.5
56.5 55.5
56.5 65.5
56.5 66.5
57.5 6.5
57.5 7.5
57.5 8.5
57.5 33.5
57.5 34.5
57.5 38.5
57.5 48.5
57.5 49.5
57.5 56.5
57.5 67.5
58.5 22.5
58.5 35.5
58.5 37.5
58.5 47.5
58.5 48.5
58.5 57.5
58.5 58.5
59.5 20.5
59.5 21.5
59.5 22.5
59.5 24.5
59.5 25.5
59.5 46.5
59.5 47.5
59.5 58.5
59.5 59.5
60.5 17.5
60.5 18.5
60.5 19.5
60.5 26.5
60.5 27.5
60.5 45.5
60.5 46.5
60.5 59.5
60.5 60.5
61.5 14.5
61.5 15.5
61.5 16.5
61.5 28.5
61.5 29.5
61.5 44.5
61.5 45.5
61.5 60.5
61.5 61.5
62.5 12.5
62.5 13.5
62.5 30.5
62.5 31.5
62.5 43.5
62.5 62.5
63.5 42.5
