12.5 5.5
22.5 5.5
32.5 5.5
33.5 5.5
39.5 5.5
50.5 5.5
62.5 5.5
63.5 5.5
12.5 6.5
13.5 6.5
22.5 6.5
23.5 6.5
33.5 6.5
39.5 6.5
51.5 6.5
52.5 6.5
63.5 6.5
13.5 7.5
22.5 7.5
23.5 7.5
33.5 7.5
38.5 7.5
39.5 7.5
52.5 7.5
53.5 7.5
63.5 7.5
13.5 8.5
14.5 8.5
23.5 8.5
28.5 8.5
33.5 8.5
38.5 8.5
39.5 8.5
53.5 8.5
54.5 8.5
63.5 8.5
8.5 9.5
14.5 9.5
18.5 9.5
23.5 9.5
24.5 9.5
28.5 9.5
33.5 9.5
38.5 9.5
54.5 9.5
55.5 9.5
58.5 9.5
63.5 9.5
64.5 9.5
9.5 10.5
15.5 10.5
24.5 10.5
29.5 10.5
38.5 10.5
44.5 10.5
45.5 10.5
48.5 10.5
55.5 10.5
59.5 10.5
64.5 10.5
9.5 11.5
10.5 11.5
15.5 11.5
19.5 11.5
24.5 11.5
29.5 11.5
37.5 11.5
44.5 11.5
49.5 11.5
59.5 11.5
64.5 11.5
10.5 12.5
19.5 12.5
29.5 12.5
43.5 12.5
44.5 12.5
50.5 12.5
60.5 12.5
10.5 13.5
11.5 13.5
20.5 13.5
29.5 13.5
30.5 13.5
42.5 13.5
43.5 13.5
51.5 13.5
60.5 13.5
11.5 14.5
20.5 14.5
30.5 14.5
41.5 14.5
42.5 14.5
51.5 14.5
52.5 14.5
61.5 14.5
11.5 15.5
30.5 15.5
41.5 15.5
61.5 15.5
12.5 16.5
21.5 16.5
30.5 16.5
40.5 16.5
21.5 18.5
30.5 18.5
41.5 18.5
53.5 18.5
60.5 18.5
12.5 19.5
21.5 19.5
30.5 19.5
41.5 19.5
42.5 19.5
53.5 19.5
60.5 19.5
12.5 20.5
20.5 20.5
29.5 20.5
30.5 20.5
42.5 20.5
53.5 20.5
60.5 20.5
12.5 21.5
13.5 21.5
20.5 21.5
29.5 21.5
30.5 21.5
42.5 21.5
43.5 21.5
54.5 21.5
59.5 21.5
60.5 21.5
13.5 22.5
20.5 22.5
29.5 22.5
43.5 22.5
44.5 22.5
54.5 22.5
59.5 22.5
13.5 23.5
14.5 23.5
19.5 23.5
24.5 23.5
29.5 23.5
43.5 23.5
44.5 23.5
49.5 23.5
54.5 23.5
59.5 23.5
64.5 23.5
8.5 24.5
14.5 24.5
19.5 24.5
24.5 24.5
28.5 24.5
29.5 24.5
34.5 24.5
44.5 24.5
45.5 24.5
50.5 24.5
55.5 24.5
59.5 24.5
64.5 24.5
8.5 25.5
14.5 25.5
15.5 25.5
23.5 25.5
24.5 25.5
28.5 25.5
34.5 25.5
38.5 25.5
45.5 25.5
50.5 25.5
55.5 25.5
63.5 25.5
64.5 25.5
8.5 26.5
9.5 26.5
15.5 26.5
18.5 26.5
23.5 26.5
28.5 26.5
33.5 26.5
34.5 26.5
39.5 26.5
46.5 26.5
50.5 26.5
55.5 26.5
63.5 26.5
9.5 27.5
23.5 27.5
33.5 27.5
39.5 27.5
40.5 27.5
50.5 27.5
51.5 27.5
63.5 27.5
9.5 28.5
10.5 28.5
22.5 28.5
23.5 28.5
33.5 28.5
40.5 28.5
51.5 28.5
62.5 28.5
63.5 28.5
10.5 29.5
22.5 29.5
33.5 29.5
40.5 29.5
41.5 29.5
51.5 29.5
62.5 29.5
10.5 30.5
11.5 30.5
22.5 30.5
32.5 30.5
33.5 30.5
41.5 30.5
52.5 30.5
62.5 30.5
11.5 31.5
22.5 31.5
32.5 31.5
42.5 31.5
52.5 31.5
62.5 31.5
32.5 32.5
62.5 33.5
11.5 34.5
22.5 34.5
32.5 34.5
42.5 34.5
52.5 34.5
62.5 34.5
11.5 35.5
21.5 35.5
32.5 35.5
42.5 35.5
43.5 35.5
53.5 35.5
61.5 35.5
62.5 35.5
11.5 36.5
12.5 36.5
20.5 36.5
21.5 36.5
32.5 36.5
33.5 36.5
43.5 36.5
53.5 36.5
61.5 36.5
12.5 37.5
20.5 37.5
33.5 37.5
43.5 37.5
54.5 37.5
61.5 37.5
12.5 38.5
13.5 38.5
19.5 38.5
20.5 38.5
33.5 38.5
43.5 38.5
44.5 38.5
54.5 38.5
60.5 38.5
61.5 38.5
7.5 39.5
13.5 39.5
19.5 39.5
25.5 39.5
33.5 39.5
34.5 39.5
44.5 39.5
49.5 39.5
54.5 39.5
55.5 39.5
60.5 39.5
8.5 40.5
13.5 40.5
14.5 40.5
18.5 40.5
19.5 40.5
25.5 40.5
29.5 40.5
34.5 40.5
38.5 40.5
44.5 40.5
49.5 40.5
55.5 40.5
60.5 40.5
8.5 41.5
14.5 41.5
18.5 41.5
24.5 41.5
29.5 41.5
34.5 41.5
38.5 41.5
39.5 41.5
44.5 41.5
45.5 41.5
49.5 41.5
50.5 41.5
59.5 41.5
8.5 42.5
9.5 42.5
24.5 42.5
29.5 42.5
39.5 42.5
45.5 42.5
50.5 42.5
56.5 42.5
59.5 42.5
64.5 42.5
9.5 43.5
23.5 43.5
24.5 43.5
29.5 43.5
30.5 43.5
39.5 43.5
40.5 43.5
50.5 43.5
51.5 43.5
64.5 43.5
9.5 44.5
10.5 44.5
23.5 44.5
30.5 44.5
40.5 44.5
51.5 44.5
64.5 44.5
10.5 45.5
22.5 45.5
23.5 45.5
30.5 45.5
40.5 45.5
41.5 45.5
51.5 45.5
64.5 45.5
11.5 46.5
22.5 46.5
30.5 46.5
41.5 46.5
51.5 46.5
52.5 46.5
63.5 46.5
11.5 47.5
22.5 47.5
41.5 47.5
52.5 47.5
63.5 47.5
63.5 49.5
11.5 50.5
31.5 50.5
41.5 50.5
53.5 50.5
63.5 50.5
11.5 51.5
21.5 51.5
31.5 51.5
40.5 51.5
52.5 51.5
64.5 51.5
10.5 52.5
20.5 52.5
21.5 52.5
30.5 52.5
39.5 52.5
40.5 52.5
51.5 52.5
52.5 52.5
64.5 52.5
10.5 53.5
20.5 53.5
30.5 53.5
39.5 53.5
40.5 53.5
50.5 53.5
51.5 53.5
64.5 53.5
10.5 54.5
19.5 54.5
20.5 54.5
30.5 54.5
38.5 54.5
39.5 54.5
50.5 54.5
56.5 54.5
9.5 55.5
10.5 55.5
19.5 55.5
26.5 55.5
29.5 55.5
33.5 55.5
38.5 55.5
49.5 55.5
50.5 55.5
56.5 55.5
60.5 55.5
9.5 56.5
14.5 56.5
18.5 56.5
19.5 56.5
25.5 56.5
26.5 56.5
29.5 56.5
33.5 56.5
37.5 56.5
38.5 56.5
45.5 56.5
49.5 56.5
55.5 56.5
56.5 56.5
60.5 56.5
9.5 57.5
14.5 57.5
18.5 57.5
24.5 57.5
25.5 57.5
33.5 57.5
37.5 57.5
44.5 57.5
55.5 57.5
61.5 57.5
13.5 58.5
14.5 58.5
24.5 58.5
33.5 58.5
43.5 58.5
44.5 58.5
54.5 58.5
55.5 58.5
61.5 58.5
13.5 59.5
23.5 59.5
32.5 59.5
42.5 59.5
43.5 59.5
54.5 59.5
55.5 59.5
61.5 59.5
62.5 59.5
13.5 60.5
22.5 60.5
23.5 60.5
32.5 60.5
41.5 60.5
42.5 60.5
54.5 60.5
62.5 60.5
12.5 61.5
22.5 61.5
32.5 61.5
41.5 61.5
54.5 61.5
62.5 61.5
12.5 62.5
53.5 62.5
62.5 62.5
63.5 62.5
63.5 63.5
