16.5 5.5
17.5 5.5
35.5 5.5
36.5 5.5
37.5 5.5
56.5 5.5
57.5 5.5
58.5 5.5
14.5 6.5
15.5 6.5
16.5 6.5
36.5 6.5
37.5 6.5
38.5 6.5
39.5 6.5
40.5 6.5
58.5 6.5
59.5 6.5
60.5 6.5
12.5 7.5
13.5 7.5
14.5 7.5
15.5 7.5
38.5 7.5
39.5 7.5
40.5 7.5
41.5 7.5
42.5 7.5
59.5 7.5
60.5 7.5
61.5 7.5
62.5 7.5
11.5 8.5
12.5 8.5
13.5 8.5
14.5 8.5
40.5 8.5
41.5 8.5
42.5 8.5
43.5 8.5
44.5 8.5
61.5 8.5
62.5 8.5
63.5 8.5
64.5 8.5
9.5 9.5
10.5 9.5
11.5 9.5
12.5 9.5
42.5 9.5
43.5 9.5
44.5 9.5
45.5 9.5
63.5 9.5
64.5 9.5
8.5 10.5
9.5 10.5
10.5 10.5
23.5 10.5
24.5 10.5
25.5 10.5
28.5 10.5
29.5 10.5
30.5 10.5
46.5 10.5
49.5 10.5
50.5 10.5
51.5 10.5
52.5 10.5
7.5 11.5
8.5 11.5
21.5 11.5
22.5 11.5
23.5 11.5
24.5 11.5
29.5 11.5
30.5 11.5
31.5 11.5
32.5 11.5
50.5 11.5
51.5 11.5
52.5 11.5
53.5 11.5
54.5 11.5
20.5 12.5
21.5 12.5
22.5 12.5
23.5 12.5
30.5 12.5
31.5 12.5
32.5 12.5
33.5 12.5
34.5 12.5
52.5 12.5
53.5 12.5
54.5 12.5
55.5 12.5
56.5 12.5
18.5 13.5
19.5 13.5
20.5 13.5
21.5 13.5
32.5 13.5
33.5 13.5
34.5 13.5
35.5 13.5
54.5 13.5
55.5 13.5
56.5 13.5
57.5 13.5
58.5 13.5
17.5 14.5
18.5 14.5
19.5 14.5
20.5 14.5
34.5 14.5
35.5 14.5
36.5 14.5
37.5 14.5
57.5 14.5
58.5 14.5
59.5 14.5
15.5 15.5
16.5 15.5
17.5 15.5
18.5 15.5
36.5 15.5
37.5 15.5
38.5 15.5
14.5 16.5
15.5 16.5
16.5 16.5
38.5 16.5
56.5 19.5
57.5 19.5
58.5 19.5
35.5 20.5
36.5 20.5
54.5 20.5
55.5 20.5
56.5 20.5
57.5 20.5
15.5 21.5
16.5 21.5
36.5 21.5
37.5 21.5
38.5 21.5
39.5 21.5
53.5 21.5
54.5 21.5
55.5 21.5
56.5 21.5
16.5 22.5
17.5 22.5
18.5 22.5
38.5 22.5
39.5 22.5
40.5 22.5
41.5 22.5
51.5 22.5
52.5 22.5
53.5 22.5
54.5 22.5
17.5 23.5
18.5 23.5
19.5 23.5
20.5 23.5
40.5 23.5
41.5 23.5
42.5 23.5
43.5 23.5
50.5 23.5
51.5 23.5
52.5 23.5
53.5 23.5
64.5 23.5
19.5 24.5
20.5 24.5
21.5 24.5
22.5 24.5
42.5 24.5
43.5 24.5
44.5 24.5
45.5 24.5
49.5 24.5
50.5 24.5
51.5 24.5
62.5 24.5
63.5 24.5
64.5 24.5
7.5 25.5
21.5 25.5
22.5 25.5
23.5 25.5
44.5 25.5
45.5 25.5
46.5 25.5
49.5 25.5
61.5 25.5
62.5 25.5
63.5 25.5
8.5 26.5
9.5 26.5
10.5 26.5
23.5 26.5
24.5 26.5
25.5 26.5
28.5 26.5
29.5 26.5
30.5 26.5
31.5 26.5
60.5 26.5
61.5 26.5
62.5 26.5
9.5 27.5
10.5 27.5
11.5 27.5
12.5 27.5
29.5 27.5
30.5 27.5
31.5 27.5
32.5 27.5
33.5 27.5
34.5 27.5
59.5 27.5
60.5 27.5
61.5 27.5
11.5 28.5
12.5 28.5
13.5 28.5
14.5 28.5
32.5 28.5
33.5 28.5
34.5 28.5
35.5 28.5
36.5 28.5
57.5 28.5
58.5 28.5
59.5 28.5
12.5 29.5
13.5 29.5
14.5 29.5
15.5 29.5
34.5 29.5
35.5 29.5
36.5 29.5
37.5 29.5
38.5 29.5
57.5 29.5
58.5 29.5
14.5 30.5
15.5 30.5
16.5 30.5
17.5 30.5
37.5 30.5
38.5 30.5
39.5 30.5
40.5 30.5
56.5 30.5
57.5 30.5
16.5 31.5
17.5 31.5
18.5 31.5
57.5 34.5
58.5 34.5
35.5 35.5
36.5 35.5
37.5 35.5
55.5 35.5
56.5 35.5
57.5 35.5
16.5 36.5
17.5 36.5
18.5 36.5
36.5 36.5
37.5 36.5
38.5 36.5
39.5 36.5
40.5 36.5
54.5 36.5
55.5 36.5
56.5 36.5
14.5 37.5
15.5 37.5
16.5 37.5
17.5 37.5
38.5 37.5
39.5 37.5
40.5 37.5
41.5 37.5
42.5 37.5
43.5 37.5
52.5 37.5
53.5 37.5
54.5 37.5
55.5 37.5
13.5 38.5
14.5 38.5
15.5 38.5
16.5 38.5
40.5 38.5
41.5 38.5
42.5 38.5
43.5 38.5
44.5 38.5
45.5 38.5
51.5 38.5
52.5 38.5
53.5 38.5
11.5 39.5
12.5 39.5
13.5 39.5
14.5 39.5
43.5 39.5
44.5 39.5
45.5 39.5
46.5 39.5
50.5 39.5
51.5 39.5
52.5 39.5
10.5 40.5
11.5 40.5
12.5 40.5
13.5 40.5
25.5 40.5
28.5 40.5
49.5 40.5
50.5 40.5
62.5 40.5
63.5 40.5
64.5 40.5
9.5 41.5
10.5 41.5
11.5 41.5
23.5 41.5
24.5 41.5
28.5 41.5
29.5 41.5
30.5 41.5
31.5 41.5
32.5 41.5
60.5 41.5
61.5 41.5
62.5 41.5
63.5 41.5
8.5 42.5
9.5 42.5
21.5 42.5
22.5 42.5
23.5 42.5
30.5 42.5
31.5 42.5
32.5 42.5
33.5 42.5
34.5 42.5
59.5 42.5
60.5 42.5
61.5 42.5
62.5 42.5
20.5 43.5
21.5 43.5
22.5 43.5
32.5 43.5
33.5 43.5
34.5 43.5
35.5 43.5
36.5 43.5
57.5 43.5
58.5 43.5
59.5 43.5
60.5 43.5
61.5 43.5
18.5 44.5
19.5 44.5
20.5 44.5
21.5 44.5
34.5 44.5
35.5 44.5
36.5 44.5
37.5 44.5
38.5 44.5
56.5 44.5
57.5 44.5
58.5 44.5
59.5 44.5
17.5 45.5
18.5 45.5
19.5 45.5
37.5 45.5
38.5 45.5
39.5 45.5
55.5 45.5
56.5 45.5
57.5 45.5
16.5 46.5
17.5 46.5
18.5 46.5
15.5 47.5
16.5 47.5
35.5 50.5
36.5 50.5
37.5 50.5
38.5 50.5
57.5 50.5
58.5 50.5
59.5 50.5
16.5 51.5
17.5 51.5
37.5 51.5
38.5 51.5
39.5 51.5
40.5 51.5
41.5 51.5
55.5 51.5
56.5 51.5
57.5 51.5
58.5 51.5
17.5 52.5
18.5 52.5
19.5 52.5
39.5 52.5
40.5 52.5
41.5 52.5
42.5 52.5
43.5 52.5
53.5 52.5
54.5 52.5
55.5 52.5
56.5 52.5
18.5 53.5
19.5 53.5
20.5 53.5
41.5 53.5
42.5 53.5
43.5 53.5
44.5 53.5
45.5 53.5
51.5 53.5
52.5 53.5
53.5 53.5
54.5 53.5
19.5 54.5
20.5 54.5
21.5 54.5
22.5 54.5
44.5 54.5
45.5 54.5
46.5 54.5
50.5 54.5
51.5 54.5
52.5 54.5
21.5 55.5
22.5 55.5
23.5 55.5
64.5 55.5
22.5 56.5
23.5 56.5
24.5 56.5
28.5 56.5
29.5 56.5
30.5 56.5
31.5 56.5
62.5 56.5
63.5 56.5
64.5 56.5
8.5 57.5
9.5 57.5
10.5 57.5
24.5 57.5
25.5 57.5
30.5 57.5
31.5 57.5
32.5 57.5
33.5 57.5
34.5 57.5
60.5 57.5
61.5 57.5
62.5 57.5
63.5 57.5
9.5 58.5
10.5 58.5
11.5 58.5
12.5 58.5
13.5 58.5
32.5 58.5
33.5 58.5
34.5 58.5
35.5 58.5
36.5 58.5
58.5 58.5
59.5 58.5
60.5 58.5
61.5 58.5
11.5 59.5
12.5 59.5
13.5 59.5
14.5 59.5
15.5 59.5
34.5 59.5
35.5 59.5
36.5 59.5
37.5 59.5
38.5 59.5
57.5 59.5
58.5 59.5
59.5 59.5
13.5 60.5
14.5 60.5
15.5 60.5
16.5 60.5
17.5 60.5
36.5 60.5
37.5 60.5
38.5 60.5
39.5 60.5
40.5 60.5
56.5 60.5
15.5 61.5
16.5 61.5
17.5 61.5
18.5 61.5
18.5 62.5
19.5 62.5
