13.5 5.5
20.5 5.5
33.5 5.5
40.5 5.5
46.5 5.5
51.5 5.5
63.5 5.5
7.5 6.5
15.5 6.5
34.5 6.5
39.5 6.5
50.5 6.5
64.5 6.5
8.5 7.5
16.5 7.5
25.5 7.5
26.5 7.5
36.5 7.5
38.5 7.5
45.5 7.5
9.5 8.5
24.5 8.5
28.5 8.5
37.5 8.5
44.5 8.5
49.5 8.5
55.5 8.5
59.5 8.5
10.5 9.5
22.5 9.5
30.5 9.5
43.5 9.5
54.5 9.5
60.5 9.5
11.5 10.5
21.5 10.5
32.5 10.5
53.5 10.5
61.5 10.5
19.5 11.5
34.5 11.5
42.5 11.5
52.5 11.5
62.5 11.5
11.5 13.5
31.5 13.5
43.5 13.5
51.5 13.5
20.5 14.5
32.5 14.5
42.5 14.5
62.5 14.5
12.5 15.5
19.5 15.5
33.5 15.5
41.5 15.5
54.5 15.5
60.5 15.5
13.5 16.5
35.5 16.5
40.5 16.5
58.5 16.5
7.5 17.5
13.5 17.5
18.5 17.5
36.5 17.5
39.5 17.5
46.5 17.5
49.5 17.5
57.5 17.5
8.5 18.5
14.5 18.5
17.5 18.5
29.5 18.5
45.5 18.5
50.5 18.5
64.5 18.5
9.5 19.5
23.5 19.5
30.5 19.5
44.5 19.5
51.5 19.5
63.5 19.5
10.5 20.5
15.5 20.5
22.5 20.5
31.5 20.5
43.5 20.5
53.5 20.5
61.5 20.5
21.5 21.5
42.5 21.5
20.5 22.5
30.5 22.5
41.5 22.5
51.5 22.5
63.5 22.5
19.5 23.5
31.5 23.5
52.5 23.5
62.5 23.5
11.5 24.5
20.5 24.5
32.5 24.5
53.5 24.5
61.5 24.5
10.5 25.5
21.5 25.5
33.5 25.5
53.5 25.5
9.5 26.5
22.5 26.5
34.5 26.5
43.5 26.5
54.5 26.5
60.5 26.5
16.5 27.5
23.5 27.5
27.5 27.5
35.5 27.5
39.5 27.5
44.5 27.5
55.5 27.5
59.5 27.5
6.5 28.5
17.5 28.5
24.5 28.5
28.5 28.5
36.5 28.5
47.5 28.5
58.5 28.5
13.5 29.5
18.5 29.5
25.5 29.5
29.5 29.5
40.5 29.5
49.5 29.5
64.5 29.5
12.5 30.5
19.5 30.5
30.5 30.5
51.5 30.5
63.5 30.5
11.5 31.5
20.5 31.5
31.5 31.5
52.5 31.5
21.5 32.5
32.5 32.5
41.5 32.5
11.5 33.5
53.5 33.5
63.5 33.5
22.5 34.5
52.5 34.5
62.5 34.5
10.5 35.5
21.5 35.5
31.5 35.5
50.5 35.5
10.5 36.5
20.5 36.5
32.5 36.5
33.5 36.5
43.5 36.5
49.5 36.5
61.5 36.5
9.5 37.5
16.5 37.5
19.5 37.5
34.5 37.5
44.5 37.5
47.5 37.5
48.5 37.5
57.5 37.5
60.5 37.5
9.5 38.5
15.5 38.5
18.5 38.5
24.5 38.5
27.5 38.5
36.5 38.5
38.5 38.5
45.5 38.5
46.5 38.5
56.5 38.5
14.5 39.5
17.5 39.5
28.5 39.5
29.5 39.5
40.5 39.5
46.5 39.5
54.5 39.5
55.5 39.5
59.5 39.5
64.5 39.5
8.5 40.5
13.5 40.5
30.5 40.5
41.5 40.5
53.5 40.5
32.5 41.5
43.5 41.5
52.5 41.5
63.5 41.5
12.5 42.5
21.5 42.5
11.5 43.5
32.5 43.5
51.5 43.5
62.5 43.5
12.5 44.5
31.5 44.5
52.5 44.5
22.5 45.5
30.5 45.5
42.5 45.5
53.5 45.5
13.5 46.5
29.5 46.5
36.5 46.5
43.5 46.5
47.5 46.5
55.5 46.5
61.5 46.5
13.5 47.5
18.5 47.5
23.5 47.5
28.5 47.5
35.5 47.5
38.5 47.5
48.5 47.5
56.5 47.5
60.5 47.5
14.5 48.5
27.5 48.5
49.5 48.5
57.5 48.5
8.5 49.5
19.5 49.5
26.5 49.5
34.5 49.5
39.5 49.5
50.5 49.5
58.5 49.5
64.5 49.5
9.5 50.5
15.5 50.5
33.5 50.5
40.5 50.5
51.5 50.5
64.5 50.5
9.5 51.5
20.5 51.5
32.5 51.5
40.5 51.5
52.5 51.5
63.5 51.5
10.5 52.5
31.5 52.5
41.5 52.5
53.5 52.5
21.5 53.5
31.5 53.5
62.5 53.5
22.5 54.5
30.5 54.5
40.5 54.5
42.5 54.5
52.5 54.5
21.5 55.5
33.5 55.5
41.5 55.5
51.5 55.5
63.5 55.5
20.5 56.5
31.5 56.5
32.5 56.5
42.5 56.5
50.5 56.5
61.5 56.5
62.5 56.5
9.5 57.5
30.5 57.5
43.5 57.5
49.5 57.5
60.5 57.5
8.5 58.5
17.5 58.5
28.5 58.5
29.5 58.5
47.5 58.5
55.5 58.5
59.5 58.5
7.5 59.5
16.5 59.5
24.5 59.5
27.5 59.5
46.5 59.5
54.5 59.5
6.5 60.5
23.5 60.5
35.5 60.5
36.5 60.5
40.5 60.5
53.5 60.5
64.5 60.5
22.5 61.5
34.5 61.5
41.5 61.5
21.5 62.5
32.5 62.5
42.5 62.5
50.5 62.5
61.5 62.5
30.5 63.5
43.5 63.5
