14.5 5.5
30.5 5.5
45.5 5.5
58.5 5.5
15.5 6.5
30.5 6.5
31.5 6.5
46.5 6.5
57.5 6.5
15.5 7.5
31.5 7.5
46.5 7.5
56.5 7.5
16.5 8.5
31.5 8.5
32.5 8.5
46.5 8.5
55.5 8.5
56.5 8.5
16.5 9.5
17.5 9.5
23.5 9.5
32.5 9.5
39.5 9.5
46.5 9.5
47.5 9.5
55.5 9.5
64.5 9.5
7.5 10.5
17.5 10.5
23.5 10.5
32.5 10.5
33.5 10.5
47.5 10.5
54.5 10.5
63.5 10.5
8.5 11.5
17.5 11.5
24.5 11.5
33.5 11.5
40.5 11.5
47.5 11.5
53.5 11.5
63.5 11.5
8.5 12.5
9.5 12.5
18.5 12.5
24.5 12.5
25.5 12.5
34.5 12.5
40.5 12.5
48.5 12.5
53.5 12.5
62.5 12.5
63.5 12.5
9.5 13.5
18.5 13.5
25.5 13.5
34.5 13.5
40.5 13.5
41.5 13.5
48.5 13.5
52.5 13.5
61.5 13.5
62.5 13.5
10.5 14.5
19.5 14.5
25.5 14.5
26.5 14.5
35.5 14.5
41.5 14.5
51.5 14.5
61.5 14.5
10.5 15.5
11.5 15.5
26.5 15.5
41.5 15.5
60.5 15.5
61.5 15.5
11.5 16.5
12.5 16.5
26.5 16.5
27.5 16.5
41.5 16.5
42.5 16.5
60.5 16.5
12.5 17.5
27.5 17.5
42.5 17.5
59.5 17.5
60.5 17.5
13.5 18.5
28.5 18.5
42.5 18.5
59.5 18.5
13.5 19.5
28.5 19.5
42.5 19.5
58.5 19.5
59.5 19.5
14.5 20.5
29.5 20.5
43.5 20.5
58.5 20.5
29.5 21.5
43.5 21.5
57.5 21.5
13.5 22.5
57.5 22.5
13.5 23.5
29.5 23.5
43.5 23.5
57.5 23.5
12.5 24.5
28.5 24.5
44.5 24.5
57.5 24.5
12.5 25.5
28.5 25.5
44.5 25.5
56.5 25.5
57.5 25.5
11.5 26.5
27.5 26.5
45.5 26.5
56.5 26.5
57.5 26.5
11.5 27.5
26.5 27.5
27.5 27.5
45.5 27.5
46.5 27.5
56.5 27.5
10.5 28.5
11.5 28.5
26.5 28.5
46.5 28.5
56.5 28.5
10.5 29.5
25.5 29.5
26.5 29.5
38.5 29.5
47.5 29.5
56.5 29.5
9.5 30.5
10.5 30.5
18.5 30.5
25.5 30.5
35.5 30.5
47.5 30.5
55.5 30.5
56.5 30.5
9.5 31.5
18.5 31.5
24.5 31.5
25.5 31.5
34.5 31.5
39.5 31.5
48.5 31.5
55.5 31.5
56.5 31.5
9.5 32.5
17.5 32.5
24.5 32.5
33.5 32.5
34.5 32.5
40.5 32.5
49.5 32.5
55.5 32.5
64.5 32.5
8.5 33.5
17.5 33.5
23.5 33.5
33.5 33.5
40.5 33.5
41.5 33.5
49.5 33.5
55.5 33.5
64.5 33.5
8.5 34.5
16.5 34.5
23.5 34.5
32.5 34.5
41.5 34.5
50.5 34.5
55.5 34.5
63.5 34.5
16.5 35.5
22.5 35.5
31.5 35.5
32.5 35.5
41.5 35.5
42.5 35.5
62.5 35.5
63.5 35.5
15.5 36.5
16.5 36.5
31.5 36.5
42.5 36.5
62.5 36.5
15.5 37.5
30.5 37.5
31.5 37.5
43.5 37.5
61.5 37.5
62.5 37.5
14.5 38.5
15.5 38.5
30.5 38.5
43.5 38.5
44.5 38.5
61.5 38.5
14.5 39.5
29.5 39.5
30.5 39.5
44.5 39.5
60.5 39.5
14.5 40.5
29.5 40.5
45.5 40.5
60.5 40.5
13.5 41.5
28.5 41.5
45.5 41.5
59.5 41.5
13.5 42.5
46.5 42.5
27.5 43.5
44.5 43.5
60.5 43.5
13.5 44.5
27.5 44.5
45.5 44.5
61.5 44.5
13.5 45.5
28.5 45.5
45.5 45.5
61.5 45.5
12.5 46.5
28.5 46.5
29.5 46.5
45.5 46.5
46.5 46.5
62.5 46.5
12.5 47.5
29.5 47.5
46.5 47.5
62.5 47.5
11.5 48.5
12.5 48.5
30.5 48.5
46.5 48.5
47.5 48.5
63.5 48.5
11.5 49.5
30.5 49.5
31.5 49.5
47.5 49.5
54.5 49.5
63.5 49.5
64.5 49.5
11.5 50.5
31.5 50.5
47.5 50.5
55.5 50.5
64.5 50.5
10.5 51.5
11.5 51.5
18.5 51.5
31.5 51.5
32.5 51.5
39.5 51.5
47.5 51.5
48.5 51.5
55.5 51.5
64.5 51.5
10.5 52.5
18.5 52.5
22.5 52.5
32.5 52.5
33.5 52.5
39.5 52.5
48.5 52.5
55.5 52.5
56.5 52.5
10.5 53.5
17.5 53.5
23.5 53.5
33.5 53.5
40.5 53.5
48.5 53.5
49.5 53.5
56.5 53.5
9.5 54.5
17.5 54.5
23.5 54.5
24.5 54.5
34.5 54.5
40.5 54.5
49.5 54.5
56.5 54.5
57.5 54.5
9.5 55.5
16.5 55.5
17.5 55.5
24.5 55.5
34.5 55.5
35.5 55.5
41.5 55.5
49.5 55.5
57.5 55.5
16.5 56.5
25.5 56.5
35.5 56.5
41.5 56.5
50.5 56.5
57.5 56.5
58.5 56.5
16.5 57.5
25.5 57.5
26.5 57.5
42.5 57.5
58.5 57.5
15.5 58.5
26.5 58.5
42.5 58.5
58.5 58.5
59.5 58.5
15.5 59.5
27.5 59.5
43.5 59.5
59.5 59.5
14.5 60.5
27.5 60.5
28.5 60.5
43.5 60.5
60.5 60.5
14.5 61.5
28.5 61.5
44.5 61.5
60.5 61.5
14.5 62.5
29.5 62.5
44.5 62.5
61.5 62.5
13.5 63.5
29.5 63.5
45.5 63.5
61.5 63.5
