9.5 5.5
10.5 5.5
20.5 5.5
21.5 5.5
29.5 5.5
30.5 5.5
31.5 5.5
41.5 5.5
42.5 5.5
43.5 5.5
52.5 5.5
53.5 5.5
54.5 5.5
59.5 5.5
60.5 5.5
61.5 5.5
8.5 6.5
9.5 6.5
15.5 6.5
16.5 6.5
19.5 6.5
20.5 6.5
25.5 6.5
28.5 6.5
29.5 6.5
30.5 6.5
42.5 6.5
43.5 6.5
44.5 6.5
47.5 6.5
53.5 6.5
54.5 6.5
57.5 6.5
58.5 6.5
59.5 6.5
60.5 6.5
7.5 7.5
8.5 7.5
14.5 7.5
15.5 7.5
16.5 7.5
19.5 7.5
20.5 7.5
24.5 7.5
25.5 7.5
27.5 7.5
28.5 7.5
29.5 7.5
34.5 7.5
35.5 7.5
37.5 7.5
38.5 7.5
43.5 7.5
44.5 7.5
47.5 7.5
48.5 7.5
54.5 7.5
55.5 7.5
57.5 7.5
58.5 7.5
6.5 8.5
7.5 8.5
13.5 8.5
14.5 8.5
15.5 8.5
19.5 8.5
24.5 8.5
27.5 8.5
33.5 8.5
34.5 8.5
38.5 8.5
39.5 8.5
48.5 8.5
49.5 8.5
64.5 8.5
12.5 9.5
13.5 9.5
14.5 9.5
23.5 9.5
24.5 9.5
32.5 9.5
33.5 9.5
39.5 9.5
40.5 9.5
49.5 9.5
50.5 9.5
62.5 9.5
63.5 9.5
64.5 9.5
11.5 10.5
12.5 10.5
13.5 10.5
23.5 10.5
31.5 10.5
32.5 10.5
40.5 10.5
41.5 10.5
50.5 10.5
51.5 10.5
61.5 10.5
62.5 10.5
63.5 10.5
64.5 10.5
11.5 11.5
12.5 11.5
22.5 11.5
30.5 11.5
31.5 11.5
41.5 11.5
61.5 11.5
22.5 13.5
31.5 13.5
41.5 13.5
50.5 13.5
51.5 13.5
11.5 14.5
12.5 14.5
13.5 14.5
21.5 14.5
22.5 14.5
30.5 14.5
31.5 14.5
40.5 14.5
41.5 14.5
49.5 14.5
50.5 14.5
61.5 14.5
62.5 14.5
63.5 14.5
12.5 15.5
13.5 15.5
14.5 15.5
21.5 15.5
29.5 15.5
30.5 15.5
31.5 15.5
39.5 15.5
40.5 15.5
48.5 15.5
49.5 15.5
59.5 15.5
60.5 15.5
61.5 15.5
62.5 15.5
13.5 16.5
14.5 16.5
15.5 16.5
20.5 16.5
21.5 16.5
29.5 16.5
30.5 16.5
39.5 16.5
40.5 16.5
44.5 16.5
47.5 16.5
48.5 16.5
49.5 16.5
55.5 16.5
58.5 16.5
59.5 16.5
60.5 16.5
61.5 16.5
6.5 17.5
7.5 17.5
8.5 17.5
15.5 17.5
16.5 17.5
19.5 17.5
20.5 17.5
24.5 17.5
25.5 17.5
28.5 17.5
29.5 17.5
35.5 17.5
36.5 17.5
39.5 17.5
44.5 17.5
47.5 17.5
48.5 17.5
53.5 17.5
54.5 17.5
55.5 17.5
57.5 17.5
58.5 17.5
59.5 17.5
7.5 18.5
8.5 18.5
9.5 18.5
17.5 18.5
19.5 18.5
24.5 18.5
28.5 18.5
34.5 18.5
35.5 18.5
38.5 18.5
39.5 18.5
43.5 18.5
44.5 18.5
52.5 18.5
53.5 18.5
54.5 18.5
9.5 19.5
10.5 19.5
11.5 19.5
23.5 19.5
24.5 19.5
33.5 19.5
34.5 19.5
35.5 19.5
43.5 19.5
51.5 19.5
52.5 19.5
53.5 19.5
63.5 19.5
64.5 19.5
10.5 20.5
11.5 20.5
12.5 20.5
22.5 20.5
23.5 20.5
32.5 20.5
33.5 20.5
34.5 20.5
42.5 20.5
43.5 20.5
51.5 20.5
52.5 20.5
62.5 20.5
63.5 20.5
12.5 21.5
22.5 21.5
23.5 21.5
32.5 21.5
33.5 21.5
42.5 21.5
50.5 21.5
51.5 21.5
61.5 21.5
62.5 21.5
22.5 22.5
31.5 22.5
32.5 22.5
12.5 23.5
52.5 23.5
63.5 23.5
10.5 24.5
11.5 24.5
12.5 24.5
21.5 24.5
22.5 24.5
42.5 24.5
50.5 24.5
51.5 24.5
62.5 24.5
63.5 24.5
8.5 25.5
9.5 25.5
10.5 25.5
11.5 25.5
22.5 25.5
23.5 25.5
31.5 25.5
32.5 25.5
33.5 25.5
42.5 25.5
43.5 25.5
48.5 25.5
49.5 25.5
50.5 25.5
61.5 25.5
62.5 25.5
7.5 26.5
8.5 26.5
9.5 26.5
10.5 26.5
23.5 26.5
24.5 26.5
32.5 26.5
33.5 26.5
34.5 26.5
43.5 26.5
44.5 26.5
47.5 26.5
48.5 26.5
60.5 26.5
61.5 26.5
62.5 26.5
6.5 27.5
7.5 27.5
8.5 27.5
15.5 27.5
16.5 27.5
18.5 27.5
19.5 27.5
25.5 27.5
27.5 27.5
33.5 27.5
34.5 27.5
35.5 27.5
39.5 27.5
44.5 27.5
46.5 27.5
60.5 27.5
61.5 27.5
14.5 28.5
15.5 28.5
19.5 28.5
20.5 28.5
28.5 28.5
29.5 28.5
34.5 28.5
35.5 28.5
36.5 28.5
39.5 28.5
40.5 28.5
53.5 28.5
54.5 28.5
55.5 28.5
56.5 28.5
57.5 28.5
59.5 28.5
60.5 28.5
13.5 29.5
14.5 29.5
19.5 29.5
20.5 29.5
21.5 29.5
29.5 29.5
30.5 29.5
39.5 29.5
40.5 29.5
51.5 29.5
52.5 29.5
53.5 29.5
54.5 29.5
55.5 29.5
56.5 29.5
59.5 29.5
64.5 29.5
12.5 30.5
13.5 30.5
14.5 30.5
20.5 30.5
21.5 30.5
30.5 30.5
31.5 30.5
40.5 30.5
41.5 30.5
50.5 30.5
51.5 30.5
52.5 30.5
53.5 30.5
64.5 30.5
11.5 31.5
12.5 31.5
21.5 31.5
32.5 31.5
40.5 31.5
41.5 31.5
63.5 31.5
64.5 31.5
11.5 32.5
63.5 32.5
21.5 33.5
31.5 33.5
41.5 33.5
11.5 34.5
12.5 34.5
21.5 34.5
22.5 34.5
23.5 34.5
30.5 34.5
31.5 34.5
41.5 34.5
42.5 34.5
52.5 34.5
53.5 34.5
10.5 35.5
11.5 35.5
22.5 35.5
23.5 35.5
24.5 35.5
29.5 35.5
30.5 35.5
42.5 35.5
43.5 35.5
49.5 35.5
50.5 35.5
51.5 35.5
52.5 35.5
53.5 35.5
54.5 35.5
63.5 35.5
64.5 35.5
9.5 36.5
10.5 36.5
11.5 36.5
23.5 36.5
24.5 36.5
28.5 36.5
29.5 36.5
30.5 36.5
43.5 36.5
44.5 36.5
47.5 36.5
48.5 36.5
49.5 36.5
50.5 36.5
51.5 36.5
52.5 36.5
63.5 36.5
64.5 36.5
8.5 37.5
9.5 37.5
10.5 37.5
24.5 37.5
25.5 37.5
28.5 37.5
34.5 37.5
35.5 37.5
37.5 37.5
44.5 37.5
45.5 37.5
48.5 37.5
49.5 37.5
57.5 37.5
59.5 37.5
64.5 37.5
8.5 38.5
9.5 38.5
15.5 38.5
17.5 38.5
18.5 38.5
33.5 38.5
34.5 38.5
37.5 38.5
38.5 38.5
39.5 38.5
45.5 38.5
55.5 38.5
56.5 38.5
60.5 38.5
7.5 39.5
13.5 39.5
14.5 39.5
18.5 39.5
19.5 39.5
20.5 39.5
32.5 39.5
33.5 39.5
38.5 39.5
39.5 39.5
40.5 39.5
41.5 39.5
54.5 39.5
55.5 39.5
60.5 39.5
61.5 39.5
12.5 40.5
13.5 40.5
19.5 40.5
20.5 40.5
21.5 40.5
31.5 40.5
32.5 40.5
40.5 40.5
41.5 40.5
42.5 40.5
53.5 40.5
61.5 40.5
62.5 40.5
11.5 41.5
12.5 41.5
21.5 41.5
22.5 41.5
43.5 41.5
11.5 42.5
52.5 42.5
61.5 42.5
31.5 43.5
43.5 43.5
52.5 43.5
53.5 43.5
61.5 43.5
21.5 44.5
22.5 44.5
31.5 44.5
32.5 44.5
40.5 44.5
41.5 44.5
42.5 44.5
53.5 44.5
54.5 44.5
60.5 44.5
61.5 44.5
11.5 45.5
12.5 45.5
20.5 45.5
21.5 45.5
32.5 45.5
33.5 45.5
39.5 45.5
40.5 45.5
41.5 45.5
53.5 45.5
54.5 45.5
60.5 45.5
12.5 46.5
13.5 46.5
19.5 46.5
20.5 46.5
25.5 46.5
33.5 46.5
34.5 46.5
38.5 46.5
39.5 46.5
40.5 46.5
53.5 46.5
54.5 46.5
55.5 46.5
59.5 46.5
60.5 46.5
13.5 47.5
14.5 47.5
18.5 47.5
19.5 47.5
24.5 47.5
28.5 47.5
29.5 47.5
34.5 47.5
35.5 47.5
37.5 47.5
38.5 47.5
45.5 47.5
46.5 47.5
49.5 47.5
54.5 47.5
55.5 47.5
59.5 47.5
64.5 47.5
8.5 48.5
9.5 48.5
15.5 48.5
17.5 48.5
18.5 48.5
23.5 48.5
24.5 48.5
28.5 48.5
29.5 48.5
30.5 48.5
35.5 48.5
44.5 48.5
45.5 48.5
49.5 48.5
50.5 48.5
55.5 48.5
58.5 48.5
59.5 48.5
64.5 48.5
8.5 49.5
9.5 49.5
10.5 49.5
23.5 49.5
24.5 49.5
28.5 49.5
29.5 49.5
30.5 49.5
43.5 49.5
44.5 49.5
45.5 49.5
49.5 49.5
50.5 49.5
51.5 49.5
58.5 49.5
63.5 49.5
64.5 49.5
9.5 50.5
10.5 50.5
11.5 50.5
22.5 50.5
23.5 50.5
29.5 50.5
30.5 50.5
31.5 50.5
42.5 50.5
43.5 50.5
44.5 50.5
50.5 50.5
51.5 50.5
62.5 50.5
63.5 50.5
64.5 50.5
10.5 51.5
11.5 51.5
22.5 51.5
30.5 51.5
31.5 51.5
41.5 51.5
42.5 51.5
43.5 51.5
51.5 51.5
52.5 51.5
62.5 51.5
63.5 51.5
11.5 52.5
12.5 52.5
21.5 52.5
22.5 52.5
31.5 52.5
41.5 52.5
52.5 52.5
61.5 52.5
62.5 52.5
12.5 53.5
21.5 54.5
41.5 54.5
42.5 54.5
11.5 55.5
12.5 55.5
20.5 55.5
21.5 55.5
30.5 55.5
31.5 55.5
32.5 55.5
40.5 55.5
41.5 55.5
42.5 55.5
52.5 55.5
61.5 55.5
62.5 55.5
63.5 55.5
12.5 56.5
13.5 56.5
14.5 56.5
20.5 56.5
31.5 56.5
32.5 56.5
33.5 56.5
39.5 56.5
40.5 56.5
41.5 56.5
51.5 56.5
52.5 56.5
60.5 56.5
61.5 56.5
62.5 56.5
12.5 57.5
13.5 57.5
14.5 57.5
15.5 57.5
19.5 57.5
20.5 57.5
32.5 57.5
33.5 57.5
34.5 57.5
35.5 57.5
38.5 57.5
39.5 57.5
40.5 57.5
50.5 57.5
51.5 57.5
58.5 57.5
59.5 57.5
60.5 57.5
14.5 58.5
15.5 58.5
19.5 58.5
34.5 58.5
35.5 58.5
38.5 58.5
39.5 58.5
46.5 58.5
47.5 58.5
49.5 58.5
50.5 58.5
55.5 58.5
56.5 58.5
58.5 58.5
15.5 59.5
16.5 59.5
18.5 59.5
23.5 59.5
24.5 59.5
27.5 59.5
28.5 59.5
44.5 59.5
45.5 59.5
46.5 59.5
49.5 59.5
54.5 59.5
55.5 59.5
64.5 59.5
7.5 60.5
8.5 60.5
9.5 60.5
22.5 60.5
23.5 60.5
24.5 60.5
28.5 60.5
29.5 60.5
30.5 60.5
43.5 60.5
44.5 60.5
45.5 60.5
53.5 60.5
54.5 60.5
63.5 60.5
64.5 60.5
8.5 61.5
9.5 61.5
10.5 61.5
11.5 61.5
22.5 61.5
23.5 61.5
29.5 61.5
30.5 61.5
31.5 61.5
42.5 61.5
43.5 61.5
52.5 61.5
53.5 61.5
62.5 61.5
63.5 61.5
10.5 62.5
11.5 62.5
12.5 62.5
21.5 62.5
22.5 62.5
31.5 62.5
32.5 62.5
41.5 62.5
42.5 62.5
12.5 63.5
21.5 63.5
