14.5 5.5
15.5 5.5
16.5 5.5
28.5 5.5
41.5 5.5
42.5 5.5
43.5 5.5
56.5 5.5
57.5 5.5
17.5 6.5
18.5 6.5
19.5 6.5
27.5 6.5
36.5 6.5
40.5 6.5
41.5 6.5
53.5 6.5
54.5 6.5
55.5 6.5
19.5 7.5
20.5 7.5
21.5 7.5
22.5 7.5
25.5 7.5
26.5 7.5
34.5 7.5
35.5 7.5
38.5 7.5
39.5 7.5
40.5 7.5
49.5 7.5
51.5 7.5
52.5 7.5
6.5 8.5
7.5 8.5
23.5 8.5
24.5 8.5
33.5 8.5
34.5 8.5
37.5 8.5
38.5 8.5
47.5 8.5
48.5 8.5
62.5 8.5
63.5 8.5
64.5 8.5
8.5 9.5
9.5 9.5
10.5 9.5
11.5 9.5
32.5 9.5
33.5 9.5
46.5 9.5
47.5 9.5
59.5 9.5
60.5 9.5
61.5 9.5
11.5 10.5
12.5 10.5
13.5 10.5
14.5 10.5
31.5 10.5
32.5 10.5
45.5 10.5
57.5 10.5
58.5 10.5
14.5 11.5
15.5 11.5
16.5 11.5
29.5 11.5
30.5 11.5
43.5 11.5
44.5 11.5
18.5 12.5
29.5 12.5
42.5 12.5
56.5 13.5
57.5 13.5
28.5 14.5
29.5 14.5
43.5 14.5
44.5 14.5
59.5 14.5
60.5 14.5
61.5 14.5
11.5 15.5
12.5 15.5
13.5 15.5
30.5 15.5
31.5 15.5
45.5 15.5
46.5 15.5
47.5 15.5
61.5 15.5
62.5 15.5
63.5 15.5
64.5 15.5
14.5 16.5
15.5 16.5
16.5 16.5
17.5 16.5
32.5 16.5
33.5 16.5
48.5 16.5
49.5 16.5
52.5 16.5
53.5 16.5
18.5 17.5
19.5 17.5
20.5 17.5
21.5 17.5
23.5 17.5
34.5 17.5
35.5 17.5
50.5 17.5
51.5 17.5
54.5 17.5
55.5 17.5
7.5 18.5
8.5 18.5
23.5 18.5
24.5 18.5
25.5 18.5
26.5 18.5
36.5 18.5
37.5 18.5
38.5 18.5
39.5 18.5
56.5 18.5
57.5 18.5
10.5 19.5
11.5 19.5
26.5 19.5
27.5 19.5
28.5 19.5
40.5 19.5
41.5 19.5
42.5 19.5
43.5 19.5
44.5 19.5
58.5 19.5
59.5 19.5
13.5 20.5
14.5 20.5
28.5 20.5
29.5 20.5
30.5 20.5
44.5 20.5
45.5 20.5
46.5 20.5
47.5 20.5
61.5 20.5
16.5 21.5
30.5 21.5
31.5 21.5
57.5 22.5
17.5 23.5
46.5 23.5
47.5 23.5
59.5 23.5
60.5 23.5
14.5 24.5
15.5 24.5
16.5 24.5
28.5 24.5
29.5 24.5
43.5 24.5
44.5 24.5
45.5 24.5
60.5 24.5
61.5 24.5
62.5 24.5
11.5 25.5
12.5 25.5
13.5 25.5
31.5 25.5
32.5 25.5
41.5 25.5
42.5 25.5
62.5 25.5
63.5 25.5
64.5 25.5
8.5 26.5
9.5 26.5
10.5 26.5
11.5 26.5
33.5 26.5
34.5 26.5
35.5 26.5
39.5 26.5
40.5 26.5
52.5 26.5
64.5 26.5
6.5 27.5
7.5 27.5
8.5 27.5
22.5 27.5
36.5 27.5
37.5 27.5
49.5 27.5
50.5 27.5
51.5 27.5
52.5 27.5
53.5 27.5
54.5 27.5
19.5 28.5
20.5 28.5
23.5 28.5
24.5 28.5
25.5 28.5
26.5 28.5
47.5 28.5
48.5 28.5
49.5 28.5
54.5 28.5
55.5 28.5
56.5 28.5
57.5 28.5
16.5 29.5
17.5 29.5
18.5 29.5
26.5 29.5
27.5 29.5
28.5 29.5
29.5 29.5
30.5 29.5
45.5 29.5
46.5 29.5
47.5 29.5
56.5 29.5
57.5 29.5
58.5 29.5
59.5 29.5
14.5 30.5
15.5 30.5
16.5 30.5
31.5 30.5
32.5 30.5
43.5 30.5
44.5 30.5
45.5 30.5
59.5 30.5
60.5 30.5
61.5 30.5
12.5 31.5
13.5 31.5
42.5 31.5
63.5 31.5
62.5 33.5
11.5 34.5
12.5 34.5
27.5 34.5
28.5 34.5
29.5 34.5
30.5 34.5
44.5 34.5
45.5 34.5
46.5 34.5
59.5 34.5
60.5 34.5
13.5 35.5
14.5 35.5
15.5 35.5
30.5 35.5
31.5 35.5
32.5 35.5
33.5 35.5
41.5 35.5
42.5 35.5
43.5 35.5
44.5 35.5
57.5 35.5
58.5 35.5
15.5 36.5
16.5 36.5
17.5 36.5
34.5 36.5
35.5 36.5
36.5 36.5
38.5 36.5
39.5 36.5
40.5 36.5
41.5 36.5
55.5 36.5
56.5 36.5
18.5 37.5
19.5 37.5
21.5 37.5
37.5 37.5
52.5 37.5
53.5 37.5
64.5 37.5
7.5 38.5
8.5 38.5
20.5 38.5
21.5 38.5
23.5 38.5
24.5 38.5
25.5 38.5
48.5 38.5
49.5 38.5
61.5 38.5
62.5 38.5
63.5 38.5
9.5 39.5
10.5 39.5
11.5 39.5
25.5 39.5
26.5 39.5
27.5 39.5
28.5 39.5
45.5 39.5
46.5 39.5
59.5 39.5
60.5 39.5
61.5 39.5
11.5 40.5
12.5 40.5
13.5 40.5
28.5 40.5
29.5 40.5
30.5 40.5
42.5 40.5
43.5 40.5
57.5 40.5
58.5 40.5
14.5 41.5
15.5 41.5
47.5 42.5
57.5 42.5
26.5 43.5
44.5 43.5
45.5 43.5
46.5 43.5
58.5 43.5
59.5 43.5
11.5 44.5
28.5 44.5
29.5 44.5
30.5 44.5
42.5 44.5
43.5 44.5
44.5 44.5
59.5 44.5
60.5 44.5
61.5 44.5
13.5 45.5
14.5 45.5
30.5 45.5
31.5 45.5
32.5 45.5
33.5 45.5
40.5 45.5
41.5 45.5
61.5 45.5
62.5 45.5
63.5 45.5
15.5 46.5
16.5 46.5
17.5 46.5
33.5 46.5
34.5 46.5
35.5 46.5
38.5 46.5
39.5 46.5
51.5 46.5
52.5 46.5
63.5 46.5
64.5 46.5
17.5 47.5
18.5 47.5
19.5 47.5
21.5 47.5
22.5 47.5
36.5 47.5
37.5 47.5
48.5 47.5
49.5 47.5
50.5 47.5
53.5 47.5
54.5 47.5
6.5 48.5
20.5 48.5
21.5 48.5
23.5 48.5
24.5 48.5
25.5 48.5
46.5 48.5
47.5 48.5
48.5 48.5
55.5 48.5
56.5 48.5
7.5 49.5
8.5 49.5
9.5 49.5
26.5 49.5
27.5 49.5
28.5 49.5
44.5 49.5
45.5 49.5
46.5 49.5
56.5 49.5
57.5 49.5
9.5 50.5
10.5 50.5
11.5 50.5
12.5 50.5
29.5 50.5
30.5 50.5
31.5 50.5
43.5 50.5
44.5 50.5
58.5 50.5
59.5 50.5
12.5 51.5
13.5 51.5
14.5 51.5
60.5 51.5
14.5 52.5
15.5 52.5
16.5 52.5
45.5 53.5
46.5 53.5
27.5 54.5
28.5 54.5
43.5 54.5
44.5 54.5
60.5 54.5
61.5 54.5
29.5 55.5
30.5 55.5
31.5 55.5
41.5 55.5
42.5 55.5
43.5 55.5
58.5 55.5
59.5 55.5
11.5 56.5
12.5 56.5
13.5 56.5
31.5 56.5
32.5 56.5
33.5 56.5
40.5 56.5
41.5 56.5
56.5 56.5
57.5 56.5
58.5 56.5
13.5 57.5
14.5 57.5
15.5 57.5
16.5 57.5
17.5 57.5
33.5 57.5
34.5 57.5
35.5 57.5
38.5 57.5
39.5 57.5
54.5 57.5
55.5 57.5
56.5 57.5
16.5 58.5
17.5 58.5
18.5 58.5
19.5 58.5
35.5 58.5
36.5 58.5
37.5 58.5
50.5 58.5
51.5 58.5
53.5 58.5
54.5 58.5
64.5 58.5
7.5 59.5
8.5 59.5
20.5 59.5
21.5 59.5
22.5 59.5
23.5 59.5
24.5 59.5
47.5 59.5
48.5 59.5
49.5 59.5
62.5 59.5
63.5 59.5
9.5 60.5
10.5 60.5
24.5 60.5
25.5 60.5
26.5 60.5
45.5 60.5
46.5 60.5
47.5 60.5
61.5 60.5
62.5 60.5
10.5 61.5
11.5 61.5
26.5 61.5
27.5 61.5
28.5 61.5
29.5 61.5
42.5 61.5
43.5 61.5
44.5 61.5
59.5 61.5
60.5 61.5
12.5 62.5
13.5 62.5
29.5 62.5
30.5 62.5
41.5 62.5
58.5 62.5
14.5 63.5
