19.5 5.5
26.5 5.5
27.5 5.5
41.5 5.5
42.5 5.5
58.5 5.5
39.5 6.5
56.5 6.5
9.5 7.5
34.5 7.5
55.5 7.5
11.5 8.5
12.5 8.5
32.5 8.5
48.5 8.5
49.5 8.5
50.5 8.5
63.5 8.5
14.5 9.5
45.5 9.5
46.5 9.5
47.5 9.5
62.5 9.5
61.5 10.5
30.5 13.5
31.5 14.5
32.5 14.5
45.5 14.5
16.5 15.5
17.5 15.5
18.5 15.5
33.5 15.5
46.5 15.5
47.5 15.5
61.5 15.5
20.5 16.5
34.5 16.5
48.5 16.5
63.5 16.5
64.5 16.5
26.5 17.5
27.5 18.5
41.5 18.5
10.5 19.5
11.5 19.5
28.5 19.5
42.5 19.5
56.5 19.5
57.5 19.5
58.5 19.5
59.5 19.5
13.5 20.5
14.5 20.5
30.5 20.5
43.5 20.5
59.5 24.5
13.5 25.5
14.5 25.5
15.5 25.5
16.5 25.5
31.5 25.5
32.5 25.5
42.5 25.5
43.5 25.5
57.5 25.5
58.5 25.5
33.5 26.5
40.5 26.5
55.5 26.5
25.5 28.5
26.5 28.5
27.5 28.5
48.5 28.5
63.5 28.5
64.5 28.5
9.5 29.5
10.5 29.5
45.5 29.5
46.5 29.5
61.5 29.5
62.5 29.5
11.5 30.5
12.5 30.5
13.5 34.5
27.5 34.5
43.5 34.5
44.5 34.5
12.5 35.5
25.5 35.5
26.5 35.5
40.5 35.5
41.5 35.5
42.5 35.5
60.5 35.5
10.5 36.5
23.5 36.5
24.5 36.5
62.5 36.5
63.5 36.5
34.5 37.5
64.5 37.5
16.5 38.5
17.5 38.5
32.5 38.5
47.5 38.5
48.5 38.5
55.5 38.5
15.5 39.5
30.5 39.5
31.5 39.5
45.5 39.5
46.5 39.5
56.5 39.5
57.5 39.5
14.5 40.5
58.5 40.5
45.5 44.5
13.5 45.5
29.5 45.5
46.5 45.5
58.5 45.5
59.5 45.5
11.5 46.5
31.5 46.5
32.5 46.5
47.5 46.5
48.5 46.5
56.5 46.5
57.5 46.5
10.5 47.5
34.5 47.5
49.5 47.5
55.5 47.5
40.5 48.5
41.5 49.5
42.5 49.5
63.5 49.5
64.5 49.5
16.5 50.5
17.5 50.5
18.5 50.5
25.5 50.5
26.5 50.5
43.5 50.5
61.5 50.5
62.5 50.5
14.5 51.5
15.5 51.5
27.5 51.5
28.5 51.5
59.5 51.5
14.5 56.5
30.5 56.5
42.5 56.5
43.5 56.5
60.5 56.5
61.5 56.5
16.5 57.5
17.5 57.5
32.5 57.5
33.5 57.5
41.5 57.5
63.5 57.5
34.5 58.5
48.5 59.5
54.5 59.5
9.5 60.5
10.5 60.5
26.5 60.5
27.5 60.5
46.5 60.5
56.5 60.5
11.5 61.5
12.5 61.5
