9.5 5.5
10.5 5.5
22.5 5.5
23.5 5.5
24.5 5.5
33.5 5.5
34.5 5.5
44.5 5.5
45.5 5.5
54.5 5.5
55.5 5.5
64.5 5.5
8.5 6.5
9.5 6.5
10.5 6.5
23.5 6.5
24.5 6.5
25.5 6.5
26.5 6.5
34.5 6.5
45.5 6.5
46.5 6.5
55.5 6.5
56.5 6.5
64.5 6.5
8.5 7.5
9.5 7.5
26.5 7.5
34.5 7.5
38.5 7.5
50.5 7.5
56.5 7.5
64.5 7.5
14.5 8.5
18.5 8.5
19.5 8.5
30.5 8.5
34.5 8.5
38.5 8.5
39.5 8.5
40.5 8.5
50.5 8.5
51.5 8.5
60.5 8.5
13.5 9.5
14.5 9.5
19.5 9.5
20.5 9.5
30.5 9.5
31.5 9.5
39.5 9.5
40.5 9.5
41.5 9.5
51.5 9.5
52.5 9.5
60.5 9.5
61.5 9.5
12.5 10.5
13.5 10.5
21.5 10.5
31.5 10.5
61.5 10.5
62.5 10.5
11.5 11.5
31.5 11.5
62.5 11.5
63.5 11.5
51.5 13.5
52.5 13.5
11.5 14.5
22.5 14.5
23.5 14.5
30.5 14.5
40.5 14.5
41.5 14.5
50.5 14.5
51.5 14.5
62.5 14.5
9.5 15.5
10.5 15.5
23.5 15.5
24.5 15.5
29.5 15.5
30.5 15.5
38.5 15.5
39.5 15.5
40.5 15.5
50.5 15.5
51.5 15.5
63.5 15.5
8.5 16.5
24.5 16.5
25.5 16.5
29.5 16.5
37.5 16.5
38.5 16.5
45.5 16.5
49.5 16.5
50.5 16.5
64.5 16.5
14.5 17.5
15.5 17.5
19.5 17.5
34.5 17.5
44.5 17.5
45.5 17.5
49.5 17.5
55.5 17.5
59.5 17.5
60.5 17.5
12.5 18.5
13.5 18.5
14.5 18.5
19.5 18.5
20.5 18.5
33.5 18.5
43.5 18.5
44.5 18.5
54.5 18.5
60.5 18.5
12.5 19.5
13.5 19.5
20.5 19.5
21.5 19.5
32.5 19.5
42.5 19.5
43.5 19.5
53.5 19.5
54.5 19.5
60.5 19.5
61.5 19.5
21.5 20.5
22.5 20.5
42.5 20.5
53.5 20.5
11.5 23.5
12.5 23.5
32.5 23.5
62.5 23.5
10.5 24.5
11.5 24.5
22.5 24.5
33.5 24.5
34.5 24.5
41.5 24.5
42.5 24.5
52.5 24.5
53.5 24.5
62.5 24.5
63.5 24.5
10.5 25.5
11.5 25.5
22.5 25.5
23.5 25.5
34.5 25.5
40.5 25.5
41.5 25.5
53.5 25.5
54.5 25.5
63.5 25.5
64.5 25.5
9.5 26.5
10.5 26.5
23.5 26.5
35.5 26.5
39.5 26.5
40.5 26.5
41.5 26.5
54.5 26.5
55.5 26.5
63.5 26.5
64.5 26.5
15.5 27.5
23.5 27.5
24.5 27.5
28.5 27.5
36.5 27.5
39.5 27.5
46.5 27.5
49.5 27.5
55.5 27.5
58.5 27.5
59.5 27.5
64.5 27.5
14.5 28.5
15.5 28.5
19.5 28.5
28.5 28.5
29.5 28.5
30.5 28.5
45.5 28.5
49.5 28.5
50.5 28.5
59.5 28.5
60.5 28.5
14.5 29.5
15.5 29.5
19.5 29.5
29.5 29.5
30.5 29.5
31.5 29.5
32.5 29.5
44.5 29.5
50.5 29.5
51.5 29.5
60.5 29.5
61.5 29.5
13.5 30.5
14.5 30.5
19.5 30.5
20.5 30.5
31.5 30.5
32.5 30.5
43.5 30.5
52.5 30.5
61.5 30.5
13.5 31.5
14.5 31.5
20.5 31.5
43.5 33.5
51.5 33.5
43.5 34.5
44.5 34.5
50.5 34.5
51.5 34.5
61.5 34.5
11.5 35.5
12.5 35.5
21.5 35.5
31.5 35.5
32.5 35.5
33.5 35.5
44.5 35.5
45.5 35.5
49.5 35.5
50.5 35.5
60.5 35.5
61.5 35.5
10.5 36.5
11.5 36.5
22.5 36.5
32.5 36.5
33.5 36.5
34.5 36.5
35.5 36.5
45.5 36.5
49.5 36.5
60.5 36.5
61.5 36.5
9.5 37.5
10.5 37.5
22.5 37.5
23.5 37.5
35.5 37.5
39.5 37.5
55.5 37.5
60.5 37.5
61.5 37.5
9.5 38.5
23.5 38.5
27.5 38.5
28.5 38.5
39.5 38.5
40.5 38.5
41.5 38.5
54.5 38.5
55.5 38.5
60.5 38.5
14.5 39.5
15.5 39.5
19.5 39.5
28.5 39.5
29.5 39.5
40.5 39.5
41.5 39.5
42.5 39.5
53.5 39.5
54.5 39.5
55.5 39.5
64.5 39.5
13.5 40.5
14.5 40.5
19.5 40.5
20.5 40.5
29.5 40.5
30.5 40.5
42.5 40.5
53.5 40.5
54.5 40.5
64.5 40.5
12.5 41.5
13.5 41.5
20.5 41.5
53.5 41.5
64.5 41.5
64.5 42.5
30.5 44.5
31.5 44.5
40.5 44.5
41.5 44.5
52.5 44.5
11.5 45.5
12.5 45.5
20.5 45.5
29.5 45.5
30.5 45.5
39.5 45.5
40.5 45.5
53.5 45.5
54.5 45.5
12.5 46.5
13.5 46.5
19.5 46.5
29.5 46.5
30.5 46.5
38.5 46.5
39.5 46.5
54.5 46.5
55.5 46.5
64.5 46.5
14.5 47.5
18.5 47.5
28.5 47.5
34.5 47.5
38.5 47.5
45.5 47.5
49.5 47.5
55.5 47.5
56.5 47.5
64.5 47.5
8.5 48.5
9.5 48.5
23.5 48.5
24.5 48.5
25.5 48.5
33.5 48.5
34.5 48.5
43.5 48.5
44.5 48.5
45.5 48.5
50.5 48.5
9.5 49.5
10.5 49.5
21.5 49.5
22.5 49.5
23.5 49.5
33.5 49.5
43.5 49.5
44.5 49.5
50.5 49.5
51.5 49.5
59.5 49.5
60.5 49.5
61.5 49.5
10.5 50.5
32.5 50.5
33.5 50.5
42.5 50.5
43.5 50.5
51.5 50.5
61.5 50.5
62.5 50.5
10.5 54.5
21.5 54.5
22.5 54.5
33.5 54.5
42.5 54.5
52.5 54.5
61.5 54.5
62.5 54.5
9.5 55.5
10.5 55.5
20.5 55.5
21.5 55.5
33.5 55.5
34.5 55.5
40.5 55.5
41.5 55.5
53.5 55.5
62.5 55.5
63.5 55.5
8.5 56.5
9.5 56.5
19.5 56.5
20.5 56.5
33.5 56.5
34.5 56.5
39.5 56.5
40.5 56.5
41.5 56.5
53.5 56.5
54.5 56.5
63.5 56.5
64.5 56.5
8.5 57.5
14.5 57.5
15.5 57.5
18.5 57.5
19.5 57.5
25.5 57.5
34.5 57.5
39.5 57.5
54.5 57.5
58.5 57.5
13.5 58.5
14.5 58.5
24.5 58.5
28.5 58.5
29.5 58.5
38.5 58.5
45.5 58.5
46.5 58.5
50.5 58.5
58.5 58.5
59.5 58.5
12.5 59.5
13.5 59.5
23.5 59.5
24.5 59.5
29.5 59.5
30.5 59.5
44.5 59.5
45.5 59.5
50.5 59.5
51.5 59.5
59.5 59.5
60.5 59.5
12.5 60.5
13.5 60.5
23.5 60.5
29.5 60.5
30.5 60.5
43.5 60.5
44.5 60.5
51.5 60.5
60.5 60.5
22.5 61.5
30.5 61.5
31.5 61.5
42.5 61.5
43.5 61.5
51.5 61.5
