11.5 5.5
12.5 5.5
20.5 5.5
25.5 5.5
30.5 5.5
31.5 5.5
43.5 5.5
53.5 5.5
61.5 5.5
12.5 6.5
19.5 6.5
20.5 6.5
25.5 6.5
30.5 6.5
31.5 6.5
38.5 6.5
43.5 6.5
44.5 6.5
53.5 6.5
60.5 6.5
61.5 6.5
7.5 7.5
12.5 7.5
13.5 7.5
19.5 7.5
24.5 7.5
29.5 7.5
30.5 7.5
36.5 7.5
38.5 7.5
44.5 7.5
45.5 7.5
49.5 7.5
53.5 7.5
54.5 7.5
59.5 7.5
60.5 7.5
7.5 8.5
13.5 8.5
18.5 8.5
19.5 8.5
24.5 8.5
29.5 8.5
30.5 8.5
35.5 8.5
38.5 8.5
39.5 8.5
45.5 8.5
49.5 8.5
54.5 8.5
59.5 8.5
60.5 8.5
8.5 9.5
13.5 9.5
18.5 9.5
23.5 9.5
24.5 9.5
28.5 9.5
29.5 9.5
35.5 9.5
39.5 9.5
45.5 9.5
46.5 9.5
50.5 9.5
54.5 9.5
58.5 9.5
59.5 9.5
8.5 10.5
14.5 10.5
17.5 10.5
18.5 10.5
23.5 10.5
28.5 10.5
29.5 10.5
34.5 10.5
35.5 10.5
39.5 10.5
40.5 10.5
46.5 10.5
50.5 10.5
55.5 10.5
58.5 10.5
64.5 10.5
8.5 11.5
9.5 11.5
14.5 11.5
17.5 11.5
23.5 11.5
27.5 11.5
28.5 11.5
34.5 11.5
39.5 11.5
40.5 11.5
46.5 11.5
47.5 11.5
50.5 11.5
55.5 11.5
57.5 11.5
58.5 11.5
64.5 11.5
9.5 12.5
15.5 12.5
22.5 12.5
23.5 12.5
27.5 12.5
33.5 12.5
34.5 12.5
40.5 12.5
41.5 12.5
47.5 12.5
51.5 12.5
55.5 12.5
57.5 12.5
63.5 12.5
64.5 12.5
9.5 13.5
10.5 13.5
15.5 13.5
16.5 13.5
22.5 13.5
27.5 13.5
33.5 13.5
40.5 13.5
41.5 13.5
51.5 13.5
62.5 13.5
63.5 13.5
10.5 14.5
21.5 14.5
22.5 14.5
32.5 14.5
33.5 14.5
40.5 14.5
41.5 14.5
51.5 14.5
52.5 14.5
62.5 14.5
10.5 15.5
21.5 15.5
32.5 15.5
41.5 15.5
42.5 15.5
52.5 15.5
61.5 15.5
62.5 15.5
63.5 15.5
10.5 16.5
11.5 16.5
21.5 16.5
22.5 16.5
31.5 16.5
32.5 16.5
41.5 16.5
42.5 16.5
52.5 16.5
61.5 16.5
63.5 16.5
11.5 17.5
20.5 17.5
21.5 17.5
22.5 17.5
31.5 17.5
41.5 17.5
42.5 17.5
52.5 17.5
60.5 17.5
62.5 17.5
63.5 17.5
11.5 18.5
20.5 18.5
21.5 18.5
30.5 18.5
31.5 18.5
41.5 18.5
42.5 18.5
52.5 18.5
53.5 18.5
62.5 18.5
11.5 19.5
12.5 19.5
20.5 19.5
21.5 19.5
30.5 19.5
31.5 19.5
41.5 19.5
42.5 19.5
43.5 19.5
53.5 19.5
61.5 19.5
62.5 19.5
11.5 20.5
12.5 20.5
20.5 20.5
30.5 20.5
31.5 20.5
42.5 20.5
53.5 20.5
61.5 20.5
12.5 21.5
19.5 21.5
20.5 21.5
30.5 21.5
42.5 21.5
43.5 21.5
48.5 21.5
53.5 21.5
60.5 21.5
61.5 21.5
6.5 22.5
12.5 22.5
19.5 22.5
26.5 22.5
30.5 22.5
42.5 22.5
43.5 22.5
49.5 22.5
54.5 22.5
60.5 22.5
7.5 23.5
12.5 23.5
13.5 23.5
18.5 23.5
19.5 23.5
25.5 23.5
29.5 23.5
30.5 23.5
35.5 23.5
37.5 23.5
43.5 23.5
44.5 23.5
49.5 23.5
54.5 23.5
59.5 23.5
60.5 23.5
7.5 24.5
12.5 24.5
13.5 24.5
18.5 24.5
24.5 24.5
25.5 24.5
29.5 24.5
35.5 24.5
37.5 24.5
43.5 24.5
44.5 24.5
49.5 24.5
54.5 24.5
59.5 24.5
7.5 25.5
8.5 25.5
13.5 25.5
17.5 25.5
18.5 25.5
24.5 25.5
29.5 25.5
34.5 25.5
38.5 25.5
43.5 25.5
44.5 25.5
49.5 25.5
50.5 25.5
55.5 25.5
58.5 25.5
59.5 25.5
8.5 26.5
13.5 26.5
17.5 26.5
23.5 26.5
24.5 26.5
28.5 26.5
29.5 26.5
34.5 26.5
38.5 26.5
44.5 26.5
45.5 26.5
49.5 26.5
50.5 26.5
55.5 26.5
58.5 26.5
64.5 26.5
8.5 27.5
9.5 27.5
13.5 27.5
14.5 27.5
16.5 27.5
17.5 27.5
23.5 27.5
28.5 27.5
33.5 27.5
34.5 27.5
38.5 27.5
39.5 27.5
44.5 27.5
45.5 27.5
50.5 27.5
55.5 27.5
57.5 27.5
58.5 27.5
64.5 27.5
8.5 28.5
9.5 28.5
14.5 28.5
16.5 28.5
22.5 28.5
23.5 28.5
28.5 28.5
33.5 28.5
34.5 28.5
39.5 28.5
45.5 28.5
50.5 28.5
51.5 28.5
57.5 28.5
63.5 28.5
64.5 28.5
9.5 29.5
14.5 29.5
21.5 29.5
22.5 29.5
33.5 29.5
39.5 29.5
40.5 29.5
45.5 29.5
50.5 29.5
51.5 29.5
63.5 29.5
9.5 30.5
10.5 30.5
21.5 30.5
22.5 30.5
32.5 30.5
33.5 30.5
40.5 30.5
51.5 30.5
62.5 30.5
63.5 30.5
10.5 31.5
20.5 31.5
21.5 31.5
32.5 31.5
33.5 31.5
40.5 31.5
41.5 31.5
51.5 31.5
62.5 31.5
10.5 32.5
20.5 32.5
21.5 32.5
32.5 32.5
40.5 32.5
41.5 32.5
51.5 32.5
52.5 32.5
61.5 32.5
62.5 32.5
10.5 33.5
11.5 33.5
20.5 33.5
21.5 33.5
31.5 33.5
32.5 33.5
41.5 33.5
42.5 33.5
52.5 33.5
61.5 33.5
9.5 34.5
10.5 34.5
19.5 34.5
21.5 34.5
31.5 34.5
41.5 34.5
42.5 34.5
51.5 34.5
52.5 34.5
61.5 34.5
62.5 34.5
9.5 35.5
21.5 35.5
31.5 35.5
32.5 35.5
42.5 35.5
51.5 35.5
62.5 35.5
9.5 36.5
20.5 36.5
21.5 36.5
26.5 36.5
32.5 36.5
33.5 36.5
42.5 36.5
43.5 36.5
50.5 36.5
51.5 36.5
56.5 36.5
62.5 36.5
63.5 36.5
8.5 37.5
9.5 37.5
16.5 37.5
20.5 37.5
21.5 37.5
26.5 37.5
33.5 37.5
43.5 37.5
50.5 37.5
58.5 37.5
63.5 37.5
64.5 37.5
8.5 38.5
9.5 38.5
15.5 38.5
16.5 38.5
20.5 38.5
21.5 38.5
25.5 38.5
27.5 38.5
33.5 38.5
34.5 38.5
43.5 38.5
44.5 38.5
49.5 38.5
50.5 38.5
55.5 38.5
58.5 38.5
64.5 38.5
8.5 39.5
15.5 39.5
20.5 39.5
21.5 39.5
25.5 39.5
27.5 39.5
28.5 39.5
34.5 39.5
38.5 39.5
44.5 39.5
49.5 39.5
50.5 39.5
55.5 39.5
58.5 39.5
59.5 39.5
64.5 39.5
8.5 40.5
14.5 40.5
15.5 40.5
20.5 40.5
28.5 40.5
34.5 40.5
35.5 40.5
38.5 40.5
39.5 40.5
44.5 40.5
45.5 40.5
49.5 40.5
54.5 40.5
59.5 40.5
7.5 41.5
8.5 41.5
14.5 41.5
15.5 41.5
20.5 41.5
24.5 41.5
28.5 41.5
29.5 41.5
35.5 41.5
39.5 41.5
40.5 41.5
45.5 41.5
48.5 41.5
49.5 41.5
54.5 41.5
59.5 41.5
60.5 41.5
7.5 42.5
13.5 42.5
14.5 42.5
19.5 42.5
20.5 42.5
29.5 42.5
35.5 42.5
36.5 42.5
40.5 42.5
46.5 42.5
48.5 42.5
53.5 42.5
54.5 42.5
59.5 42.5
60.5 42.5
7.5 43.5
13.5 43.5
14.5 43.5
19.5 43.5
23.5 43.5
29.5 43.5
30.5 43.5
36.5 43.5
40.5 43.5
41.5 43.5
48.5 43.5
53.5 43.5
60.5 43.5
7.5 44.5
12.5 44.5
13.5 44.5
23.5 44.5
30.5 44.5
31.5 44.5
41.5 44.5
42.5 44.5
53.5 44.5
60.5 44.5
61.5 44.5
12.5 45.5
13.5 45.5
30.5 45.5
31.5 45.5
41.5 45.5
42.5 45.5
52.5 45.5
53.5 45.5
60.5 45.5
61.5 45.5
12.5 46.5
22.5 46.5
31.5 46.5
32.5 46.5
42.5 46.5
43.5 46.5
44.5 46.5
51.5 46.5
52.5 46.5
60.5 46.5
61.5 46.5
11.5 47.5
12.5 47.5
22.5 47.5
31.5 47.5
32.5 47.5
43.5 47.5
51.5 47.5
52.5 47.5
61.5 47.5
11.5 48.5
12.5 48.5
31.5 48.5
32.5 48.5
43.5 48.5
51.5 48.5
52.5 48.5
61.5 48.5
62.5 48.5
11.5 49.5
12.5 49.5
30.5 49.5
31.5 49.5
42.5 49.5
51.5 49.5
52.5 49.5
61.5 49.5
62.5 49.5
12.5 50.5
13.5 50.5
21.5 50.5
30.5 50.5
31.5 50.5
42.5 50.5
52.5 50.5
62.5 50.5
63.5 50.5
13.5 51.5
14.5 51.5
21.5 51.5
24.5 51.5
30.5 51.5
41.5 51.5
42.5 51.5
47.5 51.5
52.5 51.5
62.5 51.5
63.5 51.5
13.5 52.5
14.5 52.5
24.5 52.5
29.5 52.5
30.5 52.5
36.5 52.5
40.5 52.5
41.5 52.5
46.5 52.5
53.5 52.5
56.5 52.5
63.5 52.5
64.5 52.5
7.5 53.5
14.5 53.5
15.5 53.5
24.5 53.5
29.5 53.5
30.5 53.5
36.5 53.5
40.5 53.5
41.5 53.5
46.5 53.5
49.5 53.5
53.5 53.5
57.5 53.5
64.5 53.5
8.5 54.5
14.5 54.5
15.5 54.5
16.5 54.5
20.5 54.5
24.5 54.5
29.5 54.5
30.5 54.5
35.5 54.5
39.5 54.5
40.5 54.5
45.5 54.5
46.5 54.5
49.5 54.5
53.5 54.5
57.5 54.5
58.5 54.5
64.5 54.5
8.5 55.5
15.5 55.5
16.5 55.5
20.5 55.5
23.5 55.5
24.5 55.5
28.5 55.5
29.5 55.5
35.5 55.5
39.5 55.5
40.5 55.5
45.5 55.5
49.5 55.5
53.5 55.5
58.5 55.5
9.5 56.5
15.5 56.5
16.5 56.5
17.5 56.5
23.5 56.5
24.5 56.5
28.5 56.5
29.5 56.5
34.5 56.5
35.5 56.5
39.5 56.5
45.5 56.5
49.5 56.5
50.5 56.5
54.5 56.5
58.5 56.5
59.5 56.5
9.5 57.5
10.5 57.5
16.5 57.5
17.5 57.5
23.5 57.5
28.5 57.5
29.5 57.5
34.5 57.5
38.5 57.5
44.5 57.5
45.5 57.5
50.5 57.5
54.5 57.5
59.5 57.5
60.5 57.5
10.5 58.5
17.5 58.5
19.5 58.5
23.5 58.5
28.5 58.5
34.5 58.5
38.5 58.5
44.5 58.5
50.5 58.5
54.5 58.5
59.5 58.5
60.5 58.5
10.5 59.5
11.5 59.5
18.5 59.5
23.5 59.5
28.5 59.5
33.5 59.5
34.5 59.5
37.5 59.5
43.5 59.5
44.5 59.5
50.5 59.5
60.5 59.5
61.5 59.5
11.5 60.5
23.5 60.5
33.5 60.5
43.5 60.5
44.5 60.5
50.5 60.5
60.5 60.5
61.5 60.5
11.5 61.5
12.5 61.5
23.5 61.5
32.5 61.5
33.5 61.5
43.5 61.5
51.5 61.5
61.5 61.5
62.5 61.5
12.5 62.5
23.5 62.5
32.5 62.5
42.5 62.5
43.5 62.5
51.5 62.5
62.5 62.5
13.5 63.5
23.5 63.5
32.5 63.5
42.5 63.5
51.5 63.5
62.5 63.5
63.5 63.5
