15.5 5.5
16.5 5.5
37.5 5.5
38.5 5.5
58.5 5.5
59.5 5.5
60.5 5.5
16.5 6.5
17.5 6.5
18.5 6.5
37.5 6.5
38.5 6.5
39.5 6.5
59.5 6.5
60.5 6.5
17.5 7.5
18.5 7.5
19.5 7.5
38.5 7.5
39.5 7.5
40.5 7.5
60.5 7.5
61.5 7.5
18.5 8.5
19.5 8.5
20.5 8.5
26.5 8.5
39.5 8.5
40.5 8.5
41.5 8.5
49.5 8.5
60.5 8.5
61.5 8.5
62.5 8.5
19.5 9.5
20.5 9.5
21.5 9.5
27.5 9.5
40.5 9.5
41.5 9.5
42.5 9.5
49.5 9.5
50.5 9.5
61.5 9.5
62.5 9.5
63.5 9.5
6.5 10.5
7.5 10.5
20.5 10.5
21.5 10.5
22.5 10.5
28.5 10.5
41.5 10.5
42.5 10.5
43.5 10.5
50.5 10.5
51.5 10.5
62.5 10.5
63.5 10.5
7.5 11.5
8.5 11.5
21.5 11.5
22.5 11.5
23.5 11.5
29.5 11.5
30.5 11.5
42.5 11.5
43.5 11.5
44.5 11.5
50.5 11.5
51.5 11.5
63.5 11.5
64.5 11.5
8.5 12.5
9.5 12.5
22.5 12.5
23.5 12.5
24.5 12.5
29.5 12.5
30.5 12.5
31.5 12.5
43.5 12.5
44.5 12.5
45.5 12.5
51.5 12.5
52.5 12.5
64.5 12.5
9.5 13.5
10.5 13.5
24.5 13.5
25.5 13.5
30.5 13.5
31.5 13.5
32.5 13.5
44.5 13.5
45.5 13.5
46.5 13.5
52.5 13.5
53.5 13.5
10.5 14.5
11.5 14.5
25.5 14.5
26.5 14.5
31.5 14.5
32.5 14.5
33.5 14.5
45.5 14.5
46.5 14.5
52.5 14.5
53.5 14.5
54.5 14.5
11.5 15.5
12.5 15.5
13.5 15.5
26.5 15.5
27.5 15.5
32.5 15.5
33.5 15.5
34.5 15.5
46.5 15.5
47.5 15.5
53.5 15.5
54.5 15.5
55.5 15.5
12.5 16.5
13.5 16.5
14.5 16.5
33.5 16.5
34.5 16.5
35.5 16.5
48.5 16.5
54.5 16.5
55.5 16.5
13.5 17.5
14.5 17.5
15.5 17.5
34.5 17.5
35.5 17.5
36.5 17.5
55.5 17.5
56.5 17.5
14.5 18.5
15.5 18.5
16.5 18.5
35.5 18.5
36.5 18.5
55.5 18.5
56.5 18.5
57.5 18.5
15.5 19.5
16.5 19.5
17.5 19.5
36.5 19.5
37.5 19.5
56.5 19.5
57.5 19.5
16.5 20.5
17.5 20.5
18.5 20.5
37.5 20.5
38.5 20.5
57.5 20.5
58.5 20.5
17.5 21.5
18.5 21.5
38.5 21.5
39.5 21.5
58.5 21.5
59.5 21.5
19.5 22.5
39.5 22.5
40.5 22.5
41.5 22.5
59.5 22.5
60.5 22.5
12.5 23.5
13.5 23.5
20.5 23.5
40.5 23.5
41.5 23.5
59.5 23.5
60.5 23.5
13.5 24.5
14.5 24.5
39.5 24.5
40.5 24.5
58.5 24.5
59.5 24.5
14.5 25.5
15.5 25.5
37.5 25.5
38.5 25.5
39.5 25.5
57.5 25.5
58.5 25.5
15.5 26.5
16.5 26.5
36.5 26.5
37.5 26.5
38.5 26.5
56.5 26.5
57.5 26.5
16.5 27.5
17.5 27.5
18.5 27.5
35.5 27.5
36.5 27.5
37.5 27.5
55.5 27.5
56.5 27.5
17.5 28.5
18.5 28.5
19.5 28.5
34.5 28.5
35.5 28.5
36.5 28.5
54.5 28.5
55.5 28.5
56.5 28.5
18.5 29.5
19.5 29.5
20.5 29.5
33.5 29.5
34.5 29.5
35.5 29.5
53.5 29.5
54.5 29.5
55.5 29.5
19.5 30.5
20.5 30.5
21.5 30.5
32.5 30.5
33.5 30.5
34.5 30.5
47.5 30.5
48.5 30.5
52.5 30.5
53.5 30.5
54.5 30.5
6.5 31.5
7.5 31.5
20.5 31.5
21.5 31.5
22.5 31.5
31.5 31.5
32.5 31.5
33.5 31.5
46.5 31.5
47.5 31.5
52.5 31.5
53.5 31.5
64.5 31.5
7.5 32.5
8.5 32.5
21.5 32.5
22.5 32.5
23.5 32.5
30.5 32.5
31.5 32.5
32.5 32.5
45.5 32.5
46.5 32.5
51.5 32.5
52.5 32.5
63.5 32.5
64.5 32.5
8.5 33.5
9.5 33.5
22.5 33.5
23.5 33.5
24.5 33.5
29.5 33.5
30.5 33.5
31.5 33.5
43.5 33.5
44.5 33.5
45.5 33.5
50.5 33.5
51.5 33.5
62.5 33.5
63.5 33.5
64.5 33.5
9.5 34.5
10.5 34.5
23.5 34.5
24.5 34.5
25.5 34.5
28.5 34.5
29.5 34.5
30.5 34.5
42.5 34.5
43.5 34.5
44.5 34.5
49.5 34.5
50.5 34.5
61.5 34.5
62.5 34.5
63.5 34.5
10.5 35.5
11.5 35.5
12.5 35.5
25.5 35.5
26.5 35.5
27.5 35.5
28.5 35.5
41.5 35.5
42.5 35.5
43.5 35.5
48.5 35.5
49.5 35.5
61.5 35.5
62.5 35.5
11.5 36.5
12.5 36.5
13.5 36.5
26.5 36.5
27.5 36.5
40.5 36.5
41.5 36.5
42.5 36.5
48.5 36.5
60.5 36.5
61.5 36.5
12.5 37.5
13.5 37.5
14.5 37.5
26.5 37.5
27.5 37.5
39.5 37.5
40.5 37.5
41.5 37.5
59.5 37.5
60.5 37.5
13.5 38.5
14.5 38.5
15.5 38.5
38.5 38.5
39.5 38.5
58.5 38.5
59.5 38.5
60.5 38.5
14.5 39.5
15.5 39.5
16.5 39.5
37.5 39.5
38.5 39.5
58.5 39.5
59.5 39.5
16.5 40.5
17.5 40.5
36.5 40.5
37.5 40.5
57.5 40.5
58.5 40.5
17.5 41.5
18.5 41.5
35.5 41.5
36.5 41.5
56.5 41.5
57.5 41.5
18.5 42.5
19.5 42.5
34.5 42.5
54.5 42.5
55.5 42.5
56.5 42.5
19.5 43.5
20.5 43.5
32.5 43.5
33.5 43.5
55.5 43.5
18.5 44.5
19.5 44.5
33.5 44.5
34.5 44.5
56.5 44.5
17.5 45.5
18.5 45.5
34.5 45.5
35.5 45.5
57.5 45.5
16.5 46.5
17.5 46.5
35.5 46.5
36.5 46.5
37.5 46.5
57.5 46.5
58.5 46.5
15.5 47.5
16.5 47.5
36.5 47.5
37.5 47.5
38.5 47.5
58.5 47.5
59.5 47.5
13.5 48.5
14.5 48.5
15.5 48.5
37.5 48.5
38.5 48.5
39.5 48.5
59.5 48.5
60.5 48.5
12.5 49.5
13.5 49.5
14.5 49.5
27.5 49.5
38.5 49.5
39.5 49.5
40.5 49.5
41.5 49.5
45.5 49.5
60.5 49.5
61.5 49.5
11.5 50.5
12.5 50.5
13.5 50.5
27.5 50.5
28.5 50.5
39.5 50.5
40.5 50.5
41.5 50.5
42.5 50.5
46.5 50.5
47.5 50.5
61.5 50.5
62.5 50.5
10.5 51.5
11.5 51.5
12.5 51.5
25.5 51.5
26.5 51.5
28.5 51.5
29.5 51.5
41.5 51.5
42.5 51.5
43.5 51.5
47.5 51.5
48.5 51.5
62.5 51.5
63.5 51.5
9.5 52.5
10.5 52.5
11.5 52.5
24.5 52.5
25.5 52.5
29.5 52.5
30.5 52.5
42.5 52.5
43.5 52.5
44.5 52.5
48.5 52.5
49.5 52.5
50.5 52.5
62.5 52.5
63.5 52.5
64.5 52.5
8.5 53.5
9.5 53.5
10.5 53.5
23.5 53.5
24.5 53.5
30.5 53.5
31.5 53.5
43.5 53.5
44.5 53.5
45.5 53.5
49.5 53.5
50.5 53.5
51.5 53.5
63.5 53.5
64.5 53.5
7.5 54.5
8.5 54.5
9.5 54.5
22.5 54.5
23.5 54.5
30.5 54.5
31.5 54.5
45.5 54.5
46.5 54.5
50.5 54.5
51.5 54.5
52.5 54.5
64.5 54.5
7.5 55.5
8.5 55.5
21.5 55.5
22.5 55.5
31.5 55.5
32.5 55.5
46.5 55.5
51.5 55.5
52.5 55.5
53.5 55.5
6.5 56.5
20.5 56.5
21.5 56.5
22.5 56.5
32.5 56.5
33.5 56.5
52.5 56.5
53.5 56.5
54.5 56.5
55.5 56.5
19.5 57.5
20.5 57.5
21.5 57.5
33.5 57.5
34.5 57.5
54.5 57.5
55.5 57.5
56.5 57.5
18.5 58.5
19.5 58.5
33.5 58.5
34.5 58.5
35.5 58.5
55.5 58.5
56.5 58.5
57.5 58.5
17.5 59.5
18.5 59.5
34.5 59.5
35.5 59.5
56.5 59.5
57.5 59.5
58.5 59.5
16.5 60.5
17.5 60.5
35.5 60.5
36.5 60.5
57.5 60.5
58.5 60.5
59.5 60.5
15.5 61.5
16.5 61.5
36.5 61.5
37.5 61.5
59.5 61.5
60.5 61.5
14.5 62.5
15.5 62.5
37.5 62.5
60.5 62.5
61.5 62.5
13.5 63.5
14.5 63.5
38.5 63.5
62.5 63.5
