10.5 5.5
33.5 5.5
41.5 5.5
50.5 5.5
62.5 5.5
63.5 5.5
21.5 6.5
33.5 6.5
40.5 6.5
50.5 6.5
63.5 6.5
9.5 7.5
20.5 7.5
33.5 7.5
40.5 7.5
63.5 7.5
64.5 7.5
9.5 8.5
20.5 8.5
34.5 8.5
40.5 8.5
49.5 8.5
54.5 8.5
58.5 8.5
64.5 8.5
8.5 9.5
14.5 9.5
19.5 9.5
28.5 9.5
34.5 9.5
39.5 9.5
45.5 9.5
49.5 9.5
54.5 9.5
59.5 9.5
64.5 9.5
8.5 10.5
14.5 10.5
19.5 10.5
25.5 10.5
34.5 10.5
39.5 10.5
45.5 10.5
54.5 10.5
59.5 10.5
13.5 11.5
18.5 11.5
24.5 11.5
29.5 11.5
35.5 11.5
44.5 11.5
48.5 11.5
54.5 11.5
7.5 12.5
13.5 12.5
24.5 12.5
29.5 12.5
35.5 12.5
38.5 12.5
43.5 12.5
53.5 12.5
60.5 12.5
12.5 13.5
13.5 13.5
30.5 13.5
43.5 13.5
53.5 13.5
12.5 14.5
23.5 14.5
30.5 14.5
42.5 14.5
53.5 14.5
61.5 14.5
11.5 15.5
31.5 15.5
42.5 15.5
53.5 15.5
61.5 15.5
11.5 16.5
22.5 16.5
31.5 16.5
41.5 16.5
53.5 16.5
62.5 16.5
42.5 17.5
11.5 18.5
32.5 18.5
42.5 18.5
62.5 18.5
12.5 19.5
32.5 19.5
43.5 19.5
52.5 19.5
12.5 20.5
13.5 20.5
21.5 20.5
31.5 20.5
43.5 20.5
52.5 20.5
63.5 20.5
13.5 21.5
21.5 21.5
31.5 21.5
43.5 21.5
44.5 21.5
52.5 21.5
64.5 21.5
14.5 22.5
30.5 22.5
44.5 22.5
51.5 22.5
64.5 22.5
7.5 23.5
14.5 23.5
15.5 23.5
20.5 23.5
30.5 23.5
37.5 23.5
44.5 23.5
51.5 23.5
59.5 23.5
8.5 24.5
15.5 24.5
20.5 24.5
25.5 24.5
29.5 24.5
45.5 24.5
51.5 24.5
56.5 24.5
8.5 25.5
16.5 25.5
20.5 25.5
25.5 25.5
29.5 25.5
34.5 25.5
38.5 25.5
45.5 25.5
51.5 25.5
60.5 25.5
9.5 26.5
16.5 26.5
24.5 26.5
39.5 26.5
46.5 26.5
50.5 26.5
55.5 26.5
60.5 26.5
9.5 27.5
10.5 27.5
19.5 27.5
24.5 27.5
28.5 27.5
33.5 27.5
39.5 27.5
46.5 27.5
50.5 27.5
55.5 27.5
60.5 27.5
61.5 27.5
10.5 28.5
24.5 28.5
33.5 28.5
40.5 28.5
50.5 28.5
61.5 28.5
10.5 29.5
11.5 29.5
23.5 29.5
40.5 29.5
41.5 29.5
54.5 29.5
61.5 29.5
11.5 30.5
23.5 30.5
32.5 30.5
41.5 30.5
54.5 30.5
61.5 30.5
62.5 30.5
11.5 31.5
41.5 31.5
42.5 31.5
53.5 31.5
62.5 31.5
12.5 32.5
42.5 32.5
53.5 32.5
62.5 32.5
23.5 33.5
31.5 33.5
43.5 33.5
11.5 34.5
23.5 34.5
31.5 34.5
43.5 34.5
63.5 34.5
12.5 35.5
23.5 35.5
42.5 35.5
52.5 35.5
62.5 35.5
12.5 36.5
13.5 36.5
24.5 36.5
30.5 36.5
41.5 36.5
42.5 36.5
53.5 36.5
62.5 36.5
13.5 37.5
24.5 37.5
30.5 37.5
41.5 37.5
53.5 37.5
61.5 37.5
14.5 38.5
19.5 38.5
24.5 38.5
40.5 38.5
41.5 38.5
54.5 38.5
60.5 38.5
7.5 39.5
14.5 39.5
15.5 39.5
24.5 39.5
29.5 39.5
34.5 39.5
39.5 39.5
40.5 39.5
54.5 39.5
60.5 39.5
8.5 40.5
15.5 40.5
24.5 40.5
39.5 40.5
50.5 40.5
55.5 40.5
59.5 40.5
8.5 41.5
9.5 41.5
16.5 41.5
20.5 41.5
25.5 41.5
33.5 41.5
38.5 41.5
46.5 41.5
50.5 41.5
58.5 41.5
9.5 42.5
17.5 42.5
20.5 42.5
25.5 42.5
28.5 42.5
33.5 42.5
38.5 42.5
45.5 42.5
51.5 42.5
56.5 42.5
10.5 43.5
21.5 43.5
25.5 43.5
32.5 43.5
33.5 43.5
37.5 43.5
44.5 43.5
51.5 43.5
64.5 43.5
11.5 44.5
21.5 44.5
32.5 44.5
44.5 44.5
52.5 44.5
64.5 44.5
11.5 45.5
32.5 45.5
43.5 45.5
52.5 45.5
64.5 45.5
12.5 46.5
31.5 46.5
42.5 46.5
53.5 46.5
64.5 46.5
13.5 47.5
22.5 47.5
31.5 47.5
63.5 47.5
43.5 48.5
63.5 48.5
12.5 49.5
22.5 49.5
31.5 49.5
42.5 49.5
53.5 49.5
62.5 49.5
13.5 50.5
42.5 50.5
53.5 50.5
62.5 50.5
13.5 51.5
21.5 51.5
32.5 51.5
41.5 51.5
53.5 51.5
63.5 51.5
14.5 52.5
21.5 52.5
33.5 52.5
41.5 52.5
53.5 52.5
58.5 52.5
63.5 52.5
14.5 53.5
15.5 53.5
33.5 53.5
34.5 53.5
40.5 53.5
41.5 53.5
46.5 53.5
53.5 53.5
58.5 53.5
64.5 53.5
7.5 54.5
15.5 54.5
20.5 54.5
27.5 54.5
34.5 54.5
40.5 54.5
49.5 54.5
64.5 54.5
8.5 55.5
16.5 55.5
20.5 55.5
24.5 55.5
28.5 55.5
35.5 55.5
40.5 55.5
45.5 55.5
49.5 55.5
54.5 55.5
59.5 55.5
8.5 56.5
9.5 56.5
16.5 56.5
28.5 56.5
39.5 56.5
45.5 56.5
54.5 56.5
59.5 56.5
9.5 57.5
17.5 57.5
19.5 57.5
23.5 57.5
29.5 57.5
36.5 57.5
44.5 57.5
50.5 57.5
54.5 57.5
59.5 57.5
9.5 58.5
10.5 58.5
23.5 58.5
29.5 58.5
30.5 58.5
44.5 58.5
50.5 58.5
60.5 58.5
10.5 59.5
11.5 59.5
30.5 59.5
31.5 59.5
44.5 59.5
50.5 59.5
60.5 59.5
11.5 60.5
22.5 60.5
31.5 60.5
43.5 60.5
60.5 60.5
12.5 61.5
22.5 61.5
32.5 61.5
43.5 61.5
60.5 61.5
51.5 62.5
