10.5 5.5
24.5 5.5
25.5 5.5
26.5 5.5
35.5 5.5
36.5 5.5
47.5 5.5
48.5 5.5
59.5 5.5
60.5 5.5
61.5 5.5
9.5 6.5
10.5 6.5
25.5 6.5
26.5 6.5
27.5 6.5
34.5 6.5
35.5 6.5
46.5 6.5
47.5 6.5
58.5 6.5
59.5 6.5
60.5 6.5
8.5 7.5
9.5 7.5
16.5 7.5
18.5 7.5
27.5 7.5
28.5 7.5
34.5 7.5
46.5 7.5
53.5 7.5
54.5 7.5
57.5 7.5
58.5 7.5
59.5 7.5
7.5 8.5
8.5 8.5
15.5 8.5
19.5 8.5
28.5 8.5
29.5 8.5
33.5 8.5
42.5 8.5
45.5 8.5
52.5 8.5
53.5 8.5
57.5 8.5
7.5 9.5
14.5 9.5
20.5 9.5
30.5 9.5
32.5 9.5
40.5 9.5
41.5 9.5
44.5 9.5
52.5 9.5
53.5 9.5
56.5 9.5
64.5 9.5
13.5 10.5
14.5 10.5
20.5 10.5
21.5 10.5
31.5 10.5
38.5 10.5
39.5 10.5
40.5 10.5
51.5 10.5
52.5 10.5
63.5 10.5
12.5 11.5
13.5 11.5
21.5 11.5
22.5 11.5
37.5 11.5
38.5 11.5
39.5 11.5
50.5 11.5
51.5 11.5
62.5 11.5
12.5 12.5
23.5 12.5
36.5 12.5
37.5 12.5
49.5 12.5
50.5 12.5
61.5 12.5
11.5 13.5
24.5 13.5
35.5 13.5
49.5 13.5
25.5 14.5
61.5 14.5
12.5 15.5
49.5 15.5
62.5 15.5
11.5 16.5
12.5 16.5
22.5 16.5
23.5 16.5
37.5 16.5
38.5 16.5
49.5 16.5
50.5 16.5
62.5 16.5
63.5 16.5
11.5 17.5
23.5 17.5
24.5 17.5
35.5 17.5
36.5 17.5
50.5 17.5
51.5 17.5
63.5 17.5
10.5 18.5
25.5 18.5
26.5 18.5
34.5 18.5
35.5 18.5
51.5 18.5
52.5 18.5
57.5 18.5
63.5 18.5
64.5 18.5
9.5 19.5
10.5 19.5
16.5 19.5
17.5 19.5
26.5 19.5
27.5 19.5
32.5 19.5
33.5 19.5
34.5 19.5
52.5 19.5
53.5 19.5
58.5 19.5
64.5 19.5
9.5 20.5
15.5 20.5
18.5 20.5
19.5 20.5
27.5 20.5
28.5 20.5
31.5 20.5
32.5 20.5
41.5 20.5
42.5 20.5
44.5 20.5
53.5 20.5
54.5 20.5
58.5 20.5
64.5 20.5
8.5 21.5
9.5 21.5
14.5 21.5
15.5 21.5
19.5 21.5
20.5 21.5
29.5 21.5
30.5 21.5
40.5 21.5
41.5 21.5
45.5 21.5
46.5 21.5
54.5 21.5
55.5 21.5
59.5 21.5
8.5 22.5
14.5 22.5
20.5 22.5
21.5 22.5
38.5 22.5
39.5 22.5
40.5 22.5
46.5 22.5
47.5 22.5
56.5 22.5
59.5 22.5
60.5 22.5
13.5 23.5
14.5 23.5
21.5 23.5
22.5 23.5
37.5 23.5
38.5 23.5
47.5 23.5
48.5 23.5
60.5 23.5
13.5 24.5
22.5 24.5
23.5 24.5
36.5 24.5
37.5 24.5
48.5 24.5
49.5 24.5
60.5 24.5
61.5 24.5
12.5 25.5
24.5 25.5
35.5 25.5
36.5 25.5
49.5 25.5
50.5 25.5
61.5 25.5
11.5 26.5
34.5 26.5
51.5 26.5
24.5 27.5
37.5 27.5
60.5 27.5
12.5 28.5
23.5 28.5
24.5 28.5
36.5 28.5
37.5 28.5
47.5 28.5
48.5 28.5
61.5 28.5
11.5 29.5
22.5 29.5
23.5 29.5
35.5 29.5
36.5 29.5
48.5 29.5
49.5 29.5
62.5 29.5
63.5 29.5
10.5 30.5
22.5 30.5
35.5 30.5
36.5 30.5
49.5 30.5
50.5 30.5
51.5 30.5
63.5 30.5
64.5 30.5
9.5 31.5
21.5 31.5
22.5 31.5
30.5 31.5
34.5 31.5
35.5 31.5
51.5 31.5
52.5 31.5
56.5 31.5
64.5 31.5
8.5 32.5
15.5 32.5
16.5 32.5
20.5 32.5
21.5 32.5
29.5 32.5
33.5 32.5
34.5 32.5
41.5 32.5
43.5 32.5
52.5 32.5
53.5 32.5
57.5 32.5
58.5 32.5
7.5 33.5
14.5 33.5
15.5 33.5
19.5 33.5
20.5 33.5
28.5 33.5
29.5 33.5
33.5 33.5
34.5 33.5
40.5 33.5
41.5 33.5
44.5 33.5
54.5 33.5
58.5 33.5
59.5 33.5
13.5 34.5
14.5 34.5
19.5 34.5
27.5 34.5
28.5 34.5
32.5 34.5
33.5 34.5
40.5 34.5
45.5 34.5
46.5 34.5
55.5 34.5
59.5 34.5
60.5 34.5
12.5 35.5
13.5 35.5
14.5 35.5
18.5 35.5
26.5 35.5
27.5 35.5
32.5 35.5
39.5 35.5
46.5 35.5
47.5 35.5
60.5 35.5
61.5 35.5
12.5 36.5
13.5 36.5
25.5 36.5
26.5 36.5
38.5 36.5
39.5 36.5
47.5 36.5
48.5 36.5
61.5 36.5
62.5 36.5
11.5 37.5
12.5 37.5
24.5 37.5
25.5 37.5
38.5 37.5
48.5 37.5
49.5 37.5
63.5 37.5
10.5 38.5
11.5 38.5
24.5 38.5
25.5 38.5
37.5 38.5
49.5 38.5
50.5 38.5
23.5 39.5
24.5 39.5
36.5 39.5
61.5 39.5
12.5 40.5
61.5 40.5
62.5 40.5
11.5 41.5
12.5 41.5
27.5 41.5
36.5 41.5
37.5 41.5
47.5 41.5
48.5 41.5
62.5 41.5
63.5 41.5
9.5 42.5
10.5 42.5
11.5 42.5
24.5 42.5
25.5 42.5
26.5 42.5
37.5 42.5
38.5 42.5
49.5 42.5
50.5 42.5
63.5 42.5
64.5 42.5
8.5 43.5
9.5 43.5
10.5 43.5
22.5 43.5
23.5 43.5
24.5 43.5
38.5 43.5
39.5 43.5
50.5 43.5
51.5 43.5
52.5 43.5
55.5 43.5
64.5 43.5
8.5 44.5
9.5 44.5
21.5 44.5
22.5 44.5
31.5 44.5
32.5 44.5
39.5 44.5
40.5 44.5
52.5 44.5
53.5 44.5
56.5 44.5
7.5 45.5
8.5 45.5
17.5 45.5
19.5 45.5
20.5 45.5
29.5 45.5
30.5 45.5
33.5 45.5
40.5 45.5
43.5 45.5
44.5 45.5
54.5 45.5
57.5 45.5
58.5 45.5
6.5 46.5
15.5 46.5
16.5 46.5
18.5 46.5
28.5 46.5
29.5 46.5
34.5 46.5
41.5 46.5
45.5 46.5
46.5 46.5
58.5 46.5
59.5 46.5
13.5 47.5
14.5 47.5
26.5 47.5
27.5 47.5
28.5 47.5
35.5 47.5
46.5 47.5
47.5 47.5
59.5 47.5
60.5 47.5
12.5 48.5
13.5 48.5
25.5 48.5
26.5 48.5
36.5 48.5
48.5 48.5
60.5 48.5
61.5 48.5
10.5 49.5
11.5 49.5
24.5 49.5
37.5 49.5
49.5 49.5
50.5 49.5
62.5 49.5
38.5 50.5
63.5 50.5
13.5 51.5
23.5 51.5
38.5 51.5
49.5 51.5
59.5 51.5
12.5 52.5
13.5 52.5
24.5 52.5
37.5 52.5
48.5 52.5
49.5 52.5
60.5 52.5
11.5 53.5
12.5 53.5
25.5 53.5
26.5 53.5
36.5 53.5
47.5 53.5
48.5 53.5
60.5 53.5
61.5 53.5
11.5 54.5
26.5 54.5
27.5 54.5
35.5 54.5
36.5 54.5
46.5 54.5
47.5 54.5
61.5 54.5
62.5 54.5
10.5 55.5
11.5 55.5
18.5 55.5
27.5 55.5
28.5 55.5
34.5 55.5
35.5 55.5
42.5 55.5
46.5 55.5
53.5 55.5
62.5 55.5
63.5 55.5
9.5 56.5
10.5 56.5
16.5 56.5
19.5 56.5
20.5 56.5
28.5 56.5
29.5 56.5
33.5 56.5
34.5 56.5
41.5 56.5
45.5 56.5
46.5 56.5
52.5 56.5
53.5 56.5
56.5 56.5
63.5 56.5
8.5 57.5
9.5 57.5
15.5 57.5
16.5 57.5
20.5 57.5
21.5 57.5
30.5 57.5
33.5 57.5
40.5 57.5
44.5 57.5
45.5 57.5
52.5 57.5
57.5 57.5
63.5 57.5
64.5 57.5
8.5 58.5
15.5 58.5
21.5 58.5
22.5 58.5
31.5 58.5
32.5 58.5
39.5 58.5
40.5 58.5
44.5 58.5
51.5 58.5
52.5 58.5
57.5 58.5
58.5 58.5
64.5 58.5
14.5 59.5
15.5 59.5
22.5 59.5
23.5 59.5
38.5 59.5
39.5 59.5
50.5 59.5
51.5 59.5
58.5 59.5
14.5 60.5
23.5 60.5
24.5 60.5
37.5 60.5
38.5 60.5
50.5 60.5
58.5 60.5
59.5 60.5
13.5 61.5
24.5 61.5
25.5 61.5
37.5 61.5
49.5 61.5
50.5 61.5
59.5 61.5
13.5 62.5
26.5 62.5
36.5 62.5
49.5 62.5
60.5 62.5
48.5 63.5
60.5 63.5
