15.5 5.5
16.5 5.5
28.5 5.5
29.5 5.5
30.5 5.5
45.5 5.5
46.5 5.5
61.5 5.5
62.5 5.5
17.5 6.5
18.5 6.5
26.5 6.5
27.5 6.5
28.5 6.5
47.5 6.5
48.5 6.5
49.5 6.5
63.5 6.5
64.5 6.5
19.5 7.5
25.5 7.5
26.5 7.5
50.5 7.5
64.5 7.5
55.5 8.5
9.5 9.5
10.5 9.5
34.5 9.5
39.5 9.5
56.5 9.5
57.5 9.5
11.5 10.5
12.5 10.5
32.5 10.5
33.5 10.5
40.5 10.5
41.5 10.5
42.5 10.5
43.5 10.5
58.5 10.5
12.5 11.5
13.5 11.5
14.5 11.5
30.5 11.5
31.5 11.5
44.5 11.5
45.5 11.5
59.5 11.5
60.5 11.5
29.5 12.5
45.5 16.5
60.5 16.5
13.5 17.5
14.5 17.5
27.5 17.5
28.5 17.5
43.5 17.5
44.5 17.5
60.5 17.5
61.5 17.5
15.5 18.5
16.5 18.5
17.5 18.5
26.5 18.5
27.5 18.5
41.5 18.5
42.5 18.5
62.5 18.5
17.5 19.5
18.5 19.5
25.5 19.5
26.5 19.5
40.5 19.5
41.5 19.5
63.5 19.5
19.5 20.5
24.5 20.5
39.5 20.5
50.5 20.5
55.5 20.5
64.5 20.5
8.5 21.5
34.5 21.5
49.5 21.5
56.5 21.5
9.5 22.5
10.5 22.5
32.5 22.5
33.5 22.5
48.5 22.5
49.5 22.5
56.5 22.5
57.5 22.5
10.5 23.5
11.5 23.5
12.5 23.5
30.5 23.5
31.5 23.5
32.5 23.5
47.5 23.5
48.5 23.5
57.5 23.5
58.5 23.5
12.5 24.5
13.5 24.5
28.5 24.5
29.5 24.5
46.5 24.5
47.5 24.5
58.5 24.5
45.5 25.5
59.5 25.5
13.5 29.5
14.5 29.5
29.5 29.5
59.5 29.5
14.5 30.5
15.5 30.5
16.5 30.5
26.5 30.5
27.5 30.5
28.5 30.5
46.5 30.5
47.5 30.5
58.5 30.5
16.5 31.5
17.5 31.5
24.5 31.5
25.5 31.5
26.5 31.5
48.5 31.5
49.5 31.5
56.5 31.5
57.5 31.5
18.5 32.5
23.5 32.5
50.5 32.5
55.5 32.5
7.5 33.5
34.5 33.5
40.5 33.5
41.5 33.5
63.5 33.5
64.5 33.5
8.5 34.5
9.5 34.5
10.5 34.5
31.5 34.5
32.5 34.5
33.5 34.5
42.5 34.5
43.5 34.5
61.5 34.5
62.5 34.5
63.5 34.5
10.5 35.5
11.5 35.5
12.5 35.5
30.5 35.5
31.5 35.5
44.5 35.5
45.5 35.5
59.5 35.5
60.5 35.5
61.5 35.5
30.5 40.5
44.5 40.5
45.5 40.5
60.5 40.5
11.5 41.5
12.5 41.5
28.5 41.5
29.5 41.5
43.5 41.5
44.5 41.5
59.5 41.5
9.5 42.5
10.5 42.5
11.5 42.5
26.5 42.5
27.5 42.5
42.5 42.5
57.5 42.5
58.5 42.5
7.5 43.5
8.5 43.5
9.5 43.5
25.5 43.5
26.5 43.5
40.5 43.5
41.5 43.5
56.5 43.5
57.5 43.5
35.5 44.5
55.5 44.5
56.5 44.5
17.5 45.5
18.5 45.5
19.5 45.5
33.5 45.5
34.5 45.5
48.5 45.5
49.5 45.5
16.5 46.5
17.5 46.5
32.5 46.5
33.5 46.5
47.5 46.5
48.5 46.5
64.5 46.5
14.5 47.5
15.5 47.5
31.5 47.5
46.5 47.5
47.5 47.5
63.5 47.5
64.5 47.5
13.5 48.5
45.5 48.5
46.5 48.5
61.5 48.5
62.5 48.5
63.5 48.5
60.5 49.5
61.5 49.5
13.5 53.5
14.5 53.5
30.5 53.5
31.5 53.5
11.5 54.5
12.5 54.5
13.5 54.5
31.5 54.5
32.5 54.5
43.5 54.5
44.5 54.5
10.5 55.5
11.5 55.5
32.5 55.5
33.5 55.5
42.5 55.5
43.5 55.5
58.5 55.5
59.5 55.5
60.5 55.5
8.5 56.5
9.5 56.5
33.5 56.5
34.5 56.5
40.5 56.5
41.5 56.5
56.5 56.5
57.5 56.5
58.5 56.5
35.5 57.5
40.5 57.5
55.5 57.5
18.5 58.5
19.5 58.5
20.5 58.5
26.5 58.5
27.5 58.5
49.5 58.5
50.5 58.5
17.5 59.5
18.5 59.5
27.5 59.5
28.5 59.5
47.5 59.5
48.5 59.5
63.5 59.5
64.5 59.5
15.5 60.5
16.5 60.5
17.5 60.5
28.5 60.5
45.5 60.5
46.5 60.5
61.5 60.5
62.5 60.5
29.5 61.5
44.5 61.5
