9.5 5.5
10.5 5.5
21.5 5.5
22.5 5.5
39.5 5.5
45.5 5.5
46.5 5.5
47.5 5.5
59.5 5.5
60.5 5.5
8.5 6.5
9.5 6.5
20.5 6.5
21.5 6.5
40.5 6.5
58.5 6.5
59.5 6.5
53.5 7.5
14.5 8.5
15.5 8.5
27.5 8.5
28.5 8.5
34.5 8.5
35.5 8.5
51.5 8.5
52.5 8.5
12.5 9.5
13.5 9.5
26.5 9.5
27.5 9.5
35.5 9.5
50.5 9.5
51.5 9.5
63.5 9.5
64.5 9.5
25.5 10.5
26.5 10.5
36.5 10.5
62.5 10.5
63.5 10.5
12.5 14.5
13.5 14.5
49.5 14.5
13.5 15.5
14.5 15.5
25.5 15.5
26.5 15.5
38.5 15.5
47.5 15.5
48.5 15.5
62.5 15.5
14.5 16.5
15.5 16.5
26.5 16.5
27.5 16.5
39.5 16.5
46.5 16.5
47.5 16.5
63.5 16.5
27.5 17.5
28.5 17.5
40.5 17.5
64.5 17.5
8.5 18.5
9.5 18.5
20.5 18.5
21.5 18.5
53.5 18.5
58.5 18.5
9.5 19.5
10.5 19.5
21.5 19.5
22.5 19.5
33.5 19.5
34.5 19.5
51.5 19.5
52.5 19.5
59.5 19.5
10.5 20.5
22.5 20.5
23.5 20.5
34.5 20.5
35.5 20.5
36.5 20.5
50.5 20.5
51.5 20.5
59.5 20.5
60.5 20.5
36.5 21.5
60.5 21.5
13.5 25.5
35.5 25.5
36.5 25.5
14.5 26.5
15.5 26.5
20.5 26.5
21.5 26.5
22.5 26.5
23.5 26.5
34.5 26.5
46.5 26.5
47.5 26.5
48.5 26.5
59.5 26.5
60.5 26.5
45.5 27.5
46.5 27.5
58.5 27.5
59.5 27.5
27.5 28.5
28.5 28.5
39.5 28.5
40.5 28.5
8.5 29.5
9.5 29.5
10.5 29.5
11.5 29.5
25.5 29.5
26.5 29.5
37.5 29.5
38.5 29.5
39.5 29.5
52.5 29.5
53.5 29.5
64.5 29.5
10.5 30.5
11.5 30.5
37.5 30.5
50.5 30.5
51.5 30.5
63.5 30.5
64.5 30.5
25.5 34.5
26.5 34.5
10.5 35.5
11.5 35.5
26.5 35.5
27.5 35.5
35.5 35.5
36.5 35.5
49.5 35.5
50.5 35.5
63.5 35.5
9.5 36.5
10.5 36.5
27.5 36.5
28.5 36.5
34.5 36.5
35.5 36.5
50.5 36.5
51.5 36.5
52.5 36.5
53.5 36.5
63.5 36.5
64.5 36.5
8.5 37.5
33.5 37.5
34.5 37.5
53.5 37.5
64.5 37.5
15.5 38.5
16.5 38.5
21.5 38.5
22.5 38.5
59.5 38.5
14.5 39.5
15.5 39.5
22.5 39.5
23.5 39.5
38.5 39.5
39.5 39.5
45.5 39.5
46.5 39.5
59.5 39.5
60.5 39.5
14.5 40.5
23.5 40.5
24.5 40.5
37.5 40.5
38.5 40.5
46.5 40.5
47.5 40.5
48.5 40.5
60.5 40.5
61.5 41.5
13.5 45.5
35.5 45.5
47.5 45.5
48.5 45.5
14.5 46.5
15.5 46.5
25.5 46.5
26.5 46.5
27.5 46.5
34.5 46.5
35.5 46.5
46.5 46.5
47.5 46.5
59.5 46.5
60.5 46.5
16.5 47.5
27.5 47.5
28.5 47.5
34.5 47.5
44.5 47.5
45.5 47.5
46.5 47.5
58.5 47.5
59.5 47.5
58.5 48.5
9.5 49.5
10.5 49.5
11.5 49.5
21.5 49.5
22.5 49.5
38.5 49.5
39.5 49.5
52.5 49.5
10.5 50.5
11.5 50.5
12.5 50.5
23.5 50.5
37.5 50.5
38.5 50.5
50.5 50.5
51.5 50.5
63.5 50.5
64.5 50.5
24.5 51.5
37.5 51.5
49.5 51.5
50.5 51.5
62.5 51.5
63.5 51.5
26.5 55.5
35.5 55.5
36.5 55.5
12.5 56.5
13.5 56.5
14.5 56.5
27.5 56.5
28.5 56.5
34.5 56.5
35.5 56.5
48.5 56.5
49.5 56.5
61.5 56.5
62.5 56.5
14.5 57.5
15.5 57.5
16.5 57.5
46.5 57.5
47.5 57.5
48.5 57.5
63.5 57.5
64.5 57.5
21.5 58.5
22.5 58.5
8.5 59.5
22.5 59.5
23.5 59.5
24.5 59.5
38.5 59.5
39.5 59.5
40.5 59.5
41.5 59.5
53.5 59.5
57.5 59.5
58.5 59.5
8.5 60.5
9.5 60.5
10.5 60.5
24.5 60.5
51.5 60.5
52.5 60.5
59.5 60.5
60.5 60.5
10.5 61.5
11.5 61.5
50.5 61.5
