11.5 5.5
12.5 5.5
13.5 5.5
14.5 5.5
15.5 5.5
16.5 5.5
36.5 5.5
37.5 5.5
38.5 5.5
39.5 5.5
40.5 5.5
41.5 5.5
42.5 5.5
57.5 5.5
58.5 5.5
59.5 5.5
60.5 5.5
61.5 5.5
62.5 5.5
9.5 6.5
10.5 6.5
11.5 6.5
12.5 6.5
13.5 6.5
14.5 6.5
38.5 6.5
39.5 6.5
40.5 6.5
41.5 6.5
42.5 6.5
43.5 6.5
44.5 6.5
59.5 6.5
60.5 6.5
61.5 6.5
62.5 6.5
63.5 6.5
64.5 6.5
10.5 7.5
41.5 7.5
42.5 7.5
43.5 7.5
44.5 7.5
49.5 7.5
50.5 7.5
51.5 7.5
62.5 7.5
63.5 7.5
64.5 7.5
18.5 8.5
19.5 8.5
20.5 8.5
21.5 8.5
22.5 8.5
23.5 8.5
28.5 8.5
29.5 8.5
30.5 8.5
31.5 8.5
32.5 8.5
33.5 8.5
50.5 8.5
51.5 8.5
52.5 8.5
53.5 8.5
54.5 8.5
16.5 9.5
17.5 9.5
18.5 9.5
19.5 9.5
20.5 9.5
21.5 9.5
22.5 9.5
30.5 9.5
31.5 9.5
32.5 9.5
33.5 9.5
34.5 9.5
35.5 9.5
36.5 9.5
51.5 9.5
52.5 9.5
53.5 9.5
54.5 9.5
55.5 9.5
56.5 9.5
15.5 10.5
16.5 10.5
17.5 10.5
18.5 10.5
19.5 10.5
32.5 10.5
33.5 10.5
34.5 10.5
35.5 10.5
36.5 10.5
37.5 10.5
53.5 10.5
54.5 10.5
55.5 10.5
56.5 10.5
57.5 10.5
14.5 14.5
15.5 14.5
16.5 14.5
17.5 14.5
56.5 14.5
57.5 14.5
12.5 15.5
13.5 15.5
14.5 15.5
15.5 15.5
16.5 15.5
17.5 15.5
32.5 15.5
33.5 15.5
34.5 15.5
35.5 15.5
36.5 15.5
37.5 15.5
38.5 15.5
53.5 15.5
54.5 15.5
55.5 15.5
56.5 15.5
57.5 15.5
10.5 16.5
11.5 16.5
12.5 16.5
13.5 16.5
14.5 16.5
15.5 16.5
30.5 16.5
31.5 16.5
32.5 16.5
33.5 16.5
34.5 16.5
35.5 16.5
36.5 16.5
51.5 16.5
52.5 16.5
53.5 16.5
54.5 16.5
55.5 16.5
56.5 16.5
10.5 17.5
11.5 17.5
12.5 17.5
13.5 17.5
29.5 17.5
30.5 17.5
31.5 17.5
32.5 17.5
33.5 17.5
34.5 17.5
50.5 17.5
51.5 17.5
52.5 17.5
53.5 17.5
62.5 17.5
63.5 17.5
64.5 17.5
21.5 18.5
22.5 18.5
23.5 18.5
24.5 18.5
42.5 18.5
43.5 18.5
44.5 18.5
45.5 18.5
59.5 18.5
60.5 18.5
61.5 18.5
62.5 18.5
63.5 18.5
18.5 19.5
19.5 19.5
20.5 19.5
21.5 19.5
22.5 19.5
23.5 19.5
24.5 19.5
39.5 19.5
40.5 19.5
41.5 19.5
42.5 19.5
43.5 19.5
44.5 19.5
57.5 19.5
58.5 19.5
59.5 19.5
60.5 19.5
61.5 19.5
17.5 20.5
18.5 20.5
19.5 20.5
20.5 20.5
21.5 20.5
22.5 20.5
37.5 20.5
38.5 20.5
39.5 20.5
40.5 20.5
41.5 20.5
42.5 20.5
56.5 20.5
57.5 20.5
58.5 20.5
59.5 20.5
17.5 21.5
18.5 21.5
19.5 21.5
37.5 21.5
38.5 21.5
39.5 21.5
55.5 24.5
56.5 24.5
57.5 24.5
58.5 24.5
17.5 25.5
18.5 25.5
19.5 25.5
20.5 25.5
37.5 25.5
38.5 25.5
39.5 25.5
40.5 25.5
41.5 25.5
52.5 25.5
53.5 25.5
54.5 25.5
55.5 25.5
56.5 25.5
57.5 25.5
18.5 26.5
19.5 26.5
20.5 26.5
21.5 26.5
22.5 26.5
23.5 26.5
38.5 26.5
39.5 26.5
40.5 26.5
41.5 26.5
42.5 26.5
43.5 26.5
44.5 26.5
51.5 26.5
52.5 26.5
53.5 26.5
54.5 26.5
55.5 26.5
21.5 27.5
22.5 27.5
23.5 27.5
24.5 27.5
25.5 27.5
41.5 27.5
42.5 27.5
43.5 27.5
44.5 27.5
45.5 27.5
50.5 27.5
51.5 27.5
52.5 27.5
62.5 27.5
63.5 27.5
64.5 27.5
10.5 28.5
11.5 28.5
12.5 28.5
13.5 28.5
14.5 28.5
15.5 28.5
30.5 28.5
31.5 28.5
32.5 28.5
33.5 28.5
59.5 28.5
60.5 28.5
61.5 28.5
62.5 28.5
63.5 28.5
64.5 28.5
12.5 29.5
13.5 29.5
14.5 29.5
15.5 29.5
16.5 29.5
17.5 29.5
31.5 29.5
32.5 29.5
33.5 29.5
34.5 29.5
35.5 29.5
36.5 29.5
37.5 29.5
58.5 29.5
59.5 29.5
60.5 29.5
61.5 29.5
62.5 29.5
63.5 29.5
64.5 29.5
15.5 30.5
16.5 30.5
17.5 30.5
18.5 30.5
34.5 30.5
35.5 30.5
36.5 30.5
37.5 30.5
38.5 30.5
57.5 30.5
58.5 30.5
59.5 30.5
60.5 30.5
61.5 30.5
62.5 30.5
13.5 34.5
14.5 34.5
15.5 34.5
16.5 34.5
17.5 34.5
18.5 34.5
36.5 34.5
37.5 34.5
38.5 34.5
39.5 34.5
11.5 35.5
12.5 35.5
13.5 35.5
14.5 35.5
15.5 35.5
16.5 35.5
17.5 35.5
36.5 35.5
37.5 35.5
38.5 35.5
39.5 35.5
40.5 35.5
41.5 35.5
42.5 35.5
57.5 35.5
58.5 35.5
59.5 35.5
60.5 35.5
61.5 35.5
10.5 36.5
11.5 36.5
12.5 36.5
13.5 36.5
14.5 36.5
15.5 36.5
39.5 36.5
40.5 36.5
41.5 36.5
42.5 36.5
43.5 36.5
44.5 36.5
58.5 36.5
59.5 36.5
60.5 36.5
61.5 36.5
62.5 36.5
63.5 36.5
30.5 37.5
60.5 37.5
61.5 37.5
62.5 37.5
63.5 37.5
64.5 37.5
20.5 38.5
21.5 38.5
22.5 38.5
23.5 38.5
24.5 38.5
25.5 38.5
29.5 38.5
30.5 38.5
31.5 38.5
32.5 38.5
33.5 38.5
34.5 38.5
49.5 38.5
50.5 38.5
51.5 38.5
52.5 38.5
53.5 38.5
54.5 38.5
63.5 38.5
64.5 38.5
17.5 39.5
18.5 39.5
19.5 39.5
20.5 39.5
21.5 39.5
22.5 39.5
23.5 39.5
31.5 39.5
32.5 39.5
33.5 39.5
34.5 39.5
35.5 39.5
36.5 39.5
51.5 39.5
52.5 39.5
53.5 39.5
54.5 39.5
55.5 39.5
56.5 39.5
57.5 39.5
16.5 40.5
17.5 40.5
18.5 40.5
19.5 40.5
20.5 40.5
21.5 40.5
33.5 40.5
34.5 40.5
35.5 40.5
36.5 40.5
37.5 40.5
53.5 40.5
54.5 40.5
55.5 40.5
56.5 40.5
57.5 40.5
58.5 40.5
16.5 44.5
17.5 44.5
18.5 44.5
34.5 44.5
35.5 44.5
36.5 44.5
37.5 44.5
54.5 44.5
55.5 44.5
56.5 44.5
57.5 44.5
58.5 44.5
17.5 45.5
18.5 45.5
19.5 45.5
20.5 45.5
21.5 45.5
22.5 45.5
32.5 45.5
33.5 45.5
34.5 45.5
35.5 45.5
49.5 45.5
50.5 45.5
51.5 45.5
52.5 45.5
53.5 45.5
54.5 45.5
55.5 45.5
56.5 45.5
57.5 45.5
58.5 45.5
19.5 46.5
20.5 46.5
21.5 46.5
22.5 46.5
23.5 46.5
24.5 46.5
30.5 46.5
31.5 46.5
32.5 46.5
33.5 46.5
50.5 46.5
51.5 46.5
52.5 46.5
53.5 46.5
54.5 46.5
55.5 46.5
23.5 47.5
24.5 47.5
29.5 47.5
30.5 47.5
39.5 47.5
40.5 47.5
41.5 47.5
42.5 47.5
43.5 47.5
44.5 47.5
63.5 47.5
64.5 47.5
10.5 48.5
11.5 48.5
12.5 48.5
13.5 48.5
14.5 48.5
15.5 48.5
36.5 48.5
37.5 48.5
38.5 48.5
39.5 48.5
40.5 48.5
41.5 48.5
42.5 48.5
59.5 48.5
60.5 48.5
61.5 48.5
62.5 48.5
63.5 48.5
64.5 48.5
11.5 49.5
12.5 49.5
13.5 49.5
14.5 49.5
15.5 49.5
16.5 49.5
17.5 49.5
36.5 49.5
37.5 49.5
38.5 49.5
39.5 49.5
57.5 49.5
58.5 49.5
59.5 49.5
60.5 49.5
61.5 49.5
13.5 50.5
14.5 50.5
15.5 50.5
16.5 50.5
17.5 50.5
18.5 50.5
36.5 53.5
37.5 53.5
38.5 53.5
57.5 53.5
58.5 53.5
59.5 53.5
60.5 53.5
36.5 54.5
37.5 54.5
38.5 54.5
39.5 54.5
40.5 54.5
41.5 54.5
58.5 54.5
59.5 54.5
60.5 54.5
61.5 54.5
62.5 54.5
63.5 54.5
16.5 55.5
17.5 55.5
18.5 55.5
19.5 55.5
20.5 55.5
21.5 55.5
37.5 55.5
38.5 55.5
39.5 55.5
40.5 55.5
41.5 55.5
42.5 55.5
43.5 55.5
59.5 55.5
60.5 55.5
61.5 55.5
62.5 55.5
63.5 55.5
64.5 55.5
17.5 56.5
18.5 56.5
19.5 56.5
20.5 56.5
21.5 56.5
22.5 56.5
23.5 56.5
39.5 56.5
40.5 56.5
41.5 56.5
42.5 56.5
43.5 56.5
44.5 56.5
61.5 56.5
62.5 56.5
63.5 56.5
64.5 56.5
19.5 57.5
20.5 57.5
21.5 57.5
22.5 57.5
23.5 57.5
24.5 57.5
41.5 57.5
42.5 57.5
43.5 57.5
44.5 57.5
50.5 57.5
51.5 57.5
52.5 57.5
53.5 57.5
23.5 58.5
29.5 58.5
30.5 58.5
31.5 58.5
32.5 58.5
50.5 58.5
51.5 58.5
52.5 58.5
53.5 58.5
54.5 58.5
55.5 58.5
9.5 59.5
10.5 59.5
11.5 59.5
12.5 59.5
13.5 59.5
30.5 59.5
31.5 59.5
32.5 59.5
33.5 59.5
34.5 59.5
35.5 59.5
51.5 59.5
52.5 59.5
53.5 59.5
54.5 59.5
55.5 59.5
56.5 59.5
57.5 59.5
10.5 60.5
11.5 60.5
12.5 60.5
13.5 60.5
14.5 60.5
15.5 60.5
16.5 60.5
31.5 60.5
32.5 60.5
33.5 60.5
34.5 60.5
35.5 60.5
36.5 60.5
53.5 60.5
54.5 60.5
55.5 60.5
56.5 60.5
57.5 60.5
58.5 60.5
12.5 61.5
13.5 61.5
14.5 61.5
15.5 61.5
16.5 61.5
17.5 61.5
33.5 61.5
34.5 61.5
35.5 61.5
36.5 61.5
37.5 61.5
56.5 61.5
57.5 61.5
