12.5 5.5
13.5 5.5
22.5 5.5
23.5 5.5
31.5 5.5
32.5 5.5
39.5 5.5
40.5 5.5
49.5 5.5
50.5 5.5
60.5 5.5
61.5 5.5
13.5 6.5
14.5 6.5
23.5 6.5
24.5 6.5
32.5 6.5
33.5 6.5
38.5 6.5
39.5 6.5
49.5 6.5
50.5 6.5
59.5 6.5
60.5 6.5
7.5 7.5
13.5 7.5
14.5 7.5
18.5 7.5
23.5 7.5
24.5 7.5
28.5 7.5
33.5 7.5
34.5 7.5
37.5 7.5
38.5 7.5
44.5 7.5
48.5 7.5
49.5 7.5
55.5 7.5
56.5 7.5
59.5 7.5
7.5 8.5
8.5 8.5
14.5 8.5
15.5 8.5
18.5 8.5
19.5 8.5
24.5 8.5
25.5 8.5
28.5 8.5
29.5 8.5
34.5 8.5
37.5 8.5
43.5 8.5
44.5 8.5
48.5 8.5
49.5 8.5
54.5 8.5
55.5 8.5
58.5 8.5
59.5 8.5
64.5 8.5
7.5 9.5
8.5 9.5
9.5 9.5
15.5 9.5
16.5 9.5
19.5 9.5
20.5 9.5
25.5 9.5
29.5 9.5
30.5 9.5
35.5 9.5
42.5 9.5
43.5 9.5
44.5 9.5
48.5 9.5
54.5 9.5
55.5 9.5
63.5 9.5
64.5 9.5
8.5 10.5
9.5 10.5
10.5 10.5
19.5 10.5
20.5 10.5
29.5 10.5
30.5 10.5
42.5 10.5
43.5 10.5
48.5 10.5
53.5 10.5
54.5 10.5
63.5 10.5
9.5 11.5
10.5 11.5
20.5 11.5
21.5 11.5
30.5 11.5
31.5 11.5
41.5 11.5
42.5 11.5
43.5 11.5
52.5 11.5
53.5 11.5
62.5 11.5
63.5 11.5
9.5 12.5
10.5 12.5
11.5 12.5
21.5 12.5
22.5 12.5
31.5 12.5
41.5 12.5
42.5 12.5
52.5 12.5
62.5 12.5
10.5 13.5
11.5 13.5
22.5 13.5
41.5 13.5
51.5 13.5
11.5 14.5
32.5 14.5
62.5 14.5
21.5 15.5
31.5 15.5
41.5 15.5
51.5 15.5
52.5 15.5
61.5 15.5
62.5 15.5
11.5 16.5
12.5 16.5
21.5 16.5
22.5 16.5
30.5 16.5
31.5 16.5
40.5 16.5
41.5 16.5
52.5 16.5
53.5 16.5
60.5 16.5
61.5 16.5
10.5 17.5
11.5 17.5
22.5 17.5
23.5 17.5
29.5 17.5
30.5 17.5
40.5 17.5
41.5 17.5
52.5 17.5
53.5 17.5
54.5 17.5
60.5 17.5
9.5 18.5
10.5 18.5
23.5 18.5
24.5 18.5
29.5 18.5
34.5 18.5
35.5 18.5
39.5 18.5
40.5 18.5
41.5 18.5
53.5 18.5
54.5 18.5
55.5 18.5
59.5 18.5
60.5 18.5
8.5 19.5
9.5 19.5
10.5 19.5
18.5 19.5
23.5 19.5
24.5 19.5
28.5 19.5
29.5 19.5
34.5 19.5
39.5 19.5
40.5 19.5
54.5 19.5
55.5 19.5
59.5 19.5
64.5 19.5
7.5 20.5
8.5 20.5
9.5 20.5
15.5 20.5
18.5 20.5
19.5 20.5
24.5 20.5
25.5 20.5
27.5 20.5
28.5 20.5
33.5 20.5
34.5 20.5
39.5 20.5
40.5 20.5
45.5 20.5
48.5 20.5
49.5 20.5
55.5 20.5
56.5 20.5
58.5 20.5
64.5 20.5
7.5 21.5
8.5 21.5
14.5 21.5
15.5 21.5
18.5 21.5
19.5 21.5
25.5 21.5
27.5 21.5
33.5 21.5
34.5 21.5
38.5 21.5
39.5 21.5
44.5 21.5
45.5 21.5
49.5 21.5
50.5 21.5
63.5 21.5
64.5 21.5
6.5 22.5
7.5 22.5
13.5 22.5
14.5 22.5
19.5 22.5
20.5 22.5
32.5 22.5
33.5 22.5
38.5 22.5
39.5 22.5
43.5 22.5
44.5 22.5
49.5 22.5
50.5 22.5
51.5 22.5
62.5 22.5
63.5 22.5
64.5 22.5
13.5 23.5
14.5 23.5
19.5 23.5
20.5 23.5
32.5 23.5
33.5 23.5
43.5 23.5
51.5 23.5
52.5 23.5
62.5 23.5
63.5 23.5
12.5 24.5
13.5 24.5
20.5 24.5
21.5 24.5
31.5 24.5
32.5 24.5
42.5 24.5
43.5 24.5
52.5 24.5
62.5 24.5
12.5 25.5
20.5 25.5
21.5 25.5
31.5 25.5
32.5 25.5
41.5 25.5
42.5 25.5
11.5 26.5
12.5 26.5
21.5 26.5
41.5 26.5
52.5 26.5
62.5 26.5
11.5 27.5
21.5 27.5
32.5 27.5
42.5 27.5
51.5 27.5
62.5 27.5
11.5 28.5
21.5 28.5
22.5 28.5
31.5 28.5
32.5 28.5
42.5 28.5
50.5 28.5
51.5 28.5
61.5 28.5
62.5 28.5
11.5 29.5
21.5 29.5
22.5 29.5
30.5 29.5
31.5 29.5
42.5 29.5
43.5 29.5
50.5 29.5
51.5 29.5
61.5 29.5
62.5 29.5
11.5 30.5
12.5 30.5
22.5 30.5
23.5 30.5
29.5 30.5
30.5 30.5
31.5 30.5
43.5 30.5
44.5 30.5
49.5 30.5
50.5 30.5
56.5 30.5
61.5 30.5
62.5 30.5
12.5 31.5
13.5 31.5
22.5 31.5
23.5 31.5
24.5 31.5
29.5 31.5
30.5 31.5
43.5 31.5
44.5 31.5
49.5 31.5
55.5 31.5
56.5 31.5
60.5 31.5
61.5 31.5
8.5 32.5
12.5 32.5
13.5 32.5
23.5 32.5
24.5 32.5
28.5 32.5
29.5 32.5
30.5 32.5
36.5 32.5
38.5 32.5
44.5 32.5
48.5 32.5
49.5 32.5
54.5 32.5
55.5 32.5
56.5 32.5
60.5 32.5
61.5 32.5
8.5 33.5
13.5 33.5
16.5 33.5
17.5 33.5
24.5 33.5
28.5 33.5
29.5 33.5
35.5 33.5
36.5 33.5
39.5 33.5
44.5 33.5
45.5 33.5
48.5 33.5
54.5 33.5
55.5 33.5
60.5 33.5
61.5 33.5
8.5 34.5
9.5 34.5
13.5 34.5
14.5 34.5
17.5 34.5
18.5 34.5
19.5 34.5
25.5 34.5
28.5 34.5
34.5 34.5
35.5 34.5
39.5 34.5
40.5 34.5
45.5 34.5
53.5 34.5
54.5 34.5
55.5 34.5
60.5 34.5
9.5 35.5
14.5 35.5
18.5 35.5
19.5 35.5
20.5 35.5
33.5 35.5
34.5 35.5
40.5 35.5
41.5 35.5
53.5 35.5
54.5 35.5
55.5 35.5
64.5 35.5
9.5 36.5
10.5 36.5
19.5 36.5
20.5 36.5
32.5 36.5
33.5 36.5
41.5 36.5
53.5 36.5
54.5 36.5
64.5 36.5
10.5 37.5
20.5 37.5
21.5 37.5
32.5 37.5
41.5 37.5
42.5 37.5
52.5 37.5
53.5 37.5
54.5 37.5
64.5 37.5
10.5 38.5
21.5 38.5
22.5 38.5
31.5 38.5
42.5 38.5
52.5 38.5
53.5 38.5
63.5 38.5
22.5 40.5
32.5 40.5
42.5 40.5
52.5 40.5
63.5 40.5
10.5 41.5
20.5 41.5
21.5 41.5
32.5 41.5
33.5 41.5
42.5 41.5
43.5 41.5
52.5 41.5
53.5 41.5
63.5 41.5
64.5 41.5
9.5 42.5
10.5 42.5
19.5 42.5
20.5 42.5
21.5 42.5
33.5 42.5
34.5 42.5
42.5 42.5
43.5 42.5
52.5 42.5
53.5 42.5
54.5 42.5
64.5 42.5
9.5 43.5
18.5 43.5
19.5 43.5
20.5 43.5
33.5 43.5
34.5 43.5
43.5 43.5
44.5 43.5
53.5 43.5
54.5 43.5
8.5 44.5
9.5 44.5
13.5 44.5
17.5 44.5
18.5 44.5
19.5 44.5
25.5 44.5
34.5 44.5
35.5 44.5
39.5 44.5
44.5 44.5
48.5 44.5
54.5 44.5
55.5 44.5
61.5 44.5
62.5 44.5
8.5 45.5
13.5 45.5
16.5 45.5
17.5 45.5
24.5 45.5
25.5 45.5
28.5 45.5
29.5 45.5
35.5 45.5
36.5 45.5
39.5 45.5
40.5 45.5
44.5 45.5
45.5 45.5
48.5 45.5
49.5 45.5
54.5 45.5
55.5 45.5
56.5 45.5
61.5 45.5
62.5 45.5
8.5 46.5
12.5 46.5
13.5 46.5
16.5 46.5
23.5 46.5
24.5 46.5
28.5 46.5
29.5 46.5
30.5 46.5
36.5 46.5
40.5 46.5
45.5 46.5
48.5 46.5
49.5 46.5
55.5 46.5
56.5 46.5
60.5 46.5
61.5 46.5
62.5 46.5
12.5 47.5
22.5 47.5
23.5 47.5
24.5 47.5
29.5 47.5
30.5 47.5
31.5 47.5
40.5 47.5
41.5 47.5
49.5 47.5
50.5 47.5
56.5 47.5
60.5 47.5
61.5 47.5
11.5 48.5
12.5 48.5
21.5 48.5
22.5 48.5
23.5 48.5
30.5 48.5
31.5 48.5
41.5 48.5
50.5 48.5
51.5 48.5
60.5 48.5
61.5 48.5
11.5 49.5
21.5 49.5
22.5 49.5
31.5 49.5
32.5 49.5
41.5 49.5
42.5 49.5
51.5 49.5
60.5 49.5
61.5 49.5
11.5 50.5
20.5 50.5
21.5 50.5
32.5 50.5
33.5 50.5
42.5 50.5
51.5 50.5
52.5 50.5
33.5 51.5
62.5 51.5
11.5 52.5
20.5 52.5
42.5 52.5
51.5 52.5
62.5 52.5
63.5 52.5
10.5 53.5
20.5 53.5
21.5 53.5
31.5 53.5
32.5 53.5
43.5 53.5
51.5 53.5
63.5 53.5
64.5 53.5
9.5 54.5
21.5 54.5
22.5 54.5
32.5 54.5
33.5 54.5
43.5 54.5
44.5 54.5
50.5 54.5
51.5 54.5
63.5 54.5
64.5 54.5
8.5 55.5
9.5 55.5
22.5 55.5
23.5 55.5
32.5 55.5
33.5 55.5
34.5 55.5
44.5 55.5
50.5 55.5
51.5 55.5
64.5 55.5
7.5 56.5
8.5 56.5
13.5 56.5
17.5 56.5
23.5 56.5
24.5 56.5
33.5 56.5
34.5 56.5
35.5 56.5
44.5 56.5
45.5 56.5
49.5 56.5
50.5 56.5
64.5 56.5
7.5 57.5
12.5 57.5
13.5 57.5
17.5 57.5
18.5 57.5
24.5 57.5
27.5 57.5
28.5 57.5
34.5 57.5
35.5 57.5
36.5 57.5
39.5 57.5
40.5 57.5
45.5 57.5
46.5 57.5
49.5 57.5
50.5 57.5
55.5 57.5
56.5 57.5
59.5 57.5
12.5 58.5
13.5 58.5
17.5 58.5
18.5 58.5
19.5 58.5
25.5 58.5
28.5 58.5
29.5 58.5
35.5 58.5
36.5 58.5
39.5 58.5
40.5 58.5
41.5 58.5
46.5 58.5
49.5 58.5
55.5 58.5
59.5 58.5
60.5 58.5
11.5 59.5
12.5 59.5
13.5 59.5
18.5 59.5
19.5 59.5
29.5 59.5
30.5 59.5
40.5 59.5
41.5 59.5
42.5 59.5
54.5 59.5
55.5 59.5
60.5 59.5
61.5 59.5
11.5 60.5
12.5 60.5
18.5 60.5
19.5 60.5
20.5 60.5
30.5 60.5
31.5 60.5
41.5 60.5
42.5 60.5
54.5 60.5
55.5 60.5
61.5 60.5
62.5 60.5
10.5 61.5
11.5 61.5
19.5 61.5
20.5 61.5
31.5 61.5
32.5 61.5
42.5 61.5
43.5 61.5
53.5 61.5
54.5 61.5
62.5 61.5
63.5 61.5
10.5 62.5
11.5 62.5
19.5 62.5
20.5 62.5
32.5 62.5
43.5 62.5
53.5 62.5
54.5 62.5
63.5 62.5
10.5 63.5
20.5 63.5
53.5 63.5
64.5 63.5
