13.5 5.5
14.5 5.5
15.5 5.5
25.5 5.5
26.5 5.5
27.5 5.5
32.5 5.5
33.5 5.5
34.5 5.5
35.5 5.5
46.5 5.5
47.5 5.5
48.5 5.5
49.5 5.5
62.5 5.5
63.5 5.5
64.5 5.5
13.5 6.5
14.5 6.5
15.5 6.5
26.5 6.5
27.5 6.5
32.5 6.5
33.5 6.5
45.5 6.5
46.5 6.5
47.5 6.5
48.5 6.5
63.5 6.5
64.5 6.5
14.5 7.5
15.5 7.5
16.5 7.5
45.5 7.5
46.5 7.5
64.5 7.5
15.5 8.5
21.5 8.5
22.5 8.5
38.5 8.5
39.5 8.5
40.5 8.5
8.5 9.5
9.5 9.5
21.5 9.5
22.5 9.5
23.5 9.5
37.5 9.5
38.5 9.5
39.5 9.5
40.5 9.5
51.5 9.5
52.5 9.5
53.5 9.5
58.5 9.5
59.5 9.5
60.5 9.5
8.5 10.5
9.5 10.5
10.5 10.5
21.5 10.5
22.5 10.5
23.5 10.5
36.5 10.5
37.5 10.5
38.5 10.5
51.5 10.5
52.5 10.5
53.5 10.5
58.5 10.5
59.5 10.5
60.5 10.5
8.5 11.5
9.5 11.5
10.5 11.5
11.5 11.5
22.5 11.5
23.5 11.5
50.5 11.5
51.5 11.5
52.5 11.5
59.5 11.5
60.5 11.5
61.5 11.5
9.5 12.5
10.5 12.5
11.5 12.5
50.5 12.5
51.5 12.5
59.5 12.5
60.5 12.5
61.5 12.5
36.5 15.5
37.5 15.5
25.5 16.5
36.5 16.5
37.5 16.5
38.5 16.5
11.5 17.5
24.5 17.5
25.5 17.5
26.5 17.5
37.5 17.5
38.5 17.5
39.5 17.5
47.5 17.5
48.5 17.5
9.5 18.5
10.5 18.5
11.5 18.5
25.5 18.5
26.5 18.5
27.5 18.5
37.5 18.5
38.5 18.5
39.5 18.5
46.5 18.5
47.5 18.5
48.5 18.5
62.5 18.5
63.5 18.5
64.5 18.5
8.5 19.5
9.5 19.5
10.5 19.5
25.5 19.5
26.5 19.5
27.5 19.5
39.5 19.5
45.5 19.5
46.5 19.5
47.5 19.5
62.5 19.5
63.5 19.5
64.5 19.5
8.5 20.5
26.5 20.5
27.5 20.5
32.5 20.5
33.5 20.5
45.5 20.5
46.5 20.5
63.5 20.5
64.5 20.5
15.5 21.5
32.5 21.5
33.5 21.5
34.5 21.5
64.5 21.5
13.5 22.5
14.5 22.5
15.5 22.5
16.5 22.5
21.5 22.5
22.5 22.5
33.5 22.5
34.5 22.5
50.5 22.5
51.5 22.5
52.5 22.5
57.5 22.5
58.5 22.5
13.5 23.5
14.5 23.5
15.5 23.5
21.5 23.5
22.5 23.5
23.5 23.5
34.5 23.5
35.5 23.5
49.5 23.5
50.5 23.5
51.5 23.5
57.5 23.5
58.5 23.5
59.5 23.5
13.5 24.5
14.5 24.5
22.5 24.5
23.5 24.5
24.5 24.5
35.5 24.5
48.5 24.5
49.5 24.5
50.5 24.5
58.5 24.5
59.5 24.5
60.5 24.5
23.5 25.5
24.5 25.5
60.5 25.5
10.5 29.5
11.5 29.5
12.5 29.5
35.5 29.5
46.5 29.5
47.5 29.5
60.5 29.5
9.5 30.5
10.5 30.5
11.5 30.5
12.5 30.5
25.5 30.5
26.5 30.5
34.5 30.5
35.5 30.5
45.5 30.5
46.5 30.5
47.5 30.5
59.5 30.5
60.5 30.5
61.5 30.5
9.5 31.5
10.5 31.5
11.5 31.5
25.5 31.5
26.5 31.5
27.5 31.5
33.5 31.5
34.5 31.5
45.5 31.5
46.5 31.5
47.5 31.5
58.5 31.5
59.5 31.5
60.5 31.5
16.5 32.5
26.5 32.5
27.5 32.5
28.5 32.5
33.5 32.5
45.5 32.5
46.5 32.5
58.5 32.5
59.5 32.5
60.5 32.5
14.5 33.5
15.5 33.5
20.5 33.5
21.5 33.5
27.5 33.5
39.5 33.5
45.5 33.5
52.5 33.5
58.5 33.5
13.5 34.5
14.5 34.5
21.5 34.5
22.5 34.5
23.5 34.5
38.5 34.5
39.5 34.5
40.5 34.5
51.5 34.5
52.5 34.5
53.5 34.5
64.5 34.5
22.5 35.5
23.5 35.5
37.5 35.5
38.5 35.5
39.5 35.5
50.5 35.5
51.5 35.5
52.5 35.5
63.5 35.5
64.5 35.5
37.5 36.5
38.5 36.5
39.5 36.5
50.5 36.5
51.5 36.5
52.5 36.5
62.5 36.5
63.5 36.5
64.5 36.5
37.5 37.5
50.5 37.5
51.5 37.5
62.5 37.5
63.5 37.5
13.5 39.5
14.5 39.5
13.5 40.5
14.5 40.5
22.5 40.5
23.5 40.5
14.5 41.5
15.5 41.5
21.5 41.5
22.5 41.5
23.5 41.5
14.5 42.5
15.5 42.5
21.5 42.5
22.5 42.5
23.5 42.5
35.5 42.5
36.5 42.5
50.5 42.5
51.5 42.5
63.5 42.5
64.5 42.5
15.5 43.5
16.5 43.5
21.5 43.5
22.5 43.5
23.5 43.5
33.5 43.5
34.5 43.5
35.5 43.5
36.5 43.5
50.5 43.5
51.5 43.5
52.5 43.5
53.5 43.5
63.5 43.5
64.5 43.5
21.5 44.5
22.5 44.5
33.5 44.5
34.5 44.5
35.5 44.5
51.5 44.5
52.5 44.5
53.5 44.5
64.5 44.5
10.5 45.5
11.5 45.5
33.5 45.5
46.5 45.5
10.5 46.5
11.5 46.5
12.5 46.5
26.5 46.5
27.5 46.5
39.5 46.5
40.5 46.5
41.5 46.5
46.5 46.5
47.5 46.5
48.5 46.5
58.5 46.5
59.5 46.5
60.5 46.5
10.5 47.5
11.5 47.5
12.5 47.5
26.5 47.5
27.5 47.5
38.5 47.5
39.5 47.5
40.5 47.5
47.5 47.5
48.5 47.5
49.5 47.5
59.5 47.5
60.5 47.5
61.5 47.5
11.5 48.5
12.5 48.5
25.5 48.5
26.5 48.5
37.5 48.5
38.5 48.5
61.5 48.5
12.5 49.5
25.5 49.5
50.5 52.5
37.5 53.5
38.5 53.5
39.5 53.5
50.5 53.5
51.5 53.5
62.5 53.5
63.5 53.5
64.5 53.5
12.5 54.5
25.5 54.5
26.5 54.5
37.5 54.5
38.5 54.5
39.5 54.5
40.5 54.5
50.5 54.5
51.5 54.5
52.5 54.5
62.5 54.5
63.5 54.5
64.5 54.5
10.5 55.5
11.5 55.5
12.5 55.5
25.5 55.5
26.5 55.5
27.5 55.5
38.5 55.5
39.5 55.5
40.5 55.5
51.5 55.5
52.5 55.5
63.5 55.5
64.5 55.5
9.5 56.5
10.5 56.5
26.5 56.5
27.5 56.5
46.5 56.5
52.5 56.5
16.5 57.5
32.5 57.5
33.5 57.5
46.5 57.5
47.5 57.5
57.5 57.5
58.5 57.5
59.5 57.5
14.5 58.5
15.5 58.5
16.5 58.5
21.5 58.5
22.5 58.5
33.5 58.5
34.5 58.5
35.5 58.5
46.5 58.5
47.5 58.5
48.5 58.5
58.5 58.5
59.5 58.5
60.5 58.5
13.5 59.5
14.5 59.5
15.5 59.5
16.5 59.5
22.5 59.5
23.5 59.5
33.5 59.5
34.5 59.5
35.5 59.5
47.5 59.5
48.5 59.5
58.5 59.5
59.5 59.5
60.5 59.5
14.5 60.5
22.5 60.5
23.5 60.5
24.5 60.5
34.5 60.5
35.5 60.5
48.5 60.5
24.5 61.5
