12.5 5.5
40.5 5.5
52.5 5.5
60.5 5.5
13.5 6.5
20.5 6.5
32.5 6.5
39.5 6.5
53.5 6.5
60.5 6.5
19.5 7.5
28.5 7.5
38.5 7.5
54.5 7.5
59.5 7.5
7.5 8.5
14.5 8.5
25.5 8.5
33.5 8.5
45.5 8.5
58.5 8.5
15.5 9.5
24.5 9.5
29.5 9.5
37.5 9.5
44.5 9.5
49.5 9.5
64.5 9.5
8.5 10.5
24.5 10.5
29.5 10.5
34.5 10.5
36.5 10.5
43.5 10.5
50.5 10.5
63.5 10.5
9.5 11.5
23.5 11.5
42.5 11.5
62.5 11.5
10.5 12.5
30.5 12.5
41.5 12.5
51.5 12.5
61.5 12.5
11.5 13.5
22.5 13.5
30.5 13.5
40.5 13.5
52.5 13.5
52.5 15.5
61.5 15.5
9.5 16.5
22.5 16.5
31.5 16.5
40.5 16.5
62.5 16.5
10.5 17.5
21.5 17.5
42.5 17.5
51.5 17.5
63.5 17.5
11.5 18.5
12.5 18.5
19.5 18.5
20.5 18.5
32.5 18.5
43.5 18.5
50.5 18.5
55.5 18.5
58.5 18.5
63.5 18.5
12.5 19.5
13.5 19.5
18.5 19.5
32.5 19.5
44.5 19.5
45.5 19.5
55.5 19.5
64.5 19.5
6.5 20.5
14.5 20.5
17.5 20.5
33.5 20.5
36.5 20.5
46.5 20.5
49.5 20.5
59.5 20.5
7.5 21.5
16.5 21.5
25.5 21.5
33.5 21.5
38.5 21.5
54.5 21.5
8.5 22.5
24.5 22.5
29.5 22.5
39.5 22.5
54.5 22.5
60.5 22.5
22.5 23.5
23.5 23.5
29.5 23.5
40.5 23.5
21.5 24.5
30.5 24.5
41.5 24.5
53.5 24.5
61.5 24.5
20.5 25.5
30.5 25.5
53.5 25.5
9.5 27.5
31.5 27.5
54.5 27.5
62.5 27.5
9.5 28.5
21.5 28.5
41.5 28.5
53.5 28.5
63.5 28.5
8.5 29.5
20.5 29.5
31.5 29.5
42.5 29.5
43.5 29.5
51.5 29.5
52.5 29.5
8.5 30.5
19.5 30.5
32.5 30.5
44.5 30.5
50.5 30.5
51.5 30.5
64.5 30.5
13.5 31.5
18.5 31.5
45.5 31.5
49.5 31.5
7.5 32.5
17.5 32.5
33.5 32.5
37.5 32.5
48.5 32.5
57.5 32.5
12.5 33.5
34.5 33.5
38.5 33.5
55.5 33.5
24.5 34.5
28.5 34.5
39.5 34.5
40.5 34.5
54.5 34.5
61.5 34.5
11.5 35.5
23.5 35.5
29.5 35.5
40.5 35.5
41.5 35.5
53.5 35.5
62.5 35.5
22.5 36.5
30.5 36.5
63.5 36.5
10.5 37.5
21.5 37.5
31.5 37.5
20.5 38.5
53.5 38.5
11.5 39.5
42.5 39.5
52.5 39.5
63.5 39.5
10.5 40.5
20.5 40.5
32.5 40.5
42.5 40.5
52.5 40.5
64.5 40.5
21.5 41.5
31.5 41.5
43.5 41.5
51.5 41.5
64.5 41.5
9.5 42.5
22.5 42.5
30.5 42.5
44.5 42.5
50.5 42.5
8.5 43.5
17.5 43.5
23.5 43.5
29.5 43.5
44.5 43.5
50.5 43.5
58.5 43.5
8.5 44.5
17.5 44.5
24.5 44.5
27.5 44.5
35.5 44.5
38.5 44.5
45.5 44.5
49.5 44.5
55.5 44.5
59.5 44.5
7.5 45.5
13.5 45.5
18.5 45.5
25.5 45.5
34.5 45.5
39.5 45.5
45.5 45.5
59.5 45.5
12.5 46.5
18.5 46.5
33.5 46.5
40.5 46.5
54.5 46.5
60.5 46.5
12.5 47.5
19.5 47.5
32.5 47.5
40.5 47.5
61.5 47.5
11.5 48.5
19.5 48.5
31.5 48.5
41.5 48.5
53.5 48.5
61.5 48.5
11.5 49.5
20.5 49.5
42.5 49.5
62.5 49.5
52.5 50.5
63.5 50.5
20.5 51.5
63.5 51.5
10.5 52.5
20.5 52.5
31.5 52.5
21.5 53.5
32.5 53.5
51.5 53.5
9.5 54.5
22.5 54.5
27.5 54.5
33.5 54.5
41.5 54.5
63.5 54.5
22.5 55.5
34.5 55.5
40.5 55.5
50.5 55.5
62.5 55.5
8.5 56.5
23.5 56.5
28.5 56.5
39.5 56.5
50.5 56.5
60.5 56.5
61.5 56.5
7.5 57.5
14.5 57.5
23.5 57.5
29.5 57.5
38.5 57.5
45.5 57.5
49.5 57.5
55.5 57.5
59.5 57.5
7.5 58.5
13.5 58.5
24.5 58.5
29.5 58.5
37.5 58.5
44.5 58.5
49.5 58.5
54.5 58.5
57.5 58.5
12.5 59.5
18.5 59.5
30.5 59.5
43.5 59.5
54.5 59.5
11.5 60.5
19.5 60.5
30.5 60.5
43.5 60.5
53.5 60.5
64.5 60.5
20.5 61.5
42.5 61.5
52.5 61.5
63.5 61.5
10.5 62.5
21.5 62.5
31.5 62.5
41.5 62.5
51.5 63.5
