5.5 41.5
5.5 54.5
5.5 62.5
6.5 10.5
6.5 23.5
6.5 40.5
6.5 41.5
6.5 54.5
6.5 63.5
7.5 9.5
7.5 24.5
7.5 29.5
7.5 39.5
7.5 40.5
7.5 54.5
7.5 63.5
8.5 9.5
8.5 29.5
9.5 8.5
10.5 33.5
10.5 44.5
11.5 13.5
11.5 20.5
11.5 33.5
11.5 43.5
11.5 50.5
12.5 13.5
12.5 20.5
12.5 21.5
12.5 33.5
12.5 43.5
12.5 49.5
12.5 50.5
12.5 60.5
13.5 12.5
13.5 13.5
13.5 20.5
13.5 21.5
13.5 42.5
13.5 49.5
13.5 50.5
13.5 60.5
14.5 12.5
14.5 21.5
14.5 50.5
14.5 60.5
15.5 12.5
15.5 50.5
20.5 31.5
21.5 9.5
21.5 31.5
22.5 8.5
22.5 9.5
22.5 23.5
22.5 24.5
22.5 30.5
22.5 39.5
22.5 49.5
22.5 63.5
23.5 24.5
23.5 30.5
23.5 39.5
23.5 48.5
23.5 63.5
24.5 24.5
24.5 47.5
24.5 48.5
24.5 63.5
25.5 47.5
26.5 34.5
27.5 12.5
27.5 34.5
27.5 42.5
28.5 11.5
28.5 12.5
28.5 19.5
28.5 34.5
28.5 42.5
28.5 53.5
28.5 60.5
29.5 19.5
29.5 20.5
29.5 34.5
29.5 52.5
29.5 53.5
29.5 60.5
30.5 20.5
30.5 52.5
30.5 61.5
35.5 9.5
36.5 9.5
37.5 9.5
37.5 20.5
38.5 9.5
38.5 19.5
38.5 20.5
38.5 34.5
38.5 48.5
38.5 49.5
38.5 63.5
39.5 19.5
39.5 34.5
39.5 47.5
39.5 48.5
39.5 63.5
40.5 34.5
40.5 42.5
40.5 47.5
40.5 48.5
42.5 24.5
42.5 39.5
42.5 60.5
43.5 13.5
43.5 23.5
43.5 24.5
43.5 29.5
43.5 39.5
43.5 54.5
44.5 13.5
44.5 23.5
44.5 30.5
44.5 39.5
44.5 52.5
44.5 53.5
44.5 61.5
45.5 13.5
45.5 23.5
45.5 30.5
45.5 39.5
45.5 52.5
52.5 13.5
52.5 31.5
52.5 52.5
52.5 53.5
52.5 54.5
52.5 60.5
53.5 13.5
53.5 20.5
53.5 30.5
53.5 31.5
53.5 38.5
53.5 53.5
53.5 54.5
53.5 55.5
54.5 14.5
54.5 19.5
54.5 30.5
54.5 38.5
55.5 14.5
55.5 19.5
55.5 63.5
56.5 34.5
56.5 42.5
56.5 63.5
57.5 9.5
57.5 10.5
57.5 24.5
57.5 25.5
57.5 42.5
57.5 49.5
57.5 63.5
58.5 10.5
58.5 24.5
58.5 33.5
58.5 41.5
58.5 50.5
58.5 63.5
59.5 10.5
59.5 23.5
