2.5 52.5
2.5 53.5
3.5 42.5
3.5 43.5
3.5 44.5
3.5 53.5
3.5 54.5
3.5 55.5
3.5 59.5
3.5 60.5
4.5 11.5
4.5 12.5
4.5 13.5
4.5 21.5
4.5 22.5
4.5 32.5
4.5 33.5
4.5 34.5
4.5 35.5
4.5 43.5
4.5 44.5
4.5 45.5
4.5 50.5
4.5 58.5
4.5 59.5
4.5 60.5
5.5 10.5
5.5 11.5
5.5 12.5
5.5 13.5
5.5 21.5
5.5 22.5
5.5 33.5
5.5 34.5
5.5 35.5
5.5 39.5
5.5 44.5
5.5 45.5
5.5 46.5
5.5 49.5
5.5 50.5
5.5 51.5
5.5 62.5
5.5 63.5
6.5 10.5
6.5 11.5
6.5 12.5
6.5 17.5
6.5 20.5
6.5 21.5
6.5 39.5
6.5 40.5
6.5 41.5
6.5 49.5
6.5 50.5
6.5 51.5
6.5 61.5
6.5 62.5
6.5 63.5
7.5 15.5
7.5 16.5
7.5 17.5
7.5 24.5
7.5 25.5
7.5 29.5
7.5 30.5
7.5 31.5
7.5 40.5
7.5 41.5
7.5 42.5
7.5 50.5
8.5 8.5
8.5 15.5
8.5 16.5
8.5 23.5
8.5 24.5
8.5 25.5
8.5 29.5
8.5 30.5
8.5 31.5
8.5 32.5
8.5 42.5
9.5 8.5
9.5 23.5
9.5 24.5
9.5 25.5
9.5 60.5
9.5 61.5
10.5 8.5
10.5 41.5
10.5 52.5
10.5 53.5
10.5 59.5
10.5 60.5
10.5 61.5
10.5 62.5
11.5 6.5
11.5 8.5
11.5 14.5
11.5 15.5
11.5 16.5
11.5 33.5
11.5 34.5
11.5 35.5
11.5 39.5
11.5 40.5
11.5 41.5
11.5 42.5
11.5 52.5
11.5 53.5
11.5 54.5
11.5 59.5
11.5 60.5
11.5 61.5
11.5 62.5
12.5 6.5
12.5 14.5
12.5 15.5
12.5 16.5
12.5 23.5
12.5 24.5
12.5 33.5
12.5 34.5
12.5 35.5
12.5 36.5
12.5 40.5
12.5 41.5
12.5 53.5
12.5 54.5
12.5 55.5
12.5 59.5
12.5 60.5
12.5 61.5
13.5 6.5
13.5 11.5
13.5 19.5
13.5 24.5
13.5 25.5
13.5 53.5
13.5 54.5
13.5 55.5
13.5 59.5
13.5 60.5
13.5 65.5
14.5 6.5
14.5 11.5
14.5 12.5
14.5 19.5
14.5 20.5
14.5 21.5
14.5 25.5
14.5 43.5
14.5 44.5
14.5 55.5
14.5 64.5
14.5 65.5
15.5 6.5
15.5 11.5
15.5 12.5
15.5 20.5
15.5 21.5
15.5 22.5
15.5 29.5
15.5 30.5
15.5 31.5
15.5 32.5
15.5 33.5
15.5 43.5
15.5 44.5
15.5 48.5
15.5 49.5
15.5 50.5
15.5 51.5
15.5 64.5
15.5 65.5
16.5 6.5
16.5 31.5
16.5 42.5
16.5 43.5
16.5 48.5
16.5 49.5
16.5 50.5
16.5 51.5
16.5 52.5
16.5 63.5
16.5 64.5
17.5 6.5
17.5 50.5
17.5 51.5
17.5 52.5
17.5 63.5
18.5 12.5
18.5 13.5
18.5 20.5
19.5 12.5
19.5 13.5
19.5 14.5
19.5 18.5
19.5 19.5
19.5 20.5
19.5 21.5
19.5 32.5
19.5 33.5
19.5 34.5
19.5 35.5
19.5 40.5
19.5 41.5
20.5 13.5
20.5 14.5
20.5 17.5
20.5 18.5
20.5 19.5
20.5 20.5
20.5 32.5
20.5 33.5
20.5 34.5
20.5 35.5
20.5 36.5
20.5 40.5
20.5 41.5
20.5 52.5
20.5 53.5
20.5 54.5
20.5 55.5
20.5 61.5
20.5 62.5
21.5 7.5
21.5 8.5
21.5 9.5
21.5 10.5
21.5 34.5
21.5 35.5
21.5 39.5
21.5 40.5
21.5 55.5
21.5 56.5
21.5 60.5
22.5 8.5
22.5 9.5
22.5 10.5
22.5 11.5
22.5 22.5
22.5 23.5
22.5 24.5
22.5 28.5
22.5 29.5
22.5 30.5
22.5 49.5
22.5 50.5
22.5 63.5
22.5 64.5
22.5 65.5
22.5 66.5
22.5 67.5
23.5 21.5
23.5 22.5
23.5 23.5
23.5 29.5
23.5 30.5
23.5 31.5
23.5 42.5
23.5 43.5
23.5 47.5
23.5 48.5
23.5 49.5
23.5 50.5
23.5 51.5
23.5 52.5
23.5 64.5
23.5 65.5
23.5 66.5
24.5 31.5
24.5 42.5
24.5 43.5
24.5 48.5
24.5 49.5
24.5 50.5
24.5 51.5
24.5 52.5
25.5 7.5
25.5 8.5
25.5 9.5
25.5 10.5
25.5 42.5
25.5 43.5
26.5 7.5
26.5 8.5
26.5 9.5
26.5 10.5
26.5 21.5
26.5 32.5
26.5 64.5
26.5 65.5
26.5 66.5
27.5 21.5
27.5 22.5
27.5 23.5
27.5 32.5
27.5 33.5
27.5 34.5
27.5 35.5
27.5 52.5
27.5 53.5
27.5 54.5
27.5 55.5
27.5 66.5
27.5 67.5
28.5 12.5
28.5 13.5
28.5 16.5
28.5 17.5
28.5 22.5
28.5 23.5
28.5 24.5
28.5 35.5
28.5 39.5
28.5 40.5
28.5 41.5
28.5 51.5
28.5 52.5
28.5 53.5
28.5 54.5
28.5 59.5
28.5 60.5
28.5 61.5
28.5 62.5
28.5 67.5
29.5 11.5
29.5 12.5
29.5 16.5
29.5 17.5
29.5 18.5
29.5 19.5
29.5 28.5
29.5 29.5
29.5 30.5
29.5 31.5
29.5 51.5
29.5 52.5
29.5 53.5
29.5 59.5
29.5 60.5
29.5 61.5
29.5 62.5
29.5 63.5
30.5 18.5
30.5 19.5
30.5 20.5
30.5 29.5
30.5 30.5
30.5 31.5
30.5 32.5
30.5 43.5
30.5 44.5
30.5 61.5
30.5 62.5
30.5 63.5
31.5 43.5
31.5 44.5
31.5 45.5
31.5 49.5
31.5 50.5
32.5 9.5
33.5 8.5
33.5 9.5
33.5 19.5
33.5 20.5
33.5 32.5
33.5 33.5
33.5 42.5
33.5 43.5
34.5 7.5
34.5 8.5
34.5 19.5
34.5 20.5
34.5 21.5
34.5 32.5
34.5 33.5
34.5 34.5
34.5 35.5
34.5 43.5
34.5 44.5
34.5 45.5
34.5 52.5
34.5 53.5
34.5 62.5
34.5 63.5
34.5 64.5
34.5 65.5
35.5 20.5
35.5 21.5
35.5 22.5
35.5 32.5
35.5 33.5
35.5 34.5
35.5 35.5
35.5 36.5
35.5 44.5
35.5 45.5
35.5 52.5
35.5 53.5
35.5 62.5
35.5 63.5
35.5 64.5
35.5 65.5
35.5 66.5
35.5 67.5
36.5 11.5
36.5 12.5
36.5 13.5
36.5 14.5
36.5 15.5
36.5 21.5
36.5 22.5
36.5 35.5
36.5 39.5
36.5 40.5
36.5 41.5
36.5 49.5
36.5 50.5
36.5 57.5
36.5 58.5
36.5 64.5
36.5 65.5
36.5 66.5
36.5 67.5
37.5 11.5
37.5 12.5
37.5 13.5
37.5 14.5
37.5 15.5
37.5 16.5
37.5 25.5
37.5 28.5
37.5 29.5
37.5 30.5
37.5 40.5
37.5 41.5
37.5 49.5
37.5 50.5
37.5 51.5
37.5 58.5
37.5 59.5
37.5 60.5
38.5 13.5
38.5 14.5
38.5 15.5
38.5 16.5
38.5 25.5
38.5 28.5
38.5 29.5
38.5 30.5
38.5 31.5
38.5 41.5
38.5 50.5
38.5 59.5
38.5 60.5
38.5 61.5
39.5 25.5
39.5 29.5
39.5 30.5
39.5 31.5
39.5 32.5
40.5 25.5
41.5 42.5
41.5 49.5
41.5 50.5
42.5 12.5
42.5 13.5
42.5 14.5
42.5 15.5
42.5 32.5
42.5 42.5
42.5 43.5
42.5 48.5
42.5 49.5
42.5 50.5
42.5 59.5
42.5 60.5
42.5 61.5
42.5 62.5
43.5 6.5
43.5 12.5
43.5 13.5
43.5 14.5
43.5 15.5
43.5 16.5
43.5 17.5
43.5 29.5
43.5 30.5
43.5 31.5
43.5 32.5
43.5 42.5
43.5 43.5
43.5 44.5
43.5 47.5
43.5 48.5
43.5 49.5
43.5 59.5
43.5 60.5
43.5 61.5
43.5 62.5
43.5 63.5
44.5 6.5
44.5 7.5
44.5 8.5
44.5 13.5
44.5 14.5
44.5 15.5
44.5 16.5
44.5 17.5
44.5 18.5
44.5 26.5
44.5 29.5
44.5 34.5
44.5 35.5
44.5 36.5
44.5 39.5
44.5 43.5
44.5 44.5
44.5 52.5
44.5 53.5
44.5 54.5
44.5 55.5
44.5 59.5
44.5 60.5
44.5 61.5
44.5 62.5
45.5 6.5
45.5 7.5
45.5 8.5
45.5 9.5
45.5 15.5
45.5 16.5
45.5 17.5
45.5 23.5
45.5 24.5
45.5 33.5
45.5 34.5
45.5 35.5
45.5 39.5
45.5 40.5
45.5 51.5
45.5 52.5
45.5 53.5
45.5 54.5
45.5 55.5
46.5 8.5
46.5 9.5
46.5 10.5
46.5 21.5
46.5 22.5
46.5 23.5
46.5 33.5
46.5 34.5
46.5 40.5
46.5 41.5
46.5 51.5
46.5 52.5
46.5 53.5
46.5 54.5
46.5 64.5
46.5 65.5
46.5 66.5
47.5 9.5
47.5 10.5
47.5 21.5
47.5 22.5
47.5 63.5
47.5 64.5
47.5 65.5
48.5 63.5
48.5 64.5
49.5 30.5
49.5 31.5
49.5 32.5
50.5 6.5
50.5 7.5
50.5 8.5
50.5 9.5
50.5 10.5
50.5 22.5
50.5 23.5
50.5 24.5
50.5 29.5
50.5 30.5
50.5 31.5
50.5 40.5
50.5 41.5
50.5 50.5
50.5 51.5
50.5 52.5
50.5 53.5
51.5 6.5
51.5 7.5
51.5 8.5
51.5 9.5
51.5 10.5
51.5 22.5
51.5 23.5
51.5 24.5
51.5 25.5
51.5 29.5
51.5 30.5
51.5 31.5
51.5 39.5
51.5 40.5
51.5 41.5
51.5 49.5
51.5 50.5
51.5 51.5
51.5 52.5
51.5 53.5
51.5 60.5
51.5 61.5
51.5 62.5
52.5 8.5
52.5 9.5
52.5 23.5
52.5 24.5
52.5 35.5
52.5 39.5
52.5 40.5
52.5 50.5
52.5 51.5
52.5 52.5
52.5 57.5
52.5 60.5
52.5 61.5
52.5 62.5
53.5 33.5
53.5 34.5
53.5 35.5
53.5 36.5
53.5 43.5
53.5 44.5
53.5 45.5
53.5 46.5
53.5 55.5
53.5 56.5
53.5 57.5
54.5 12.5
54.5 13.5
54.5 14.5
54.5 18.5
54.5 19.5
54.5 20.5
54.5 32.5
54.5 33.5
54.5 34.5
54.5 35.5
54.5 43.5
54.5 44.5
54.5 45.5
54.5 46.5
54.5 54.5
54.5 55.5
54.5 63.5
54.5 64.5
54.5 65.5
55.5 11.5
55.5 12.5
55.5 13.5
55.5 14.5
55.5 19.5
55.5 20.5
55.5 21.5
55.5 44.5
55.5 63.5
55.5 64.5
55.5 65.5
57.5 54.5
57.5 55.5
57.5 56.5
57.5 62.5
58.5 11.5
58.5 12.5
58.5 13.5
58.5 21.5
58.5 22.5
58.5 32.5
58.5 33.5
58.5 34.5
58.5 44.5
58.5 45.5
58.5 55.5
58.5 56.5
58.5 57.5
58.5 61.5
58.5 62.5
58.5 63.5
59.5 13.5
59.5 14.5
59.5 19.5
59.5 20.5
59.5 21.5
59.5 32.5
59.5 33.5
59.5 34.5
59.5 35.5
59.5 43.5
59.5 44.5
59.5 45.5
59.5 46.5
60.5 8.5
60.5 9.5
60.5 15.5
60.5 18.5
60.5 19.5
60.5 24.5
60.5 25.5
60.5 29.5
60.5 45.5
60.5 46.5
60.5 50.5
60.5 51.5
60.5 52.5
60.5 53.5
60.5 54.5
60.5 65.5
61.5 7.5
61.5 8.5
61.5 9.5
61.5 10.5
61.5 11.5
61.5 23.5
61.5 24.5
61.5 25.5
61.5 26.5
61.5 29.5
61.5 30.5
61.5 38.5
61.5 39.5
61.5 40.5
61.5 41.5
61.5 50.5
61.5 51.5
61.5 52.5
61.5 53.5
61.5 54.5
61.5 64.5
61.5 65.5
61.5 66.5
62.5 7.5
62.5 8.5
62.5 9.5
62.5 10.5
62.5 11.5
62.5 22.5
62.5 23.5
62.5 24.5
62.5 25.5
62.5 30.5
62.5 31.5
62.5 39.5
62.5 40.5
62.5 41.5
62.5 42.5
63.5 9.5
63.5 10.5
