4.5 43.5
4.5 52.5
4.5 53.5
4.5 54.5
4.5 60.5
4.5 61.5
5.5 12.5
5.5 13.5
5.5 21.5
5.5 22.5
5.5 23.5
5.5 28.5
5.5 29.5
5.5 30.5
5.5 42.5
5.5 43.5
5.5 44.5
5.5 52.5
5.5 53.5
5.5 54.5
5.5 59.5
5.5 60.5
5.5 61.5
6.5 12.5
6.5 13.5
6.5 14.5
6.5 21.5
6.5 22.5
6.5 23.5
6.5 28.5
6.5 29.5
6.5 30.5
6.5 42.5
6.5 43.5
6.5 44.5
6.5 45.5
6.5 52.5
6.5 53.5
6.5 54.5
6.5 58.5
6.5 59.5
6.5 60.5
6.5 61.5
7.5 12.5
7.5 13.5
7.5 14.5
7.5 21.5
7.5 22.5
7.5 23.5
7.5 28.5
7.5 29.5
7.5 43.5
7.5 44.5
7.5 45.5
7.5 53.5
7.5 54.5
7.5 59.5
7.5 60.5
8.5 13.5
8.5 14.5
8.5 33.5
8.5 44.5
9.5 8.5
9.5 9.5
9.5 18.5
9.5 19.5
9.5 32.5
9.5 33.5
9.5 34.5
9.5 39.5
9.5 40.5
9.5 49.5
9.5 50.5
9.5 51.5
9.5 63.5
9.5 64.5
10.5 8.5
10.5 9.5
10.5 10.5
10.5 18.5
10.5 19.5
10.5 20.5
10.5 31.5
10.5 32.5
10.5 33.5
10.5 34.5
10.5 39.5
10.5 40.5
10.5 41.5
10.5 49.5
10.5 50.5
10.5 51.5
10.5 62.5
10.5 63.5
10.5 64.5
10.5 65.5
11.5 8.5
11.5 9.5
11.5 10.5
11.5 11.5
11.5 18.5
11.5 19.5
11.5 20.5
11.5 31.5
11.5 32.5
11.5 33.5
11.5 34.5
11.5 39.5
11.5 40.5
11.5 41.5
11.5 49.5
11.5 50.5
11.5 51.5
11.5 62.5
11.5 63.5
11.5 64.5
12.5 9.5
12.5 10.5
12.5 19.5
12.5 32.5
12.5 33.5
12.5 40.5
12.5 41.5
12.5 50.5
12.5 51.5
12.5 63.5
17.5 12.5
17.5 21.5
17.5 22.5
17.5 23.5
17.5 28.5
17.5 29.5
17.5 30.5
17.5 43.5
17.5 52.5
17.5 53.5
17.5 59.5
17.5 60.5
17.5 61.5
18.5 11.5
18.5 12.5
18.5 13.5
18.5 21.5
18.5 22.5
18.5 23.5
18.5 28.5
18.5 29.5
18.5 30.5
18.5 31.5
18.5 42.5
18.5 43.5
18.5 44.5
18.5 52.5
18.5 53.5
18.5 54.5
18.5 59.5
18.5 60.5
18.5 61.5
19.5 11.5
19.5 12.5
19.5 13.5
19.5 14.5
19.5 22.5
19.5 23.5
19.5 24.5
19.5 28.5
19.5 29.5
19.5 30.5
19.5 31.5
19.5 42.5
19.5 43.5
19.5 44.5
19.5 45.5
19.5 52.5
19.5 53.5
19.5 54.5
19.5 59.5
19.5 60.5
19.5 61.5
20.5 12.5
20.5 13.5
20.5 23.5
20.5 29.5
20.5 30.5
20.5 43.5
20.5 44.5
20.5 53.5
20.5 54.5
20.5 59.5
20.5 60.5
21.5 8.5
21.5 9.5
21.5 18.5
21.5 19.5
21.5 20.5
21.5 33.5
21.5 49.5
21.5 50.5
21.5 63.5
21.5 64.5
21.5 65.5
22.5 8.5
22.5 9.5
22.5 10.5
22.5 18.5
22.5 19.5
22.5 20.5
22.5 32.5
22.5 33.5
22.5 34.5
22.5 39.5
22.5 40.5
22.5 41.5
22.5 49.5
22.5 50.5
22.5 51.5
22.5 63.5
22.5 64.5
22.5 65.5
23.5 8.5
23.5 9.5
23.5 10.5
23.5 18.5
23.5 19.5
23.5 20.5
23.5 32.5
23.5 33.5
23.5 34.5
23.5 38.5
23.5 39.5
23.5 40.5
23.5 41.5
23.5 49.5
23.5 50.5
23.5 51.5
23.5 62.5
23.5 63.5
23.5 64.5
24.5 9.5
24.5 10.5
24.5 20.5
24.5 32.5
24.5 33.5
24.5 34.5
24.5 39.5
24.5 40.5
24.5 41.5
24.5 50.5
24.5 51.5
24.5 63.5
29.5 9.5
29.5 10.5
29.5 22.5
29.5 23.5
29.5 24.5
29.5 29.5
29.5 30.5
29.5 40.5
29.5 52.5
29.5 53.5
29.5 54.5
29.5 63.5
29.5 64.5
29.5 65.5
30.5 8.5
30.5 9.5
30.5 10.5
30.5 11.5
30.5 22.5
30.5 23.5
30.5 24.5
30.5 28.5
30.5 29.5
30.5 30.5
30.5 31.5
30.5 39.5
30.5 40.5
30.5 41.5
30.5 52.5
30.5 53.5
30.5 54.5
30.5 63.5
30.5 64.5
30.5 65.5
31.5 8.5
31.5 9.5
31.5 10.5
31.5 22.5
31.5 23.5
31.5 24.5
31.5 28.5
31.5 29.5
31.5 30.5
31.5 31.5
31.5 39.5
31.5 40.5
31.5 41.5
31.5 52.5
31.5 53.5
31.5 54.5
31.5 63.5
31.5 64.5
31.5 65.5
32.5 8.5
32.5 9.5
32.5 10.5
32.5 29.5
32.5 30.5
32.5 39.5
32.5 40.5
32.5 64.5
32.5 65.5
33.5 18.5
33.5 19.5
33.5 20.5
33.5 33.5
33.5 34.5
33.5 43.5
33.5 44.5
33.5 45.5
33.5 49.5
33.5 50.5
33.5 59.5
33.5 60.5
33.5 61.5
34.5 12.5
34.5 13.5
34.5 14.5
34.5 18.5
34.5 19.5
34.5 20.5
34.5 32.5
34.5 33.5
34.5 34.5
34.5 42.5
34.5 43.5
34.5 44.5
34.5 45.5
34.5 49.5
34.5 50.5
34.5 51.5
34.5 59.5
34.5 60.5
34.5 61.5
35.5 12.5
35.5 13.5
35.5 14.5
35.5 18.5
35.5 19.5
35.5 20.5
35.5 21.5
35.5 32.5
35.5 33.5
35.5 34.5
35.5 42.5
35.5 43.5
35.5 44.5
35.5 45.5
35.5 49.5
35.5 50.5
35.5 51.5
35.5 59.5
35.5 60.5
35.5 61.5
35.5 62.5
36.5 12.5
36.5 13.5
36.5 19.5
36.5 20.5
36.5 32.5
36.5 33.5
36.5 43.5
36.5 44.5
36.5 50.5
36.5 51.5
36.5 61.5
37.5 12.5
41.5 19.5
41.5 20.5
41.5 32.5
41.5 33.5
41.5 34.5
41.5 43.5
41.5 53.5
41.5 54.5
41.5 60.5
41.5 61.5
41.5 62.5
42.5 12.5
42.5 13.5
42.5 19.5
42.5 20.5
42.5 21.5
42.5 32.5
42.5 33.5
42.5 34.5
42.5 42.5
42.5 43.5
42.5 44.5
42.5 53.5
42.5 54.5
42.5 55.5
42.5 59.5
42.5 60.5
42.5 61.5
42.5 62.5
43.5 12.5
43.5 13.5
43.5 14.5
43.5 18.5
43.5 19.5
43.5 20.5
43.5 32.5
43.5 33.5
43.5 34.5
43.5 42.5
43.5 43.5
43.5 44.5
43.5 45.5
43.5 53.5
43.5 54.5
43.5 55.5
43.5 59.5
43.5 60.5
43.5 61.5
43.5 62.5
44.5 13.5
44.5 14.5
44.5 19.5
44.5 33.5
44.5 34.5
44.5 43.5
44.5 44.5
44.5 45.5
44.5 54.5
44.5 55.5
44.5 60.5
44.5 61.5
45.5 22.5
45.5 23.5
45.5 24.5
45.5 29.5
45.5 30.5
45.5 39.5
45.5 44.5
45.5 65.5
46.5 9.5
46.5 10.5
46.5 11.5
46.5 22.5
46.5 23.5
46.5 24.5
46.5 28.5
46.5 29.5
46.5 30.5
46.5 31.5
46.5 39.5
46.5 40.5
46.5 49.5
46.5 50.5
46.5 51.5
46.5 64.5
46.5 65.5
47.5 8.5
47.5 9.5
47.5 10.5
47.5 11.5
47.5 22.5
47.5 23.5
47.5 24.5
47.5 29.5
47.5 30.5
47.5 31.5
47.5 39.5
47.5 40.5
47.5 41.5
47.5 49.5
47.5 50.5
47.5 51.5
47.5 52.5
47.5 63.5
47.5 64.5
47.5 65.5
48.5 9.5
48.5 10.5
48.5 11.5
48.5 23.5
48.5 29.5
48.5 30.5
48.5 31.5
48.5 39.5
48.5 40.5
48.5 41.5
48.5 49.5
48.5 50.5
48.5 51.5
48.5 52.5
48.5 63.5
48.5 64.5
48.5 65.5
49.5 50.5
49.5 51.5
53.5 12.5
53.5 13.5
53.5 19.5
53.5 20.5
53.5 21.5
53.5 30.5
53.5 31.5
53.5 64.5
54.5 12.5
54.5 13.5
54.5 14.5
54.5 19.5
54.5 20.5
54.5 21.5
54.5 29.5
54.5 30.5
54.5 31.5
54.5 39.5
54.5 40.5
54.5 41.5
54.5 52.5
54.5 53.5
54.5 54.5
54.5 63.5
54.5 64.5
54.5 65.5
55.5 12.5
55.5 13.5
55.5 14.5
55.5 18.5
55.5 19.5
55.5 20.5
55.5 21.5
55.5 29.5
55.5 30.5
55.5 31.5
55.5 39.5
55.5 40.5
55.5 41.5
55.5 52.5
55.5 53.5
55.5 54.5
55.5 55.5
55.5 63.5
55.5 64.5
55.5 65.5
56.5 12.5
56.5 13.5
56.5 14.5
56.5 19.5
56.5 20.5
56.5 29.5
56.5 30.5
56.5 39.5
56.5 40.5
56.5 41.5
56.5 52.5
56.5 53.5
56.5 54.5
56.5 55.5
56.5 64.5
56.5 65.5
57.5 23.5
57.5 24.5
57.5 39.5
57.5 40.5
57.5 54.5
57.5 60.5
58.5 8.5
58.5 9.5
58.5 10.5
58.5 22.5
58.5 23.5
58.5 24.5
58.5 25.5
58.5 33.5
58.5 34.5
58.5 35.5
58.5 43.5
58.5 44.5
58.5 49.5
58.5 50.5
58.5 59.5
58.5 60.5
58.5 61.5
58.5 62.5
59.5 8.5
59.5 9.5
59.5 10.5
59.5 11.5
59.5 22.5
59.5 23.5
59.5 24.5
59.5 32.5
59.5 33.5
59.5 34.5
59.5 35.5
59.5 42.5
59.5 43.5
59.5 44.5
59.5 49.5
59.5 50.5
59.5 51.5
59.5 59.5
59.5 60.5
59.5 61.5
59.5 62.5
60.5 9.5
60.5 10.5
60.5 11.5
60.5 22.5
60.5 23.5
60.5 24.5
60.5 32.5
60.5 33.5
60.5 34.5
60.5 42.5
60.5 43.5
60.5 44.5
60.5 49.5
60.5 50.5
60.5 51.5
60.5 60.5
60.5 61.5
