8.5 8.5
8.5 17.5
8.5 22.5
8.5 33.5
8.5 39.5
9.5 8.5
9.5 39.5
9.5 50.5
9.5 55.5
10.5 50.5
10.5 55.5
14.5 30.5
15.5 30.5
15.5 41.5
16.5 41.5
16.5 62.5
17.5 17.5
17.5 47.5
27.5 41.5
28.5 9.5
28.5 10.5
28.5 41.5
28.5 64.5
29.5 33.5
29.5 47.5
29.5 64.5
30.5 20.5
30.5 54.5
35.5 12.5
35.5 39.5
35.5 50.5
36.5 17.5
36.5 31.5
36.5 39.5
36.5 61.5
37.5 17.5
37.5 26.5
37.5 31.5
47.5 9.5
48.5 50.5
49.5 41.5
49.5 62.5
50.5 16.5
50.5 25.5
50.5 41.5
50.5 62.5
51.5 34.5
55.5 47.5
56.5 19.5
56.5 47.5
57.5 19.5
57.5 27.5
57.5 38.5
