5.5 23.5
6.5 14.5
6.5 22.5
6.5 23.5
6.5 24.5
7.5 14.5
7.5 15.5
7.5 21.5
7.5 22.5
7.5 23.5
7.5 24.5
7.5 36.5
7.5 37.5
7.5 51.5
7.5 52.5
7.5 53.5
7.5 60.5
7.5 61.5
8.5 14.5
8.5 15.5
8.5 21.5
8.5 22.5
8.5 23.5
8.5 24.5
8.5 35.5
8.5 36.5
8.5 37.5
8.5 51.5
8.5 52.5
8.5 53.5
8.5 59.5
8.5 60.5
8.5 61.5
9.5 14.5
9.5 15.5
9.5 21.5
9.5 22.5
9.5 23.5
9.5 24.5
9.5 35.5
9.5 36.5
9.5 37.5
9.5 52.5
9.5 53.5
9.5 54.5
9.5 59.5
9.5 60.5
9.5 61.5
10.5 14.5
10.5 15.5
10.5 16.5
10.5 21.5
10.5 22.5
10.5 23.5
10.5 35.5
10.5 36.5
10.5 37.5
10.5 52.5
10.5 53.5
10.5 54.5
10.5 59.5
10.5 60.5
11.5 15.5
11.5 16.5
11.5 21.5
11.5 22.5
11.5 34.5
11.5 35.5
11.5 36.5
11.5 52.5
11.5 53.5
11.5 54.5
11.5 59.5
11.5 60.5
12.5 35.5
12.5 36.5
12.5 53.5
12.5 54.5
12.5 59.5
12.5 60.5
13.5 28.5
14.5 10.5
14.5 27.5
14.5 28.5
14.5 29.5
14.5 41.5
14.5 48.5
14.5 64.5
15.5 10.5
15.5 11.5
15.5 27.5
15.5 28.5
15.5 29.5
15.5 40.5
15.5 41.5
15.5 42.5
15.5 47.5
15.5 48.5
15.5 49.5
15.5 63.5
15.5 64.5
16.5 9.5
16.5 10.5
16.5 11.5
16.5 12.5
16.5 26.5
16.5 27.5
16.5 28.5
16.5 29.5
16.5 39.5
16.5 40.5
16.5 41.5
16.5 42.5
16.5 47.5
16.5 48.5
16.5 49.5
16.5 50.5
16.5 63.5
16.5 64.5
17.5 9.5
17.5 10.5
17.5 11.5
17.5 12.5
17.5 26.5
17.5 27.5
17.5 28.5
17.5 39.5
17.5 40.5
17.5 41.5
17.5 42.5
17.5 48.5
17.5 49.5
17.5 50.5
17.5 63.5
17.5 64.5
18.5 9.5
18.5 10.5
18.5 11.5
18.5 12.5
18.5 26.5
18.5 27.5
18.5 28.5
18.5 39.5
18.5 40.5
18.5 41.5
18.5 48.5
18.5 49.5
18.5 50.5
18.5 62.5
18.5 63.5
18.5 64.5
19.5 10.5
19.5 11.5
19.5 12.5
19.5 39.5
19.5 40.5
19.5 41.5
19.5 49.5
19.5 50.5
19.5 62.5
19.5 63.5
20.5 10.5
20.5 11.5
20.5 39.5
20.5 40.5
20.5 49.5
20.5 50.5
20.5 63.5
27.5 23.5
27.5 24.5
27.5 39.5
27.5 61.5
28.5 13.5
28.5 14.5
28.5 22.5
28.5 23.5
28.5 24.5
28.5 38.5
28.5 39.5
28.5 40.5
28.5 52.5
28.5 53.5
28.5 60.5
28.5 61.5
29.5 12.5
29.5 13.5
29.5 14.5
29.5 15.5
29.5 22.5
29.5 23.5
29.5 24.5
29.5 38.5
29.5 39.5
29.5 40.5
29.5 51.5
29.5 52.5
29.5 53.5
29.5 54.5
29.5 59.5
29.5 60.5
29.5 61.5
30.5 12.5
30.5 13.5
30.5 14.5
30.5 15.5
30.5 22.5
30.5 23.5
30.5 24.5
30.5 38.5
30.5 39.5
30.5 40.5
30.5 41.5
30.5 52.5
30.5 53.5
30.5 54.5
30.5 59.5
30.5 60.5
31.5 12.5
31.5 13.5
31.5 14.5
31.5 15.5
31.5 21.5
31.5 22.5
31.5 23.5
31.5 39.5
31.5 40.5
31.5 52.5
31.5 53.5
31.5 54.5
31.5 59.5
31.5 60.5
32.5 13.5
32.5 14.5
32.5 15.5
32.5 21.5
32.5 22.5
32.5 23.5
32.5 53.5
32.5 54.5
32.5 59.5
33.5 13.5
33.5 14.5
33.5 15.5
33.5 34.5
33.5 35.5
33.5 46.5
33.5 47.5
34.5 28.5
34.5 29.5
34.5 34.5
34.5 35.5
34.5 46.5
34.5 47.5
34.5 48.5
34.5 63.5
34.5 64.5
34.5 65.5
35.5 27.5
35.5 28.5
35.5 29.5
35.5 34.5
35.5 35.5
35.5 36.5
35.5 46.5
35.5 47.5
35.5 48.5
35.5 63.5
35.5 64.5
35.5 65.5
36.5 8.5
36.5 9.5
36.5 26.5
36.5 27.5
36.5 28.5
36.5 29.5
36.5 34.5
36.5 35.5
36.5 36.5
36.5 46.5
36.5 47.5
36.5 48.5
36.5 49.5
36.5 63.5
36.5 64.5
36.5 65.5
37.5 8.5
37.5 9.5
37.5 10.5
37.5 26.5
37.5 27.5
37.5 28.5
37.5 35.5
37.5 36.5
37.5 47.5
37.5 48.5
37.5 63.5
37.5 64.5
37.5 65.5
38.5 8.5
38.5 9.5
38.5 10.5
38.5 26.5
38.5 27.5
38.5 28.5
38.5 35.5
38.5 36.5
38.5 63.5
38.5 64.5
39.5 9.5
39.5 10.5
39.5 11.5
39.5 26.5
39.5 27.5
40.5 9.5
40.5 10.5
40.5 11.5
40.5 26.5
45.5 49.5
45.5 50.5
46.5 49.5
46.5 50.5
46.5 51.5
46.5 61.5
47.5 38.5
47.5 49.5
47.5 50.5
47.5 51.5
47.5 60.5
47.5 61.5
47.5 62.5
48.5 11.5
48.5 23.5
48.5 24.5
48.5 37.5
48.5 38.5
48.5 39.5
48.5 49.5
48.5 50.5
48.5 51.5
48.5 52.5
48.5 59.5
48.5 60.5
48.5 61.5
48.5 62.5
49.5 10.5
49.5 11.5
49.5 22.5
49.5 23.5
49.5 24.5
49.5 38.5
49.5 39.5
49.5 50.5
49.5 51.5
49.5 52.5
49.5 59.5
49.5 60.5
49.5 61.5
49.5 62.5
50.5 9.5
50.5 10.5
50.5 11.5
50.5 22.5
50.5 23.5
50.5 24.5
50.5 38.5
50.5 39.5
50.5 50.5
50.5 51.5
50.5 52.5
50.5 59.5
50.5 60.5
50.5 61.5
51.5 9.5
51.5 10.5
51.5 11.5
51.5 21.5
51.5 22.5
51.5 23.5
51.5 24.5
51.5 38.5
51.5 39.5
51.5 51.5
51.5 52.5
51.5 59.5
51.5 60.5
51.5 61.5
52.5 9.5
52.5 10.5
52.5 21.5
52.5 22.5
52.5 23.5
52.5 38.5
52.5 39.5
52.5 52.5
52.5 59.5
52.5 60.5
53.5 21.5
53.5 22.5
53.5 39.5
53.5 45.5
54.5 15.5
54.5 45.5
54.5 46.5
54.5 65.5
54.5 66.5
55.5 14.5
55.5 15.5
55.5 16.5
55.5 28.5
55.5 29.5
55.5 35.5
55.5 45.5
55.5 46.5
55.5 47.5
55.5 64.5
55.5 65.5
55.5 66.5
56.5 14.5
56.5 15.5
56.5 27.5
56.5 28.5
56.5 29.5
56.5 30.5
56.5 35.5
56.5 36.5
56.5 45.5
56.5 46.5
56.5 47.5
56.5 64.5
56.5 65.5
56.5 66.5
57.5 13.5
57.5 14.5
57.5 15.5
57.5 27.5
57.5 28.5
57.5 29.5
57.5 30.5
57.5 35.5
57.5 36.5
57.5 45.5
57.5 46.5
57.5 47.5
57.5 63.5
57.5 64.5
57.5 65.5
57.5 66.5
58.5 13.5
58.5 14.5
58.5 15.5
58.5 26.5
58.5 27.5
58.5 28.5
58.5 29.5
58.5 35.5
58.5 36.5
58.5 45.5
58.5 46.5
58.5 47.5
58.5 48.5
58.5 63.5
58.5 64.5
58.5 65.5
59.5 13.5
59.5 14.5
59.5 26.5
59.5 27.5
59.5 28.5
59.5 29.5
59.5 36.5
59.5 37.5
59.5 46.5
59.5 47.5
59.5 48.5
59.5 63.5
59.5 64.5
59.5 65.5
60.5 26.5
60.5 27.5
60.5 28.5
60.5 36.5
60.5 37.5
60.5 47.5
60.5 48.5
60.5 63.5
60.5 64.5
61.5 37.5
