5.5 11.5
5.5 20.5
5.5 29.5
5.5 37.5
5.5 63.5
5.5 64.5
6.5 11.5
6.5 12.5
6.5 20.5
6.5 21.5
6.5 29.5
6.5 30.5
6.5 36.5
6.5 37.5
6.5 44.5
6.5 52.5
6.5 53.5
6.5 63.5
6.5 64.5
7.5 11.5
7.5 12.5
7.5 20.5
7.5 21.5
7.5 30.5
7.5 31.5
7.5 35.5
7.5 36.5
7.5 37.5
7.5 44.5
7.5 51.5
7.5 52.5
7.5 53.5
7.5 64.5
7.5 65.5
8.5 12.5
8.5 20.5
8.5 21.5
8.5 30.5
8.5 31.5
8.5 35.5
8.5 36.5
8.5 44.5
8.5 51.5
8.5 52.5
8.5 53.5
8.5 64.5
8.5 65.5
9.5 12.5
9.5 20.5
9.5 21.5
9.5 26.5
9.5 35.5
9.5 43.5
9.5 51.5
9.5 52.5
9.5 64.5
9.5 65.5
10.5 8.5
10.5 21.5
10.5 26.5
10.5 27.5
10.5 39.5
10.5 40.5
10.5 43.5
10.5 51.5
10.5 52.5
10.5 65.5
11.5 8.5
11.5 9.5
11.5 16.5
11.5 17.5
11.5 26.5
11.5 27.5
11.5 39.5
11.5 40.5
11.5 46.5
11.5 47.5
11.5 56.5
11.5 60.5
11.5 61.5
12.5 8.5
12.5 9.5
12.5 16.5
12.5 17.5
12.5 26.5
12.5 27.5
12.5 38.5
12.5 39.5
12.5 46.5
12.5 47.5
12.5 56.5
12.5 60.5
12.5 61.5
13.5 8.5
13.5 9.5
13.5 17.5
13.5 26.5
13.5 27.5
13.5 38.5
13.5 39.5
13.5 46.5
13.5 47.5
13.5 55.5
13.5 56.5
13.5 61.5
13.5 62.5
14.5 9.5
14.5 17.5
14.5 18.5
14.5 27.5
14.5 38.5
14.5 46.5
14.5 47.5
14.5 55.5
14.5 56.5
14.5 61.5
14.5 62.5
15.5 9.5
15.5 17.5
15.5 18.5
15.5 46.5
15.5 55.5
15.5 61.5
15.5 62.5
16.5 55.5
16.5 62.5
20.5 28.5
20.5 29.5
20.5 36.5
20.5 37.5
20.5 46.5
20.5 47.5
21.5 9.5
21.5 17.5
21.5 28.5
21.5 29.5
21.5 30.5
21.5 35.5
21.5 36.5
21.5 46.5
21.5 47.5
21.5 53.5
21.5 63.5
21.5 64.5
22.5 9.5
22.5 17.5
22.5 28.5
22.5 29.5
22.5 30.5
22.5 35.5
22.5 36.5
22.5 46.5
22.5 47.5
22.5 52.5
22.5 53.5
22.5 63.5
22.5 64.5
23.5 8.5
23.5 9.5
23.5 16.5
23.5 17.5
23.5 29.5
23.5 30.5
23.5 35.5
23.5 36.5
23.5 47.5
23.5 52.5
23.5 64.5
23.5 65.5
24.5 8.5
24.5 9.5
24.5 16.5
24.5 17.5
24.5 29.5
24.5 30.5
24.5 35.5
24.5 47.5
24.5 51.5
24.5 64.5
24.5 65.5
25.5 8.5
25.5 16.5
25.5 30.5
25.5 35.5
25.5 40.5
25.5 44.5
25.5 65.5
26.5 12.5
26.5 20.5
26.5 21.5
26.5 25.5
26.5 39.5
26.5 40.5
26.5 44.5
26.5 55.5
26.5 60.5
27.5 12.5
27.5 20.5
27.5 25.5
27.5 26.5
27.5 39.5
27.5 40.5
27.5 44.5
27.5 54.5
27.5 55.5
27.5 60.5
27.5 61.5
28.5 11.5
28.5 12.5
28.5 19.5
28.5 20.5
28.5 25.5
28.5 26.5
28.5 38.5
28.5 39.5
28.5 44.5
28.5 53.5
28.5 54.5
28.5 55.5
28.5 60.5
28.5 61.5
28.5 62.5
29.5 11.5
29.5 12.5
29.5 19.5
29.5 20.5
29.5 26.5
29.5 27.5
29.5 38.5
29.5 39.5
29.5 53.5
29.5 54.5
29.5 61.5
29.5 62.5
30.5 19.5
30.5 27.5
30.5 38.5
35.5 18.5
35.5 46.5
35.5 51.5
35.5 52.5
35.5 63.5
36.5 12.5
36.5 17.5
36.5 18.5
36.5 27.5
36.5 37.5
36.5 46.5
36.5 51.5
36.5 52.5
36.5 63.5
36.5 64.5
37.5 12.5
37.5 17.5
37.5 18.5
37.5 27.5
37.5 36.5
37.5 37.5
37.5 46.5
37.5 51.5
37.5 52.5
37.5 63.5
37.5 64.5
37.5 65.5
38.5 12.5
38.5 13.5
38.5 17.5
38.5 26.5
38.5 27.5
38.5 36.5
38.5 37.5
38.5 46.5
38.5 47.5
38.5 51.5
38.5 52.5
38.5 64.5
38.5 65.5
39.5 13.5
39.5 17.5
39.5 26.5
39.5 27.5
39.5 35.5
39.5 36.5
39.5 47.5
39.5 50.5
39.5 51.5
39.5 65.5
40.5 9.5
40.5 26.5
40.5 27.5
40.5 36.5
40.5 40.5
40.5 47.5
40.5 51.5
41.5 9.5
41.5 21.5
41.5 26.5
41.5 31.5
41.5 40.5
41.5 43.5
41.5 44.5
41.5 55.5
41.5 56.5
41.5 60.5
41.5 61.5
42.5 9.5
42.5 10.5
42.5 20.5
42.5 21.5
42.5 31.5
42.5 39.5
42.5 43.5
42.5 44.5
42.5 55.5
42.5 56.5
42.5 60.5
42.5 61.5
43.5 9.5
43.5 10.5
43.5 20.5
43.5 21.5
43.5 30.5
43.5 31.5
43.5 39.5
43.5 43.5
43.5 44.5
43.5 54.5
43.5 55.5
43.5 61.5
43.5 62.5
44.5 9.5
44.5 10.5
44.5 20.5
44.5 21.5
44.5 30.5
44.5 31.5
44.5 38.5
44.5 39.5
44.5 43.5
44.5 44.5
44.5 54.5
44.5 55.5
44.5 61.5
44.5 62.5
45.5 10.5
45.5 20.5
45.5 21.5
45.5 30.5
45.5 38.5
45.5 44.5
45.5 54.5
45.5 62.5
46.5 30.5
50.5 11.5
51.5 11.5
51.5 12.5
51.5 18.5
51.5 19.5
51.5 30.5
51.5 38.5
51.5 44.5
51.5 53.5
51.5 62.5
51.5 63.5
52.5 11.5
52.5 12.5
52.5 18.5
52.5 19.5
52.5 30.5
52.5 31.5
52.5 38.5
52.5 43.5
52.5 44.5
52.5 53.5
52.5 62.5
52.5 63.5
53.5 11.5
53.5 12.5
53.5 17.5
53.5 18.5
53.5 19.5
53.5 30.5
53.5 31.5
53.5 38.5
53.5 43.5
53.5 52.5
53.5 53.5
53.5 61.5
53.5 62.5
54.5 12.5
54.5 17.5
54.5 18.5
54.5 30.5
54.5 31.5
54.5 38.5
54.5 39.5
54.5 42.5
54.5 43.5
54.5 52.5
54.5 53.5
54.5 61.5
54.5 62.5
55.5 17.5
55.5 31.5
55.5 39.5
55.5 42.5
55.5 43.5
55.5 52.5
55.5 53.5
55.5 61.5
56.5 8.5
56.5 9.5
56.5 22.5
56.5 31.5
56.5 35.5
56.5 36.5
56.5 47.5
56.5 48.5
56.5 57.5
56.5 65.5
57.5 8.5
57.5 9.5
57.5 21.5
57.5 22.5
57.5 27.5
57.5 36.5
57.5 46.5
57.5 47.5
57.5 48.5
57.5 56.5
57.5 57.5
57.5 65.5
58.5 9.5
58.5 10.5
58.5 21.5
58.5 22.5
58.5 27.5
58.5 28.5
58.5 36.5
58.5 46.5
58.5 47.5
58.5 56.5
58.5 57.5
58.5 64.5
58.5 65.5
59.5 9.5
59.5 10.5
59.5 20.5
59.5 21.5
59.5 27.5
59.5 28.5
59.5 36.5
59.5 46.5
59.5 47.5
59.5 56.5
59.5 57.5
59.5 64.5
59.5 65.5
60.5 20.5
60.5 21.5
60.5 27.5
60.5 28.5
60.5 36.5
60.5 46.5
60.5 56.5
60.5 64.5
61.5 28.5
