5.5 35.5
5.5 36.5
6.5 35.5
6.5 36.5
6.5 61.5
6.5 62.5
7.5 20.5
7.5 62.5
8.5 19.5
8.5 20.5
8.5 42.5
8.5 54.5
8.5 55.5
9.5 19.5
9.5 20.5
9.5 42.5
9.5 43.5
9.5 54.5
9.5 55.5
10.5 19.5
10.5 20.5
10.5 28.5
13.5 12.5
13.5 13.5
14.5 12.5
14.5 13.5
14.5 42.5
14.5 43.5
14.5 44.5
14.5 61.5
14.5 62.5
15.5 12.5
16.5 55.5
16.5 56.5
17.5 55.5
17.5 56.5
18.5 35.5
18.5 36.5
19.5 27.5
19.5 35.5
19.5 36.5
20.5 35.5
20.5 36.5
21.5 12.5
22.5 12.5
22.5 13.5
22.5 55.5
22.5 56.5
23.5 12.5
23.5 55.5
23.5 56.5
24.5 19.5
24.5 56.5
25.5 18.5
25.5 19.5
26.5 19.5
26.5 39.5
26.5 40.5
27.5 39.5
27.5 40.5
27.5 41.5
27.5 61.5
27.5 62.5
28.5 39.5
28.5 40.5
28.5 41.5
28.5 61.5
28.5 62.5
29.5 40.5
29.5 41.5
29.5 47.5
29.5 48.5
29.5 62.5
29.5 63.5
31.5 19.5
31.5 20.5
32.5 19.5
32.5 20.5
33.5 32.5
33.5 33.5
34.5 32.5
34.5 33.5
35.5 12.5
35.5 13.5
36.5 12.5
36.5 13.5
36.5 62.5
37.5 61.5
37.5 62.5
37.5 63.5
38.5 55.5
39.5 38.5
39.5 39.5
39.5 54.5
39.5 55.5
39.5 56.5
40.5 54.5
40.5 55.5
41.5 19.5
41.5 20.5
42.5 18.5
42.5 19.5
42.5 20.5
42.5 32.5
42.5 33.5
43.5 19.5
43.5 32.5
43.5 33.5
44.5 10.5
44.5 11.5
44.5 12.5
44.5 33.5
46.5 60.5
46.5 61.5
47.5 60.5
47.5 61.5
48.5 39.5
48.5 40.5
49.5 39.5
49.5 40.5
49.5 53.5
50.5 9.5
50.5 10.5
50.5 39.5
50.5 40.5
50.5 53.5
50.5 54.5
51.5 9.5
51.5 10.5
51.5 53.5
51.5 54.5
52.5 9.5
52.5 10.5
54.5 33.5
55.5 33.5
55.5 34.5
56.5 33.5
56.5 34.5
56.5 61.5
57.5 61.5
57.5 62.5
58.5 18.5
58.5 19.5
59.5 18.5
59.5 19.5
60.5 40.5
60.5 41.5
60.5 53.5
60.5 54.5
60.5 55.5
61.5 40.5
61.5 54.5
61.5 55.5
