5.5 14.5
5.5 27.5
5.5 35.5
5.5 36.5
5.5 62.5
5.5 63.5
6.5 13.5
6.5 14.5
6.5 15.5
6.5 26.5
6.5 27.5
6.5 28.5
6.5 34.5
6.5 35.5
6.5 36.5
6.5 46.5
6.5 47.5
6.5 48.5
6.5 61.5
6.5 62.5
6.5 63.5
7.5 27.5
7.5 35.5
7.5 46.5
7.5 47.5
7.5 61.5
7.5 62.5
7.5 63.5
9.5 9.5
9.5 10.5
9.5 11.5
9.5 22.5
9.5 23.5
9.5 39.5
9.5 40.5
10.5 9.5
10.5 10.5
10.5 11.5
10.5 22.5
10.5 23.5
10.5 39.5
10.5 40.5
10.5 50.5
10.5 51.5
10.5 57.5
10.5 58.5
11.5 39.5
11.5 40.5
11.5 51.5
11.5 57.5
11.5 58.5
17.5 9.5
17.5 10.5
17.5 11.5
17.5 22.5
17.5 23.5
17.5 35.5
17.5 36.5
17.5 51.5
18.5 9.5
18.5 10.5
18.5 11.5
18.5 22.5
18.5 23.5
18.5 34.5
18.5 35.5
18.5 36.5
18.5 50.5
18.5 51.5
18.5 57.5
18.5 58.5
19.5 51.5
19.5 57.5
19.5 58.5
21.5 13.5
21.5 14.5
21.5 15.5
21.5 26.5
21.5 27.5
21.5 39.5
21.5 40.5
21.5 41.5
21.5 47.5
21.5 62.5
22.5 14.5
22.5 15.5
22.5 26.5
22.5 27.5
22.5 39.5
22.5 40.5
22.5 41.5
22.5 47.5
22.5 48.5
22.5 61.5
22.5 62.5
22.5 63.5
23.5 40.5
23.5 61.5
23.5 62.5
29.5 14.5
29.5 15.5
29.5 22.5
29.5 23.5
29.5 39.5
29.5 40.5
29.5 50.5
29.5 62.5
30.5 14.5
30.5 15.5
30.5 22.5
30.5 23.5
30.5 38.5
30.5 39.5
30.5 40.5
30.5 50.5
30.5 51.5
30.5 61.5
30.5 62.5
30.5 63.5
31.5 14.5
31.5 15.5
31.5 22.5
31.5 23.5
31.5 39.5
31.5 40.5
31.5 50.5
31.5 51.5
31.5 61.5
31.5 62.5
33.5 57.5
34.5 10.5
34.5 11.5
34.5 26.5
34.5 27.5
34.5 34.5
34.5 35.5
34.5 46.5
34.5 47.5
34.5 48.5
34.5 56.5
34.5 57.5
34.5 58.5
35.5 10.5
35.5 11.5
35.5 25.5
35.5 26.5
35.5 27.5
35.5 33.5
35.5 34.5
35.5 35.5
35.5 46.5
35.5 47.5
35.5 57.5
35.5 58.5
36.5 26.5
42.5 14.5
42.5 15.5
42.5 22.5
42.5 23.5
42.5 38.5
42.5 39.5
42.5 46.5
42.5 47.5
42.5 57.5
42.5 58.5
43.5 14.5
43.5 15.5
43.5 22.5
43.5 23.5
43.5 38.5
43.5 39.5
43.5 46.5
43.5 47.5
43.5 57.5
43.5 58.5
44.5 14.5
44.5 22.5
44.5 38.5
44.5 39.5
46.5 10.5
46.5 26.5
46.5 33.5
46.5 34.5
46.5 49.5
46.5 50.5
46.5 51.5
46.5 61.5
46.5 62.5
46.5 63.5
47.5 9.5
47.5 10.5
47.5 11.5
47.5 25.5
47.5 26.5
47.5 33.5
47.5 34.5
47.5 35.5
47.5 49.5
47.5 50.5
47.5 51.5
47.5 61.5
47.5 62.5
47.5 63.5
48.5 9.5
48.5 10.5
48.5 34.5
48.5 62.5
54.5 10.5
54.5 22.5
54.5 23.5
54.5 38.5
54.5 39.5
54.5 46.5
54.5 58.5
54.5 59.5
55.5 9.5
55.5 10.5
55.5 11.5
55.5 22.5
55.5 23.5
55.5 37.5
55.5 38.5
55.5 39.5
55.5 46.5
55.5 47.5
55.5 58.5
55.5 59.5
56.5 10.5
56.5 11.5
56.5 22.5
56.5 38.5
56.5 39.5
56.5 46.5
56.5 47.5
58.5 15.5
58.5 62.5
58.5 63.5
58.5 64.5
59.5 14.5
59.5 15.5
59.5 16.5
59.5 25.5
59.5 26.5
59.5 27.5
59.5 33.5
59.5 34.5
59.5 35.5
59.5 50.5
59.5 51.5
59.5 62.5
59.5 63.5
59.5 64.5
60.5 14.5
60.5 15.5
60.5 25.5
60.5 26.5
60.5 27.5
60.5 33.5
60.5 34.5
60.5 35.5
60.5 50.5
60.5 51.5
60.5 63.5
