2.5 11.5
2.5 12.5
3.5 17.5
3.5 18.5
3.5 56.5
3.5 57.5
3.5 62.5
4.5 16.5
4.5 17.5
4.5 31.5
4.5 43.5
4.5 57.5
4.5 62.5
4.5 63.5
5.5 8.5
5.5 30.5
5.5 43.5
5.5 44.5
6.5 8.5
6.5 26.5
6.5 27.5
7.5 8.5
7.5 47.5
7.5 53.5
8.5 35.5
10.5 47.5
10.5 62.5
10.5 63.5
10.5 64.5
11.5 10.5
11.5 11.5
11.5 19.5
11.5 20.5
11.5 21.5
11.5 25.5
11.5 26.5
11.5 37.5
11.5 46.5
11.5 47.5
11.5 53.5
12.5 10.5
12.5 26.5
13.5 43.5
13.5 56.5
14.5 7.5
14.5 35.5
14.5 36.5
14.5 56.5
15.5 6.5
15.5 7.5
15.5 16.5
15.5 28.5
15.5 29.5
15.5 34.5
15.5 35.5
15.5 56.5
15.5 61.5
16.5 29.5
17.5 29.5
18.5 43.5
18.5 44.5
19.5 39.5
19.5 45.5
19.5 52.5
19.5 53.5
19.5 62.5
20.5 8.5
20.5 28.5
20.5 38.5
20.5 53.5
20.5 54.5
21.5 16.5
21.5 17.5
21.5 28.5
22.5 25.5
22.5 35.5
22.5 47.5
22.5 48.5
22.5 56.5
22.5 57.5
22.5 63.5
23.5 11.5
23.5 12.5
23.5 20.5
23.5 25.5
23.5 35.5
24.5 21.5
25.5 57.5
26.5 30.5
26.5 36.5
26.5 57.5
26.5 62.5
27.5 30.5
27.5 36.5
27.5 46.5
28.5 12.5
28.5 21.5
28.5 52.5
28.5 53.5
29.5 9.5
29.5 21.5
29.5 27.5
29.5 39.5
29.5 44.5
30.5 9.5
30.5 27.5
30.5 40.5
30.5 64.5
31.5 8.5
31.5 18.5
31.5 27.5
32.5 54.5
33.5 54.5
33.5 55.5
34.5 8.5
34.5 26.5
34.5 27.5
34.5 46.5
34.5 55.5
34.5 61.5
34.5 62.5
35.5 8.5
35.5 17.5
35.5 27.5
35.5 39.5
36.5 12.5
36.5 18.5
36.5 19.5
37.5 12.5
37.5 30.5
37.5 50.5
37.5 51.5
37.5 63.5
38.5 12.5
38.5 21.5
38.5 30.5
38.5 31.5
38.5 36.5
38.5 37.5
38.5 44.5
38.5 63.5
39.5 31.5
39.5 36.5
41.5 9.5
41.5 63.5
42.5 9.5
42.5 52.5
42.5 63.5
43.5 30.5
43.5 44.5
44.5 12.5
44.5 26.5
44.5 39.5
44.5 45.5
44.5 48.5
44.5 60.5
45.5 17.5
45.5 26.5
45.5 48.5
46.5 37.5
48.5 9.5
48.5 10.5
48.5 56.5
48.5 61.5
49.5 30.5
49.5 39.5
50.5 17.5
50.5 29.5
50.5 30.5
50.5 39.5
50.5 47.5
50.5 48.5
50.5 49.5
51.5 12.5
51.5 29.5
51.5 52.5
51.5 53.5
51.5 63.5
51.5 64.5
52.5 13.5
52.5 36.5
52.5 37.5
52.5 53.5
52.5 54.5
53.5 36.5
53.5 44.5
54.5 21.5
54.5 22.5
54.5 28.5
55.5 21.5
55.5 27.5
55.5 28.5
56.5 55.5
56.5 61.5
57.5 47.5
57.5 55.5
57.5 61.5
58.5 11.5
58.5 12.5
58.5 43.5
59.5 22.5
59.5 33.5
59.5 43.5
59.5 52.5
59.5 65.5
60.5 17.5
60.5 65.5
61.5 7.5
61.5 8.5
61.5 9.5
61.5 17.5
62.5 33.5
62.5 40.5
63.5 28.5
63.5 40.5
