4.5 46.5
5.5 29.5
5.5 39.5
5.5 52.5
6.5 12.5
6.5 21.5
6.5 62.5
7.5 35.5
8.5 9.5
8.5 26.5
8.5 35.5
8.5 65.5
9.5 18.5
9.5 55.5
13.5 8.5
13.5 18.5
13.5 34.5
14.5 28.5
14.5 52.5
14.5 65.5
17.5 22.5
17.5 26.5
17.5 37.5
17.5 38.5
20.5 12.5
21.5 12.5
21.5 19.5
22.5 52.5
22.5 64.5
23.5 29.5
23.5 34.5
23.5 64.5
24.5 9.5
25.5 21.5
26.5 38.5
26.5 55.5
26.5 61.5
30.5 12.5
30.5 17.5
31.5 26.5
31.5 37.5
31.5 43.5
31.5 62.5
33.5 20.5
33.5 35.5
33.5 53.5
33.5 65.5
34.5 8.5
34.5 46.5
35.5 47.5
35.5 56.5
39.5 17.5
40.5 11.5
40.5 17.5
40.5 26.5
40.5 35.5
40.5 44.5
40.5 55.5
42.5 38.5
42.5 61.5
43.5 20.5
43.5 29.5
43.5 48.5
48.5 39.5
48.5 48.5
48.5 61.5
49.5 29.5
49.5 38.5
51.5 44.5
52.5 12.5
52.5 35.5
52.5 55.5
53.5 21.5
57.5 9.5
57.5 35.5
57.5 46.5
57.5 55.5
57.5 65.5
58.5 21.5
60.5 18.5
60.5 27.5
60.5 38.5
60.5 43.5
60.5 52.5
60.5 61.5
61.5 12.5
61.5 17.5
