3.5 9.5
3.5 17.5
3.5 18.5
3.5 27.5
3.5 45.5
3.5 53.5
3.5 63.5
4.5 8.5
4.5 16.5
4.5 17.5
4.5 28.5
4.5 29.5
4.5 38.5
4.5 42.5
4.5 43.5
4.5 44.5
4.5 52.5
4.5 53.5
4.5 60.5
4.5 61.5
4.5 62.5
5.5 7.5
5.5 21.5
5.5 24.5
5.5 29.5
5.5 30.5
5.5 39.5
5.5 48.5
5.5 49.5
5.5 52.5
5.5 59.5
5.5 60.5
6.5 7.5
6.5 11.5
6.5 12.5
6.5 13.5
6.5 20.5
6.5 25.5
6.5 30.5
6.5 31.5
6.5 37.5
6.5 45.5
6.5 46.5
6.5 47.5
6.5 48.5
6.5 56.5
6.5 57.5
6.5 65.5
6.5 66.5
7.5 9.5
7.5 10.5
7.5 11.5
7.5 20.5
7.5 25.5
7.5 26.5
7.5 34.5
7.5 35.5
7.5 36.5
7.5 54.5
7.5 55.5
7.5 56.5
7.5 65.5
8.5 9.5
8.5 26.5
8.5 33.5
8.5 65.5
9.5 45.5
9.5 65.5
10.5 20.5
10.5 35.5
10.5 46.5
10.5 47.5
10.5 55.5
11.5 9.5
11.5 10.5
11.5 21.5
11.5 25.5
11.5 26.5
11.5 27.5
11.5 35.5
11.5 36.5
11.5 37.5
11.5 47.5
11.5 48.5
11.5 55.5
11.5 56.5
11.5 57.5
12.5 7.5
12.5 8.5
12.5 9.5
12.5 22.5
12.5 25.5
12.5 26.5
12.5 36.5
12.5 37.5
12.5 38.5
12.5 42.5
12.5 43.5
12.5 48.5
12.5 49.5
12.5 57.5
12.5 58.5
12.5 62.5
12.5 63.5
12.5 64.5
13.5 6.5
13.5 13.5
13.5 14.5
13.5 17.5
13.5 18.5
13.5 37.5
13.5 38.5
13.5 39.5
13.5 43.5
13.5 44.5
13.5 52.5
13.5 53.5
13.5 61.5
13.5 62.5
14.5 12.5
14.5 13.5
14.5 17.5
14.5 18.5
14.5 19.5
14.5 28.5
14.5 43.5
14.5 44.5
14.5 53.5
14.5 54.5
15.5 11.5
15.5 12.5
15.5 19.5
15.5 20.5
15.5 28.5
15.5 32.5
15.5 33.5
15.5 44.5
15.5 45.5
15.5 54.5
15.5 55.5
15.5 64.5
15.5 65.5
15.5 66.5
16.5 10.5
16.5 11.5
16.5 28.5
16.5 33.5
16.5 34.5
16.5 35.5
16.5 45.5
16.5 63.5
17.5 35.5
18.5 19.5
18.5 27.5
18.5 55.5
18.5 63.5
19.5 11.5
19.5 20.5
19.5 21.5
19.5 26.5
19.5 45.5
19.5 46.5
19.5 55.5
19.5 56.5
19.5 62.5
19.5 63.5
20.5 13.5
20.5 20.5
20.5 21.5
20.5 22.5
20.5 26.5
20.5 34.5
20.5 35.5
20.5 45.5
20.5 46.5
20.5 47.5
20.5 48.5
20.5 57.5
20.5 61.5
20.5 62.5
21.5 7.5
21.5 8.5
21.5 9.5
21.5 16.5
21.5 21.5
21.5 22.5
21.5 25.5
21.5 32.5
21.5 33.5
21.5 34.5
21.5 51.5
21.5 52.5
21.5 60.5
22.5 6.5
22.5 7.5
22.5 8.5
22.5 9.5
22.5 10.5
22.5 17.5
22.5 29.5
22.5 42.5
22.5 52.5
22.5 53.5
22.5 54.5
22.5 64.5
22.5 65.5
23.5 18.5
23.5 28.5
23.5 37.5
23.5 38.5
23.5 39.5
23.5 42.5
23.5 43.5
23.5 54.5
23.5 63.5
23.5 64.5
24.5 27.5
24.5 35.5
24.5 36.5
24.5 37.5
24.5 44.5
25.5 10.5
26.5 8.5
26.5 9.5
26.5 18.5
26.5 52.5
26.5 53.5
26.5 63.5
27.5 12.5
27.5 13.5
27.5 18.5
27.5 19.5
27.5 26.5
27.5 27.5
27.5 44.5
27.5 45.5
27.5 53.5
27.5 54.5
27.5 55.5
27.5 63.5
28.5 13.5
28.5 14.5
28.5 18.5
28.5 19.5
28.5 25.5
28.5 26.5
28.5 33.5
28.5 34.5
28.5 35.5
28.5 36.5
28.5 45.5
28.5 46.5
28.5 47.5
28.5 49.5
28.5 54.5
28.5 55.5
28.5 56.5
28.5 63.5
28.5 64.5
29.5 13.5
29.5 14.5
29.5 19.5
29.5 23.5
29.5 29.5
29.5 30.5
29.5 50.5
29.5 59.5
29.5 64.5
30.5 22.5
30.5 29.5
30.5 37.5
30.5 38.5
30.5 39.5
30.5 42.5
30.5 43.5
30.5 50.5
30.5 51.5
30.5 59.5
30.5 60.5
30.5 65.5
31.5 21.5
31.5 36.5
31.5 44.5
31.5 51.5
31.5 59.5
31.5 60.5
31.5 61.5
32.5 12.5
32.5 60.5
32.5 61.5
33.5 6.5
33.5 12.5
33.5 13.5
33.5 29.5
33.5 37.5
33.5 45.5
34.5 8.5
34.5 9.5
34.5 13.5
34.5 14.5
34.5 21.5
34.5 30.5
34.5 36.5
34.5 44.5
34.5 45.5
34.5 51.5
35.5 9.5
35.5 21.5
35.5 30.5
35.5 31.5
35.5 35.5
35.5 36.5
35.5 43.5
35.5 44.5
35.5 51.5
36.5 9.5
36.5 17.5
36.5 21.5
36.5 31.5
36.5 35.5
36.5 41.5
36.5 47.5
36.5 51.5
36.5 59.5
36.5 60.5
36.5 61.5
37.5 9.5
37.5 17.5
37.5 18.5
37.5 21.5
37.5 24.5
37.5 25.5
37.5 26.5
37.5 39.5
37.5 40.5
37.5 47.5
37.5 51.5
37.5 55.5
37.5 58.5
37.5 59.5
37.5 60.5
37.5 61.5
38.5 18.5
38.5 25.5
38.5 26.5
38.5 27.5
38.5 28.5
38.5 38.5
38.5 39.5
38.5 47.5
38.5 48.5
38.5 51.5
38.5 55.5
38.5 66.5
39.5 27.5
39.5 28.5
39.5 29.5
39.5 37.5
39.5 47.5
39.5 48.5
39.5 55.5
39.5 64.5
39.5 65.5
40.5 10.5
40.5 54.5
40.5 55.5
40.5 62.5
40.5 63.5
41.5 11.5
41.5 12.5
41.5 15.5
41.5 16.5
41.5 39.5
42.5 12.5
42.5 13.5
42.5 16.5
42.5 17.5
42.5 18.5
42.5 38.5
42.5 39.5
42.5 47.5
43.5 27.5
43.5 28.5
43.5 29.5
43.5 30.5
43.5 38.5
43.5 48.5
43.5 54.5
43.5 62.5
43.5 63.5
44.5 7.5
44.5 8.5
44.5 20.5
44.5 33.5
44.5 37.5
44.5 38.5
44.5 49.5
44.5 55.5
44.5 56.5
44.5 63.5
44.5 64.5
44.5 65.5
44.5 66.5
45.5 8.5
45.5 9.5
45.5 19.5
45.5 22.5
45.5 23.5
45.5 24.5
45.5 25.5
45.5 33.5
45.5 37.5
45.5 38.5
45.5 43.5
45.5 44.5
45.5 45.5
45.5 59.5
46.5 9.5
46.5 10.5
46.5 18.5
46.5 19.5
46.5 24.5
46.5 25.5
46.5 26.5
46.5 34.5
46.5 37.5
46.5 42.5
46.5 43.5
46.5 44.5
46.5 45.5
46.5 52.5
46.5 53.5
46.5 60.5
46.5 61.5
47.5 34.5
47.5 41.5
47.5 42.5
47.5 43.5
47.5 61.5
47.5 62.5
49.5 17.5
49.5 26.5
49.5 27.5
49.5 54.5
50.5 9.5
50.5 10.5
50.5 11.5
50.5 12.5
50.5 17.5
50.5 24.5
50.5 25.5
50.5 30.5
50.5 33.5
50.5 55.5
50.5 56.5
50.5 59.5
50.5 60.5
50.5 61.5
51.5 11.5
51.5 12.5
51.5 13.5
51.5 14.5
51.5 16.5
51.5 17.5
51.5 29.5
51.5 34.5
51.5 42.5
51.5 43.5
51.5 44.5
52.5 20.5
52.5 21.5
52.5 28.5
52.5 40.5
52.5 41.5
52.5 49.5
52.5 53.5
53.5 8.5
53.5 19.5
53.5 20.5
53.5 36.5
53.5 37.5
53.5 46.5
53.5 47.5
53.5 48.5
53.5 49.5
53.5 54.5
53.5 63.5
53.5 64.5
53.5 65.5
53.5 66.5
54.5 9.5
54.5 10.5
55.5 10.5
55.5 11.5
55.5 28.5
55.5 35.5
56.5 7.5
56.5 28.5
56.5 29.5
56.5 34.5
56.5 35.5
56.5 56.5
57.5 7.5
57.5 19.5
57.5 20.5
57.5 21.5
57.5 29.5
57.5 33.5
57.5 34.5
57.5 44.5
57.5 45.5
57.5 46.5
57.5 47.5
57.5 56.5
57.5 62.5
57.5 63.5
57.5 64.5
58.5 7.5
58.5 18.5
58.5 19.5
58.5 20.5
58.5 24.5
58.5 25.5
58.5 29.5
58.5 32.5
58.5 46.5
58.5 47.5
58.5 48.5
58.5 49.5
58.5 57.5
58.5 61.5
58.5 62.5
58.5 63.5
59.5 12.5
59.5 15.5
59.5 24.5
59.5 25.5
59.5 38.5
59.5 39.5
59.5 40.5
59.5 42.5
59.5 57.5
59.5 60.5
59.5 61.5
60.5 9.5
60.5 12.5
60.5 15.5
60.5 16.5
60.5 25.5
60.5 26.5
60.5 35.5
60.5 36.5
60.5 37.5
60.5 38.5
60.5 39.5
60.5 43.5
60.5 51.5
60.5 52.5
60.5 53.5
60.5 54.5
60.5 66.5
60.5 67.5
61.5 9.5
61.5 10.5
61.5 16.5
61.5 17.5
61.5 26.5
61.5 44.5
61.5 53.5
61.5 54.5
61.5 55.5
61.5 65.5
61.5 66.5
62.5 10.5
62.5 17.5
62.5 64.5
62.5 65.5
63.5 64.5
