4.5 41.5
4.5 42.5
4.5 58.5
5.5 12.5
5.5 40.5
5.5 41.5
5.5 42.5
5.5 57.5
5.5 58.5
6.5 10.5
6.5 11.5
6.5 12.5
6.5 29.5
6.5 30.5
6.5 39.5
6.5 40.5
6.5 41.5
6.5 56.5
6.5 57.5
6.5 58.5
7.5 10.5
7.5 11.5
7.5 30.5
7.5 31.5
7.5 39.5
7.5 55.5
7.5 56.5
7.5 57.5
8.5 9.5
8.5 10.5
8.5 31.5
8.5 32.5
8.5 55.5
8.5 56.5
9.5 46.5
9.5 47.5
10.5 46.5
10.5 47.5
11.5 25.5
11.5 45.5
11.5 46.5
11.5 47.5
11.5 64.5
12.5 15.5
12.5 16.5
12.5 17.5
12.5 25.5
12.5 26.5
12.5 27.5
12.5 45.5
12.5 46.5
12.5 62.5
12.5 63.5
12.5 64.5
13.5 14.5
13.5 15.5
13.5 16.5
13.5 17.5
13.5 25.5
13.5 26.5
13.5 27.5
13.5 45.5
13.5 61.5
13.5 62.5
13.5 63.5
14.5 14.5
14.5 15.5
14.5 16.5
14.5 27.5
14.5 28.5
14.5 61.5
14.5 62.5
15.5 61.5
20.5 42.5
20.5 43.5
21.5 30.5
21.5 31.5
21.5 32.5
21.5 41.5
21.5 42.5
21.5 43.5
22.5 12.5
22.5 31.5
22.5 32.5
22.5 33.5
22.5 41.5
22.5 42.5
22.5 60.5
22.5 61.5
23.5 11.5
23.5 12.5
23.5 31.5
23.5 32.5
23.5 33.5
23.5 40.5
23.5 41.5
23.5 42.5
23.5 60.5
23.5 61.5
23.5 62.5
24.5 10.5
24.5 11.5
24.5 12.5
24.5 33.5
24.5 61.5
24.5 62.5
24.5 63.5
25.5 10.5
25.5 11.5
25.5 63.5
26.5 10.5
26.5 11.5
27.5 48.5
27.5 55.5
28.5 25.5
28.5 26.5
28.5 27.5
28.5 47.5
28.5 48.5
28.5 56.5
28.5 57.5
29.5 16.5
29.5 17.5
29.5 25.5
29.5 26.5
29.5 27.5
29.5 28.5
29.5 46.5
29.5 47.5
29.5 48.5
29.5 56.5
29.5 57.5
30.5 16.5
30.5 17.5
30.5 26.5
30.5 27.5
30.5 28.5
30.5 46.5
30.5 47.5
30.5 57.5
30.5 58.5
31.5 15.5
31.5 16.5
31.5 58.5
32.5 14.5
32.5 15.5
37.5 29.5
37.5 30.5
37.5 45.5
37.5 46.5
37.5 60.5
37.5 61.5
38.5 29.5
38.5 30.5
38.5 31.5
38.5 46.5
38.5 47.5
38.5 61.5
38.5 62.5
39.5 15.5
39.5 16.5
39.5 30.5
39.5 31.5
39.5 32.5
39.5 47.5
39.5 48.5
39.5 62.5
40.5 16.5
40.5 17.5
41.5 17.5
41.5 18.5
41.5 39.5
41.5 40.5
42.5 24.5
42.5 39.5
42.5 40.5
42.5 41.5
42.5 55.5
42.5 56.5
42.5 57.5
43.5 25.5
43.5 40.5
43.5 41.5
43.5 56.5
43.5 57.5
43.5 58.5
44.5 8.5
44.5 9.5
44.5 10.5
44.5 11.5
44.5 25.5
44.5 26.5
45.5 8.5
45.5 9.5
45.5 10.5
45.5 11.5
45.5 12.5
45.5 27.5
50.5 56.5
50.5 57.5
51.5 27.5
51.5 41.5
51.5 42.5
51.5 55.5
51.5 56.5
51.5 57.5
52.5 27.5
52.5 40.5
52.5 41.5
52.5 42.5
52.5 55.5
52.5 56.5
53.5 9.5
53.5 10.5
53.5 11.5
53.5 26.5
53.5 27.5
53.5 40.5
53.5 41.5
53.5 55.5
54.5 8.5
54.5 9.5
54.5 10.5
54.5 11.5
54.5 26.5
54.5 40.5
54.5 41.5
55.5 7.5
55.5 8.5
55.5 9.5
55.5 26.5
55.5 40.5
55.5 62.5
55.5 63.5
56.5 48.5
56.5 61.5
56.5 62.5
56.5 63.5
57.5 17.5
57.5 18.5
57.5 32.5
57.5 33.5
57.5 47.5
57.5 48.5
57.5 61.5
57.5 62.5
58.5 16.5
58.5 17.5
58.5 18.5
58.5 31.5
58.5 32.5
58.5 33.5
58.5 46.5
58.5 47.5
58.5 48.5
58.5 61.5
59.5 15.5
59.5 16.5
59.5 17.5
59.5 31.5
59.5 32.5
59.5 33.5
59.5 46.5
59.5 47.5
60.5 15.5
60.5 16.5
60.5 31.5
60.5 32.5
60.5 46.5
61.5 31.5
