3.5 61.5
3.5 62.5
4.5 10.5
4.5 11.5
4.5 26.5
4.5 41.5
4.5 61.5
5.5 10.5
5.5 11.5
5.5 25.5
5.5 26.5
5.5 41.5
5.5 42.5
5.5 57.5
6.5 11.5
6.5 26.5
6.5 46.5
6.5 47.5
6.5 56.5
6.5 57.5
7.5 16.5
7.5 31.5
7.5 47.5
7.5 56.5
8.5 16.5
8.5 31.5
8.5 47.5
10.5 62.5
11.5 17.5
11.5 26.5
11.5 27.5
11.5 61.5
11.5 62.5
12.5 16.5
12.5 17.5
12.5 26.5
12.5 27.5
12.5 47.5
12.5 61.5
12.5 62.5
13.5 17.5
13.5 27.5
13.5 46.5
13.5 47.5
14.5 32.5
14.5 47.5
14.5 57.5
15.5 12.5
15.5 32.5
15.5 33.5
15.5 57.5
16.5 12.5
16.5 32.5
16.5 33.5
16.5 42.5
16.5 43.5
16.5 57.5
17.5 12.5
17.5 33.5
17.5 42.5
19.5 61.5
19.5 62.5
20.5 18.5
20.5 61.5
20.5 62.5
21.5 17.5
21.5 18.5
21.5 32.5
21.5 33.5
21.5 46.5
21.5 56.5
22.5 17.5
22.5 18.5
22.5 28.5
22.5 56.5
23.5 17.5
23.5 27.5
23.5 28.5
23.5 41.5
23.5 42.5
24.5 12.5
24.5 27.5
24.5 28.5
25.5 11.5
25.5 12.5
25.5 27.5
25.5 56.5
26.5 12.5
26.5 56.5
26.5 57.5
27.5 41.5
27.5 42.5
27.5 56.5
27.5 57.5
28.5 33.5
28.5 57.5
29.5 16.5
29.5 17.5
29.5 32.5
29.5 33.5
29.5 46.5
29.5 47.5
29.5 62.5
30.5 10.5
30.5 11.5
30.5 47.5
30.5 62.5
30.5 63.5
31.5 10.5
31.5 11.5
31.5 27.5
31.5 28.5
31.5 47.5
35.5 15.5
35.5 16.5
35.5 32.5
35.5 33.5
35.5 47.5
35.5 48.5
35.5 63.5
36.5 15.5
36.5 16.5
36.5 32.5
36.5 47.5
36.5 48.5
36.5 62.5
36.5 63.5
37.5 15.5
37.5 47.5
37.5 62.5
38.5 9.5
38.5 26.5
38.5 42.5
38.5 57.5
38.5 58.5
39.5 9.5
39.5 26.5
39.5 41.5
39.5 42.5
39.5 57.5
39.5 58.5
40.5 9.5
40.5 26.5
40.5 57.5
43.5 9.5
43.5 26.5
43.5 27.5
43.5 57.5
44.5 9.5
44.5 26.5
44.5 27.5
44.5 41.5
44.5 42.5
44.5 57.5
45.5 32.5
45.5 41.5
45.5 42.5
45.5 62.5
46.5 32.5
46.5 46.5
46.5 47.5
46.5 62.5
47.5 15.5
47.5 16.5
47.5 32.5
47.5 33.5
47.5 47.5
47.5 62.5
48.5 14.5
48.5 15.5
48.5 21.5
49.5 14.5
49.5 15.5
50.5 14.5
50.5 47.5
50.5 56.5
50.5 57.5
51.5 32.5
51.5 47.5
51.5 56.5
51.5 57.5
52.5 10.5
52.5 11.5
52.5 32.5
52.5 47.5
52.5 57.5
53.5 10.5
53.5 26.5
53.5 27.5
53.5 62.5
54.5 26.5
54.5 27.5
54.5 41.5
54.5 42.5
54.5 62.5
55.5 41.5
55.5 42.5
55.5 62.5
57.5 15.5
58.5 14.5
58.5 15.5
58.5 61.5
58.5 62.5
59.5 25.5
59.5 26.5
59.5 62.5
60.5 10.5
60.5 25.5
60.5 26.5
60.5 48.5
61.5 9.5
61.5 10.5
61.5 47.5
61.5 48.5
61.5 57.5
61.5 58.5
62.5 48.5
62.5 57.5
