2.5 41.5
2.5 60.5
2.5 61.5
3.5 14.5
3.5 15.5
3.5 40.5
3.5 41.5
3.5 42.5
3.5 60.5
3.5 61.5
4.5 13.5
4.5 14.5
4.5 15.5
4.5 40.5
4.5 41.5
4.5 59.5
4.5 60.5
4.5 61.5
5.5 13.5
5.5 14.5
5.5 15.5
5.5 40.5
5.5 41.5
5.5 59.5
5.5 60.5
5.5 61.5
6.5 14.5
6.5 15.5
6.5 21.5
6.5 22.5
6.5 34.5
6.5 40.5
6.5 41.5
6.5 53.5
6.5 54.5
6.5 59.5
6.5 60.5
7.5 21.5
7.5 22.5
7.5 33.5
7.5 34.5
7.5 35.5
7.5 53.5
7.5 54.5
8.5 21.5
8.5 22.5
8.5 23.5
8.5 33.5
8.5 34.5
8.5 35.5
8.5 52.5
8.5 53.5
8.5 54.5
9.5 21.5
9.5 22.5
9.5 33.5
9.5 34.5
9.5 52.5
9.5 53.5
9.5 54.5
10.5 52.5
10.5 53.5
12.5 20.5
12.5 21.5
13.5 20.5
13.5 21.5
13.5 32.5
13.5 33.5
13.5 53.5
14.5 20.5
14.5 21.5
14.5 32.5
14.5 33.5
14.5 34.5
14.5 52.5
14.5 53.5
14.5 54.5
15.5 13.5
15.5 14.5
15.5 33.5
15.5 39.5
15.5 40.5
15.5 52.5
15.5 53.5
15.5 54.5
16.5 12.5
16.5 13.5
16.5 14.5
16.5 39.5
16.5 40.5
16.5 59.5
16.5 60.5
16.5 61.5
17.5 12.5
17.5 13.5
17.5 14.5
17.5 39.5
17.5 40.5
17.5 60.5
17.5 61.5
18.5 12.5
18.5 13.5
20.5 33.5
20.5 34.5
20.5 54.5
20.5 55.5
21.5 12.5
21.5 33.5
21.5 34.5
21.5 35.5
21.5 53.5
21.5 54.5
21.5 55.5
22.5 11.5
22.5 12.5
22.5 13.5
22.5 33.5
22.5 34.5
22.5 35.5
22.5 54.5
22.5 55.5
23.5 11.5
23.5 12.5
23.5 13.5
23.5 33.5
23.5 34.5
23.5 35.5
23.5 41.5
23.5 60.5
23.5 61.5
24.5 12.5
24.5 19.5
24.5 20.5
24.5 34.5
24.5 40.5
24.5 41.5
24.5 42.5
24.5 60.5
24.5 61.5
24.5 62.5
25.5 18.5
25.5 19.5
25.5 20.5
25.5 21.5
25.5 40.5
25.5 41.5
25.5 42.5
25.5 60.5
25.5 61.5
25.5 62.5
26.5 19.5
26.5 20.5
26.5 21.5
26.5 41.5
26.5 42.5
26.5 61.5
27.5 19.5
27.5 20.5
29.5 41.5
29.5 61.5
29.5 62.5
30.5 19.5
30.5 20.5
30.5 40.5
30.5 41.5
30.5 61.5
30.5 62.5
30.5 63.5
31.5 18.5
31.5 19.5
31.5 20.5
31.5 40.5
31.5 41.5
31.5 61.5
31.5 62.5
32.5 18.5
32.5 19.5
32.5 20.5
32.5 40.5
32.5 41.5
32.5 54.5
32.5 55.5
32.5 61.5
32.5 62.5
33.5 11.5
33.5 12.5
33.5 19.5
33.5 20.5
33.5 33.5
33.5 53.5
33.5 54.5
33.5 55.5
34.5 11.5
34.5 12.5
34.5 32.5
34.5 33.5
34.5 34.5
34.5 53.5
34.5 54.5
34.5 55.5
35.5 11.5
35.5 12.5
35.5 32.5
35.5 33.5
35.5 34.5
35.5 53.5
35.5 54.5
35.5 55.5
36.5 32.5
36.5 33.5
38.5 61.5
39.5 10.5
39.5 11.5
39.5 12.5
39.5 37.5
39.5 38.5
39.5 39.5
39.5 60.5
39.5 61.5
39.5 62.5
40.5 10.5
40.5 11.5
40.5 12.5
40.5 37.5
40.5 38.5
40.5 39.5
40.5 60.5
40.5 61.5
40.5 62.5
41.5 11.5
41.5 19.5
41.5 37.5
41.5 38.5
41.5 39.5
42.5 18.5
42.5 19.5
42.5 32.5
42.5 54.5
42.5 55.5
43.5 18.5
43.5 19.5
43.5 20.5
43.5 31.5
43.5 32.5
43.5 33.5
43.5 53.5
43.5 54.5
43.5 55.5
44.5 18.5
44.5 19.5
44.5 20.5
44.5 31.5
44.5 32.5
44.5 33.5
44.5 46.5
44.5 53.5
44.5 54.5
44.5 55.5
45.5 19.5
45.5 31.5
45.5 32.5
45.5 45.5
45.5 46.5
45.5 53.5
45.5 54.5
45.5 55.5
46.5 53.5
46.5 54.5
46.5 55.5
47.5 12.5
47.5 13.5
47.5 54.5
48.5 11.5
48.5 12.5
48.5 13.5
48.5 32.5
48.5 33.5
49.5 11.5
49.5 12.5
49.5 13.5
49.5 32.5
49.5 33.5
49.5 60.5
49.5 61.5
49.5 62.5
50.5 12.5
50.5 13.5
50.5 32.5
50.5 33.5
50.5 60.5
50.5 61.5
50.5 62.5
51.5 19.5
51.5 20.5
51.5 21.5
51.5 60.5
51.5 61.5
51.5 62.5
52.5 19.5
52.5 20.5
52.5 21.5
52.5 39.5
52.5 40.5
52.5 61.5
52.5 62.5
53.5 20.5
53.5 38.5
53.5 39.5
53.5 40.5
53.5 46.5
54.5 38.5
54.5 39.5
54.5 40.5
54.5 45.5
54.5 46.5
54.5 47.5
55.5 19.5
55.5 37.5
55.5 38.5
55.5 39.5
55.5 46.5
56.5 18.5
56.5 19.5
56.5 20.5
56.5 37.5
56.5 38.5
56.5 39.5
56.5 60.5
56.5 61.5
57.5 18.5
57.5 19.5
57.5 20.5
57.5 37.5
57.5 38.5
57.5 54.5
57.5 60.5
57.5 61.5
58.5 12.5
58.5 18.5
58.5 19.5
58.5 37.5
58.5 53.5
58.5 54.5
59.5 11.5
59.5 12.5
59.5 13.5
59.5 31.5
59.5 32.5
59.5 33.5
59.5 53.5
59.5 54.5
60.5 11.5
60.5 12.5
60.5 13.5
60.5 31.5
60.5 32.5
60.5 33.5
60.5 53.5
60.5 54.5
61.5 11.5
61.5 12.5
61.5 31.5
61.5 32.5
61.5 33.5
61.5 53.5
61.5 54.5
62.5 53.5
