7.5 11.5
7.5 25.5
7.5 37.5
7.5 47.5
7.5 48.5
7.5 60.5
8.5 10.5
8.5 11.5
8.5 25.5
8.5 38.5
8.5 47.5
8.5 59.5
8.5 60.5
9.5 10.5
9.5 25.5
9.5 26.5
9.5 38.5
9.5 39.5
9.5 46.5
9.5 47.5
9.5 59.5
10.5 10.5
10.5 26.5
10.5 38.5
10.5 39.5
10.5 46.5
10.5 59.5
11.5 10.5
11.5 26.5
11.5 39.5
11.5 46.5
11.5 59.5
14.5 15.5
14.5 21.5
14.5 33.5
14.5 52.5
14.5 64.5
15.5 14.5
15.5 15.5
15.5 21.5
15.5 33.5
15.5 34.5
15.5 51.5
15.5 52.5
15.5 64.5
16.5 14.5
16.5 21.5
16.5 22.5
16.5 33.5
16.5 34.5
16.5 51.5
16.5 52.5
16.5 63.5
16.5 64.5
17.5 14.5
17.5 22.5
17.5 34.5
17.5 51.5
17.5 63.5
17.5 64.5
18.5 13.5
18.5 22.5
18.5 34.5
18.5 51.5
18.5 63.5
27.5 37.5
27.5 63.5
28.5 13.5
28.5 21.5
28.5 37.5
28.5 47.5
28.5 63.5
28.5 64.5
29.5 13.5
29.5 21.5
29.5 37.5
29.5 38.5
29.5 47.5
29.5 63.5
29.5 64.5
30.5 13.5
30.5 14.5
30.5 21.5
30.5 38.5
30.5 46.5
30.5 47.5
30.5 64.5
31.5 14.5
31.5 20.5
31.5 38.5
31.5 46.5
31.5 64.5
32.5 14.5
34.5 9.5
34.5 32.5
35.5 9.5
35.5 25.5
35.5 32.5
35.5 33.5
35.5 51.5
35.5 59.5
36.5 9.5
36.5 10.5
36.5 25.5
36.5 33.5
36.5 50.5
36.5 51.5
36.5 59.5
37.5 10.5
37.5 24.5
37.5 25.5
37.5 33.5
37.5 34.5
37.5 50.5
37.5 51.5
37.5 59.5
38.5 10.5
38.5 24.5
38.5 34.5
38.5 50.5
38.5 59.5
38.5 60.5
47.5 37.5
47.5 47.5
48.5 10.5
48.5 22.5
48.5 37.5
48.5 38.5
48.5 47.5
48.5 62.5
49.5 10.5
49.5 21.5
49.5 22.5
49.5 37.5
49.5 38.5
49.5 46.5
49.5 47.5
49.5 63.5
50.5 9.5
50.5 10.5
50.5 21.5
50.5 22.5
50.5 38.5
50.5 46.5
50.5 47.5
50.5 63.5
51.5 9.5
51.5 21.5
51.5 39.5
51.5 46.5
51.5 63.5
52.5 9.5
52.5 21.5
54.5 33.5
55.5 14.5
55.5 26.5
55.5 33.5
55.5 34.5
55.5 51.5
55.5 52.5
55.5 58.5
56.5 14.5
56.5 25.5
56.5 26.5
56.5 34.5
56.5 51.5
56.5 58.5
56.5 59.5
57.5 13.5
57.5 14.5
57.5 25.5
57.5 34.5
57.5 35.5
57.5 51.5
57.5 59.5
58.5 13.5
58.5 25.5
58.5 35.5
58.5 50.5
58.5 59.5
58.5 60.5
59.5 13.5
59.5 60.5
