5.5 18.5
5.5 19.5
5.5 20.5
5.5 39.5
5.5 40.5
5.5 60.5
5.5 61.5
5.5 62.5
6.5 40.5
6.5 41.5
6.5 42.5
8.5 11.5
8.5 12.5
8.5 13.5
8.5 31.5
8.5 32.5
8.5 52.5
8.5 53.5
8.5 54.5
9.5 33.5
9.5 34.5
9.5 35.5
9.5 54.5
9.5 55.5
9.5 56.5
15.5 17.5
15.5 18.5
15.5 19.5
15.5 38.5
15.5 39.5
15.5 59.5
15.5 60.5
15.5 61.5
16.5 19.5
16.5 20.5
16.5 21.5
16.5 40.5
16.5 41.5
16.5 62.5
16.5 63.5
19.5 11.5
19.5 12.5
19.5 31.5
19.5 32.5
19.5 33.5
19.5 52.5
19.5 53.5
19.5 54.5
19.5 55.5
20.5 13.5
20.5 14.5
20.5 34.5
25.5 55.5
25.5 56.5
26.5 11.5
26.5 12.5
26.5 13.5
26.5 14.5
26.5 33.5
26.5 34.5
26.5 52.5
26.5 53.5
26.5 54.5
27.5 31.5
27.5 32.5
29.5 20.5
29.5 21.5
29.5 40.5
29.5 41.5
29.5 42.5
29.5 60.5
29.5 61.5
29.5 62.5
30.5 18.5
30.5 19.5
30.5 38.5
30.5 39.5
30.5 40.5
35.5 59.5
36.5 11.5
36.5 12.5
36.5 13.5
36.5 14.5
36.5 38.5
36.5 39.5
36.5 40.5
36.5 60.5
36.5 61.5
36.5 62.5
37.5 41.5
37.5 42.5
39.5 20.5
39.5 21.5
39.5 31.5
39.5 32.5
39.5 52.5
39.5 53.5
40.5 18.5
40.5 19.5
40.5 33.5
40.5 34.5
40.5 35.5
40.5 54.5
40.5 55.5
46.5 11.5
46.5 12.5
46.5 13.5
46.5 14.5
46.5 39.5
46.5 40.5
46.5 41.5
46.5 52.5
46.5 53.5
46.5 54.5
47.5 42.5
49.5 20.5
49.5 21.5
49.5 31.5
49.5 32.5
49.5 33.5
49.5 59.5
49.5 60.5
49.5 61.5
50.5 18.5
50.5 19.5
50.5 33.5
50.5 34.5
50.5 35.5
50.5 58.5
50.5 59.5
56.5 19.5
56.5 20.5
56.5 32.5
56.5 33.5
56.5 34.5
56.5 53.5
56.5 54.5
56.5 55.5
57.5 52.5
59.5 11.5
59.5 12.5
59.5 40.5
59.5 41.5
59.5 42.5
59.5 60.5
59.5 61.5
59.5 62.5
60.5 12.5
60.5 13.5
60.5 14.5
60.5 38.5
60.5 39.5
60.5 59.5
