3.5 60.5
3.5 61.5
4.5 11.5
4.5 12.5
4.5 25.5
4.5 26.5
4.5 37.5
4.5 38.5
4.5 46.5
4.5 47.5
4.5 48.5
4.5 58.5
4.5 59.5
4.5 60.5
5.5 9.5
5.5 10.5
5.5 11.5
5.5 12.5
5.5 26.5
5.5 27.5
5.5 28.5
5.5 38.5
5.5 39.5
5.5 40.5
5.5 45.5
5.5 46.5
5.5 58.5
6.5 9.5
6.5 10.5
6.5 51.5
6.5 52.5
6.5 53.5
6.5 64.5
6.5 65.5
7.5 16.5
7.5 21.5
7.5 22.5
7.5 23.5
7.5 33.5
7.5 34.5
7.5 35.5
7.5 50.5
7.5 51.5
7.5 52.5
7.5 63.5
7.5 64.5
8.5 14.5
8.5 15.5
8.5 16.5
8.5 22.5
8.5 23.5
8.5 24.5
8.5 35.5
8.5 36.5
8.5 62.5
8.5 63.5
9.5 13.5
9.5 14.5
12.5 23.5
12.5 24.5
12.5 34.5
12.5 35.5
12.5 36.5
12.5 51.5
12.5 52.5
12.5 53.5
12.5 59.5
12.5 60.5
12.5 61.5
13.5 10.5
13.5 11.5
13.5 22.5
13.5 23.5
13.5 33.5
13.5 34.5
14.5 27.5
14.5 28.5
14.5 40.5
14.5 45.5
14.5 46.5
14.5 47.5
14.5 64.5
14.5 65.5
15.5 14.5
15.5 15.5
15.5 16.5
15.5 26.5
15.5 27.5
15.5 38.5
15.5 39.5
15.5 46.5
15.5 47.5
15.5 48.5
15.5 49.5
15.5 62.5
15.5 63.5
16.5 37.5
19.5 14.5
19.5 15.5
19.5 23.5
19.5 24.5
19.5 50.5
19.5 51.5
19.5 63.5
19.5 64.5
20.5 22.5
20.5 37.5
20.5 38.5
20.5 50.5
20.5 51.5
20.5 52.5
20.5 53.5
20.5 65.5
21.5 9.5
21.5 10.5
21.5 38.5
21.5 39.5
22.5 9.5
22.5 10.5
22.5 11.5
22.5 12.5
22.5 25.5
22.5 26.5
22.5 27.5
22.5 28.5
22.5 33.5
22.5 45.5
22.5 58.5
22.5 59.5
22.5 60.5
22.5 61.5
23.5 34.5
23.5 35.5
23.5 45.5
23.5 46.5
23.5 47.5
23.5 60.5
23.5 61.5
24.5 35.5
24.5 36.5
24.5 47.5
26.5 13.5
26.5 14.5
26.5 23.5
26.5 24.5
27.5 13.5
27.5 14.5
27.5 15.5
27.5 16.5
27.5 21.5
27.5 22.5
27.5 23.5
27.5 24.5
27.5 59.5
27.5 60.5
28.5 34.5
28.5 35.5
28.5 45.5
28.5 46.5
28.5 47.5
28.5 48.5
28.5 58.5
29.5 33.5
29.5 34.5
29.5 64.5
29.5 65.5
30.5 9.5
30.5 10.5
30.5 11.5
30.5 26.5
30.5 27.5
30.5 28.5
30.5 39.5
30.5 40.5
30.5 51.5
30.5 52.5
30.5 62.5
30.5 63.5
30.5 64.5
31.5 11.5
31.5 12.5
31.5 25.5
31.5 26.5
31.5 37.5
31.5 38.5
31.5 39.5
34.5 50.5
34.5 62.5
34.5 63.5
35.5 13.5
35.5 14.5
35.5 15.5
35.5 16.5
35.5 22.5
35.5 23.5
35.5 24.5
35.5 37.5
35.5 38.5
35.5 39.5
35.5 50.5
35.5 51.5
35.5 52.5
35.5 64.5
35.5 65.5
36.5 15.5
36.5 16.5
36.5 22.5
36.5 38.5
36.5 39.5
36.5 40.5
36.5 52.5
36.5 53.5
37.5 8.5
37.5 9.5
37.5 10.5
37.5 28.5
37.5 33.5
37.5 58.5
37.5 59.5
37.5 60.5
38.5 10.5
38.5 11.5
38.5 12.5
38.5 26.5
38.5 27.5
38.5 34.5
38.5 35.5
38.5 46.5
38.5 47.5
38.5 48.5
38.5 59.5
38.5 60.5
38.5 61.5
39.5 48.5
42.5 12.5
42.5 13.5
42.5 14.5
42.5 26.5
42.5 27.5
42.5 35.5
42.5 36.5
42.5 62.5
42.5 63.5
43.5 14.5
43.5 15.5
43.5 27.5
43.5 28.5
43.5 29.5
43.5 33.5
43.5 34.5
43.5 35.5
43.5 46.5
43.5 47.5
43.5 48.5
43.5 62.5
43.5 63.5
43.5 64.5
43.5 65.5
44.5 46.5
45.5 8.5
45.5 9.5
45.5 10.5
45.5 21.5
45.5 22.5
45.5 23.5
45.5 24.5
45.5 39.5
45.5 40.5
45.5 41.5
45.5 51.5
45.5 52.5
45.5 58.5
45.5 59.5
46.5 10.5
46.5 11.5
46.5 23.5
46.5 24.5
46.5 38.5
46.5 39.5
46.5 50.5
46.5 60.5
46.5 61.5
49.5 50.5
49.5 60.5
50.5 10.5
50.5 11.5
50.5 23.5
50.5 24.5
50.5 38.5
50.5 39.5
50.5 50.5
50.5 51.5
50.5 52.5
50.5 57.5
50.5 58.5
50.5 59.5
50.5 60.5
51.5 9.5
51.5 10.5
51.5 11.5
51.5 21.5
51.5 22.5
51.5 23.5
51.5 39.5
51.5 40.5
52.5 8.5
52.5 28.5
52.5 29.5
52.5 33.5
52.5 34.5
52.5 63.5
52.5 64.5
52.5 65.5
53.5 14.5
53.5 15.5
53.5 16.5
53.5 26.5
53.5 27.5
53.5 28.5
53.5 34.5
53.5 35.5
53.5 45.5
53.5 46.5
53.5 47.5
53.5 48.5
53.5 61.5
53.5 62.5
53.5 63.5
54.5 13.5
54.5 14.5
54.5 26.5
54.5 35.5
54.5 36.5
57.5 47.5
57.5 59.5
57.5 60.5
57.5 61.5
58.5 13.5
58.5 14.5
58.5 15.5
58.5 26.5
58.5 27.5
58.5 34.5
58.5 35.5
58.5 45.5
58.5 46.5
58.5 47.5
58.5 58.5
58.5 59.5
58.5 60.5
59.5 15.5
59.5 16.5
59.5 27.5
59.5 28.5
59.5 33.5
59.5 34.5
59.5 45.5
59.5 58.5
60.5 21.5
60.5 22.5
60.5 51.5
60.5 52.5
60.5 64.5
60.5 65.5
61.5 9.5
61.5 10.5
61.5 11.5
61.5 22.5
61.5 23.5
61.5 24.5
61.5 37.5
61.5 38.5
61.5 39.5
61.5 49.5
61.5 50.5
61.5 51.5
61.5 52.5
61.5 63.5
61.5 64.5
62.5 37.5
62.5 62.5
