5.5 11.5
5.5 26.5
5.5 27.5
5.5 41.5
5.5 42.5
5.5 62.5
5.5 63.5
8.5 16.5
8.5 17.5
8.5 31.5
8.5 32.5
8.5 47.5
8.5 57.5
8.5 58.5
14.5 16.5
14.5 17.5
14.5 32.5
14.5 41.5
14.5 42.5
14.5 62.5
14.5 63.5
17.5 11.5
17.5 12.5
17.5 26.5
17.5 27.5
17.5 46.5
17.5 47.5
17.5 57.5
22.5 46.5
22.5 47.5
22.5 57.5
22.5 58.5
23.5 16.5
23.5 17.5
23.5 31.5
25.5 11.5
25.5 40.5
25.5 41.5
25.5 62.5
25.5 63.5
26.5 11.5
26.5 26.5
31.5 11.5
31.5 26.5
31.5 41.5
31.5 42.5
31.5 62.5
33.5 17.5
34.5 31.5
34.5 32.5
34.5 47.5
34.5 56.5
34.5 57.5
39.5 16.5
39.5 17.5
40.5 17.5
40.5 32.5
40.5 46.5
40.5 61.5
40.5 62.5
42.5 11.5
42.5 26.5
43.5 11.5
43.5 12.5
43.5 26.5
43.5 27.5
43.5 41.5
43.5 42.5
43.5 56.5
48.5 61.5
49.5 10.5
49.5 11.5
49.5 26.5
49.5 41.5
49.5 61.5
51.5 31.5
51.5 32.5
52.5 15.5
52.5 16.5
52.5 31.5
52.5 46.5
52.5 47.5
52.5 56.5
52.5 57.5
57.5 16.5
57.5 26.5
57.5 27.5
57.5 42.5
58.5 61.5
58.5 62.5
60.5 10.5
60.5 11.5
60.5 31.5
60.5 32.5
60.5 47.5
61.5 57.5
