4.5 50.5
5.5 13.5
5.5 39.5
5.5 63.5
6.5 14.5
6.5 15.5
6.5 40.5
8.5 22.5
8.5 34.5
8.5 46.5
8.5 58.5
9.5 22.5
9.5 35.5
9.5 59.5
15.5 50.5
15.5 59.5
16.5 14.5
16.5 34.5
16.5 58.5
17.5 33.5
18.5 27.5
19.5 9.5
19.5 26.5
20.5 11.5
20.5 39.5
20.5 47.5
20.5 62.5
25.5 60.5
26.5 10.5
26.5 24.5
26.5 47.5
26.5 58.5
27.5 22.5
28.5 64.5
29.5 15.5
29.5 50.5
29.5 62.5
30.5 14.5
30.5 28.5
30.5 35.5
30.5 36.5
35.5 47.5
35.5 63.5
36.5 15.5
36.5 40.5
36.5 41.5
38.5 9.5
38.5 52.5
38.5 58.5
39.5 23.5
39.5 36.5
39.5 51.5
39.5 59.5
45.5 39.5
45.5 51.5
46.5 22.5
46.5 40.5
46.5 52.5
46.5 64.5
49.5 14.5
49.5 27.5
49.5 34.5
49.5 47.5
49.5 58.5
50.5 13.5
50.5 26.5
50.5 48.5
50.5 60.5
55.5 60.5
56.5 13.5
56.5 38.5
56.5 45.5
57.5 15.5
57.5 22.5
59.5 63.5
60.5 10.5
60.5 35.5
