3.5 38.5
3.5 39.5
3.5 64.5
4.5 33.5
4.5 38.5
4.5 39.5
4.5 52.5
4.5 53.5
4.5 63.5
4.5 64.5
4.5 65.5
5.5 11.5
5.5 12.5
5.5 24.5
5.5 25.5
5.5 52.5
5.5 53.5
5.5 63.5
5.5 64.5
5.5 65.5
6.5 10.5
6.5 11.5
6.5 12.5
6.5 13.5
6.5 24.5
6.5 25.5
6.5 26.5
6.5 48.5
7.5 11.5
7.5 12.5
7.5 25.5
7.5 42.5
7.5 43.5
7.5 48.5
7.5 49.5
8.5 42.5
8.5 48.5
8.5 49.5
8.5 59.5
8.5 60.5
9.5 19.5
9.5 20.5
9.5 30.5
9.5 31.5
9.5 32.5
9.5 59.5
9.5 60.5
10.5 7.5
10.5 8.5
10.5 18.5
10.5 19.5
10.5 20.5
10.5 31.5
10.5 32.5
11.5 7.5
11.5 8.5
11.5 18.5
11.5 19.5
11.5 20.5
13.5 40.5
14.5 39.5
14.5 40.5
14.5 49.5
14.5 50.5
14.5 60.5
15.5 33.5
15.5 34.5
15.5 48.5
15.5 49.5
15.5 50.5
15.5 59.5
15.5 60.5
15.5 61.5
16.5 22.5
16.5 33.5
16.5 34.5
16.5 49.5
16.5 60.5
17.5 9.5
17.5 21.5
17.5 22.5
17.5 23.5
17.5 43.5
18.5 8.5
18.5 9.5
18.5 30.5
18.5 42.5
18.5 43.5
18.5 44.5
18.5 54.5
18.5 55.5
18.5 64.5
19.5 18.5
19.5 30.5
19.5 31.5
19.5 43.5
19.5 44.5
19.5 53.5
19.5 54.5
19.5 55.5
20.5 18.5
20.5 19.5
20.5 54.5
21.5 13.5
22.5 6.5
22.5 13.5
23.5 6.5
23.5 33.5
24.5 6.5
24.5 32.5
24.5 33.5
24.5 34.5
24.5 40.5
24.5 41.5
24.5 63.5
24.5 64.5
25.5 22.5
25.5 23.5
25.5 33.5
25.5 40.5
25.5 41.5
25.5 52.5
25.5 64.5
26.5 22.5
26.5 23.5
26.5 40.5
26.5 51.5
26.5 52.5
26.5 53.5
27.5 29.5
27.5 52.5
28.5 14.5
28.5 29.5
28.5 30.5
28.5 44.5
28.5 62.5
29.5 14.5
29.5 29.5
29.5 30.5
29.5 43.5
29.5 44.5
29.5 45.5
29.5 56.5
29.5 57.5
29.5 62.5
30.5 9.5
30.5 10.5
30.5 19.5
30.5 20.5
30.5 44.5
30.5 56.5
30.5 57.5
31.5 10.5
31.5 11.5
31.5 19.5
31.5 20.5
34.5 30.5
34.5 43.5
35.5 8.5
35.5 29.5
35.5 30.5
35.5 42.5
35.5 43.5
35.5 44.5
35.5 64.5
36.5 7.5
36.5 8.5
36.5 9.5
36.5 23.5
36.5 29.5
36.5 42.5
36.5 43.5
36.5 44.5
36.5 55.5
36.5 56.5
36.5 64.5
37.5 8.5
37.5 9.5
37.5 22.5
37.5 23.5
37.5 24.5
37.5 55.5
37.5 56.5
38.5 33.5
38.5 50.5
39.5 12.5
39.5 13.5
39.5 32.5
39.5 33.5
39.5 34.5
39.5 38.5
39.5 39.5
39.5 49.5
39.5 50.5
39.5 51.5
39.5 60.5
39.5 61.5
40.5 12.5
40.5 13.5
40.5 20.5
40.5 21.5
40.5 33.5
40.5 34.5
40.5 39.5
40.5 49.5
40.5 50.5
40.5 61.5
44.5 8.5
44.5 9.5
44.5 23.5
44.5 24.5
45.5 8.5
45.5 9.5
45.5 23.5
45.5 24.5
45.5 30.5
45.5 31.5
45.5 49.5
45.5 59.5
45.5 60.5
46.5 30.5
46.5 39.5
46.5 40.5
46.5 48.5
46.5 49.5
46.5 50.5
46.5 59.5
46.5 60.5
47.5 39.5
47.5 48.5
47.5 49.5
48.5 19.5
48.5 33.5
48.5 34.5
49.5 11.5
49.5 12.5
49.5 13.5
49.5 18.5
49.5 19.5
49.5 20.5
49.5 34.5
49.5 42.5
49.5 43.5
49.5 52.5
49.5 53.5
49.5 63.5
49.5 64.5
50.5 11.5
50.5 12.5
50.5 19.5
50.5 20.5
50.5 52.5
50.5 53.5
50.5 63.5
50.5 64.5
54.5 33.5
54.5 34.5
55.5 19.5
55.5 20.5
55.5 33.5
55.5 34.5
55.5 40.5
56.5 7.5
56.5 8.5
56.5 19.5
56.5 39.5
56.5 40.5
56.5 51.5
56.5 63.5
56.5 64.5
57.5 8.5
57.5 23.5
57.5 24.5
57.5 29.5
57.5 40.5
57.5 50.5
57.5 51.5
57.5 52.5
57.5 63.5
57.5 64.5
58.5 23.5
58.5 28.5
58.5 29.5
58.5 30.5
58.5 51.5
58.5 52.5
59.5 12.5
59.5 13.5
59.5 29.5
59.5 30.5
60.5 12.5
60.5 44.5
60.5 45.5
60.5 59.5
60.5 60.5
61.5 43.5
61.5 44.5
61.5 45.5
61.5 55.5
61.5 59.5
61.5 60.5
62.5 44.5
62.5 45.5
62.5 54.5
62.5 55.5
