6.5 14.5
6.5 15.5
6.5 23.5
6.5 35.5
7.5 14.5
7.5 15.5
7.5 22.5
7.5 23.5
7.5 34.5
7.5 35.5
7.5 47.5
7.5 48.5
7.5 63.5
7.5 64.5
8.5 15.5
8.5 22.5
8.5 34.5
8.5 35.5
8.5 47.5
8.5 63.5
8.5 64.5
11.5 10.5
11.5 27.5
12.5 10.5
12.5 11.5
12.5 26.5
12.5 27.5
12.5 39.5
12.5 40.5
12.5 52.5
12.5 59.5
13.5 26.5
13.5 39.5
13.5 51.5
13.5 52.5
13.5 59.5
13.5 60.5
14.5 51.5
14.5 60.5
21.5 10.5
21.5 23.5
22.5 9.5
22.5 10.5
22.5 22.5
22.5 23.5
22.5 38.5
22.5 39.5
22.5 51.5
22.5 63.5
23.5 9.5
23.5 10.5
23.5 22.5
23.5 23.5
23.5 38.5
23.5 39.5
23.5 51.5
23.5 52.5
23.5 63.5
23.5 64.5
24.5 52.5
26.5 27.5
26.5 28.5
26.5 34.5
27.5 15.5
27.5 27.5
27.5 34.5
27.5 35.5
27.5 46.5
27.5 47.5
27.5 59.5
28.5 14.5
28.5 15.5
28.5 35.5
28.5 47.5
28.5 59.5
28.5 60.5
29.5 60.5
36.5 23.5
36.5 35.5
36.5 47.5
37.5 14.5
37.5 15.5
37.5 23.5
37.5 35.5
37.5 46.5
37.5 47.5
37.5 63.5
37.5 64.5
38.5 14.5
38.5 15.5
38.5 22.5
38.5 35.5
38.5 46.5
38.5 47.5
38.5 64.5
41.5 27.5
41.5 28.5
41.5 39.5
42.5 10.5
42.5 27.5
42.5 28.5
42.5 38.5
42.5 39.5
42.5 51.5
42.5 59.5
42.5 60.5
43.5 10.5
43.5 11.5
43.5 26.5
43.5 27.5
43.5 38.5
43.5 50.5
43.5 51.5
43.5 59.5
43.5 60.5
51.5 10.5
51.5 39.5
51.5 47.5
52.5 9.5
52.5 10.5
52.5 27.5
52.5 39.5
52.5 40.5
52.5 47.5
52.5 62.5
52.5 63.5
53.5 9.5
53.5 10.5
53.5 27.5
53.5 28.5
53.5 40.5
53.5 46.5
53.5 47.5
53.5 62.5
53.5 63.5
54.5 28.5
54.5 63.5
57.5 14.5
57.5 22.5
57.5 36.5
57.5 51.5
57.5 58.5
58.5 13.5
58.5 14.5
58.5 22.5
58.5 23.5
58.5 36.5
58.5 51.5
58.5 58.5
58.5 59.5
59.5 13.5
59.5 22.5
59.5 23.5
59.5 36.5
