3.5 54.5
4.5 23.5
4.5 30.5
4.5 44.5
4.5 54.5
4.5 64.5
5.5 13.5
5.5 23.5
5.5 24.5
5.5 30.5
6.5 13.5
6.5 50.5
6.5 51.5
6.5 60.5
6.5 61.5
7.5 9.5
7.5 19.5
7.5 33.5
7.5 34.5
7.5 40.5
7.5 41.5
7.5 51.5
8.5 9.5
8.5 19.5
8.5 20.5
11.5 60.5
12.5 9.5
12.5 33.5
12.5 34.5
12.5 40.5
12.5 41.5
12.5 53.5
12.5 54.5
12.5 60.5
13.5 9.5
13.5 22.5
13.5 23.5
14.5 30.5
14.5 63.5
14.5 64.5
15.5 13.5
15.5 19.5
15.5 30.5
15.5 43.5
15.5 44.5
15.5 50.5
15.5 63.5
16.5 13.5
19.5 63.5
20.5 10.5
20.5 20.5
20.5 30.5
20.5 40.5
20.5 50.5
20.5 63.5
21.5 10.5
21.5 40.5
21.5 54.5
22.5 14.5
22.5 23.5
22.5 34.5
22.5 54.5
22.5 60.5
23.5 13.5
23.5 14.5
23.5 23.5
23.5 33.5
23.5 34.5
23.5 43.5
26.5 51.5
27.5 10.5
27.5 11.5
27.5 23.5
27.5 43.5
27.5 44.5
27.5 50.5
27.5 51.5
27.5 64.5
28.5 33.5
28.5 34.5
29.5 20.5
30.5 13.5
30.5 14.5
30.5 19.5
30.5 20.5
30.5 30.5
30.5 40.5
30.5 41.5
30.5 54.5
30.5 61.5
31.5 61.5
34.5 22.5
34.5 29.5
34.5 30.5
35.5 13.5
35.5 14.5
35.5 22.5
35.5 23.5
35.5 29.5
35.5 40.5
35.5 41.5
35.5 50.5
35.5 51.5
35.5 64.5
36.5 64.5
37.5 10.5
37.5 19.5
37.5 33.5
37.5 34.5
37.5 44.5
38.5 10.5
38.5 20.5
38.5 33.5
38.5 44.5
38.5 53.5
38.5 54.5
38.5 60.5
42.5 20.5
42.5 43.5
42.5 44.5
42.5 50.5
42.5 51.5
42.5 60.5
43.5 10.5
43.5 20.5
43.5 29.5
43.5 30.5
43.5 60.5
45.5 14.5
45.5 23.5
45.5 40.5
45.5 53.5
45.5 54.5
45.5 64.5
46.5 33.5
46.5 63.5
46.5 64.5
50.5 14.5
50.5 20.5
50.5 40.5
51.5 20.5
51.5 33.5
51.5 50.5
51.5 51.5
51.5 63.5
51.5 64.5
52.5 44.5
53.5 10.5
53.5 11.5
53.5 23.5
53.5 29.5
53.5 30.5
53.5 44.5
53.5 60.5
54.5 23.5
54.5 54.5
58.5 10.5
58.5 20.5
58.5 33.5
58.5 43.5
58.5 44.5
58.5 54.5
58.5 64.5
59.5 20.5
59.5 54.5
60.5 39.5
60.5 40.5
60.5 60.5
60.5 61.5
61.5 13.5
61.5 14.5
61.5 24.5
61.5 29.5
61.5 30.5
61.5 40.5
61.5 50.5
61.5 60.5
61.5 61.5
