6.5 61.5
7.5 12.5
7.5 39.5
7.5 40.5
7.5 41.5
7.5 60.5
7.5 61.5
7.5 62.5
8.5 12.5
8.5 13.5
8.5 14.5
8.5 38.5
8.5 39.5
8.5 40.5
8.5 41.5
8.5 59.5
8.5 60.5
8.5 61.5
9.5 12.5
9.5 13.5
9.5 14.5
9.5 15.5
9.5 38.5
9.5 39.5
9.5 40.5
9.5 59.5
9.5 60.5
9.5 61.5
10.5 13.5
10.5 14.5
10.5 15.5
10.5 38.5
10.5 39.5
10.5 59.5
13.5 53.5
13.5 54.5
13.5 55.5
14.5 18.5
14.5 19.5
14.5 32.5
14.5 33.5
14.5 34.5
14.5 52.5
14.5 53.5
14.5 54.5
14.5 55.5
15.5 18.5
15.5 19.5
15.5 20.5
15.5 21.5
15.5 31.5
15.5 32.5
15.5 33.5
15.5 34.5
15.5 52.5
15.5 53.5
15.5 54.5
16.5 19.5
16.5 20.5
16.5 21.5
16.5 31.5
16.5 32.5
16.5 33.5
16.5 51.5
16.5 52.5
16.5 53.5
17.5 20.5
17.5 21.5
17.5 31.5
17.5 32.5
17.5 52.5
27.5 52.5
27.5 53.5
28.5 19.5
28.5 20.5
28.5 21.5
28.5 31.5
28.5 32.5
28.5 33.5
28.5 51.5
28.5 52.5
28.5 53.5
28.5 54.5
29.5 18.5
29.5 19.5
29.5 20.5
29.5 21.5
29.5 31.5
29.5 32.5
29.5 33.5
29.5 34.5
29.5 52.5
29.5 53.5
29.5 54.5
29.5 55.5
30.5 18.5
30.5 19.5
30.5 20.5
30.5 32.5
30.5 33.5
30.5 34.5
30.5 53.5
30.5 54.5
30.5 55.5
31.5 33.5
31.5 34.5
34.5 14.5
34.5 15.5
34.5 38.5
34.5 59.5
35.5 12.5
35.5 13.5
35.5 14.5
35.5 15.5
35.5 38.5
35.5 39.5
35.5 40.5
35.5 58.5
35.5 59.5
35.5 60.5
35.5 61.5
36.5 12.5
36.5 13.5
36.5 14.5
36.5 38.5
36.5 39.5
36.5 40.5
36.5 41.5
36.5 59.5
36.5 60.5
36.5 61.5
36.5 62.5
37.5 11.5
37.5 12.5
37.5 13.5
37.5 39.5
37.5 40.5
37.5 41.5
37.5 42.5
37.5 60.5
37.5 61.5
37.5 62.5
38.5 40.5
38.5 41.5
38.5 42.5
48.5 19.5
48.5 20.5
48.5 21.5
48.5 40.5
48.5 41.5
48.5 42.5
49.5 18.5
49.5 19.5
49.5 20.5
49.5 21.5
49.5 39.5
49.5 40.5
49.5 41.5
49.5 42.5
49.5 60.5
49.5 61.5
49.5 62.5
50.5 18.5
50.5 19.5
50.5 20.5
50.5 39.5
50.5 40.5
50.5 41.5
50.5 59.5
50.5 60.5
50.5 61.5
50.5 62.5
51.5 18.5
51.5 19.5
51.5 39.5
51.5 40.5
51.5 59.5
51.5 60.5
51.5 61.5
52.5 59.5
52.5 60.5
55.5 13.5
55.5 14.5
55.5 33.5
55.5 34.5
55.5 35.5
55.5 54.5
55.5 55.5
56.5 11.5
56.5 12.5
56.5 13.5
56.5 14.5
56.5 32.5
56.5 33.5
56.5 34.5
56.5 53.5
56.5 54.5
56.5 55.5
57.5 11.5
57.5 12.5
57.5 13.5
57.5 31.5
57.5 32.5
57.5 33.5
57.5 34.5
57.5 52.5
57.5 53.5
57.5 54.5
57.5 55.5
58.5 11.5
58.5 12.5
58.5 13.5
58.5 31.5
58.5 32.5
58.5 52.5
58.5 53.5
58.5 54.5
