4.5 11.5
4.5 19.5
4.5 24.5
4.5 33.5
4.5 63.5
5.5 11.5
5.5 19.5
5.5 24.5
5.5 33.5
5.5 34.5
5.5 39.5
5.5 63.5
6.5 11.5
6.5 12.5
6.5 19.5
6.5 20.5
6.5 24.5
6.5 34.5
6.5 39.5
6.5 55.5
6.5 62.5
7.5 12.5
7.5 20.5
7.5 34.5
7.5 39.5
7.5 47.5
7.5 55.5
7.5 62.5
8.5 12.5
8.5 16.5
8.5 39.5
8.5 47.5
8.5 55.5
8.5 61.5
8.5 65.5
9.5 8.5
9.5 16.5
9.5 27.5
9.5 31.5
9.5 46.5
9.5 51.5
9.5 65.5
10.5 8.5
10.5 9.5
10.5 17.5
10.5 27.5
10.5 31.5
10.5 42.5
10.5 51.5
10.5 65.5
11.5 9.5
11.5 17.5
11.5 26.5
11.5 27.5
11.5 32.5
11.5 42.5
11.5 50.5
11.5 51.5
11.5 58.5
11.5 65.5
12.5 9.5
12.5 17.5
12.5 26.5
12.5 32.5
12.5 41.5
12.5 50.5
12.5 58.5
12.5 65.5
13.5 50.5
17.5 25.5
17.5 34.5
17.5 41.5
17.5 50.5
17.5 63.5
18.5 11.5
18.5 19.5
18.5 24.5
18.5 25.5
18.5 34.5
18.5 42.5
18.5 50.5
18.5 59.5
18.5 63.5
19.5 11.5
19.5 19.5
19.5 24.5
19.5 35.5
19.5 42.5
19.5 50.5
19.5 59.5
19.5 63.5
20.5 11.5
20.5 19.5
20.5 24.5
20.5 35.5
20.5 43.5
20.5 50.5
20.5 59.5
20.5 62.5
21.5 11.5
21.5 39.5
21.5 46.5
21.5 50.5
21.5 55.5
22.5 16.5
22.5 28.5
22.5 32.5
22.5 39.5
22.5 46.5
22.5 55.5
22.5 66.5
23.5 8.5
23.5 16.5
23.5 27.5
23.5 28.5
23.5 32.5
23.5 33.5
23.5 40.5
23.5 55.5
23.5 65.5
23.5 66.5
24.5 8.5
24.5 16.5
24.5 17.5
24.5 27.5
24.5 33.5
24.5 40.5
24.5 47.5
24.5 55.5
24.5 65.5
25.5 9.5
25.5 17.5
25.5 27.5
25.5 33.5
25.5 55.5
25.5 65.5
26.5 9.5
29.5 9.5
29.5 55.5
30.5 8.5
30.5 18.5
30.5 19.5
30.5 25.5
30.5 34.5
30.5 40.5
30.5 47.5
30.5 54.5
30.5 55.5
30.5 63.5
31.5 8.5
31.5 19.5
31.5 24.5
31.5 34.5
31.5 35.5
31.5 39.5
31.5 47.5
31.5 54.5
31.5 63.5
32.5 7.5
32.5 23.5
32.5 35.5
32.5 39.5
32.5 47.5
32.5 53.5
32.5 62.5
32.5 63.5
33.5 11.5
33.5 15.5
33.5 35.5
33.5 43.5
33.5 47.5
33.5 58.5
33.5 62.5
34.5 11.5
34.5 15.5
34.5 28.5
34.5 43.5
34.5 50.5
34.5 58.5
34.5 67.5
35.5 10.5
35.5 15.5
35.5 16.5
35.5 27.5
35.5 28.5
35.5 32.5
35.5 42.5
35.5 43.5
35.5 50.5
35.5 57.5
35.5 66.5
36.5 10.5
36.5 16.5
36.5 27.5
36.5 32.5
36.5 42.5
36.5 43.5
36.5 57.5
36.5 65.5
37.5 42.5
37.5 65.5
40.5 25.5
41.5 17.5
41.5 18.5
41.5 25.5
42.5 8.5
42.5 18.5
42.5 24.5
42.5 25.5
42.5 34.5
42.5 41.5
42.5 50.5
42.5 55.5
42.5 65.5
43.5 8.5
43.5 18.5
43.5 19.5
43.5 24.5
43.5 35.5
43.5 40.5
43.5 41.5
43.5 55.5
43.5 65.5
44.5 8.5
44.5 19.5
44.5 24.5
44.5 35.5
44.5 40.5
44.5 41.5
44.5 51.5
44.5 55.5
44.5 65.5
45.5 8.5
45.5 36.5
45.5 51.5
45.5 54.5
46.5 11.5
46.5 14.5
46.5 15.5
46.5 28.5
46.5 32.5
46.5 44.5
46.5 47.5
46.5 51.5
46.5 58.5
47.5 15.5
47.5 27.5
47.5 28.5
47.5 32.5
47.5 33.5
47.5 43.5
47.5 47.5
47.5 48.5
47.5 58.5
47.5 62.5
48.5 10.5
48.5 15.5
48.5 16.5
48.5 27.5
48.5 33.5
48.5 48.5
48.5 57.5
48.5 62.5
49.5 10.5
49.5 16.5
49.5 26.5
49.5 27.5
49.5 33.5
49.5 48.5
49.5 57.5
50.5 10.5
50.5 26.5
53.5 17.5
53.5 25.5
54.5 9.5
54.5 17.5
54.5 26.5
54.5 34.5
54.5 42.5
54.5 47.5
54.5 56.5
54.5 64.5
55.5 9.5
55.5 17.5
55.5 26.5
55.5 34.5
55.5 42.5
55.5 47.5
55.5 55.5
55.5 65.5
56.5 8.5
56.5 17.5
56.5 22.5
56.5 27.5
56.5 34.5
56.5 47.5
56.5 55.5
56.5 65.5
57.5 8.5
57.5 22.5
57.5 34.5
57.5 39.5
57.5 43.5
57.5 46.5
57.5 47.5
57.5 55.5
58.5 12.5
58.5 13.5
58.5 22.5
58.5 30.5
58.5 34.5
58.5 39.5
58.5 46.5
58.5 51.5
58.5 58.5
58.5 62.5
59.5 12.5
59.5 13.5
59.5 22.5
59.5 23.5
59.5 30.5
59.5 39.5
59.5 40.5
59.5 51.5
59.5 58.5
59.5 62.5
59.5 63.5
60.5 11.5
60.5 12.5
60.5 31.5
60.5 39.5
60.5 40.5
60.5 50.5
60.5 58.5
60.5 63.5
61.5 11.5
61.5 31.5
61.5 39.5
61.5 40.5
61.5 50.5
61.5 58.5
61.5 63.5
62.5 40.5
62.5 58.5
63.5 20.5
