7.5 25.5
7.5 26.5
7.5 27.5
7.5 57.5
7.5 58.5
7.5 59.5
8.5 16.5
8.5 17.5
8.5 25.5
8.5 26.5
8.5 27.5
8.5 41.5
8.5 42.5
8.5 43.5
8.5 57.5
8.5 58.5
8.5 59.5
9.5 15.5
9.5 16.5
9.5 17.5
9.5 18.5
9.5 25.5
9.5 26.5
9.5 27.5
9.5 41.5
9.5 42.5
9.5 43.5
9.5 44.5
9.5 57.5
9.5 58.5
9.5 59.5
10.5 15.5
10.5 16.5
10.5 17.5
10.5 41.5
10.5 42.5
10.5 43.5
10.5 44.5
14.5 31.5
14.5 32.5
14.5 33.5
14.5 48.5
14.5 49.5
14.5 62.5
14.5 63.5
15.5 11.5
15.5 12.5
15.5 13.5
15.5 30.5
15.5 31.5
15.5 32.5
15.5 33.5
15.5 47.5
15.5 48.5
15.5 49.5
15.5 62.5
15.5 63.5
15.5 64.5
16.5 11.5
16.5 12.5
16.5 13.5
16.5 31.5
16.5 32.5
16.5 33.5
16.5 47.5
16.5 48.5
16.5 49.5
16.5 61.5
16.5 62.5
16.5 63.5
16.5 64.5
17.5 11.5
17.5 12.5
17.5 13.5
17.5 48.5
17.5 49.5
17.5 62.5
17.5 63.5
17.5 64.5
26.5 17.5
26.5 27.5
27.5 16.5
27.5 17.5
27.5 18.5
27.5 26.5
27.5 27.5
27.5 28.5
28.5 16.5
28.5 17.5
28.5 18.5
28.5 26.5
28.5 27.5
28.5 28.5
28.5 29.5
28.5 47.5
28.5 48.5
28.5 49.5
29.5 16.5
29.5 17.5
29.5 27.5
29.5 28.5
29.5 46.5
29.5 47.5
29.5 48.5
29.5 49.5
29.5 56.5
29.5 57.5
29.5 58.5
30.5 46.5
30.5 47.5
30.5 48.5
30.5 49.5
30.5 56.5
30.5 57.5
30.5 58.5
31.5 56.5
31.5 57.5
31.5 58.5
34.5 10.5
34.5 11.5
34.5 12.5
34.5 13.5
34.5 31.5
34.5 32.5
34.5 33.5
35.5 9.5
35.5 10.5
35.5 11.5
35.5 12.5
35.5 13.5
35.5 31.5
35.5 32.5
35.5 33.5
35.5 34.5
35.5 42.5
36.5 9.5
36.5 10.5
36.5 11.5
36.5 12.5
36.5 31.5
36.5 32.5
36.5 33.5
36.5 34.5
36.5 41.5
36.5 42.5
36.5 43.5
36.5 61.5
36.5 62.5
36.5 63.5
37.5 32.5
37.5 33.5
37.5 34.5
37.5 41.5
37.5 42.5
37.5 43.5
37.5 61.5
37.5 62.5
37.5 63.5
38.5 41.5
38.5 42.5
38.5 43.5
38.5 61.5
38.5 62.5
38.5 63.5
47.5 11.5
47.5 12.5
48.5 10.5
48.5 11.5
48.5 12.5
48.5 13.5
48.5 27.5
48.5 61.5
48.5 62.5
48.5 63.5
49.5 10.5
49.5 11.5
49.5 12.5
49.5 13.5
49.5 26.5
49.5 27.5
49.5 28.5
49.5 29.5
49.5 47.5
49.5 48.5
49.5 61.5
49.5 62.5
49.5 63.5
50.5 11.5
50.5 12.5
50.5 13.5
50.5 26.5
50.5 27.5
50.5 28.5
50.5 29.5
50.5 46.5
50.5 47.5
50.5 48.5
50.5 49.5
50.5 61.5
50.5 62.5
50.5 63.5
51.5 26.5
51.5 27.5
51.5 28.5
51.5 29.5
51.5 46.5
51.5 47.5
51.5 48.5
51.5 49.5
52.5 27.5
52.5 28.5
52.5 47.5
52.5 48.5
54.5 18.5
55.5 17.5
55.5 18.5
55.5 19.5
55.5 56.5
55.5 57.5
55.5 58.5
56.5 16.5
56.5 17.5
56.5 18.5
56.5 19.5
56.5 42.5
56.5 43.5
56.5 56.5
56.5 57.5
56.5 58.5
56.5 59.5
57.5 17.5
57.5 18.5
57.5 19.5
57.5 32.5
57.5 41.5
57.5 42.5
57.5 43.5
57.5 44.5
57.5 56.5
57.5 57.5
57.5 58.5
58.5 18.5
58.5 31.5
58.5 32.5
58.5 33.5
58.5 41.5
58.5 42.5
58.5 43.5
58.5 44.5
59.5 31.5
59.5 32.5
59.5 33.5
59.5 41.5
59.5 42.5
59.5 43.5
60.5 31.5
60.5 32.5
