3.5 27.5
3.5 37.5
4.5 20.5
4.5 21.5
4.5 26.5
4.5 27.5
4.5 37.5
4.5 38.5
4.5 39.5
4.5 44.5
4.5 45.5
5.5 9.5
5.5 10.5
5.5 20.5
5.5 21.5
5.5 22.5
5.5 26.5
5.5 44.5
5.5 56.5
5.5 63.5
6.5 8.5
6.5 9.5
6.5 10.5
6.5 21.5
6.5 22.5
6.5 56.5
6.5 57.5
6.5 63.5
7.5 13.5
7.5 17.5
7.5 29.5
7.5 33.5
7.5 34.5
7.5 35.5
7.5 47.5
7.5 48.5
7.5 57.5
7.5 58.5
8.5 12.5
8.5 18.5
8.5 19.5
8.5 28.5
8.5 29.5
8.5 33.5
8.5 34.5
8.5 35.5
8.5 46.5
8.5 47.5
8.5 52.5
8.5 53.5
8.5 61.5
9.5 28.5
9.5 53.5
9.5 54.5
9.5 61.5
9.5 62.5
10.5 54.5
10.5 62.5
12.5 11.5
12.5 12.5
12.5 17.5
12.5 18.5
12.5 19.5
12.5 37.5
12.5 38.5
12.5 44.5
12.5 45.5
13.5 12.5
13.5 13.5
13.5 17.5
13.5 18.5
13.5 26.5
13.5 27.5
13.5 36.5
13.5 37.5
13.5 38.5
13.5 39.5
13.5 44.5
13.5 45.5
14.5 26.5
14.5 38.5
14.5 39.5
14.5 55.5
14.5 56.5
14.5 63.5
14.5 64.5
15.5 8.5
15.5 9.5
15.5 20.5
15.5 21.5
15.5 22.5
15.5 56.5
15.5 57.5
15.5 64.5
16.5 9.5
16.5 10.5
16.5 20.5
16.5 21.5
16.5 29.5
16.5 34.5
16.5 35.5
16.5 47.5
16.5 51.5
16.5 52.5
17.5 28.5
17.5 29.5
17.5 30.5
17.5 34.5
17.5 35.5
17.5 36.5
17.5 46.5
17.5 47.5
17.5 52.5
17.5 53.5
17.5 61.5
17.5 62.5
18.5 53.5
18.5 62.5
20.5 11.5
20.5 18.5
20.5 19.5
21.5 11.5
21.5 12.5
21.5 17.5
21.5 18.5
21.5 19.5
21.5 29.5
21.5 38.5
21.5 46.5
21.5 64.5
22.5 11.5
22.5 12.5
22.5 17.5
22.5 18.5
22.5 29.5
22.5 30.5
22.5 38.5
22.5 39.5
22.5 46.5
22.5 47.5
22.5 55.5
22.5 56.5
22.5 64.5
22.5 65.5
23.5 12.5
23.5 17.5
23.5 30.5
23.5 38.5
23.5 39.5
23.5 43.5
23.5 47.5
23.5 55.5
23.5 56.5
23.5 57.5
23.5 65.5
24.5 21.5
24.5 22.5
24.5 26.5
24.5 27.5
24.5 43.5
24.5 44.5
24.5 51.5
24.5 61.5
25.5 8.5
25.5 9.5
25.5 20.5
25.5 21.5
25.5 22.5
25.5 26.5
25.5 27.5
25.5 34.5
25.5 35.5
25.5 43.5
25.5 44.5
25.5 51.5
25.5 52.5
25.5 53.5
25.5 61.5
25.5 62.5
26.5 8.5
26.5 9.5
26.5 10.5
26.5 20.5
26.5 21.5
26.5 27.5
26.5 35.5
26.5 44.5
26.5 53.5
26.5 62.5
27.5 9.5
27.5 10.5
30.5 19.5
30.5 20.5
30.5 28.5
30.5 29.5
30.5 34.5
30.5 35.5
30.5 43.5
30.5 44.5
30.5 53.5
30.5 54.5
30.5 64.5
30.5 65.5
31.5 11.5
31.5 12.5
31.5 20.5
31.5 21.5
31.5 28.5
31.5 29.5
31.5 33.5
31.5 34.5
31.5 35.5
31.5 43.5
31.5 44.5
31.5 52.5
31.5 53.5
31.5 54.5
31.5 65.5
32.5 11.5
32.5 12.5
32.5 13.5
32.5 16.5
32.5 17.5
32.5 29.5
32.5 42.5
32.5 43.5
32.5 65.5
32.5 66.5
33.5 16.5
33.5 17.5
33.5 18.5
33.5 25.5
33.5 26.5
33.5 37.5
33.5 38.5
33.5 47.5
33.5 48.5
33.5 57.5
33.5 61.5
34.5 27.5
34.5 36.5
34.5 37.5
34.5 38.5
34.5 46.5
34.5 47.5
34.5 48.5
34.5 56.5
34.5 57.5
34.5 61.5
34.5 62.5
35.5 8.5
35.5 9.5
35.5 37.5
35.5 46.5
35.5 47.5
35.5 56.5
35.5 61.5
35.5 62.5
35.5 63.5
36.5 62.5
37.5 18.5
38.5 17.5
38.5 18.5
38.5 26.5
38.5 27.5
39.5 10.5
39.5 11.5
39.5 12.5
39.5 17.5
39.5 18.5
39.5 26.5
39.5 27.5
39.5 35.5
39.5 36.5
39.5 46.5
39.5 47.5
39.5 54.5
40.5 11.5
40.5 12.5
40.5 17.5
40.5 26.5
40.5 34.5
40.5 35.5
40.5 36.5
40.5 45.5
40.5 46.5
40.5 53.5
40.5 54.5
40.5 63.5
40.5 64.5
40.5 65.5
41.5 12.5
41.5 21.5
41.5 22.5
41.5 34.5
41.5 35.5
41.5 44.5
41.5 45.5
41.5 53.5
42.5 20.5
42.5 21.5
42.5 22.5
42.5 29.5
42.5 30.5
42.5 40.5
42.5 49.5
43.5 7.5
43.5 8.5
43.5 9.5
43.5 20.5
43.5 21.5
43.5 29.5
43.5 30.5
43.5 38.5
43.5 39.5
43.5 40.5
43.5 48.5
43.5 49.5
43.5 55.5
43.5 56.5
43.5 60.5
43.5 61.5
44.5 8.5
44.5 9.5
44.5 10.5
44.5 29.5
44.5 38.5
44.5 39.5
44.5 48.5
44.5 55.5
44.5 56.5
44.5 61.5
45.5 55.5
47.5 63.5
48.5 20.5
48.5 21.5
48.5 30.5
48.5 38.5
48.5 39.5
48.5 47.5
48.5 63.5
48.5 64.5
49.5 11.5
49.5 12.5
49.5 20.5
49.5 21.5
49.5 22.5
49.5 30.5
49.5 31.5
49.5 38.5
49.5 39.5
49.5 40.5
49.5 47.5
49.5 48.5
49.5 52.5
49.5 53.5
49.5 64.5
49.5 65.5
50.5 11.5
50.5 12.5
50.5 13.5
50.5 21.5
50.5 22.5
50.5 31.5
50.5 39.5
50.5 48.5
50.5 52.5
51.5 12.5
51.5 13.5
51.5 26.5
51.5 27.5
51.5 35.5
51.5 44.5
51.5 45.5
51.5 56.5
51.5 57.5
51.5 61.5
52.5 7.5
52.5 8.5
52.5 17.5
52.5 18.5
52.5 26.5
52.5 27.5
52.5 28.5
52.5 35.5
52.5 36.5
52.5 44.5
52.5 45.5
52.5 55.5
52.5 56.5
52.5 61.5
52.5 62.5
53.5 8.5
53.5 9.5
53.5 17.5
53.5 18.5
53.5 28.5
53.5 36.5
53.5 55.5
54.5 9.5
54.5 18.5
56.5 64.5
56.5 65.5
57.5 26.5
57.5 27.5
57.5 28.5
57.5 36.5
57.5 43.5
57.5 44.5
57.5 55.5
57.5 56.5
57.5 64.5
57.5 65.5
58.5 8.5
58.5 9.5
58.5 19.5
58.5 20.5
58.5 21.5
58.5 25.5
58.5 26.5
58.5 27.5
58.5 35.5
58.5 36.5
58.5 43.5
58.5 44.5
58.5 56.5
58.5 57.5
58.5 65.5
58.5 66.5
59.5 7.5
59.5 8.5
59.5 9.5
59.5 20.5
59.5 21.5
59.5 35.5
59.5 43.5
59.5 61.5
59.5 62.5
60.5 30.5
60.5 31.5
60.5 38.5
60.5 39.5
60.5 46.5
60.5 47.5
60.5 51.5
60.5 52.5
60.5 53.5
60.5 62.5
60.5 63.5
61.5 11.5
61.5 12.5
61.5 17.5
61.5 18.5
61.5 29.5
61.5 30.5
61.5 31.5
61.5 38.5
61.5 39.5
61.5 46.5
61.5 47.5
61.5 52.5
61.5 53.5
61.5 62.5
61.5 63.5
62.5 29.5
62.5 38.5
62.5 46.5
62.5 53.5
