4.5 31.5
4.5 32.5
4.5 61.5
4.5 62.5
5.5 15.5
5.5 16.5
5.5 31.5
5.5 32.5
5.5 46.5
5.5 47.5
5.5 60.5
5.5 61.5
5.5 62.5
6.5 15.5
6.5 16.5
6.5 17.5
6.5 31.5
6.5 32.5
6.5 46.5
6.5 47.5
6.5 60.5
6.5 61.5
7.5 16.5
7.5 40.5
7.5 41.5
8.5 10.5
8.5 26.5
8.5 27.5
8.5 40.5
8.5 41.5
8.5 56.5
9.5 9.5
9.5 10.5
9.5 11.5
9.5 26.5
9.5 27.5
9.5 40.5
9.5 41.5
9.5 55.5
9.5 56.5
10.5 55.5
10.5 56.5
14.5 11.5
14.5 12.5
14.5 25.5
14.5 40.5
14.5 41.5
15.5 11.5
15.5 12.5
15.5 24.5
15.5 25.5
15.5 26.5
15.5 40.5
15.5 41.5
15.5 42.5
15.5 55.5
15.5 56.5
16.5 25.5
16.5 26.5
16.5 41.5
16.5 42.5
16.5 55.5
16.5 56.5
17.5 16.5
18.5 15.5
18.5 16.5
18.5 17.5
18.5 30.5
18.5 31.5
18.5 32.5
18.5 46.5
18.5 47.5
18.5 60.5
18.5 61.5
18.5 62.5
19.5 16.5
19.5 17.5
19.5 30.5
19.5 31.5
19.5 32.5
19.5 46.5
19.5 47.5
19.5 61.5
20.5 31.5
24.5 10.5
24.5 11.5
24.5 42.5
24.5 43.5
24.5 57.5
25.5 10.5
25.5 11.5
25.5 26.5
25.5 27.5
25.5 42.5
25.5 43.5
25.5 44.5
25.5 56.5
25.5 57.5
25.5 58.5
26.5 10.5
26.5 11.5
26.5 25.5
26.5 26.5
26.5 27.5
26.5 57.5
26.5 58.5
27.5 26.5
28.5 15.5
28.5 32.5
28.5 33.5
28.5 47.5
28.5 48.5
28.5 49.5
28.5 61.5
28.5 62.5
29.5 14.5
29.5 15.5
29.5 16.5
29.5 31.5
29.5 32.5
29.5 33.5
29.5 47.5
29.5 48.5
29.5 49.5
29.5 61.5
29.5 62.5
29.5 63.5
30.5 14.5
30.5 15.5
30.5 16.5
30.5 32.5
30.5 62.5
35.5 10.5
35.5 11.5
35.5 31.5
35.5 32.5
35.5 48.5
35.5 49.5
35.5 57.5
35.5 58.5
36.5 10.5
36.5 11.5
36.5 31.5
36.5 32.5
36.5 33.5
36.5 47.5
36.5 48.5
36.5 49.5
36.5 57.5
36.5 58.5
37.5 10.5
37.5 11.5
37.5 31.5
37.5 32.5
37.5 57.5
37.5 58.5
38.5 42.5
38.5 43.5
38.5 63.5
39.5 15.5
39.5 16.5
39.5 17.5
39.5 25.5
39.5 26.5
39.5 27.5
39.5 42.5
39.5 43.5
39.5 62.5
39.5 63.5
39.5 64.5
40.5 15.5
40.5 16.5
40.5 25.5
40.5 26.5
40.5 27.5
40.5 42.5
40.5 43.5
40.5 62.5
40.5 63.5
40.5 64.5
45.5 11.5
45.5 26.5
45.5 47.5
46.5 10.5
46.5 11.5
46.5 12.5
46.5 25.5
46.5 26.5
46.5 27.5
46.5 46.5
46.5 47.5
46.5 48.5
46.5 63.5
46.5 64.5
47.5 11.5
47.5 12.5
47.5 26.5
47.5 27.5
47.5 46.5
47.5 47.5
47.5 48.5
47.5 62.5
47.5 63.5
47.5 64.5
48.5 63.5
49.5 16.5
49.5 17.5
49.5 31.5
49.5 40.5
49.5 41.5
49.5 57.5
49.5 58.5
50.5 16.5
50.5 17.5
50.5 30.5
50.5 31.5
50.5 32.5
50.5 40.5
50.5 41.5
50.5 42.5
50.5 57.5
50.5 58.5
51.5 41.5
51.5 57.5
51.5 58.5
55.5 26.5
55.5 41.5
55.5 42.5
56.5 16.5
56.5 17.5
56.5 25.5
56.5 26.5
56.5 27.5
56.5 41.5
56.5 42.5
56.5 57.5
56.5 58.5
57.5 16.5
57.5 17.5
57.5 26.5
57.5 56.5
57.5 57.5
57.5 58.5
58.5 31.5
58.5 32.5
58.5 47.5
58.5 48.5
58.5 57.5
59.5 11.5
59.5 12.5
59.5 31.5
59.5 32.5
59.5 47.5
59.5 48.5
60.5 11.5
60.5 12.5
60.5 31.5
60.5 32.5
60.5 47.5
60.5 61.5
60.5 62.5
60.5 63.5
61.5 61.5
61.5 62.5
