3.5 27.5
3.5 35.5
3.5 62.5
4.5 12.5
4.5 13.5
4.5 20.5
4.5 21.5
4.5 26.5
4.5 27.5
4.5 34.5
4.5 35.5
4.5 44.5
4.5 45.5
4.5 55.5
4.5 56.5
4.5 61.5
4.5 62.5
5.5 13.5
5.5 34.5
5.5 43.5
5.5 44.5
5.5 56.5
5.5 57.5
5.5 61.5
6.5 17.5
6.5 18.5
6.5 29.5
6.5 30.5
6.5 38.5
6.5 39.5
6.5 64.5
7.5 8.5
7.5 9.5
7.5 10.5
7.5 18.5
7.5 19.5
7.5 29.5
7.5 37.5
7.5 38.5
7.5 39.5
7.5 47.5
7.5 48.5
7.5 52.5
7.5 53.5
7.5 63.5
7.5 64.5
8.5 46.5
8.5 47.5
8.5 53.5
8.5 54.5
8.5 63.5
8.5 64.5
11.5 8.5
11.5 9.5
11.5 20.5
11.5 21.5
11.5 29.5
11.5 35.5
11.5 36.5
12.5 7.5
12.5 8.5
12.5 9.5
12.5 20.5
12.5 21.5
12.5 30.5
12.5 34.5
12.5 35.5
12.5 36.5
12.5 46.5
12.5 47.5
12.5 55.5
12.5 56.5
12.5 64.5
12.5 65.5
13.5 13.5
13.5 17.5
13.5 25.5
13.5 26.5
13.5 47.5
13.5 48.5
13.5 56.5
13.5 65.5
14.5 11.5
14.5 12.5
14.5 17.5
14.5 18.5
14.5 26.5
14.5 27.5
14.5 38.5
14.5 39.5
14.5 44.5
14.5 52.5
14.5 53.5
14.5 60.5
14.5 61.5
15.5 11.5
15.5 18.5
15.5 38.5
15.5 39.5
15.5 44.5
15.5 45.5
15.5 53.5
15.5 61.5
15.5 62.5
18.5 27.5
19.5 11.5
19.5 12.5
19.5 19.5
19.5 20.5
19.5 25.5
19.5 26.5
19.5 27.5
19.5 36.5
19.5 37.5
19.5 47.5
19.5 48.5
19.5 52.5
19.5 53.5
19.5 63.5
19.5 64.5
20.5 11.5
20.5 12.5
20.5 20.5
20.5 21.5
20.5 25.5
20.5 26.5
20.5 35.5
20.5 36.5
20.5 48.5
20.5 52.5
20.5 63.5
20.5 64.5
20.5 65.5
21.5 8.5
21.5 30.5
21.5 55.5
21.5 56.5
22.5 8.5
22.5 9.5
22.5 16.5
22.5 17.5
22.5 18.5
22.5 29.5
22.5 30.5
22.5 39.5
22.5 40.5
22.5 44.5
22.5 45.5
22.5 55.5
22.5 60.5
22.5 61.5
23.5 9.5
23.5 17.5
23.5 18.5
23.5 29.5
23.5 38.5
23.5 39.5
23.5 45.5
23.5 61.5
26.5 53.5
27.5 9.5
27.5 17.5
27.5 18.5
27.5 29.5
27.5 30.5
27.5 37.5
27.5 38.5
27.5 46.5
27.5 47.5
27.5 52.5
27.5 53.5
27.5 61.5
27.5 62.5
28.5 8.5
28.5 9.5
28.5 17.5
28.5 30.5
28.5 31.5
28.5 38.5
28.5 47.5
28.5 48.5
28.5 52.5
28.5 60.5
28.5 61.5
29.5 8.5
29.5 21.5
29.5 25.5
29.5 26.5
29.5 34.5
29.5 35.5
29.5 43.5
29.5 56.5
30.5 11.5
30.5 12.5
30.5 20.5
30.5 21.5
30.5 26.5
30.5 27.5
30.5 35.5
30.5 43.5
30.5 44.5
30.5 55.5
30.5 56.5
30.5 64.5
31.5 11.5
31.5 44.5
31.5 54.5
31.5 55.5
31.5 63.5
31.5 64.5
34.5 18.5
34.5 28.5
34.5 29.5
34.5 35.5
35.5 11.5
35.5 12.5
35.5 17.5
35.5 18.5
35.5 29.5
35.5 30.5
35.5 34.5
35.5 35.5
35.5 42.5
35.5 43.5
35.5 44.5
35.5 52.5
35.5 53.5
35.5 61.5
35.5 62.5
36.5 11.5
36.5 12.5
36.5 13.5
36.5 17.5
36.5 30.5
36.5 34.5
36.5 42.5
36.5 43.5
36.5 51.5
36.5 52.5
36.5 61.5
37.5 21.5
37.5 26.5
37.5 37.5
37.5 38.5
37.5 47.5
37.5 56.5
37.5 65.5
38.5 8.5
38.5 9.5
38.5 20.5
38.5 21.5
38.5 26.5
38.5 27.5
38.5 37.5
38.5 38.5
38.5 46.5
38.5 47.5
38.5 55.5
38.5 56.5
38.5 64.5
39.5 9.5
39.5 19.5
39.5 20.5
39.5 26.5
39.5 27.5
39.5 37.5
39.5 55.5
42.5 9.5
42.5 44.5
42.5 54.5
42.5 55.5
42.5 64.5
43.5 8.5
43.5 9.5
43.5 19.5
43.5 20.5
43.5 28.5
43.5 29.5
43.5 38.5
43.5 39.5
43.5 43.5
43.5 44.5
43.5 55.5
43.5 56.5
43.5 65.5
43.5 66.5
44.5 20.5
44.5 21.5
44.5 29.5
44.5 30.5
44.5 51.5
45.5 11.5
45.5 12.5
45.5 16.5
45.5 17.5
45.5 34.5
45.5 35.5
45.5 47.5
45.5 48.5
45.5 52.5
45.5 60.5
45.5 61.5
45.5 62.5
46.5 10.5
46.5 11.5
46.5 16.5
46.5 17.5
46.5 18.5
46.5 25.5
46.5 26.5
46.5 35.5
46.5 36.5
46.5 46.5
47.5 27.5
49.5 55.5
49.5 61.5
49.5 62.5
49.5 63.5
50.5 8.5
50.5 9.5
50.5 19.5
50.5 20.5
50.5 26.5
50.5 27.5
50.5 37.5
50.5 38.5
50.5 46.5
50.5 47.5
50.5 55.5
50.5 56.5
50.5 60.5
50.5 61.5
50.5 62.5
51.5 7.5
51.5 8.5
51.5 25.5
51.5 38.5
51.5 39.5
51.5 47.5
51.5 48.5
52.5 16.5
52.5 17.5
52.5 43.5
52.5 52.5
52.5 53.5
52.5 65.5
52.5 66.5
53.5 10.5
53.5 11.5
53.5 17.5
53.5 18.5
53.5 28.5
53.5 29.5
53.5 34.5
53.5 35.5
53.5 43.5
53.5 44.5
53.5 52.5
53.5 53.5
53.5 54.5
53.5 64.5
53.5 65.5
54.5 34.5
54.5 35.5
54.5 44.5
54.5 45.5
54.5 54.5
57.5 9.5
57.5 17.5
57.5 18.5
57.5 26.5
57.5 64.5
58.5 8.5
58.5 9.5
58.5 17.5
58.5 25.5
58.5 26.5
58.5 27.5
58.5 37.5
58.5 38.5
58.5 43.5
58.5 44.5
58.5 55.5
58.5 56.5
58.5 64.5
58.5 65.5
59.5 21.5
59.5 26.5
59.5 56.5
59.5 57.5
60.5 11.5
60.5 12.5
60.5 20.5
60.5 21.5
60.5 30.5
60.5 34.5
60.5 35.5
60.5 46.5
60.5 47.5
60.5 52.5
60.5 61.5
60.5 62.5
61.5 11.5
61.5 12.5
61.5 20.5
61.5 21.5
61.5 29.5
61.5 52.5
61.5 53.5
61.5 62.5
