7.5 10.5
7.5 11.5
7.5 37.5
7.5 38.5
7.5 44.5
7.5 45.5
7.5 58.5
8.5 11.5
8.5 26.5
8.5 27.5
8.5 58.5
8.5 59.5
12.5 33.5
12.5 34.5
12.5 49.5
12.5 50.5
13.5 14.5
13.5 15.5
13.5 22.5
13.5 50.5
13.5 62.5
13.5 63.5
21.5 45.5
22.5 14.5
22.5 15.5
22.5 26.5
22.5 33.5
22.5 34.5
22.5 46.5
22.5 59.5
23.5 25.5
23.5 46.5
23.5 47.5
23.5 59.5
23.5 60.5
27.5 9.5
27.5 10.5
27.5 11.5
27.5 22.5
27.5 37.5
27.5 38.5
27.5 51.5
28.5 21.5
28.5 52.5
28.5 63.5
28.5 64.5
37.5 9.5
37.5 10.5
37.5 22.5
37.5 23.5
37.5 38.5
37.5 39.5
37.5 46.5
37.5 47.5
37.5 58.5
37.5 59.5
38.5 10.5
38.5 38.5
38.5 59.5
38.5 60.5
42.5 13.5
42.5 14.5
42.5 26.5
42.5 35.5
42.5 51.5
43.5 14.5
43.5 15.5
43.5 26.5
43.5 27.5
43.5 33.5
43.5 34.5
43.5 35.5
43.5 51.5
43.5 52.5
43.5 62.5
43.5 63.5
44.5 63.5
44.5 64.5
52.5 14.5
52.5 15.5
52.5 22.5
52.5 52.5
53.5 13.5
53.5 22.5
53.5 38.5
53.5 51.5
53.5 59.5
53.5 60.5
54.5 37.5
54.5 60.5
57.5 9.5
57.5 10.5
57.5 47.5
58.5 24.5
58.5 25.5
58.5 33.5
58.5 46.5
58.5 47.5
58.5 63.5
59.5 32.5
59.5 33.5
59.5 64.5
