3.5 19.5
5.5 39.5
5.5 47.5
6.5 22.5
6.5 31.5
6.5 54.5
7.5 61.5
7.5 62.5
8.5 10.5
8.5 42.5
10.5 27.5
10.5 34.5
10.5 56.5
11.5 18.5
11.5 56.5
12.5 64.5
17.5 36.5
17.5 47.5
18.5 19.5
19.5 10.5
19.5 19.5
19.5 24.5
19.5 25.5
19.5 55.5
20.5 61.5
23.5 14.5
23.5 32.5
23.5 33.5
23.5 49.5
23.5 50.5
23.5 57.5
24.5 26.5
24.5 64.5
24.5 65.5
25.5 26.5
29.5 39.5
30.5 33.5
30.5 34.5
30.5 47.5
31.5 10.5
31.5 54.5
31.5 65.5
32.5 10.5
32.5 15.5
32.5 25.5
34.5 40.5
34.5 41.5
35.5 30.5
36.5 11.5
36.5 17.5
36.5 22.5
36.5 57.5
36.5 62.5
37.5 17.5
37.5 22.5
37.5 57.5
42.5 10.5
42.5 39.5
44.5 23.5
44.5 55.5
44.5 66.5
45.5 23.5
46.5 42.5
46.5 50.5
47.5 34.5
48.5 17.5
48.5 27.5
48.5 59.5
48.5 64.5
53.5 40.5
54.5 16.5
54.5 35.5
54.5 50.5
54.5 56.5
55.5 16.5
55.5 67.5
58.5 10.5
58.5 31.5
58.5 41.5
58.5 46.5
59.5 46.5
60.5 23.5
60.5 63.5
60.5 64.5
62.5 35.5
