4.5 60.5
4.5 61.5
4.5 62.5
5.5 60.5
5.5 61.5
5.5 62.5
6.5 20.5
6.5 21.5
6.5 40.5
6.5 41.5
6.5 59.5
6.5 60.5
6.5 61.5
7.5 19.5
7.5 20.5
7.5 21.5
7.5 39.5
7.5 40.5
7.5 41.5
7.5 59.5
7.5 60.5
8.5 18.5
8.5 19.5
8.5 20.5
8.5 21.5
8.5 39.5
8.5 40.5
8.5 41.5
8.5 59.5
9.5 18.5
9.5 19.5
9.5 20.5
9.5 39.5
9.5 40.5
10.5 18.5
10.5 19.5
11.5 33.5
11.5 34.5
11.5 53.5
11.5 54.5
11.5 55.5
12.5 12.5
12.5 13.5
12.5 14.5
12.5 32.5
12.5 33.5
12.5 34.5
12.5 52.5
12.5 53.5
12.5 54.5
13.5 12.5
13.5 13.5
13.5 14.5
13.5 32.5
13.5 33.5
13.5 34.5
13.5 52.5
13.5 53.5
13.5 54.5
14.5 12.5
14.5 13.5
14.5 14.5
14.5 32.5
14.5 33.5
14.5 52.5
14.5 53.5
15.5 12.5
15.5 13.5
15.5 32.5
21.5 19.5
21.5 20.5
21.5 32.5
21.5 33.5
21.5 53.5
22.5 18.5
22.5 19.5
22.5 20.5
22.5 32.5
22.5 33.5
22.5 34.5
22.5 52.5
22.5 53.5
22.5 54.5
23.5 18.5
23.5 19.5
23.5 20.5
23.5 32.5
23.5 33.5
23.5 34.5
23.5 53.5
23.5 54.5
23.5 55.5
24.5 18.5
24.5 19.5
24.5 33.5
24.5 53.5
24.5 54.5
24.5 55.5
25.5 54.5
25.5 55.5
26.5 13.5
26.5 14.5
26.5 39.5
26.5 40.5
27.5 12.5
27.5 13.5
27.5 14.5
27.5 39.5
27.5 40.5
27.5 41.5
27.5 59.5
27.5 60.5
27.5 61.5
28.5 12.5
28.5 13.5
28.5 14.5
28.5 39.5
28.5 40.5
28.5 41.5
28.5 60.5
28.5 61.5
28.5 62.5
29.5 12.5
29.5 13.5
29.5 39.5
29.5 40.5
29.5 41.5
29.5 60.5
29.5 61.5
29.5 62.5
30.5 12.5
30.5 40.5
30.5 41.5
30.5 61.5
30.5 62.5
36.5 19.5
36.5 20.5
36.5 40.5
36.5 41.5
37.5 18.5
37.5 19.5
37.5 20.5
37.5 39.5
37.5 40.5
37.5 41.5
37.5 42.5
37.5 61.5
37.5 62.5
38.5 18.5
38.5 19.5
38.5 20.5
38.5 39.5
38.5 40.5
38.5 41.5
38.5 61.5
38.5 62.5
39.5 18.5
39.5 19.5
39.5 40.5
39.5 41.5
39.5 60.5
39.5 61.5
39.5 62.5
40.5 18.5
40.5 32.5
40.5 33.5
40.5 34.5
40.5 60.5
40.5 61.5
41.5 32.5
41.5 33.5
41.5 34.5
41.5 55.5
42.5 12.5
42.5 13.5
42.5 14.5
42.5 31.5
42.5 32.5
42.5 33.5
42.5 54.5
42.5 55.5
42.5 56.5
43.5 12.5
43.5 13.5
43.5 31.5
43.5 32.5
43.5 33.5
43.5 54.5
43.5 55.5
43.5 56.5
44.5 11.5
44.5 12.5
44.5 13.5
44.5 31.5
44.5 32.5
44.5 54.5
44.5 55.5
45.5 12.5
50.5 12.5
51.5 11.5
51.5 12.5
51.5 13.5
51.5 39.5
51.5 40.5
51.5 41.5
51.5 61.5
52.5 11.5
52.5 12.5
52.5 13.5
52.5 39.5
52.5 40.5
52.5 41.5
52.5 60.5
52.5 61.5
52.5 62.5
53.5 12.5
53.5 13.5
53.5 14.5
53.5 38.5
53.5 39.5
53.5 40.5
53.5 59.5
53.5 60.5
53.5 61.5
54.5 13.5
54.5 38.5
54.5 39.5
54.5 40.5
54.5 58.5
54.5 59.5
54.5 60.5
54.5 61.5
55.5 38.5
55.5 39.5
55.5 58.5
55.5 59.5
55.5 60.5
56.5 17.5
56.5 18.5
57.5 17.5
57.5 18.5
57.5 19.5
57.5 31.5
57.5 32.5
57.5 33.5
57.5 53.5
57.5 54.5
58.5 18.5
58.5 19.5
58.5 20.5
58.5 30.5
58.5 31.5
58.5 32.5
58.5 33.5
58.5 52.5
58.5 53.5
58.5 54.5
59.5 19.5
59.5 20.5
59.5 30.5
59.5 31.5
59.5 32.5
59.5 51.5
59.5 52.5
59.5 53.5
59.5 54.5
60.5 30.5
60.5 31.5
60.5 32.5
60.5 51.5
60.5 52.5
60.5 53.5
