3.5 54.5
3.5 55.5
4.5 19.5
4.5 20.5
4.5 21.5
4.5 22.5
4.5 33.5
4.5 34.5
4.5 35.5
4.5 36.5
4.5 52.5
4.5 53.5
4.5 54.5
4.5 55.5
4.5 56.5
5.5 21.5
5.5 22.5
5.5 23.5
5.5 32.5
5.5 33.5
5.5 34.5
5.5 52.5
5.5 53.5
5.5 54.5
6.5 12.5
6.5 13.5
6.5 14.5
6.5 15.5
6.5 40.5
6.5 41.5
6.5 42.5
6.5 43.5
6.5 61.5
6.5 62.5
7.5 13.5
7.5 14.5
7.5 15.5
7.5 16.5
7.5 39.5
7.5 40.5
7.5 41.5
7.5 42.5
7.5 59.5
7.5 60.5
7.5 61.5
7.5 62.5
11.5 18.5
11.5 19.5
11.5 20.5
11.5 39.5
11.5 40.5
11.5 41.5
11.5 42.5
11.5 54.5
11.5 55.5
11.5 56.5
12.5 18.5
12.5 19.5
12.5 20.5
12.5 21.5
12.5 22.5
12.5 41.5
12.5 42.5
12.5 43.5
12.5 52.5
12.5 53.5
12.5 54.5
12.5 55.5
13.5 20.5
13.5 21.5
13.5 22.5
14.5 11.5
14.5 12.5
14.5 13.5
14.5 32.5
14.5 33.5
14.5 34.5
14.5 35.5
14.5 36.5
14.5 59.5
14.5 60.5
14.5 61.5
14.5 62.5
14.5 63.5
15.5 12.5
15.5 13.5
15.5 14.5
15.5 15.5
15.5 32.5
15.5 33.5
15.5 34.5
15.5 35.5
15.5 36.5
15.5 59.5
15.5 60.5
15.5 61.5
19.5 13.5
19.5 14.5
19.5 33.5
19.5 34.5
19.5 35.5
19.5 36.5
19.5 59.5
19.5 60.5
19.5 61.5
19.5 62.5
20.5 11.5
20.5 12.5
20.5 13.5
20.5 14.5
20.5 31.5
20.5 32.5
20.5 33.5
20.5 34.5
20.5 60.5
20.5 61.5
20.5 62.5
20.5 63.5
21.5 40.5
21.5 41.5
21.5 42.5
21.5 51.5
21.5 52.5
21.5 53.5
21.5 54.5
22.5 18.5
22.5 19.5
22.5 20.5
22.5 21.5
22.5 22.5
22.5 39.5
22.5 40.5
22.5 41.5
22.5 42.5
22.5 52.5
22.5 53.5
22.5 54.5
22.5 55.5
23.5 18.5
23.5 19.5
23.5 20.5
23.5 21.5
27.5 12.5
27.5 13.5
27.5 14.5
27.5 15.5
27.5 38.5
27.5 39.5
27.5 40.5
27.5 41.5
27.5 52.5
27.5 53.5
27.5 54.5
27.5 55.5
28.5 11.5
28.5 12.5
28.5 13.5
28.5 14.5
28.5 15.5
28.5 39.5
28.5 40.5
28.5 41.5
28.5 42.5
28.5 51.5
28.5 52.5
28.5 53.5
28.5 54.5
30.5 19.5
30.5 20.5
30.5 21.5
30.5 22.5
30.5 32.5
30.5 33.5
30.5 34.5
30.5 35.5
30.5 58.5
30.5 59.5
30.5 60.5
30.5 61.5
30.5 62.5
31.5 18.5
31.5 19.5
31.5 20.5
31.5 21.5
31.5 34.5
31.5 35.5
31.5 36.5
31.5 58.5
31.5 59.5
31.5 60.5
35.5 13.5
35.5 14.5
35.5 15.5
35.5 16.5
35.5 32.5
35.5 33.5
35.5 34.5
35.5 35.5
35.5 36.5
35.5 53.5
35.5 54.5
35.5 55.5
36.5 11.5
36.5 12.5
36.5 13.5
36.5 14.5
36.5 51.5
36.5 52.5
36.5 53.5
36.5 54.5
36.5 55.5
37.5 19.5
37.5 20.5
37.5 21.5
37.5 22.5
37.5 23.5
37.5 41.5
37.5 61.5
37.5 62.5
37.5 63.5
38.5 19.5
38.5 20.5
38.5 39.5
38.5 40.5
38.5 41.5
38.5 42.5
38.5 59.5
38.5 60.5
38.5 61.5
38.5 62.5
38.5 63.5
39.5 59.5
42.5 19.5
42.5 20.5
42.5 21.5
42.5 22.5
42.5 39.5
42.5 40.5
42.5 41.5
42.5 60.5
42.5 61.5
43.5 19.5
43.5 20.5
43.5 21.5
43.5 22.5
43.5 23.5
43.5 41.5
43.5 42.5
43.5 43.5
43.5 59.5
43.5 60.5
43.5 61.5
43.5 62.5
43.5 63.5
44.5 21.5
44.5 22.5
44.5 33.5
44.5 34.5
44.5 35.5
45.5 12.5
45.5 13.5
45.5 14.5
45.5 33.5
45.5 34.5
45.5 35.5
45.5 36.5
45.5 52.5
45.5 53.5
45.5 54.5
45.5 55.5
46.5 12.5
46.5 13.5
46.5 14.5
46.5 15.5
46.5 16.5
46.5 34.5
46.5 35.5
46.5 36.5
49.5 59.5
49.5 60.5
49.5 61.5
50.5 18.5
50.5 19.5
50.5 39.5
50.5 40.5
50.5 41.5
50.5 59.5
50.5 60.5
50.5 61.5
50.5 62.5
50.5 63.5
51.5 18.5
51.5 19.5
51.5 20.5
51.5 21.5
51.5 39.5
51.5 40.5
51.5 41.5
51.5 42.5
52.5 11.5
52.5 12.5
52.5 51.5
52.5 52.5
52.5 53.5
52.5 54.5
53.5 10.5
53.5 11.5
53.5 12.5
53.5 13.5
53.5 14.5
53.5 52.5
53.5 53.5
53.5 54.5
53.5 55.5
53.5 56.5
55.5 32.5
55.5 33.5
55.5 34.5
56.5 31.5
56.5 32.5
56.5 33.5
56.5 34.5
56.5 35.5
57.5 12.5
57.5 13.5
57.5 14.5
57.5 31.5
57.5 32.5
57.5 33.5
57.5 34.5
57.5 35.5
58.5 10.5
58.5 11.5
58.5 12.5
58.5 13.5
58.5 52.5
58.5 53.5
58.5 54.5
58.5 55.5
58.5 56.5
59.5 51.5
59.5 52.5
59.5 53.5
59.5 54.5
60.5 17.5
60.5 18.5
60.5 19.5
60.5 20.5
60.5 61.5
60.5 62.5
61.5 17.5
61.5 18.5
61.5 19.5
61.5 20.5
61.5 38.5
61.5 39.5
61.5 40.5
61.5 41.5
61.5 42.5
61.5 59.5
61.5 60.5
61.5 61.5
61.5 62.5
62.5 38.5
62.5 39.5
