2.5 59.5
2.5 60.5
2.5 61.5
3.5 11.5
3.5 12.5
3.5 16.5
3.5 17.5
3.5 26.5
4.5 11.5
4.5 12.5
4.5 16.5
4.5 17.5
4.5 26.5
4.5 27.5
4.5 35.5
4.5 36.5
4.5 42.5
4.5 43.5
4.5 50.5
5.5 11.5
5.5 12.5
5.5 16.5
5.5 35.5
5.5 36.5
5.5 37.5
5.5 43.5
5.5 49.5
5.5 50.5
5.5 55.5
5.5 56.5
5.5 65.5
5.5 66.5
6.5 24.5
6.5 31.5
6.5 32.5
6.5 40.5
6.5 49.5
6.5 50.5
6.5 54.5
6.5 55.5
6.5 56.5
6.5 66.5
7.5 19.5
7.5 20.5
7.5 24.5
7.5 32.5
7.5 33.5
7.5 40.5
7.5 50.5
7.5 54.5
7.5 55.5
7.5 56.5
8.5 9.5
8.5 18.5
8.5 19.5
8.5 20.5
8.5 46.5
8.5 47.5
9.5 9.5
9.5 10.5
9.5 19.5
9.5 46.5
9.5 47.5
9.5 59.5
9.5 60.5
9.5 65.5
10.5 10.5
10.5 58.5
10.5 59.5
10.5 60.5
10.5 65.5
10.5 66.5
11.5 10.5
11.5 31.5
11.5 32.5
11.5 58.5
11.5 59.5
11.5 60.5
12.5 26.5
12.5 27.5
12.5 31.5
12.5 32.5
12.5 33.5
12.5 39.5
12.5 40.5
13.5 16.5
13.5 17.5
13.5 18.5
13.5 26.5
13.5 27.5
13.5 31.5
13.5 32.5
13.5 39.5
13.5 46.5
13.5 47.5
14.5 12.5
14.5 16.5
14.5 17.5
14.5 35.5
14.5 46.5
14.5 47.5
14.5 58.5
15.5 12.5
15.5 13.5
15.5 34.5
15.5 35.5
15.5 41.5
15.5 42.5
15.5 43.5
15.5 57.5
15.5 58.5
15.5 59.5
15.5 60.5
15.5 67.5
16.5 19.5
16.5 20.5
16.5 24.5
16.5 25.5
16.5 34.5
16.5 35.5
16.5 41.5
16.5 42.5
16.5 43.5
16.5 67.5
17.5 19.5
17.5 20.5
17.5 23.5
17.5 24.5
17.5 25.5
17.5 50.5
17.5 54.5
17.5 55.5
17.5 64.5
17.5 67.5
18.5 10.5
18.5 11.5
18.5 19.5
18.5 24.5
18.5 49.5
18.5 50.5
18.5 51.5
18.5 54.5
18.5 55.5
18.5 63.5
18.5 64.5
19.5 64.5
20.5 32.5
20.5 33.5
21.5 26.5
21.5 27.5
21.5 32.5
21.5 33.5
21.5 42.5
21.5 43.5
22.5 11.5
22.5 12.5
22.5 17.5
22.5 18.5
22.5 26.5
22.5 27.5
22.5 28.5
22.5 42.5
22.5 43.5
22.5 64.5
23.5 11.5
23.5 12.5
23.5 18.5
23.5 42.5
23.5 43.5
23.5 44.5
23.5 49.5
23.5 50.5
23.5 58.5
23.5 59.5
23.5 65.5
24.5 15.5
24.5 22.5
24.5 23.5
24.5 24.5
24.5 35.5
24.5 43.5
24.5 49.5
24.5 50.5
24.5 58.5
24.5 59.5
25.5 9.5
25.5 15.5
25.5 22.5
25.5 23.5
25.5 24.5
25.5 34.5
25.5 35.5
25.5 39.5
25.5 40.5
25.5 47.5
25.5 50.5
25.5 59.5
25.5 63.5
26.5 9.5
26.5 15.5
26.5 34.5
26.5 35.5
26.5 38.5
26.5 39.5
26.5 40.5
26.5 47.5
26.5 55.5
26.5 63.5
26.5 64.5
27.5 9.5
27.5 39.5
27.5 40.5
27.5 41.5
27.5 47.5
27.5 54.5
27.5 55.5
27.5 56.5
28.5 39.5
28.5 40.5
28.5 54.5
28.5 55.5
28.5 56.5
29.5 23.5
29.5 24.5
29.5 25.5
30.5 15.5
30.5 23.5
30.5 24.5
30.5 25.5
30.5 32.5
31.5 11.5
31.5 12.5
31.5 15.5
31.5 23.5
31.5 24.5
31.5 25.5
31.5 32.5
31.5 33.5
31.5 65.5
32.5 11.5
32.5 12.5
32.5 15.5
32.5 28.5
32.5 29.5
32.5 32.5
32.5 39.5
32.5 40.5
32.5 49.5
32.5 53.5
32.5 54.5
32.5 55.5
32.5 65.5
33.5 18.5
33.5 19.5
33.5 28.5
33.5 39.5
33.5 40.5
34.5 8.5
34.5 9.5
34.5 18.5
34.5 19.5
34.5 28.5
34.5 34.5
34.5 35.5
34.5 43.5
34.5 47.5
34.5 48.5
34.5 57.5
34.5 58.5
35.5 8.5
35.5 9.5
35.5 19.5
35.5 34.5
35.5 42.5
35.5 43.5
35.5 47.5
35.5 48.5
35.5 57.5
35.5 58.5
35.5 62.5
35.5 63.5
38.5 28.5
38.5 33.5
39.5 9.5
39.5 19.5
39.5 20.5
39.5 28.5
39.5 32.5
39.5 33.5
39.5 40.5
39.5 41.5
39.5 50.5
39.5 51.5
39.5 55.5
39.5 56.5
39.5 62.5
40.5 7.5
40.5 8.5
40.5 9.5
40.5 19.5
40.5 20.5
40.5 28.5
40.5 32.5
40.5 40.5
40.5 41.5
40.5 50.5
40.5 51.5
40.5 55.5
40.5 56.5
40.5 62.5
40.5 63.5
41.5 7.5
41.5 8.5
41.5 24.5
41.5 25.5
41.5 35.5
41.5 36.5
41.5 51.5
41.5 52.5
41.5 56.5
41.5 62.5
42.5 16.5
42.5 17.5
42.5 24.5
42.5 25.5
42.5 26.5
42.5 35.5
42.5 36.5
42.5 43.5
42.5 47.5
42.5 59.5
43.5 11.5
43.5 12.5
43.5 16.5
43.5 17.5
43.5 35.5
43.5 42.5
43.5 47.5
43.5 48.5
43.5 49.5
43.5 59.5
43.5 65.5
44.5 10.5
44.5 11.5
44.5 12.5
44.5 16.5
44.5 17.5
44.5 48.5
44.5 49.5
44.5 59.5
44.5 65.5
45.5 11.5
45.5 12.5
45.5 65.5
47.5 26.5
47.5 27.5
47.5 28.5
47.5 33.5
47.5 34.5
47.5 41.5
48.5 19.5
48.5 26.5
48.5 27.5
48.5 28.5
48.5 32.5
48.5 33.5
48.5 34.5
48.5 41.5
48.5 50.5
48.5 51.5
48.5 52.5
48.5 59.5
49.5 8.5
49.5 9.5
49.5 19.5
49.5 20.5
49.5 32.5
49.5 33.5
49.5 41.5
49.5 51.5
49.5 52.5
49.5 53.5
49.5 59.5
49.5 63.5
49.5 64.5
50.5 19.5
50.5 20.5
50.5 24.5
50.5 36.5
50.5 37.5
50.5 38.5
50.5 46.5
50.5 52.5
50.5 53.5
50.5 59.5
50.5 62.5
50.5 63.5
51.5 11.5
51.5 12.5
51.5 24.5
51.5 25.5
51.5 35.5
51.5 36.5
51.5 37.5
51.5 38.5
51.5 45.5
51.5 46.5
51.5 47.5
51.5 48.5
51.5 66.5
52.5 11.5
52.5 12.5
52.5 25.5
52.5 36.5
52.5 37.5
52.5 46.5
52.5 47.5
52.5 48.5
52.5 49.5
52.5 57.5
52.5 65.5
52.5 66.5
53.5 17.5
53.5 18.5
53.5 48.5
53.5 57.5
54.5 9.5
54.5 18.5
55.5 9.5
55.5 10.5
55.5 35.5
55.5 36.5
56.5 35.5
56.5 36.5
56.5 37.5
56.5 46.5
56.5 47.5
56.5 48.5
56.5 49.5
56.5 63.5
56.5 64.5
57.5 19.5
57.5 20.5
57.5 27.5
57.5 40.5
57.5 46.5
57.5 47.5
57.5 48.5
57.5 49.5
57.5 59.5
57.5 62.5
57.5 63.5
57.5 64.5
58.5 12.5
58.5 13.5
58.5 19.5
58.5 20.5
58.5 27.5
58.5 28.5
58.5 32.5
58.5 40.5
59.5 16.5
59.5 27.5
59.5 28.5
59.5 31.5
59.5 32.5
59.5 33.5
59.5 43.5
59.5 65.5
60.5 17.5
60.5 24.5
60.5 31.5
60.5 32.5
60.5 51.5
60.5 52.5
60.5 57.5
60.5 64.5
61.5 24.5
61.5 25.5
61.5 36.5
61.5 37.5
61.5 50.5
61.5 51.5
61.5 52.5
61.5 56.5
61.5 57.5
62.5 25.5
62.5 50.5
62.5 51.5
62.5 52.5
62.5 56.5
62.5 57.5
