5.5 38.5
6.5 9.5
6.5 18.5
6.5 30.5
6.5 38.5
6.5 43.5
6.5 44.5
7.5 9.5
7.5 17.5
7.5 18.5
7.5 30.5
7.5 38.5
7.5 43.5
7.5 53.5
8.5 9.5
8.5 17.5
8.5 30.5
8.5 43.5
8.5 53.5
8.5 60.5
9.5 53.5
9.5 60.5
11.5 12.5
11.5 22.5
11.5 35.5
12.5 12.5
12.5 21.5
12.5 22.5
12.5 27.5
12.5 35.5
12.5 47.5
12.5 64.5
13.5 21.5
13.5 27.5
13.5 35.5
13.5 46.5
13.5 47.5
13.5 55.5
13.5 63.5
13.5 64.5
14.5 55.5
14.5 63.5
14.5 64.5
21.5 11.5
21.5 21.5
21.5 27.5
21.5 35.5
21.5 46.5
22.5 11.5
22.5 21.5
22.5 27.5
22.5 34.5
22.5 35.5
22.5 46.5
22.5 47.5
22.5 52.5
22.5 64.5
22.5 65.5
23.5 21.5
23.5 26.5
23.5 34.5
23.5 52.5
23.5 64.5
23.5 65.5
24.5 26.5
26.5 17.5
26.5 38.5
26.5 43.5
27.5 17.5
27.5 29.5
27.5 38.5
27.5 43.5
27.5 54.5
27.5 60.5
28.5 9.5
28.5 17.5
28.5 29.5
28.5 38.5
28.5 54.5
28.5 60.5
28.5 61.5
29.5 9.5
29.5 17.5
29.5 61.5
36.5 47.5
36.5 52.5
37.5 20.5
37.5 29.5
37.5 35.5
37.5 47.5
37.5 52.5
37.5 61.5
37.5 62.5
38.5 11.5
38.5 20.5
38.5 29.5
38.5 35.5
38.5 61.5
39.5 11.5
39.5 20.5
39.5 21.5
39.5 29.5
39.5 34.5
39.5 61.5
42.5 26.5
42.5 38.5
42.5 44.5
42.5 56.5
42.5 66.5
43.5 8.5
43.5 16.5
43.5 17.5
43.5 26.5
43.5 38.5
43.5 44.5
43.5 45.5
43.5 55.5
43.5 65.5
43.5 66.5
44.5 8.5
44.5 9.5
44.5 17.5
44.5 38.5
44.5 45.5
44.5 65.5
52.5 20.5
52.5 29.5
52.5 34.5
52.5 35.5
52.5 47.5
52.5 53.5
53.5 10.5
53.5 11.5
53.5 21.5
53.5 29.5
53.5 34.5
53.5 47.5
53.5 53.5
53.5 63.5
54.5 11.5
54.5 21.5
54.5 47.5
54.5 52.5
54.5 62.5
54.5 63.5
55.5 11.5
55.5 47.5
55.5 52.5
56.5 26.5
57.5 17.5
57.5 26.5
57.5 38.5
58.5 7.5
58.5 17.5
58.5 37.5
58.5 38.5
58.5 43.5
58.5 56.5
58.5 66.5
59.5 7.5
59.5 8.5
59.5 17.5
59.5 44.5
59.5 55.5
59.5 56.5
59.5 66.5
60.5 8.5
60.5 44.5
60.5 55.5
60.5 56.5
60.5 66.5
