4.5 51.5
4.5 59.5
5.5 21.5
5.5 37.5
5.5 38.5
7.5 47.5
8.5 47.5
8.5 48.5
8.5 64.5
9.5 26.5
10.5 11.5
13.5 63.5
14.5 49.5
14.5 50.5
15.5 12.5
15.5 35.5
15.5 49.5
15.5 50.5
16.5 27.5
17.5 58.5
19.5 20.5
19.5 21.5
19.5 39.5
19.5 46.5
20.5 39.5
24.5 61.5
24.5 62.5
25.5 23.5
25.5 24.5
25.5 39.5
26.5 24.5
27.5 51.5
28.5 33.5
29.5 12.5
29.5 18.5
29.5 19.5
29.5 46.5
29.5 47.5
29.5 58.5
30.5 19.5
35.5 32.5
35.5 63.5
35.5 64.5
36.5 9.5
36.5 21.5
36.5 46.5
38.5 38.5
39.5 14.5
39.5 26.5
39.5 37.5
39.5 38.5
39.5 60.5
45.5 10.5
45.5 52.5
46.5 22.5
46.5 36.5
46.5 64.5
47.5 22.5
49.5 14.5
49.5 46.5
49.5 59.5
50.5 26.5
50.5 27.5
55.5 9.5
55.5 34.5
55.5 46.5
58.5 50.5
58.5 57.5
59.5 13.5
59.5 14.5
