2.5 29.5
2.5 30.5
7.5 39.5
7.5 65.5
8.5 9.5
8.5 18.5
8.5 19.5
8.5 25.5
8.5 34.5
8.5 39.5
8.5 46.5
8.5 56.5
8.5 57.5
8.5 65.5
9.5 9.5
9.5 18.5
9.5 19.5
9.5 24.5
9.5 25.5
9.5 34.5
9.5 39.5
9.5 46.5
9.5 56.5
9.5 57.5
9.5 65.5
10.5 9.5
10.5 18.5
10.5 19.5
10.5 24.5
10.5 34.5
10.5 39.5
10.5 46.5
10.5 56.5
10.5 57.5
11.5 24.5
14.5 41.5
14.5 62.5
14.5 63.5
15.5 11.5
15.5 15.5
15.5 31.5
15.5 41.5
15.5 48.5
15.5 49.5
15.5 54.5
15.5 62.5
15.5 63.5
16.5 11.5
16.5 15.5
16.5 16.5
16.5 26.5
16.5 27.5
16.5 31.5
16.5 32.5
16.5 41.5
16.5 48.5
16.5 49.5
16.5 54.5
16.5 62.5
16.5 63.5
17.5 11.5
17.5 16.5
17.5 26.5
17.5 32.5
17.5 41.5
17.5 48.5
17.5 54.5
17.5 63.5
18.5 26.5
18.5 32.5
27.5 65.5
28.5 9.5
28.5 15.5
28.5 25.5
28.5 26.5
28.5 34.5
28.5 39.5
28.5 46.5
28.5 47.5
28.5 55.5
28.5 64.5
28.5 65.5
29.5 9.5
29.5 15.5
29.5 25.5
29.5 26.5
29.5 34.5
29.5 38.5
29.5 39.5
29.5 46.5
29.5 47.5
29.5 54.5
29.5 65.5
30.5 9.5
30.5 15.5
30.5 26.5
30.5 34.5
30.5 38.5
30.5 46.5
30.5 47.5
30.5 54.5
30.5 65.5
31.5 15.5
31.5 46.5
31.5 54.5
34.5 31.5
34.5 50.5
34.5 62.5
35.5 11.5
35.5 18.5
35.5 23.5
35.5 31.5
35.5 41.5
35.5 50.5
35.5 57.5
35.5 62.5
36.5 10.5
36.5 11.5
36.5 17.5
36.5 18.5
36.5 23.5
36.5 31.5
36.5 41.5
36.5 49.5
36.5 50.5
36.5 57.5
36.5 62.5
37.5 10.5
37.5 17.5
37.5 18.5
37.5 23.5
37.5 31.5
37.5 41.5
37.5 49.5
37.5 50.5
37.5 57.5
37.5 62.5
38.5 10.5
38.5 17.5
38.5 18.5
38.5 57.5
48.5 26.5
48.5 31.5
48.5 41.5
48.5 47.5
48.5 55.5
48.5 65.5
49.5 8.5
49.5 16.5
49.5 26.5
49.5 31.5
49.5 41.5
49.5 42.5
49.5 47.5
49.5 55.5
49.5 65.5
50.5 8.5
50.5 15.5
50.5 16.5
50.5 26.5
50.5 31.5
50.5 41.5
50.5 42.5
50.5 46.5
50.5 47.5
50.5 54.5
50.5 55.5
50.5 65.5
51.5 8.5
51.5 15.5
51.5 16.5
51.5 26.5
51.5 46.5
51.5 54.5
51.5 65.5
52.5 15.5
54.5 38.5
55.5 11.5
55.5 34.5
55.5 38.5
55.5 49.5
55.5 57.5
55.5 62.5
56.5 11.5
56.5 19.5
56.5 20.5
56.5 24.5
56.5 33.5
56.5 38.5
56.5 39.5
56.5 49.5
56.5 57.5
56.5 62.5
57.5 10.5
57.5 11.5
57.5 19.5
57.5 20.5
57.5 24.5
57.5 33.5
57.5 38.5
57.5 39.5
57.5 49.5
57.5 57.5
57.5 62.5
58.5 11.5
58.5 19.5
58.5 20.5
58.5 24.5
58.5 33.5
58.5 62.5
59.5 19.5
