3.5 11.5
3.5 12.5
3.5 20.5
3.5 28.5
3.5 29.5
4.5 11.5
4.5 12.5
4.5 13.5
4.5 20.5
4.5 21.5
4.5 28.5
4.5 29.5
4.5 30.5
4.5 34.5
4.5 35.5
4.5 36.5
4.5 37.5
4.5 53.5
4.5 62.5
4.5 63.5
4.5 64.5
5.5 12.5
5.5 13.5
5.5 21.5
5.5 34.5
5.5 35.5
5.5 36.5
5.5 46.5
5.5 47.5
5.5 52.5
5.5 53.5
5.5 64.5
5.5 65.5
6.5 7.5
6.5 8.5
6.5 17.5
6.5 18.5
6.5 25.5
6.5 26.5
6.5 27.5
6.5 47.5
6.5 48.5
6.5 51.5
6.5 52.5
6.5 60.5
7.5 7.5
7.5 8.5
7.5 9.5
7.5 17.5
7.5 18.5
7.5 26.5
7.5 27.5
7.5 38.5
7.5 39.5
7.5 40.5
7.5 55.5
7.5 56.5
7.5 60.5
7.5 61.5
7.5 62.5
8.5 8.5
8.5 9.5
8.5 37.5
8.5 38.5
8.5 39.5
8.5 43.5
8.5 44.5
8.5 45.5
8.5 54.5
8.5 55.5
9.5 44.5
9.5 45.5
10.5 26.5
10.5 27.5
11.5 19.5
11.5 20.5
11.5 21.5
11.5 25.5
11.5 26.5
11.5 27.5
11.5 37.5
11.5 63.5
11.5 64.5
12.5 10.5
12.5 11.5
12.5 20.5
12.5 21.5
12.5 22.5
12.5 37.5
12.5 38.5
12.5 46.5
12.5 47.5
12.5 52.5
12.5 53.5
12.5 64.5
12.5 65.5
13.5 10.5
13.5 11.5
13.5 12.5
13.5 30.5
13.5 34.5
13.5 39.5
13.5 46.5
13.5 47.5
13.5 48.5
13.5 51.5
13.5 52.5
13.5 53.5
14.5 7.5
14.5 16.5
14.5 17.5
14.5 18.5
14.5 29.5
14.5 30.5
14.5 34.5
14.5 35.5
14.5 43.5
14.5 56.5
14.5 60.5
14.5 61.5
15.5 7.5
15.5 8.5
15.5 17.5
15.5 18.5
15.5 19.5
15.5 29.5
15.5 30.5
15.5 34.5
15.5 35.5
15.5 36.5
15.5 43.5
15.5 44.5
15.5 45.5
15.5 55.5
15.5 56.5
15.5 61.5
15.5 62.5
16.5 8.5
16.5 9.5
16.5 55.5
19.5 19.5
19.5 20.5
19.5 21.5
19.5 29.5
19.5 30.5
19.5 35.5
19.5 36.5
19.5 45.5
19.5 46.5
19.5 47.5
19.5 54.5
19.5 63.5
19.5 64.5
19.5 65.5
20.5 8.5
20.5 9.5
20.5 20.5
20.5 21.5
20.5 22.5
20.5 30.5
20.5 34.5
20.5 35.5
20.5 46.5
20.5 47.5
20.5 54.5
20.5 55.5
20.5 65.5
20.5 66.5
21.5 7.5
21.5 8.5
21.5 21.5
21.5 22.5
21.5 26.5
21.5 27.5
21.5 38.5
21.5 42.5
21.5 55.5
21.5 56.5
22.5 11.5
22.5 12.5
22.5 16.5
22.5 17.5
22.5 26.5
22.5 27.5
22.5 37.5
22.5 38.5
22.5 42.5
22.5 43.5
22.5 51.5
22.5 52.5
22.5 60.5
22.5 61.5
22.5 62.5
23.5 10.5
23.5 11.5
23.5 12.5
23.5 17.5
23.5 18.5
23.5 27.5
23.5 36.5
23.5 37.5
23.5 38.5
23.5 43.5
23.5 44.5
23.5 51.5
23.5 52.5
23.5 60.5
23.5 61.5
23.5 62.5
24.5 18.5
24.5 19.5
26.5 45.5
26.5 46.5
26.5 64.5
27.5 8.5
27.5 9.5
27.5 10.5
27.5 28.5
27.5 29.5
27.5 37.5
27.5 38.5
27.5 46.5
27.5 47.5
27.5 51.5
27.5 52.5
27.5 63.5
27.5 64.5
27.5 65.5
27.5 66.5
28.5 8.5
28.5 9.5
28.5 17.5
28.5 18.5
28.5 19.5
28.5 28.5
28.5 29.5
28.5 37.5
28.5 38.5
28.5 64.5
28.5 65.5
28.5 66.5
29.5 17.5
29.5 18.5
29.5 28.5
29.5 29.5
29.5 33.5
29.5 34.5
29.5 43.5
29.5 44.5
29.5 55.5
30.5 12.5
30.5 13.5
30.5 22.5
30.5 33.5
30.5 34.5
30.5 35.5
30.5 43.5
30.5 44.5
30.5 45.5
30.5 54.5
30.5 55.5
30.5 56.5
30.5 60.5
30.5 61.5
31.5 11.5
31.5 12.5
31.5 13.5
31.5 21.5
31.5 22.5
31.5 26.5
31.5 33.5
31.5 34.5
31.5 35.5
31.5 61.5
31.5 62.5
32.5 20.5
32.5 21.5
32.5 26.5
32.5 34.5
32.5 35.5
33.5 53.5
34.5 46.5
34.5 47.5
34.5 48.5
34.5 52.5
34.5 53.5
34.5 64.5
35.5 11.5
35.5 12.5
35.5 47.5
35.5 52.5
35.5 64.5
35.5 65.5
35.5 66.5
36.5 12.5
36.5 20.5
36.5 21.5
36.5 25.5
36.5 26.5
36.5 35.5
36.5 36.5
36.5 37.5
36.5 38.5
36.5 56.5
36.5 65.5
36.5 66.5
37.5 8.5
37.5 9.5
37.5 17.5
37.5 37.5
37.5 38.5
37.5 42.5
37.5 43.5
37.5 44.5
37.5 54.5
37.5 55.5
37.5 56.5
37.5 60.5
37.5 61.5
38.5 8.5
38.5 9.5
38.5 16.5
38.5 17.5
38.5 18.5
38.5 27.5
38.5 28.5
38.5 29.5
38.5 33.5
38.5 43.5
38.5 44.5
38.5 61.5
38.5 62.5
39.5 9.5
39.5 27.5
39.5 28.5
39.5 33.5
39.5 34.5
39.5 35.5
41.5 19.5
41.5 44.5
41.5 45.5
41.5 52.5
41.5 53.5
41.5 62.5
42.5 9.5
42.5 19.5
42.5 20.5
42.5 25.5
42.5 26.5
42.5 27.5
42.5 43.5
42.5 44.5
42.5 45.5
42.5 52.5
42.5 53.5
42.5 61.5
42.5 62.5
42.5 63.5
43.5 8.5
43.5 9.5
43.5 20.5
43.5 21.5
43.5 25.5
43.5 26.5
43.5 35.5
43.5 36.5
43.5 43.5
43.5 44.5
43.5 48.5
43.5 61.5
43.5 62.5
44.5 8.5
44.5 34.5
44.5 35.5
44.5 47.5
44.5 48.5
44.5 55.5
44.5 56.5
44.5 57.5
44.5 66.5
45.5 12.5
45.5 13.5
45.5 16.5
45.5 17.5
45.5 18.5
45.5 29.5
45.5 30.5
45.5 31.5
45.5 38.5
45.5 39.5
45.5 47.5
45.5 55.5
45.5 56.5
45.5 65.5
45.5 66.5
46.5 11.5
46.5 12.5
46.5 13.5
46.5 17.5
46.5 18.5
46.5 28.5
46.5 29.5
46.5 30.5
46.5 31.5
46.5 38.5
46.5 39.5
46.5 64.5
46.5 65.5
47.5 12.5
47.5 38.5
49.5 47.5
49.5 55.5
49.5 56.5
49.5 57.5
49.5 64.5
50.5 11.5
50.5 12.5
50.5 20.5
50.5 21.5
50.5 26.5
50.5 27.5
50.5 28.5
50.5 38.5
50.5 39.5
50.5 40.5
50.5 47.5
50.5 48.5
50.5 56.5
50.5 57.5
50.5 64.5
50.5 65.5
51.5 12.5
51.5 13.5
51.5 20.5
51.5 21.5
51.5 22.5
51.5 26.5
51.5 27.5
51.5 28.5
51.5 39.5
51.5 40.5
51.5 52.5
51.5 61.5
51.5 65.5
52.5 9.5
52.5 13.5
52.5 44.5
52.5 45.5
52.5 52.5
52.5 53.5
52.5 61.5
52.5 62.5
53.5 9.5
53.5 10.5
53.5 16.5
53.5 17.5
53.5 18.5
53.5 30.5
53.5 31.5
53.5 35.5
53.5 36.5
53.5 37.5
53.5 44.5
53.5 45.5
53.5 53.5
53.5 61.5
53.5 62.5
54.5 9.5
54.5 10.5
54.5 17.5
54.5 18.5
54.5 19.5
54.5 29.5
54.5 30.5
54.5 31.5
54.5 36.5
54.5 37.5
57.5 46.5
57.5 52.5
57.5 53.5
57.5 61.5
57.5 62.5
58.5 8.5
58.5 9.5
58.5 18.5
58.5 19.5
58.5 26.5
58.5 27.5
58.5 28.5
58.5 38.5
58.5 39.5
58.5 40.5
58.5 46.5
58.5 47.5
58.5 51.5
58.5 52.5
58.5 61.5
59.5 8.5
59.5 17.5
59.5 18.5
59.5 19.5
59.5 26.5
59.5 27.5
59.5 39.5
59.5 40.5
59.5 46.5
59.5 47.5
59.5 51.5
59.5 56.5
59.5 57.5
59.5 64.5
60.5 11.5
60.5 12.5
60.5 13.5
60.5 22.5
60.5 31.5
60.5 43.5
60.5 44.5
60.5 54.5
60.5 55.5
60.5 56.5
60.5 57.5
60.5 63.5
60.5 64.5
61.5 11.5
61.5 12.5
61.5 13.5
61.5 21.5
61.5 22.5
61.5 29.5
61.5 30.5
61.5 31.5
61.5 35.5
61.5 36.5
61.5 37.5
61.5 44.5
61.5 54.5
61.5 55.5
62.5 30.5
62.5 36.5
62.5 37.5
62.5 44.5
