4.5 30.5
4.5 40.5
4.5 41.5
4.5 42.5
5.5 11.5
5.5 12.5
5.5 30.5
5.5 31.5
5.5 39.5
5.5 40.5
5.5 41.5
6.5 10.5
6.5 11.5
6.5 12.5
6.5 13.5
6.5 57.5
6.5 58.5
6.5 59.5
7.5 57.5
7.5 58.5
8.5 47.5
8.5 48.5
8.5 49.5
9.5 17.5
9.5 18.5
9.5 26.5
9.5 27.5
9.5 28.5
9.5 46.5
9.5 47.5
9.5 48.5
10.5 17.5
10.5 18.5
10.5 27.5
10.5 63.5
10.5 64.5
11.5 6.5
12.5 6.5
13.5 6.5
14.5 28.5
14.5 41.5
14.5 42.5
14.5 43.5
15.5 27.5
15.5 41.5
15.5 42.5
16.5 12.5
16.5 13.5
16.5 32.5
16.5 33.5
16.5 57.5
16.5 58.5
17.5 11.5
17.5 12.5
17.5 13.5
18.5 18.5
18.5 19.5
18.5 46.5
18.5 47.5
18.5 48.5
19.5 16.5
19.5 17.5
19.5 62.5
19.5 63.5
19.5 64.5
20.5 62.5
20.5 63.5
22.5 27.5
22.5 28.5
23.5 26.5
23.5 27.5
24.5 16.5
24.5 17.5
24.5 18.5
24.5 26.5
24.5 41.5
24.5 42.5
24.5 43.5
25.5 17.5
25.5 18.5
25.5 41.5
25.5 42.5
25.5 43.5
26.5 61.5
26.5 62.5
27.5 31.5
27.5 32.5
27.5 61.5
27.5 62.5
27.5 63.5
28.5 30.5
28.5 31.5
28.5 32.5
28.5 48.5
29.5 9.5
29.5 10.5
29.5 11.5
29.5 31.5
29.5 47.5
29.5 48.5
29.5 55.5
29.5 56.5
30.5 9.5
30.5 10.5
30.5 11.5
30.5 56.5
30.5 57.5
32.5 67.5
33.5 67.5
34.5 67.5
35.5 13.5
35.5 14.5
35.5 15.5
35.5 16.5
35.5 25.5
35.5 26.5
35.5 27.5
35.5 45.5
35.5 46.5
36.5 14.5
36.5 15.5
36.5 16.5
36.5 45.5
36.5 46.5
36.5 54.5
36.5 55.5
38.5 32.5
38.5 33.5
39.5 7.5
39.5 8.5
39.5 9.5
39.5 31.5
39.5 32.5
39.5 33.5
39.5 40.5
39.5 41.5
40.5 8.5
40.5 9.5
40.5 10.5
42.5 54.5
42.5 55.5
42.5 62.5
42.5 63.5
43.5 54.5
43.5 55.5
43.5 61.5
43.5 62.5
44.5 26.5
44.5 27.5
44.5 53.5
44.5 54.5
44.5 61.5
44.5 62.5
45.5 13.5
45.5 14.5
45.5 15.5
45.5 16.5
45.5 25.5
45.5 26.5
45.5 27.5
45.5 53.5
45.5 54.5
46.5 14.5
46.5 15.5
46.5 16.5
46.5 41.5
47.5 40.5
47.5 41.5
48.5 40.5
49.5 7.5
49.5 8.5
49.5 9.5
49.5 10.5
49.5 32.5
49.5 33.5
49.5 63.5
49.5 64.5
50.5 31.5
50.5 32.5
50.5 33.5
50.5 45.5
50.5 46.5
50.5 62.5
50.5 63.5
50.5 64.5
51.5 31.5
51.5 32.5
51.5 33.5
51.5 45.5
51.5 46.5
51.5 62.5
51.5 63.5
52.5 45.5
52.5 46.5
55.5 9.5
55.5 10.5
55.5 11.5
56.5 9.5
56.5 10.5
56.5 11.5
57.5 30.5
57.5 31.5
57.5 61.5
57.5 62.5
58.5 31.5
58.5 32.5
58.5 46.5
58.5 47.5
58.5 48.5
58.5 62.5
58.5 63.5
59.5 16.5
59.5 17.5
59.5 47.5
60.5 16.5
60.5 17.5
60.5 25.5
60.5 26.5
60.5 56.5
60.5 57.5
61.5 16.5
61.5 17.5
61.5 25.5
61.5 26.5
61.5 40.5
61.5 41.5
61.5 56.5
61.5 57.5
62.5 40.5
62.5 41.5
62.5 42.5
