5.5 62.5
6.5 10.5
7.5 50.5
8.5 28.5
10.5 58.5
11.5 14.5
11.5 35.5
12.5 23.5
12.5 46.5
17.5 63.5
18.5 9.5
19.5 10.5
19.5 22.5
22.5 58.5
23.5 14.5
23.5 26.5
23.5 27.5
23.5 58.5
24.5 38.5
29.5 58.5
30.5 15.5
30.5 23.5
30.5 50.5
31.5 15.5
31.5 23.5
32.5 38.5
33.5 63.5
34.5 46.5
35.5 46.5
36.5 11.5
36.5 35.5
41.5 59.5
42.5 50.5
42.5 59.5
43.5 11.5
43.5 28.5
46.5 16.5
47.5 16.5
47.5 24.5
47.5 39.5
47.5 47.5
47.5 64.5
55.5 11.5
55.5 27.5
55.5 40.5
55.5 51.5
55.5 64.5
58.5 59.5
59.5 35.5
59.5 47.5
60.5 15.5
60.5 23.5
