5.5 26.5
5.5 39.5
5.5 62.5
6.5 10.5
6.5 40.5
8.5 47.5
8.5 58.5
9.5 15.5
9.5 23.5
9.5 34.5
15.5 26.5
15.5 50.5
15.5 57.5
15.5 58.5
16.5 14.5
16.5 15.5
16.5 34.5
18.5 63.5
19.5 22.5
19.5 46.5
20.5 9.5
20.5 22.5
25.5 63.5
25.5 64.5
26.5 22.5
26.5 35.5
27.5 7.5
27.5 8.5
28.5 52.5
29.5 27.5
29.5 40.5
29.5 59.5
30.5 13.5
30.5 14.5
34.5 52.5
35.5 39.5
36.5 10.5
36.5 27.5
37.5 46.5
37.5 47.5
38.5 34.5
38.5 63.5
39.5 15.5
39.5 22.5
44.5 46.5
45.5 46.5
45.5 59.5
46.5 11.5
46.5 21.5
46.5 22.5
46.5 33.5
46.5 59.5
50.5 14.5
50.5 26.5
50.5 38.5
50.5 51.5
51.5 63.5
56.5 15.5
57.5 39.5
57.5 51.5
58.5 59.5
59.5 10.5
59.5 11.5
60.5 35.5
60.5 63.5
60.5 64.5
