3.5 25.5
3.5 36.5
4.5 13.5
4.5 14.5
4.5 26.5
4.5 27.5
4.5 28.5
4.5 34.5
4.5 46.5
4.5 47.5
4.5 48.5
4.5 63.5
5.5 15.5
5.5 16.5
5.5 64.5
5.5 65.5
6.5 21.5
6.5 39.5
6.5 40.5
7.5 9.5
7.5 10.5
7.5 23.5
7.5 37.5
7.5 38.5
7.5 51.5
7.5 52.5
7.5 58.5
7.5 59.5
8.5 12.5
8.5 49.5
8.5 60.5
8.5 61.5
11.5 25.5
11.5 36.5
12.5 13.5
12.5 14.5
12.5 27.5
12.5 28.5
12.5 34.5
12.5 47.5
12.5 48.5
12.5 62.5
12.5 63.5
12.5 64.5
13.5 16.5
13.5 45.5
14.5 8.5
14.5 21.5
14.5 22.5
14.5 39.5
14.5 40.5
14.5 53.5
14.5 58.5
14.5 59.5
15.5 10.5
15.5 11.5
15.5 23.5
15.5 24.5
15.5 37.5
15.5 38.5
15.5 50.5
15.5 51.5
18.5 62.5
19.5 11.5
19.5 12.5
19.5 25.5
19.5 37.5
19.5 38.5
19.5 49.5
19.5 63.5
20.5 8.5
20.5 9.5
20.5 10.5
20.5 27.5
20.5 28.5
20.5 40.5
20.5 50.5
20.5 51.5
20.5 52.5
20.5 64.5
22.5 15.5
22.5 16.5
22.5 21.5
22.5 22.5
22.5 34.5
22.5 35.5
22.5 46.5
22.5 58.5
22.5 59.5
23.5 13.5
23.5 14.5
23.5 23.5
23.5 24.5
23.5 48.5
23.5 60.5
23.5 61.5
27.5 13.5
27.5 25.5
27.5 38.5
27.5 39.5
27.5 46.5
27.5 47.5
27.5 48.5
27.5 61.5
28.5 15.5
28.5 16.5
28.5 27.5
28.5 41.5
28.5 63.5
28.5 64.5
28.5 65.5
30.5 10.5
30.5 11.5
30.5 21.5
30.5 22.5
30.5 34.5
30.5 35.5
30.5 50.5
30.5 51.5
30.5 59.5
34.5 13.5
34.5 24.5
34.5 36.5
34.5 37.5
34.5 49.5
34.5 50.5
34.5 60.5
35.5 14.5
35.5 15.5
35.5 21.5
35.5 22.5
35.5 38.5
35.5 39.5
35.5 51.5
35.5 52.5
35.5 58.5
35.5 59.5
37.5 27.5
37.5 32.5
37.5 33.5
37.5 46.5
37.5 47.5
37.5 63.5
37.5 64.5
38.5 9.5
38.5 10.5
38.5 11.5
38.5 26.5
38.5 34.5
38.5 35.5
38.5 48.5
38.5 62.5
42.5 49.5
42.5 61.5
43.5 13.5
43.5 14.5
43.5 15.5
43.5 16.5
43.5 26.5
43.5 38.5
43.5 39.5
43.5 51.5
43.5 62.5
43.5 63.5
44.5 21.5
44.5 28.5
44.5 64.5
45.5 8.5
45.5 9.5
45.5 22.5
45.5 23.5
45.5 32.5
45.5 33.5
45.5 46.5
45.5 57.5
45.5 58.5
46.5 12.5
46.5 24.5
46.5 34.5
46.5 35.5
46.5 47.5
46.5 59.5
46.5 60.5
49.5 12.5
50.5 13.5
50.5 14.5
50.5 22.5
50.5 23.5
50.5 34.5
50.5 35.5
50.5 36.5
50.5 47.5
50.5 60.5
51.5 15.5
51.5 16.5
51.5 21.5
51.5 45.5
51.5 46.5
51.5 57.5
51.5 58.5
51.5 59.5
52.5 8.5
52.5 28.5
52.5 41.5
52.5 65.5
53.5 9.5
53.5 10.5
53.5 26.5
53.5 38.5
53.5 39.5
53.5 50.5
53.5 51.5
53.5 63.5
54.5 11.5
54.5 12.5
54.5 24.5
57.5 37.5
57.5 38.5
57.5 61.5
57.5 62.5
57.5 63.5
58.5 10.5
58.5 11.5
58.5 25.5
58.5 26.5
58.5 39.5
58.5 40.5
58.5 50.5
58.5 51.5
58.5 64.5
58.5 65.5
59.5 8.5
59.5 27.5
59.5 28.5
59.5 52.5
59.5 53.5
60.5 15.5
60.5 16.5
60.5 33.5
60.5 34.5
60.5 45.5
60.5 46.5
60.5 57.5
60.5 58.5
61.5 13.5
61.5 22.5
61.5 35.5
61.5 36.5
61.5 47.5
61.5 48.5
61.5 60.5
62.5 24.5
