4.5 57.5
4.5 58.5
4.5 59.5
4.5 60.5
5.5 16.5
5.5 17.5
5.5 18.5
5.5 19.5
5.5 20.5
5.5 21.5
5.5 38.5
5.5 39.5
5.5 40.5
5.5 57.5
5.5 58.5
5.5 59.5
5.5 60.5
5.5 61.5
5.5 62.5
6.5 17.5
6.5 18.5
6.5 19.5
6.5 20.5
6.5 21.5
6.5 22.5
6.5 23.5
6.5 38.5
6.5 39.5
6.5 40.5
6.5 41.5
6.5 42.5
6.5 58.5
6.5 59.5
6.5 60.5
6.5 61.5
6.5 62.5
6.5 63.5
7.5 39.5
7.5 40.5
7.5 41.5
7.5 42.5
7.5 43.5
7.5 44.5
7.5 60.5
7.5 61.5
7.5 62.5
7.5 63.5
8.5 9.5
8.5 10.5
8.5 11.5
8.5 12.5
8.5 13.5
8.5 30.5
8.5 31.5
8.5 32.5
8.5 41.5
8.5 42.5
8.5 43.5
8.5 44.5
9.5 10.5
9.5 11.5
9.5 12.5
9.5 13.5
9.5 14.5
9.5 15.5
9.5 31.5
9.5 32.5
9.5 33.5
9.5 34.5
9.5 35.5
9.5 51.5
9.5 52.5
9.5 53.5
9.5 54.5
10.5 13.5
10.5 14.5
10.5 15.5
10.5 33.5
10.5 34.5
10.5 35.5
10.5 36.5
10.5 37.5
10.5 52.5
10.5 53.5
10.5 54.5
10.5 55.5
10.5 56.5
11.5 36.5
11.5 37.5
11.5 38.5
11.5 53.5
11.5 54.5
11.5 55.5
11.5 56.5
11.5 57.5
12.5 56.5
14.5 17.5
14.5 18.5
15.5 16.5
15.5 17.5
15.5 18.5
15.5 19.5
15.5 20.5
15.5 21.5
15.5 37.5
15.5 38.5
15.5 39.5
15.5 40.5
16.5 18.5
16.5 19.5
16.5 20.5
16.5 21.5
16.5 22.5
16.5 39.5
16.5 40.5
16.5 41.5
16.5 42.5
16.5 43.5
16.5 58.5
16.5 59.5
16.5 60.5
16.5 61.5
16.5 62.5
17.5 20.5
17.5 21.5
17.5 22.5
17.5 29.5
17.5 30.5
17.5 31.5
17.5 32.5
17.5 61.5
17.5 62.5
17.5 63.5
18.5 29.5
18.5 30.5
18.5 31.5
18.5 32.5
18.5 33.5
18.5 34.5
18.5 50.5
18.5 51.5
18.5 52.5
18.5 53.5
18.5 54.5
19.5 10.5
19.5 11.5
19.5 12.5
19.5 13.5
19.5 14.5
19.5 31.5
19.5 32.5
19.5 33.5
19.5 34.5
19.5 35.5
19.5 51.5
19.5 52.5
19.5 53.5
19.5 54.5
19.5 55.5
19.5 56.5
19.5 57.5
20.5 11.5
20.5 12.5
20.5 13.5
20.5 14.5
20.5 15.5
20.5 16.5
20.5 34.5
21.5 14.5
21.5 15.5
21.5 16.5
23.5 54.5
23.5 55.5
23.5 56.5
24.5 33.5
24.5 34.5
24.5 35.5
24.5 51.5
24.5 52.5
24.5 53.5
24.5 54.5
24.5 55.5
24.5 56.5
25.5 15.5
25.5 16.5
25.5 17.5
25.5 18.5
25.5 19.5
25.5 20.5
25.5 30.5
25.5 31.5
25.5 32.5
25.5 33.5
25.5 34.5
25.5 50.5
25.5 51.5
25.5 52.5
25.5 53.5
25.5 54.5
25.5 55.5
26.5 17.5
26.5 18.5
26.5 19.5
26.5 20.5
26.5 21.5
26.5 22.5
26.5 29.5
26.5 30.5
26.5 31.5
26.5 32.5
26.5 49.5
26.5 50.5
26.5 51.5
26.5 52.5
26.5 53.5
27.5 38.5
27.5 39.5
27.5 40.5
27.5 41.5
27.5 42.5
27.5 61.5
27.5 62.5
27.5 63.5
28.5 8.5
28.5 9.5
28.5 10.5
28.5 11.5
28.5 12.5
28.5 13.5
28.5 36.5
28.5 37.5
28.5 38.5
28.5 39.5
28.5 40.5
28.5 41.5
28.5 42.5
28.5 58.5
28.5 59.5
28.5 60.5
28.5 61.5
28.5 62.5
28.5 63.5
29.5 10.5
29.5 11.5
29.5 12.5
29.5 13.5
29.5 14.5
29.5 15.5
29.5 36.5
29.5 37.5
29.5 38.5
29.5 39.5
29.5 40.5
29.5 41.5
29.5 57.5
29.5 58.5
29.5 59.5
29.5 60.5
29.5 61.5
29.5 62.5
30.5 57.5
30.5 58.5
30.5 59.5
30.5 60.5
34.5 11.5
34.5 12.5
34.5 13.5
34.5 14.5
34.5 15.5
34.5 35.5
34.5 36.5
35.5 9.5
35.5 10.5
35.5 11.5
35.5 12.5
35.5 13.5
35.5 14.5
35.5 32.5
35.5 33.5
35.5 34.5
35.5 35.5
35.5 36.5
35.5 37.5
35.5 57.5
35.5 58.5
35.5 59.5
35.5 60.5
36.5 8.5
36.5 9.5
36.5 10.5
36.5 11.5
36.5 12.5
36.5 30.5
36.5 31.5
36.5 32.5
36.5 33.5
36.5 34.5
36.5 35.5
36.5 36.5
36.5 58.5
36.5 59.5
36.5 60.5
36.5 61.5
36.5 62.5
37.5 30.5
37.5 31.5
37.5 32.5
37.5 33.5
37.5 34.5
37.5 60.5
37.5 61.5
37.5 62.5
37.5 63.5
37.5 64.5
38.5 18.5
38.5 19.5
38.5 20.5
38.5 21.5
38.5 22.5
38.5 23.5
39.5 16.5
39.5 17.5
39.5 18.5
39.5 19.5
39.5 20.5
39.5 21.5
39.5 22.5
39.5 40.5
39.5 41.5
39.5 42.5
39.5 43.5
39.5 50.5
39.5 51.5
39.5 52.5
39.5 53.5
39.5 54.5
39.5 55.5
40.5 16.5
40.5 17.5
40.5 18.5
40.5 19.5
40.5 20.5
40.5 21.5
40.5 38.5
40.5 39.5
40.5 40.5
40.5 41.5
40.5 42.5
40.5 43.5
40.5 50.5
40.5 51.5
40.5 52.5
40.5 53.5
40.5 54.5
40.5 55.5
40.5 56.5
41.5 37.5
41.5 38.5
41.5 39.5
41.5 40.5
41.5 41.5
41.5 52.5
41.5 53.5
41.5 54.5
41.5 55.5
41.5 56.5
41.5 57.5
42.5 37.5
42.5 38.5
42.5 39.5
45.5 16.5
45.5 17.5
46.5 16.5
46.5 17.5
46.5 18.5
46.5 19.5
46.5 20.5
46.5 57.5
46.5 58.5
46.5 59.5
46.5 60.5
46.5 61.5
46.5 62.5
46.5 63.5
47.5 17.5
47.5 18.5
47.5 19.5
47.5 20.5
47.5 21.5
47.5 37.5
47.5 38.5
47.5 39.5
47.5 40.5
47.5 41.5
47.5 59.5
47.5 60.5
47.5 61.5
47.5 62.5
47.5 63.5
47.5 64.5
48.5 19.5
48.5 20.5
48.5 21.5
48.5 22.5
48.5 39.5
48.5 40.5
48.5 41.5
48.5 42.5
48.5 43.5
49.5 9.5
49.5 10.5
49.5 11.5
49.5 12.5
49.5 42.5
49.5 43.5
49.5 50.5
49.5 51.5
49.5 52.5
49.5 53.5
49.5 54.5
50.5 10.5
50.5 11.5
50.5 12.5
50.5 13.5
50.5 14.5
50.5 29.5
50.5 30.5
50.5 31.5
50.5 32.5
50.5 33.5
50.5 34.5
50.5 50.5
50.5 51.5
50.5 52.5
50.5 53.5
50.5 54.5
50.5 55.5
50.5 56.5
50.5 57.5
51.5 11.5
51.5 12.5
51.5 13.5
51.5 14.5
51.5 15.5
51.5 30.5
51.5 31.5
51.5 32.5
51.5 33.5
51.5 34.5
51.5 35.5
51.5 36.5
51.5 55.5
52.5 13.5
52.5 14.5
52.5 15.5
52.5 33.5
52.5 34.5
52.5 35.5
52.5 36.5
55.5 57.5
55.5 58.5
55.5 59.5
55.5 60.5
55.5 61.5
55.5 62.5
56.5 31.5
56.5 32.5
56.5 33.5
56.5 34.5
56.5 35.5
56.5 36.5
56.5 57.5
56.5 58.5
56.5 59.5
56.5 60.5
56.5 61.5
56.5 62.5
56.5 63.5
57.5 12.5
57.5 13.5
57.5 14.5
57.5 15.5
57.5 29.5
57.5 30.5
57.5 31.5
57.5 32.5
57.5 33.5
57.5 34.5
57.5 59.5
57.5 60.5
57.5 61.5
57.5 62.5
57.5 63.5
58.5 10.5
58.5 11.5
58.5 12.5
58.5 13.5
58.5 41.5
58.5 42.5
58.5 43.5
58.5 44.5
59.5 18.5
59.5 19.5
59.5 20.5
59.5 21.5
59.5 22.5
59.5 38.5
59.5 39.5
59.5 40.5
59.5 41.5
59.5 42.5
59.5 43.5
59.5 51.5
59.5 52.5
59.5 53.5
59.5 54.5
60.5 16.5
60.5 17.5
60.5 18.5
60.5 19.5
60.5 20.5
60.5 37.5
60.5 38.5
60.5 39.5
60.5 40.5
60.5 52.5
60.5 53.5
60.5 54.5
60.5 55.5
60.5 56.5
61.5 56.5
