4.5 60.5
4.5 61.5
5.5 16.5
5.5 17.5
5.5 26.5
5.5 27.5
5.5 28.5
5.5 42.5
5.5 43.5
5.5 60.5
5.5 61.5
5.5 62.5
6.5 16.5
6.5 17.5
6.5 18.5
6.5 25.5
6.5 26.5
6.5 27.5
6.5 41.5
6.5 42.5
6.5 43.5
6.5 44.5
7.5 17.5
7.5 42.5
7.5 43.5
8.5 32.5
8.5 33.5
8.5 34.5
8.5 55.5
8.5 56.5
8.5 57.5
9.5 10.5
9.5 11.5
9.5 12.5
9.5 31.5
9.5 32.5
9.5 33.5
9.5 34.5
9.5 47.5
9.5 48.5
9.5 55.5
9.5 56.5
9.5 57.5
9.5 58.5
10.5 10.5
10.5 11.5
10.5 12.5
10.5 13.5
10.5 31.5
10.5 32.5
10.5 33.5
10.5 46.5
10.5 47.5
10.5 48.5
10.5 56.5
10.5 57.5
11.5 46.5
11.5 47.5
15.5 15.5
15.5 16.5
15.5 31.5
15.5 32.5
15.5 56.5
15.5 57.5
15.5 58.5
16.5 15.5
16.5 16.5
16.5 17.5
16.5 30.5
16.5 31.5
16.5 32.5
16.5 33.5
16.5 46.5
16.5 47.5
16.5 55.5
16.5 56.5
16.5 57.5
17.5 16.5
17.5 17.5
17.5 32.5
17.5 33.5
17.5 47.5
17.5 48.5
17.5 55.5
17.5 56.5
18.5 24.5
18.5 25.5
18.5 26.5
18.5 48.5
18.5 62.5
18.5 63.5
18.5 64.5
19.5 10.5
19.5 11.5
19.5 25.5
19.5 26.5
19.5 27.5
19.5 41.5
19.5 42.5
19.5 61.5
19.5 62.5
19.5 63.5
19.5 64.5
20.5 10.5
20.5 11.5
20.5 12.5
20.5 26.5
20.5 41.5
20.5 42.5
20.5 43.5
20.5 61.5
20.5 62.5
20.5 63.5
21.5 11.5
21.5 42.5
21.5 43.5
25.5 15.5
25.5 16.5
25.5 25.5
25.5 26.5
25.5 27.5
25.5 41.5
25.5 42.5
26.5 14.5
26.5 15.5
26.5 16.5
26.5 17.5
26.5 24.5
26.5 25.5
26.5 26.5
26.5 39.5
26.5 40.5
26.5 41.5
26.5 42.5
26.5 62.5
27.5 15.5
27.5 16.5
27.5 40.5
27.5 41.5
27.5 61.5
27.5 62.5
27.5 63.5
27.5 64.5
28.5 30.5
28.5 31.5
28.5 62.5
28.5 63.5
28.5 64.5
29.5 10.5
29.5 11.5
29.5 29.5
29.5 30.5
29.5 31.5
29.5 45.5
29.5 46.5
29.5 47.5
29.5 48.5
30.5 9.5
30.5 10.5
30.5 11.5
30.5 12.5
30.5 29.5
30.5 30.5
30.5 45.5
30.5 46.5
30.5 47.5
30.5 55.5
30.5 56.5
30.5 57.5
31.5 11.5
31.5 56.5
31.5 57.5
31.5 58.5
35.5 15.5
35.5 25.5
35.5 26.5
35.5 27.5
35.5 41.5
35.5 42.5
36.5 14.5
36.5 15.5
36.5 16.5
36.5 17.5
36.5 24.5
36.5 25.5
36.5 26.5
36.5 40.5
36.5 41.5
36.5 42.5
36.5 43.5
37.5 15.5
37.5 16.5
37.5 17.5
37.5 25.5
37.5 40.5
37.5 41.5
37.5 42.5
37.5 60.5
37.5 61.5
37.5 62.5
38.5 61.5
38.5 62.5
38.5 63.5
39.5 30.5
39.5 31.5
39.5 32.5
39.5 47.5
39.5 55.5
39.5 56.5
40.5 10.5
40.5 11.5
40.5 30.5
40.5 31.5
40.5 32.5
40.5 45.5
40.5 46.5
40.5 47.5
40.5 55.5
40.5 56.5
40.5 57.5
41.5 10.5
41.5 11.5
41.5 12.5
41.5 45.5
41.5 46.5
41.5 55.5
41.5 56.5
41.5 57.5
42.5 11.5
42.5 12.5
46.5 30.5
46.5 31.5
46.5 32.5
46.5 42.5
46.5 56.5
46.5 57.5
47.5 14.5
47.5 15.5
47.5 16.5
47.5 30.5
47.5 31.5
47.5 32.5
47.5 33.5
47.5 40.5
47.5 41.5
47.5 42.5
47.5 55.5
47.5 56.5
47.5 57.5
48.5 15.5
48.5 16.5
48.5 32.5
48.5 33.5
48.5 40.5
48.5 41.5
48.5 42.5
49.5 24.5
49.5 25.5
49.5 26.5
49.5 47.5
49.5 61.5
49.5 62.5
49.5 63.5
50.5 10.5
50.5 11.5
50.5 24.5
50.5 25.5
50.5 26.5
50.5 27.5
50.5 45.5
50.5 46.5
50.5 47.5
50.5 61.5
50.5 62.5
51.5 10.5
51.5 11.5
51.5 12.5
51.5 26.5
51.5 27.5
51.5 45.5
51.5 46.5
55.5 12.5
55.5 42.5
55.5 43.5
55.5 60.5
55.5 61.5
55.5 62.5
56.5 11.5
56.5 12.5
56.5 13.5
56.5 25.5
56.5 26.5
56.5 27.5
56.5 41.5
56.5 42.5
56.5 61.5
56.5 62.5
56.5 63.5
57.5 11.5
57.5 12.5
57.5 24.5
57.5 25.5
57.5 26.5
57.5 27.5
58.5 24.5
58.5 25.5
58.5 47.5
58.5 48.5
58.5 49.5
59.5 16.5
59.5 17.5
59.5 31.5
59.5 32.5
59.5 33.5
59.5 46.5
59.5 47.5
59.5 48.5
59.5 49.5
59.5 56.5
59.5 57.5
60.5 16.5
60.5 17.5
60.5 30.5
60.5 31.5
60.5 57.5
60.5 58.5
