3.5 35.5
3.5 36.5
4.5 8.5
4.5 9.5
4.5 29.5
4.5 30.5
4.5 34.5
4.5 35.5
4.5 36.5
4.5 44.5
5.5 8.5
5.5 9.5
5.5 18.5
5.5 19.5
5.5 29.5
5.5 30.5
5.5 34.5
5.5 35.5
5.5 36.5
5.5 43.5
5.5 44.5
5.5 54.5
5.5 55.5
5.5 64.5
5.5 65.5
6.5 7.5
6.5 8.5
6.5 9.5
6.5 17.5
6.5 18.5
6.5 19.5
6.5 29.5
6.5 30.5
6.5 34.5
6.5 35.5
6.5 42.5
6.5 43.5
6.5 44.5
6.5 54.5
6.5 55.5
6.5 56.5
6.5 64.5
6.5 65.5
7.5 17.5
7.5 18.5
7.5 19.5
7.5 30.5
7.5 42.5
7.5 43.5
7.5 44.5
7.5 54.5
7.5 55.5
7.5 56.5
7.5 64.5
7.5 65.5
7.5 66.5
8.5 12.5
8.5 18.5
8.5 38.5
8.5 65.5
9.5 11.5
9.5 12.5
9.5 13.5
9.5 26.5
9.5 27.5
9.5 37.5
9.5 38.5
9.5 46.5
9.5 47.5
9.5 51.5
9.5 52.5
9.5 60.5
9.5 61.5
9.5 62.5
10.5 11.5
10.5 12.5
10.5 13.5
10.5 21.5
10.5 22.5
10.5 26.5
10.5 27.5
10.5 37.5
10.5 38.5
10.5 46.5
10.5 47.5
10.5 51.5
10.5 52.5
10.5 60.5
10.5 61.5
10.5 62.5
11.5 11.5
11.5 12.5
11.5 13.5
11.5 21.5
11.5 22.5
11.5 26.5
11.5 27.5
11.5 37.5
11.5 38.5
11.5 45.5
11.5 46.5
11.5 47.5
11.5 52.5
11.5 53.5
11.5 60.5
11.5 61.5
11.5 62.5
12.5 21.5
12.5 22.5
12.5 26.5
12.5 27.5
12.5 46.5
12.5 61.5
12.5 62.5
13.5 21.5
17.5 9.5
17.5 10.5
17.5 29.5
17.5 35.5
17.5 54.5
17.5 55.5
17.5 63.5
17.5 64.5
18.5 8.5
18.5 9.5
18.5 10.5
18.5 19.5
18.5 28.5
18.5 29.5
18.5 30.5
18.5 34.5
18.5 35.5
18.5 36.5
18.5 44.5
18.5 45.5
18.5 54.5
18.5 55.5
18.5 62.5
18.5 63.5
18.5 64.5
18.5 65.5
19.5 8.5
19.5 9.5
19.5 10.5
19.5 18.5
19.5 19.5
19.5 29.5
19.5 30.5
19.5 34.5
19.5 35.5
19.5 36.5
19.5 43.5
19.5 44.5
19.5 45.5
19.5 54.5
19.5 55.5
19.5 63.5
19.5 64.5
19.5 65.5
20.5 8.5
20.5 9.5
20.5 18.5
20.5 19.5
20.5 29.5
20.5 30.5
20.5 34.5
20.5 35.5
20.5 43.5
20.5 44.5
20.5 45.5
20.5 55.5
20.5 64.5
21.5 18.5
21.5 52.5
21.5 59.5
21.5 60.5
22.5 12.5
22.5 13.5
22.5 14.5
22.5 26.5
22.5 38.5
22.5 39.5
22.5 47.5
22.5 48.5
22.5 51.5
22.5 52.5
22.5 53.5
22.5 59.5
22.5 60.5
22.5 61.5
23.5 12.5
23.5 13.5
23.5 20.5
23.5 21.5
23.5 25.5
23.5 26.5
23.5 27.5
23.5 38.5
23.5 39.5
23.5 40.5
23.5 47.5
23.5 48.5
23.5 51.5
23.5 52.5
23.5 53.5
23.5 60.5
23.5 61.5
24.5 11.5
24.5 12.5
24.5 13.5
24.5 20.5
24.5 21.5
24.5 25.5
24.5 26.5
24.5 27.5
24.5 38.5
24.5 39.5
24.5 47.5
24.5 52.5
24.5 53.5
24.5 61.5
25.5 12.5
25.5 20.5
25.5 26.5
25.5 27.5
29.5 61.5
29.5 62.5
30.5 11.5
30.5 12.5
30.5 28.5
30.5 29.5
30.5 38.5
30.5 39.5
30.5 40.5
30.5 44.5
30.5 45.5
30.5 52.5
30.5 53.5
30.5 61.5
30.5 62.5
31.5 11.5
31.5 12.5
31.5 13.5
31.5 19.5
31.5 20.5
31.5 27.5
31.5 28.5
31.5 29.5
31.5 30.5
31.5 38.5
31.5 39.5
31.5 40.5
31.5 44.5
31.5 45.5
31.5 51.5
31.5 52.5
31.5 53.5
31.5 60.5
31.5 61.5
31.5 62.5
32.5 11.5
32.5 12.5
32.5 13.5
32.5 20.5
32.5 21.5
32.5 28.5
32.5 29.5
32.5 30.5
32.5 39.5
32.5 40.5
32.5 44.5
32.5 51.5
32.5 52.5
32.5 61.5
33.5 12.5
33.5 13.5
33.5 20.5
33.5 21.5
33.5 35.5
33.5 56.5
33.5 64.5
33.5 65.5
34.5 8.5
34.5 17.5
34.5 24.5
34.5 25.5
34.5 34.5
34.5 35.5
34.5 36.5
34.5 46.5
34.5 47.5
34.5 48.5
34.5 55.5
34.5 56.5
34.5 57.5
34.5 64.5
34.5 65.5
35.5 8.5
35.5 9.5
35.5 17.5
35.5 18.5
35.5 24.5
35.5 25.5
35.5 26.5
35.5 34.5
35.5 35.5
35.5 36.5
35.5 46.5
35.5 47.5
35.5 48.5
35.5 55.5
35.5 56.5
35.5 57.5
35.5 64.5
36.5 8.5
36.5 9.5
36.5 10.5
36.5 17.5
36.5 18.5
36.5 25.5
36.5 26.5
36.5 35.5
36.5 36.5
36.5 46.5
36.5 47.5
36.5 55.5
36.5 56.5
37.5 8.5
37.5 9.5
37.5 10.5
37.5 18.5
41.5 36.5
41.5 37.5
41.5 38.5
41.5 44.5
41.5 45.5
41.5 64.5
42.5 9.5
42.5 18.5
42.5 25.5
42.5 26.5
42.5 36.5
42.5 37.5
42.5 38.5
42.5 43.5
42.5 44.5
42.5 45.5
42.5 55.5
42.5 56.5
42.5 57.5
42.5 64.5
42.5 65.5
43.5 8.5
43.5 9.5
43.5 10.5
43.5 17.5
43.5 18.5
43.5 25.5
43.5 26.5
43.5 37.5
43.5 38.5
43.5 43.5
43.5 44.5
43.5 55.5
43.5 56.5
43.5 57.5
43.5 64.5
43.5 65.5
44.5 8.5
44.5 9.5
44.5 17.5
44.5 18.5
44.5 25.5
44.5 26.5
44.5 55.5
44.5 56.5
44.5 57.5
44.5 64.5
44.5 65.5
45.5 29.5
45.5 33.5
45.5 34.5
45.5 47.5
45.5 56.5
45.5 65.5
46.5 12.5
46.5 13.5
46.5 20.5
46.5 21.5
46.5 28.5
46.5 29.5
46.5 30.5
46.5 33.5
46.5 34.5
46.5 35.5
46.5 46.5
46.5 47.5
46.5 48.5
46.5 52.5
46.5 61.5
46.5 62.5
47.5 11.5
47.5 12.5
47.5 13.5
47.5 20.5
47.5 21.5
47.5 28.5
47.5 29.5
47.5 34.5
47.5 35.5
47.5 45.5
47.5 46.5
47.5 47.5
47.5 52.5
47.5 53.5
47.5 61.5
47.5 62.5
48.5 11.5
48.5 12.5
48.5 20.5
48.5 21.5
48.5 28.5
48.5 29.5
48.5 46.5
48.5 47.5
48.5 52.5
48.5 53.5
48.5 61.5
48.5 62.5
49.5 52.5
49.5 53.5
49.5 61.5
49.5 62.5
53.5 10.5
53.5 29.5
53.5 35.5
53.5 36.5
54.5 9.5
54.5 10.5
54.5 20.5
54.5 21.5
54.5 29.5
54.5 30.5
54.5 34.5
54.5 35.5
54.5 36.5
54.5 43.5
54.5 44.5
54.5 54.5
54.5 55.5
54.5 61.5
55.5 8.5
55.5 9.5
55.5 10.5
55.5 20.5
55.5 21.5
55.5 22.5
55.5 29.5
55.5 30.5
55.5 31.5
55.5 34.5
55.5 35.5
55.5 42.5
55.5 43.5
55.5 44.5
55.5 54.5
55.5 55.5
55.5 60.5
55.5 61.5
55.5 62.5
56.5 8.5
56.5 9.5
56.5 20.5
56.5 21.5
56.5 22.5
56.5 30.5
56.5 31.5
56.5 42.5
56.5 43.5
56.5 44.5
56.5 54.5
56.5 55.5
56.5 56.5
56.5 60.5
56.5 61.5
57.5 38.5
57.5 43.5
57.5 60.5
58.5 12.5
58.5 17.5
58.5 26.5
58.5 27.5
58.5 28.5
58.5 37.5
58.5 38.5
58.5 39.5
58.5 47.5
58.5 52.5
58.5 63.5
58.5 64.5
59.5 11.5
59.5 12.5
59.5 16.5
59.5 17.5
59.5 18.5
59.5 26.5
59.5 27.5
59.5 28.5
59.5 37.5
59.5 38.5
59.5 39.5
59.5 46.5
59.5 47.5
59.5 48.5
59.5 52.5
59.5 53.5
59.5 63.5
59.5 64.5
60.5 11.5
60.5 12.5
60.5 16.5
60.5 17.5
60.5 18.5
60.5 27.5
60.5 28.5
60.5 37.5
60.5 38.5
60.5 46.5
60.5 47.5
60.5 52.5
60.5 53.5
60.5 62.5
60.5 63.5
60.5 64.5
61.5 11.5
61.5 12.5
61.5 17.5
61.5 18.5
61.5 46.5
61.5 47.5
