4.5 56.5
4.5 57.5
5.5 15.5
5.5 16.5
5.5 36.5
5.5 37.5
5.5 57.5
5.5 58.5
6.5 16.5
6.5 17.5
6.5 36.5
6.5 37.5
6.5 38.5
6.5 57.5
6.5 58.5
6.5 59.5
7.5 16.5
7.5 17.5
7.5 18.5
7.5 37.5
7.5 38.5
7.5 39.5
7.5 58.5
7.5 59.5
7.5 60.5
8.5 17.5
8.5 18.5
8.5 19.5
8.5 38.5
8.5 39.5
8.5 40.5
8.5 59.5
8.5 60.5
8.5 61.5
9.5 18.5
9.5 19.5
9.5 20.5
9.5 38.5
9.5 39.5
9.5 40.5
9.5 41.5
9.5 60.5
9.5 61.5
9.5 62.5
10.5 19.5
10.5 20.5
10.5 21.5
10.5 39.5
10.5 40.5
10.5 41.5
10.5 42.5
10.5 61.5
10.5 62.5
10.5 63.5
11.5 9.5
11.5 20.5
11.5 21.5
11.5 22.5
11.5 40.5
11.5 41.5
11.5 42.5
11.5 43.5
11.5 49.5
11.5 62.5
11.5 63.5
11.5 64.5
12.5 9.5
12.5 10.5
12.5 21.5
12.5 22.5
12.5 23.5
12.5 28.5
12.5 29.5
12.5 41.5
12.5 42.5
12.5 43.5
12.5 49.5
12.5 50.5
12.5 51.5
12.5 63.5
12.5 64.5
13.5 10.5
13.5 11.5
13.5 22.5
13.5 23.5
13.5 29.5
13.5 30.5
13.5 43.5
13.5 44.5
13.5 50.5
13.5 51.5
13.5 52.5
13.5 64.5
14.5 10.5
14.5 11.5
14.5 12.5
14.5 29.5
14.5 30.5
14.5 31.5
14.5 32.5
14.5 51.5
14.5 52.5
14.5 53.5
15.5 11.5
15.5 12.5
15.5 13.5
15.5 30.5
15.5 31.5
15.5 32.5
15.5 33.5
15.5 51.5
15.5 52.5
15.5 53.5
15.5 54.5
16.5 12.5
16.5 13.5
16.5 14.5
16.5 31.5
16.5 32.5
16.5 33.5
16.5 34.5
16.5 52.5
16.5 53.5
16.5 54.5
16.5 55.5
17.5 13.5
17.5 14.5
17.5 15.5
17.5 32.5
17.5 33.5
17.5 34.5
17.5 35.5
17.5 53.5
17.5 54.5
17.5 55.5
18.5 14.5
18.5 15.5
18.5 33.5
18.5 34.5
18.5 35.5
18.5 54.5
18.5 55.5
18.5 56.5
19.5 15.5
19.5 16.5
19.5 34.5
19.5 35.5
19.5 36.5
19.5 55.5
19.5 56.5
19.5 57.5
20.5 16.5
20.5 36.5
20.5 57.5
25.5 15.5
25.5 16.5
25.5 36.5
25.5 56.5
25.5 57.5
26.5 14.5
26.5 15.5
26.5 16.5
26.5 35.5
26.5 36.5
26.5 55.5
26.5 56.5
27.5 13.5
27.5 14.5
27.5 15.5
27.5 33.5
27.5 34.5
27.5 35.5
27.5 54.5
27.5 55.5
27.5 56.5
28.5 12.5
28.5 13.5
28.5 14.5
28.5 32.5
28.5 33.5
28.5 34.5
28.5 35.5
28.5 52.5
28.5 53.5
28.5 54.5
28.5 55.5
29.5 11.5
29.5 12.5
29.5 13.5
29.5 14.5
29.5 31.5
29.5 32.5
29.5 33.5
29.5 34.5
29.5 51.5
29.5 52.5
29.5 53.5
29.5 54.5
30.5 11.5
30.5 12.5
30.5 13.5
30.5 30.5
30.5 31.5
30.5 32.5
30.5 33.5
30.5 50.5
30.5 51.5
30.5 52.5
30.5 53.5
31.5 10.5
31.5 11.5
31.5 12.5
31.5 29.5
31.5 30.5
31.5 31.5
31.5 32.5
31.5 50.5
31.5 51.5
31.5 52.5
32.5 9.5
32.5 10.5
32.5 11.5
32.5 22.5
32.5 23.5
32.5 29.5
32.5 30.5
32.5 42.5
32.5 43.5
32.5 49.5
32.5 50.5
32.5 51.5
32.5 63.5
32.5 64.5
33.5 9.5
33.5 10.5
33.5 21.5
33.5 22.5
33.5 28.5
33.5 29.5
33.5 41.5
33.5 42.5
33.5 43.5
33.5 48.5
33.5 49.5
33.5 61.5
33.5 62.5
33.5 63.5
34.5 9.5
34.5 20.5
34.5 21.5
34.5 22.5
34.5 40.5
34.5 41.5
34.5 42.5
34.5 60.5
34.5 61.5
34.5 62.5
35.5 19.5
35.5 20.5
35.5 21.5
35.5 39.5
35.5 40.5
35.5 41.5
35.5 59.5
35.5 60.5
35.5 61.5
35.5 62.5
36.5 18.5
36.5 19.5
36.5 20.5
36.5 38.5
36.5 39.5
36.5 40.5
36.5 58.5
36.5 59.5
36.5 60.5
36.5 61.5
37.5 17.5
37.5 18.5
37.5 19.5
37.5 37.5
37.5 38.5
37.5 39.5
37.5 57.5
37.5 58.5
37.5 59.5
37.5 60.5
38.5 16.5
38.5 17.5
38.5 18.5
38.5 36.5
38.5 37.5
38.5 38.5
38.5 56.5
38.5 57.5
38.5 58.5
38.5 59.5
39.5 16.5
39.5 17.5
39.5 36.5
39.5 37.5
39.5 56.5
39.5 57.5
39.5 58.5
40.5 15.5
40.5 16.5
40.5 35.5
40.5 36.5
40.5 55.5
40.5 56.5
45.5 15.5
45.5 36.5
46.5 16.5
46.5 17.5
46.5 35.5
46.5 36.5
46.5 56.5
46.5 57.5
47.5 16.5
47.5 17.5
47.5 18.5
47.5 34.5
47.5 35.5
47.5 36.5
47.5 55.5
47.5 56.5
48.5 17.5
48.5 18.5
48.5 19.5
48.5 33.5
48.5 34.5
48.5 35.5
48.5 53.5
48.5 54.5
48.5 55.5
48.5 56.5
49.5 17.5
49.5 18.5
49.5 19.5
49.5 20.5
49.5 32.5
49.5 33.5
49.5 34.5
49.5 53.5
49.5 54.5
49.5 55.5
50.5 18.5
50.5 19.5
50.5 20.5
50.5 21.5
50.5 32.5
50.5 33.5
50.5 34.5
50.5 52.5
50.5 53.5
50.5 54.5
51.5 19.5
51.5 20.5
51.5 21.5
51.5 31.5
51.5 32.5
51.5 33.5
51.5 51.5
51.5 52.5
51.5 53.5
52.5 20.5
52.5 21.5
52.5 22.5
52.5 30.5
52.5 31.5
52.5 32.5
52.5 44.5
52.5 50.5
52.5 51.5
52.5 52.5
53.5 8.5
53.5 9.5
53.5 21.5
53.5 22.5
53.5 23.5
53.5 30.5
53.5 31.5
53.5 42.5
53.5 43.5
53.5 49.5
53.5 50.5
53.5 51.5
53.5 63.5
53.5 64.5
54.5 9.5
54.5 10.5
54.5 22.5
54.5 23.5
54.5 29.5
54.5 30.5
54.5 31.5
54.5 41.5
54.5 42.5
54.5 43.5
54.5 49.5
54.5 50.5
54.5 62.5
54.5 63.5
55.5 9.5
55.5 10.5
55.5 11.5
55.5 23.5
55.5 24.5
55.5 29.5
55.5 40.5
55.5 41.5
55.5 42.5
55.5 61.5
55.5 62.5
56.5 10.5
56.5 11.5
56.5 12.5
56.5 39.5
56.5 40.5
56.5 41.5
56.5 42.5
56.5 60.5
56.5 61.5
56.5 62.5
57.5 11.5
57.5 12.5
57.5 13.5
57.5 39.5
57.5 40.5
57.5 41.5
57.5 59.5
57.5 60.5
57.5 61.5
58.5 12.5
58.5 13.5
58.5 14.5
58.5 38.5
58.5 39.5
58.5 40.5
58.5 58.5
58.5 59.5
58.5 60.5
59.5 13.5
59.5 14.5
59.5 15.5
59.5 37.5
59.5 38.5
59.5 39.5
59.5 57.5
59.5 58.5
59.5 59.5
60.5 14.5
60.5 15.5
60.5 16.5
60.5 37.5
60.5 38.5
60.5 57.5
60.5 58.5
61.5 15.5
61.5 16.5
61.5 36.5
61.5 37.5
61.5 56.5
61.5 57.5
62.5 16.5
62.5 17.5
62.5 36.5
62.5 56.5
