5.5 60.5
5.5 61.5
5.5 62.5
6.5 16.5
6.5 17.5
6.5 18.5
6.5 32.5
6.5 46.5
6.5 47.5
6.5 60.5
6.5 61.5
6.5 62.5
6.5 63.5
7.5 16.5
7.5 17.5
7.5 18.5
7.5 31.5
7.5 32.5
7.5 33.5
7.5 34.5
7.5 45.5
7.5 46.5
7.5 47.5
7.5 48.5
7.5 61.5
7.5 62.5
7.5 63.5
8.5 16.5
8.5 17.5
8.5 18.5
8.5 31.5
8.5 32.5
8.5 33.5
8.5 34.5
8.5 46.5
8.5 47.5
8.5 48.5
8.5 62.5
8.5 63.5
9.5 17.5
9.5 18.5
9.5 32.5
9.5 33.5
9.5 34.5
9.5 47.5
10.5 10.5
10.5 11.5
10.5 33.5
10.5 55.5
10.5 56.5
11.5 10.5
11.5 11.5
11.5 12.5
11.5 41.5
11.5 55.5
11.5 56.5
11.5 57.5
11.5 58.5
12.5 10.5
12.5 11.5
12.5 12.5
12.5 25.5
12.5 26.5
12.5 27.5
12.5 40.5
12.5 41.5
12.5 42.5
12.5 55.5
12.5 56.5
12.5 57.5
12.5 58.5
13.5 11.5
13.5 12.5
13.5 13.5
13.5 25.5
13.5 26.5
13.5 27.5
13.5 28.5
13.5 40.5
13.5 41.5
13.5 42.5
13.5 43.5
13.5 56.5
13.5 57.5
13.5 58.5
14.5 12.5
14.5 26.5
14.5 27.5
14.5 28.5
14.5 41.5
14.5 42.5
14.5 43.5
15.5 27.5
21.5 60.5
21.5 61.5
21.5 62.5
22.5 11.5
22.5 12.5
22.5 29.5
22.5 30.5
22.5 31.5
22.5 32.5
22.5 41.5
22.5 42.5
22.5 60.5
22.5 61.5
22.5 62.5
22.5 63.5
23.5 10.5
23.5 11.5
23.5 12.5
23.5 30.5
23.5 31.5
23.5 32.5
23.5 40.5
23.5 41.5
23.5 42.5
23.5 60.5
23.5 61.5
23.5 62.5
23.5 63.5
24.5 10.5
24.5 11.5
24.5 12.5
24.5 31.5
24.5 32.5
24.5 33.5
24.5 40.5
24.5 41.5
24.5 61.5
24.5 62.5
24.5 63.5
25.5 10.5
25.5 11.5
27.5 25.5
27.5 26.5
27.5 46.5
27.5 47.5
27.5 48.5
27.5 55.5
27.5 56.5
28.5 16.5
28.5 17.5
28.5 24.5
28.5 25.5
28.5 26.5
28.5 27.5
28.5 45.5
28.5 46.5
28.5 47.5
28.5 48.5
28.5 55.5
28.5 56.5
28.5 57.5
29.5 15.5
29.5 16.5
29.5 17.5
29.5 24.5
29.5 25.5
29.5 26.5
29.5 27.5
29.5 45.5
29.5 46.5
29.5 47.5
29.5 48.5
29.5 55.5
29.5 56.5
29.5 57.5
29.5 58.5
30.5 15.5
30.5 16.5
30.5 17.5
30.5 24.5
30.5 25.5
30.5 26.5
30.5 27.5
30.5 46.5
30.5 47.5
30.5 56.5
30.5 57.5
30.5 58.5
31.5 15.5
31.5 16.5
31.5 25.5
31.5 26.5
32.5 15.5
37.5 30.5
37.5 31.5
37.5 41.5
37.5 42.5
37.5 43.5
37.5 44.5
38.5 11.5
38.5 12.5
38.5 29.5
38.5 30.5
38.5 31.5
38.5 32.5
38.5 33.5
38.5 41.5
38.5 42.5
38.5 43.5
38.5 60.5
38.5 61.5
38.5 62.5
39.5 10.5
39.5 11.5
39.5 12.5
39.5 30.5
39.5 31.5
39.5 32.5
39.5 33.5
39.5 41.5
39.5 42.5
39.5 43.5
39.5 60.5
39.5 61.5
39.5 62.5
39.5 63.5
40.5 10.5
40.5 11.5
40.5 12.5
40.5 31.5
40.5 32.5
40.5 61.5
40.5 62.5
40.5 63.5
41.5 62.5
41.5 63.5
42.5 47.5
42.5 48.5
43.5 15.5
43.5 16.5
43.5 17.5
43.5 24.5
43.5 25.5
43.5 26.5
43.5 46.5
43.5 47.5
43.5 48.5
43.5 49.5
43.5 56.5
43.5 57.5
44.5 14.5
44.5 15.5
44.5 16.5
44.5 17.5
44.5 24.5
44.5 25.5
44.5 26.5
44.5 27.5
44.5 46.5
44.5 47.5
44.5 48.5
44.5 56.5
44.5 57.5
44.5 58.5
45.5 26.5
45.5 27.5
45.5 46.5
45.5 47.5
45.5 48.5
45.5 56.5
45.5 57.5
45.5 58.5
46.5 57.5
46.5 58.5
51.5 10.5
51.5 11.5
51.5 12.5
51.5 26.5
51.5 27.5
51.5 28.5
52.5 10.5
52.5 11.5
52.5 12.5
52.5 26.5
52.5 27.5
52.5 28.5
52.5 41.5
52.5 42.5
52.5 43.5
52.5 44.5
53.5 10.5
53.5 11.5
53.5 12.5
53.5 25.5
53.5 26.5
53.5 27.5
53.5 28.5
53.5 41.5
53.5 42.5
53.5 43.5
53.5 44.5
53.5 60.5
53.5 61.5
53.5 62.5
54.5 10.5
54.5 11.5
54.5 25.5
54.5 26.5
54.5 27.5
54.5 41.5
54.5 42.5
54.5 43.5
54.5 61.5
54.5 62.5
54.5 63.5
55.5 42.5
55.5 62.5
55.5 63.5
56.5 32.5
56.5 33.5
56.5 34.5
57.5 15.5
57.5 16.5
57.5 17.5
57.5 18.5
57.5 31.5
57.5 32.5
57.5 33.5
57.5 34.5
57.5 47.5
57.5 48.5
57.5 55.5
57.5 56.5
57.5 57.5
58.5 15.5
58.5 16.5
58.5 17.5
58.5 18.5
58.5 31.5
58.5 32.5
58.5 33.5
58.5 34.5
58.5 46.5
58.5 47.5
58.5 48.5
58.5 55.5
58.5 56.5
58.5 57.5
58.5 58.5
59.5 15.5
59.5 16.5
59.5 17.5
59.5 31.5
59.5 32.5
59.5 33.5
59.5 46.5
59.5 47.5
59.5 56.5
59.5 57.5
59.5 58.5
60.5 15.5
60.5 16.5
60.5 46.5
