4.5 49.5
5.5 11.5
5.5 42.5
5.5 50.5
5.5 54.5
6.5 19.5
6.5 24.5
6.5 34.5
6.5 64.5
7.5 34.5
8.5 7.5
8.5 39.5
8.5 47.5
9.5 16.5
9.5 27.5
9.5 39.5
10.5 32.5
10.5 61.5
11.5 32.5
14.5 49.5
15.5 26.5
15.5 54.5
16.5 7.5
16.5 18.5
16.5 41.5
16.5 54.5
16.5 61.5
17.5 31.5
18.5 23.5
18.5 46.5
19.5 15.5
19.5 24.5
19.5 34.5
19.5 64.5
20.5 10.5
20.5 56.5
21.5 10.5
25.5 26.5
25.5 31.5
25.5 54.5
25.5 64.5
26.5 18.5
26.5 39.5
26.5 49.5
26.5 65.5
27.5 9.5
28.5 8.5
28.5 34.5
29.5 23.5
29.5 33.5
29.5 57.5
30.5 12.5
30.5 42.5
30.5 47.5
30.5 62.5
35.5 23.5
36.5 19.5
36.5 23.5
36.5 31.5
36.5 42.5
36.5 54.5
36.5 65.5
37.5 12.5
37.5 54.5
37.5 66.5
38.5 26.5
39.5 26.5
39.5 46.5
40.5 9.5
40.5 17.5
40.5 34.5
40.5 39.5
40.5 47.5
40.5 57.5
40.5 63.5
41.5 34.5
46.5 26.5
46.5 46.5
46.5 66.5
47.5 12.5
47.5 27.5
47.5 34.5
47.5 41.5
47.5 46.5
47.5 57.5
49.5 23.5
49.5 31.5
49.5 62.5
50.5 9.5
50.5 16.5
50.5 23.5
50.5 54.5
51.5 16.5
51.5 39.5
51.5 49.5
55.5 65.5
56.5 16.5
56.5 25.5
56.5 54.5
57.5 12.5
57.5 26.5
57.5 38.5
57.5 49.5
59.5 57.5
59.5 62.5
60.5 8.5
60.5 9.5
60.5 23.5
60.5 31.5
60.5 40.5
60.5 46.5
60.5 57.5
