3.5 36.5
4.5 21.5
4.5 22.5
4.5 37.5
4.5 44.5
4.5 45.5
5.5 8.5
5.5 21.5
5.5 22.5
5.5 23.5
5.5 24.5
5.5 28.5
5.5 37.5
5.5 38.5
5.5 44.5
5.5 45.5
5.5 53.5
5.5 63.5
6.5 7.5
6.5 8.5
6.5 9.5
6.5 22.5
6.5 23.5
6.5 24.5
6.5 28.5
6.5 38.5
6.5 39.5
6.5 44.5
6.5 45.5
6.5 53.5
6.5 61.5
6.5 62.5
6.5 63.5
7.5 6.5
7.5 7.5
7.5 8.5
7.5 23.5
7.5 24.5
7.5 39.5
7.5 43.5
7.5 44.5
7.5 52.5
7.5 53.5
7.5 61.5
7.5 62.5
8.5 34.5
8.5 52.5
9.5 30.5
9.5 33.5
9.5 34.5
9.5 35.5
9.5 48.5
9.5 56.5
9.5 66.5
10.5 11.5
10.5 12.5
10.5 18.5
10.5 19.5
10.5 34.5
10.5 35.5
10.5 47.5
10.5 48.5
10.5 55.5
10.5 56.5
10.5 65.5
11.5 11.5
11.5 12.5
11.5 13.5
11.5 18.5
11.5 19.5
11.5 20.5
11.5 34.5
11.5 35.5
11.5 36.5
11.5 47.5
11.5 48.5
11.5 55.5
11.5 56.5
11.5 64.5
12.5 12.5
12.5 13.5
12.5 19.5
12.5 20.5
12.5 21.5
12.5 35.5
12.5 36.5
12.5 47.5
13.5 12.5
13.5 20.5
13.5 21.5
15.5 62.5
16.5 10.5
16.5 45.5
16.5 55.5
16.5 56.5
16.5 61.5
17.5 11.5
17.5 12.5
17.5 22.5
17.5 23.5
17.5 28.5
17.5 37.5
17.5 38.5
17.5 44.5
17.5 45.5
17.5 55.5
17.5 56.5
17.5 60.5
17.5 61.5
18.5 12.5
18.5 13.5
18.5 22.5
18.5 23.5
18.5 24.5
18.5 28.5
18.5 37.5
18.5 38.5
18.5 39.5
18.5 44.5
18.5 56.5
18.5 60.5
19.5 7.5
19.5 23.5
19.5 24.5
19.5 25.5
19.5 28.5
19.5 38.5
19.5 39.5
20.5 7.5
20.5 8.5
20.5 48.5
20.5 52.5
20.5 53.5
20.5 63.5
21.5 6.5
21.5 7.5
21.5 8.5
21.5 17.5
21.5 18.5
21.5 19.5
21.5 33.5
21.5 34.5
21.5 47.5
21.5 48.5
21.5 53.5
21.5 63.5
22.5 7.5
22.5 8.5
22.5 19.5
22.5 20.5
22.5 29.5
22.5 34.5
22.5 35.5
22.5 46.5
22.5 47.5
22.5 53.5
22.5 62.5
22.5 63.5
23.5 7.5
23.5 62.5
23.5 63.5
24.5 62.5
24.5 63.5
26.5 19.5
27.5 8.5
27.5 18.5
27.5 19.5
27.5 20.5
27.5 35.5
27.5 46.5
27.5 55.5
28.5 7.5
28.5 8.5
28.5 18.5
28.5 19.5
28.5 20.5
28.5 27.5
28.5 34.5
28.5 35.5
28.5 46.5
28.5 47.5
28.5 55.5
29.5 7.5
29.5 8.5
29.5 18.5
29.5 19.5
29.5 27.5
29.5 34.5
29.5 35.5
29.5 46.5
29.5 47.5
29.5 55.5
29.5 56.5
29.5 60.5
29.5 61.5
30.5 6.5
30.5 7.5
30.5 17.5
30.5 18.5
30.5 19.5
30.5 27.5
30.5 33.5
30.5 34.5
30.5 35.5
30.5 46.5
30.5 47.5
30.5 55.5
30.5 56.5
30.5 60.5
30.5 61.5
31.5 6.5
31.5 12.5
31.5 18.5
31.5 33.5
31.5 34.5
31.5 47.5
31.5 56.5
31.5 60.5
31.5 61.5
32.5 11.5
32.5 12.5
32.5 23.5
32.5 26.5
32.5 29.5
32.5 33.5
32.5 39.5
32.5 43.5
32.5 56.5
32.5 60.5
32.5 61.5
33.5 11.5
33.5 12.5
33.5 22.5
33.5 23.5
33.5 29.5
33.5 38.5
33.5 39.5
33.5 43.5
33.5 52.5
33.5 60.5
34.5 11.5
34.5 12.5
34.5 22.5
34.5 28.5
34.5 29.5
34.5 38.5
34.5 39.5
34.5 43.5
34.5 44.5
34.5 52.5
34.5 53.5
34.5 60.5
35.5 11.5
35.5 12.5
35.5 21.5
35.5 22.5
35.5 28.5
35.5 29.5
35.5 37.5
35.5 38.5
35.5 44.5
35.5 52.5
35.5 53.5
35.5 64.5
36.5 21.5
36.5 28.5
36.5 37.5
36.5 38.5
36.5 44.5
36.5 52.5
36.5 53.5
36.5 63.5
36.5 64.5
37.5 28.5
37.5 37.5
37.5 38.5
37.5 44.5
37.5 53.5
37.5 63.5
38.5 37.5
40.5 11.5
41.5 10.5
41.5 11.5
41.5 20.5
41.5 64.5
42.5 11.5
42.5 12.5
42.5 20.5
42.5 26.5
42.5 45.5
42.5 54.5
42.5 64.5
42.5 65.5
43.5 11.5
43.5 12.5
43.5 20.5
43.5 21.5
43.5 26.5
43.5 35.5
43.5 36.5
43.5 45.5
43.5 46.5
43.5 54.5
43.5 55.5
43.5 64.5
43.5 65.5
44.5 20.5
44.5 21.5
44.5 25.5
44.5 35.5
44.5 36.5
44.5 45.5
44.5 46.5
44.5 55.5
44.5 56.5
44.5 65.5
45.5 8.5
45.5 16.5
45.5 21.5
45.5 24.5
45.5 25.5
45.5 34.5
45.5 35.5
45.5 46.5
45.5 50.5
45.5 56.5
46.5 8.5
46.5 16.5
46.5 17.5
46.5 29.5
46.5 30.5
46.5 39.5
46.5 50.5
46.5 51.5
46.5 60.5
46.5 61.5
47.5 8.5
47.5 16.5
47.5 17.5
47.5 28.5
47.5 29.5
47.5 30.5
47.5 38.5
47.5 42.5
47.5 43.5
47.5 50.5
47.5 51.5
47.5 52.5
47.5 60.5
47.5 61.5
47.5 62.5
48.5 8.5
48.5 16.5
48.5 17.5
48.5 27.5
48.5 28.5
48.5 29.5
48.5 38.5
48.5 42.5
48.5 43.5
48.5 51.5
48.5 52.5
48.5 62.5
48.5 63.5
49.5 8.5
49.5 37.5
49.5 42.5
49.5 43.5
52.5 16.5
53.5 10.5
53.5 16.5
53.5 17.5
53.5 27.5
53.5 28.5
53.5 52.5
53.5 53.5
53.5 63.5
54.5 11.5
54.5 16.5
54.5 17.5
54.5 26.5
54.5 27.5
54.5 28.5
54.5 35.5
54.5 42.5
54.5 51.5
54.5 52.5
54.5 53.5
54.5 63.5
54.5 64.5
55.5 11.5
55.5 12.5
55.5 16.5
55.5 17.5
55.5 26.5
55.5 27.5
55.5 35.5
55.5 41.5
55.5 42.5
55.5 51.5
55.5 52.5
55.5 62.5
55.5 63.5
55.5 64.5
56.5 12.5
56.5 21.5
56.5 31.5
56.5 41.5
56.5 47.5
56.5 63.5
56.5 64.5
57.5 21.5
57.5 22.5
57.5 31.5
57.5 37.5
57.5 46.5
57.5 47.5
57.5 57.5
57.5 63.5
58.5 8.5
58.5 9.5
58.5 21.5
58.5 22.5
58.5 30.5
58.5 37.5
58.5 45.5
58.5 46.5
58.5 47.5
58.5 56.5
58.5 57.5
59.5 8.5
59.5 9.5
59.5 10.5
59.5 21.5
59.5 36.5
59.5 37.5
59.5 45.5
59.5 57.5
60.5 10.5
60.5 57.5
