6.5 10.5
6.5 20.5
6.5 33.5
6.5 40.5
6.5 50.5
6.5 60.5
6.5 61.5
7.5 20.5
10.5 13.5
10.5 30.5
10.5 43.5
10.5 53.5
10.5 54.5
10.5 64.5
11.5 23.5
11.5 30.5
11.5 43.5
18.5 13.5
18.5 23.5
18.5 33.5
18.5 40.5
18.5 51.5
18.5 63.5
19.5 34.5
19.5 40.5
22.5 9.5
22.5 19.5
22.5 30.5
22.5 44.5
22.5 54.5
23.5 60.5
30.5 19.5
30.5 33.5
30.5 44.5
30.5 54.5
30.5 60.5
31.5 13.5
31.5 19.5
34.5 23.5
34.5 29.5
34.5 40.5
34.5 50.5
35.5 9.5
35.5 23.5
35.5 30.5
35.5 40.5
35.5 63.5
42.5 43.5
42.5 50.5
42.5 60.5
43.5 12.5
43.5 23.5
43.5 29.5
43.5 30.5
43.5 44.5
43.5 50.5
43.5 60.5
46.5 54.5
46.5 64.5
47.5 9.5
47.5 19.5
47.5 33.5
47.5 40.5
47.5 63.5
48.5 9.5
55.5 9.5
55.5 19.5
55.5 30.5
55.5 43.5
55.5 54.5
55.5 64.5
56.5 9.5
56.5 44.5
59.5 13.5
59.5 23.5
59.5 33.5
59.5 34.5
59.5 40.5
59.5 50.5
59.5 60.5
60.5 12.5
60.5 33.5
60.5 40.5
