3.5 26.5
4.5 8.5
4.5 9.5
4.5 34.5
4.5 59.5
4.5 60.5
5.5 45.5
7.5 13.5
7.5 14.5
7.5 50.5
7.5 63.5
8.5 22.5
8.5 38.5
13.5 9.5
13.5 38.5
13.5 49.5
14.5 22.5
16.5 28.5
16.5 35.5
16.5 57.5
16.5 58.5
17.5 45.5
21.5 14.5
21.5 35.5
22.5 28.5
23.5 45.5
23.5 57.5
25.5 38.5
26.5 62.5
26.5 63.5
27.5 49.5
29.5 22.5
30.5 14.5
30.5 21.5
32.5 35.5
32.5 63.5
33.5 9.5
33.5 35.5
34.5 10.5
34.5 27.5
35.5 26.5
36.5 45.5
36.5 46.5
37.5 38.5
40.5 10.5
40.5 45.5
40.5 58.5
41.5 38.5
42.5 49.5
42.5 50.5
43.5 15.5
43.5 21.5
43.5 22.5
43.5 63.5
46.5 38.5
49.5 26.5
49.5 27.5
49.5 35.5
50.5 12.5
51.5 50.5
51.5 51.5
51.5 58.5
51.5 59.5
53.5 22.5
53.5 23.5
54.5 14.5
55.5 39.5
56.5 46.5
56.5 47.5
56.5 63.5
57.5 27.5
58.5 14.5
59.5 36.5
60.5 52.5
60.5 60.5
