3.5 12.5
3.5 13.5
3.5 28.5
3.5 29.5
4.5 9.5
4.5 10.5
4.5 11.5
4.5 12.5
4.5 25.5
4.5 26.5
4.5 27.5
4.5 28.5
4.5 42.5
4.5 43.5
4.5 44.5
4.5 59.5
4.5 60.5
4.5 61.5
5.5 7.5
5.5 8.5
5.5 9.5
5.5 10.5
5.5 24.5
5.5 25.5
5.5 26.5
5.5 40.5
5.5 41.5
5.5 42.5
5.5 43.5
5.5 60.5
5.5 61.5
5.5 62.5
5.5 63.5
6.5 18.5
6.5 19.5
6.5 39.5
6.5 40.5
6.5 41.5
6.5 63.5
6.5 64.5
7.5 16.5
7.5 17.5
7.5 18.5
7.5 31.5
7.5 32.5
7.5 33.5
7.5 34.5
7.5 49.5
7.5 50.5
7.5 55.5
7.5 56.5
8.5 14.5
8.5 15.5
8.5 16.5
8.5 17.5
8.5 29.5
8.5 30.5
8.5 31.5
8.5 32.5
8.5 33.5
8.5 46.5
8.5 47.5
8.5 48.5
8.5 49.5
8.5 56.5
8.5 57.5
8.5 58.5
9.5 13.5
9.5 14.5
9.5 45.5
9.5 46.5
9.5 47.5
9.5 58.5
9.5 59.5
13.5 12.5
13.5 13.5
13.5 14.5
13.5 28.5
13.5 29.5
13.5 30.5
13.5 45.5
13.5 46.5
13.5 47.5
13.5 57.5
13.5 58.5
13.5 59.5
14.5 10.5
14.5 11.5
14.5 12.5
14.5 13.5
14.5 26.5
14.5 27.5
14.5 28.5
14.5 29.5
14.5 46.5
14.5 47.5
14.5 48.5
14.5 49.5
14.5 56.5
14.5 57.5
14.5 58.5
15.5 8.5
15.5 9.5
15.5 10.5
15.5 11.5
15.5 25.5
15.5 26.5
15.5 27.5
15.5 49.5
15.5 50.5
15.5 55.5
15.5 56.5
16.5 18.5
16.5 19.5
16.5 20.5
16.5 33.5
16.5 34.5
16.5 35.5
16.5 40.5
16.5 41.5
16.5 42.5
16.5 62.5
16.5 63.5
16.5 64.5
17.5 16.5
17.5 17.5
17.5 18.5
17.5 19.5
17.5 31.5
17.5 32.5
17.5 33.5
17.5 41.5
17.5 42.5
17.5 43.5
17.5 44.5
17.5 60.5
17.5 61.5
17.5 62.5
17.5 63.5
18.5 14.5
18.5 15.5
18.5 16.5
18.5 17.5
18.5 30.5
18.5 31.5
18.5 44.5
18.5 45.5
18.5 60.5
22.5 30.5
22.5 31.5
22.5 32.5
22.5 42.5
22.5 43.5
22.5 44.5
22.5 45.5
22.5 60.5
22.5 61.5
22.5 62.5
22.5 63.5
23.5 14.5
23.5 15.5
23.5 16.5
23.5 17.5
23.5 18.5
23.5 31.5
23.5 32.5
23.5 33.5
23.5 34.5
23.5 40.5
23.5 41.5
23.5 42.5
23.5 43.5
23.5 63.5
23.5 64.5
23.5 65.5
24.5 34.5
24.5 35.5
25.5 8.5
25.5 9.5
25.5 10.5
25.5 24.5
25.5 25.5
25.5 26.5
25.5 27.5
25.5 48.5
25.5 49.5
25.5 50.5
25.5 56.5
25.5 57.5
25.5 58.5
26.5 10.5
26.5 11.5
26.5 12.5
26.5 13.5
26.5 26.5
26.5 27.5
26.5 28.5
26.5 29.5
26.5 46.5
26.5 47.5
26.5 48.5
26.5 58.5
26.5 59.5
26.5 60.5
27.5 45.5
30.5 13.5
30.5 14.5
30.5 15.5
30.5 29.5
30.5 30.5
30.5 31.5
30.5 44.5
30.5 45.5
30.5 60.5
30.5 61.5
31.5 14.5
31.5 15.5
31.5 16.5
31.5 17.5
31.5 31.5
31.5 32.5
31.5 33.5
31.5 34.5
31.5 41.5
31.5 42.5
31.5 43.5
31.5 60.5
31.5 61.5
31.5 62.5
31.5 63.5
32.5 17.5
32.5 18.5
32.5 23.5
32.5 40.5
32.5 62.5
32.5 63.5
32.5 64.5
33.5 23.5
33.5 24.5
33.5 25.5
33.5 26.5
33.5 27.5
33.5 48.5
33.5 49.5
33.5 50.5
34.5 9.5
34.5 10.5
34.5 11.5
34.5 12.5
34.5 26.5
34.5 27.5
34.5 28.5
34.5 29.5
34.5 45.5
34.5 46.5
34.5 47.5
34.5 48.5
34.5 49.5
34.5 50.5
34.5 55.5
34.5 56.5
34.5 57.5
35.5 10.5
35.5 11.5
35.5 12.5
35.5 13.5
35.5 45.5
35.5 46.5
35.5 57.5
35.5 58.5
35.5 59.5
36.5 59.5
38.5 29.5
39.5 12.5
39.5 13.5
39.5 26.5
39.5 27.5
39.5 28.5
39.5 29.5
39.5 43.5
39.5 44.5
39.5 45.5
40.5 10.5
40.5 11.5
40.5 12.5
40.5 24.5
40.5 25.5
40.5 26.5
40.5 27.5
40.5 40.5
40.5 41.5
40.5 42.5
40.5 43.5
40.5 44.5
40.5 58.5
40.5 59.5
41.5 9.5
41.5 10.5
41.5 24.5
41.5 25.5
41.5 39.5
41.5 40.5
41.5 41.5
41.5 42.5
41.5 56.5
41.5 57.5
41.5 58.5
42.5 17.5
42.5 18.5
42.5 19.5
42.5 32.5
42.5 33.5
42.5 34.5
42.5 55.5
42.5 56.5
43.5 15.5
43.5 16.5
43.5 17.5
43.5 18.5
43.5 31.5
43.5 32.5
43.5 33.5
43.5 48.5
43.5 49.5
43.5 50.5
43.5 62.5
43.5 63.5
43.5 64.5
44.5 14.5
44.5 15.5
44.5 16.5
44.5 30.5
44.5 31.5
44.5 45.5
44.5 46.5
44.5 47.5
44.5 48.5
44.5 49.5
44.5 60.5
44.5 61.5
44.5 62.5
45.5 29.5
45.5 44.5
45.5 45.5
45.5 46.5
48.5 12.5
48.5 13.5
48.5 14.5
48.5 60.5
48.5 61.5
48.5 62.5
48.5 63.5
49.5 9.5
49.5 10.5
49.5 11.5
49.5 12.5
49.5 13.5
49.5 30.5
49.5 31.5
49.5 32.5
49.5 45.5
49.5 46.5
49.5 47.5
49.5 48.5
49.5 61.5
49.5 62.5
49.5 63.5
49.5 64.5
49.5 65.5
50.5 33.5
50.5 34.5
51.5 18.5
51.5 19.5
51.5 25.5
51.5 39.5
51.5 40.5
51.5 41.5
51.5 42.5
51.5 55.5
51.5 56.5
51.5 57.5
51.5 58.5
52.5 15.5
52.5 16.5
52.5 17.5
52.5 18.5
52.5 24.5
52.5 25.5
52.5 26.5
52.5 27.5
52.5 28.5
52.5 42.5
52.5 43.5
52.5 44.5
53.5 14.5
53.5 15.5
55.5 59.5
56.5 29.5
56.5 42.5
56.5 43.5
56.5 44.5
56.5 57.5
56.5 58.5
56.5 59.5
57.5 10.5
57.5 11.5
57.5 12.5
57.5 13.5
57.5 26.5
57.5 27.5
57.5 28.5
57.5 40.5
57.5 41.5
57.5 42.5
57.5 43.5
57.5 55.5
57.5 56.5
57.5 57.5
57.5 58.5
58.5 9.5
58.5 10.5
58.5 11.5
58.5 24.5
58.5 25.5
58.5 26.5
58.5 39.5
58.5 40.5
58.5 41.5
58.5 55.5
58.5 56.5
59.5 32.5
59.5 33.5
59.5 34.5
59.5 48.5
59.5 49.5
59.5 50.5
59.5 62.5
59.5 63.5
59.5 64.5
60.5 16.5
60.5 17.5
60.5 18.5
60.5 19.5
60.5 30.5
60.5 31.5
60.5 32.5
60.5 33.5
60.5 46.5
60.5 47.5
60.5 48.5
60.5 49.5
60.5 61.5
60.5 62.5
60.5 63.5
61.5 14.5
61.5 15.5
61.5 16.5
61.5 30.5
61.5 31.5
61.5 44.5
61.5 45.5
61.5 46.5
61.5 47.5
61.5 60.5
61.5 61.5
