5.5 11.5
6.5 10.5
6.5 24.5
6.5 25.5
6.5 48.5
6.5 63.5
7.5 9.5
7.5 10.5
7.5 23.5
7.5 24.5
7.5 41.5
7.5 48.5
7.5 63.5
7.5 64.5
8.5 41.5
8.5 48.5
8.5 64.5
9.5 42.5
9.5 48.5
11.5 15.5
11.5 29.5
12.5 14.5
12.5 28.5
12.5 36.5
12.5 37.5
12.5 59.5
13.5 27.5
13.5 37.5
13.5 53.5
13.5 59.5
14.5 38.5
14.5 53.5
14.5 60.5
20.5 13.5
21.5 13.5
21.5 14.5
21.5 23.5
21.5 60.5
22.5 14.5
22.5 22.5
22.5 39.5
22.5 53.5
22.5 60.5
23.5 14.5
23.5 21.5
23.5 22.5
23.5 40.5
23.5 53.5
23.5 59.5
24.5 41.5
24.5 54.5
26.5 62.5
27.5 10.5
27.5 28.5
27.5 35.5
27.5 47.5
27.5 48.5
27.5 62.5
28.5 10.5
28.5 27.5
28.5 28.5
28.5 35.5
28.5 48.5
28.5 49.5
29.5 26.5
29.5 27.5
29.5 36.5
29.5 61.5
36.5 10.5
36.5 47.5
36.5 48.5
37.5 9.5
37.5 25.5
37.5 46.5
37.5 47.5
38.5 23.5
38.5 24.5
38.5 25.5
38.5 39.5
38.5 46.5
38.5 59.5
39.5 23.5
39.5 39.5
41.5 15.5
41.5 53.5
42.5 13.5
42.5 14.5
42.5 15.5
42.5 29.5
42.5 34.5
42.5 52.5
42.5 53.5
43.5 34.5
43.5 35.5
43.5 51.5
43.5 52.5
43.5 62.5
44.5 28.5
44.5 35.5
44.5 62.5
51.5 12.5
51.5 63.5
52.5 10.5
52.5 11.5
52.5 12.5
52.5 34.5
52.5 51.5
52.5 64.5
53.5 10.5
53.5 11.5
53.5 24.5
53.5 33.5
53.5 51.5
53.5 52.5
53.5 64.5
54.5 52.5
54.5 53.5
56.5 18.5
56.5 60.5
57.5 17.5
57.5 27.5
57.5 38.5
57.5 39.5
57.5 46.5
57.5 60.5
58.5 16.5
58.5 26.5
58.5 38.5
58.5 46.5
58.5 47.5
58.5 60.5
59.5 26.5
59.5 37.5
59.5 47.5
