4.5 10.5
5.5 9.5
5.5 10.5
5.5 11.5
5.5 23.5
5.5 39.5
5.5 40.5
5.5 47.5
5.5 48.5
5.5 63.5
5.5 64.5
6.5 9.5
6.5 10.5
6.5 22.5
6.5 23.5
6.5 39.5
6.5 40.5
6.5 47.5
6.5 48.5
6.5 63.5
6.5 64.5
7.5 40.5
9.5 14.5
9.5 15.5
9.5 16.5
9.5 58.5
9.5 59.5
10.5 14.5
10.5 15.5
10.5 26.5
10.5 27.5
10.5 28.5
10.5 34.5
10.5 35.5
10.5 36.5
10.5 51.5
10.5 52.5
10.5 58.5
10.5 59.5
10.5 60.5
11.5 27.5
11.5 35.5
11.5 36.5
11.5 51.5
11.5 52.5
17.5 14.5
17.5 15.5
17.5 27.5
17.5 28.5
17.5 51.5
17.5 62.5
17.5 63.5
17.5 64.5
18.5 14.5
18.5 15.5
18.5 16.5
18.5 27.5
18.5 28.5
18.5 39.5
18.5 40.5
18.5 51.5
18.5 52.5
18.5 62.5
18.5 63.5
18.5 64.5
19.5 14.5
19.5 15.5
19.5 39.5
19.5 40.5
19.5 51.5
21.5 23.5
21.5 24.5
21.5 35.5
21.5 46.5
21.5 47.5
21.5 58.5
22.5 9.5
22.5 10.5
22.5 23.5
22.5 24.5
22.5 35.5
22.5 36.5
22.5 46.5
22.5 47.5
22.5 48.5
22.5 58.5
22.5 59.5
23.5 10.5
23.5 11.5
23.5 47.5
23.5 58.5
23.5 59.5
29.5 26.5
29.5 27.5
29.5 34.5
29.5 35.5
29.5 47.5
30.5 14.5
30.5 15.5
30.5 26.5
30.5 27.5
30.5 28.5
30.5 34.5
30.5 35.5
30.5 46.5
30.5 47.5
30.5 58.5
30.5 59.5
30.5 60.5
31.5 14.5
31.5 15.5
31.5 16.5
31.5 27.5
31.5 46.5
31.5 47.5
31.5 58.5
31.5 59.5
31.5 60.5
33.5 39.5
34.5 9.5
34.5 10.5
34.5 22.5
34.5 23.5
34.5 38.5
34.5 39.5
34.5 40.5
34.5 51.5
34.5 52.5
34.5 63.5
34.5 64.5
35.5 9.5
35.5 10.5
35.5 11.5
35.5 23.5
35.5 38.5
35.5 39.5
35.5 51.5
35.5 52.5
35.5 63.5
35.5 64.5
36.5 9.5
36.5 10.5
36.5 11.5
36.5 51.5
36.5 63.5
42.5 13.5
42.5 14.5
42.5 25.5
42.5 26.5
42.5 38.5
42.5 39.5
42.5 51.5
43.5 13.5
43.5 14.5
43.5 25.5
43.5 26.5
43.5 38.5
43.5 39.5
43.5 51.5
43.5 52.5
43.5 62.5
43.5 63.5
44.5 13.5
44.5 14.5
44.5 52.5
44.5 63.5
44.5 64.5
46.5 21.5
46.5 22.5
46.5 32.5
46.5 33.5
46.5 34.5
46.5 46.5
46.5 47.5
47.5 8.5
47.5 9.5
47.5 21.5
47.5 22.5
47.5 32.5
47.5 33.5
47.5 34.5
47.5 46.5
47.5 47.5
47.5 48.5
47.5 58.5
47.5 59.5
47.5 60.5
48.5 9.5
48.5 22.5
48.5 33.5
48.5 34.5
48.5 59.5
48.5 60.5
53.5 47.5
54.5 9.5
54.5 10.5
54.5 46.5
54.5 47.5
54.5 48.5
54.5 62.5
55.5 8.5
55.5 9.5
55.5 21.5
55.5 22.5
55.5 33.5
55.5 34.5
55.5 47.5
55.5 62.5
55.5 63.5
56.5 20.5
56.5 21.5
56.5 22.5
56.5 33.5
56.5 34.5
56.5 62.5
56.5 63.5
58.5 13.5
58.5 14.5
58.5 38.5
58.5 39.5
58.5 40.5
58.5 51.5
58.5 52.5
59.5 12.5
59.5 13.5
59.5 14.5
59.5 26.5
59.5 38.5
59.5 39.5
59.5 51.5
59.5 52.5
59.5 58.5
59.5 59.5
60.5 13.5
60.5 14.5
60.5 25.5
60.5 26.5
60.5 51.5
60.5 52.5
60.5 58.5
60.5 59.5
60.5 60.5
61.5 25.5
61.5 26.5
61.5 59.5
