5.5 9.5
5.5 18.5
5.5 29.5
5.5 35.5
5.5 47.5
5.5 55.5
5.5 64.5
6.5 9.5
6.5 17.5
6.5 18.5
6.5 35.5
6.5 47.5
8.5 12.5
8.5 52.5
8.5 61.5
9.5 12.5
9.5 20.5
9.5 21.5
9.5 26.5
9.5 38.5
9.5 44.5
9.5 53.5
9.5 61.5
15.5 9.5
15.5 18.5
15.5 29.5
15.5 38.5
15.5 47.5
15.5 53.5
15.5 61.5
16.5 9.5
16.5 17.5
16.5 18.5
16.5 29.5
16.5 38.5
16.5 47.5
16.5 52.5
16.5 61.5
19.5 12.5
19.5 20.5
19.5 21.5
19.5 26.5
19.5 35.5
19.5 44.5
19.5 55.5
19.5 56.5
19.5 64.5
25.5 18.5
26.5 12.5
26.5 17.5
26.5 18.5
26.5 26.5
26.5 35.5
26.5 44.5
26.5 52.5
26.5 53.5
26.5 64.5
29.5 9.5
29.5 20.5
29.5 21.5
29.5 29.5
29.5 30.5
29.5 38.5
29.5 47.5
29.5 56.5
29.5 61.5
30.5 55.5
30.5 62.5
36.5 9.5
36.5 20.5
36.5 21.5
36.5 29.5
36.5 38.5
36.5 39.5
36.5 44.5
36.5 53.5
36.5 64.5
39.5 12.5
39.5 17.5
39.5 26.5
39.5 35.5
39.5 47.5
39.5 56.5
39.5 61.5
40.5 18.5
40.5 27.5
40.5 55.5
40.5 62.5
46.5 9.5
46.5 20.5
46.5 21.5
46.5 26.5
46.5 27.5
46.5 38.5
46.5 47.5
46.5 53.5
46.5 64.5
47.5 38.5
49.5 12.5
49.5 17.5
49.5 44.5
49.5 56.5
49.5 61.5
50.5 11.5
50.5 12.5
50.5 18.5
50.5 29.5
50.5 35.5
50.5 44.5
50.5 55.5
50.5 61.5
50.5 62.5
56.5 11.5
56.5 20.5
56.5 21.5
56.5 29.5
56.5 38.5
56.5 47.5
56.5 53.5
56.5 64.5
57.5 12.5
57.5 21.5
57.5 38.5
57.5 47.5
57.5 52.5
59.5 17.5
59.5 26.5
59.5 56.5
59.5 61.5
60.5 9.5
60.5 17.5
60.5 18.5
60.5 27.5
60.5 35.5
60.5 44.5
60.5 55.5
60.5 61.5
