4.5 23.5
4.5 34.5
4.5 65.5
5.5 9.5
5.5 17.5
5.5 41.5
5.5 65.5
5.5 66.5
6.5 53.5
6.5 66.5
7.5 26.5
7.5 31.5
8.5 15.5
8.5 26.5
8.5 31.5
8.5 62.5
9.5 10.5
9.5 32.5
9.5 47.5
9.5 57.5
9.5 62.5
9.5 63.5
10.5 63.5
13.5 16.5
13.5 24.5
14.5 8.5
14.5 15.5
14.5 24.5
14.5 34.5
14.5 55.5
15.5 35.5
15.5 46.5
15.5 47.5
15.5 66.5
16.5 19.5
17.5 10.5
17.5 26.5
17.5 31.5
17.5 32.5
17.5 42.5
17.5 50.5
17.5 58.5
17.5 62.5
17.5 63.5
22.5 9.5
22.5 17.5
22.5 25.5
22.5 34.5
22.5 35.5
22.5 42.5
22.5 43.5
22.5 49.5
22.5 57.5
23.5 8.5
23.5 9.5
23.5 17.5
23.5 65.5
24.5 31.5
24.5 39.5
24.5 53.5
25.5 21.5
25.5 27.5
25.5 46.5
25.5 53.5
25.5 54.5
26.5 12.5
26.5 20.5
26.5 54.5
26.5 61.5
27.5 12.5
29.5 34.5
29.5 40.5
30.5 35.5
30.5 40.5
31.5 20.5
31.5 28.5
31.5 35.5
31.5 39.5
31.5 45.5
31.5 53.5
31.5 54.5
32.5 12.5
32.5 28.5
32.5 61.5
33.5 32.5
33.5 42.5
33.5 48.5
33.5 57.5
34.5 8.5
34.5 17.5
34.5 25.5
34.5 32.5
35.5 9.5
35.5 33.5
35.5 63.5
39.5 19.5
39.5 25.5
39.5 47.5
40.5 11.5
40.5 24.5
40.5 34.5
40.5 42.5
40.5 46.5
40.5 54.5
40.5 61.5
42.5 16.5
42.5 39.5
42.5 50.5
42.5 57.5
43.5 8.5
43.5 17.5
43.5 27.5
43.5 32.5
43.5 39.5
43.5 40.5
43.5 64.5
44.5 32.5
47.5 17.5
47.5 55.5
47.5 64.5
47.5 65.5
48.5 11.5
48.5 16.5
48.5 26.5
48.5 40.5
48.5 50.5
48.5 54.5
49.5 27.5
49.5 34.5
49.5 39.5
50.5 35.5
50.5 57.5
50.5 61.5
50.5 62.5
51.5 8.5
51.5 19.5
51.5 43.5
51.5 47.5
51.5 62.5
52.5 24.5
52.5 31.5
52.5 32.5
52.5 43.5
56.5 9.5
56.5 18.5
56.5 65.5
57.5 9.5
57.5 23.5
57.5 42.5
57.5 50.5
57.5 55.5
57.5 66.5
58.5 34.5
60.5 12.5
60.5 16.5
60.5 25.5
60.5 30.5
60.5 39.5
60.5 47.5
60.5 57.5
60.5 62.5
60.5 63.5
61.5 16.5
61.5 31.5
