6.5 9.5
6.5 33.5
7.5 8.5
7.5 9.5
7.5 16.5
7.5 17.5
7.5 26.5
7.5 32.5
7.5 33.5
7.5 42.5
7.5 46.5
7.5 64.5
8.5 8.5
8.5 9.5
8.5 16.5
8.5 17.5
8.5 26.5
8.5 27.5
8.5 32.5
8.5 33.5
8.5 42.5
8.5 46.5
8.5 47.5
8.5 56.5
8.5 64.5
8.5 65.5
9.5 8.5
9.5 9.5
9.5 16.5
9.5 17.5
9.5 26.5
9.5 27.5
9.5 32.5
9.5 33.5
9.5 42.5
9.5 46.5
9.5 47.5
9.5 56.5
9.5 64.5
9.5 65.5
10.5 8.5
10.5 9.5
10.5 16.5
10.5 26.5
10.5 27.5
10.5 32.5
10.5 42.5
10.5 46.5
10.5 56.5
10.5 57.5
10.5 64.5
10.5 65.5
11.5 8.5
11.5 16.5
11.5 27.5
11.5 32.5
11.5 42.5
11.5 46.5
11.5 56.5
11.5 57.5
11.5 65.5
12.5 16.5
12.5 46.5
12.5 57.5
13.5 12.5
13.5 36.5
13.5 40.5
13.5 61.5
14.5 12.5
14.5 22.5
14.5 23.5
14.5 35.5
14.5 36.5
14.5 40.5
14.5 49.5
14.5 53.5
14.5 61.5
15.5 11.5
15.5 12.5
15.5 18.5
15.5 22.5
15.5 23.5
15.5 24.5
15.5 35.5
15.5 36.5
15.5 40.5
15.5 49.5
15.5 53.5
15.5 54.5
15.5 61.5
15.5 62.5
16.5 11.5
16.5 12.5
16.5 18.5
16.5 23.5
16.5 24.5
16.5 35.5
16.5 36.5
16.5 40.5
16.5 48.5
16.5 49.5
16.5 53.5
16.5 54.5
16.5 61.5
16.5 62.5
17.5 11.5
17.5 12.5
17.5 18.5
17.5 23.5
17.5 24.5
17.5 35.5
17.5 36.5
17.5 40.5
17.5 48.5
17.5 49.5
17.5 53.5
17.5 54.5
17.5 61.5
17.5 62.5
18.5 11.5
18.5 18.5
18.5 23.5
18.5 24.5
18.5 35.5
18.5 40.5
18.5 41.5
18.5 48.5
18.5 54.5
18.5 62.5
19.5 35.5
26.5 63.5
26.5 64.5
27.5 11.5
27.5 16.5
27.5 24.5
27.5 35.5
27.5 42.5
27.5 47.5
27.5 55.5
27.5 56.5
27.5 64.5
28.5 11.5
28.5 12.5
28.5 16.5
28.5 23.5
28.5 24.5
28.5 35.5
28.5 42.5
28.5 47.5
28.5 55.5
28.5 56.5
28.5 64.5
28.5 65.5
29.5 11.5
29.5 12.5
29.5 16.5
29.5 23.5
29.5 24.5
29.5 35.5
29.5 42.5
29.5 46.5
29.5 47.5
29.5 55.5
29.5 56.5
29.5 64.5
29.5 65.5
30.5 11.5
30.5 12.5
30.5 16.5
30.5 23.5
30.5 24.5
30.5 35.5
30.5 36.5
30.5 42.5
30.5 46.5
30.5 47.5
30.5 56.5
30.5 65.5
31.5 12.5
31.5 15.5
31.5 23.5
31.5 24.5
31.5 35.5
31.5 36.5
31.5 42.5
31.5 43.5
31.5 46.5
31.5 56.5
32.5 12.5
32.5 23.5
32.5 35.5
32.5 36.5
32.5 43.5
32.5 46.5
32.5 61.5
33.5 8.5
33.5 61.5
34.5 8.5
34.5 18.5
34.5 27.5
34.5 31.5
34.5 49.5
34.5 53.5
34.5 61.5
34.5 62.5
35.5 8.5
35.5 9.5
35.5 18.5
35.5 26.5
35.5 31.5
35.5 32.5
35.5 39.5
35.5 40.5
35.5 49.5
35.5 53.5
35.5 61.5
35.5 62.5
36.5 8.5
36.5 9.5
36.5 18.5
36.5 26.5
36.5 30.5
36.5 31.5
36.5 32.5
36.5 39.5
36.5 40.5
36.5 49.5
36.5 53.5
36.5 54.5
36.5 61.5
36.5 62.5
37.5 8.5
37.5 9.5
37.5 17.5
37.5 18.5
37.5 26.5
37.5 31.5
37.5 32.5
37.5 39.5
37.5 40.5
37.5 49.5
37.5 54.5
37.5 61.5
37.5 62.5
38.5 9.5
38.5 18.5
38.5 25.5
38.5 26.5
38.5 31.5
38.5 32.5
38.5 40.5
38.5 49.5
38.5 54.5
39.5 25.5
39.5 31.5
39.5 40.5
39.5 49.5
39.5 54.5
40.5 49.5
46.5 63.5
46.5 64.5
47.5 8.5
47.5 9.5
47.5 41.5
47.5 63.5
47.5 64.5
48.5 8.5
48.5 9.5
48.5 16.5
48.5 17.5
48.5 23.5
48.5 32.5
48.5 33.5
48.5 41.5
48.5 42.5
48.5 47.5
48.5 56.5
48.5 63.5
48.5 64.5
49.5 8.5
49.5 9.5
49.5 16.5
49.5 17.5
49.5 23.5
49.5 32.5
49.5 33.5
49.5 34.5
49.5 41.5
49.5 42.5
49.5 47.5
49.5 56.5
49.5 63.5
49.5 64.5
50.5 8.5
50.5 9.5
50.5 16.5
50.5 23.5
50.5 33.5
50.5 34.5
50.5 42.5
50.5 46.5
50.5 47.5
50.5 56.5
50.5 57.5
50.5 63.5
50.5 64.5
51.5 8.5
51.5 16.5
51.5 23.5
51.5 33.5
51.5 34.5
51.5 42.5
51.5 46.5
51.5 47.5
51.5 56.5
51.5 57.5
51.5 64.5
52.5 8.5
52.5 16.5
52.5 23.5
52.5 33.5
52.5 34.5
52.5 46.5
52.5 57.5
53.5 23.5
53.5 39.5
53.5 57.5
54.5 12.5
54.5 19.5
54.5 39.5
54.5 50.5
54.5 60.5
54.5 61.5
55.5 12.5
55.5 19.5
55.5 26.5
55.5 39.5
55.5 49.5
55.5 50.5
55.5 54.5
55.5 61.5
56.5 11.5
56.5 12.5
56.5 19.5
56.5 26.5
56.5 27.5
56.5 31.5
56.5 39.5
56.5 40.5
56.5 49.5
56.5 50.5
56.5 54.5
56.5 61.5
57.5 11.5
57.5 12.5
57.5 19.5
57.5 26.5
57.5 27.5
57.5 31.5
57.5 39.5
57.5 40.5
57.5 49.5
57.5 54.5
57.5 55.5
57.5 61.5
58.5 11.5
58.5 12.5
58.5 19.5
58.5 26.5
58.5 27.5
58.5 31.5
58.5 32.5
58.5 40.5
58.5 49.5
58.5 54.5
58.5 55.5
58.5 61.5
59.5 11.5
59.5 19.5
59.5 26.5
59.5 27.5
59.5 32.5
59.5 55.5
60.5 26.5
60.5 32.5
