4.5 9.5
4.5 44.5
5.5 9.5
5.5 22.5
5.5 32.5
5.5 44.5
6.5 9.5
6.5 22.5
6.5 32.5
6.5 44.5
6.5 45.5
6.5 61.5
7.5 8.5
7.5 9.5
7.5 22.5
7.5 23.5
7.5 31.5
7.5 44.5
7.5 45.5
7.5 51.5
7.5 61.5
8.5 8.5
8.5 9.5
8.5 22.5
8.5 23.5
8.5 31.5
8.5 44.5
8.5 45.5
8.5 51.5
8.5 60.5
8.5 61.5
9.5 8.5
9.5 9.5
9.5 23.5
9.5 24.5
9.5 30.5
9.5 31.5
9.5 44.5
9.5 45.5
9.5 51.5
9.5 60.5
9.5 61.5
10.5 8.5
10.5 9.5
10.5 23.5
10.5 24.5
10.5 30.5
10.5 45.5
10.5 46.5
10.5 51.5
10.5 60.5
10.5 61.5
11.5 8.5
11.5 14.5
11.5 23.5
11.5 24.5
11.5 30.5
11.5 35.5
11.5 39.5
11.5 45.5
11.5 46.5
11.5 59.5
11.5 60.5
12.5 8.5
12.5 13.5
12.5 14.5
12.5 18.5
12.5 24.5
12.5 25.5
12.5 29.5
12.5 30.5
12.5 35.5
12.5 39.5
12.5 45.5
12.5 46.5
12.5 50.5
12.5 54.5
12.5 59.5
12.5 60.5
12.5 65.5
13.5 13.5
13.5 14.5
13.5 18.5
13.5 19.5
13.5 24.5
13.5 25.5
13.5 29.5
13.5 34.5
13.5 35.5
13.5 39.5
13.5 40.5
13.5 46.5
13.5 50.5
13.5 54.5
13.5 59.5
13.5 60.5
13.5 65.5
14.5 13.5
14.5 14.5
14.5 19.5
14.5 34.5
14.5 40.5
14.5 50.5
14.5 54.5
14.5 59.5
14.5 65.5
15.5 12.5
15.5 13.5
15.5 19.5
15.5 20.5
15.5 33.5
15.5 34.5
15.5 40.5
15.5 41.5
15.5 54.5
15.5 64.5
15.5 65.5
16.5 12.5
16.5 13.5
16.5 19.5
16.5 20.5
16.5 33.5
16.5 34.5
16.5 40.5
16.5 41.5
16.5 53.5
16.5 54.5
16.5 64.5
16.5 65.5
17.5 12.5
17.5 13.5
17.5 20.5
17.5 33.5
17.5 40.5
17.5 41.5
17.5 53.5
17.5 54.5
17.5 64.5
18.5 12.5
18.5 20.5
18.5 21.5
18.5 32.5
18.5 33.5
18.5 41.5
18.5 42.5
18.5 53.5
18.5 54.5
18.5 63.5
18.5 64.5
19.5 12.5
19.5 21.5
19.5 32.5
19.5 33.5
19.5 41.5
19.5 42.5
19.5 53.5
19.5 63.5
19.5 64.5
20.5 21.5
20.5 32.5
20.5 42.5
20.5 53.5
20.5 63.5
21.5 53.5
21.5 63.5
24.5 11.5
24.5 31.5
25.5 10.5
25.5 11.5
25.5 21.5
25.5 31.5
25.5 43.5
25.5 53.5
25.5 63.5
26.5 10.5
26.5 11.5
26.5 21.5
26.5 31.5
26.5 43.5
26.5 53.5
26.5 63.5
27.5 10.5
27.5 21.5
27.5 30.5
27.5 31.5
27.5 43.5
27.5 44.5
27.5 53.5
27.5 54.5
27.5 63.5
28.5 9.5
28.5 10.5
28.5 20.5
28.5 21.5
28.5 30.5
28.5 31.5
28.5 43.5
28.5 44.5
28.5 53.5
28.5 54.5
28.5 63.5
29.5 9.5
29.5 10.5
29.5 20.5
29.5 21.5
29.5 30.5
29.5 43.5
29.5 44.5
29.5 54.5
29.5 63.5
29.5 64.5
30.5 9.5
30.5 10.5
30.5 20.5
30.5 29.5
30.5 30.5
30.5 44.5
30.5 54.5
30.5 63.5
30.5 64.5
31.5 9.5
31.5 15.5
31.5 20.5
31.5 29.5
31.5 30.5
31.5 44.5
31.5 45.5
31.5 49.5
31.5 54.5
31.5 63.5
31.5 64.5
32.5 8.5
32.5 9.5
32.5 15.5
32.5 20.5
32.5 24.5
32.5 29.5
32.5 35.5
32.5 39.5
32.5 44.5
32.5 45.5
32.5 49.5
32.5 54.5
32.5 55.5
32.5 59.5
32.5 63.5
32.5 64.5
33.5 8.5
33.5 14.5
33.5 15.5
33.5 24.5
33.5 29.5
33.5 34.5
33.5 35.5
33.5 39.5
33.5 45.5
33.5 49.5
33.5 50.5
33.5 55.5
33.5 59.5
33.5 63.5
33.5 64.5
34.5 14.5
34.5 15.5
34.5 24.5
34.5 29.5
34.5 34.5
34.5 35.5
34.5 39.5
34.5 40.5
34.5 45.5
34.5 50.5
34.5 55.5
34.5 59.5
34.5 64.5
35.5 13.5
35.5 14.5
35.5 24.5
35.5 34.5
35.5 40.5
35.5 50.5
35.5 59.5
35.5 64.5
36.5 13.5
36.5 14.5
36.5 23.5
36.5 24.5
36.5 33.5
36.5 34.5
36.5 40.5
36.5 50.5
36.5 59.5
36.5 60.5
37.5 13.5
37.5 14.5
37.5 23.5
37.5 24.5
37.5 33.5
37.5 34.5
37.5 40.5
37.5 41.5
37.5 50.5
37.5 51.5
37.5 59.5
37.5 60.5
38.5 12.5
38.5 13.5
38.5 23.5
38.5 33.5
38.5 34.5
38.5 41.5
38.5 50.5
38.5 51.5
38.5 60.5
39.5 12.5
39.5 13.5
39.5 23.5
39.5 33.5
39.5 41.5
39.5 51.5
39.5 60.5
40.5 12.5
40.5 23.5
40.5 33.5
40.5 41.5
40.5 51.5
40.5 60.5
41.5 32.5
41.5 33.5
41.5 60.5
42.5 32.5
44.5 12.5
45.5 12.5
45.5 13.5
45.5 51.5
45.5 60.5
46.5 13.5
46.5 23.5
46.5 32.5
46.5 43.5
46.5 51.5
46.5 60.5
47.5 13.5
47.5 14.5
47.5 23.5
47.5 31.5
47.5 32.5
47.5 43.5
47.5 50.5
47.5 51.5
47.5 60.5
48.5 13.5
48.5 14.5
48.5 23.5
48.5 24.5
48.5 30.5
48.5 31.5
48.5 43.5
48.5 44.5
48.5 50.5
48.5 51.5
48.5 59.5
48.5 60.5
49.5 14.5
49.5 15.5
49.5 24.5
49.5 30.5
49.5 31.5
49.5 43.5
49.5 44.5
49.5 50.5
49.5 59.5
49.5 60.5
50.5 14.5
50.5 15.5
50.5 24.5
50.5 29.5
50.5 30.5
50.5 44.5
50.5 50.5
50.5 59.5
51.5 8.5
51.5 14.5
51.5 15.5
51.5 20.5
51.5 24.5
51.5 29.5
51.5 30.5
51.5 44.5
51.5 45.5
51.5 50.5
51.5 59.5
52.5 8.5
52.5 15.5
52.5 16.5
52.5 20.5
52.5 25.5
52.5 29.5
52.5 34.5
52.5 39.5
52.5 44.5
52.5 45.5
52.5 49.5
52.5 50.5
52.5 59.5
53.5 8.5
53.5 9.5
53.5 15.5
53.5 16.5
53.5 20.5
53.5 21.5
53.5 25.5
53.5 29.5
53.5 34.5
53.5 39.5
53.5 45.5
53.5 49.5
53.5 54.5
53.5 59.5
54.5 8.5
54.5 9.5
54.5 16.5
54.5 20.5
54.5 21.5
54.5 33.5
54.5 34.5
54.5 39.5
54.5 40.5
54.5 45.5
54.5 49.5
54.5 54.5
54.5 59.5
54.5 63.5
54.5 64.5
55.5 8.5
55.5 9.5
55.5 10.5
55.5 21.5
55.5 33.5
55.5 39.5
55.5 40.5
55.5 54.5
55.5 59.5
55.5 63.5
56.5 9.5
56.5 10.5
56.5 21.5
56.5 33.5
56.5 39.5
56.5 40.5
56.5 53.5
56.5 54.5
56.5 63.5
57.5 9.5
57.5 10.5
57.5 21.5
57.5 32.5
57.5 33.5
57.5 39.5
57.5 40.5
57.5 41.5
57.5 53.5
57.5 54.5
57.5 63.5
58.5 9.5
58.5 10.5
58.5 11.5
58.5 21.5
58.5 22.5
58.5 32.5
58.5 40.5
58.5 41.5
58.5 53.5
58.5 54.5
58.5 63.5
59.5 10.5
59.5 11.5
59.5 22.5
59.5 32.5
59.5 40.5
59.5 41.5
59.5 53.5
59.5 54.5
59.5 62.5
59.5 63.5
60.5 10.5
60.5 11.5
60.5 22.5
60.5 31.5
60.5 40.5
60.5 41.5
60.5 53.5
60.5 62.5
60.5 63.5
61.5 11.5
61.5 41.5
61.5 53.5
61.5 62.5
61.5 63.5
62.5 41.5
62.5 53.5
62.5 62.5
