3.5 16.5
3.5 17.5
3.5 26.5
4.5 16.5
4.5 17.5
4.5 25.5
4.5 26.5
4.5 27.5
4.5 41.5
4.5 57.5
5.5 17.5
5.5 25.5
5.5 26.5
5.5 40.5
5.5 41.5
5.5 56.5
5.5 57.5
5.5 58.5
7.5 10.5
7.5 11.5
7.5 12.5
7.5 31.5
7.5 46.5
7.5 47.5
8.5 11.5
8.5 12.5
8.5 30.5
8.5 31.5
8.5 32.5
8.5 46.5
8.5 62.5
8.5 63.5
9.5 62.5
9.5 63.5
12.5 11.5
13.5 10.5
13.5 11.5
13.5 12.5
13.5 30.5
13.5 31.5
13.5 32.5
13.5 46.5
13.5 47.5
13.5 61.5
13.5 62.5
13.5 63.5
14.5 10.5
14.5 11.5
14.5 46.5
14.5 47.5
15.5 26.5
15.5 57.5
16.5 16.5
16.5 17.5
16.5 18.5
16.5 25.5
16.5 26.5
16.5 27.5
16.5 40.5
16.5 41.5
16.5 56.5
16.5 57.5
16.5 58.5
17.5 16.5
17.5 17.5
17.5 41.5
17.5 56.5
17.5 57.5
21.5 30.5
21.5 31.5
21.5 32.5
21.5 40.5
21.5 41.5
22.5 17.5
22.5 30.5
22.5 31.5
22.5 32.5
22.5 40.5
22.5 41.5
22.5 60.5
22.5 61.5
22.5 62.5
23.5 16.5
23.5 17.5
23.5 18.5
23.5 61.5
23.5 62.5
24.5 17.5
24.5 18.5
25.5 11.5
25.5 12.5
25.5 26.5
25.5 27.5
25.5 46.5
25.5 47.5
25.5 48.5
25.5 56.5
25.5 57.5
26.5 11.5
26.5 12.5
26.5 13.5
26.5 26.5
26.5 27.5
26.5 28.5
26.5 46.5
26.5 47.5
26.5 56.5
26.5 57.5
30.5 41.5
30.5 42.5
30.5 43.5
31.5 15.5
31.5 16.5
31.5 31.5
31.5 32.5
31.5 41.5
31.5 42.5
31.5 57.5
31.5 58.5
32.5 16.5
32.5 57.5
33.5 10.5
33.5 47.5
33.5 48.5
34.5 10.5
34.5 11.5
34.5 25.5
34.5 26.5
34.5 27.5
34.5 46.5
34.5 47.5
34.5 48.5
34.5 61.5
34.5 62.5
34.5 63.5
35.5 11.5
35.5 47.5
35.5 61.5
35.5 62.5
39.5 15.5
39.5 24.5
39.5 25.5
39.5 26.5
39.5 46.5
40.5 15.5
40.5 16.5
40.5 24.5
40.5 25.5
40.5 46.5
40.5 47.5
40.5 61.5
40.5 62.5
40.5 63.5
41.5 47.5
41.5 62.5
42.5 10.5
42.5 11.5
42.5 30.5
42.5 31.5
42.5 32.5
42.5 41.5
42.5 42.5
43.5 10.5
43.5 11.5
43.5 30.5
43.5 31.5
43.5 32.5
43.5 41.5
43.5 42.5
43.5 55.5
43.5 56.5
43.5 57.5
44.5 56.5
48.5 10.5
48.5 11.5
48.5 12.5
48.5 30.5
48.5 31.5
48.5 32.5
48.5 41.5
48.5 42.5
48.5 56.5
48.5 57.5
49.5 10.5
49.5 11.5
49.5 12.5
49.5 31.5
49.5 32.5
49.5 40.5
49.5 41.5
49.5 55.5
49.5 56.5
49.5 57.5
50.5 56.5
51.5 25.5
51.5 26.5
51.5 46.5
51.5 47.5
51.5 62.5
51.5 63.5
52.5 16.5
52.5 17.5
52.5 25.5
52.5 26.5
52.5 27.5
52.5 45.5
52.5 46.5
52.5 47.5
52.5 61.5
52.5 62.5
52.5 63.5
53.5 16.5
53.5 17.5
57.5 27.5
57.5 28.5
57.5 45.5
57.5 46.5
57.5 47.5
57.5 62.5
57.5 63.5
58.5 17.5
58.5 18.5
58.5 19.5
58.5 46.5
58.5 47.5
58.5 62.5
58.5 63.5
58.5 64.5
59.5 31.5
59.5 32.5
59.5 33.5
59.5 40.5
59.5 41.5
60.5 11.5
60.5 12.5
60.5 13.5
60.5 31.5
60.5 32.5
60.5 40.5
60.5 41.5
60.5 42.5
60.5 56.5
60.5 57.5
61.5 12.5
61.5 13.5
61.5 56.5
61.5 57.5
