6.5 47.5
6.5 48.5
7.5 9.5
7.5 10.5
7.5 11.5
7.5 38.5
7.5 39.5
7.5 40.5
7.5 46.5
7.5 47.5
7.5 48.5
7.5 49.5
7.5 62.5
7.5 63.5
7.5 64.5
7.5 65.5
8.5 8.5
8.5 9.5
8.5 10.5
8.5 11.5
8.5 12.5
8.5 20.5
8.5 21.5
8.5 22.5
8.5 23.5
8.5 37.5
8.5 38.5
8.5 39.5
8.5 40.5
8.5 41.5
8.5 46.5
8.5 47.5
8.5 48.5
8.5 49.5
8.5 50.5
8.5 62.5
8.5 63.5
8.5 64.5
8.5 65.5
8.5 66.5
9.5 9.5
9.5 10.5
9.5 11.5
9.5 12.5
9.5 19.5
9.5 20.5
9.5 21.5
9.5 22.5
9.5 23.5
9.5 24.5
9.5 37.5
9.5 38.5
9.5 39.5
9.5 40.5
9.5 41.5
9.5 46.5
9.5 47.5
9.5 48.5
9.5 49.5
9.5 50.5
9.5 62.5
9.5 63.5
9.5 64.5
9.5 65.5
10.5 9.5
10.5 10.5
10.5 11.5
10.5 20.5
10.5 21.5
10.5 22.5
10.5 23.5
10.5 24.5
10.5 37.5
10.5 38.5
10.5 39.5
10.5 40.5
10.5 48.5
10.5 49.5
10.5 62.5
10.5 63.5
10.5 64.5
11.5 21.5
11.5 22.5
11.5 23.5
13.5 35.5
13.5 36.5
13.5 51.5
13.5 52.5
13.5 53.5
14.5 13.5
14.5 14.5
14.5 25.5
14.5 26.5
14.5 27.5
14.5 33.5
14.5 34.5
14.5 35.5
14.5 36.5
14.5 37.5
14.5 50.5
14.5 51.5
14.5 52.5
14.5 53.5
14.5 54.5
14.5 58.5
14.5 59.5
14.5 60.5
14.5 61.5
15.5 12.5
15.5 13.5
15.5 14.5
15.5 15.5
15.5 16.5
15.5 24.5
15.5 25.5
15.5 26.5
15.5 27.5
15.5 28.5
15.5 33.5
15.5 34.5
15.5 35.5
15.5 36.5
15.5 37.5
15.5 50.5
15.5 51.5
15.5 52.5
15.5 53.5
15.5 54.5
15.5 57.5
15.5 58.5
15.5 59.5
15.5 60.5
15.5 61.5
16.5 12.5
16.5 13.5
16.5 14.5
16.5 15.5
16.5 16.5
16.5 24.5
16.5 25.5
16.5 26.5
16.5 27.5
16.5 28.5
16.5 33.5
16.5 34.5
16.5 35.5
16.5 36.5
16.5 50.5
16.5 51.5
16.5 52.5
16.5 53.5
16.5 54.5
16.5 57.5
16.5 58.5
16.5 59.5
16.5 60.5
16.5 61.5
17.5 13.5
17.5 14.5
17.5 15.5
17.5 16.5
17.5 25.5
17.5 26.5
17.5 27.5
17.5 28.5
17.5 33.5
17.5 34.5
17.5 35.5
17.5 52.5
17.5 53.5
17.5 58.5
17.5 59.5
17.5 60.5
27.5 13.5
27.5 14.5
27.5 15.5
27.5 16.5
27.5 21.5
27.5 22.5
27.5 23.5
27.5 38.5
27.5 39.5
27.5 40.5
27.5 41.5
27.5 46.5
27.5 47.5
27.5 48.5
27.5 63.5
28.5 13.5
28.5 14.5
28.5 15.5
28.5 16.5
28.5 20.5
28.5 21.5
28.5 22.5
28.5 23.5
28.5 24.5
28.5 37.5
28.5 38.5
28.5 39.5
28.5 40.5
28.5 41.5
28.5 42.5
28.5 45.5
28.5 46.5
28.5 47.5
28.5 48.5
28.5 49.5
28.5 61.5
28.5 62.5
28.5 63.5
28.5 64.5
29.5 12.5
29.5 13.5
29.5 14.5
29.5 15.5
29.5 16.5
29.5 20.5
29.5 21.5
29.5 22.5
29.5 23.5
29.5 24.5
29.5 25.5
29.5 37.5
29.5 38.5
29.5 39.5
29.5 40.5
29.5 41.5
29.5 45.5
29.5 46.5
29.5 47.5
29.5 48.5
29.5 49.5
29.5 50.5
29.5 61.5
29.5 62.5
29.5 63.5
29.5 64.5
30.5 13.5
30.5 14.5
30.5 15.5
30.5 21.5
30.5 22.5
30.5 23.5
30.5 24.5
30.5 37.5
30.5 38.5
30.5 39.5
30.5 40.5
30.5 41.5
30.5 46.5
30.5 47.5
30.5 48.5
30.5 49.5
30.5 61.5
30.5 62.5
30.5 63.5
30.5 64.5
31.5 47.5
31.5 48.5
31.5 62.5
31.5 63.5
34.5 9.5
34.5 10.5
34.5 11.5
34.5 12.5
34.5 25.5
34.5 26.5
34.5 27.5
35.5 8.5
35.5 9.5
35.5 10.5
35.5 11.5
35.5 12.5
35.5 24.5
35.5 25.5
35.5 26.5
35.5 27.5
35.5 28.5
35.5 33.5
35.5 34.5
35.5 35.5
35.5 36.5
35.5 49.5
35.5 50.5
35.5 51.5
35.5 52.5
35.5 58.5
35.5 59.5
35.5 60.5
36.5 8.5
36.5 9.5
36.5 10.5
36.5 11.5
36.5 12.5
36.5 24.5
36.5 25.5
36.5 26.5
36.5 27.5
36.5 28.5
36.5 32.5
36.5 33.5
36.5 34.5
36.5 35.5
36.5 36.5
36.5 37.5
36.5 49.5
36.5 50.5
36.5 51.5
36.5 52.5
36.5 53.5
36.5 57.5
36.5 58.5
36.5 59.5
36.5 60.5
36.5 61.5
37.5 8.5
37.5 9.5
37.5 10.5
37.5 11.5
37.5 12.5
37.5 25.5
37.5 26.5
37.5 27.5
37.5 28.5
37.5 32.5
37.5 33.5
37.5 34.5
37.5 35.5
37.5 36.5
37.5 49.5
37.5 50.5
37.5 51.5
37.5 52.5
37.5 53.5
37.5 57.5
37.5 58.5
37.5 59.5
37.5 60.5
37.5 61.5
38.5 26.5
38.5 27.5
38.5 32.5
38.5 33.5
38.5 34.5
38.5 35.5
38.5 50.5
38.5 51.5
38.5 52.5
38.5 53.5
38.5 58.5
38.5 59.5
38.5 60.5
47.5 9.5
47.5 10.5
48.5 8.5
48.5 9.5
48.5 10.5
48.5 11.5
48.5 22.5
48.5 23.5
48.5 24.5
48.5 38.5
48.5 39.5
48.5 40.5
48.5 45.5
48.5 46.5
48.5 47.5
48.5 62.5
48.5 63.5
48.5 64.5
49.5 8.5
49.5 9.5
49.5 10.5
49.5 11.5
49.5 12.5
49.5 21.5
49.5 22.5
49.5 23.5
49.5 24.5
49.5 25.5
49.5 36.5
49.5 37.5
49.5 38.5
49.5 39.5
49.5 40.5
49.5 45.5
49.5 46.5
49.5 47.5
49.5 48.5
49.5 49.5
49.5 61.5
49.5 62.5
49.5 63.5
49.5 64.5
49.5 65.5
50.5 8.5
50.5 9.5
50.5 10.5
50.5 11.5
50.5 12.5
50.5 21.5
50.5 22.5
50.5 23.5
50.5 24.5
50.5 25.5
50.5 36.5
50.5 37.5
50.5 38.5
50.5 39.5
50.5 40.5
50.5 45.5
50.5 46.5
50.5 47.5
50.5 48.5
50.5 49.5
50.5 61.5
50.5 62.5
50.5 63.5
50.5 64.5
50.5 65.5
51.5 10.5
51.5 11.5
51.5 21.5
51.5 22.5
51.5 23.5
51.5 24.5
51.5 36.5
51.5 37.5
51.5 38.5
51.5 39.5
51.5 46.5
51.5 47.5
51.5 48.5
51.5 49.5
51.5 62.5
51.5 63.5
51.5 64.5
54.5 13.5
54.5 14.5
54.5 15.5
54.5 16.5
55.5 12.5
55.5 13.5
55.5 14.5
55.5 15.5
55.5 16.5
55.5 17.5
55.5 33.5
55.5 34.5
55.5 35.5
55.5 49.5
55.5 50.5
55.5 51.5
55.5 52.5
55.5 58.5
55.5 59.5
55.5 60.5
55.5 61.5
56.5 12.5
56.5 13.5
56.5 14.5
56.5 15.5
56.5 16.5
56.5 17.5
56.5 18.5
56.5 25.5
56.5 26.5
56.5 27.5
56.5 31.5
56.5 32.5
56.5 33.5
56.5 34.5
56.5 35.5
56.5 36.5
56.5 49.5
56.5 50.5
56.5 51.5
56.5 52.5
56.5 53.5
56.5 57.5
56.5 58.5
56.5 59.5
56.5 60.5
56.5 61.5
57.5 13.5
57.5 14.5
57.5 15.5
57.5 16.5
57.5 17.5
57.5 18.5
57.5 25.5
57.5 26.5
57.5 27.5
57.5 31.5
57.5 32.5
57.5 33.5
57.5 34.5
57.5 35.5
57.5 36.5
57.5 49.5
57.5 50.5
57.5 51.5
57.5 52.5
57.5 53.5
57.5 57.5
57.5 58.5
57.5 59.5
57.5 60.5
57.5 61.5
58.5 15.5
58.5 16.5
58.5 17.5
58.5 25.5
58.5 26.5
58.5 27.5
58.5 31.5
58.5 32.5
58.5 33.5
58.5 34.5
58.5 35.5
58.5 50.5
58.5 51.5
58.5 52.5
58.5 58.5
58.5 59.5
58.5 60.5
59.5 26.5
59.5 32.5
59.5 33.5
