6.5 14.5
6.5 15.5
6.5 16.5
6.5 22.5
6.5 23.5
6.5 24.5
6.5 39.5
6.5 40.5
6.5 46.5
6.5 47.5
6.5 57.5
6.5 58.5
6.5 59.5
7.5 13.5
7.5 14.5
7.5 15.5
7.5 16.5
7.5 22.5
7.5 23.5
7.5 24.5
7.5 38.5
7.5 39.5
7.5 40.5
7.5 46.5
7.5 47.5
7.5 48.5
7.5 57.5
7.5 58.5
7.5 59.5
8.5 14.5
8.5 15.5
8.5 16.5
8.5 22.5
8.5 23.5
8.5 24.5
8.5 38.5
8.5 39.5
8.5 40.5
8.5 46.5
8.5 47.5
8.5 57.5
8.5 58.5
8.5 59.5
11.5 10.5
11.5 11.5
11.5 49.5
11.5 50.5
11.5 51.5
11.5 62.5
11.5 63.5
12.5 9.5
12.5 10.5
12.5 11.5
12.5 12.5
12.5 26.5
12.5 27.5
12.5 28.5
12.5 34.5
12.5 35.5
12.5 36.5
12.5 49.5
12.5 50.5
12.5 51.5
12.5 52.5
12.5 61.5
12.5 62.5
12.5 63.5
12.5 64.5
13.5 9.5
13.5 10.5
13.5 11.5
13.5 25.5
13.5 26.5
13.5 27.5
13.5 28.5
13.5 33.5
13.5 34.5
13.5 35.5
13.5 36.5
13.5 49.5
13.5 50.5
13.5 51.5
13.5 62.5
13.5 63.5
13.5 64.5
14.5 10.5
14.5 26.5
14.5 27.5
14.5 34.5
14.5 35.5
21.5 14.5
21.5 15.5
21.5 22.5
21.5 23.5
21.5 50.5
21.5 51.5
21.5 52.5
21.5 58.5
21.5 59.5
21.5 60.5
22.5 13.5
22.5 14.5
22.5 15.5
22.5 16.5
22.5 21.5
22.5 22.5
22.5 23.5
22.5 24.5
22.5 37.5
22.5 38.5
22.5 39.5
22.5 50.5
22.5 51.5
22.5 52.5
22.5 58.5
22.5 59.5
22.5 60.5
23.5 13.5
23.5 14.5
23.5 15.5
23.5 16.5
23.5 21.5
23.5 22.5
23.5 23.5
23.5 24.5
23.5 36.5
23.5 37.5
23.5 38.5
23.5 39.5
23.5 50.5
23.5 51.5
23.5 52.5
23.5 58.5
23.5 59.5
23.5 60.5
24.5 14.5
24.5 15.5
24.5 22.5
24.5 23.5
24.5 37.5
24.5 38.5
24.5 39.5
24.5 51.5
24.5 59.5
26.5 9.5
26.5 10.5
26.5 11.5
26.5 47.5
26.5 63.5
26.5 64.5
27.5 8.5
27.5 9.5
27.5 10.5
27.5 11.5
27.5 26.5
27.5 27.5
27.5 28.5
27.5 33.5
27.5 34.5
27.5 45.5
27.5 46.5
27.5 47.5
27.5 48.5
27.5 62.5
27.5 63.5
27.5 64.5
28.5 8.5
28.5 9.5
28.5 10.5
28.5 11.5
28.5 25.5
28.5 26.5
28.5 27.5
28.5 28.5
28.5 33.5
28.5 34.5
28.5 35.5
28.5 45.5
28.5 46.5
28.5 47.5
28.5 48.5
28.5 62.5
28.5 63.5
28.5 64.5
29.5 9.5
29.5 10.5
29.5 26.5
29.5 27.5
29.5 33.5
29.5 34.5
29.5 35.5
29.5 45.5
29.5 46.5
29.5 47.5
29.5 63.5
36.5 8.5
36.5 9.5
36.5 10.5
36.5 26.5
36.5 27.5
36.5 46.5
36.5 47.5
37.5 8.5
37.5 9.5
37.5 10.5
37.5 11.5
37.5 25.5
37.5 26.5
37.5 27.5
37.5 28.5
37.5 33.5
37.5 34.5
37.5 35.5
37.5 45.5
37.5 46.5
37.5 47.5
37.5 48.5
37.5 58.5
37.5 59.5
37.5 60.5
38.5 8.5
38.5 9.5
38.5 10.5
38.5 11.5
38.5 25.5
38.5 26.5
38.5 27.5
38.5 33.5
38.5 34.5
38.5 35.5
38.5 45.5
38.5 46.5
38.5 47.5
38.5 48.5
38.5 58.5
38.5 59.5
38.5 60.5
39.5 26.5
39.5 33.5
39.5 34.5
39.5 46.5
39.5 47.5
39.5 58.5
39.5 59.5
41.5 13.5
41.5 14.5
41.5 15.5
41.5 22.5
41.5 23.5
41.5 37.5
41.5 38.5
41.5 50.5
41.5 51.5
41.5 52.5
41.5 62.5
41.5 63.5
41.5 64.5
42.5 13.5
42.5 14.5
42.5 15.5
42.5 21.5
42.5 22.5
42.5 23.5
42.5 37.5
42.5 38.5
42.5 39.5
42.5 50.5
42.5 51.5
42.5 52.5
42.5 62.5
42.5 63.5
42.5 64.5
42.5 65.5
43.5 13.5
43.5 14.5
43.5 15.5
43.5 21.5
43.5 22.5
43.5 23.5
43.5 37.5
43.5 38.5
43.5 39.5
43.5 50.5
43.5 51.5
43.5 52.5
43.5 62.5
43.5 63.5
43.5 64.5
43.5 65.5
44.5 22.5
44.5 63.5
44.5 64.5
51.5 13.5
51.5 14.5
51.5 21.5
51.5 22.5
51.5 37.5
51.5 38.5
51.5 39.5
51.5 45.5
51.5 46.5
51.5 47.5
51.5 48.5
51.5 64.5
52.5 12.5
52.5 13.5
52.5 14.5
52.5 15.5
52.5 20.5
52.5 21.5
52.5 22.5
52.5 23.5
52.5 37.5
52.5 38.5
52.5 39.5
52.5 40.5
52.5 45.5
52.5 46.5
52.5 47.5
52.5 48.5
52.5 63.5
52.5 64.5
52.5 65.5
53.5 13.5
53.5 14.5
53.5 15.5
53.5 20.5
53.5 21.5
53.5 22.5
53.5 23.5
53.5 37.5
53.5 38.5
53.5 39.5
53.5 45.5
53.5 46.5
53.5 47.5
53.5 48.5
53.5 62.5
53.5 63.5
53.5 64.5
53.5 65.5
54.5 21.5
54.5 22.5
54.5 63.5
54.5 64.5
54.5 65.5
57.5 8.5
57.5 9.5
57.5 10.5
57.5 11.5
57.5 25.5
57.5 26.5
57.5 27.5
57.5 33.5
57.5 34.5
57.5 35.5
57.5 49.5
57.5 50.5
57.5 51.5
57.5 58.5
57.5 59.5
57.5 60.5
58.5 8.5
58.5 9.5
58.5 10.5
58.5 11.5
58.5 25.5
58.5 26.5
58.5 27.5
58.5 33.5
58.5 34.5
58.5 35.5
58.5 49.5
58.5 50.5
58.5 51.5
58.5 52.5
58.5 58.5
58.5 59.5
58.5 60.5
59.5 9.5
59.5 10.5
59.5 11.5
59.5 25.5
59.5 26.5
59.5 27.5
59.5 34.5
59.5 35.5
59.5 49.5
59.5 50.5
59.5 51.5
59.5 58.5
59.5 59.5
59.5 60.5
60.5 58.5
60.5 59.5
