3.5 32.5
3.5 43.5
3.5 51.5
4.5 11.5
4.5 20.5
4.5 21.5
4.5 33.5
4.5 44.5
4.5 45.5
4.5 50.5
4.5 59.5
4.5 60.5
4.5 61.5
5.5 18.5
5.5 19.5
5.5 34.5
5.5 49.5
6.5 10.5
6.5 17.5
6.5 25.5
6.5 28.5
6.5 35.5
6.5 39.5
6.5 40.5
6.5 53.5
7.5 14.5
7.5 23.5
7.5 24.5
7.5 29.5
7.5 40.5
7.5 41.5
7.5 51.5
7.5 63.5
7.5 64.5
7.5 65.5
8.5 13.5
8.5 22.5
8.5 23.5
8.5 30.5
8.5 42.5
9.5 12.5
9.5 31.5
10.5 52.5
11.5 52.5
11.5 62.5
12.5 13.5
12.5 22.5
12.5 31.5
12.5 42.5
12.5 53.5
12.5 64.5
13.5 14.5
13.5 20.5
13.5 21.5
13.5 32.5
13.5 43.5
13.5 53.5
13.5 65.5
14.5 15.5
14.5 19.5
14.5 33.5
14.5 34.5
14.5 44.5
14.5 58.5
14.5 59.5
15.5 24.5
15.5 27.5
15.5 45.5
15.5 49.5
15.5 59.5
15.5 60.5
16.5 11.5
16.5 23.5
16.5 28.5
16.5 29.5
16.5 38.5
16.5 39.5
16.5 49.5
16.5 61.5
17.5 12.5
17.5 22.5
17.5 29.5
17.5 30.5
17.5 40.5
17.5 50.5
18.5 13.5
18.5 41.5
18.5 50.5
21.5 14.5
21.5 19.5
21.5 30.5
21.5 41.5
21.5 62.5
21.5 63.5
22.5 18.5
22.5 31.5
22.5 43.5
22.5 50.5
22.5 63.5
22.5 64.5
22.5 65.5
23.5 32.5
23.5 44.5
23.5 49.5
24.5 33.5
24.5 37.5
24.5 38.5
24.5 53.5
24.5 54.5
24.5 57.5
24.5 58.5
25.5 10.5
25.5 20.5
25.5 21.5
25.5 22.5
25.5 27.5
25.5 38.5
25.5 39.5
25.5 40.5
25.5 52.5
25.5 59.5
25.5 60.5
26.5 9.5
26.5 19.5
26.5 20.5
26.5 28.5
26.5 40.5
26.5 41.5
26.5 51.5
26.5 61.5
26.5 62.5
27.5 8.5
27.5 29.5
28.5 30.5
29.5 52.5
29.5 61.5
30.5 18.5
30.5 42.5
30.5 53.5
30.5 63.5
30.5 64.5
31.5 10.5
31.5 11.5
31.5 19.5
31.5 41.5
31.5 54.5
31.5 65.5
31.5 66.5
32.5 11.5
32.5 12.5
32.5 19.5
32.5 30.5
32.5 40.5
32.5 55.5
32.5 58.5
33.5 12.5
33.5 13.5
33.5 14.5
33.5 19.5
33.5 29.5
33.5 39.5
33.5 48.5
33.5 59.5
33.5 60.5
34.5 28.5
34.5 36.5
34.5 44.5
34.5 49.5
34.5 50.5
34.5 61.5
35.5 24.5
35.5 34.5
35.5 35.5
35.5 50.5
36.5 6.5
36.5 7.5
36.5 23.5
36.5 33.5
36.5 43.5
36.5 51.5
37.5 9.5
37.5 10.5
37.5 22.5
38.5 63.5
39.5 63.5
40.5 33.5
40.5 63.5
41.5 12.5
41.5 13.5
41.5 14.5
41.5 22.5
41.5 23.5
41.5 35.5
41.5 36.5
41.5 41.5
41.5 53.5
41.5 54.5
41.5 55.5
41.5 64.5
42.5 23.5
42.5 40.5
42.5 59.5
43.5 24.5
43.5 47.5
43.5 60.5
44.5 9.5
44.5 10.5
44.5 28.5
44.5 29.5
44.5 30.5
44.5 31.5
44.5 32.5
44.5 49.5
44.5 50.5
44.5 51.5
44.5 61.5
47.5 61.5
48.5 11.5
48.5 19.5
48.5 52.5
48.5 53.5
48.5 60.5
49.5 12.5
49.5 18.5
49.5 19.5
49.5 31.5
49.5 32.5
49.5 33.5
49.5 34.5
49.5 35.5
49.5 55.5
49.5 59.5
50.5 12.5
50.5 17.5
50.5 18.5
50.5 64.5
51.5 12.5
51.5 17.5
51.5 42.5
51.5 48.5
51.5 49.5
51.5 62.5
51.5 63.5
52.5 23.5
52.5 29.5
52.5 30.5
52.5 42.5
52.5 43.5
52.5 49.5
52.5 50.5
53.5 9.5
53.5 21.5
53.5 43.5
53.5 44.5
53.5 50.5
53.5 51.5
54.5 10.5
54.5 19.5
54.5 44.5
54.5 52.5
56.5 32.5
56.5 61.5
57.5 18.5
57.5 33.5
57.5 34.5
57.5 54.5
57.5 60.5
58.5 13.5
58.5 16.5
58.5 38.5
58.5 39.5
58.5 40.5
58.5 41.5
58.5 42.5
58.5 54.5
58.5 59.5
59.5 23.5
59.5 54.5
59.5 65.5
60.5 8.5
60.5 9.5
60.5 10.5
60.5 11.5
60.5 21.5
60.5 22.5
60.5 27.5
60.5 28.5
60.5 29.5
60.5 46.5
60.5 64.5
60.5 65.5
61.5 20.5
61.5 21.5
61.5 29.5
61.5 30.5
61.5 31.5
61.5 63.5
61.5 64.5
62.5 52.5
62.5 62.5
63.5 14.5
63.5 15.5
63.5 16.5
63.5 17.5
