5.5 23.5
5.5 29.5
5.5 30.5
5.5 53.5
5.5 64.5
6.5 40.5
6.5 53.5
6.5 64.5
7.5 13.5
7.5 14.5
9.5 20.5
9.5 33.5
9.5 43.5
10.5 20.5
10.5 43.5
10.5 49.5
10.5 50.5
10.5 60.5
11.5 10.5
17.5 10.5
17.5 33.5
18.5 10.5
18.5 23.5
18.5 33.5
18.5 39.5
18.5 49.5
18.5 50.5
18.5 60.5
19.5 60.5
22.5 13.5
22.5 19.5
22.5 30.5
22.5 43.5
22.5 53.5
23.5 13.5
23.5 20.5
23.5 30.5
23.5 43.5
23.5 53.5
23.5 64.5
30.5 10.5
30.5 43.5
30.5 44.5
30.5 51.5
31.5 9.5
31.5 20.5
31.5 30.5
31.5 44.5
31.5 64.5
32.5 64.5
34.5 13.5
35.5 13.5
35.5 24.5
35.5 33.5
35.5 40.5
35.5 54.5
36.5 60.5
42.5 13.5
42.5 24.5
42.5 33.5
42.5 43.5
43.5 13.5
43.5 24.5
43.5 33.5
43.5 43.5
43.5 50.5
44.5 50.5
44.5 63.5
45.5 63.5
46.5 8.5
46.5 9.5
46.5 30.5
47.5 9.5
47.5 20.5
47.5 30.5
47.5 39.5
48.5 20.5
48.5 53.5
48.5 54.5
49.5 53.5
49.5 60.5
54.5 9.5
55.5 8.5
55.5 20.5
55.5 29.5
55.5 39.5
55.5 50.5
56.5 19.5
56.5 29.5
56.5 39.5
56.5 50.5
59.5 12.5
59.5 13.5
59.5 23.5
59.5 33.5
59.5 43.5
59.5 60.5
59.5 61.5
60.5 23.5
60.5 43.5
60.5 53.5
