6.5 46.5
7.5 12.5
7.5 30.5
7.5 31.5
7.5 32.5
7.5 46.5
7.5 47.5
7.5 57.5
7.5 58.5
8.5 11.5
8.5 12.5
8.5 30.5
8.5 31.5
8.5 32.5
8.5 46.5
8.5 47.5
8.5 56.5
8.5 57.5
8.5 58.5
9.5 10.5
9.5 11.5
9.5 12.5
9.5 31.5
9.5 32.5
9.5 33.5
9.5 47.5
9.5 48.5
9.5 56.5
9.5 57.5
9.5 58.5
10.5 10.5
10.5 11.5
10.5 12.5
10.5 31.5
10.5 32.5
10.5 33.5
10.5 47.5
10.5 48.5
10.5 56.5
10.5 57.5
11.5 10.5
11.5 11.5
11.5 48.5
11.5 56.5
11.5 57.5
13.5 41.5
14.5 17.5
14.5 25.5
14.5 26.5
14.5 41.5
14.5 42.5
15.5 16.5
15.5 17.5
15.5 25.5
15.5 26.5
15.5 41.5
15.5 42.5
15.5 43.5
15.5 63.5
16.5 15.5
16.5 16.5
16.5 17.5
16.5 25.5
16.5 26.5
16.5 27.5
16.5 41.5
16.5 42.5
16.5 43.5
16.5 62.5
16.5 63.5
17.5 15.5
17.5 16.5
17.5 26.5
17.5 27.5
17.5 42.5
17.5 43.5
17.5 61.5
17.5 62.5
17.5 63.5
18.5 15.5
18.5 16.5
18.5 27.5
18.5 43.5
18.5 61.5
18.5 62.5
19.5 61.5
19.5 62.5
27.5 15.5
27.5 30.5
27.5 42.5
27.5 43.5
28.5 15.5
28.5 16.5
28.5 30.5
28.5 31.5
28.5 41.5
28.5 42.5
28.5 43.5
29.5 15.5
29.5 16.5
29.5 17.5
29.5 30.5
29.5 31.5
29.5 32.5
29.5 40.5
29.5 41.5
29.5 42.5
29.5 43.5
29.5 61.5
29.5 62.5
30.5 16.5
30.5 17.5
30.5 31.5
30.5 32.5
30.5 40.5
30.5 41.5
30.5 42.5
30.5 61.5
30.5 62.5
30.5 63.5
31.5 17.5
31.5 32.5
31.5 40.5
31.5 41.5
31.5 62.5
31.5 63.5
32.5 62.5
32.5 63.5
33.5 63.5
34.5 9.5
34.5 10.5
34.5 25.5
34.5 26.5
35.5 9.5
35.5 10.5
35.5 11.5
35.5 25.5
35.5 26.5
35.5 27.5
35.5 48.5
36.5 10.5
36.5 11.5
36.5 25.5
36.5 26.5
36.5 27.5
36.5 47.5
36.5 48.5
36.5 56.5
36.5 57.5
37.5 10.5
37.5 11.5
37.5 12.5
37.5 26.5
37.5 27.5
37.5 46.5
37.5 47.5
37.5 48.5
37.5 56.5
37.5 57.5
37.5 58.5
38.5 46.5
38.5 47.5
38.5 57.5
38.5 58.5
39.5 46.5
39.5 47.5
39.5 57.5
39.5 58.5
40.5 58.5
47.5 11.5
47.5 12.5
47.5 27.5
47.5 28.5
48.5 10.5
48.5 11.5
48.5 12.5
48.5 26.5
48.5 27.5
48.5 28.5
48.5 42.5
48.5 43.5
49.5 10.5
49.5 11.5
49.5 26.5
49.5 27.5
49.5 28.5
49.5 41.5
49.5 42.5
49.5 43.5
49.5 61.5
50.5 9.5
50.5 10.5
50.5 11.5
50.5 26.5
50.5 27.5
50.5 41.5
50.5 42.5
50.5 43.5
50.5 61.5
50.5 62.5
51.5 26.5
51.5 27.5
51.5 41.5
51.5 42.5
51.5 61.5
51.5 62.5
51.5 63.5
52.5 41.5
52.5 42.5
52.5 62.5
52.5 63.5
53.5 63.5
54.5 17.5
54.5 18.5
54.5 33.5
55.5 16.5
55.5 17.5
55.5 18.5
55.5 32.5
55.5 33.5
56.5 16.5
56.5 17.5
56.5 18.5
56.5 32.5
56.5 33.5
56.5 48.5
56.5 56.5
56.5 57.5
57.5 16.5
57.5 17.5
57.5 31.5
57.5 32.5
57.5 33.5
57.5 47.5
57.5 48.5
57.5 56.5
57.5 57.5
57.5 58.5
58.5 16.5
58.5 31.5
58.5 32.5
58.5 46.5
58.5 47.5
58.5 48.5
58.5 57.5
58.5 58.5
59.5 46.5
59.5 47.5
59.5 57.5
59.5 58.5
