7.5 22.5
7.5 23.5
7.5 29.5
7.5 30.5
8.5 13.5
8.5 22.5
8.5 23.5
8.5 29.5
8.5 30.5
8.5 41.5
8.5 54.5
8.5 65.5
9.5 13.5
9.5 14.5
9.5 29.5
9.5 30.5
9.5 40.5
9.5 41.5
9.5 54.5
9.5 55.5
9.5 65.5
10.5 40.5
10.5 41.5
10.5 54.5
10.5 55.5
10.5 65.5
10.5 66.5
14.5 19.5
15.5 10.5
15.5 11.5
15.5 19.5
15.5 20.5
15.5 33.5
15.5 34.5
15.5 61.5
15.5 62.5
16.5 10.5
16.5 11.5
16.5 20.5
16.5 33.5
16.5 34.5
16.5 45.5
16.5 51.5
16.5 61.5
16.5 62.5
17.5 11.5
17.5 33.5
17.5 44.5
17.5 45.5
17.5 46.5
17.5 51.5
17.5 52.5
17.5 61.5
17.5 62.5
18.5 44.5
18.5 45.5
18.5 52.5
27.5 23.5
28.5 23.5
28.5 29.5
28.5 30.5
29.5 14.5
29.5 23.5
29.5 29.5
29.5 30.5
29.5 61.5
29.5 62.5
30.5 14.5
30.5 15.5
30.5 42.5
30.5 61.5
30.5 62.5
31.5 14.5
31.5 41.5
31.5 42.5
31.5 54.5
31.5 55.5
31.5 61.5
31.5 62.5
32.5 41.5
32.5 42.5
32.5 55.5
35.5 20.5
35.5 34.5
36.5 20.5
36.5 21.5
36.5 33.5
36.5 34.5
36.5 35.5
36.5 66.5
37.5 11.5
37.5 33.5
37.5 34.5
37.5 45.5
37.5 46.5
37.5 65.5
37.5 66.5
38.5 11.5
38.5 45.5
38.5 46.5
38.5 52.5
38.5 65.5
38.5 66.5
39.5 52.5
39.5 65.5
39.5 66.5
48.5 20.5
48.5 21.5
48.5 32.5
48.5 33.5
49.5 14.5
49.5 15.5
49.5 20.5
49.5 32.5
49.5 33.5
49.5 45.5
49.5 52.5
50.5 14.5
50.5 15.5
50.5 45.5
50.5 46.5
50.5 51.5
50.5 52.5
50.5 65.5
51.5 51.5
51.5 64.5
51.5 65.5
52.5 65.5
54.5 24.5
54.5 25.5
55.5 10.5
55.5 11.5
55.5 24.5
55.5 25.5
55.5 30.5
55.5 39.5
55.5 40.5
55.5 41.5
56.5 10.5
56.5 11.5
56.5 24.5
56.5 25.5
56.5 30.5
56.5 39.5
56.5 40.5
56.5 41.5
57.5 54.5
57.5 55.5
57.5 61.5
58.5 54.5
58.5 55.5
58.5 60.5
58.5 61.5
59.5 54.5
59.5 55.5
59.5 61.5
