3.5 58.5
4.5 12.5
4.5 30.5
4.5 57.5
5.5 13.5
5.5 20.5
5.5 29.5
5.5 30.5
5.5 39.5
5.5 40.5
5.5 50.5
5.5 51.5
5.5 52.5
5.5 56.5
6.5 13.5
6.5 14.5
6.5 19.5
6.5 20.5
6.5 29.5
6.5 38.5
6.5 39.5
6.5 40.5
7.5 14.5
7.5 19.5
7.5 29.5
7.5 37.5
7.5 38.5
7.5 39.5
7.5 60.5
7.5 61.5
8.5 8.5
8.5 9.5
8.5 18.5
8.5 25.5
8.5 33.5
8.5 37.5
8.5 38.5
8.5 49.5
8.5 59.5
8.5 60.5
8.5 61.5
8.5 62.5
9.5 8.5
9.5 9.5
9.5 23.5
9.5 24.5
9.5 25.5
9.5 33.5
9.5 45.5
9.5 49.5
9.5 60.5
9.5 61.5
9.5 62.5
10.5 8.5
10.5 9.5
10.5 10.5
10.5 22.5
10.5 23.5
10.5 24.5
10.5 33.5
10.5 43.5
10.5 44.5
10.5 45.5
11.5 9.5
11.5 10.5
11.5 22.5
11.5 23.5
11.5 42.5
11.5 43.5
11.5 44.5
14.5 52.5
14.5 58.5
15.5 31.5
15.5 57.5
15.5 58.5
15.5 59.5
16.5 22.5
16.5 23.5
16.5 24.5
16.5 30.5
16.5 42.5
16.5 43.5
16.5 44.5
16.5 53.5
16.5 58.5
16.5 59.5
16.5 60.5
17.5 8.5
17.5 9.5
17.5 10.5
17.5 23.5
17.5 24.5
17.5 25.5
17.5 29.5
17.5 30.5
17.5 43.5
17.5 44.5
17.5 45.5
17.5 59.5
17.5 60.5
18.5 7.5
18.5 8.5
18.5 9.5
18.5 29.5
19.5 7.5
19.5 8.5
19.5 19.5
19.5 50.5
19.5 51.5
19.5 64.5
19.5 65.5
20.5 14.5
20.5 19.5
20.5 20.5
20.5 32.5
20.5 33.5
20.5 34.5
20.5 39.5
20.5 40.5
20.5 51.5
20.5 52.5
20.5 63.5
20.5 64.5
21.5 13.5
21.5 14.5
21.5 20.5
21.5 32.5
21.5 33.5
21.5 40.5
21.5 41.5
21.5 52.5
21.5 63.5
22.5 12.5
22.5 13.5
22.5 32.5
25.5 22.5
25.5 53.5
25.5 62.5
26.5 23.5
26.5 31.5
26.5 32.5
26.5 33.5
26.5 42.5
26.5 43.5
26.5 54.5
26.5 55.5
26.5 61.5
27.5 12.5
27.5 13.5
27.5 23.5
27.5 24.5
27.5 43.5
27.5 44.5
27.5 55.5
27.5 56.5
27.5 60.5
28.5 12.5
28.5 13.5
28.5 14.5
28.5 24.5
28.5 28.5
28.5 44.5
28.5 49.5
28.5 65.5
29.5 18.5
29.5 19.5
29.5 28.5
29.5 29.5
29.5 37.5
29.5 38.5
29.5 39.5
29.5 49.5
29.5 50.5
29.5 51.5
29.5 64.5
29.5 65.5
30.5 19.5
30.5 20.5
30.5 29.5
30.5 39.5
30.5 40.5
30.5 50.5
30.5 51.5
30.5 52.5
30.5 64.5
31.5 9.5
31.5 20.5
31.5 21.5
32.5 9.5
32.5 10.5
33.5 9.5
33.5 10.5
34.5 31.5
34.5 38.5
34.5 39.5
35.5 31.5
35.5 32.5
35.5 37.5
35.5 38.5
35.5 39.5
35.5 50.5
35.5 51.5
35.5 52.5
35.5 61.5
35.5 62.5
36.5 22.5
36.5 23.5
36.5 32.5
36.5 37.5
36.5 38.5
36.5 39.5
36.5 49.5
36.5 50.5
36.5 60.5
36.5 61.5
37.5 10.5
37.5 23.5
37.5 24.5
37.5 32.5
37.5 33.5
37.5 37.5
37.5 38.5
37.5 60.5
38.5 9.5
38.5 44.5
38.5 54.5
38.5 55.5
39.5 13.5
39.5 17.5
39.5 18.5
39.5 19.5
39.5 29.5
39.5 30.5
39.5 42.5
39.5 43.5
39.5 44.5
39.5 54.5
40.5 12.5
40.5 13.5
40.5 18.5
40.5 19.5
40.5 20.5
40.5 30.5
40.5 42.5
40.5 43.5
40.5 64.5
41.5 12.5
41.5 63.5
41.5 64.5
41.5 65.5
42.5 63.5
42.5 64.5
44.5 53.5
45.5 12.5
45.5 22.5
45.5 23.5
45.5 30.5
45.5 31.5
45.5 42.5
45.5 43.5
45.5 44.5
45.5 54.5
46.5 13.5
46.5 23.5
46.5 24.5
46.5 29.5
46.5 30.5
46.5 43.5
46.5 44.5
46.5 45.5
46.5 55.5
47.5 50.5
47.5 59.5
47.5 60.5
47.5 61.5
47.5 62.5
48.5 9.5
48.5 18.5
48.5 19.5
48.5 50.5
48.5 51.5
49.5 8.5
49.5 9.5
49.5 19.5
49.5 20.5
49.5 33.5
49.5 38.5
49.5 39.5
49.5 40.5
49.5 51.5
49.5 52.5
50.5 8.5
50.5 9.5
50.5 32.5
50.5 39.5
50.5 40.5
50.5 41.5
50.5 63.5
50.5 64.5
50.5 65.5
51.5 8.5
51.5 9.5
54.5 20.5
54.5 21.5
54.5 53.5
54.5 63.5
55.5 10.5
55.5 19.5
55.5 20.5
55.5 21.5
55.5 30.5
55.5 31.5
55.5 40.5
55.5 41.5
55.5 53.5
55.5 54.5
55.5 63.5
55.5 64.5
56.5 8.5
56.5 9.5
56.5 19.5
56.5 20.5
56.5 30.5
56.5 31.5
56.5 39.5
56.5 40.5
56.5 53.5
56.5 54.5
56.5 63.5
56.5 64.5
57.5 8.5
57.5 18.5
57.5 19.5
57.5 30.5
57.5 38.5
57.5 39.5
57.5 40.5
57.5 54.5
57.5 64.5
58.5 13.5
58.5 18.5
58.5 30.5
58.5 38.5
58.5 39.5
58.5 59.5
59.5 12.5
59.5 13.5
59.5 24.5
59.5 25.5
59.5 44.5
59.5 49.5
59.5 59.5
59.5 60.5
60.5 12.5
60.5 13.5
60.5 24.5
60.5 25.5
60.5 33.5
60.5 34.5
60.5 43.5
60.5 44.5
60.5 49.5
60.5 50.5
60.5 59.5
60.5 60.5
61.5 12.5
61.5 23.5
61.5 24.5
61.5 33.5
61.5 42.5
61.5 43.5
61.5 49.5
61.5 50.5
61.5 60.5
61.5 61.5
62.5 23.5
62.5 33.5
62.5 42.5
62.5 49.5
62.5 50.5
63.5 42.5
