3.5 25.5
4.5 8.5
4.5 25.5
4.5 26.5
4.5 34.5
5.5 8.5
5.5 9.5
5.5 17.5
5.5 18.5
5.5 26.5
5.5 35.5
5.5 55.5
5.5 61.5
6.5 43.5
6.5 55.5
6.5 61.5
6.5 62.5
7.5 12.5
7.5 29.5
7.5 37.5
8.5 12.5
8.5 13.5
8.5 20.5
8.5 21.5
8.5 37.5
8.5 38.5
8.5 52.5
8.5 64.5
9.5 13.5
9.5 38.5
9.5 46.5
9.5 47.5
9.5 51.5
9.5 64.5
12.5 30.5
12.5 36.5
13.5 13.5
13.5 53.5
13.5 60.5
13.5 61.5
14.5 12.5
14.5 13.5
14.5 20.5
14.5 44.5
14.5 53.5
14.5 61.5
14.5 62.5
15.5 25.5
15.5 26.5
15.5 38.5
15.5 39.5
16.5 9.5
16.5 26.5
16.5 39.5
16.5 47.5
16.5 55.5
16.5 56.5
16.5 66.5
17.5 17.5
17.5 47.5
17.5 48.5
17.5 56.5
17.5 66.5
17.5 67.5
20.5 25.5
20.5 26.5
21.5 25.5
21.5 26.5
21.5 35.5
21.5 36.5
21.5 37.5
22.5 9.5
22.5 47.5
22.5 53.5
22.5 64.5
23.5 16.5
23.5 29.5
23.5 30.5
23.5 31.5
23.5 46.5
23.5 53.5
23.5 65.5
24.5 30.5
24.5 31.5
24.5 65.5
24.5 66.5
25.5 38.5
25.5 39.5
25.5 44.5
26.5 11.5
26.5 12.5
26.5 19.5
26.5 39.5
26.5 55.5
26.5 56.5
27.5 56.5
27.5 61.5
28.5 67.5
30.5 17.5
30.5 18.5
30.5 29.5
30.5 38.5
31.5 12.5
31.5 29.5
31.5 38.5
31.5 47.5
31.5 52.5
31.5 53.5
32.5 20.5
32.5 21.5
32.5 52.5
32.5 53.5
32.5 61.5
33.5 8.5
33.5 21.5
33.5 22.5
33.5 26.5
33.5 33.5
33.5 34.5
33.5 35.5
33.5 44.5
34.5 8.5
34.5 26.5
34.5 43.5
34.5 44.5
34.5 56.5
34.5 57.5
34.5 64.5
35.5 57.5
38.5 8.5
38.5 20.5
39.5 8.5
39.5 9.5
39.5 19.5
39.5 20.5
39.5 29.5
39.5 33.5
39.5 34.5
39.5 45.5
39.5 46.5
39.5 65.5
40.5 9.5
40.5 10.5
40.5 29.5
40.5 56.5
40.5 64.5
40.5 65.5
41.5 13.5
41.5 14.5
41.5 55.5
42.5 14.5
42.5 15.5
42.5 22.5
42.5 27.5
42.5 36.5
42.5 42.5
42.5 43.5
43.5 36.5
43.5 41.5
43.5 42.5
43.5 52.5
43.5 53.5
43.5 61.5
43.5 62.5
44.5 52.5
44.5 61.5
47.5 22.5
47.5 26.5
48.5 22.5
48.5 26.5
48.5 27.5
48.5 55.5
48.5 63.5
49.5 13.5
49.5 14.5
49.5 35.5
49.5 42.5
49.5 43.5
49.5 63.5
50.5 13.5
50.5 14.5
50.5 35.5
50.5 42.5
50.5 43.5
50.5 60.5
51.5 30.5
51.5 51.5
51.5 52.5
51.5 53.5
52.5 18.5
52.5 19.5
52.5 30.5
52.5 31.5
52.5 46.5
52.5 47.5
53.5 8.5
53.5 9.5
53.5 38.5
53.5 46.5
53.5 47.5
54.5 8.5
54.5 9.5
56.5 27.5
56.5 59.5
56.5 60.5
57.5 20.5
57.5 27.5
57.5 28.5
57.5 54.5
57.5 55.5
58.5 20.5
58.5 39.5
58.5 44.5
58.5 54.5
58.5 55.5
59.5 7.5
59.5 8.5
59.5 44.5
59.5 63.5
60.5 30.5
60.5 31.5
60.5 37.5
60.5 63.5
60.5 64.5
61.5 10.5
61.5 16.5
61.5 17.5
61.5 36.5
62.5 10.5
62.5 47.5
62.5 52.5
62.5 53.5
63.5 52.5
