2.5 34.5
2.5 35.5
2.5 36.5
2.5 37.5
2.5 55.5
2.5 56.5
2.5 57.5
2.5 58.5
3.5 23.5
3.5 24.5
3.5 36.5
3.5 42.5
3.5 43.5
3.5 50.5
3.5 55.5
3.5 56.5
3.5 57.5
3.5 58.5
3.5 59.5
4.5 22.5
4.5 23.5
4.5 24.5
4.5 31.5
4.5 32.5
4.5 42.5
4.5 43.5
4.5 49.5
4.5 50.5
4.5 56.5
4.5 57.5
4.5 58.5
4.5 59.5
5.5 8.5
5.5 21.5
5.5 22.5
5.5 23.5
5.5 24.5
5.5 32.5
5.5 33.5
5.5 42.5
5.5 43.5
5.5 48.5
5.5 49.5
5.5 50.5
5.5 64.5
5.5 65.5
6.5 7.5
6.5 8.5
6.5 9.5
6.5 21.5
6.5 22.5
6.5 23.5
6.5 28.5
6.5 29.5
6.5 30.5
6.5 31.5
6.5 42.5
6.5 43.5
6.5 48.5
6.5 49.5
6.5 50.5
6.5 63.5
6.5 64.5
6.5 65.5
7.5 7.5
7.5 8.5
7.5 9.5
7.5 12.5
7.5 21.5
7.5 22.5
7.5 27.5
7.5 28.5
7.5 29.5
7.5 30.5
7.5 38.5
7.5 39.5
7.5 40.5
7.5 64.5
7.5 65.5
8.5 9.5
8.5 11.5
8.5 12.5
8.5 13.5
8.5 19.5
8.5 20.5
8.5 28.5
8.5 52.5
8.5 59.5
8.5 60.5
9.5 11.5
9.5 12.5
9.5 13.5
9.5 18.5
9.5 19.5
9.5 20.5
9.5 52.5
9.5 53.5
9.5 58.5
9.5 59.5
9.5 60.5
10.5 12.5
10.5 13.5
10.5 19.5
10.5 20.5
10.5 42.5
10.5 43.5
10.5 52.5
10.5 53.5
10.5 58.5
10.5 59.5
10.5 60.5
11.5 12.5
11.5 13.5
11.5 41.5
11.5 42.5
11.5 43.5
11.5 44.5
11.5 61.5
11.5 62.5
12.5 40.5
12.5 41.5
12.5 42.5
12.5 43.5
12.5 47.5
12.5 48.5
12.5 61.5
12.5 62.5
13.5 7.5
13.5 8.5
13.5 9.5
13.5 22.5
13.5 23.5
13.5 32.5
13.5 33.5
13.5 34.5
13.5 40.5
13.5 41.5
13.5 42.5
13.5 43.5
13.5 47.5
13.5 48.5
13.5 49.5
13.5 61.5
13.5 62.5
13.5 63.5
14.5 7.5
14.5 8.5
14.5 9.5
14.5 22.5
14.5 23.5
14.5 31.5
14.5 32.5
14.5 33.5
14.5 34.5
14.5 41.5
14.5 48.5
14.5 49.5
14.5 50.5
14.5 61.5
14.5 62.5
14.5 63.5
15.5 7.5
15.5 8.5
15.5 9.5
15.5 12.5
15.5 13.5
15.5 21.5
15.5 31.5
15.5 32.5
15.5 33.5
15.5 34.5
15.5 39.5
15.5 49.5
15.5 50.5
15.5 61.5
15.5 62.5
15.5 63.5
16.5 11.5
16.5 12.5
16.5 13.5
16.5 14.5
16.5 19.5
16.5 20.5
16.5 21.5
16.5 28.5
16.5 29.5
16.5 31.5
16.5 32.5
16.5 33.5
16.5 37.5
16.5 38.5
16.5 39.5
16.5 40.5
16.5 51.5
16.5 52.5
16.5 57.5
16.5 58.5
16.5 62.5
17.5 11.5
17.5 12.5
17.5 13.5
17.5 14.5
17.5 19.5
17.5 20.5
17.5 28.5
17.5 29.5
17.5 30.5
17.5 37.5
17.5 38.5
17.5 39.5
17.5 40.5
17.5 51.5
17.5 52.5
17.5 57.5
17.5 58.5
18.5 12.5
18.5 13.5
18.5 14.5
18.5 29.5
18.5 30.5
18.5 37.5
18.5 38.5
18.5 39.5
18.5 40.5
18.5 51.5
18.5 52.5
19.5 13.5
20.5 9.5
20.5 10.5
20.5 23.5
20.5 24.5
20.5 30.5
20.5 48.5
20.5 49.5
21.5 9.5
21.5 10.5
21.5 11.5
21.5 22.5
21.5 23.5
21.5 24.5
21.5 29.5
21.5 30.5
21.5 31.5
21.5 48.5
21.5 49.5
21.5 50.5
21.5 58.5
21.5 59.5
22.5 9.5
22.5 10.5
22.5 11.5
22.5 22.5
22.5 23.5
22.5 24.5
22.5 28.5
22.5 29.5
22.5 30.5
22.5 43.5
22.5 44.5
22.5 49.5
22.5 50.5
22.5 51.5
22.5 58.5
22.5 59.5
22.5 60.5
22.5 61.5
23.5 9.5
23.5 10.5
23.5 11.5
23.5 20.5
23.5 28.5
23.5 29.5
23.5 30.5
23.5 43.5
23.5 44.5
23.5 50.5
23.5 51.5
23.5 59.5
23.5 60.5
24.5 9.5
24.5 10.5
24.5 14.5
24.5 20.5
24.5 21.5
24.5 28.5
24.5 29.5
24.5 42.5
24.5 43.5
24.5 44.5
24.5 52.5
24.5 53.5
24.5 54.5
24.5 55.5
25.5 13.5
25.5 14.5
25.5 15.5
25.5 20.5
25.5 21.5
25.5 33.5
25.5 40.5
25.5 43.5
25.5 53.5
25.5 54.5
25.5 55.5
25.5 61.5
25.5 62.5
25.5 63.5
26.5 13.5
26.5 14.5
26.5 15.5
26.5 20.5
26.5 21.5
26.5 32.5
26.5 33.5
26.5 34.5
26.5 39.5
26.5 40.5
26.5 41.5
26.5 54.5
26.5 55.5
26.5 56.5
26.5 61.5
26.5 62.5
26.5 63.5
26.5 64.5
27.5 6.5
27.5 20.5
27.5 21.5
27.5 33.5
27.5 40.5
27.5 41.5
28.5 6.5
29.5 6.5
29.5 22.5
29.5 23.5
29.5 28.5
29.5 29.5
29.5 44.5
29.5 45.5
29.5 51.5
30.5 13.5
30.5 22.5
30.5 23.5
30.5 28.5
30.5 29.5
30.5 30.5
30.5 43.5
30.5 44.5
30.5 45.5
30.5 51.5
30.5 52.5
30.5 60.5
31.5 12.5
31.5 13.5
31.5 14.5
31.5 21.5
31.5 22.5
31.5 23.5
31.5 29.5
31.5 30.5
31.5 43.5
31.5 44.5
31.5 45.5
31.5 51.5
31.5 52.5
31.5 60.5
31.5 61.5
32.5 12.5
32.5 13.5
32.5 21.5
32.5 22.5
32.5 23.5
32.5 30.5
32.5 41.5
32.5 42.5
32.5 44.5
32.5 52.5
32.5 53.5
32.5 55.5
32.5 60.5
32.5 61.5
32.5 62.5
33.5 9.5
33.5 10.5
33.5 11.5
33.5 18.5
33.5 19.5
33.5 20.5
33.5 31.5
33.5 32.5
33.5 40.5
33.5 41.5
33.5 42.5
33.5 54.5
33.5 55.5
33.5 56.5
33.5 63.5
33.5 64.5
34.5 8.5
34.5 9.5
34.5 10.5
34.5 11.5
34.5 18.5
34.5 19.5
34.5 20.5
34.5 31.5
34.5 32.5
34.5 33.5
34.5 40.5
34.5 41.5
34.5 42.5
34.5 55.5
34.5 56.5
34.5 64.5
34.5 65.5
35.5 8.5
35.5 9.5
35.5 10.5
35.5 18.5
35.5 19.5
35.5 32.5
35.5 33.5
35.5 34.5
35.5 39.5
35.5 40.5
35.5 41.5
35.5 42.5
35.5 55.5
35.5 56.5
35.5 64.5
35.5 65.5
36.5 18.5
36.5 33.5
36.5 34.5
36.5 35.5
36.5 39.5
36.5 40.5
36.5 41.5
37.5 34.5
37.5 35.5
37.5 39.5
37.5 40.5
38.5 10.5
38.5 23.5
38.5 65.5
38.5 66.5
39.5 10.5
39.5 11.5
39.5 22.5
39.5 23.5
39.5 29.5
39.5 30.5
39.5 42.5
39.5 43.5
39.5 53.5
39.5 54.5
39.5 55.5
39.5 56.5
39.5 64.5
39.5 65.5
39.5 66.5
40.5 9.5
40.5 10.5
40.5 11.5
40.5 21.5
40.5 22.5
40.5 23.5
40.5 29.5
40.5 30.5
40.5 42.5
40.5 43.5
40.5 44.5
40.5 52.5
40.5 53.5
40.5 54.5
40.5 55.5
40.5 56.5
40.5 63.5
40.5 64.5
40.5 65.5
41.5 10.5
41.5 21.5
41.5 22.5
41.5 29.5
41.5 30.5
41.5 43.5
41.5 44.5
41.5 45.5
41.5 53.5
41.5 54.5
41.5 55.5
41.5 61.5
41.5 62.5
41.5 63.5
41.5 64.5
42.5 20.5
42.5 29.5
42.5 30.5
42.5 43.5
42.5 44.5
42.5 45.5
42.5 49.5
42.5 50.5
42.5 51.5
42.5 60.5
42.5 61.5
42.5 62.5
43.5 13.5
43.5 14.5
43.5 15.5
43.5 16.5
43.5 19.5
43.5 20.5
43.5 21.5
43.5 29.5
43.5 30.5
43.5 33.5
43.5 34.5
43.5 39.5
43.5 40.5
43.5 48.5
43.5 49.5
43.5 50.5
43.5 51.5
43.5 59.5
43.5 60.5
43.5 61.5
44.5 7.5
44.5 8.5
44.5 13.5
44.5 14.5
44.5 15.5
44.5 18.5
44.5 19.5
44.5 20.5
44.5 21.5
44.5 33.5
44.5 34.5
44.5 39.5
44.5 40.5
44.5 48.5
44.5 49.5
44.5 50.5
44.5 59.5
44.5 60.5
44.5 61.5
45.5 6.5
45.5 7.5
45.5 8.5
45.5 18.5
45.5 19.5
45.5 20.5
45.5 59.5
45.5 60.5
46.5 7.5
46.5 8.5
47.5 30.5
47.5 31.5
48.5 10.5
48.5 11.5
48.5 30.5
48.5 31.5
48.5 32.5
48.5 38.5
48.5 39.5
48.5 40.5
48.5 50.5
48.5 51.5
48.5 59.5
48.5 60.5
49.5 10.5
49.5 11.5
49.5 12.5
49.5 20.5
49.5 21.5
49.5 30.5
49.5 31.5
49.5 32.5
49.5 39.5
49.5 40.5
49.5 41.5
49.5 49.5
49.5 50.5
49.5 51.5
49.5 59.5
49.5 60.5
49.5 61.5
50.5 11.5
50.5 12.5
50.5 13.5
50.5 20.5
50.5 21.5
50.5 22.5
50.5 31.5
50.5 32.5
50.5 40.5
50.5 42.5
50.5 48.5
50.5 49.5
50.5 50.5
50.5 59.5
50.5 60.5
50.5 61.5
50.5 63.5
50.5 64.5
51.5 14.5
51.5 20.5
51.5 21.5
51.5 22.5
51.5 23.5
51.5 24.5
51.5 25.5
51.5 33.5
51.5 34.5
51.5 35.5
51.5 42.5
51.5 43.5
51.5 44.5
51.5 48.5
51.5 49.5
51.5 53.5
51.5 60.5
51.5 63.5
51.5 64.5
51.5 65.5
52.5 14.5
52.5 15.5
52.5 23.5
52.5 24.5
52.5 25.5
52.5 26.5
52.5 34.5
52.5 35.5
52.5 36.5
52.5 42.5
52.5 43.5
52.5 44.5
52.5 52.5
52.5 53.5
52.5 54.5
52.5 63.5
52.5 64.5
52.5 65.5
53.5 13.5
53.5 14.5
53.5 15.5
53.5 24.5
53.5 25.5
53.5 26.5
53.5 35.5
53.5 43.5
53.5 44.5
53.5 45.5
53.5 53.5
53.5 54.5
53.5 64.5
54.5 14.5
54.5 15.5
54.5 26.5
54.5 44.5
54.5 45.5
54.5 54.5
55.5 14.5
55.5 15.5
56.5 14.5
56.5 55.5
56.5 60.5
56.5 61.5
57.5 13.5
57.5 14.5
57.5 15.5
57.5 26.5
57.5 27.5
57.5 34.5
57.5 35.5
57.5 44.5
57.5 45.5
57.5 54.5
57.5 55.5
57.5 60.5
57.5 61.5
57.5 62.5
58.5 10.5
58.5 13.5
58.5 14.5
58.5 15.5
58.5 25.5
58.5 26.5
58.5 27.5
58.5 33.5
58.5 34.5
58.5 35.5
58.5 43.5
58.5 44.5
58.5 45.5
58.5 54.5
58.5 55.5
58.5 61.5
58.5 63.5
58.5 64.5
59.5 9.5
59.5 10.5
59.5 24.5
59.5 25.5
59.5 26.5
59.5 43.5
59.5 44.5
59.5 45.5
59.5 51.5
59.5 52.5
59.5 63.5
59.5 64.5
59.5 65.5
60.5 9.5
60.5 10.5
60.5 20.5
60.5 21.5
60.5 22.5
60.5 24.5
60.5 25.5
60.5 31.5
60.5 32.5
60.5 33.5
60.5 39.5
60.5 40.5
60.5 41.5
60.5 43.5
60.5 44.5
60.5 50.5
60.5 51.5
60.5 52.5
60.5 63.5
60.5 64.5
60.5 65.5
61.5 8.5
61.5 9.5
61.5 10.5
61.5 20.5
61.5 21.5
61.5 22.5
61.5 30.5
61.5 31.5
61.5 32.5
61.5 33.5
61.5 39.5
61.5 40.5
61.5 41.5
61.5 50.5
61.5 51.5
61.5 64.5
61.5 65.5
61.5 66.5
62.5 9.5
62.5 20.5
62.5 21.5
62.5 30.5
62.5 31.5
62.5 39.5
62.5 40.5
62.5 50.5
62.5 51.5
