4.5 10.5
4.5 11.5
4.5 12.5
4.5 25.5
4.5 26.5
4.5 27.5
4.5 38.5
4.5 39.5
4.5 47.5
4.5 48.5
4.5 62.5
4.5 63.5
4.5 64.5
5.5 9.5
5.5 10.5
5.5 11.5
5.5 26.5
5.5 27.5
5.5 28.5
5.5 38.5
5.5 39.5
5.5 40.5
5.5 45.5
5.5 46.5
5.5 47.5
5.5 48.5
5.5 63.5
5.5 64.5
6.5 39.5
6.5 40.5
6.5 45.5
6.5 46.5
6.5 47.5
7.5 14.5
7.5 15.5
7.5 16.5
7.5 21.5
7.5 22.5
7.5 23.5
7.5 33.5
7.5 34.5
7.5 35.5
7.5 52.5
7.5 58.5
7.5 59.5
7.5 60.5
8.5 13.5
8.5 14.5
8.5 15.5
8.5 22.5
8.5 23.5
8.5 24.5
8.5 34.5
8.5 35.5
8.5 36.5
8.5 50.5
8.5 51.5
8.5 52.5
8.5 59.5
8.5 60.5
9.5 36.5
9.5 50.5
9.5 51.5
12.5 13.5
12.5 14.5
12.5 62.5
12.5 63.5
12.5 64.5
13.5 13.5
13.5 14.5
13.5 15.5
13.5 22.5
13.5 23.5
13.5 34.5
13.5 35.5
13.5 36.5
13.5 47.5
13.5 48.5
13.5 62.5
13.5 63.5
13.5 64.5
13.5 65.5
14.5 14.5
14.5 15.5
14.5 16.5
14.5 21.5
14.5 22.5
14.5 33.5
14.5 34.5
14.5 35.5
14.5 45.5
14.5 46.5
14.5 47.5
14.5 63.5
14.5 64.5
15.5 9.5
15.5 10.5
15.5 27.5
16.5 9.5
16.5 10.5
16.5 11.5
16.5 25.5
16.5 26.5
16.5 27.5
16.5 28.5
16.5 38.5
16.5 39.5
16.5 40.5
16.5 50.5
16.5 51.5
16.5 52.5
16.5 58.5
16.5 59.5
16.5 60.5
17.5 10.5
17.5 11.5
17.5 25.5
17.5 26.5
17.5 27.5
17.5 37.5
17.5 38.5
17.5 39.5
17.5 49.5
17.5 50.5
17.5 51.5
17.5 52.5
17.5 59.5
17.5 60.5
17.5 61.5
21.5 10.5
21.5 11.5
21.5 25.5
21.5 26.5
21.5 62.5
21.5 63.5
22.5 9.5
22.5 10.5
22.5 11.5
22.5 25.5
22.5 26.5
22.5 27.5
22.5 34.5
22.5 35.5
22.5 36.5
22.5 46.5
22.5 47.5
22.5 48.5
22.5 49.5
22.5 62.5
22.5 63.5
22.5 64.5
23.5 9.5
23.5 26.5
23.5 27.5
23.5 28.5
23.5 33.5
23.5 34.5
23.5 35.5
23.5 46.5
23.5 47.5
23.5 48.5
23.5 63.5
23.5 64.5
24.5 14.5
24.5 15.5
24.5 21.5
24.5 40.5
24.5 52.5
24.5 58.5
25.5 13.5
25.5 14.5
25.5 15.5
25.5 21.5
25.5 22.5
25.5 23.5
25.5 38.5
25.5 39.5
25.5 40.5
25.5 50.5
25.5 51.5
25.5 52.5
25.5 57.5
25.5 58.5
25.5 59.5
25.5 60.5
26.5 13.5
26.5 14.5
26.5 22.5
26.5 23.5
26.5 37.5
26.5 38.5
26.5 39.5
26.5 50.5
26.5 51.5
26.5 58.5
26.5 59.5
26.5 60.5
30.5 10.5
30.5 11.5
30.5 38.5
30.5 39.5
30.5 50.5
30.5 51.5
30.5 58.5
30.5 59.5
30.5 60.5
31.5 8.5
31.5 9.5
31.5 10.5
31.5 11.5
31.5 22.5
31.5 23.5
31.5 24.5
31.5 37.5
31.5 38.5
31.5 39.5
31.5 40.5
31.5 50.5
31.5 51.5
31.5 52.5
31.5 57.5
31.5 58.5
31.5 59.5
32.5 8.5
32.5 9.5
32.5 10.5
32.5 21.5
32.5 22.5
32.5 23.5
32.5 39.5
32.5 40.5
32.5 52.5
32.5 57.5
33.5 21.5
33.5 46.5
33.5 47.5
33.5 62.5
33.5 63.5
33.5 64.5
34.5 13.5
34.5 14.5
34.5 15.5
34.5 26.5
34.5 27.5
34.5 33.5
34.5 34.5
34.5 35.5
34.5 46.5
34.5 47.5
34.5 48.5
34.5 61.5
34.5 62.5
34.5 63.5
34.5 64.5
35.5 12.5
35.5 13.5
35.5 14.5
35.5 15.5
35.5 25.5
35.5 26.5
35.5 27.5
35.5 33.5
35.5 34.5
35.5 35.5
35.5 36.5
35.5 62.5
36.5 25.5
36.5 26.5
39.5 13.5
39.5 35.5
39.5 36.5
39.5 46.5
39.5 47.5
39.5 48.5
39.5 59.5
39.5 60.5
39.5 61.5
40.5 13.5
40.5 14.5
40.5 15.5
40.5 22.5
40.5 23.5
40.5 33.5
40.5 34.5
40.5 35.5
40.5 46.5
40.5 47.5
40.5 48.5
40.5 58.5
40.5 59.5
40.5 60.5
41.5 14.5
41.5 15.5
41.5 16.5
41.5 21.5
41.5 22.5
41.5 33.5
41.5 58.5
41.5 59.5
42.5 8.5
42.5 9.5
42.5 10.5
42.5 26.5
42.5 27.5
42.5 38.5
42.5 39.5
42.5 40.5
42.5 51.5
42.5 52.5
42.5 63.5
42.5 64.5
42.5 65.5
43.5 9.5
43.5 10.5
43.5 11.5
43.5 25.5
43.5 26.5
43.5 27.5
43.5 37.5
43.5 38.5
43.5 39.5
43.5 40.5
43.5 50.5
43.5 51.5
43.5 52.5
43.5 62.5
43.5 63.5
43.5 64.5
44.5 50.5
44.5 51.5
47.5 10.5
47.5 11.5
47.5 25.5
47.5 26.5
47.5 36.5
48.5 9.5
48.5 10.5
48.5 11.5
48.5 25.5
48.5 26.5
48.5 27.5
48.5 34.5
48.5 35.5
48.5 36.5
48.5 47.5
48.5 48.5
48.5 49.5
48.5 62.5
48.5 63.5
48.5 64.5
48.5 65.5
49.5 8.5
49.5 9.5
49.5 10.5
49.5 26.5
49.5 27.5
49.5 28.5
49.5 33.5
49.5 34.5
49.5 35.5
49.5 46.5
49.5 47.5
49.5 48.5
49.5 63.5
49.5 64.5
49.5 65.5
49.5 66.5
50.5 14.5
50.5 15.5
50.5 21.5
50.5 22.5
50.5 47.5
51.5 13.5
51.5 14.5
51.5 15.5
51.5 21.5
51.5 22.5
51.5 23.5
51.5 38.5
51.5 39.5
51.5 40.5
51.5 41.5
51.5 51.5
51.5 52.5
51.5 53.5
51.5 58.5
51.5 59.5
51.5 60.5
52.5 13.5
52.5 22.5
52.5 23.5
52.5 38.5
52.5 39.5
52.5 40.5
52.5 50.5
52.5 51.5
52.5 52.5
52.5 59.5
52.5 60.5
52.5 61.5
56.5 10.5
56.5 11.5
56.5 22.5
56.5 23.5
56.5 38.5
56.5 39.5
56.5 63.5
57.5 9.5
57.5 10.5
57.5 11.5
57.5 21.5
57.5 22.5
57.5 23.5
57.5 38.5
57.5 39.5
57.5 40.5
57.5 41.5
57.5 50.5
57.5 51.5
57.5 52.5
57.5 63.5
57.5 64.5
57.5 65.5
58.5 9.5
58.5 10.5
58.5 21.5
58.5 22.5
58.5 40.5
58.5 41.5
58.5 50.5
58.5 51.5
58.5 52.5
58.5 64.5
58.5 65.5
59.5 15.5
59.5 27.5
59.5 33.5
59.5 34.5
59.5 35.5
59.5 46.5
59.5 58.5
59.5 59.5
60.5 13.5
60.5 14.5
60.5 15.5
60.5 26.5
60.5 27.5
60.5 28.5
60.5 33.5
60.5 34.5
60.5 35.5
60.5 36.5
60.5 46.5
60.5 47.5
60.5 48.5
60.5 58.5
60.5 59.5
60.5 60.5
61.5 13.5
61.5 14.5
61.5 15.5
61.5 25.5
61.5 26.5
61.5 27.5
61.5 34.5
61.5 35.5
61.5 36.5
61.5 47.5
61.5 48.5
61.5 59.5
61.5 60.5
