5.5 18.5
5.5 19.5
5.5 32.5
6.5 17.5
6.5 18.5
6.5 19.5
6.5 31.5
6.5 32.5
6.5 33.5
7.5 16.5
7.5 17.5
7.5 18.5
7.5 19.5
7.5 31.5
7.5 32.5
7.5 33.5
7.5 34.5
8.5 16.5
8.5 17.5
8.5 18.5
8.5 31.5
8.5 32.5
8.5 33.5
8.5 34.5
8.5 62.5
8.5 63.5
9.5 15.5
9.5 16.5
9.5 17.5
9.5 32.5
9.5 33.5
9.5 34.5
9.5 60.5
9.5 61.5
9.5 62.5
9.5 63.5
10.5 32.5
10.5 33.5
10.5 34.5
10.5 60.5
10.5 61.5
10.5 62.5
11.5 59.5
11.5 60.5
11.5 61.5
13.5 11.5
13.5 12.5
14.5 10.5
14.5 11.5
14.5 12.5
14.5 38.5
14.5 39.5
14.5 40.5
15.5 9.5
15.5 10.5
15.5 11.5
15.5 12.5
15.5 38.5
15.5 39.5
15.5 40.5
15.5 53.5
15.5 54.5
15.5 55.5
16.5 8.5
16.5 9.5
16.5 10.5
16.5 11.5
16.5 38.5
16.5 39.5
16.5 40.5
16.5 41.5
16.5 52.5
16.5 53.5
16.5 54.5
16.5 55.5
17.5 9.5
17.5 10.5
17.5 38.5
17.5 39.5
17.5 40.5
17.5 41.5
17.5 52.5
17.5 53.5
17.5 54.5
18.5 39.5
18.5 40.5
18.5 41.5
18.5 51.5
18.5 52.5
18.5 53.5
19.5 51.5
26.5 29.5
27.5 17.5
27.5 18.5
27.5 19.5
27.5 29.5
27.5 30.5
27.5 31.5
28.5 16.5
28.5 17.5
28.5 18.5
28.5 19.5
28.5 29.5
28.5 30.5
28.5 31.5
28.5 32.5
28.5 51.5
28.5 52.5
29.5 15.5
29.5 16.5
29.5 17.5
29.5 18.5
29.5 19.5
29.5 30.5
29.5 31.5
29.5 32.5
29.5 33.5
29.5 51.5
29.5 52.5
29.5 53.5
29.5 54.5
30.5 15.5
30.5 16.5
30.5 17.5
30.5 30.5
30.5 31.5
30.5 32.5
30.5 33.5
30.5 51.5
30.5 52.5
30.5 53.5
30.5 54.5
30.5 55.5
31.5 32.5
31.5 33.5
31.5 52.5
31.5 53.5
31.5 54.5
31.5 55.5
32.5 53.5
32.5 54.5
32.5 55.5
34.5 38.5
35.5 11.5
35.5 12.5
35.5 13.5
35.5 37.5
35.5 38.5
35.5 39.5
35.5 59.5
35.5 60.5
36.5 10.5
36.5 11.5
36.5 12.5
36.5 13.5
36.5 38.5
36.5 39.5
36.5 40.5
36.5 58.5
36.5 59.5
36.5 60.5
36.5 61.5
36.5 62.5
37.5 10.5
37.5 11.5
37.5 12.5
37.5 13.5
37.5 38.5
37.5 39.5
37.5 40.5
37.5 41.5
37.5 59.5
37.5 60.5
37.5 61.5
37.5 62.5
38.5 10.5
38.5 11.5
38.5 12.5
38.5 39.5
38.5 40.5
38.5 41.5
38.5 60.5
38.5 61.5
38.5 62.5
38.5 63.5
39.5 39.5
39.5 40.5
39.5 41.5
39.5 62.5
47.5 41.5
48.5 19.5
48.5 20.5
48.5 21.5
48.5 39.5
48.5 40.5
48.5 41.5
49.5 18.5
49.5 19.5
49.5 20.5
49.5 21.5
49.5 39.5
49.5 40.5
49.5 41.5
49.5 61.5
49.5 62.5
50.5 17.5
50.5 18.5
50.5 19.5
50.5 20.5
50.5 38.5
50.5 39.5
50.5 40.5
50.5 41.5
50.5 60.5
50.5 61.5
50.5 62.5
51.5 17.5
51.5 18.5
51.5 19.5
51.5 38.5
51.5 39.5
51.5 40.5
51.5 59.5
51.5 60.5
51.5 61.5
51.5 62.5
52.5 59.5
52.5 60.5
52.5 61.5
54.5 32.5
54.5 33.5
54.5 34.5
55.5 12.5
55.5 13.5
55.5 14.5
55.5 31.5
55.5 32.5
55.5 33.5
55.5 34.5
55.5 53.5
55.5 54.5
55.5 55.5
56.5 11.5
56.5 12.5
56.5 13.5
56.5 14.5
56.5 31.5
56.5 32.5
56.5 33.5
56.5 34.5
56.5 52.5
56.5 53.5
56.5 54.5
56.5 55.5
57.5 11.5
57.5 12.5
57.5 13.5
57.5 14.5
57.5 31.5
57.5 32.5
57.5 33.5
57.5 52.5
57.5 53.5
57.5 54.5
58.5 11.5
58.5 12.5
58.5 13.5
58.5 31.5
58.5 52.5
58.5 53.5
