3.5 15.5
3.5 34.5
3.5 35.5
4.5 11.5
4.5 12.5
4.5 13.5
4.5 31.5
4.5 32.5
4.5 33.5
4.5 51.5
4.5 52.5
4.5 53.5
4.5 54.5
4.5 55.5
6.5 20.5
6.5 21.5
6.5 22.5
6.5 40.5
6.5 41.5
6.5 42.5
7.5 18.5
7.5 19.5
7.5 38.5
7.5 39.5
7.5 40.5
7.5 59.5
7.5 60.5
11.5 58.5
12.5 14.5
12.5 15.5
12.5 39.5
12.5 40.5
12.5 41.5
12.5 60.5
12.5 61.5
12.5 62.5
13.5 11.5
13.5 12.5
13.5 13.5
14.5 31.5
14.5 32.5
14.5 51.5
14.5 52.5
14.5 53.5
14.5 54.5
15.5 20.5
15.5 21.5
15.5 22.5
15.5 34.5
15.5 35.5
15.5 36.5
19.5 38.5
19.5 39.5
19.5 40.5
19.5 53.5
19.5 54.5
20.5 18.5
20.5 19.5
20.5 20.5
20.5 21.5
20.5 22.5
20.5 41.5
20.5 42.5
21.5 62.5
22.5 32.5
22.5 33.5
22.5 34.5
22.5 35.5
22.5 58.5
22.5 59.5
22.5 60.5
22.5 61.5
23.5 13.5
23.5 14.5
23.5 15.5
27.5 18.5
27.5 19.5
27.5 20.5
27.5 31.5
27.5 32.5
27.5 33.5
27.5 59.5
27.5 60.5
27.5 61.5
28.5 62.5
28.5 63.5
30.5 11.5
30.5 12.5
30.5 13.5
30.5 14.5
30.5 38.5
30.5 39.5
30.5 40.5
30.5 41.5
30.5 52.5
30.5 53.5
30.5 54.5
31.5 55.5
31.5 56.5
35.5 12.5
35.5 13.5
35.5 14.5
35.5 32.5
35.5 33.5
35.5 34.5
35.5 35.5
35.5 55.5
35.5 56.5
36.5 10.5
36.5 11.5
37.5 20.5
37.5 21.5
37.5 22.5
37.5 62.5
37.5 63.5
38.5 18.5
38.5 19.5
38.5 20.5
38.5 39.5
38.5 40.5
38.5 59.5
42.5 38.5
42.5 39.5
42.5 40.5
42.5 41.5
42.5 42.5
42.5 59.5
42.5 60.5
43.5 11.5
43.5 12.5
43.5 13.5
43.5 61.5
43.5 62.5
44.5 51.5
45.5 18.5
45.5 19.5
45.5 20.5
45.5 21.5
45.5 33.5
45.5 34.5
45.5 35.5
45.5 53.5
45.5 54.5
45.5 55.5
49.5 34.5
49.5 35.5
50.5 20.5
50.5 21.5
50.5 22.5
50.5 31.5
50.5 32.5
50.5 52.5
50.5 53.5
50.5 54.5
50.5 55.5
50.5 56.5
52.5 11.5
52.5 12.5
52.5 13.5
52.5 40.5
52.5 41.5
52.5 42.5
53.5 15.5
53.5 38.5
53.5 39.5
53.5 61.5
53.5 62.5
57.5 14.5
57.5 15.5
58.5 10.5
58.5 11.5
58.5 12.5
58.5 13.5
58.5 40.5
58.5 41.5
58.5 42.5
58.5 61.5
58.5 62.5
58.5 63.5
60.5 20.5
60.5 21.5
60.5 22.5
60.5 32.5
60.5 33.5
60.5 34.5
60.5 35.5
60.5 52.5
60.5 53.5
60.5 54.5
60.5 55.5
61.5 18.5
