6.5 14.5
7.5 15.5
7.5 23.5
8.5 15.5
8.5 22.5
8.5 23.5
8.5 51.5
8.5 62.5
9.5 15.5
9.5 22.5
9.5 35.5
9.5 51.5
9.5 63.5
10.5 35.5
10.5 51.5
10.5 52.5
10.5 63.5
11.5 35.5
11.5 52.5
11.5 63.5
13.5 9.5
14.5 9.5
14.5 10.5
14.5 27.5
15.5 9.5
15.5 10.5
15.5 26.5
15.5 27.5
15.5 40.5
15.5 47.5
15.5 59.5
16.5 10.5
16.5 26.5
16.5 27.5
16.5 39.5
16.5 40.5
16.5 47.5
16.5 59.5
17.5 26.5
17.5 39.5
17.5 47.5
17.5 48.5
17.5 59.5
18.5 39.5
18.5 48.5
27.5 10.5
27.5 24.5
28.5 10.5
28.5 23.5
28.5 24.5
28.5 39.5
28.5 47.5
28.5 48.5
29.5 9.5
29.5 10.5
29.5 23.5
29.5 39.5
29.5 40.5
29.5 47.5
29.5 59.5
30.5 9.5
30.5 10.5
30.5 23.5
30.5 40.5
30.5 47.5
30.5 59.5
31.5 59.5
34.5 16.5
34.5 28.5
34.5 35.5
34.5 52.5
35.5 15.5
35.5 28.5
35.5 35.5
35.5 51.5
35.5 52.5
35.5 63.5
36.5 15.5
36.5 27.5
36.5 28.5
36.5 35.5
36.5 36.5
36.5 51.5
36.5 52.5
36.5 63.5
37.5 15.5
37.5 27.5
37.5 36.5
37.5 51.5
37.5 63.5
47.5 24.5
48.5 15.5
48.5 23.5
48.5 24.5
48.5 39.5
48.5 48.5
48.5 63.5
49.5 15.5
49.5 23.5
49.5 39.5
49.5 47.5
49.5 48.5
49.5 63.5
50.5 15.5
50.5 16.5
50.5 23.5
50.5 39.5
50.5 47.5
50.5 64.5
51.5 16.5
51.5 47.5
51.5 64.5
54.5 28.5
55.5 11.5
55.5 27.5
55.5 28.5
55.5 35.5
56.5 11.5
56.5 27.5
56.5 28.5
56.5 35.5
56.5 52.5
56.5 60.5
57.5 11.5
57.5 27.5
57.5 35.5
57.5 36.5
57.5 52.5
57.5 60.5
58.5 27.5
58.5 36.5
58.5 51.5
58.5 52.5
58.5 60.5
58.5 61.5
59.5 51.5
59.5 61.5
