5.5 15.5
6.5 15.5
6.5 16.5
6.5 58.5
7.5 15.5
7.5 16.5
7.5 28.5
7.5 29.5
7.5 47.5
7.5 57.5
7.5 58.5
8.5 16.5
8.5 27.5
8.5 28.5
8.5 29.5
8.5 47.5
8.5 48.5
8.5 56.5
8.5 57.5
9.5 16.5
9.5 17.5
9.5 26.5
9.5 27.5
9.5 28.5
9.5 47.5
9.5 48.5
9.5 56.5
9.5 57.5
10.5 17.5
10.5 25.5
10.5 26.5
10.5 27.5
10.5 47.5
10.5 48.5
10.5 55.5
10.5 56.5
11.5 9.5
11.5 17.5
11.5 25.5
11.5 26.5
11.5 48.5
11.5 55.5
12.5 9.5
12.5 10.5
12.5 24.5
12.5 48.5
12.5 64.5
13.5 9.5
13.5 10.5
13.5 63.5
13.5 64.5
14.5 9.5
14.5 10.5
14.5 11.5
14.5 34.5
14.5 42.5
14.5 62.5
14.5 63.5
15.5 10.5
15.5 11.5
15.5 33.5
15.5 34.5
15.5 41.5
15.5 42.5
15.5 61.5
15.5 62.5
16.5 10.5
16.5 11.5
16.5 32.5
16.5 33.5
16.5 41.5
16.5 42.5
16.5 60.5
16.5 61.5
16.5 62.5
17.5 11.5
17.5 31.5
17.5 32.5
17.5 33.5
17.5 42.5
17.5 43.5
17.5 60.5
17.5 61.5
18.5 11.5
18.5 30.5
18.5 31.5
18.5 32.5
18.5 42.5
18.5 43.5
19.5 30.5
19.5 31.5
19.5 42.5
19.5 43.5
20.5 29.5
20.5 30.5
25.5 60.5
26.5 11.5
26.5 60.5
26.5 61.5
27.5 10.5
27.5 11.5
27.5 60.5
27.5 61.5
27.5 62.5
28.5 10.5
28.5 11.5
28.5 26.5
28.5 27.5
28.5 44.5
28.5 45.5
28.5 61.5
28.5 62.5
29.5 9.5
29.5 10.5
29.5 25.5
29.5 26.5
29.5 27.5
29.5 44.5
29.5 45.5
29.5 61.5
29.5 62.5
29.5 63.5
30.5 9.5
30.5 10.5
30.5 25.5
30.5 26.5
30.5 45.5
30.5 46.5
30.5 62.5
30.5 63.5
31.5 9.5
31.5 24.5
31.5 25.5
31.5 26.5
31.5 45.5
31.5 46.5
31.5 62.5
31.5 63.5
32.5 9.5
32.5 24.5
32.5 25.5
32.5 45.5
32.5 46.5
32.5 63.5
33.5 16.5
33.5 23.5
33.5 24.5
33.5 45.5
33.5 46.5
34.5 16.5
34.5 23.5
34.5 53.5
34.5 54.5
35.5 15.5
35.5 16.5
35.5 33.5
35.5 40.5
35.5 54.5
35.5 55.5
36.5 15.5
36.5 16.5
36.5 32.5
36.5 33.5
36.5 40.5
36.5 54.5
36.5 55.5
36.5 56.5
37.5 14.5
37.5 15.5
37.5 31.5
37.5 32.5
37.5 41.5
37.5 55.5
37.5 56.5
38.5 14.5
38.5 15.5
38.5 30.5
38.5 31.5
38.5 41.5
38.5 55.5
38.5 56.5
38.5 57.5
39.5 14.5
39.5 29.5
39.5 30.5
39.5 42.5
39.5 56.5
39.5 57.5
40.5 29.5
40.5 57.5
47.5 11.5
47.5 12.5
47.5 29.5
47.5 30.5
47.5 42.5
48.5 11.5
48.5 12.5
48.5 30.5
48.5 31.5
48.5 42.5
49.5 10.5
49.5 11.5
49.5 30.5
49.5 31.5
49.5 32.5
49.5 41.5
49.5 42.5
49.5 57.5
50.5 10.5
50.5 11.5
50.5 31.5
50.5 32.5
50.5 33.5
50.5 41.5
50.5 42.5
50.5 56.5
50.5 57.5
51.5 9.5
51.5 10.5
51.5 32.5
51.5 33.5
51.5 34.5
51.5 41.5
51.5 55.5
51.5 56.5
51.5 57.5
52.5 34.5
52.5 41.5
52.5 55.5
52.5 56.5
52.5 57.5
53.5 55.5
53.5 56.5
54.5 16.5
54.5 47.5
54.5 55.5
54.5 56.5
55.5 15.5
55.5 16.5
55.5 24.5
55.5 25.5
55.5 47.5
55.5 55.5
55.5 64.5
55.5 65.5
56.5 15.5
56.5 16.5
56.5 25.5
56.5 26.5
56.5 46.5
56.5 47.5
56.5 64.5
57.5 15.5
57.5 16.5
57.5 25.5
57.5 26.5
57.5 27.5
57.5 46.5
57.5 47.5
57.5 63.5
57.5 64.5
58.5 14.5
58.5 15.5
58.5 26.5
58.5 27.5
58.5 28.5
58.5 46.5
58.5 47.5
58.5 62.5
58.5 63.5
59.5 14.5
59.5 15.5
59.5 28.5
59.5 29.5
59.5 46.5
59.5 47.5
59.5 62.5
59.5 63.5
60.5 47.5
60.5 61.5
60.5 62.5
