3.5 32.5
4.5 15.5
4.5 16.5
4.5 17.5
4.5 41.5
4.5 42.5
4.5 57.5
6.5 27.5
6.5 28.5
6.5 47.5
6.5 63.5
6.5 64.5
6.5 65.5
7.5 10.5
7.5 11.5
8.5 11.5
8.5 12.5
10.5 47.5
11.5 47.5
11.5 57.5
11.5 58.5
11.5 59.5
12.5 31.5
12.5 32.5
13.5 17.5
14.5 41.5
14.5 42.5
14.5 63.5
14.5 64.5
15.5 10.5
15.5 11.5
15.5 12.5
15.5 26.5
19.5 42.5
19.5 62.5
20.5 10.5
20.5 11.5
20.5 26.5
20.5 27.5
20.5 40.5
20.5 41.5
20.5 62.5
20.5 63.5
22.5 47.5
22.5 56.5
23.5 16.5
23.5 17.5
23.5 31.5
23.5 32.5
23.5 46.5
23.5 47.5
23.5 56.5
23.5 57.5
28.5 17.5
28.5 26.5
28.5 42.5
28.5 57.5
28.5 58.5
29.5 32.5
30.5 11.5
30.5 48.5
30.5 63.5
30.5 64.5
31.5 11.5
34.5 27.5
34.5 28.5
35.5 16.5
35.5 17.5
35.5 47.5
35.5 48.5
35.5 63.5
35.5 64.5
37.5 32.5
37.5 33.5
37.5 42.5
38.5 11.5
38.5 42.5
38.5 43.5
38.5 58.5
38.5 59.5
42.5 28.5
43.5 10.5
43.5 11.5
43.5 42.5
43.5 43.5
43.5 62.5
43.5 63.5
45.5 17.5
45.5 18.5
45.5 33.5
45.5 34.5
46.5 33.5
46.5 47.5
46.5 48.5
46.5 57.5
46.5 58.5
50.5 33.5
50.5 47.5
50.5 48.5
51.5 16.5
51.5 17.5
51.5 18.5
51.5 62.5
52.5 42.5
52.5 43.5
52.5 62.5
52.5 63.5
53.5 10.5
53.5 27.5
53.5 28.5
53.5 56.5
57.5 46.5
57.5 47.5
58.5 31.5
58.5 32.5
58.5 56.5
58.5 57.5
60.5 16.5
60.5 17.5
60.5 42.5
61.5 27.5
61.5 28.5
61.5 61.5
61.5 62.5
