5.5 15.5
5.5 45.5
5.5 46.5
5.5 47.5
6.5 15.5
6.5 16.5
6.5 17.5
6.5 26.5
6.5 27.5
6.5 46.5
6.5 47.5
6.5 48.5
6.5 61.5
6.5 62.5
6.5 63.5
7.5 16.5
7.5 17.5
7.5 25.5
7.5 26.5
7.5 27.5
7.5 62.5
7.5 63.5
9.5 55.5
9.5 56.5
9.5 57.5
10.5 9.5
10.5 10.5
10.5 11.5
10.5 31.5
10.5 32.5
10.5 33.5
10.5 40.5
10.5 41.5
10.5 42.5
10.5 56.5
10.5 57.5
11.5 10.5
11.5 11.5
11.5 12.5
11.5 30.5
11.5 31.5
11.5 32.5
11.5 41.5
11.5 42.5
17.5 45.5
17.5 56.5
17.5 57.5
18.5 10.5
18.5 11.5
18.5 12.5
18.5 30.5
18.5 31.5
18.5 45.5
18.5 46.5
18.5 47.5
18.5 55.5
18.5 56.5
18.5 57.5
19.5 9.5
19.5 10.5
19.5 11.5
19.5 31.5
19.5 32.5
19.5 46.5
19.5 47.5
19.5 55.5
19.5 56.5
22.5 16.5
22.5 17.5
22.5 18.5
22.5 25.5
22.5 26.5
22.5 27.5
22.5 40.5
22.5 41.5
22.5 61.5
22.5 62.5
22.5 63.5
23.5 15.5
23.5 16.5
23.5 17.5
23.5 26.5
23.5 27.5
23.5 28.5
23.5 41.5
23.5 42.5
23.5 43.5
23.5 61.5
23.5 62.5
30.5 11.5
30.5 12.5
30.5 30.5
30.5 31.5
30.5 46.5
30.5 47.5
30.5 57.5
30.5 58.5
31.5 10.5
31.5 11.5
31.5 12.5
31.5 31.5
31.5 32.5
31.5 47.5
31.5 48.5
31.5 56.5
31.5 57.5
33.5 41.5
33.5 63.5
33.5 64.5
34.5 17.5
34.5 40.5
34.5 41.5
34.5 42.5
34.5 62.5
34.5 63.5
34.5 64.5
35.5 16.5
35.5 17.5
35.5 25.5
35.5 26.5
35.5 27.5
35.5 42.5
35.5 43.5
35.5 62.5
35.5 63.5
36.5 15.5
36.5 16.5
36.5 17.5
36.5 26.5
36.5 27.5
41.5 42.5
41.5 43.5
41.5 61.5
41.5 62.5
42.5 15.5
42.5 30.5
42.5 31.5
42.5 32.5
42.5 41.5
42.5 42.5
42.5 62.5
42.5 63.5
42.5 64.5
43.5 15.5
43.5 16.5
43.5 31.5
43.5 32.5
43.5 33.5
43.5 64.5
44.5 16.5
44.5 17.5
44.5 48.5
45.5 46.5
45.5 47.5
45.5 48.5
45.5 56.5
45.5 57.5
46.5 25.5
46.5 26.5
46.5 27.5
46.5 46.5
46.5 47.5
46.5 57.5
46.5 58.5
47.5 9.5
47.5 10.5
47.5 11.5
47.5 26.5
47.5 27.5
47.5 28.5
48.5 10.5
48.5 11.5
48.5 12.5
53.5 46.5
53.5 47.5
53.5 61.5
54.5 30.5
54.5 31.5
54.5 32.5
54.5 46.5
54.5 47.5
54.5 48.5
54.5 61.5
54.5 62.5
54.5 63.5
55.5 10.5
55.5 11.5
55.5 12.5
55.5 30.5
55.5 31.5
55.5 32.5
55.5 62.5
55.5 63.5
56.5 10.5
56.5 11.5
56.5 32.5
57.5 40.5
57.5 41.5
58.5 16.5
58.5 17.5
58.5 25.5
58.5 40.5
58.5 41.5
58.5 42.5
58.5 55.5
58.5 56.5
58.5 57.5
59.5 15.5
59.5 16.5
59.5 17.5
59.5 25.5
59.5 26.5
59.5 41.5
59.5 42.5
59.5 56.5
59.5 57.5
59.5 58.5
60.5 26.5
60.5 27.5
