7.5 21.5
7.5 43.5
8.5 37.5
8.5 43.5
8.5 55.5
9.5 12.5
9.5 22.5
9.5 37.5
9.5 43.5
9.5 55.5
14.5 17.5
15.5 17.5
15.5 28.5
15.5 34.5
15.5 52.5
15.5 64.5
16.5 28.5
16.5 34.5
16.5 46.5
16.5 52.5
16.5 64.5
17.5 64.5
27.5 20.5
27.5 44.5
28.5 20.5
28.5 38.5
28.5 44.5
28.5 54.5
29.5 20.5
29.5 21.5
29.5 38.5
29.5 44.5
29.5 54.5
29.5 61.5
30.5 11.5
30.5 61.5
35.5 8.5
35.5 17.5
35.5 34.5
35.5 47.5
35.5 65.5
36.5 8.5
36.5 17.5
36.5 28.5
36.5 34.5
36.5 47.5
36.5 65.5
37.5 52.5
48.5 18.5
48.5 29.5
48.5 35.5
48.5 62.5
49.5 8.5
49.5 18.5
49.5 35.5
49.5 61.5
50.5 8.5
50.5 18.5
50.5 35.5
50.5 55.5
50.5 61.5
55.5 12.5
55.5 27.5
55.5 65.5
56.5 21.5
56.5 27.5
56.5 39.5
56.5 44.5
56.5 52.5
56.5 65.5
57.5 11.5
57.5 21.5
57.5 39.5
57.5 44.5
57.5 52.5
57.5 65.5
58.5 21.5
