5.5 9.5
5.5 10.5
5.5 26.5
5.5 27.5
5.5 39.5
5.5 46.5
5.5 47.5
5.5 59.5
6.5 10.5
6.5 26.5
6.5 39.5
6.5 47.5
6.5 59.5
9.5 14.5
9.5 22.5
9.5 34.5
9.5 35.5
9.5 51.5
9.5 63.5
10.5 34.5
16.5 10.5
16.5 22.5
16.5 38.5
16.5 51.5
16.5 63.5
19.5 14.5
19.5 26.5
19.5 34.5
19.5 47.5
19.5 59.5
20.5 34.5
25.5 10.5
25.5 22.5
25.5 34.5
25.5 51.5
25.5 63.5
25.5 64.5
26.5 10.5
26.5 22.5
26.5 34.5
26.5 35.5
26.5 50.5
26.5 51.5
26.5 63.5
29.5 14.5
29.5 26.5
29.5 38.5
29.5 39.5
29.5 46.5
29.5 47.5
29.5 59.5
36.5 14.5
36.5 26.5
36.5 27.5
36.5 39.5
36.5 46.5
36.5 47.5
36.5 63.5
39.5 10.5
39.5 23.5
39.5 35.5
39.5 50.5
39.5 59.5
40.5 10.5
40.5 22.5
40.5 34.5
40.5 51.5
40.5 59.5
46.5 14.5
46.5 27.5
46.5 35.5
46.5 51.5
46.5 63.5
47.5 14.5
47.5 35.5
47.5 63.5
49.5 10.5
49.5 47.5
49.5 59.5
50.5 10.5
50.5 22.5
50.5 39.5
50.5 47.5
50.5 59.5
56.5 10.5
56.5 26.5
56.5 39.5
56.5 51.5
56.5 59.5
57.5 10.5
57.5 26.5
57.5 50.5
57.5 59.5
59.5 35.5
60.5 14.5
60.5 22.5
60.5 34.5
60.5 35.5
60.5 46.5
60.5 47.5
60.5 63.5
