4.5 38.5
4.5 39.5
4.5 52.5
4.5 53.5
4.5 54.5
5.5 18.5
5.5 19.5
5.5 20.5
5.5 38.5
5.5 39.5
5.5 40.5
5.5 50.5
5.5 51.5
5.5 52.5
5.5 53.5
5.5 54.5
5.5 55.5
6.5 16.5
6.5 17.5
6.5 18.5
6.5 19.5
6.5 20.5
6.5 21.5
6.5 39.5
6.5 40.5
6.5 41.5
6.5 50.5
6.5 51.5
6.5 52.5
6.5 53.5
6.5 54.5
7.5 16.5
7.5 17.5
7.5 18.5
7.5 19.5
7.5 20.5
7.5 21.5
7.5 22.5
7.5 40.5
7.5 41.5
7.5 50.5
7.5 51.5
7.5 52.5
7.5 53.5
8.5 16.5
8.5 17.5
8.5 18.5
8.5 19.5
8.5 20.5
8.5 21.5
8.5 22.5
8.5 33.5
9.5 17.5
9.5 18.5
9.5 19.5
9.5 20.5
9.5 21.5
9.5 31.5
9.5 32.5
9.5 33.5
9.5 34.5
9.5 35.5
9.5 58.5
9.5 59.5
9.5 60.5
9.5 61.5
10.5 19.5
10.5 20.5
10.5 31.5
10.5 32.5
10.5 33.5
10.5 34.5
10.5 35.5
10.5 58.5
10.5 59.5
10.5 60.5
10.5 61.5
10.5 62.5
11.5 31.5
11.5 32.5
11.5 33.5
11.5 34.5
11.5 35.5
11.5 36.5
11.5 57.5
11.5 58.5
11.5 59.5
11.5 60.5
11.5 61.5
11.5 62.5
12.5 9.5
12.5 10.5
12.5 11.5
12.5 12.5
12.5 31.5
12.5 32.5
12.5 33.5
12.5 34.5
12.5 35.5
12.5 57.5
12.5 58.5
12.5 59.5
12.5 60.5
12.5 61.5
12.5 62.5
13.5 9.5
13.5 10.5
13.5 11.5
13.5 12.5
13.5 13.5
13.5 32.5
13.5 33.5
13.5 34.5
13.5 58.5
13.5 59.5
13.5 60.5
13.5 61.5
14.5 9.5
14.5 10.5
14.5 11.5
14.5 12.5
14.5 13.5
14.5 14.5
14.5 59.5
14.5 60.5
15.5 11.5
15.5 12.5
15.5 13.5
15.5 14.5
19.5 36.5
19.5 37.5
19.5 38.5
19.5 39.5
19.5 40.5
19.5 52.5
19.5 53.5
20.5 36.5
20.5 37.5
20.5 38.5
20.5 39.5
20.5 40.5
20.5 41.5
20.5 51.5
20.5 52.5
20.5 53.5
20.5 54.5
20.5 55.5
21.5 16.5
21.5 17.5
21.5 18.5
21.5 19.5
21.5 36.5
21.5 37.5
21.5 38.5
21.5 39.5
21.5 40.5
21.5 41.5
21.5 50.5
21.5 51.5
21.5 52.5
21.5 53.5
21.5 54.5
21.5 55.5
22.5 16.5
22.5 17.5
22.5 18.5
22.5 19.5
22.5 20.5
22.5 36.5
22.5 37.5
22.5 38.5
22.5 39.5
22.5 40.5
22.5 41.5
22.5 50.5
22.5 51.5
22.5 52.5
22.5 53.5
22.5 54.5
22.5 55.5
23.5 16.5
23.5 17.5
23.5 18.5
23.5 19.5
23.5 20.5
23.5 37.5
23.5 38.5
23.5 39.5
23.5 40.5
23.5 50.5
23.5 51.5
23.5 52.5
23.5 53.5
23.5 54.5
24.5 17.5
24.5 18.5
24.5 19.5
24.5 20.5
24.5 51.5
24.5 52.5
24.5 53.5
25.5 29.5
25.5 30.5
25.5 31.5
26.5 28.5
26.5 29.5
26.5 30.5
26.5 31.5
26.5 32.5
26.5 59.5
26.5 60.5
26.5 61.5
27.5 10.5
27.5 11.5
27.5 12.5
27.5 13.5
27.5 29.5
27.5 30.5
27.5 31.5
27.5 32.5
27.5 33.5
27.5 57.5
27.5 58.5
27.5 59.5
27.5 60.5
27.5 61.5
27.5 62.5
28.5 10.5
28.5 11.5
28.5 12.5
28.5 13.5
28.5 14.5
28.5 29.5
28.5 30.5
28.5 31.5
28.5 32.5
28.5 33.5
28.5 56.5
28.5 57.5
28.5 58.5
28.5 59.5
28.5 60.5
28.5 61.5
29.5 10.5
29.5 11.5
29.5 12.5
29.5 13.5
29.5 14.5
29.5 31.5
29.5 32.5
29.5 33.5
29.5 56.5
29.5 57.5
29.5 58.5
29.5 59.5
29.5 60.5
30.5 11.5
30.5 12.5
30.5 13.5
30.5 14.5
35.5 31.5
35.5 32.5
35.5 33.5
35.5 52.5
35.5 53.5
35.5 54.5
35.5 55.5
36.5 17.5
36.5 18.5
36.5 30.5
36.5 31.5
36.5 32.5
36.5 33.5
36.5 34.5
36.5 51.5
36.5 52.5
36.5 53.5
36.5 54.5
36.5 55.5
36.5 56.5
37.5 16.5
37.5 17.5
37.5 18.5
37.5 19.5
37.5 20.5
37.5 29.5
37.5 30.5
37.5 31.5
37.5 32.5
37.5 33.5
37.5 34.5
37.5 51.5
37.5 52.5
37.5 53.5
37.5 54.5
37.5 55.5
37.5 56.5
38.5 16.5
38.5 17.5
38.5 18.5
38.5 19.5
38.5 20.5
38.5 29.5
38.5 30.5
38.5 31.5
38.5 32.5
38.5 33.5
38.5 51.5
38.5 52.5
38.5 53.5
38.5 54.5
38.5 55.5
39.5 16.5
39.5 17.5
39.5 18.5
39.5 19.5
39.5 20.5
39.5 21.5
39.5 29.5
39.5 30.5
39.5 31.5
39.5 32.5
39.5 52.5
39.5 53.5
39.5 54.5
40.5 17.5
40.5 18.5
40.5 19.5
40.5 20.5
40.5 39.5
40.5 40.5
40.5 41.5
40.5 62.5
41.5 38.5
41.5 39.5
41.5 40.5
41.5 41.5
41.5 42.5
41.5 60.5
41.5 61.5
41.5 62.5
41.5 63.5
41.5 64.5
42.5 10.5
42.5 11.5
42.5 12.5
42.5 13.5
42.5 37.5
42.5 38.5
42.5 39.5
42.5 40.5
42.5 41.5
42.5 42.5
42.5 43.5
42.5 59.5
42.5 60.5
42.5 61.5
42.5 62.5
42.5 63.5
42.5 64.5
43.5 9.5
43.5 10.5
43.5 11.5
43.5 12.5
43.5 13.5
43.5 14.5
43.5 37.5
43.5 38.5
43.5 39.5
43.5 40.5
43.5 41.5
43.5 42.5
43.5 59.5
43.5 60.5
43.5 61.5
43.5 62.5
43.5 63.5
44.5 10.5
44.5 11.5
44.5 12.5
44.5 13.5
44.5 14.5
44.5 37.5
44.5 38.5
44.5 39.5
44.5 40.5
44.5 41.5
44.5 60.5
44.5 61.5
44.5 62.5
44.5 63.5
45.5 11.5
45.5 12.5
45.5 13.5
45.5 14.5
45.5 38.5
45.5 39.5
51.5 12.5
51.5 13.5
51.5 38.5
51.5 39.5
51.5 40.5
51.5 41.5
51.5 42.5
51.5 60.5
51.5 61.5
51.5 62.5
52.5 10.5
52.5 11.5
52.5 12.5
52.5 13.5
52.5 14.5
52.5 38.5
52.5 39.5
52.5 40.5
52.5 41.5
52.5 42.5
52.5 43.5
52.5 59.5
52.5 60.5
52.5 61.5
52.5 62.5
52.5 63.5
53.5 10.5
53.5 11.5
53.5 12.5
53.5 13.5
53.5 14.5
53.5 38.5
53.5 39.5
53.5 40.5
53.5 41.5
53.5 42.5
53.5 43.5
53.5 44.5
53.5 59.5
53.5 60.5
53.5 61.5
53.5 62.5
53.5 63.5
53.5 64.5
54.5 9.5
54.5 10.5
54.5 11.5
54.5 12.5
54.5 13.5
54.5 14.5
54.5 39.5
54.5 40.5
54.5 41.5
54.5 42.5
54.5 43.5
54.5 60.5
54.5 61.5
54.5 62.5
54.5 63.5
54.5 64.5
55.5 9.5
55.5 10.5
55.5 11.5
55.5 12.5
55.5 13.5
55.5 14.5
55.5 60.5
55.5 61.5
55.5 62.5
55.5 63.5
55.5 64.5
56.5 10.5
56.5 11.5
56.5 12.5
56.5 31.5
56.5 32.5
56.5 33.5
56.5 53.5
56.5 54.5
56.5 55.5
56.5 62.5
57.5 19.5
57.5 20.5
57.5 21.5
57.5 30.5
57.5 31.5
57.5 32.5
57.5 33.5
57.5 34.5
57.5 35.5
57.5 52.5
57.5 53.5
57.5 54.5
57.5 55.5
57.5 56.5
58.5 18.5
58.5 19.5
58.5 20.5
58.5 21.5
58.5 22.5
58.5 31.5
58.5 32.5
58.5 33.5
58.5 34.5
58.5 35.5
58.5 36.5
58.5 53.5
58.5 54.5
58.5 55.5
58.5 56.5
59.5 17.5
59.5 18.5
59.5 19.5
59.5 20.5
59.5 21.5
59.5 22.5
59.5 31.5
59.5 32.5
59.5 33.5
59.5 34.5
59.5 35.5
59.5 36.5
59.5 53.5
59.5 54.5
59.5 55.5
59.5 56.5
59.5 57.5
60.5 17.5
60.5 18.5
60.5 19.5
60.5 20.5
60.5 21.5
60.5 33.5
60.5 34.5
60.5 35.5
60.5 54.5
60.5 55.5
60.5 56.5
61.5 17.5
61.5 18.5
61.5 19.5
61.5 20.5
