4.5 38.5
4.5 39.5
4.5 40.5
4.5 41.5
4.5 56.5
4.5 57.5
4.5 58.5
5.5 18.5
5.5 19.5
5.5 20.5
5.5 21.5
5.5 22.5
5.5 39.5
5.5 40.5
5.5 41.5
5.5 42.5
5.5 43.5
5.5 57.5
5.5 58.5
5.5 59.5
5.5 60.5
6.5 19.5
6.5 20.5
6.5 21.5
6.5 22.5
6.5 41.5
6.5 42.5
6.5 43.5
6.5 60.5
6.5 61.5
7.5 51.5
7.5 52.5
8.5 11.5
8.5 12.5
8.5 13.5
8.5 51.5
8.5 52.5
8.5 53.5
8.5 54.5
9.5 11.5
9.5 12.5
9.5 13.5
9.5 14.5
9.5 15.5
9.5 27.5
9.5 53.5
9.5 54.5
9.5 55.5
10.5 27.5
10.5 33.5
10.5 34.5
10.5 35.5
10.5 36.5
10.5 37.5
10.5 66.5
11.5 27.5
11.5 33.5
11.5 34.5
11.5 35.5
11.5 36.5
11.5 37.5
11.5 38.5
11.5 66.5
12.5 27.5
12.5 33.5
12.5 34.5
12.5 35.5
12.5 36.5
12.5 37.5
12.5 38.5
12.5 67.5
13.5 27.5
13.5 67.5
14.5 13.5
14.5 14.5
14.5 52.5
14.5 53.5
14.5 54.5
15.5 10.5
15.5 11.5
15.5 12.5
15.5 13.5
15.5 14.5
15.5 51.5
15.5 52.5
16.5 43.5
16.5 59.5
16.5 60.5
16.5 61.5
16.5 62.5
17.5 39.5
17.5 40.5
17.5 41.5
17.5 42.5
17.5 43.5
17.5 57.5
17.5 58.5
17.5 59.5
17.5 60.5
17.5 61.5
17.5 62.5
18.5 19.5
18.5 20.5
19.5 17.5
19.5 18.5
19.5 19.5
19.5 20.5
19.5 21.5
20.5 17.5
20.5 18.5
20.5 19.5
20.5 20.5
20.5 21.5
21.5 38.5
21.5 39.5
22.5 39.5
22.5 40.5
22.5 41.5
22.5 42.5
22.5 52.5
22.5 53.5
22.5 54.5
22.5 55.5
22.5 56.5
23.5 31.5
23.5 32.5
23.5 51.5
23.5 52.5
23.5 53.5
24.5 32.5
24.5 33.5
24.5 34.5
24.5 35.5
25.5 10.5
25.5 11.5
25.5 12.5
25.5 13.5
25.5 14.5
25.5 15.5
25.5 59.5
25.5 60.5
25.5 61.5
25.5 62.5
25.5 63.5
25.5 64.5
25.5 65.5
26.5 59.5
26.5 60.5
26.5 61.5
29.5 32.5
29.5 33.5
29.5 34.5
29.5 35.5
30.5 17.5
30.5 18.5
30.5 19.5
30.5 20.5
30.5 21.5
30.5 22.5
30.5 31.5
30.5 32.5
30.5 33.5
30.5 34.5
30.5 35.5
30.5 58.5
30.5 59.5
30.5 60.5
30.5 61.5
31.5 18.5
31.5 19.5
31.5 20.5
31.5 21.5
31.5 22.5
31.5 23.5
31.5 32.5
31.5 33.5
31.5 58.5
31.5 59.5
31.5 60.5
31.5 61.5
31.5 62.5
31.5 63.5
32.5 61.5
32.5 62.5
32.5 63.5
32.5 64.5
33.5 41.5
34.5 9.5
34.5 10.5
34.5 11.5
34.5 12.5
34.5 13.5
34.5 38.5
34.5 39.5
34.5 40.5
34.5 41.5
34.5 42.5
34.5 51.5
34.5 52.5
34.5 53.5
34.5 54.5
35.5 10.5
35.5 11.5
35.5 12.5
35.5 13.5
35.5 14.5
35.5 15.5
35.5 38.5
35.5 39.5
35.5 40.5
35.5 41.5
35.5 52.5
35.5 53.5
35.5 54.5
35.5 55.5
36.5 54.5
36.5 55.5
40.5 17.5
40.5 18.5
40.5 38.5
40.5 39.5
40.5 40.5
40.5 55.5
40.5 56.5
41.5 16.5
41.5 17.5
41.5 18.5
41.5 19.5
41.5 20.5
41.5 21.5
41.5 40.5
41.5 41.5
41.5 42.5
41.5 52.5
41.5 53.5
41.5 54.5
41.5 55.5
42.5 17.5
42.5 18.5
42.5 19.5
42.5 20.5
42.5 21.5
42.5 22.5
43.5 8.5
43.5 9.5
43.5 31.5
43.5 32.5
43.5 33.5
43.5 34.5
44.5 9.5
44.5 10.5
44.5 11.5
44.5 12.5
44.5 31.5
44.5 32.5
44.5 33.5
44.5 34.5
44.5 35.5
45.5 12.5
45.5 13.5
45.5 34.5
45.5 58.5
45.5 59.5
45.5 60.5
45.5 61.5
45.5 62.5
46.5 57.5
46.5 58.5
46.5 59.5
46.5 60.5
46.5 61.5
46.5 62.5
46.5 63.5
47.5 58.5
47.5 59.5
47.5 60.5
47.5 61.5
47.5 62.5
48.5 8.5
48.5 9.5
48.5 10.5
48.5 11.5
48.5 12.5
48.5 13.5
48.5 60.5
49.5 10.5
49.5 11.5
49.5 12.5
50.5 37.5
50.5 38.5
50.5 39.5
50.5 40.5
50.5 41.5
50.5 42.5
51.5 39.5
51.5 40.5
51.5 41.5
51.5 42.5
51.5 43.5
52.5 15.5
52.5 16.5
52.5 17.5
52.5 18.5
52.5 19.5
52.5 51.5
52.5 52.5
52.5 53.5
52.5 54.5
52.5 55.5
53.5 53.5
53.5 54.5
53.5 55.5
53.5 56.5
55.5 30.5
55.5 31.5
55.5 32.5
55.5 33.5
55.5 34.5
55.5 35.5
56.5 10.5
56.5 11.5
56.5 12.5
56.5 13.5
56.5 14.5
56.5 30.5
56.5 31.5
56.5 32.5
56.5 33.5
56.5 34.5
56.5 35.5
56.5 36.5
57.5 10.5
57.5 11.5
57.5 12.5
57.5 13.5
57.5 14.5
57.5 33.5
57.5 34.5
57.5 35.5
58.5 58.5
58.5 59.5
58.5 60.5
58.5 61.5
58.5 62.5
59.5 20.5
59.5 21.5
60.5 18.5
60.5 19.5
60.5 20.5
60.5 21.5
61.5 38.5
61.5 39.5
61.5 40.5
61.5 41.5
61.5 42.5
61.5 43.5
61.5 51.5
61.5 52.5
61.5 53.5
61.5 54.5
61.5 55.5
62.5 54.5
