4.5 18.5
4.5 26.5
4.5 49.5
4.5 57.5
4.5 63.5
5.5 10.5
5.5 11.5
5.5 18.5
5.5 19.5
5.5 26.5
5.5 27.5
5.5 33.5
5.5 34.5
5.5 40.5
5.5 49.5
5.5 50.5
5.5 57.5
5.5 58.5
5.5 62.5
5.5 63.5
6.5 11.5
6.5 18.5
6.5 19.5
6.5 26.5
6.5 27.5
6.5 34.5
6.5 35.5
6.5 39.5
6.5 40.5
6.5 49.5
6.5 50.5
6.5 57.5
6.5 58.5
6.5 62.5
6.5 63.5
7.5 11.5
7.5 12.5
7.5 19.5
7.5 20.5
7.5 27.5
7.5 34.5
7.5 35.5
7.5 39.5
7.5 49.5
7.5 50.5
7.5 58.5
7.5 62.5
8.5 11.5
8.5 12.5
8.5 23.5
8.5 24.5
8.5 31.5
8.5 35.5
8.5 54.5
8.5 55.5
8.5 65.5
8.5 66.5
9.5 8.5
9.5 15.5
9.5 16.5
9.5 23.5
9.5 24.5
9.5 31.5
9.5 42.5
9.5 43.5
9.5 46.5
9.5 47.5
9.5 54.5
9.5 55.5
9.5 65.5
9.5 66.5
10.5 8.5
10.5 9.5
10.5 15.5
10.5 16.5
10.5 17.5
10.5 24.5
10.5 31.5
10.5 32.5
10.5 41.5
10.5 42.5
10.5 43.5
10.5 46.5
10.5 47.5
10.5 54.5
10.5 55.5
10.5 64.5
10.5 65.5
10.5 66.5
11.5 8.5
11.5 9.5
11.5 16.5
11.5 17.5
11.5 24.5
11.5 31.5
11.5 32.5
11.5 41.5
11.5 42.5
11.5 47.5
11.5 55.5
11.5 65.5
12.5 9.5
12.5 41.5
12.5 42.5
12.5 47.5
16.5 33.5
16.5 55.5
16.5 64.5
16.5 65.5
17.5 10.5
17.5 18.5
17.5 25.5
17.5 26.5
17.5 33.5
17.5 34.5
17.5 39.5
17.5 40.5
17.5 49.5
17.5 54.5
17.5 55.5
17.5 64.5
17.5 65.5
18.5 10.5
18.5 11.5
18.5 18.5
18.5 19.5
18.5 25.5
18.5 26.5
18.5 33.5
18.5 34.5
18.5 39.5
18.5 40.5
18.5 49.5
18.5 50.5
18.5 54.5
18.5 55.5
18.5 65.5
18.5 66.5
19.5 10.5
19.5 11.5
19.5 18.5
19.5 19.5
19.5 26.5
19.5 34.5
19.5 38.5
19.5 39.5
19.5 49.5
19.5 50.5
19.5 54.5
19.5 65.5
19.5 66.5
20.5 11.5
20.5 19.5
20.5 26.5
20.5 38.5
20.5 39.5
20.5 50.5
20.5 58.5
20.5 62.5
21.5 15.5
21.5 23.5
21.5 30.5
21.5 31.5
21.5 57.5
21.5 58.5
21.5 62.5
22.5 7.5
22.5 8.5
22.5 15.5
22.5 16.5
22.5 23.5
22.5 30.5
22.5 31.5
22.5 42.5
22.5 46.5
22.5 47.5
22.5 57.5
22.5 58.5
22.5 62.5
22.5 63.5
23.5 8.5
23.5 15.5
23.5 16.5
23.5 23.5
23.5 24.5
23.5 30.5
23.5 31.5
23.5 41.5
23.5 42.5
23.5 47.5
23.5 48.5
23.5 57.5
23.5 58.5
23.5 62.5
23.5 63.5
24.5 8.5
24.5 9.5
24.5 16.5
24.5 17.5
24.5 24.5
24.5 31.5
24.5 41.5
24.5 47.5
24.5 48.5
24.5 57.5
25.5 24.5
29.5 8.5
29.5 39.5
29.5 40.5
29.5 49.5
29.5 55.5
29.5 64.5
30.5 8.5
30.5 16.5
30.5 17.5
30.5 24.5
30.5 33.5
30.5 34.5
30.5 38.5
30.5 39.5
30.5 40.5
30.5 49.5
30.5 50.5
30.5 55.5
30.5 64.5
30.5 65.5
31.5 7.5
31.5 8.5
31.5 15.5
31.5 16.5
31.5 17.5
31.5 23.5
31.5 24.5
31.5 33.5
31.5 34.5
31.5 38.5
31.5 39.5
31.5 49.5
31.5 50.5
31.5 54.5
31.5 55.5
31.5 64.5
31.5 65.5
32.5 7.5
32.5 8.5
32.5 15.5
32.5 16.5
32.5 23.5
32.5 24.5
32.5 33.5
32.5 34.5
32.5 38.5
32.5 39.5
32.5 50.5
32.5 54.5
32.5 55.5
32.5 65.5
33.5 11.5
33.5 23.5
33.5 34.5
33.5 42.5
33.5 46.5
33.5 58.5
33.5 62.5
34.5 10.5
34.5 11.5
34.5 19.5
34.5 20.5
34.5 26.5
34.5 27.5
34.5 30.5
34.5 31.5
34.5 41.5
34.5 42.5
34.5 46.5
34.5 47.5
34.5 57.5
34.5 58.5
34.5 62.5
35.5 10.5
35.5 11.5
35.5 18.5
35.5 19.5
35.5 26.5
35.5 27.5
35.5 31.5
35.5 41.5
35.5 42.5
35.5 46.5
35.5 47.5
35.5 57.5
35.5 58.5
35.5 62.5
35.5 63.5
36.5 10.5
36.5 18.5
36.5 19.5
36.5 26.5
36.5 27.5
36.5 31.5
36.5 32.5
36.5 41.5
36.5 42.5
36.5 46.5
36.5 47.5
36.5 57.5
36.5 63.5
37.5 26.5
37.5 32.5
37.5 41.5
37.5 47.5
41.5 9.5
41.5 17.5
41.5 55.5
41.5 64.5
41.5 65.5
42.5 8.5
42.5 9.5
42.5 16.5
42.5 17.5
42.5 24.5
42.5 25.5
42.5 33.5
42.5 34.5
42.5 39.5
42.5 48.5
42.5 49.5
42.5 54.5
42.5 55.5
42.5 64.5
42.5 65.5
43.5 8.5
43.5 9.5
43.5 16.5
43.5 17.5
43.5 23.5
43.5 24.5
43.5 34.5
43.5 38.5
43.5 39.5
43.5 49.5
43.5 50.5
43.5 54.5
43.5 55.5
43.5 65.5
44.5 8.5
44.5 16.5
44.5 23.5
44.5 24.5
44.5 34.5
44.5 35.5
44.5 38.5
44.5 39.5
44.5 49.5
44.5 50.5
44.5 54.5
44.5 65.5
45.5 12.5
45.5 23.5
45.5 38.5
45.5 57.5
45.5 58.5
45.5 62.5
46.5 11.5
46.5 12.5
46.5 19.5
46.5 27.5
46.5 31.5
46.5 42.5
46.5 46.5
46.5 57.5
46.5 58.5
46.5 62.5
46.5 63.5
47.5 11.5
47.5 12.5
47.5 19.5
47.5 26.5
47.5 27.5
47.5 31.5
47.5 32.5
47.5 41.5
47.5 42.5
47.5 46.5
47.5 47.5
47.5 56.5
47.5 57.5
47.5 62.5
47.5 63.5
48.5 10.5
48.5 11.5
48.5 18.5
48.5 19.5
48.5 25.5
48.5 26.5
48.5 31.5
48.5 32.5
48.5 41.5
48.5 42.5
48.5 47.5
48.5 56.5
48.5 57.5
48.5 62.5
48.5 63.5
49.5 18.5
49.5 25.5
49.5 26.5
49.5 32.5
49.5 41.5
53.5 41.5
53.5 49.5
53.5 55.5
53.5 64.5
54.5 10.5
54.5 11.5
54.5 18.5
54.5 24.5
54.5 33.5
54.5 34.5
54.5 41.5
54.5 42.5
54.5 49.5
54.5 54.5
54.5 55.5
54.5 64.5
54.5 65.5
55.5 10.5
55.5 11.5
55.5 12.5
55.5 18.5
55.5 19.5
55.5 23.5
55.5 24.5
55.5 34.5
55.5 41.5
55.5 42.5
55.5 49.5
55.5 50.5
55.5 53.5
55.5 54.5
55.5 55.5
55.5 64.5
55.5 65.5
55.5 66.5
56.5 11.5
56.5 12.5
56.5 19.5
56.5 23.5
56.5 24.5
56.5 34.5
56.5 35.5
56.5 41.5
56.5 42.5
56.5 49.5
56.5 50.5
56.5 53.5
56.5 54.5
56.5 65.5
56.5 66.5
57.5 12.5
57.5 19.5
57.5 23.5
57.5 35.5
57.5 42.5
57.5 46.5
58.5 8.5
58.5 16.5
58.5 27.5
58.5 38.5
58.5 39.5
58.5 46.5
58.5 57.5
58.5 58.5
58.5 62.5
59.5 8.5
59.5 9.5
59.5 16.5
59.5 17.5
59.5 26.5
59.5 27.5
59.5 31.5
59.5 32.5
59.5 39.5
59.5 46.5
59.5 47.5
59.5 56.5
59.5 57.5
59.5 58.5
59.5 62.5
59.5 63.5
60.5 8.5
60.5 9.5
60.5 16.5
60.5 17.5
60.5 26.5
60.5 27.5
60.5 31.5
60.5 32.5
60.5 39.5
60.5 46.5
60.5 47.5
60.5 56.5
60.5 57.5
60.5 62.5
60.5 63.5
61.5 9.5
61.5 17.5
61.5 26.5
61.5 27.5
61.5 31.5
61.5 32.5
61.5 33.5
61.5 39.5
61.5 40.5
61.5 47.5
61.5 56.5
61.5 63.5
62.5 26.5
62.5 32.5
62.5 33.5
