4.5 37.5
4.5 38.5
4.5 47.5
4.5 48.5
4.5 62.5
5.5 13.5
5.5 14.5
5.5 25.5
5.5 26.5
5.5 27.5
5.5 38.5
5.5 39.5
5.5 45.5
5.5 46.5
5.5 47.5
5.5 62.5
5.5 63.5
5.5 64.5
6.5 15.5
6.5 27.5
6.5 28.5
7.5 9.5
7.5 33.5
7.5 52.5
7.5 57.5
7.5 58.5
8.5 10.5
8.5 11.5
8.5 21.5
8.5 22.5
8.5 23.5
8.5 34.5
8.5 35.5
8.5 50.5
8.5 51.5
8.5 58.5
8.5 59.5
13.5 13.5
13.5 22.5
13.5 23.5
13.5 35.5
13.5 36.5
13.5 47.5
13.5 48.5
13.5 59.5
13.5 60.5
14.5 13.5
14.5 14.5
14.5 15.5
14.5 21.5
14.5 22.5
14.5 34.5
14.5 35.5
14.5 46.5
14.5 47.5
14.5 57.5
14.5 58.5
16.5 9.5
16.5 27.5
16.5 28.5
16.5 40.5
16.5 51.5
16.5 52.5
16.5 63.5
16.5 64.5
17.5 10.5
17.5 11.5
17.5 25.5
17.5 26.5
17.5 27.5
17.5 38.5
17.5 39.5
17.5 50.5
17.5 51.5
17.5 62.5
18.5 37.5
18.5 38.5
21.5 62.5
22.5 12.5
22.5 13.5
22.5 25.5
22.5 26.5
22.5 37.5
22.5 38.5
22.5 49.5
22.5 50.5
22.5 51.5
22.5 62.5
22.5 63.5
22.5 64.5
23.5 13.5
23.5 14.5
23.5 15.5
23.5 26.5
23.5 27.5
23.5 38.5
23.5 39.5
23.5 40.5
23.5 51.5
23.5 52.5
23.5 64.5
25.5 9.5
25.5 10.5
25.5 20.5
25.5 21.5
25.5 22.5
25.5 33.5
25.5 34.5
25.5 45.5
25.5 46.5
25.5 58.5
25.5 59.5
26.5 10.5
26.5 11.5
26.5 22.5
26.5 23.5
26.5 35.5
26.5 36.5
26.5 47.5
26.5 48.5
26.5 60.5
30.5 23.5
30.5 35.5
30.5 36.5
30.5 48.5
30.5 60.5
31.5 10.5
31.5 11.5
31.5 21.5
31.5 22.5
31.5 23.5
31.5 34.5
31.5 35.5
31.5 46.5
31.5 47.5
31.5 58.5
31.5 59.5
32.5 9.5
32.5 20.5
32.5 21.5
32.5 45.5
32.5 57.5
32.5 58.5
33.5 15.5
33.5 27.5
33.5 28.5
33.5 40.5
33.5 52.5
34.5 13.5
34.5 14.5
34.5 15.5
34.5 25.5
34.5 26.5
34.5 27.5
34.5 38.5
34.5 39.5
34.5 50.5
34.5 51.5
34.5 62.5
34.5 63.5
34.5 64.5
35.5 49.5
35.5 50.5
35.5 62.5
39.5 13.5
39.5 14.5
39.5 25.5
39.5 26.5
39.5 37.5
39.5 38.5
40.5 14.5
40.5 15.5
40.5 26.5
40.5 27.5
40.5 28.5
40.5 38.5
40.5 39.5
40.5 46.5
40.5 47.5
40.5 48.5
40.5 62.5
40.5 63.5
40.5 64.5
41.5 40.5
41.5 45.5
41.5 46.5
42.5 9.5
42.5 10.5
42.5 21.5
42.5 22.5
42.5 33.5
42.5 34.5
43.5 10.5
43.5 11.5
43.5 22.5
43.5 23.5
43.5 34.5
43.5 35.5
43.5 51.5
43.5 52.5
43.5 58.5
43.5 59.5
44.5 36.5
44.5 49.5
44.5 50.5
44.5 51.5
44.5 59.5
44.5 60.5
48.5 9.5
48.5 10.5
48.5 22.5
48.5 23.5
48.5 24.5
48.5 37.5
48.5 38.5
48.5 62.5
49.5 8.5
49.5 9.5
49.5 21.5
49.5 22.5
49.5 23.5
49.5 39.5
49.5 40.5
49.5 46.5
49.5 47.5
49.5 62.5
49.5 63.5
49.5 64.5
51.5 13.5
51.5 14.5
51.5 15.5
51.5 27.5
51.5 28.5
51.5 33.5
51.5 34.5
51.5 35.5
51.5 51.5
51.5 52.5
51.5 58.5
52.5 12.5
52.5 13.5
52.5 14.5
52.5 26.5
52.5 27.5
52.5 35.5
52.5 36.5
52.5 49.5
52.5 50.5
52.5 59.5
52.5 60.5
53.5 25.5
56.5 50.5
57.5 10.5
57.5 11.5
57.5 23.5
57.5 24.5
57.5 37.5
57.5 38.5
57.5 39.5
57.5 50.5
57.5 51.5
57.5 62.5
57.5 63.5
58.5 8.5
58.5 9.5
58.5 10.5
58.5 21.5
58.5 22.5
58.5 38.5
58.5 39.5
58.5 40.5
58.5 52.5
58.5 64.5
60.5 14.5
60.5 15.5
60.5 16.5
60.5 26.5
60.5 27.5
60.5 33.5
60.5 34.5
60.5 46.5
60.5 47.5
60.5 58.5
60.5 59.5
61.5 13.5
61.5 14.5
61.5 25.5
61.5 34.5
61.5 35.5
61.5 47.5
61.5 48.5
61.5 59.5
61.5 60.5
