4.5 31.5
4.5 45.5
4.5 46.5
4.5 47.5
4.5 57.5
5.5 16.5
5.5 17.5
5.5 31.5
5.5 32.5
5.5 33.5
5.5 55.5
5.5 56.5
5.5 57.5
7.5 10.5
7.5 26.5
7.5 40.5
7.5 41.5
7.5 42.5
8.5 11.5
8.5 12.5
8.5 26.5
8.5 27.5
8.5 61.5
8.5 62.5
8.5 63.5
13.5 10.5
13.5 11.5
13.5 12.5
13.5 27.5
13.5 45.5
13.5 46.5
13.5 47.5
13.5 57.5
13.5 58.5
14.5 9.5
14.5 10.5
14.5 25.5
14.5 26.5
14.5 27.5
14.5 56.5
14.5 57.5
16.5 40.5
16.5 41.5
17.5 15.5
17.5 16.5
17.5 17.5
17.5 31.5
17.5 32.5
17.5 40.5
17.5 41.5
17.5 42.5
17.5 62.5
17.5 63.5
22.5 61.5
22.5 62.5
22.5 63.5
23.5 10.5
23.5 11.5
23.5 26.5
23.5 27.5
23.5 28.5
23.5 41.5
23.5 42.5
24.5 26.5
25.5 46.5
25.5 47.5
25.5 56.5
25.5 57.5
25.5 58.5
26.5 15.5
26.5 16.5
26.5 17.5
26.5 31.5
26.5 32.5
26.5 33.5
26.5 46.5
30.5 61.5
31.5 11.5
31.5 12.5
31.5 46.5
31.5 47.5
31.5 61.5
31.5 62.5
31.5 63.5
32.5 10.5
32.5 11.5
32.5 31.5
32.5 32.5
32.5 33.5
33.5 55.5
33.5 56.5
34.5 16.5
34.5 17.5
34.5 18.5
34.5 26.5
34.5 27.5
34.5 41.5
34.5 42.5
34.5 56.5
34.5 57.5
35.5 28.5
39.5 56.5
39.5 57.5
39.5 58.5
40.5 16.5
40.5 17.5
40.5 18.5
40.5 26.5
40.5 27.5
40.5 28.5
40.5 41.5
40.5 42.5
41.5 26.5
41.5 27.5
41.5 40.5
41.5 41.5
42.5 47.5
42.5 48.5
42.5 62.5
42.5 63.5
43.5 10.5
43.5 11.5
43.5 12.5
43.5 46.5
43.5 47.5
44.5 31.5
44.5 32.5
48.5 12.5
48.5 13.5
48.5 57.5
48.5 58.5
49.5 11.5
49.5 31.5
49.5 32.5
49.5 46.5
49.5 47.5
49.5 48.5
49.5 56.5
49.5 57.5
50.5 32.5
51.5 17.5
51.5 18.5
51.5 63.5
52.5 26.5
52.5 27.5
52.5 41.5
52.5 42.5
52.5 61.5
52.5 62.5
56.5 16.5
57.5 17.5
57.5 18.5
57.5 26.5
57.5 27.5
57.5 61.5
57.5 62.5
58.5 41.5
58.5 42.5
58.5 62.5
58.5 63.5
59.5 11.5
59.5 12.5
60.5 12.5
60.5 30.5
60.5 31.5
60.5 32.5
61.5 47.5
61.5 48.5
61.5 57.5
61.5 58.5
62.5 47.5
