2.5 60.5
2.5 61.5
2.5 62.5
3.5 44.5
3.5 61.5
3.5 62.5
3.5 63.5
4.5 44.5
4.5 45.5
4.5 46.5
4.5 62.5
4.5 63.5
4.5 64.5
5.5 45.5
5.5 46.5
5.5 47.5
5.5 48.5
5.5 64.5
5.5 65.5
6.5 8.5
6.5 9.5
6.5 10.5
6.5 11.5
6.5 12.5
6.5 13.5
6.5 14.5
6.5 15.5
6.5 46.5
6.5 47.5
6.5 48.5
6.5 49.5
6.5 65.5
6.5 66.5
7.5 6.5
7.5 7.5
7.5 8.5
7.5 9.5
7.5 10.5
7.5 11.5
7.5 12.5
7.5 13.5
7.5 48.5
7.5 49.5
7.5 50.5
7.5 52.5
7.5 53.5
7.5 54.5
7.5 55.5
7.5 56.5
8.5 33.5
8.5 34.5
8.5 35.5
8.5 36.5
8.5 37.5
8.5 39.5
8.5 40.5
8.5 41.5
8.5 50.5
8.5 51.5
8.5 54.5
8.5 55.5
8.5 56.5
8.5 57.5
8.5 58.5
8.5 59.5
9.5 30.5
9.5 31.5
9.5 32.5
9.5 33.5
9.5 34.5
9.5 41.5
9.5 42.5
9.5 56.5
9.5 57.5
9.5 58.5
9.5 59.5
9.5 60.5
9.5 61.5
10.5 15.5
10.5 29.5
10.5 30.5
10.5 42.5
10.5 43.5
10.5 44.5
10.5 59.5
10.5 60.5
10.5 61.5
10.5 62.5
11.5 13.5
11.5 14.5
11.5 43.5
11.5 44.5
11.5 45.5
12.5 11.5
12.5 12.5
12.5 13.5
12.5 45.5
12.5 46.5
13.5 10.5
13.5 11.5
13.5 12.5
13.5 19.5
13.5 20.5
13.5 28.5
13.5 29.5
13.5 30.5
14.5 8.5
14.5 9.5
14.5 10.5
14.5 18.5
14.5 19.5
14.5 30.5
14.5 31.5
14.5 32.5
14.5 43.5
14.5 59.5
14.5 60.5
14.5 61.5
15.5 7.5
15.5 8.5
15.5 9.5
15.5 17.5
15.5 18.5
15.5 19.5
15.5 23.5
15.5 24.5
15.5 31.5
15.5 32.5
15.5 33.5
15.5 44.5
15.5 45.5
15.5 46.5
15.5 57.5
15.5 58.5
15.5 59.5
16.5 6.5
16.5 7.5
16.5 16.5
16.5 17.5
16.5 18.5
16.5 24.5
16.5 25.5
16.5 33.5
16.5 34.5
16.5 35.5
16.5 46.5
16.5 47.5
16.5 48.5
16.5 54.5
16.5 55.5
16.5 56.5
16.5 57.5
17.5 15.5
17.5 16.5
17.5 17.5
17.5 25.5
17.5 26.5
17.5 36.5
17.5 37.5
17.5 38.5
17.5 48.5
17.5 49.5
17.5 52.5
17.5 53.5
17.5 54.5
17.5 65.5
17.5 66.5
17.5 67.5
18.5 14.5
18.5 15.5
18.5 16.5
18.5 26.5
18.5 27.5
18.5 38.5
18.5 39.5
18.5 40.5
18.5 41.5
18.5 42.5
18.5 51.5
18.5 62.5
18.5 63.5
18.5 64.5
18.5 65.5
19.5 13.5
19.5 14.5
19.5 15.5
19.5 27.5
19.5 28.5
19.5 41.5
19.5 42.5
19.5 43.5
19.5 44.5
19.5 45.5
19.5 60.5
19.5 61.5
19.5 62.5
19.5 63.5
20.5 13.5
20.5 28.5
20.5 29.5
20.5 59.5
20.5 60.5
20.5 61.5
21.5 58.5
21.5 59.5
23.5 14.5
23.5 15.5
23.5 27.5
23.5 28.5
23.5 29.5
24.5 12.5
24.5 13.5
24.5 14.5
24.5 26.5
24.5 27.5
24.5 40.5
24.5 41.5
24.5 42.5
24.5 43.5
24.5 44.5
24.5 45.5
24.5 60.5
24.5 61.5
25.5 10.5
25.5 11.5
25.5 12.5
25.5 13.5
25.5 24.5
25.5 25.5
25.5 26.5
25.5 37.5
25.5 38.5
25.5 39.5
25.5 40.5
25.5 41.5
25.5 42.5
25.5 43.5
25.5 57.5
25.5 58.5
25.5 59.5
25.5 60.5
26.5 9.5
26.5 10.5
26.5 11.5
26.5 21.5
26.5 22.5
26.5 23.5
26.5 24.5
26.5 34.5
26.5 35.5
26.5 36.5
26.5 37.5
26.5 38.5
26.5 39.5
26.5 55.5
26.5 56.5
26.5 57.5
26.5 58.5
27.5 7.5
27.5 8.5
27.5 9.5
27.5 18.5
27.5 19.5
27.5 20.5
27.5 21.5
27.5 31.5
27.5 32.5
27.5 33.5
27.5 34.5
27.5 49.5
27.5 50.5
27.5 53.5
27.5 54.5
27.5 55.5
27.5 56.5
28.5 16.5
28.5 17.5
28.5 18.5
28.5 19.5
28.5 29.5
28.5 30.5
28.5 31.5
28.5 32.5
28.5 33.5
28.5 47.5
28.5 48.5
28.5 49.5
28.5 52.5
28.5 66.5
28.5 67.5
29.5 14.5
29.5 15.5
29.5 16.5
29.5 28.5
29.5 29.5
29.5 30.5
29.5 45.5
29.5 46.5
29.5 47.5
29.5 62.5
29.5 63.5
29.5 64.5
29.5 65.5
29.5 66.5
30.5 12.5
30.5 13.5
30.5 44.5
30.5 45.5
30.5 46.5
30.5 60.5
30.5 61.5
30.5 62.5
30.5 63.5
30.5 64.5
31.5 43.5
31.5 58.5
31.5 59.5
31.5 60.5
31.5 61.5
32.5 29.5
33.5 13.5
33.5 29.5
33.5 30.5
33.5 31.5
34.5 13.5
34.5 14.5
34.5 15.5
34.5 16.5
34.5 30.5
34.5 31.5
34.5 32.5
34.5 43.5
34.5 44.5
34.5 45.5
35.5 14.5
35.5 15.5
35.5 16.5
35.5 17.5
35.5 18.5
35.5 32.5
35.5 33.5
35.5 41.5
35.5 42.5
35.5 43.5
35.5 61.5
35.5 62.5
36.5 16.5
36.5 17.5
36.5 18.5
36.5 19.5
36.5 20.5
36.5 24.5
36.5 25.5
36.5 33.5
36.5 34.5
36.5 35.5
36.5 39.5
36.5 40.5
36.5 41.5
36.5 42.5
36.5 57.5
36.5 58.5
36.5 59.5
36.5 60.5
36.5 61.5
36.5 62.5
37.5 6.5
37.5 18.5
37.5 19.5
37.5 20.5
37.5 21.5
37.5 25.5
37.5 26.5
37.5 35.5
37.5 38.5
37.5 39.5
37.5 55.5
37.5 56.5
37.5 57.5
37.5 58.5
37.5 59.5
37.5 60.5
38.5 7.5
38.5 8.5
38.5 9.5
38.5 21.5
38.5 22.5
38.5 25.5
38.5 26.5
38.5 27.5
38.5 50.5
38.5 51.5
38.5 52.5
38.5 53.5
38.5 54.5
38.5 55.5
38.5 56.5
38.5 66.5
38.5 67.5
39.5 8.5
39.5 9.5
39.5 10.5
39.5 11.5
39.5 26.5
39.5 27.5
39.5 28.5
39.5 45.5
39.5 46.5
39.5 47.5
39.5 48.5
39.5 49.5
39.5 50.5
39.5 51.5
39.5 52.5
39.5 64.5
39.5 65.5
40.5 10.5
40.5 11.5
40.5 12.5
40.5 13.5
40.5 27.5
40.5 28.5
40.5 29.5
40.5 42.5
40.5 43.5
40.5 44.5
40.5 45.5
40.5 46.5
40.5 47.5
40.5 48.5
40.5 62.5
40.5 63.5
40.5 64.5
41.5 12.5
41.5 13.5
41.5 14.5
41.5 15.5
41.5 28.5
41.5 29.5
41.5 30.5
41.5 61.5
41.5 62.5
42.5 15.5
42.5 16.5
42.5 30.5
45.5 15.5
45.5 27.5
45.5 28.5
45.5 29.5
45.5 30.5
45.5 42.5
45.5 43.5
45.5 44.5
45.5 45.5
45.5 46.5
45.5 47.5
45.5 59.5
45.5 60.5
45.5 61.5
45.5 62.5
45.5 63.5
46.5 9.5
46.5 10.5
46.5 11.5
46.5 12.5
46.5 13.5
46.5 14.5
46.5 15.5
46.5 29.5
46.5 30.5
46.5 31.5
46.5 32.5
46.5 33.5
46.5 39.5
46.5 40.5
46.5 41.5
46.5 42.5
46.5 43.5
46.5 44.5
46.5 61.5
46.5 62.5
46.5 63.5
46.5 64.5
46.5 65.5
46.5 66.5
47.5 6.5
47.5 7.5
47.5 8.5
47.5 9.5
47.5 10.5
47.5 11.5
47.5 12.5
47.5 32.5
47.5 33.5
47.5 34.5
47.5 35.5
47.5 36.5
47.5 37.5
47.5 38.5
47.5 39.5
47.5 40.5
48.5 19.5
48.5 20.5
48.5 23.5
48.5 24.5
48.5 25.5
48.5 52.5
48.5 53.5
49.5 16.5
49.5 17.5
49.5 18.5
49.5 25.5
49.5 26.5
49.5 27.5
49.5 28.5
49.5 48.5
49.5 49.5
49.5 50.5
49.5 51.5
49.5 52.5
49.5 55.5
49.5 56.5
49.5 57.5
50.5 14.5
50.5 15.5
50.5 28.5
50.5 29.5
50.5 30.5
50.5 45.5
50.5 46.5
50.5 47.5
50.5 48.5
50.5 49.5
50.5 56.5
50.5 57.5
50.5 58.5
50.5 59.5
51.5 12.5
51.5 43.5
51.5 44.5
51.5 45.5
51.5 46.5
51.5 58.5
51.5 59.5
51.5 60.5
51.5 61.5
53.5 15.5
53.5 16.5
53.5 27.5
53.5 28.5
53.5 29.5
54.5 13.5
54.5 14.5
54.5 15.5
54.5 29.5
54.5 30.5
54.5 43.5
54.5 44.5
54.5 59.5
54.5 60.5
55.5 11.5
55.5 12.5
55.5 13.5
55.5 30.5
55.5 31.5
55.5 32.5
55.5 45.5
55.5 46.5
55.5 47.5
55.5 57.5
55.5 58.5
56.5 10.5
56.5 11.5
56.5 12.5
56.5 23.5
56.5 32.5
56.5 33.5
56.5 34.5
56.5 47.5
56.5 48.5
56.5 49.5
56.5 55.5
56.5 56.5
56.5 57.5
57.5 9.5
57.5 10.5
57.5 21.5
57.5 22.5
57.5 24.5
57.5 25.5
57.5 34.5
57.5 35.5
57.5 37.5
57.5 38.5
57.5 39.5
57.5 50.5
57.5 51.5
57.5 54.5
58.5 7.5
58.5 8.5
58.5 19.5
58.5 20.5
58.5 21.5
58.5 25.5
58.5 26.5
58.5 39.5
58.5 40.5
58.5 41.5
58.5 42.5
58.5 43.5
58.5 62.5
58.5 63.5
58.5 64.5
58.5 65.5
58.5 66.5
59.5 17.5
59.5 18.5
59.5 19.5
59.5 20.5
59.5 25.5
59.5 26.5
59.5 27.5
59.5 41.5
59.5 42.5
59.5 43.5
59.5 44.5
59.5 45.5
59.5 59.5
59.5 60.5
59.5 61.5
59.5 62.5
59.5 63.5
59.5 64.5
60.5 15.5
60.5 16.5
60.5 17.5
60.5 18.5
60.5 19.5
60.5 26.5
60.5 27.5
60.5 28.5
60.5 45.5
60.5 46.5
60.5 57.5
60.5 58.5
60.5 59.5
60.5 60.5
60.5 61.5
61.5 14.5
61.5 15.5
61.5 16.5
61.5 17.5
61.5 28.5
61.5 29.5
62.5 13.5
62.5 14.5
62.5 15.5
62.5 29.5
62.5 30.5
