2.5 40.5
2.5 53.5
2.5 54.5
2.5 55.5
2.5 56.5
3.5 30.5
3.5 40.5
4.5 30.5
4.5 31.5
4.5 39.5
4.5 40.5
5.5 31.5
5.5 39.5
5.5 50.5
6.5 13.5
6.5 31.5
6.5 32.5
6.5 39.5
6.5 49.5
6.5 50.5
6.5 63.5
7.5 13.5
7.5 14.5
7.5 32.5
7.5 33.5
7.5 39.5
7.5 48.5
7.5 49.5
7.5 63.5
8.5 14.5
8.5 33.5
8.5 39.5
8.5 48.5
8.5 49.5
8.5 63.5
9.5 14.5
9.5 15.5
9.5 33.5
9.5 34.5
9.5 47.5
9.5 48.5
9.5 63.5
9.5 64.5
10.5 14.5
10.5 15.5
10.5 27.5
10.5 42.5
10.5 47.5
10.5 63.5
10.5 64.5
11.5 15.5
11.5 27.5
11.5 28.5
11.5 42.5
11.5 46.5
11.5 64.5
12.5 9.5
12.5 21.5
12.5 28.5
12.5 54.5
12.5 55.5
12.5 59.5
13.5 10.5
13.5 21.5
13.5 28.5
13.5 29.5
13.5 41.5
13.5 53.5
13.5 54.5
13.5 59.5
13.5 60.5
14.5 10.5
14.5 21.5
14.5 29.5
14.5 30.5
14.5 41.5
14.5 51.5
14.5 52.5
14.5 60.5
15.5 11.5
15.5 21.5
15.5 22.5
15.5 30.5
15.5 50.5
15.5 51.5
15.5 61.5
16.5 22.5
16.5 30.5
16.5 31.5
16.5 61.5
17.5 22.5
17.5 31.5
20.5 39.5
20.5 50.5
20.5 61.5
21.5 12.5
21.5 33.5
21.5 49.5
21.5 61.5
22.5 12.5
22.5 21.5
22.5 33.5
22.5 48.5
22.5 49.5
22.5 60.5
22.5 61.5
23.5 11.5
23.5 20.5
23.5 21.5
23.5 33.5
23.5 34.5
23.5 38.5
23.5 47.5
23.5 48.5
23.5 60.5
24.5 11.5
24.5 20.5
24.5 33.5
24.5 34.5
24.5 47.5
24.5 60.5
25.5 11.5
25.5 15.5
25.5 19.5
25.5 20.5
25.5 34.5
25.5 41.5
25.5 46.5
25.5 55.5
25.5 60.5
26.5 19.5
26.5 29.5
26.5 41.5
26.5 54.5
26.5 55.5
26.5 65.5
27.5 14.5
27.5 26.5
27.5 30.5
27.5 41.5
27.5 53.5
27.5 54.5
27.5 65.5
28.5 14.5
28.5 24.5
28.5 25.5
28.5 30.5
28.5 41.5
28.5 53.5
28.5 54.5
28.5 65.5
29.5 23.5
29.5 24.5
29.5 31.5
29.5 41.5
29.5 53.5
29.5 65.5
30.5 13.5
30.5 22.5
30.5 23.5
30.5 52.5
30.5 65.5
34.5 33.5
34.5 40.5
35.5 22.5
35.5 33.5
35.5 39.5
35.5 40.5
35.5 52.5
36.5 13.5
36.5 22.5
36.5 23.5
36.5 33.5
36.5 39.5
36.5 51.5
36.5 52.5
36.5 64.5
36.5 65.5
37.5 13.5
37.5 22.5
37.5 23.5
37.5 34.5
37.5 39.5
37.5 51.5
37.5 52.5
37.5 64.5
37.5 65.5
38.5 13.5
38.5 23.5
38.5 34.5
38.5 38.5
38.5 39.5
38.5 51.5
38.5 64.5
39.5 13.5
39.5 23.5
39.5 24.5
39.5 30.5
39.5 38.5
39.5 50.5
39.5 51.5
39.5 64.5
40.5 9.5
40.5 23.5
40.5 24.5
40.5 30.5
40.5 44.5
40.5 50.5
40.5 56.5
40.5 64.5
41.5 9.5
41.5 18.5
41.5 24.5
41.5 30.5
41.5 44.5
41.5 56.5
41.5 64.5
42.5 9.5
42.5 18.5
42.5 30.5
42.5 43.5
42.5 44.5
42.5 55.5
43.5 9.5
43.5 10.5
43.5 18.5
43.5 30.5
43.5 43.5
43.5 44.5
43.5 55.5
43.5 60.5
44.5 9.5
44.5 10.5
44.5 18.5
44.5 19.5
44.5 30.5
44.5 43.5
44.5 55.5
44.5 60.5
45.5 9.5
45.5 10.5
45.5 19.5
45.5 30.5
45.5 54.5
45.5 60.5
46.5 19.5
46.5 54.5
46.5 60.5
47.5 60.5
48.5 67.5
49.5 42.5
49.5 67.5
50.5 9.5
50.5 32.5
50.5 42.5
50.5 67.5
51.5 9.5
51.5 20.5
51.5 32.5
51.5 41.5
51.5 42.5
51.5 52.5
51.5 60.5
51.5 67.5
52.5 9.5
52.5 19.5
52.5 32.5
52.5 33.5
52.5 40.5
52.5 41.5
52.5 52.5
52.5 60.5
52.5 67.5
53.5 9.5
53.5 19.5
53.5 33.5
53.5 40.5
53.5 41.5
53.5 51.5
53.5 59.5
54.5 9.5
54.5 19.5
54.5 33.5
54.5 34.5
54.5 40.5
54.5 51.5
54.5 59.5
55.5 9.5
55.5 18.5
55.5 34.5
55.5 39.5
55.5 46.5
55.5 51.5
55.5 59.5
55.5 64.5
56.5 14.5
56.5 18.5
56.5 23.5
56.5 46.5
56.5 50.5
56.5 55.5
56.5 63.5
56.5 64.5
57.5 13.5
57.5 23.5
57.5 28.5
57.5 45.5
57.5 55.5
57.5 63.5
57.5 64.5
58.5 13.5
58.5 22.5
58.5 28.5
58.5 29.5
58.5 44.5
58.5 45.5
58.5 54.5
58.5 63.5
59.5 13.5
59.5 22.5
59.5 29.5
59.5 44.5
59.5 54.5
59.5 63.5
60.5 13.5
60.5 22.5
60.5 29.5
60.5 30.5
60.5 43.5
60.5 44.5
60.5 53.5
61.5 22.5
61.5 30.5
61.5 43.5
62.5 30.5
