5.5 16.5
5.5 30.5
5.5 31.5
5.5 46.5
5.5 61.5
5.5 62.5
6.5 17.5
6.5 32.5
6.5 33.5
6.5 47.5
6.5 48.5
6.5 62.5
6.5 63.5
8.5 10.5
8.5 25.5
8.5 40.5
8.5 55.5
9.5 11.5
9.5 12.5
9.5 26.5
9.5 27.5
9.5 41.5
9.5 42.5
9.5 56.5
9.5 57.5
15.5 11.5
15.5 12.5
15.5 30.5
15.5 31.5
15.5 41.5
15.5 42.5
16.5 10.5
16.5 32.5
16.5 40.5
16.5 56.5
16.5 57.5
18.5 25.5
19.5 15.5
19.5 16.5
19.5 17.5
19.5 26.5
19.5 46.5
19.5 47.5
19.5 62.5
19.5 63.5
20.5 45.5
20.5 61.5
25.5 15.5
25.5 27.5
26.5 16.5
26.5 17.5
26.5 25.5
26.5 40.5
26.5 41.5
26.5 42.5
26.5 61.5
26.5 62.5
29.5 10.5
29.5 11.5
29.5 30.5
29.5 31.5
29.5 47.5
29.5 48.5
29.5 56.5
29.5 57.5
30.5 12.5
30.5 45.5
30.5 46.5
30.5 58.5
35.5 15.5
35.5 27.5
35.5 28.5
35.5 42.5
35.5 43.5
35.5 57.5
35.5 58.5
36.5 16.5
36.5 17.5
36.5 25.5
36.5 26.5
36.5 41.5
36.5 56.5
36.5 57.5
38.5 48.5
39.5 10.5
39.5 11.5
39.5 31.5
39.5 32.5
39.5 46.5
39.5 47.5
39.5 62.5
39.5 63.5
40.5 11.5
40.5 12.5
40.5 13.5
40.5 61.5
45.5 31.5
45.5 42.5
45.5 43.5
46.5 15.5
46.5 16.5
46.5 17.5
46.5 32.5
46.5 33.5
46.5 41.5
46.5 42.5
46.5 57.5
46.5 58.5
47.5 56.5
47.5 57.5
49.5 10.5
49.5 25.5
49.5 26.5
49.5 27.5
49.5 47.5
49.5 48.5
50.5 11.5
50.5 12.5
50.5 27.5
50.5 28.5
50.5 46.5
50.5 47.5
50.5 62.5
50.5 63.5
56.5 10.5
56.5 11.5
56.5 12.5
56.5 26.5
56.5 27.5
56.5 42.5
56.5 43.5
56.5 61.5
57.5 10.5
57.5 25.5
57.5 41.5
57.5 62.5
57.5 63.5
59.5 17.5
59.5 32.5
59.5 33.5
60.5 15.5
60.5 16.5
60.5 31.5
60.5 46.5
60.5 47.5
60.5 48.5
60.5 56.5
60.5 57.5
61.5 58.5
