3.5 14.5
3.5 15.5
3.5 16.5
4.5 11.5
4.5 12.5
4.5 13.5
4.5 14.5
4.5 31.5
4.5 32.5
4.5 33.5
4.5 34.5
4.5 35.5
4.5 36.5
4.5 37.5
4.5 38.5
4.5 56.5
4.5 57.5
4.5 58.5
4.5 59.5
5.5 9.5
5.5 10.5
5.5 11.5
5.5 29.5
5.5 30.5
5.5 31.5
5.5 32.5
5.5 33.5
5.5 34.5
5.5 59.5
5.5 60.5
5.5 61.5
5.5 62.5
5.5 63.5
5.5 64.5
6.5 21.5
6.5 22.5
6.5 23.5
6.5 24.5
7.5 17.5
7.5 18.5
7.5 19.5
7.5 20.5
7.5 21.5
7.5 22.5
8.5 15.5
8.5 16.5
8.5 17.5
8.5 18.5
8.5 19.5
8.5 40.5
8.5 41.5
8.5 42.5
8.5 43.5
8.5 44.5
8.5 49.5
8.5 50.5
8.5 51.5
8.5 52.5
8.5 53.5
8.5 54.5
8.5 55.5
8.5 56.5
9.5 37.5
9.5 38.5
9.5 39.5
9.5 40.5
9.5 41.5
9.5 54.5
9.5 55.5
9.5 56.5
9.5 57.5
13.5 15.5
13.5 16.5
13.5 17.5
13.5 18.5
13.5 19.5
13.5 36.5
13.5 55.5
13.5 56.5
13.5 57.5
13.5 58.5
13.5 59.5
13.5 60.5
14.5 17.5
14.5 18.5
14.5 19.5
14.5 20.5
14.5 21.5
14.5 22.5
14.5 38.5
14.5 39.5
14.5 58.5
14.5 59.5
14.5 60.5
14.5 61.5
14.5 62.5
14.5 63.5
14.5 64.5
15.5 7.5
15.5 22.5
15.5 23.5
15.5 24.5
15.5 40.5
15.5 41.5
15.5 42.5
16.5 9.5
16.5 10.5
16.5 11.5
16.5 29.5
16.5 30.5
16.5 42.5
16.5 43.5
17.5 11.5
17.5 12.5
17.5 13.5
17.5 14.5
17.5 30.5
17.5 31.5
17.5 32.5
17.5 33.5
17.5 34.5
17.5 49.5
17.5 50.5
17.5 51.5
17.5 52.5
17.5 53.5
17.5 54.5
18.5 33.5
18.5 34.5
18.5 35.5
18.5 36.5
18.5 53.5
18.5 54.5
18.5 55.5
18.5 56.5
18.5 57.5
22.5 9.5
22.5 10.5
22.5 11.5
22.5 12.5
22.5 13.5
22.5 14.5
22.5 15.5
22.5 55.5
22.5 56.5
23.5 7.5
23.5 8.5
23.5 9.5
23.5 10.5
23.5 33.5
23.5 34.5
23.5 35.5
23.5 36.5
23.5 37.5
23.5 52.5
23.5 53.5
23.5 54.5
24.5 29.5
24.5 30.5
24.5 31.5
24.5 32.5
24.5 33.5
24.5 34.5
24.5 50.5
24.5 51.5
24.5 52.5
24.5 62.5
24.5 63.5
24.5 64.5
25.5 28.5
25.5 29.5
25.5 59.5
25.5 60.5
25.5 61.5
25.5 62.5
26.5 15.5
26.5 16.5
26.5 17.5
26.5 18.5
26.5 19.5
26.5 20.5
26.5 21.5
26.5 40.5
26.5 41.5
26.5 42.5
26.5 43.5
26.5 44.5
26.5 57.5
26.5 58.5
26.5 59.5
27.5 14.5
27.5 15.5
27.5 16.5
27.5 37.5
27.5 38.5
27.5 39.5
27.5 40.5
27.5 41.5
31.5 8.5
31.5 9.5
31.5 10.5
31.5 11.5
31.5 12.5
31.5 13.5
31.5 14.5
31.5 15.5
31.5 36.5
31.5 57.5
31.5 58.5
31.5 59.5
31.5 60.5
31.5 61.5
31.5 62.5
32.5 37.5
32.5 38.5
32.5 39.5
32.5 40.5
32.5 41.5
32.5 42.5
32.5 43.5
32.5 61.5
32.5 62.5
32.5 63.5
32.5 64.5
33.5 19.5
33.5 20.5
33.5 21.5
33.5 22.5
34.5 14.5
34.5 15.5
34.5 16.5
34.5 51.5
34.5 52.5
34.5 53.5
34.5 54.5
35.5 54.5
35.5 55.5
35.5 56.5
35.5 57.5
35.5 58.5
38.5 12.5
38.5 13.5
38.5 14.5
38.5 15.5
38.5 35.5
38.5 36.5
38.5 37.5
39.5 10.5
39.5 11.5
39.5 12.5
39.5 13.5
39.5 37.5
39.5 38.5
39.5 39.5
39.5 40.5
39.5 57.5
39.5 58.5
39.5 59.5
39.5 60.5
39.5 61.5
40.5 8.5
40.5 9.5
40.5 10.5
40.5 11.5
40.5 40.5
40.5 41.5
40.5 42.5
40.5 61.5
40.5 62.5
40.5 63.5
40.5 64.5
41.5 21.5
41.5 22.5
41.5 23.5
41.5 28.5
41.5 29.5
41.5 30.5
41.5 31.5
42.5 18.5
42.5 19.5
42.5 20.5
42.5 21.5
42.5 30.5
42.5 31.5
42.5 32.5
42.5 33.5
42.5 49.5
42.5 50.5
42.5 51.5
42.5 52.5
42.5 53.5
42.5 54.5
42.5 55.5
43.5 16.5
43.5 17.5
43.5 18.5
43.5 19.5
43.5 33.5
43.5 34.5
43.5 35.5
43.5 55.5
43.5 56.5
43.5 57.5
44.5 15.5
44.5 16.5
47.5 36.5
47.5 54.5
47.5 55.5
47.5 56.5
47.5 57.5
47.5 58.5
48.5 15.5
48.5 16.5
48.5 17.5
48.5 31.5
48.5 32.5
48.5 33.5
48.5 34.5
48.5 35.5
48.5 56.5
48.5 57.5
48.5 58.5
48.5 59.5
48.5 60.5
48.5 61.5
48.5 62.5
48.5 63.5
49.5 12.5
49.5 13.5
49.5 14.5
49.5 15.5
49.5 29.5
49.5 30.5
50.5 10.5
50.5 11.5
50.5 12.5
50.5 23.5
50.5 24.5
50.5 48.5
50.5 49.5
51.5 20.5
51.5 21.5
51.5 22.5
51.5 37.5
51.5 38.5
51.5 39.5
51.5 40.5
51.5 41.5
51.5 42.5
51.5 43.5
51.5 50.5
51.5 51.5
51.5 52.5
51.5 53.5
52.5 17.5
52.5 18.5
52.5 19.5
52.5 36.5
52.5 37.5
52.5 38.5
52.5 53.5
52.5 54.5
52.5 55.5
56.5 37.5
56.5 38.5
56.5 56.5
57.5 16.5
57.5 17.5
57.5 18.5
57.5 19.5
57.5 20.5
57.5 21.5
57.5 22.5
57.5 39.5
57.5 40.5
57.5 41.5
57.5 53.5
57.5 54.5
57.5 55.5
58.5 20.5
58.5 21.5
58.5 22.5
58.5 41.5
58.5 42.5
58.5 43.5
58.5 44.5
58.5 51.5
58.5 52.5
58.5 53.5
59.5 28.5
59.5 29.5
59.5 30.5
59.5 31.5
59.5 45.5
59.5 50.5
59.5 51.5
60.5 30.5
60.5 31.5
60.5 32.5
60.5 33.5
60.5 34.5
60.5 35.5
60.5 60.5
60.5 61.5
60.5 62.5
60.5 63.5
60.5 64.5
61.5 10.5
61.5 11.5
61.5 12.5
61.5 13.5
61.5 14.5
61.5 33.5
61.5 34.5
61.5 35.5
61.5 36.5
61.5 37.5
61.5 38.5
61.5 58.5
61.5 59.5
61.5 60.5
61.5 61.5
61.5 62.5
61.5 63.5
62.5 13.5
62.5 14.5
62.5 15.5
62.5 16.5
62.5 57.5
62.5 58.5
62.5 59.5
