4.5 17.5
5.5 19.5
5.5 20.5
6.5 31.5
6.5 32.5
6.5 33.5
6.5 34.5
6.5 55.5
6.5 56.5
7.5 53.5
7.5 54.5
7.5 55.5
8.5 12.5
8.5 13.5
8.5 14.5
8.5 52.5
8.5 53.5
10.5 38.5
10.5 39.5
10.5 40.5
10.5 41.5
10.5 42.5
10.5 43.5
11.5 61.5
11.5 62.5
11.5 63.5
12.5 60.5
12.5 61.5
12.5 62.5
13.5 59.5
13.5 60.5
15.5 16.5
15.5 17.5
16.5 17.5
16.5 18.5
17.5 18.5
17.5 19.5
17.5 20.5
17.5 33.5
17.5 34.5
17.5 35.5
18.5 20.5
18.5 30.5
18.5 31.5
18.5 32.5
18.5 33.5
18.5 34.5
20.5 59.5
20.5 60.5
21.5 11.5
21.5 12.5
21.5 61.5
21.5 62.5
22.5 12.5
22.5 13.5
23.5 13.5
23.5 14.5
23.5 39.5
23.5 40.5
23.5 41.5
23.5 42.5
23.5 53.5
24.5 37.5
24.5 38.5
24.5 39.5
24.5 54.5
30.5 13.5
30.5 14.5
30.5 33.5
30.5 34.5
30.5 35.5
31.5 11.5
31.5 12.5
31.5 30.5
31.5 31.5
31.5 32.5
31.5 53.5
31.5 54.5
32.5 52.5
34.5 18.5
34.5 19.5
34.5 20.5
34.5 41.5
34.5 42.5
34.5 43.5
35.5 17.5
35.5 38.5
35.5 39.5
35.5 40.5
35.5 41.5
36.5 58.5
36.5 59.5
36.5 60.5
36.5 61.5
36.5 62.5
41.5 17.5
41.5 18.5
41.5 19.5
42.5 19.5
42.5 20.5
42.5 21.5
42.5 31.5
42.5 32.5
42.5 33.5
42.5 34.5
42.5 59.5
43.5 62.5
43.5 63.5
44.5 11.5
45.5 12.5
45.5 13.5
45.5 14.5
45.5 52.5
45.5 53.5
46.5 38.5
46.5 39.5
46.5 40.5
46.5 41.5
46.5 54.5
46.5 55.5
46.5 56.5
52.5 16.5
53.5 16.5
53.5 17.5
53.5 18.5
53.5 37.5
53.5 60.5
54.5 17.5
54.5 18.5
54.5 19.5
54.5 38.5
54.5 39.5
54.5 40.5
54.5 60.5
54.5 61.5
54.5 62.5
55.5 19.5
55.5 39.5
55.5 40.5
55.5 41.5
55.5 62.5
55.5 63.5
55.5 64.5
56.5 42.5
56.5 64.5
57.5 9.5
57.5 10.5
58.5 10.5
58.5 11.5
58.5 28.5
58.5 29.5
58.5 30.5
59.5 11.5
59.5 12.5
59.5 30.5
59.5 31.5
59.5 32.5
59.5 52.5
59.5 53.5
60.5 32.5
60.5 33.5
60.5 53.5
60.5 54.5
60.5 55.5
60.5 56.5
61.5 55.5
61.5 56.5
61.5 57.5
