5.5 19.5
5.5 23.5
6.5 8.5
6.5 9.5
6.5 10.5
6.5 18.5
6.5 19.5
6.5 22.5
6.5 23.5
6.5 24.5
6.5 42.5
6.5 43.5
6.5 48.5
6.5 49.5
6.5 60.5
7.5 8.5
7.5 9.5
7.5 10.5
7.5 11.5
7.5 18.5
7.5 19.5
7.5 22.5
7.5 23.5
7.5 24.5
7.5 30.5
7.5 31.5
7.5 32.5
7.5 42.5
7.5 43.5
7.5 44.5
7.5 48.5
7.5 49.5
7.5 60.5
7.5 61.5
7.5 64.5
7.5 65.5
8.5 8.5
8.5 9.5
8.5 10.5
8.5 23.5
8.5 30.5
8.5 31.5
8.5 42.5
8.5 43.5
8.5 48.5
8.5 49.5
8.5 60.5
8.5 61.5
8.5 64.5
8.5 65.5
9.5 65.5
10.5 17.5
11.5 13.5
11.5 14.5
11.5 17.5
11.5 25.5
11.5 26.5
11.5 51.5
12.5 13.5
12.5 14.5
12.5 17.5
12.5 25.5
12.5 26.5
12.5 33.5
12.5 34.5
12.5 39.5
12.5 40.5
12.5 50.5
12.5 51.5
12.5 52.5
12.5 56.5
12.5 59.5
13.5 25.5
13.5 32.5
13.5 33.5
13.5 34.5
13.5 38.5
13.5 39.5
13.5 40.5
13.5 50.5
13.5 51.5
13.5 52.5
13.5 56.5
13.5 57.5
13.5 59.5
13.5 60.5
14.5 32.5
14.5 33.5
14.5 34.5
14.5 39.5
14.5 40.5
14.5 51.5
14.5 56.5
14.5 57.5
14.5 60.5
20.5 12.5
21.5 12.5
21.5 16.5
21.5 25.5
21.5 26.5
21.5 49.5
21.5 50.5
22.5 11.5
22.5 12.5
22.5 15.5
22.5 16.5
22.5 25.5
22.5 26.5
22.5 30.5
22.5 31.5
22.5 32.5
22.5 41.5
22.5 42.5
22.5 49.5
22.5 50.5
22.5 51.5
22.5 63.5
23.5 12.5
23.5 15.5
23.5 26.5
23.5 30.5
23.5 31.5
23.5 32.5
23.5 40.5
23.5 41.5
23.5 42.5
23.5 49.5
23.5 50.5
23.5 51.5
23.5 57.5
23.5 58.5
23.5 63.5
23.5 64.5
24.5 30.5
24.5 31.5
24.5 32.5
24.5 41.5
24.5 42.5
24.5 58.5
24.5 64.5
25.5 58.5
25.5 64.5
26.5 9.5
26.5 46.5
27.5 9.5
27.5 17.5
27.5 18.5
27.5 23.5
27.5 24.5
27.5 45.5
27.5 46.5
27.5 47.5
27.5 54.5
27.5 55.5
28.5 9.5
28.5 16.5
28.5 17.5
28.5 18.5
28.5 19.5
28.5 23.5
28.5 24.5
28.5 25.5
28.5 34.5
28.5 35.5
28.5 39.5
28.5 46.5
28.5 47.5
28.5 54.5
28.5 55.5
28.5 56.5
28.5 61.5
28.5 62.5
29.5 17.5
29.5 18.5
29.5 23.5
29.5 24.5
29.5 25.5
29.5 34.5
29.5 35.5
29.5 39.5
29.5 46.5
29.5 54.5
29.5 55.5
29.5 61.5
29.5 62.5
29.5 63.5
30.5 62.5
30.5 63.5
36.5 8.5
36.5 34.5
36.5 35.5
36.5 39.5
37.5 7.5
37.5 8.5
37.5 14.5
37.5 34.5
37.5 35.5
37.5 39.5
37.5 46.5
37.5 47.5
37.5 54.5
37.5 55.5
38.5 7.5
38.5 8.5
38.5 13.5
38.5 14.5
38.5 15.5
38.5 25.5
38.5 26.5
38.5 27.5
38.5 34.5
38.5 38.5
38.5 39.5
38.5 46.5
38.5 47.5
38.5 54.5
38.5 55.5
38.5 56.5
38.5 64.5
38.5 65.5
39.5 13.5
39.5 14.5
39.5 15.5
39.5 25.5
39.5 26.5
39.5 27.5
39.5 47.5
39.5 54.5
39.5 55.5
39.5 64.5
39.5 65.5
40.5 14.5
40.5 26.5
40.5 55.5
40.5 64.5
40.5 65.5
41.5 30.5
41.5 31.5
41.5 41.5
41.5 42.5
41.5 43.5
42.5 9.5
42.5 30.5
42.5 31.5
42.5 32.5
42.5 40.5
42.5 41.5
42.5 42.5
42.5 43.5
42.5 50.5
42.5 51.5
43.5 9.5
43.5 17.5
43.5 18.5
43.5 19.5
43.5 24.5
43.5 30.5
43.5 31.5
43.5 41.5
43.5 42.5
43.5 50.5
43.5 51.5
43.5 57.5
43.5 61.5
43.5 62.5
44.5 9.5
44.5 17.5
44.5 18.5
44.5 19.5
44.5 24.5
44.5 50.5
44.5 51.5
44.5 57.5
44.5 61.5
44.5 62.5
45.5 18.5
45.5 19.5
45.5 24.5
45.5 57.5
45.5 61.5
45.5 62.5
50.5 41.5
50.5 42.5
51.5 32.5
51.5 33.5
51.5 34.5
51.5 40.5
51.5 41.5
51.5 42.5
51.5 43.5
52.5 7.5
52.5 14.5
52.5 15.5
52.5 16.5
52.5 26.5
52.5 32.5
52.5 33.5
52.5 34.5
52.5 40.5
52.5 41.5
52.5 42.5
52.5 51.5
52.5 52.5
52.5 55.5
52.5 63.5
52.5 64.5
53.5 7.5
53.5 14.5
53.5 15.5
53.5 16.5
53.5 17.5
53.5 26.5
53.5 33.5
53.5 34.5
53.5 51.5
53.5 52.5
53.5 55.5
53.5 63.5
53.5 64.5
54.5 7.5
54.5 15.5
54.5 16.5
54.5 17.5
54.5 26.5
54.5 55.5
54.5 63.5
54.5 64.5
55.5 38.5
56.5 30.5
56.5 38.5
56.5 46.5
56.5 47.5
56.5 48.5
56.5 49.5
56.5 58.5
56.5 59.5
56.5 60.5
57.5 9.5
57.5 10.5
57.5 19.5
57.5 20.5
57.5 23.5
57.5 24.5
57.5 30.5
57.5 31.5
57.5 38.5
57.5 39.5
57.5 46.5
57.5 47.5
57.5 48.5
57.5 49.5
57.5 58.5
57.5 59.5
57.5 60.5
58.5 9.5
58.5 10.5
58.5 18.5
58.5 19.5
58.5 20.5
58.5 23.5
58.5 24.5
58.5 30.5
58.5 31.5
58.5 47.5
58.5 58.5
58.5 59.5
58.5 60.5
59.5 10.5
59.5 18.5
59.5 19.5
59.5 23.5
59.5 24.5
