3.5 49.5
3.5 53.5
3.5 54.5
3.5 60.5
3.5 61.5
4.5 11.5
4.5 12.5
4.5 16.5
4.5 17.5
4.5 26.5
4.5 32.5
4.5 33.5
4.5 48.5
4.5 49.5
4.5 50.5
4.5 60.5
4.5 61.5
4.5 62.5
5.5 10.5
5.5 11.5
5.5 12.5
5.5 15.5
5.5 16.5
5.5 17.5
5.5 24.5
5.5 25.5
5.5 26.5
5.5 32.5
5.5 33.5
5.5 42.5
5.5 55.5
5.5 56.5
5.5 61.5
5.5 62.5
6.5 10.5
6.5 11.5
6.5 16.5
6.5 17.5
6.5 24.5
6.5 25.5
6.5 26.5
6.5 32.5
6.5 33.5
6.5 41.5
6.5 42.5
6.5 43.5
6.5 55.5
6.5 56.5
6.5 57.5
7.5 29.5
7.5 38.5
7.5 39.5
7.5 41.5
7.5 42.5
7.5 46.5
7.5 47.5
7.5 48.5
7.5 62.5
7.5 63.5
8.5 7.5
8.5 8.5
8.5 9.5
8.5 18.5
8.5 19.5
8.5 22.5
8.5 23.5
8.5 28.5
8.5 29.5
8.5 30.5
8.5 37.5
8.5 38.5
8.5 39.5
8.5 45.5
8.5 46.5
8.5 47.5
8.5 48.5
8.5 62.5
8.5 63.5
9.5 7.5
9.5 8.5
9.5 17.5
9.5 18.5
9.5 19.5
9.5 22.5
9.5 23.5
9.5 24.5
9.5 37.5
9.5 38.5
9.5 39.5
10.5 7.5
10.5 38.5
12.5 31.5
12.5 36.5
12.5 37.5
12.5 53.5
12.5 54.5
12.5 55.5
13.5 8.5
13.5 30.5
13.5 31.5
13.5 36.5
13.5 37.5
13.5 38.5
13.5 48.5
13.5 49.5
13.5 50.5
13.5 53.5
13.5 54.5
13.5 55.5
13.5 60.5
13.5 61.5
14.5 8.5
14.5 9.5
14.5 24.5
14.5 36.5
14.5 37.5
14.5 48.5
14.5 49.5
14.5 50.5
14.5 60.5
14.5 61.5
15.5 8.5
15.5 9.5
15.5 16.5
15.5 17.5
15.5 18.5
15.5 23.5
15.5 24.5
15.5 25.5
15.5 36.5
15.5 37.5
15.5 56.5
16.5 16.5
16.5 17.5
16.5 18.5
16.5 27.5
16.5 28.5
16.5 55.5
16.5 56.5
16.5 57.5
16.5 58.5
16.5 63.5
16.5 64.5
17.5 11.5
17.5 12.5
17.5 20.5
17.5 28.5
17.5 29.5
17.5 40.5
17.5 41.5
17.5 46.5
17.5 47.5
17.5 56.5
17.5 57.5
17.5 58.5
17.5 63.5
17.5 64.5
18.5 11.5
18.5 12.5
18.5 13.5
18.5 19.5
18.5 20.5
18.5 21.5
18.5 40.5
18.5 41.5
18.5 45.5
18.5 46.5
18.5 47.5
19.5 13.5
19.5 20.5
19.5 21.5
19.5 45.5
19.5 46.5
21.5 27.5
21.5 28.5
21.5 38.5
21.5 39.5
22.5 9.5
22.5 10.5
22.5 20.5
22.5 21.5
22.5 27.5
22.5 28.5
22.5 33.5
22.5 38.5
22.5 39.5
22.5 48.5
22.5 49.5
22.5 53.5
22.5 54.5
22.5 55.5
22.5 62.5
22.5 63.5
22.5 64.5
23.5 10.5
23.5 20.5
23.5 21.5
23.5 32.5
23.5 33.5
23.5 34.5
23.5 47.5
23.5 48.5
23.5 49.5
23.5 53.5
23.5 54.5
23.5 55.5
23.5 58.5
23.5 63.5
24.5 12.5
24.5 21.5
24.5 24.5
24.5 32.5
24.5 33.5
24.5 34.5
24.5 41.5
24.5 48.5
24.5 57.5
24.5 58.5
24.5 59.5
25.5 11.5
25.5 12.5
25.5 17.5
25.5 41.5
25.5 42.5
25.5 45.5
25.5 46.5
25.5 57.5
25.5 58.5
25.5 59.5
26.5 12.5
26.5 16.5
26.5 17.5
26.5 44.5
26.5 45.5
26.5 46.5
26.5 58.5
26.5 59.5
26.5 65.5
27.5 12.5
27.5 17.5
27.5 18.5
27.5 34.5
27.5 35.5
27.5 65.5
28.5 33.5
28.5 34.5
28.5 35.5
29.5 24.5
29.5 33.5
29.5 34.5
29.5 35.5
29.5 39.5
29.5 58.5
30.5 7.5
30.5 8.5
30.5 9.5
30.5 20.5
30.5 21.5
30.5 24.5
30.5 32.5
30.5 33.5
30.5 34.5
30.5 39.5
30.5 40.5
30.5 45.5
30.5 46.5
30.5 57.5
30.5 58.5
30.5 59.5
31.5 7.5
31.5 8.5
31.5 9.5
31.5 10.5
31.5 19.5
31.5 20.5
31.5 21.5
31.5 24.5
31.5 33.5
31.5 39.5
31.5 45.5
31.5 46.5
31.5 47.5
31.5 57.5
31.5 58.5
32.5 8.5
32.5 9.5
32.5 19.5
32.5 20.5
32.5 30.5
32.5 31.5
32.5 46.5
32.5 47.5
32.5 56.5
32.5 57.5
32.5 58.5
32.5 62.5
32.5 63.5
33.5 19.5
33.5 25.5
33.5 26.5
33.5 29.5
33.5 30.5
33.5 31.5
33.5 40.5
33.5 41.5
33.5 57.5
33.5 62.5
34.5 10.5
34.5 11.5
34.5 16.5
34.5 17.5
34.5 25.5
34.5 26.5
34.5 29.5
34.5 30.5
34.5 31.5
34.5 40.5
34.5 41.5
34.5 42.5
34.5 49.5
34.5 50.5
34.5 51.5
34.5 54.5
34.5 55.5
34.5 64.5
35.5 10.5
35.5 11.5
35.5 16.5
35.5 17.5
35.5 41.5
35.5 42.5
35.5 48.5
35.5 49.5
35.5 50.5
35.5 51.5
35.5 53.5
35.5 54.5
35.5 55.5
35.5 64.5
35.5 65.5
36.5 49.5
36.5 50.5
36.5 54.5
36.5 55.5
36.5 64.5
36.5 65.5
38.5 9.5
38.5 42.5
38.5 43.5
38.5 62.5
39.5 9.5
39.5 10.5
39.5 17.5
39.5 18.5
39.5 19.5
39.5 31.5
39.5 32.5
39.5 42.5
39.5 43.5
39.5 48.5
39.5 62.5
39.5 63.5
40.5 9.5
40.5 10.5
40.5 17.5
40.5 18.5
40.5 19.5
40.5 20.5
40.5 23.5
40.5 24.5
40.5 31.5
40.5 32.5
40.5 33.5
40.5 47.5
40.5 48.5
40.5 57.5
40.5 58.5
40.5 62.5
40.5 63.5
41.5 14.5
41.5 22.5
41.5 23.5
41.5 32.5
41.5 33.5
41.5 40.5
41.5 41.5
41.5 48.5
41.5 57.5
42.5 13.5
42.5 14.5
42.5 15.5
42.5 25.5
42.5 26.5
42.5 35.5
42.5 39.5
42.5 40.5
42.5 41.5
42.5 50.5
42.5 51.5
42.5 55.5
42.5 64.5
42.5 65.5
42.5 66.5
43.5 6.5
43.5 7.5
43.5 13.5
43.5 14.5
43.5 25.5
43.5 26.5
43.5 27.5
43.5 34.5
43.5 35.5
43.5 36.5
43.5 38.5
43.5 39.5
43.5 40.5
43.5 50.5
43.5 51.5
43.5 55.5
43.5 56.5
43.5 65.5
43.5 66.5
43.5 67.5
44.5 6.5
44.5 7.5
44.5 25.5
44.5 26.5
44.5 27.5
44.5 35.5
44.5 36.5
45.5 26.5
46.5 9.5
46.5 13.5
46.5 14.5
46.5 47.5
46.5 48.5
46.5 58.5
46.5 59.5
47.5 9.5
47.5 10.5
47.5 23.5
47.5 24.5
47.5 43.5
47.5 47.5
47.5 48.5
47.5 49.5
47.5 58.5
47.5 59.5
47.5 64.5
48.5 9.5
48.5 23.5
48.5 24.5
48.5 25.5
48.5 33.5
48.5 41.5
48.5 42.5
48.5 43.5
48.5 44.5
48.5 47.5
48.5 48.5
48.5 49.5
48.5 58.5
48.5 59.5
48.5 62.5
48.5 63.5
48.5 64.5
49.5 16.5
49.5 27.5
49.5 28.5
49.5 32.5
49.5 33.5
49.5 34.5
49.5 42.5
49.5 43.5
49.5 63.5
50.5 11.5
50.5 12.5
50.5 16.5
50.5 18.5
50.5 19.5
50.5 27.5
50.5 28.5
50.5 33.5
50.5 50.5
50.5 56.5
50.5 57.5
51.5 11.5
51.5 12.5
51.5 19.5
51.5 27.5
51.5 28.5
51.5 40.5
51.5 49.5
51.5 50.5
51.5 51.5
51.5 52.5
51.5 55.5
51.5 56.5
51.5 57.5
51.5 65.5
51.5 66.5
52.5 34.5
52.5 35.5
52.5 39.5
52.5 40.5
52.5 50.5
52.5 51.5
52.5 52.5
52.5 55.5
52.5 56.5
52.5 57.5
53.5 34.5
53.5 35.5
53.5 39.5
53.5 40.5
54.5 7.5
54.5 8.5
54.5 9.5
55.5 7.5
55.5 8.5
55.5 9.5
55.5 18.5
55.5 19.5
55.5 26.5
55.5 27.5
56.5 8.5
56.5 9.5
56.5 10.5
56.5 18.5
56.5 19.5
56.5 25.5
56.5 26.5
56.5 27.5
56.5 42.5
56.5 43.5
56.5 50.5
56.5 57.5
56.5 65.5
57.5 9.5
57.5 10.5
57.5 25.5
57.5 26.5
57.5 27.5
57.5 41.5
57.5 42.5
57.5 43.5
57.5 49.5
57.5 50.5
57.5 57.5
57.5 58.5
57.5 59.5
57.5 65.5
57.5 66.5
58.5 12.5
58.5 21.5
58.5 22.5
58.5 23.5
58.5 32.5
58.5 33.5
58.5 34.5
58.5 41.5
58.5 42.5
58.5 50.5
58.5 58.5
58.5 59.5
59.5 11.5
59.5 12.5
59.5 13.5
59.5 20.5
59.5 21.5
59.5 22.5
59.5 23.5
59.5 32.5
59.5 33.5
59.5 34.5
59.5 46.5
59.5 47.5
59.5 48.5
59.5 54.5
59.5 55.5
59.5 62.5
59.5 63.5
60.5 11.5
60.5 12.5
60.5 13.5
60.5 21.5
60.5 22.5
60.5 30.5
60.5 37.5
60.5 38.5
60.5 46.5
60.5 47.5
60.5 54.5
60.5 55.5
60.5 61.5
60.5 62.5
60.5 63.5
60.5 64.5
61.5 29.5
61.5 30.5
61.5 31.5
61.5 37.5
61.5 38.5
61.5 39.5
61.5 62.5
61.5 63.5
62.5 29.5
62.5 30.5
62.5 31.5
62.5 38.5
62.5 39.5
63.5 38.5
63.5 39.5
