5.5 9.5
5.5 10.5
5.5 22.5
5.5 38.5
5.5 47.5
6.5 64.5
8.5 14.5
9.5 13.5
9.5 26.5
9.5 34.5
9.5 35.5
9.5 51.5
9.5 59.5
9.5 60.5
15.5 10.5
15.5 51.5
15.5 63.5
16.5 22.5
16.5 39.5
19.5 14.5
19.5 26.5
19.5 34.5
19.5 47.5
19.5 59.5
25.5 10.5
25.5 26.5
25.5 35.5
26.5 34.5
26.5 46.5
26.5 47.5
26.5 63.5
29.5 14.5
29.5 22.5
29.5 38.5
29.5 39.5
29.5 51.5
29.5 59.5
36.5 10.5
36.5 27.5
36.5 34.5
36.5 35.5
36.5 47.5
36.5 63.5
39.5 22.5
39.5 39.5
39.5 51.5
39.5 59.5
40.5 14.5
40.5 23.5
46.5 10.5
46.5 26.5
46.5 39.5
46.5 51.5
46.5 63.5
49.5 34.5
49.5 46.5
49.5 58.5
50.5 14.5
50.5 22.5
50.5 35.5
50.5 59.5
56.5 11.5
56.5 38.5
56.5 47.5
56.5 59.5
57.5 10.5
57.5 26.5
57.5 39.5
60.5 14.5
60.5 22.5
60.5 34.5
60.5 50.5
60.5 63.5
