4.5 17.5
4.5 18.5
4.5 26.5
4.5 31.5
4.5 32.5
4.5 41.5
4.5 42.5
4.5 46.5
4.5 47.5
4.5 64.5
4.5 65.5
5.5 8.5
5.5 18.5
5.5 19.5
5.5 55.5
5.5 64.5
5.5 65.5
6.5 8.5
6.5 23.5
6.5 24.5
6.5 51.5
7.5 15.5
7.5 33.5
7.5 34.5
7.5 35.5
7.5 39.5
7.5 49.5
7.5 50.5
7.5 57.5
7.5 58.5
7.5 62.5
8.5 10.5
8.5 11.5
8.5 16.5
8.5 40.5
10.5 24.5
11.5 18.5
11.5 23.5
11.5 32.5
11.5 49.5
11.5 57.5
11.5 62.5
12.5 11.5
12.5 18.5
12.5 19.5
12.5 31.5
12.5 32.5
12.5 41.5
12.5 42.5
12.5 49.5
12.5 50.5
12.5 57.5
12.5 58.5
12.5 62.5
13.5 12.5
13.5 26.5
13.5 27.5
13.5 42.5
13.5 58.5
13.5 62.5
14.5 8.5
14.5 15.5
14.5 16.5
14.5 26.5
14.5 34.5
14.5 46.5
14.5 47.5
14.5 65.5
15.5 8.5
15.5 9.5
15.5 33.5
15.5 38.5
15.5 39.5
15.5 47.5
15.5 55.5
15.5 64.5
15.5 65.5
16.5 9.5
16.5 40.5
18.5 18.5
18.5 24.5
18.5 25.5
19.5 18.5
19.5 19.5
19.5 23.5
19.5 24.5
19.5 32.5
19.5 64.5
20.5 10.5
20.5 11.5
20.5 31.5
20.5 38.5
20.5 39.5
20.5 40.5
20.5 47.5
20.5 48.5
20.5 55.5
20.5 56.5
20.5 64.5
20.5 65.5
21.5 11.5
21.5 15.5
21.5 27.5
21.5 47.5
21.5 55.5
22.5 15.5
22.5 16.5
22.5 26.5
22.5 27.5
22.5 34.5
22.5 50.5
22.5 51.5
22.5 58.5
22.5 61.5
22.5 62.5
23.5 8.5
23.5 26.5
23.5 33.5
23.5 34.5
23.5 42.5
23.5 50.5
23.5 57.5
23.5 62.5
26.5 16.5
27.5 8.5
27.5 15.5
27.5 16.5
27.5 23.5
27.5 24.5
27.5 34.5
27.5 41.5
27.5 42.5
27.5 50.5
27.5 57.5
27.5 63.5
27.5 64.5
28.5 8.5
28.5 15.5
28.5 23.5
28.5 24.5
28.5 34.5
28.5 35.5
28.5 42.5
28.5 50.5
28.5 51.5
28.5 57.5
28.5 64.5
29.5 11.5
29.5 18.5
29.5 19.5
29.5 51.5
30.5 10.5
30.5 11.5
30.5 18.5
30.5 27.5
30.5 31.5
30.5 32.5
30.5 39.5
30.5 46.5
30.5 47.5
30.5 55.5
30.5 61.5
31.5 26.5
31.5 32.5
31.5 40.5
31.5 47.5
31.5 55.5
31.5 61.5
31.5 62.5
32.5 55.5
34.5 9.5
34.5 17.5
34.5 41.5
35.5 8.5
35.5 9.5
35.5 16.5
35.5 25.5
35.5 26.5
35.5 33.5
35.5 34.5
35.5 41.5
35.5 42.5
35.5 49.5
35.5 62.5
36.5 34.5
36.5 42.5
36.5 50.5
36.5 57.5
36.5 61.5
37.5 11.5
37.5 12.5
37.5 19.5
37.5 23.5
37.5 30.5
37.5 38.5
37.5 46.5
37.5 47.5
38.5 11.5
38.5 18.5
38.5 19.5
38.5 23.5
38.5 30.5
38.5 31.5
38.5 38.5
38.5 39.5
38.5 47.5
38.5 54.5
38.5 55.5
38.5 64.5
38.5 65.5
39.5 64.5
42.5 9.5
42.5 10.5
42.5 17.5
42.5 24.5
42.5 31.5
42.5 38.5
42.5 39.5
42.5 47.5
42.5 54.5
42.5 55.5
43.5 9.5
43.5 16.5
43.5 17.5
43.5 23.5
43.5 30.5
43.5 31.5
43.5 47.5
43.5 54.5
43.5 64.5
44.5 30.5
44.5 42.5
44.5 43.5
44.5 50.5
44.5 57.5
44.5 60.5
45.5 12.5
45.5 19.5
45.5 20.5
45.5 26.5
45.5 33.5
45.5 41.5
45.5 42.5
45.5 50.5
45.5 56.5
45.5 61.5
46.5 11.5
46.5 12.5
46.5 19.5
46.5 26.5
49.5 33.5
49.5 39.5
49.5 40.5
49.5 61.5
50.5 11.5
50.5 12.5
50.5 19.5
50.5 20.5
50.5 25.5
50.5 33.5
50.5 34.5
50.5 38.5
50.5 39.5
50.5 50.5
50.5 54.5
50.5 61.5
51.5 12.5
51.5 24.5
51.5 34.5
51.5 51.5
51.5 54.5
51.5 60.5
52.5 8.5
52.5 9.5
52.5 16.5
52.5 17.5
52.5 43.5
52.5 47.5
52.5 57.5
52.5 64.5
52.5 65.5
53.5 9.5
53.5 17.5
53.5 18.5
53.5 27.5
53.5 31.5
53.5 42.5
53.5 47.5
53.5 48.5
53.5 56.5
53.5 64.5
54.5 26.5
54.5 31.5
54.5 32.5
54.5 41.5
54.5 48.5
54.5 64.5
57.5 9.5
57.5 19.5
57.5 20.5
57.5 25.5
57.5 56.5
58.5 8.5
58.5 19.5
58.5 20.5
58.5 24.5
58.5 31.5
58.5 39.5
58.5 40.5
58.5 49.5
58.5 50.5
58.5 56.5
58.5 57.5
58.5 64.5
59.5 38.5
59.5 39.5
59.5 50.5
59.5 57.5
59.5 64.5
59.5 65.5
60.5 11.5
60.5 12.5
60.5 16.5
60.5 27.5
60.5 34.5
60.5 54.5
60.5 60.5
60.5 61.5
61.5 11.5
61.5 16.5
61.5 26.5
61.5 33.5
61.5 34.5
61.5 42.5
61.5 46.5
61.5 47.5
61.5 54.5
61.5 61.5
61.5 62.5
62.5 41.5
62.5 42.5
62.5 47.5
