4.5 15.5
5.5 15.5
5.5 16.5
5.5 17.5
5.5 27.5
5.5 28.5
5.5 42.5
5.5 43.5
5.5 60.5
5.5 61.5
5.5 62.5
6.5 16.5
6.5 17.5
6.5 18.5
6.5 26.5
6.5 27.5
6.5 40.5
6.5 41.5
6.5 42.5
6.5 60.5
6.5 61.5
6.5 62.5
6.5 63.5
6.5 64.5
7.5 17.5
7.5 18.5
7.5 25.5
7.5 26.5
7.5 39.5
7.5 40.5
7.5 41.5
7.5 62.5
7.5 63.5
7.5 64.5
8.5 10.5
8.5 24.5
8.5 25.5
9.5 10.5
9.5 11.5
9.5 12.5
9.5 32.5
9.5 33.5
9.5 47.5
9.5 48.5
9.5 54.5
9.5 55.5
10.5 11.5
10.5 12.5
10.5 13.5
10.5 30.5
10.5 31.5
10.5 32.5
10.5 45.5
10.5 46.5
10.5 47.5
10.5 48.5
10.5 55.5
10.5 56.5
11.5 12.5
11.5 13.5
11.5 29.5
11.5 30.5
11.5 31.5
11.5 44.5
11.5 45.5
11.5 46.5
11.5 56.5
11.5 57.5
11.5 58.5
12.5 57.5
12.5 58.5
17.5 14.5
17.5 15.5
17.5 29.5
17.5 30.5
17.5 31.5
17.5 42.5
17.5 43.5
18.5 14.5
18.5 15.5
18.5 16.5
18.5 30.5
18.5 31.5
18.5 32.5
18.5 41.5
18.5 42.5
18.5 43.5
18.5 57.5
18.5 58.5
19.5 16.5
19.5 17.5
19.5 31.5
19.5 32.5
19.5 33.5
19.5 40.5
19.5 41.5
19.5 42.5
19.5 56.5
19.5 57.5
20.5 55.5
20.5 56.5
21.5 9.5
21.5 10.5
21.5 24.5
21.5 25.5
22.5 9.5
22.5 10.5
22.5 11.5
22.5 24.5
22.5 25.5
22.5 26.5
22.5 27.5
22.5 47.5
22.5 48.5
22.5 49.5
22.5 62.5
22.5 63.5
23.5 11.5
23.5 12.5
23.5 26.5
23.5 27.5
23.5 28.5
23.5 45.5
23.5 46.5
23.5 47.5
23.5 48.5
23.5 61.5
23.5 62.5
23.5 63.5
24.5 45.5
24.5 46.5
24.5 60.5
24.5 61.5
24.5 62.5
25.5 60.5
29.5 11.5
29.5 12.5
29.5 26.5
29.5 27.5
29.5 28.5
29.5 45.5
29.5 46.5
30.5 11.5
30.5 12.5
30.5 24.5
30.5 25.5
30.5 26.5
30.5 27.5
30.5 46.5
30.5 47.5
30.5 48.5
30.5 57.5
30.5 58.5
31.5 10.5
31.5 11.5
31.5 12.5
31.5 24.5
31.5 25.5
31.5 48.5
31.5 49.5
31.5 55.5
31.5 56.5
31.5 57.5
32.5 10.5
32.5 11.5
33.5 10.5
33.5 18.5
33.5 32.5
33.5 33.5
33.5 34.5
33.5 40.5
33.5 41.5
33.5 42.5
34.5 17.5
34.5 18.5
34.5 31.5
34.5 32.5
34.5 33.5
34.5 41.5
34.5 42.5
34.5 43.5
34.5 61.5
34.5 62.5
34.5 63.5
35.5 16.5
35.5 17.5
35.5 30.5
35.5 31.5
35.5 43.5
35.5 59.5
35.5 60.5
35.5 61.5
35.5 62.5
36.5 15.5
36.5 16.5
40.5 30.5
40.5 43.5
40.5 44.5
41.5 30.5
41.5 31.5
41.5 32.5
41.5 41.5
41.5 42.5
41.5 43.5
41.5 57.5
41.5 58.5
41.5 59.5
42.5 16.5
42.5 17.5
42.5 31.5
42.5 32.5
42.5 33.5
42.5 40.5
42.5 41.5
42.5 42.5
42.5 56.5
42.5 57.5
42.5 58.5
43.5 16.5
43.5 17.5
43.5 18.5
43.5 33.5
43.5 34.5
43.5 40.5
43.5 41.5
43.5 55.5
43.5 56.5
43.5 57.5
44.5 17.5
44.5 18.5
44.5 19.5
44.5 48.5
44.5 49.5
45.5 25.5
45.5 26.5
45.5 47.5
45.5 48.5
46.5 26.5
46.5 27.5
46.5 28.5
46.5 46.5
46.5 47.5
46.5 48.5
46.5 62.5
46.5 63.5
47.5 10.5
47.5 11.5
47.5 12.5
47.5 27.5
47.5 28.5
47.5 29.5
47.5 45.5
47.5 46.5
47.5 47.5
47.5 61.5
47.5 62.5
48.5 11.5
48.5 12.5
48.5 13.5
48.5 14.5
48.5 29.5
48.5 60.5
48.5 61.5
53.5 13.5
53.5 44.5
54.5 11.5
54.5 12.5
54.5 13.5
54.5 30.5
54.5 31.5
54.5 32.5
54.5 42.5
54.5 43.5
54.5 44.5
54.5 57.5
54.5 58.5
55.5 9.5
55.5 10.5
55.5 11.5
55.5 31.5
55.5 32.5
55.5 33.5
55.5 41.5
55.5 42.5
55.5 43.5
55.5 56.5
55.5 57.5
56.5 32.5
56.5 33.5
56.5 34.5
56.5 40.5
56.5 41.5
56.5 42.5
56.5 55.5
56.5 56.5
56.5 57.5
57.5 55.5
58.5 16.5
58.5 17.5
58.5 24.5
58.5 48.5
58.5 49.5
58.5 62.5
58.5 63.5
59.5 14.5
59.5 15.5
59.5 16.5
59.5 24.5
59.5 25.5
59.5 26.5
59.5 27.5
59.5 47.5
59.5 48.5
59.5 49.5
59.5 60.5
59.5 61.5
59.5 62.5
60.5 14.5
60.5 15.5
60.5 25.5
60.5 26.5
60.5 27.5
60.5 28.5
60.5 46.5
60.5 47.5
60.5 48.5
60.5 60.5
60.5 61.5
61.5 27.5
61.5 28.5
61.5 45.5
61.5 46.5
