8.5 11.5
8.5 12.5
8.5 31.5
8.5 32.5
8.5 42.5
8.5 61.5
8.5 62.5
9.5 10.5
9.5 11.5
9.5 31.5
9.5 32.5
9.5 41.5
9.5 42.5
9.5 62.5
9.5 63.5
10.5 10.5
10.5 32.5
10.5 41.5
10.5 42.5
10.5 62.5
15.5 16.5
15.5 17.5
15.5 26.5
15.5 27.5
15.5 47.5
15.5 56.5
15.5 57.5
16.5 15.5
16.5 16.5
16.5 17.5
16.5 26.5
16.5 27.5
16.5 46.5
16.5 47.5
16.5 56.5
16.5 57.5
17.5 16.5
17.5 27.5
17.5 46.5
17.5 57.5
28.5 12.5
28.5 31.5
28.5 42.5
28.5 57.5
29.5 11.5
29.5 12.5
29.5 31.5
29.5 32.5
29.5 41.5
29.5 42.5
29.5 56.5
29.5 57.5
30.5 11.5
30.5 32.5
30.5 41.5
30.5 42.5
30.5 56.5
30.5 57.5
35.5 17.5
35.5 26.5
35.5 47.5
35.5 62.5
36.5 16.5
36.5 17.5
36.5 26.5
36.5 27.5
36.5 46.5
36.5 47.5
36.5 61.5
36.5 62.5
37.5 16.5
37.5 17.5
37.5 27.5
37.5 46.5
37.5 61.5
37.5 62.5
48.5 46.5
49.5 16.5
49.5 31.5
49.5 32.5
49.5 46.5
49.5 47.5
49.5 57.5
50.5 16.5
50.5 17.5
50.5 31.5
50.5 32.5
50.5 47.5
50.5 56.5
50.5 57.5
51.5 17.5
51.5 32.5
55.5 11.5
55.5 41.5
56.5 10.5
56.5 11.5
56.5 26.5
56.5 41.5
56.5 42.5
56.5 62.5
56.5 63.5
57.5 11.5
57.5 12.5
57.5 26.5
57.5 27.5
57.5 41.5
57.5 42.5
57.5 61.5
57.5 62.5
58.5 27.5
