3.5 26.5
3.5 34.5
4.5 10.5
4.5 11.5
4.5 18.5
4.5 26.5
4.5 27.5
4.5 35.5
4.5 39.5
4.5 56.5
5.5 9.5
5.5 26.5
5.5 27.5
5.5 35.5
5.5 39.5
5.5 40.5
5.5 46.5
5.5 47.5
5.5 55.5
5.5 56.5
5.5 60.5
5.5 61.5
6.5 13.5
6.5 14.5
6.5 20.5
6.5 31.5
6.5 32.5
6.5 39.5
6.5 46.5
6.5 47.5
6.5 56.5
6.5 60.5
6.5 61.5
7.5 19.5
7.5 20.5
7.5 23.5
7.5 31.5
7.5 32.5
7.5 33.5
7.5 43.5
8.5 6.5
8.5 19.5
8.5 23.5
8.5 31.5
8.5 32.5
8.5 33.5
8.5 42.5
8.5 43.5
8.5 49.5
8.5 50.5
8.5 53.5
8.5 54.5
8.5 63.5
8.5 64.5
8.5 65.5
9.5 6.5
9.5 49.5
9.5 50.5
9.5 54.5
10.5 6.5
10.5 9.5
10.5 10.5
11.5 9.5
11.5 10.5
12.5 42.5
12.5 63.5
12.5 64.5
12.5 65.5
13.5 17.5
13.5 18.5
13.5 23.5
13.5 32.5
13.5 33.5
13.5 42.5
13.5 49.5
13.5 56.5
13.5 63.5
13.5 64.5
13.5 65.5
14.5 12.5
14.5 13.5
14.5 17.5
14.5 23.5
14.5 32.5
14.5 33.5
14.5 34.5
14.5 49.5
14.5 50.5
14.5 57.5
14.5 63.5
14.5 64.5
14.5 65.5
15.5 11.5
15.5 12.5
15.5 13.5
15.5 17.5
15.5 23.5
15.5 32.5
15.5 33.5
15.5 34.5
15.5 45.5
15.5 46.5
15.5 58.5
16.5 11.5
16.5 12.5
16.5 13.5
16.5 20.5
16.5 27.5
16.5 38.5
16.5 39.5
16.5 45.5
16.5 46.5
16.5 53.5
16.5 54.5
16.5 55.5
16.5 61.5
17.5 19.5
17.5 20.5
17.5 26.5
17.5 27.5
17.5 28.5
17.5 38.5
17.5 39.5
17.5 54.5
17.5 55.5
17.5 61.5
17.5 67.5
18.5 19.5
18.5 20.5
18.5 27.5
18.5 28.5
18.5 67.5
19.5 67.5
21.5 7.5
21.5 8.5
21.5 9.5
21.5 45.5
21.5 56.5
21.5 64.5
22.5 7.5
22.5 8.5
22.5 9.5
22.5 19.5
22.5 39.5
22.5 40.5
22.5 44.5
22.5 45.5
22.5 56.5
22.5 57.5
22.5 58.5
23.5 7.5
23.5 8.5
23.5 19.5
23.5 20.5
23.5 28.5
23.5 29.5
23.5 40.5
23.5 44.5
23.5 45.5
23.5 57.5
23.5 58.5
24.5 20.5
24.5 28.5
24.5 29.5
24.5 30.5
24.5 40.5
24.5 62.5
24.5 63.5
25.5 24.5
25.5 29.5
25.5 30.5
25.5 48.5
25.5 49.5
25.5 53.5
25.5 54.5
25.5 62.5
25.5 63.5
26.5 10.5
26.5 11.5
26.5 12.5
26.5 17.5
26.5 24.5
26.5 25.5
26.5 34.5
26.5 38.5
26.5 48.5
26.5 49.5
26.5 53.5
26.5 54.5
26.5 55.5
27.5 10.5
27.5 11.5
27.5 12.5
27.5 17.5
27.5 25.5
27.5 33.5
27.5 34.5
27.5 38.5
27.5 39.5
27.5 47.5
27.5 48.5
28.5 33.5
29.5 65.5
30.5 65.5
30.5 66.5
31.5 10.5
31.5 11.5
31.5 18.5
31.5 26.5
31.5 27.5
31.5 39.5
31.5 47.5
31.5 56.5
31.5 57.5
31.5 65.5
31.5 66.5
32.5 7.5
32.5 18.5
32.5 27.5
32.5 34.5
32.5 35.5
32.5 38.5
32.5 39.5
32.5 45.5
32.5 46.5
32.5 47.5
32.5 57.5
32.5 58.5
32.5 66.5
33.5 7.5
33.5 8.5
33.5 22.5
33.5 23.5
33.5 35.5
33.5 46.5
34.5 7.5
34.5 8.5
34.5 15.5
34.5 22.5
34.5 23.5
34.5 31.5
34.5 32.5
34.5 41.5
34.5 42.5
34.5 49.5
34.5 53.5
34.5 54.5
34.5 62.5
34.5 63.5
35.5 32.5
35.5 41.5
35.5 48.5
35.5 53.5
35.5 54.5
35.5 55.5
35.5 63.5
35.5 64.5
36.5 54.5
38.5 10.5
38.5 11.5
38.5 15.5
38.5 33.5
39.5 10.5
39.5 11.5
39.5 15.5
39.5 24.5
39.5 25.5
39.5 33.5
39.5 34.5
39.5 39.5
39.5 40.5
39.5 54.5
40.5 11.5
40.5 15.5
40.5 24.5
40.5 25.5
40.5 26.5
40.5 33.5
40.5 34.5
40.5 39.5
40.5 48.5
40.5 52.5
40.5 53.5
40.5 54.5
40.5 65.5
40.5 66.5
41.5 25.5
41.5 26.5
41.5 34.5
41.5 38.5
41.5 39.5
41.5 65.5
41.5 66.5
41.5 67.5
42.5 8.5
42.5 9.5
42.5 17.5
42.5 26.5
42.5 30.5
42.5 46.5
42.5 57.5
42.5 58.5
43.5 9.5
43.5 10.5
43.5 17.5
43.5 20.5
43.5 21.5
43.5 30.5
43.5 31.5
43.5 41.5
43.5 42.5
43.5 46.5
43.5 47.5
43.5 56.5
43.5 57.5
43.5 58.5
43.5 62.5
43.5 63.5
44.5 20.5
44.5 21.5
44.5 22.5
44.5 31.5
44.5 41.5
44.5 42.5
44.5 46.5
44.5 47.5
44.5 56.5
44.5 57.5
44.5 62.5
44.5 63.5
45.5 21.5
45.5 22.5
45.5 23.5
45.5 31.5
45.5 41.5
45.5 42.5
45.5 47.5
45.5 63.5
48.5 11.5
48.5 12.5
48.5 65.5
48.5 66.5
49.5 11.5
49.5 12.5
49.5 15.5
49.5 33.5
49.5 34.5
49.5 41.5
49.5 49.5
49.5 54.5
49.5 55.5
50.5 12.5
50.5 15.5
50.5 23.5
50.5 24.5
50.5 25.5
50.5 34.5
50.5 38.5
50.5 39.5
50.5 49.5
50.5 50.5
50.5 54.5
50.5 55.5
51.5 8.5
51.5 9.5
51.5 29.5
51.5 30.5
51.5 31.5
51.5 39.5
51.5 49.5
51.5 50.5
51.5 54.5
51.5 55.5
51.5 62.5
51.5 63.5
52.5 8.5
52.5 9.5
52.5 17.5
52.5 18.5
52.5 21.5
52.5 22.5
52.5 30.5
52.5 31.5
52.5 46.5
52.5 49.5
52.5 62.5
52.5 63.5
53.5 17.5
53.5 18.5
53.5 22.5
53.5 47.5
53.5 58.5
54.5 18.5
54.5 57.5
54.5 58.5
55.5 31.5
55.5 39.5
55.5 40.5
55.5 57.5
56.5 30.5
56.5 31.5
56.5 39.5
56.5 40.5
56.5 48.5
56.5 64.5
57.5 8.5
57.5 9.5
57.5 25.5
57.5 29.5
57.5 30.5
57.5 31.5
57.5 39.5
57.5 49.5
57.5 64.5
58.5 7.5
58.5 8.5
58.5 9.5
58.5 18.5
58.5 19.5
58.5 26.5
58.5 30.5
58.5 42.5
58.5 46.5
58.5 64.5
59.5 7.5
59.5 8.5
59.5 19.5
59.5 20.5
59.5 34.5
59.5 35.5
59.5 42.5
59.5 46.5
59.5 56.5
59.5 57.5
59.5 64.5
60.5 16.5
60.5 24.5
60.5 34.5
60.5 35.5
60.5 42.5
60.5 46.5
60.5 53.5
60.5 64.5
61.5 11.5
61.5 12.5
61.5 16.5
61.5 17.5
61.5 23.5
61.5 24.5
61.5 25.5
61.5 34.5
61.5 42.5
62.5 10.5
62.5 11.5
62.5 12.5
62.5 17.5
62.5 24.5
62.5 50.5
62.5 51.5
62.5 52.5
62.5 61.5
63.5 11.5
63.5 61.5
