4.5 9.5
4.5 10.5
4.5 63.5
4.5 64.5
4.5 65.5
5.5 8.5
5.5 9.5
5.5 10.5
5.5 19.5
5.5 20.5
5.5 21.5
5.5 33.5
5.5 38.5
5.5 39.5
5.5 40.5
5.5 50.5
5.5 63.5
5.5 64.5
5.5 65.5
6.5 8.5
6.5 9.5
6.5 10.5
6.5 19.5
6.5 20.5
6.5 48.5
6.5 49.5
6.5 50.5
7.5 14.5
7.5 30.5
7.5 42.5
7.5 43.5
7.5 54.5
7.5 59.5
8.5 13.5
8.5 14.5
8.5 23.5
8.5 24.5
8.5 29.5
8.5 30.5
8.5 42.5
8.5 43.5
8.5 52.5
8.5 53.5
8.5 54.5
8.5 59.5
8.5 60.5
8.5 61.5
9.5 12.5
9.5 13.5
9.5 22.5
9.5 23.5
9.5 24.5
9.5 52.5
11.5 40.5
12.5 32.5
12.5 33.5
12.5 39.5
12.5 40.5
12.5 41.5
12.5 52.5
12.5 53.5
12.5 60.5
12.5 61.5
13.5 20.5
13.5 31.5
13.5 32.5
13.5 33.5
13.5 34.5
13.5 39.5
13.5 40.5
13.5 53.5
13.5 54.5
13.5 59.5
13.5 60.5
14.5 13.5
14.5 14.5
14.5 15.5
14.5 20.5
14.5 21.5
14.5 32.5
14.5 33.5
15.5 13.5
15.5 14.5
15.5 15.5
15.5 19.5
15.5 20.5
15.5 49.5
15.5 50.5
15.5 62.5
15.5 63.5
15.5 64.5
16.5 28.5
16.5 29.5
16.5 43.5
16.5 44.5
16.5 49.5
16.5 50.5
16.5 51.5
16.5 62.5
16.5 63.5
17.5 10.5
17.5 23.5
17.5 29.5
17.5 30.5
17.5 42.5
17.5 43.5
17.5 44.5
17.5 50.5
18.5 10.5
18.5 11.5
18.5 12.5
18.5 22.5
18.5 43.5
20.5 59.5
20.5 60.5
21.5 30.5
21.5 31.5
21.5 52.5
21.5 53.5
21.5 59.5
21.5 60.5
22.5 11.5
22.5 12.5
22.5 23.5
22.5 24.5
22.5 29.5
22.5 30.5
22.5 31.5
22.5 41.5
22.5 42.5
22.5 52.5
22.5 53.5
22.5 54.5
22.5 58.5
22.5 59.5
22.5 60.5
23.5 10.5
23.5 11.5
23.5 23.5
23.5 24.5
23.5 29.5
23.5 30.5
23.5 40.5
23.5 41.5
23.5 42.5
23.5 52.5
23.5 53.5
23.5 54.5
24.5 24.5
24.5 40.5
24.5 41.5
24.5 63.5
24.5 64.5
25.5 14.5
25.5 15.5
25.5 16.5
25.5 20.5
25.5 33.5
25.5 34.5
25.5 35.5
25.5 49.5
25.5 62.5
25.5 63.5
25.5 64.5
26.5 13.5
26.5 14.5
26.5 15.5
26.5 21.5
26.5 33.5
26.5 34.5
26.5 35.5
26.5 44.5
26.5 49.5
26.5 50.5
26.5 62.5
27.5 33.5
27.5 34.5
27.5 43.5
27.5 44.5
27.5 50.5
30.5 13.5
30.5 14.5
30.5 23.5
30.5 62.5
30.5 63.5
30.5 64.5
31.5 13.5
31.5 14.5
31.5 15.5
31.5 23.5
31.5 24.5
31.5 33.5
31.5 34.5
31.5 43.5
31.5 48.5
31.5 49.5
31.5 63.5
31.5 64.5
31.5 65.5
32.5 14.5
32.5 15.5
32.5 24.5
32.5 33.5
32.5 34.5
32.5 35.5
32.5 36.5
32.5 43.5
32.5 48.5
33.5 9.5
33.5 10.5
33.5 20.5
33.5 29.5
33.5 35.5
34.5 9.5
34.5 10.5
34.5 11.5
34.5 20.5
34.5 21.5
34.5 29.5
34.5 30.5
34.5 31.5
34.5 40.5
34.5 41.5
34.5 51.5
34.5 52.5
34.5 53.5
34.5 54.5
34.5 59.5
34.5 60.5
34.5 61.5
35.5 11.5
35.5 20.5
35.5 21.5
35.5 30.5
35.5 31.5
35.5 40.5
35.5 51.5
35.5 52.5
35.5 53.5
35.5 60.5
35.5 61.5
35.5 62.5
38.5 9.5
38.5 10.5
39.5 8.5
39.5 9.5
39.5 10.5
39.5 30.5
39.5 31.5
39.5 40.5
39.5 49.5
39.5 50.5
39.5 64.5
39.5 65.5
40.5 22.5
40.5 23.5
40.5 29.5
40.5 30.5
40.5 31.5
40.5 39.5
40.5 40.5
40.5 48.5
40.5 49.5
40.5 50.5
40.5 51.5
40.5 64.5
40.5 65.5
40.5 66.5
41.5 23.5
41.5 24.5
41.5 29.5
41.5 30.5
41.5 39.5
41.5 48.5
41.5 49.5
41.5 50.5
41.5 65.5
41.5 66.5
42.5 12.5
42.5 13.5
42.5 14.5
42.5 23.5
42.5 24.5
42.5 29.5
42.5 43.5
43.5 12.5
43.5 13.5
43.5 19.5
43.5 34.5
43.5 35.5
43.5 42.5
43.5 43.5
43.5 53.5
43.5 54.5
43.5 55.5
43.5 60.5
43.5 61.5
43.5 62.5
44.5 19.5
44.5 20.5
44.5 33.5
44.5 34.5
44.5 42.5
44.5 43.5
44.5 53.5
44.5 54.5
44.5 61.5
44.5 62.5
44.5 63.5
45.5 20.5
45.5 21.5
45.5 32.5
45.5 33.5
47.5 9.5
47.5 10.5
48.5 8.5
48.5 9.5
48.5 10.5
48.5 41.5
48.5 53.5
48.5 54.5
48.5 64.5
48.5 65.5
49.5 8.5
49.5 9.5
49.5 21.5
49.5 22.5
49.5 33.5
49.5 34.5
49.5 35.5
49.5 40.5
49.5 41.5
49.5 53.5
49.5 54.5
49.5 55.5
49.5 64.5
49.5 65.5
49.5 66.5
50.5 22.5
50.5 23.5
50.5 54.5
50.5 55.5
51.5 44.5
51.5 60.5
51.5 61.5
52.5 12.5
52.5 13.5
52.5 14.5
52.5 18.5
52.5 19.5
52.5 28.5
52.5 29.5
52.5 30.5
52.5 31.5
52.5 43.5
52.5 44.5
52.5 49.5
52.5 50.5
52.5 51.5
52.5 60.5
52.5 61.5
52.5 62.5
53.5 12.5
53.5 13.5
53.5 14.5
53.5 18.5
53.5 19.5
53.5 50.5
53.5 51.5
54.5 12.5
54.5 13.5
54.5 19.5
56.5 29.5
56.5 30.5
56.5 31.5
56.5 41.5
57.5 28.5
57.5 29.5
57.5 30.5
57.5 40.5
57.5 41.5
57.5 53.5
57.5 54.5
57.5 63.5
57.5 64.5
58.5 8.5
58.5 9.5
58.5 10.5
58.5 22.5
58.5 23.5
58.5 35.5
58.5 40.5
58.5 41.5
58.5 53.5
58.5 54.5
58.5 55.5
58.5 63.5
58.5 64.5
58.5 65.5
59.5 8.5
59.5 9.5
59.5 34.5
59.5 35.5
59.5 36.5
59.5 64.5
60.5 33.5
60.5 34.5
60.5 35.5
60.5 50.5
60.5 60.5
60.5 61.5
61.5 12.5
61.5 13.5
61.5 14.5
61.5 19.5
61.5 20.5
61.5 21.5
61.5 43.5
61.5 44.5
61.5 45.5
61.5 50.5
61.5 51.5
61.5 60.5
61.5 61.5
62.5 12.5
62.5 13.5
62.5 43.5
62.5 44.5
62.5 45.5
62.5 50.5
62.5 51.5
