6.5 20.5
6.5 36.5
6.5 53.5
6.5 64.5
7.5 12.5
7.5 20.5
7.5 26.5
7.5 36.5
7.5 47.5
7.5 53.5
7.5 64.5
8.5 12.5
8.5 21.5
8.5 35.5
8.5 47.5
8.5 52.5
11.5 17.5
11.5 30.5
11.5 56.5
11.5 61.5
12.5 9.5
12.5 17.5
12.5 29.5
12.5 44.5
12.5 61.5
13.5 9.5
13.5 29.5
13.5 38.5
13.5 44.5
13.5 55.5
13.5 61.5
21.5 20.5
21.5 27.5
21.5 44.5
22.5 9.5
22.5 20.5
22.5 26.5
22.5 27.5
22.5 38.5
22.5 43.5
22.5 53.5
22.5 64.5
23.5 9.5
23.5 20.5
23.5 26.5
23.5 38.5
23.5 43.5
23.5 64.5
26.5 47.5
27.5 12.5
27.5 17.5
27.5 30.5
27.5 35.5
27.5 47.5
27.5 61.5
28.5 17.5
28.5 29.5
28.5 35.5
28.5 46.5
28.5 55.5
28.5 61.5
29.5 29.5
29.5 55.5
36.5 44.5
37.5 9.5
37.5 18.5
37.5 29.5
37.5 37.5
37.5 44.5
37.5 64.5
38.5 9.5
38.5 17.5
38.5 29.5
38.5 38.5
38.5 43.5
38.5 56.5
38.5 64.5
39.5 38.5
39.5 56.5
42.5 12.5
42.5 21.5
42.5 26.5
42.5 47.5
42.5 61.5
43.5 12.5
43.5 20.5
43.5 26.5
43.5 35.5
43.5 47.5
43.5 53.5
43.5 61.5
44.5 20.5
44.5 26.5
44.5 53.5
52.5 12.5
52.5 18.5
52.5 28.5
52.5 37.5
52.5 44.5
52.5 55.5
53.5 12.5
53.5 18.5
53.5 38.5
53.5 43.5
53.5 56.5
53.5 61.5
54.5 12.5
54.5 17.5
54.5 29.5
54.5 38.5
54.5 43.5
54.5 56.5
54.5 61.5
57.5 8.5
57.5 34.5
57.5 47.5
57.5 52.5
58.5 9.5
58.5 21.5
58.5 26.5
58.5 34.5
58.5 46.5
58.5 53.5
58.5 64.5
59.5 9.5
59.5 20.5
59.5 26.5
59.5 46.5
59.5 53.5
59.5 64.5
