7.5 19.5
7.5 40.5
7.5 41.5
7.5 61.5
11.5 12.5
11.5 32.5
11.5 33.5
11.5 54.5
12.5 12.5
12.5 54.5
18.5 33.5
18.5 34.5
19.5 12.5
20.5 54.5
22.5 19.5
22.5 20.5
22.5 41.5
22.5 42.5
23.5 41.5
24.5 60.5
24.5 61.5
30.5 19.5
30.5 20.5
30.5 33.5
30.5 34.5
31.5 60.5
35.5 11.5
35.5 12.5
35.5 40.5
35.5 41.5
35.5 54.5
42.5 12.5
43.5 11.5
43.5 12.5
43.5 40.5
43.5 41.5
43.5 60.5
47.5 19.5
47.5 32.5
47.5 33.5
47.5 54.5
48.5 54.5
55.5 12.5
55.5 13.5
55.5 39.5
55.5 40.5
55.5 60.5
56.5 12.5
56.5 13.5
58.5 53.5
59.5 20.5
59.5 32.5
59.5 33.5
59.5 53.5
60.5 19.5
60.5 20.5
