3.5 62.5
3.5 63.5
4.5 14.5
4.5 15.5
4.5 25.5
4.5 26.5
4.5 40.5
4.5 41.5
4.5 42.5
4.5 43.5
4.5 62.5
4.5 63.5
4.5 64.5
5.5 14.5
5.5 15.5
5.5 16.5
5.5 25.5
5.5 40.5
5.5 41.5
5.5 42.5
6.5 30.5
6.5 31.5
6.5 48.5
6.5 57.5
6.5 58.5
6.5 59.5
7.5 7.5
7.5 8.5
7.5 9.5
7.5 10.5
7.5 29.5
7.5 30.5
7.5 31.5
7.5 46.5
7.5 47.5
7.5 48.5
7.5 49.5
7.5 58.5
7.5 59.5
8.5 8.5
8.5 9.5
8.5 47.5
11.5 62.5
11.5 63.5
12.5 9.5
12.5 10.5
12.5 11.5
12.5 26.5
12.5 27.5
12.5 46.5
12.5 47.5
12.5 48.5
12.5 62.5
12.5 63.5
12.5 64.5
13.5 9.5
13.5 10.5
13.5 11.5
13.5 25.5
13.5 26.5
13.5 27.5
13.5 47.5
13.5 48.5
13.5 62.5
13.5 63.5
13.5 64.5
14.5 17.5
15.5 16.5
15.5 17.5
15.5 18.5
15.5 31.5
15.5 32.5
15.5 33.5
15.5 41.5
15.5 42.5
15.5 43.5
15.5 57.5
15.5 58.5
16.5 16.5
16.5 17.5
16.5 31.5
16.5 32.5
16.5 42.5
16.5 57.5
16.5 58.5
16.5 59.5
20.5 17.5
20.5 31.5
20.5 32.5
20.5 33.5
20.5 40.5
20.5 41.5
20.5 42.5
20.5 43.5
21.5 16.5
21.5 17.5
21.5 18.5
21.5 32.5
21.5 61.5
21.5 62.5
21.5 63.5
22.5 18.5
22.5 46.5
22.5 47.5
22.5 48.5
22.5 56.5
23.5 10.5
23.5 11.5
23.5 12.5
23.5 26.5
23.5 27.5
23.5 28.5
23.5 46.5
23.5 47.5
23.5 56.5
23.5 57.5
24.5 11.5
24.5 12.5
24.5 27.5
24.5 28.5
27.5 31.5
27.5 32.5
27.5 45.5
27.5 46.5
27.5 47.5
27.5 55.5
27.5 56.5
28.5 10.5
28.5 11.5
28.5 12.5
28.5 30.5
28.5 31.5
28.5 32.5
28.5 46.5
28.5 47.5
28.5 55.5
28.5 56.5
29.5 40.5
29.5 41.5
29.5 60.5
29.5 61.5
29.5 62.5
30.5 15.5
30.5 16.5
30.5 17.5
30.5 25.5
30.5 26.5
30.5 27.5
30.5 40.5
30.5 41.5
30.5 42.5
30.5 59.5
30.5 60.5
30.5 61.5
31.5 16.5
31.5 26.5
31.5 27.5
34.5 11.5
34.5 12.5
34.5 26.5
34.5 27.5
34.5 41.5
34.5 55.5
34.5 56.5
34.5 57.5
35.5 10.5
35.5 11.5
35.5 12.5
35.5 26.5
35.5 27.5
35.5 40.5
35.5 41.5
35.5 55.5
35.5 56.5
35.5 57.5
36.5 61.5
36.5 62.5
36.5 63.5
37.5 16.5
37.5 17.5
37.5 18.5
37.5 31.5
37.5 32.5
37.5 45.5
37.5 46.5
37.5 61.5
37.5 62.5
37.5 63.5
38.5 16.5
38.5 17.5
38.5 31.5
38.5 45.5
38.5 46.5
38.5 61.5
42.5 15.5
42.5 16.5
42.5 17.5
42.5 26.5
42.5 27.5
42.5 41.5
42.5 42.5
42.5 56.5
42.5 57.5
42.5 58.5
43.5 16.5
43.5 17.5
43.5 26.5
43.5 41.5
43.5 42.5
44.5 31.5
44.5 32.5
44.5 33.5
44.5 47.5
44.5 48.5
44.5 63.5
44.5 64.5
44.5 65.5
45.5 11.5
45.5 12.5
45.5 31.5
45.5 32.5
45.5 46.5
45.5 47.5
45.5 48.5
45.5 63.5
45.5 64.5
46.5 11.5
46.5 12.5
49.5 31.5
49.5 32.5
49.5 46.5
49.5 47.5
49.5 48.5
49.5 62.5
49.5 63.5
49.5 64.5
50.5 16.5
50.5 17.5
50.5 31.5
50.5 32.5
50.5 33.5
50.5 47.5
50.5 48.5
50.5 63.5
50.5 64.5
51.5 16.5
51.5 17.5
51.5 32.5
51.5 33.5
51.5 56.5
51.5 57.5
52.5 26.5
52.5 41.5
52.5 42.5
52.5 43.5
52.5 56.5
52.5 57.5
52.5 58.5
53.5 11.5
53.5 25.5
53.5 26.5
53.5 27.5
53.5 28.5
53.5 41.5
53.5 42.5
53.5 43.5
53.5 57.5
54.5 10.5
54.5 11.5
54.5 12.5
54.5 26.5
54.5 27.5
55.5 11.5
55.5 12.5
57.5 57.5
57.5 58.5
58.5 30.5
58.5 31.5
58.5 32.5
58.5 47.5
58.5 48.5
58.5 56.5
58.5 57.5
58.5 58.5
59.5 11.5
59.5 12.5
59.5 31.5
59.5 62.5
60.5 11.5
60.5 41.5
60.5 42.5
60.5 43.5
60.5 61.5
60.5 62.5
60.5 63.5
61.5 16.5
61.5 17.5
61.5 25.5
61.5 26.5
61.5 27.5
61.5 42.5
61.5 43.5
61.5 62.5
61.5 63.5
62.5 16.5
62.5 17.5
62.5 25.5
62.5 26.5
