3.5 9.5
4.5 9.5
5.5 9.5
5.5 10.5
5.5 23.5
5.5 24.5
5.5 25.5
6.5 9.5
6.5 13.5
6.5 23.5
6.5 24.5
6.5 25.5
6.5 35.5
6.5 36.5
7.5 13.5
7.5 35.5
7.5 36.5
7.5 44.5
7.5 52.5
8.5 43.5
8.5 44.5
8.5 45.5
8.5 51.5
8.5 52.5
8.5 53.5
8.5 64.5
8.5 65.5
9.5 52.5
9.5 53.5
9.5 64.5
9.5 65.5
9.5 66.5
10.5 27.5
10.5 28.5
10.5 32.5
10.5 64.5
10.5 65.5
11.5 18.5
11.5 19.5
11.5 27.5
11.5 28.5
11.5 31.5
11.5 32.5
11.5 33.5
11.5 40.5
11.5 41.5
12.5 14.5
12.5 18.5
12.5 19.5
12.5 32.5
12.5 40.5
12.5 41.5
12.5 48.5
13.5 13.5
13.5 14.5
13.5 18.5
13.5 48.5
13.5 56.5
13.5 57.5
13.5 62.5
14.5 13.5
14.5 56.5
14.5 57.5
14.5 58.5
14.5 62.5
15.5 56.5
15.5 57.5
15.5 62.5
20.5 23.5
20.5 24.5
21.5 18.5
21.5 19.5
21.5 23.5
21.5 34.5
21.5 35.5
21.5 40.5
22.5 9.5
22.5 17.5
22.5 18.5
22.5 34.5
22.5 35.5
22.5 39.5
22.5 40.5
22.5 46.5
22.5 47.5
23.5 9.5
23.5 34.5
23.5 35.5
23.5 40.5
23.5 46.5
23.5 47.5
23.5 54.5
23.5 55.5
23.5 56.5
24.5 46.5
24.5 55.5
24.5 56.5
24.5 65.5
25.5 65.5
26.5 11.5
26.5 12.5
27.5 11.5
27.5 12.5
27.5 13.5
27.5 22.5
27.5 23.5
27.5 42.5
27.5 49.5
27.5 50.5
28.5 22.5
28.5 31.5
28.5 42.5
28.5 48.5
28.5 49.5
28.5 50.5
28.5 59.5
29.5 22.5
29.5 26.5
29.5 30.5
29.5 31.5
29.5 32.5
29.5 42.5
29.5 49.5
29.5 58.5
29.5 59.5
29.5 60.5
29.5 63.5
30.5 25.5
30.5 26.5
30.5 30.5
30.5 31.5
30.5 32.5
30.5 59.5
30.5 64.5
31.5 25.5
31.5 26.5
31.5 31.5
31.5 32.5
35.5 11.5
35.5 12.5
36.5 11.5
36.5 12.5
37.5 11.5
37.5 12.5
37.5 13.5
37.5 49.5
37.5 58.5
38.5 11.5
38.5 12.5
38.5 17.5
38.5 41.5
38.5 48.5
38.5 49.5
38.5 50.5
38.5 57.5
38.5 58.5
38.5 65.5
38.5 66.5
39.5 16.5
39.5 17.5
39.5 23.5
39.5 41.5
39.5 48.5
39.5 49.5
39.5 50.5
39.5 57.5
39.5 58.5
40.5 23.5
40.5 34.5
40.5 35.5
41.5 34.5
41.5 35.5
42.5 54.5
43.5 18.5
43.5 39.5
43.5 45.5
43.5 53.5
43.5 54.5
43.5 62.5
43.5 63.5
44.5 18.5
44.5 25.5
44.5 26.5
44.5 39.5
44.5 40.5
44.5 45.5
44.5 46.5
44.5 53.5
44.5 54.5
44.5 62.5
44.5 63.5
45.5 25.5
45.5 31.5
45.5 45.5
46.5 6.5
46.5 7.5
46.5 30.5
46.5 31.5
46.5 32.5
47.5 6.5
47.5 7.5
47.5 31.5
48.5 6.5
48.5 7.5
48.5 20.5
48.5 21.5
49.5 6.5
49.5 7.5
49.5 43.5
49.5 44.5
50.5 6.5
50.5 7.5
51.5 62.5
52.5 61.5
52.5 62.5
52.5 63.5
53.5 56.5
53.5 57.5
53.5 62.5
54.5 20.5
54.5 21.5
54.5 33.5
54.5 34.5
54.5 43.5
54.5 44.5
54.5 45.5
54.5 56.5
54.5 57.5
55.5 19.5
55.5 20.5
55.5 21.5
55.5 22.5
55.5 33.5
55.5 34.5
55.5 35.5
55.5 43.5
55.5 44.5
55.5 45.5
56.5 19.5
56.5 20.5
56.5 21.5
56.5 22.5
56.5 33.5
56.5 34.5
56.5 44.5
56.5 65.5
57.5 65.5
58.5 54.5
58.5 55.5
58.5 65.5
59.5 9.5
59.5 10.5
59.5 16.5
59.5 31.5
59.5 39.5
59.5 40.5
59.5 48.5
59.5 49.5
59.5 53.5
59.5 54.5
59.5 55.5
60.5 9.5
60.5 10.5
60.5 11.5
60.5 16.5
60.5 17.5
60.5 26.5
60.5 27.5
60.5 31.5
60.5 38.5
60.5 39.5
60.5 40.5
60.5 48.5
60.5 49.5
61.5 9.5
61.5 10.5
61.5 16.5
61.5 17.5
61.5 26.5
61.5 27.5
61.5 39.5
61.5 48.5
63.5 60.5
