7.5 26.5
7.5 64.5
8.5 10.5
8.5 26.5
8.5 39.5
9.5 9.5
9.5 10.5
9.5 52.5
12.5 22.5
12.5 34.5
13.5 14.5
13.5 15.5
13.5 47.5
13.5 59.5
14.5 59.5
21.5 26.5
21.5 34.5
21.5 35.5
22.5 59.5
23.5 15.5
23.5 47.5
27.5 22.5
27.5 23.5
27.5 39.5
27.5 51.5
27.5 62.5
27.5 63.5
28.5 10.5
28.5 51.5
29.5 10.5
37.5 26.5
37.5 27.5
37.5 38.5
37.5 39.5
37.5 51.5
37.5 52.5
37.5 59.5
38.5 13.5
38.5 14.5
41.5 34.5
42.5 22.5
42.5 34.5
42.5 47.5
43.5 9.5
43.5 22.5
43.5 47.5
43.5 63.5
51.5 34.5
52.5 10.5
52.5 23.5
52.5 34.5
53.5 10.5
53.5 23.5
53.5 47.5
53.5 64.5
57.5 27.5
57.5 39.5
58.5 15.5
58.5 27.5
58.5 39.5
58.5 52.5
58.5 60.5
59.5 15.5
59.5 52.5
59.5 60.5
