7.5 52.5
8.5 23.5
8.5 39.5
8.5 52.5
8.5 60.5
9.5 9.5
9.5 23.5
10.5 9.5
10.5 22.5
14.5 47.5
15.5 14.5
15.5 35.5
15.5 48.5
15.5 63.5
16.5 14.5
16.5 27.5
16.5 35.5
17.5 26.5
28.5 13.5
28.5 51.5
28.5 59.5
29.5 13.5
29.5 22.5
29.5 39.5
29.5 51.5
29.5 58.5
30.5 21.5
30.5 39.5
30.5 58.5
35.5 46.5
36.5 9.5
36.5 25.5
36.5 46.5
36.5 63.5
37.5 9.5
37.5 25.5
37.5 34.5
37.5 62.5
37.5 63.5
38.5 34.5
49.5 22.5
50.5 13.5
50.5 21.5
50.5 22.5
50.5 38.5
50.5 46.5
50.5 63.5
51.5 14.5
51.5 38.5
51.5 46.5
51.5 63.5
56.5 26.5
56.5 33.5
56.5 59.5
57.5 10.5
57.5 26.5
57.5 33.5
57.5 51.5
57.5 59.5
58.5 51.5
58.5 60.5
