4.5 7.5
4.5 17.5
4.5 47.5
4.5 55.5
4.5 56.5
4.5 62.5
5.5 6.5
5.5 7.5
5.5 16.5
5.5 17.5
5.5 26.5
5.5 27.5
5.5 37.5
5.5 38.5
5.5 47.5
5.5 56.5
5.5 61.5
5.5 62.5
6.5 6.5
6.5 7.5
6.5 16.5
6.5 17.5
6.5 26.5
6.5 38.5
6.5 47.5
6.5 61.5
7.5 52.5
8.5 10.5
8.5 11.5
8.5 20.5
8.5 21.5
8.5 29.5
8.5 33.5
8.5 34.5
8.5 43.5
8.5 52.5
8.5 53.5
8.5 64.5
9.5 10.5
9.5 11.5
9.5 20.5
9.5 28.5
9.5 34.5
9.5 35.5
9.5 43.5
9.5 44.5
9.5 53.5
9.5 63.5
9.5 64.5
14.5 8.5
14.5 9.5
14.5 20.5
14.5 26.5
14.5 61.5
15.5 7.5
15.5 8.5
15.5 20.5
15.5 21.5
15.5 26.5
15.5 34.5
15.5 35.5
15.5 43.5
15.5 44.5
15.5 55.5
15.5 56.5
15.5 61.5
16.5 20.5
16.5 21.5
16.5 25.5
16.5 34.5
16.5 35.5
16.5 43.5
16.5 44.5
16.5 55.5
16.5 56.5
16.5 60.5
17.5 34.5
17.5 43.5
18.5 11.5
18.5 12.5
18.5 16.5
18.5 17.5
18.5 29.5
18.5 38.5
18.5 52.5
18.5 64.5
19.5 11.5
19.5 16.5
19.5 17.5
19.5 28.5
19.5 29.5
19.5 38.5
19.5 47.5
19.5 52.5
19.5 53.5
19.5 63.5
20.5 17.5
20.5 28.5
20.5 29.5
20.5 37.5
20.5 38.5
20.5 46.5
20.5 53.5
20.5 63.5
25.5 8.5
25.5 9.5
25.5 18.5
25.5 28.5
25.5 38.5
25.5 44.5
25.5 45.5
25.5 53.5
25.5 61.5
26.5 8.5
26.5 17.5
26.5 18.5
26.5 28.5
26.5 29.5
26.5 38.5
26.5 39.5
26.5 43.5
26.5 44.5
26.5 52.5
26.5 53.5
26.5 61.5
27.5 17.5
27.5 29.5
27.5 52.5
27.5 61.5
28.5 47.5
28.5 48.5
29.5 11.5
29.5 12.5
29.5 21.5
29.5 26.5
29.5 34.5
29.5 35.5
29.5 47.5
29.5 55.5
29.5 56.5
29.5 64.5
30.5 11.5
30.5 12.5
30.5 21.5
30.5 26.5
30.5 55.5
30.5 56.5
30.5 64.5
31.5 21.5
35.5 11.5
35.5 12.5
35.5 36.5
35.5 37.5
35.5 38.5
35.5 44.5
35.5 45.5
35.5 64.5
36.5 11.5
36.5 12.5
36.5 21.5
36.5 37.5
36.5 38.5
36.5 43.5
36.5 44.5
36.5 53.5
36.5 54.5
36.5 65.5
37.5 22.5
37.5 29.5
37.5 52.5
37.5 53.5
37.5 65.5
38.5 8.5
38.5 17.5
38.5 29.5
39.5 8.5
39.5 17.5
39.5 18.5
39.5 26.5
39.5 33.5
39.5 34.5
39.5 47.5
39.5 56.5
39.5 61.5
39.5 62.5
40.5 26.5
40.5 27.5
40.5 34.5
40.5 35.5
40.5 46.5
40.5 47.5
40.5 55.5
40.5 56.5
40.5 61.5
40.5 62.5
40.5 63.5
41.5 27.5
41.5 35.5
45.5 9.5
45.5 17.5
45.5 18.5
45.5 29.5
45.5 46.5
45.5 53.5
45.5 64.5
46.5 8.5
46.5 9.5
46.5 17.5
46.5 18.5
46.5 29.5
46.5 30.5
46.5 35.5
46.5 46.5
46.5 47.5
46.5 52.5
46.5 53.5
46.5 64.5
46.5 65.5
47.5 8.5
47.5 9.5
47.5 47.5
47.5 52.5
48.5 26.5
48.5 38.5
48.5 39.5
49.5 12.5
49.5 13.5
49.5 21.5
49.5 26.5
49.5 27.5
49.5 38.5
49.5 43.5
49.5 44.5
49.5 55.5
49.5 56.5
49.5 60.5
49.5 61.5
50.5 12.5
50.5 20.5
50.5 21.5
50.5 26.5
50.5 27.5
50.5 44.5
50.5 55.5
50.5 61.5
51.5 12.5
51.5 20.5
55.5 35.5
55.5 36.5
55.5 44.5
55.5 63.5
56.5 12.5
56.5 13.5
56.5 18.5
56.5 28.5
56.5 29.5
56.5 30.5
56.5 35.5
56.5 43.5
56.5 44.5
56.5 52.5
56.5 53.5
56.5 63.5
56.5 64.5
57.5 13.5
57.5 17.5
57.5 18.5
57.5 29.5
57.5 30.5
57.5 43.5
57.5 52.5
57.5 64.5
59.5 38.5
59.5 47.5
59.5 56.5
59.5 61.5
60.5 9.5
60.5 10.5
60.5 20.5
60.5 21.5
60.5 26.5
60.5 37.5
60.5 38.5
60.5 46.5
60.5 47.5
60.5 55.5
60.5 56.5
60.5 61.5
61.5 10.5
61.5 20.5
61.5 26.5
61.5 27.5
61.5 37.5
61.5 46.5
61.5 55.5
61.5 62.5
