5.5 14.5
5.5 15.5
5.5 33.5
5.5 34.5
5.5 35.5
5.5 54.5
5.5 55.5
5.5 56.5
6.5 12.5
6.5 13.5
6.5 14.5
6.5 15.5
6.5 31.5
6.5 32.5
6.5 33.5
6.5 34.5
6.5 35.5
6.5 52.5
6.5 53.5
6.5 54.5
6.5 55.5
7.5 10.5
7.5 11.5
7.5 12.5
7.5 13.5
7.5 31.5
7.5 32.5
7.5 33.5
7.5 34.5
7.5 52.5
7.5 53.5
7.5 54.5
9.5 20.5
9.5 21.5
9.5 22.5
9.5 41.5
9.5 42.5
9.5 60.5
9.5 61.5
9.5 62.5
9.5 63.5
10.5 18.5
10.5 19.5
10.5 20.5
10.5 21.5
10.5 22.5
10.5 39.5
10.5 40.5
10.5 41.5
10.5 42.5
10.5 59.5
10.5 60.5
10.5 61.5
10.5 62.5
11.5 17.5
11.5 18.5
11.5 19.5
11.5 20.5
11.5 38.5
11.5 39.5
11.5 40.5
11.5 41.5
11.5 58.5
11.5 59.5
11.5 60.5
11.5 61.5
17.5 18.5
17.5 19.5
17.5 38.5
17.5 39.5
18.5 18.5
18.5 19.5
18.5 20.5
18.5 21.5
18.5 22.5
18.5 38.5
18.5 39.5
18.5 40.5
18.5 41.5
18.5 42.5
18.5 58.5
18.5 59.5
18.5 60.5
18.5 61.5
19.5 20.5
19.5 21.5
19.5 22.5
19.5 40.5
19.5 41.5
19.5 42.5
19.5 43.5
19.5 59.5
19.5 60.5
19.5 61.5
19.5 62.5
20.5 61.5
20.5 62.5
21.5 31.5
21.5 32.5
21.5 33.5
22.5 10.5
22.5 11.5
22.5 12.5
22.5 13.5
22.5 14.5
22.5 32.5
22.5 33.5
22.5 34.5
22.5 35.5
22.5 51.5
22.5 52.5
22.5 53.5
22.5 54.5
23.5 11.5
23.5 12.5
23.5 13.5
23.5 14.5
23.5 15.5
23.5 33.5
23.5 34.5
23.5 35.5
23.5 52.5
23.5 53.5
23.5 54.5
23.5 55.5
24.5 54.5
24.5 55.5
29.5 34.5
29.5 35.5
30.5 12.5
30.5 13.5
30.5 14.5
30.5 15.5
30.5 32.5
30.5 33.5
30.5 34.5
30.5 35.5
30.5 54.5
30.5 55.5
31.5 11.5
31.5 12.5
31.5 13.5
31.5 14.5
31.5 31.5
31.5 32.5
31.5 33.5
31.5 34.5
31.5 52.5
31.5 53.5
31.5 54.5
31.5 55.5
32.5 10.5
32.5 11.5
32.5 12.5
32.5 13.5
32.5 32.5
32.5 51.5
32.5 52.5
32.5 53.5
32.5 54.5
33.5 51.5
33.5 52.5
34.5 20.5
34.5 21.5
34.5 22.5
34.5 23.5
34.5 41.5
34.5 42.5
35.5 19.5
35.5 20.5
35.5 21.5
35.5 22.5
35.5 39.5
35.5 40.5
35.5 41.5
35.5 42.5
35.5 59.5
35.5 60.5
35.5 61.5
35.5 62.5
36.5 18.5
36.5 19.5
36.5 20.5
36.5 38.5
36.5 39.5
36.5 40.5
36.5 41.5
36.5 58.5
36.5 59.5
36.5 60.5
36.5 61.5
37.5 38.5
37.5 39.5
37.5 40.5
37.5 58.5
37.5 59.5
42.5 18.5
42.5 19.5
42.5 59.5
43.5 18.5
43.5 19.5
43.5 20.5
43.5 21.5
43.5 22.5
43.5 39.5
43.5 40.5
43.5 41.5
43.5 58.5
43.5 59.5
43.5 60.5
43.5 61.5
43.5 62.5
44.5 19.5
44.5 20.5
44.5 21.5
44.5 22.5
44.5 40.5
44.5 41.5
44.5 42.5
44.5 60.5
44.5 61.5
44.5 62.5
46.5 12.5
46.5 31.5
46.5 32.5
46.5 33.5
46.5 34.5
47.5 12.5
47.5 13.5
47.5 14.5
47.5 32.5
47.5 33.5
47.5 34.5
47.5 35.5
47.5 36.5
47.5 52.5
47.5 53.5
47.5 54.5
47.5 55.5
48.5 13.5
48.5 14.5
48.5 15.5
48.5 55.5
53.5 58.5
53.5 59.5
53.5 60.5
54.5 18.5
54.5 19.5
54.5 33.5
54.5 34.5
54.5 35.5
54.5 36.5
54.5 59.5
54.5 60.5
54.5 61.5
54.5 62.5
55.5 18.5
55.5 19.5
55.5 20.5
55.5 21.5
55.5 31.5
55.5 32.5
55.5 33.5
55.5 34.5
55.5 35.5
55.5 60.5
55.5 61.5
55.5 62.5
55.5 63.5
56.5 19.5
56.5 20.5
56.5 21.5
56.5 22.5
56.5 30.5
56.5 31.5
56.5 32.5
56.5 33.5
56.5 62.5
57.5 21.5
57.5 22.5
58.5 41.5
58.5 42.5
58.5 43.5
58.5 52.5
58.5 53.5
58.5 54.5
59.5 11.5
59.5 12.5
59.5 13.5
59.5 39.5
59.5 40.5
59.5 41.5
59.5 42.5
59.5 52.5
59.5 53.5
59.5 54.5
59.5 55.5
59.5 56.5
60.5 12.5
60.5 13.5
60.5 14.5
60.5 15.5
60.5 38.5
60.5 39.5
60.5 40.5
60.5 41.5
60.5 53.5
60.5 54.5
60.5 55.5
60.5 56.5
61.5 13.5
61.5 14.5
61.5 15.5
61.5 16.5
61.5 38.5
61.5 39.5
