4.5 21.5
4.5 54.5
4.5 64.5
5.5 11.5
5.5 21.5
5.5 45.5
5.5 54.5
5.5 64.5
6.5 11.5
6.5 21.5
6.5 33.5
6.5 45.5
6.5 54.5
6.5 64.5
6.5 65.5
7.5 11.5
7.5 12.5
7.5 21.5
7.5 22.5
7.5 33.5
7.5 45.5
7.5 65.5
8.5 12.5
8.5 21.5
8.5 22.5
8.5 33.5
8.5 44.5
8.5 53.5
8.5 65.5
9.5 12.5
9.5 22.5
9.5 33.5
9.5 44.5
9.5 53.5
9.5 65.5
9.5 66.5
10.5 12.5
10.5 17.5
10.5 22.5
10.5 33.5
10.5 44.5
10.5 49.5
10.5 53.5
10.5 66.5
11.5 13.5
11.5 17.5
11.5 22.5
11.5 27.5
11.5 33.5
11.5 39.5
11.5 44.5
11.5 49.5
11.5 53.5
11.5 57.5
11.5 61.5
11.5 66.5
12.5 7.5
12.5 13.5
12.5 27.5
12.5 33.5
12.5 39.5
12.5 44.5
12.5 49.5
12.5 53.5
12.5 57.5
12.5 61.5
12.5 66.5
13.5 8.5
13.5 18.5
13.5 27.5
13.5 33.5
13.5 39.5
13.5 48.5
13.5 57.5
13.5 61.5
13.5 67.5
14.5 8.5
14.5 18.5
14.5 27.5
14.5 38.5
14.5 39.5
14.5 48.5
14.5 61.5
14.5 62.5
15.5 8.5
15.5 9.5
15.5 18.5
15.5 27.5
15.5 38.5
15.5 48.5
15.5 56.5
15.5 62.5
16.5 9.5
16.5 18.5
16.5 27.5
16.5 38.5
16.5 48.5
16.5 56.5
16.5 62.5
17.5 9.5
17.5 27.5
17.5 38.5
17.5 48.5
17.5 56.5
17.5 62.5
18.5 9.5
18.5 10.5
18.5 19.5
18.5 28.5
18.5 38.5
18.5 56.5
18.5 62.5
19.5 10.5
19.5 19.5
19.5 28.5
19.5 38.5
19.5 56.5
19.5 63.5
20.5 10.5
20.5 63.5
24.5 11.5
24.5 20.5
24.5 27.5
24.5 38.5
25.5 11.5
25.5 20.5
25.5 27.5
25.5 38.5
25.5 64.5
26.5 11.5
26.5 20.5
26.5 27.5
26.5 38.5
26.5 39.5
26.5 46.5
26.5 54.5
26.5 64.5
27.5 11.5
27.5 20.5
27.5 26.5
27.5 39.5
27.5 46.5
27.5 54.5
27.5 64.5
28.5 11.5
28.5 12.5
28.5 26.5
28.5 39.5
28.5 46.5
28.5 54.5
28.5 64.5
29.5 11.5
29.5 12.5
29.5 21.5
29.5 26.5
29.5 39.5
29.5 40.5
29.5 46.5
29.5 53.5
29.5 64.5
30.5 12.5
30.5 21.5
30.5 26.5
30.5 40.5
30.5 45.5
30.5 53.5
30.5 64.5
31.5 12.5
31.5 17.5
31.5 21.5
31.5 25.5
31.5 30.5
31.5 34.5
31.5 40.5
31.5 45.5
31.5 49.5
31.5 53.5
31.5 64.5
32.5 8.5
32.5 12.5
32.5 17.5
32.5 21.5
32.5 25.5
32.5 34.5
32.5 45.5
32.5 49.5
32.5 57.5
32.5 60.5
32.5 64.5
33.5 8.5
33.5 12.5
33.5 17.5
33.5 25.5
33.5 29.5
33.5 34.5
33.5 35.5
33.5 41.5
33.5 45.5
33.5 52.5
33.5 57.5
33.5 64.5
34.5 17.5
34.5 29.5
34.5 35.5
34.5 48.5
34.5 56.5
34.5 64.5
35.5 17.5
35.5 29.5
35.5 35.5
35.5 36.5
35.5 48.5
35.5 56.5
35.5 64.5
36.5 9.5
36.5 17.5
36.5 28.5
36.5 35.5
36.5 36.5
36.5 48.5
36.5 56.5
36.5 61.5
37.5 9.5
37.5 18.5
37.5 28.5
37.5 36.5
37.5 56.5
37.5 61.5
38.5 18.5
38.5 28.5
38.5 36.5
38.5 47.5
38.5 55.5
38.5 61.5
39.5 18.5
39.5 37.5
39.5 47.5
39.5 55.5
39.5 61.5
40.5 10.5
40.5 18.5
40.5 27.5
40.5 37.5
40.5 55.5
44.5 10.5
44.5 27.5
44.5 37.5
44.5 46.5
45.5 10.5
45.5 19.5
45.5 27.5
45.5 37.5
45.5 38.5
46.5 10.5
46.5 19.5
46.5 27.5
46.5 38.5
46.5 55.5
46.5 61.5
47.5 20.5
47.5 38.5
47.5 45.5
47.5 55.5
47.5 61.5
48.5 20.5
48.5 28.5
48.5 38.5
48.5 39.5
48.5 45.5
48.5 55.5
48.5 61.5
49.5 20.5
49.5 28.5
49.5 39.5
49.5 55.5
49.5 56.5
50.5 9.5
50.5 21.5
50.5 28.5
50.5 39.5
50.5 50.5
50.5 56.5
50.5 60.5
51.5 9.5
51.5 16.5
51.5 21.5
51.5 28.5
51.5 33.5
51.5 39.5
51.5 40.5
51.5 44.5
51.5 50.5
51.5 56.5
51.5 60.5
52.5 9.5
52.5 21.5
52.5 25.5
52.5 28.5
52.5 33.5
52.5 40.5
52.5 44.5
52.5 49.5
52.5 50.5
52.5 56.5
52.5 60.5
52.5 63.5
53.5 9.5
53.5 17.5
53.5 25.5
53.5 33.5
53.5 34.5
53.5 40.5
53.5 49.5
53.5 50.5
53.5 63.5
54.5 17.5
54.5 25.5
54.5 33.5
54.5 34.5
54.5 49.5
54.5 50.5
54.5 63.5
55.5 12.5
55.5 18.5
55.5 34.5
55.5 49.5
55.5 50.5
55.5 63.5
56.5 12.5
56.5 18.5
56.5 34.5
56.5 35.5
56.5 49.5
56.5 50.5
56.5 63.5
57.5 12.5
57.5 18.5
57.5 26.5
57.5 34.5
57.5 35.5
57.5 49.5
57.5 50.5
57.5 63.5
58.5 12.5
58.5 26.5
58.5 35.5
58.5 49.5
58.5 50.5
58.5 63.5
59.5 12.5
59.5 19.5
59.5 35.5
59.5 50.5
59.5 63.5
60.5 12.5
60.5 19.5
61.5 12.5
