4.5 11.5
4.5 12.5
4.5 13.5
4.5 14.5
4.5 32.5
4.5 33.5
4.5 34.5
4.5 59.5
4.5 60.5
4.5 61.5
5.5 11.5
5.5 12.5
5.5 13.5
5.5 31.5
5.5 32.5
5.5 33.5
5.5 34.5
5.5 60.5
5.5 61.5
5.5 62.5
6.5 20.5
6.5 21.5
7.5 18.5
7.5 19.5
7.5 20.5
7.5 21.5
7.5 39.5
7.5 40.5
7.5 41.5
7.5 52.5
7.5 53.5
7.5 54.5
7.5 55.5
8.5 38.5
8.5 39.5
8.5 40.5
8.5 54.5
8.5 55.5
12.5 18.5
12.5 19.5
12.5 20.5
12.5 21.5
12.5 32.5
12.5 33.5
12.5 34.5
12.5 35.5
12.5 59.5
12.5 60.5
12.5 61.5
12.5 62.5
13.5 20.5
13.5 21.5
13.5 32.5
13.5 33.5
13.5 34.5
14.5 11.5
14.5 12.5
14.5 13.5
15.5 12.5
15.5 13.5
15.5 14.5
15.5 39.5
15.5 40.5
15.5 41.5
15.5 52.5
15.5 53.5
15.5 54.5
15.5 55.5
16.5 39.5
16.5 40.5
19.5 12.5
19.5 13.5
19.5 14.5
20.5 11.5
20.5 12.5
20.5 13.5
20.5 14.5
20.5 32.5
20.5 33.5
20.5 34.5
20.5 35.5
20.5 59.5
20.5 60.5
20.5 61.5
20.5 62.5
21.5 61.5
22.5 19.5
22.5 20.5
22.5 21.5
22.5 39.5
22.5 40.5
22.5 41.5
22.5 52.5
22.5 53.5
23.5 18.5
23.5 19.5
23.5 20.5
23.5 38.5
23.5 39.5
23.5 40.5
23.5 41.5
23.5 52.5
23.5 53.5
23.5 54.5
23.5 55.5
27.5 18.5
27.5 19.5
27.5 20.5
27.5 21.5
27.5 38.5
27.5 39.5
27.5 40.5
27.5 53.5
27.5 54.5
27.5 55.5
28.5 20.5
28.5 21.5
28.5 39.5
28.5 40.5
28.5 41.5
28.5 51.5
28.5 52.5
28.5 53.5
28.5 54.5
29.5 32.5
29.5 33.5
30.5 11.5
30.5 12.5
30.5 13.5
30.5 14.5
30.5 32.5
30.5 33.5
30.5 34.5
30.5 59.5
30.5 60.5
30.5 61.5
30.5 62.5
31.5 13.5
31.5 14.5
34.5 33.5
34.5 34.5
34.5 58.5
34.5 59.5
34.5 60.5
34.5 61.5
35.5 18.5
35.5 19.5
35.5 20.5
35.5 21.5
35.5 31.5
35.5 32.5
35.5 33.5
35.5 34.5
36.5 52.5
36.5 53.5
37.5 12.5
37.5 13.5
37.5 38.5
37.5 39.5
37.5 40.5
37.5 41.5
37.5 52.5
37.5 53.5
37.5 54.5
37.5 55.5
38.5 12.5
38.5 13.5
38.5 14.5
38.5 15.5
41.5 34.5
41.5 58.5
41.5 59.5
41.5 60.5
42.5 18.5
42.5 19.5
42.5 20.5
42.5 21.5
42.5 32.5
42.5 33.5
42.5 34.5
42.5 58.5
42.5 59.5
42.5 60.5
42.5 61.5
44.5 12.5
44.5 13.5
44.5 40.5
44.5 41.5
44.5 42.5
44.5 52.5
45.5 11.5
45.5 12.5
45.5 13.5
45.5 14.5
45.5 15.5
45.5 39.5
45.5 40.5
45.5 41.5
45.5 52.5
45.5 53.5
45.5 54.5
49.5 18.5
49.5 19.5
50.5 17.5
50.5 18.5
50.5 19.5
50.5 20.5
50.5 21.5
50.5 39.5
50.5 40.5
50.5 41.5
50.5 58.5
50.5 59.5
50.5 60.5
50.5 61.5
51.5 40.5
51.5 41.5
51.5 42.5
51.5 59.5
51.5 60.5
51.5 61.5
52.5 10.5
52.5 11.5
52.5 12.5
52.5 31.5
52.5 32.5
52.5 33.5
53.5 10.5
53.5 11.5
53.5 12.5
53.5 13.5
53.5 32.5
53.5 33.5
53.5 34.5
53.5 52.5
53.5 53.5
53.5 54.5
53.5 55.5
54.5 53.5
54.5 54.5
54.5 55.5
57.5 11.5
57.5 12.5
57.5 13.5
58.5 10.5
58.5 11.5
58.5 12.5
58.5 13.5
58.5 31.5
58.5 32.5
58.5 33.5
58.5 34.5
58.5 35.5
58.5 52.5
58.5 53.5
58.5 54.5
58.5 55.5
59.5 32.5
59.5 33.5
59.5 34.5
60.5 18.5
60.5 19.5
60.5 20.5
60.5 21.5
60.5 41.5
60.5 60.5
60.5 61.5
61.5 18.5
61.5 19.5
61.5 20.5
61.5 39.5
61.5 40.5
61.5 41.5
61.5 59.5
61.5 60.5
61.5 61.5
