5.5 12.5
5.5 18.5
5.5 29.5
5.5 35.5
5.5 44.5
5.5 64.5
6.5 29.5
6.5 52.5
9.5 9.5
9.5 21.5
9.5 26.5
9.5 38.5
9.5 47.5
9.5 56.5
9.5 61.5
15.5 11.5
15.5 18.5
15.5 27.5
15.5 53.5
16.5 12.5
16.5 35.5
16.5 47.5
16.5 64.5
19.5 9.5
19.5 21.5
19.5 29.5
19.5 38.5
19.5 43.5
19.5 44.5
19.5 56.5
19.5 61.5
26.5 12.5
26.5 21.5
26.5 27.5
26.5 35.5
26.5 47.5
26.5 52.5
26.5 64.5
29.5 17.5
29.5 30.5
29.5 38.5
29.5 56.5
29.5 61.5
30.5 18.5
30.5 38.5
36.5 9.5
36.5 17.5
36.5 18.5
36.5 29.5
36.5 38.5
36.5 47.5
36.5 53.5
36.5 64.5
39.5 12.5
39.5 21.5
40.5 35.5
40.5 44.5
40.5 55.5
40.5 61.5
46.5 12.5
46.5 17.5
46.5 18.5
46.5 35.5
46.5 44.5
46.5 53.5
46.5 63.5
47.5 26.5
49.5 9.5
50.5 20.5
50.5 29.5
50.5 38.5
50.5 47.5
50.5 61.5
56.5 12.5
56.5 20.5
56.5 29.5
56.5 35.5
56.5 47.5
56.5 64.5
57.5 47.5
59.5 17.5
59.5 26.5
60.5 9.5
60.5 38.5
60.5 44.5
60.5 53.5
