8.5 39.5
8.5 49.5
8.5 57.5
9.5 9.5
9.5 19.5
9.5 27.5
9.5 31.5
9.5 39.5
9.5 49.5
9.5 57.5
9.5 64.5
9.5 65.5
10.5 19.5
15.5 11.5
15.5 16.5
15.5 24.5
15.5 34.5
15.5 42.5
15.5 46.5
15.5 54.5
15.5 62.5
16.5 11.5
16.5 16.5
16.5 24.5
16.5 34.5
16.5 41.5
16.5 46.5
16.5 47.5
16.5 54.5
16.5 62.5
28.5 9.5
28.5 34.5
28.5 39.5
28.5 64.5
29.5 9.5
29.5 19.5
29.5 27.5
29.5 34.5
29.5 39.5
29.5 46.5
29.5 57.5
29.5 64.5
30.5 19.5
30.5 27.5
30.5 46.5
30.5 57.5
35.5 31.5
35.5 62.5
36.5 11.5
36.5 16.5
36.5 24.5
36.5 31.5
36.5 41.5
36.5 49.5
36.5 50.5
36.5 55.5
36.5 62.5
37.5 11.5
37.5 16.5
37.5 24.5
37.5 41.5
37.5 49.5
37.5 55.5
49.5 11.5
49.5 19.5
49.5 24.5
49.5 34.5
49.5 39.5
49.5 49.5
49.5 57.5
49.5 64.5
49.5 65.5
50.5 11.5
50.5 19.5
50.5 24.5
50.5 34.5
50.5 39.5
50.5 49.5
50.5 57.5
50.5 65.5
56.5 8.5
56.5 16.5
56.5 26.5
56.5 32.5
56.5 42.5
56.5 46.5
56.5 54.5
56.5 62.5
57.5 8.5
57.5 16.5
57.5 26.5
57.5 32.5
57.5 42.5
57.5 46.5
57.5 54.5
57.5 62.5
