2.5 45.5
2.5 46.5
2.5 58.5
2.5 59.5
3.5 11.5
3.5 46.5
3.5 47.5
3.5 55.5
3.5 56.5
4.5 10.5
4.5 11.5
4.5 16.5
4.5 17.5
4.5 30.5
4.5 31.5
4.5 39.5
4.5 50.5
4.5 51.5
4.5 52.5
4.5 55.5
4.5 56.5
5.5 16.5
5.5 17.5
5.5 29.5
5.5 30.5
5.5 31.5
5.5 39.5
5.5 40.5
5.5 50.5
5.5 51.5
6.5 8.5
6.5 30.5
6.5 43.5
6.5 65.5
7.5 7.5
7.5 8.5
7.5 9.5
7.5 37.5
7.5 42.5
7.5 43.5
8.5 7.5
8.5 8.5
8.5 18.5
8.5 19.5
8.5 20.5
8.5 21.5
8.5 26.5
8.5 27.5
8.5 36.5
8.5 37.5
8.5 58.5
8.5 59.5
8.5 63.5
9.5 18.5
9.5 19.5
9.5 20.5
9.5 25.5
9.5 26.5
9.5 27.5
9.5 63.5
10.5 25.5
10.5 26.5
10.5 49.5
10.5 50.5
10.5 51.5
10.5 63.5
11.5 49.5
11.5 50.5
11.5 51.5
12.5 12.5
12.5 45.5
12.5 46.5
12.5 51.5
12.5 54.5
12.5 55.5
13.5 11.5
13.5 12.5
13.5 17.5
13.5 18.5
13.5 38.5
13.5 39.5
13.5 45.5
13.5 46.5
13.5 54.5
13.5 55.5
13.5 66.5
13.5 67.5
14.5 11.5
14.5 17.5
14.5 18.5
14.5 27.5
14.5 28.5
14.5 37.5
14.5 38.5
14.5 65.5
14.5 66.5
14.5 67.5
15.5 17.5
15.5 30.5
15.5 31.5
15.5 35.5
15.5 43.5
15.5 66.5
16.5 9.5
16.5 10.5
16.5 34.5
16.5 35.5
16.5 42.5
16.5 43.5
17.5 9.5
17.5 42.5
17.5 43.5
17.5 54.5
17.5 55.5
17.5 64.5
18.5 21.5
18.5 24.5
18.5 54.5
18.5 55.5
18.5 56.5
18.5 63.5
18.5 64.5
18.5 65.5
19.5 20.5
19.5 21.5
19.5 27.5
19.5 55.5
19.5 56.5
19.5 60.5
19.5 63.5
19.5 64.5
20.5 11.5
20.5 12.5
20.5 27.5
20.5 42.5
20.5 43.5
20.5 59.5
20.5 60.5
21.5 11.5
21.5 12.5
21.5 17.5
21.5 35.5
21.5 36.5
21.5 42.5
22.5 11.5
22.5 17.5
22.5 18.5
22.5 30.5
22.5 31.5
22.5 45.5
22.5 46.5
22.5 52.5
22.5 53.5
23.5 8.5
23.5 17.5
23.5 18.5
23.5 30.5
23.5 31.5
23.5 38.5
23.5 45.5
23.5 46.5
23.5 52.5
24.5 7.5
24.5 8.5
24.5 30.5
25.5 66.5
25.5 67.5
26.5 17.5
26.5 28.5
26.5 43.5
26.5 44.5
26.5 53.5
26.5 60.5
26.5 66.5
26.5 67.5
27.5 17.5
27.5 18.5
27.5 28.5
27.5 29.5
27.5 39.5
27.5 43.5
27.5 44.5
27.5 52.5
27.5 53.5
27.5 60.5
28.5 7.5
28.5 8.5
28.5 17.5
28.5 18.5
28.5 28.5
28.5 29.5
29.5 8.5
29.5 21.5
29.5 28.5
29.5 29.5
29.5 47.5
29.5 48.5
29.5 55.5
29.5 56.5
30.5 11.5
30.5 12.5
30.5 21.5
30.5 22.5
30.5 36.5
30.5 37.5
30.5 47.5
30.5 48.5
30.5 55.5
30.5 56.5
30.5 57.5
30.5 62.5
30.5 63.5
30.5 64.5
31.5 11.5
31.5 12.5
31.5 22.5
31.5 31.5
31.5 32.5
31.5 37.5
31.5 63.5
33.5 45.5
34.5 30.5
34.5 39.5
34.5 44.5
34.5 45.5
35.5 13.5
35.5 14.5
35.5 19.5
35.5 20.5
35.5 30.5
35.5 39.5
35.5 45.5
35.5 54.5
35.5 64.5
36.5 13.5
36.5 14.5
36.5 19.5
36.5 20.5
36.5 35.5
36.5 36.5
36.5 48.5
36.5 54.5
36.5 55.5
37.5 10.5
37.5 25.5
37.5 26.5
37.5 35.5
37.5 36.5
37.5 48.5
37.5 49.5
38.5 9.5
38.5 10.5
38.5 11.5
38.5 21.5
38.5 22.5
38.5 26.5
38.5 49.5
38.5 62.5
38.5 63.5
39.5 9.5
39.5 10.5
39.5 11.5
39.5 58.5
39.5 59.5
39.5 62.5
39.5 63.5
40.5 9.5
40.5 10.5
40.5 35.5
40.5 57.5
40.5 58.5
40.5 59.5
41.5 29.5
41.5 35.5
41.5 36.5
41.5 48.5
41.5 49.5
42.5 18.5
42.5 28.5
42.5 29.5
42.5 30.5
42.5 36.5
42.5 37.5
42.5 48.5
42.5 49.5
42.5 65.5
42.5 66.5
43.5 12.5
43.5 13.5
43.5 17.5
43.5 28.5
43.5 29.5
43.5 30.5
43.5 37.5
43.5 48.5
44.5 12.5
44.5 13.5
44.5 44.5
44.5 45.5
44.5 58.5
45.5 39.5
45.5 40.5
45.5 44.5
45.5 45.5
45.5 54.5
45.5 58.5
45.5 59.5
46.5 8.5
46.5 9.5
46.5 18.5
46.5 19.5
46.5 25.5
46.5 26.5
46.5 27.5
46.5 39.5
46.5 53.5
46.5 54.5
47.5 19.5
47.5 20.5
47.5 25.5
47.5 26.5
47.5 27.5
48.5 25.5
48.5 26.5
48.5 65.5
48.5 66.5
49.5 65.5
49.5 66.5
50.5 11.5
50.5 12.5
50.5 48.5
50.5 53.5
50.5 63.5
51.5 11.5
51.5 12.5
51.5 30.5
51.5 37.5
51.5 38.5
51.5 39.5
51.5 47.5
51.5 48.5
51.5 53.5
51.5 54.5
51.5 63.5
52.5 16.5
52.5 17.5
52.5 18.5
52.5 30.5
52.5 35.5
52.5 47.5
52.5 48.5
52.5 54.5
52.5 55.5
53.5 8.5
53.5 9.5
53.5 35.5
53.5 43.5
53.5 44.5
53.5 61.5
54.5 7.5
54.5 8.5
54.5 9.5
54.5 43.5
54.5 44.5
54.5 56.5
54.5 61.5
55.5 7.5
55.5 8.5
55.5 29.5
55.5 56.5
55.5 61.5
56.5 7.5
56.5 28.5
56.5 29.5
57.5 28.5
57.5 33.5
57.5 34.5
58.5 19.5
58.5 20.5
58.5 21.5
58.5 46.5
58.5 47.5
58.5 48.5
58.5 53.5
58.5 61.5
59.5 7.5
59.5 25.5
59.5 26.5
59.5 61.5
59.5 62.5
60.5 6.5
60.5 7.5
60.5 8.5
60.5 25.5
60.5 37.5
60.5 43.5
60.5 44.5
60.5 56.5
60.5 61.5
60.5 62.5
61.5 7.5
61.5 11.5
61.5 12.5
61.5 18.5
61.5 36.5
61.5 37.5
61.5 42.5
61.5 43.5
61.5 44.5
61.5 55.5
61.5 56.5
61.5 65.5
61.5 66.5
62.5 11.5
62.5 12.5
62.5 18.5
62.5 35.5
62.5 36.5
62.5 37.5
62.5 42.5
62.5 43.5
62.5 65.5
62.5 66.5
63.5 50.5
63.5 51.5
