6.5 11.5
6.5 12.5
6.5 17.5
6.5 18.5
6.5 29.5
6.5 30.5
6.5 35.5
6.5 36.5
6.5 46.5
6.5 47.5
6.5 52.5
6.5 53.5
6.5 63.5
6.5 64.5
6.5 65.5
7.5 29.5
7.5 35.5
10.5 8.5
10.5 9.5
10.5 20.5
10.5 21.5
10.5 26.5
10.5 27.5
10.5 37.5
10.5 38.5
10.5 43.5
10.5 44.5
10.5 55.5
10.5 56.5
10.5 61.5
10.5 62.5
11.5 21.5
11.5 26.5
11.5 38.5
11.5 39.5
11.5 43.5
11.5 44.5
11.5 55.5
11.5 56.5
11.5 61.5
18.5 11.5
18.5 12.5
18.5 17.5
18.5 18.5
18.5 29.5
18.5 30.5
18.5 35.5
18.5 43.5
18.5 44.5
18.5 52.5
18.5 53.5
18.5 64.5
18.5 65.5
19.5 18.5
19.5 29.5
19.5 35.5
19.5 36.5
19.5 44.5
19.5 52.5
19.5 53.5
19.5 64.5
22.5 9.5
22.5 10.5
22.5 20.5
22.5 26.5
22.5 27.5
22.5 38.5
22.5 46.5
22.5 47.5
22.5 55.5
22.5 56.5
22.5 61.5
22.5 62.5
23.5 8.5
23.5 9.5
23.5 20.5
23.5 21.5
23.5 26.5
23.5 27.5
23.5 38.5
23.5 39.5
23.5 47.5
23.5 55.5
23.5 56.5
23.5 61.5
30.5 12.5
30.5 17.5
30.5 18.5
30.5 29.5
30.5 30.5
30.5 38.5
30.5 39.5
30.5 47.5
30.5 56.5
30.5 64.5
30.5 65.5
31.5 11.5
31.5 12.5
31.5 17.5
31.5 18.5
31.5 29.5
31.5 37.5
31.5 38.5
31.5 46.5
31.5 47.5
31.5 55.5
31.5 56.5
31.5 63.5
31.5 64.5
34.5 9.5
34.5 20.5
34.5 26.5
34.5 27.5
34.5 35.5
34.5 44.5
34.5 53.5
34.5 61.5
34.5 62.5
35.5 8.5
35.5 9.5
35.5 20.5
35.5 21.5
35.5 26.5
35.5 27.5
35.5 34.5
35.5 35.5
35.5 43.5
35.5 44.5
35.5 52.5
35.5 53.5
35.5 61.5
42.5 8.5
42.5 9.5
42.5 17.5
42.5 18.5
42.5 29.5
42.5 30.5
42.5 35.5
42.5 47.5
42.5 52.5
42.5 53.5
42.5 64.5
42.5 65.5
43.5 9.5
43.5 10.5
43.5 17.5
43.5 18.5
43.5 29.5
43.5 35.5
43.5 36.5
43.5 46.5
43.5 47.5
43.5 52.5
43.5 53.5
43.5 64.5
46.5 55.5
46.5 62.5
47.5 11.5
47.5 12.5
47.5 20.5
47.5 21.5
47.5 26.5
47.5 27.5
47.5 37.5
47.5 38.5
47.5 39.5
47.5 43.5
47.5 44.5
47.5 55.5
47.5 56.5
47.5 61.5
47.5 62.5
55.5 11.5
55.5 12.5
55.5 17.5
55.5 18.5
55.5 29.5
55.5 30.5
55.5 35.5
55.5 36.5
55.5 46.5
55.5 47.5
55.5 55.5
55.5 56.5
55.5 64.5
55.5 65.5
59.5 8.5
59.5 9.5
59.5 20.5
59.5 21.5
59.5 26.5
59.5 27.5
59.5 37.5
59.5 38.5
59.5 39.5
59.5 43.5
59.5 44.5
59.5 52.5
59.5 53.5
59.5 61.5
59.5 62.5
60.5 21.5
60.5 26.5
