3.5 19.5
3.5 20.5
3.5 21.5
4.5 32.5
4.5 33.5
4.5 34.5
5.5 32.5
5.5 58.5
5.5 59.5
5.5 60.5
7.5 12.5
7.5 13.5
7.5 14.5
9.5 38.5
9.5 39.5
9.5 40.5
9.5 41.5
10.5 39.5
10.5 40.5
10.5 41.5
10.5 52.5
10.5 53.5
10.5 54.5
13.5 18.5
13.5 19.5
13.5 20.5
14.5 19.5
14.5 20.5
14.5 21.5
14.5 32.5
14.5 33.5
14.5 34.5
15.5 33.5
15.5 34.5
16.5 11.5
16.5 12.5
16.5 13.5
16.5 53.5
17.5 60.5
17.5 61.5
20.5 39.5
20.5 40.5
20.5 41.5
21.5 13.5
21.5 14.5
22.5 11.5
22.5 12.5
22.5 13.5
22.5 59.5
22.5 60.5
22.5 61.5
23.5 31.5
23.5 32.5
23.5 33.5
23.5 61.5
24.5 19.5
24.5 20.5
24.5 53.5
24.5 54.5
29.5 33.5
29.5 34.5
30.5 19.5
30.5 20.5
30.5 21.5
30.5 32.5
30.5 33.5
30.5 34.5
31.5 20.5
31.5 21.5
31.5 53.5
31.5 54.5
31.5 55.5
32.5 54.5
33.5 11.5
33.5 12.5
34.5 13.5
34.5 14.5
34.5 40.5
34.5 41.5
34.5 42.5
34.5 43.5
35.5 40.5
35.5 41.5
35.5 42.5
35.5 61.5
35.5 62.5
36.5 60.5
39.5 11.5
39.5 12.5
39.5 13.5
41.5 41.5
41.5 42.5
41.5 43.5
41.5 61.5
41.5 62.5
41.5 63.5
42.5 18.5
42.5 19.5
42.5 20.5
42.5 21.5
43.5 32.5
43.5 33.5
43.5 34.5
48.5 11.5
48.5 12.5
48.5 13.5
48.5 33.5
48.5 34.5
48.5 35.5
48.5 60.5
48.5 61.5
48.5 62.5
51.5 20.5
51.5 21.5
51.5 41.5
51.5 42.5
51.5 43.5
51.5 53.5
51.5 54.5
52.5 19.5
52.5 41.5
52.5 42.5
52.5 54.5
52.5 55.5
52.5 56.5
57.5 19.5
57.5 20.5
57.5 21.5
57.5 22.5
57.5 40.5
57.5 41.5
58.5 60.5
58.5 61.5
58.5 62.5
59.5 32.5
59.5 33.5
60.5 10.5
60.5 11.5
60.5 12.5
60.5 33.5
60.5 34.5
61.5 12.5
61.5 13.5
61.5 53.5
61.5 54.5
