5.5 12.5
5.5 19.5
5.5 29.5
5.5 30.5
5.5 36.5
5.5 46.5
5.5 55.5
5.5 56.5
5.5 64.5
6.5 12.5
6.5 13.5
6.5 18.5
6.5 30.5
6.5 36.5
6.5 46.5
6.5 47.5
6.5 56.5
6.5 65.5
7.5 13.5
7.5 31.5
7.5 47.5
7.5 56.5
7.5 65.5
9.5 21.5
9.5 26.5
9.5 39.5
9.5 43.5
9.5 52.5
9.5 61.5
10.5 9.5
10.5 20.5
10.5 26.5
10.5 27.5
10.5 38.5
10.5 39.5
10.5 43.5
10.5 44.5
10.5 52.5
10.5 53.5
10.5 61.5
10.5 62.5
11.5 9.5
11.5 10.5
11.5 20.5
11.5 26.5
11.5 27.5
11.5 38.5
11.5 44.5
11.5 53.5
11.5 62.5
17.5 9.5
17.5 38.5
17.5 44.5
17.5 53.5
18.5 8.5
18.5 9.5
18.5 20.5
18.5 28.5
18.5 29.5
18.5 38.5
18.5 39.5
18.5 44.5
18.5 52.5
18.5 53.5
18.5 64.5
19.5 20.5
19.5 29.5
19.5 30.5
19.5 39.5
19.5 44.5
19.5 52.5
19.5 64.5
21.5 12.5
21.5 17.5
22.5 12.5
22.5 17.5
22.5 25.5
22.5 35.5
22.5 36.5
22.5 47.5
22.5 56.5
22.5 61.5
23.5 11.5
23.5 17.5
23.5 25.5
23.5 26.5
23.5 35.5
23.5 36.5
23.5 46.5
23.5 47.5
23.5 55.5
23.5 56.5
23.5 61.5
24.5 55.5
30.5 8.5
30.5 9.5
30.5 17.5
30.5 28.5
30.5 35.5
30.5 47.5
30.5 53.5
30.5 64.5
31.5 8.5
31.5 17.5
31.5 28.5
31.5 29.5
31.5 34.5
31.5 47.5
31.5 53.5
31.5 64.5
32.5 8.5
32.5 16.5
32.5 52.5
34.5 12.5
34.5 20.5
34.5 25.5
34.5 38.5
34.5 44.5
34.5 56.5
34.5 61.5
35.5 11.5
35.5 19.5
35.5 20.5
35.5 26.5
35.5 37.5
35.5 38.5
35.5 44.5
35.5 55.5
35.5 56.5
35.5 61.5
35.5 62.5
36.5 11.5
36.5 19.5
36.5 45.5
36.5 55.5
42.5 11.5
42.5 17.5
42.5 18.5
42.5 28.5
42.5 29.5
42.5 35.5
42.5 47.5
42.5 55.5
42.5 64.5
43.5 11.5
43.5 17.5
43.5 29.5
43.5 34.5
43.5 35.5
43.5 47.5
43.5 55.5
43.5 64.5
43.5 65.5
44.5 29.5
44.5 34.5
44.5 47.5
44.5 65.5
46.5 8.5
46.5 20.5
46.5 21.5
46.5 26.5
46.5 52.5
46.5 61.5
47.5 9.5
47.5 20.5
47.5 26.5
47.5 38.5
47.5 44.5
47.5 52.5
47.5 61.5
48.5 27.5
48.5 37.5
48.5 44.5
48.5 62.5
53.5 11.5
54.5 11.5
54.5 17.5
54.5 18.5
54.5 27.5
54.5 37.5
54.5 46.5
54.5 52.5
54.5 63.5
54.5 64.5
55.5 11.5
55.5 17.5
55.5 26.5
55.5 37.5
55.5 38.5
55.5 46.5
55.5 47.5
55.5 52.5
55.5 64.5
56.5 26.5
56.5 38.5
56.5 47.5
56.5 65.5
58.5 21.5
58.5 43.5
58.5 55.5
58.5 56.5
58.5 61.5
59.5 9.5
59.5 20.5
59.5 29.5
59.5 34.5
59.5 35.5
59.5 43.5
59.5 44.5
59.5 55.5
59.5 61.5
60.5 9.5
60.5 20.5
60.5 29.5
60.5 35.5
60.5 44.5
60.5 55.5
60.5 62.5
