3.5 27.5
3.5 28.5
3.5 29.5
4.5 15.5
4.5 16.5
4.5 17.5
4.5 27.5
4.5 48.5
4.5 49.5
5.5 62.5
5.5 63.5
7.5 32.5
7.5 33.5
7.5 34.5
7.5 42.5
7.5 43.5
7.5 58.5
7.5 59.5
8.5 32.5
8.5 43.5
8.5 44.5
9.5 9.5
9.5 10.5
9.5 11.5
9.5 12.5
13.5 31.5
13.5 32.5
13.5 57.5
13.5 58.5
14.5 11.5
14.5 12.5
14.5 33.5
14.5 47.5
14.5 48.5
14.5 49.5
14.5 56.5
15.5 10.5
15.5 62.5
15.5 63.5
16.5 27.5
16.5 61.5
17.5 17.5
17.5 18.5
17.5 19.5
17.5 27.5
17.5 28.5
17.5 41.5
17.5 42.5
18.5 16.5
18.5 17.5
18.5 43.5
20.5 63.5
20.5 64.5
23.5 31.5
24.5 16.5
24.5 17.5
24.5 18.5
24.5 42.5
24.5 43.5
25.5 41.5
25.5 42.5
25.5 43.5
25.5 57.5
25.5 58.5
25.5 59.5
26.5 10.5
26.5 11.5
26.5 27.5
26.5 36.5
26.5 42.5
27.5 36.5
28.5 48.5
28.5 49.5
29.5 47.5
30.5 32.5
30.5 63.5
31.5 15.5
31.5 16.5
31.5 62.5
31.5 63.5
31.5 64.5
33.5 26.5
33.5 27.5
33.5 28.5
33.5 47.5
33.5 48.5
34.5 9.5
34.5 10.5
34.5 56.5
35.5 11.5
35.5 57.5
35.5 58.5
38.5 28.5
38.5 43.5
39.5 26.5
39.5 27.5
39.5 42.5
39.5 43.5
39.5 57.5
40.5 11.5
40.5 12.5
40.5 57.5
41.5 34.5
42.5 17.5
42.5 18.5
42.5 32.5
42.5 33.5
42.5 34.5
42.5 47.5
42.5 48.5
43.5 61.5
48.5 18.5
48.5 19.5
48.5 27.5
48.5 28.5
48.5 29.5
48.5 58.5
49.5 48.5
49.5 49.5
49.5 50.5
49.5 58.5
50.5 50.5
50.5 63.5
51.5 11.5
51.5 12.5
51.5 13.5
51.5 62.5
52.5 13.5
52.5 31.5
52.5 32.5
52.5 33.5
53.5 41.5
53.5 42.5
53.5 43.5
54.5 43.5
54.5 44.5
56.5 64.5
56.5 65.5
57.5 16.5
57.5 17.5
57.5 63.5
57.5 64.5
58.5 16.5
58.5 17.5
58.5 18.5
58.5 26.5
58.5 27.5
59.5 47.5
59.5 48.5
59.5 49.5
60.5 10.5
60.5 11.5
61.5 41.5
61.5 42.5
61.5 57.5
61.5 58.5
61.5 59.5
62.5 31.5
62.5 32.5
62.5 43.5
