4.5 14.5
5.5 15.5
5.5 26.5
5.5 27.5
5.5 28.5
5.5 29.5
5.5 35.5
5.5 63.5
6.5 16.5
6.5 34.5
6.5 64.5
6.5 65.5
7.5 48.5
7.5 49.5
7.5 50.5
7.5 51.5
7.5 65.5
7.5 66.5
8.5 11.5
8.5 21.5
9.5 11.5
9.5 22.5
9.5 23.5
9.5 57.5
9.5 58.5
10.5 11.5
10.5 12.5
10.5 37.5
10.5 38.5
10.5 58.5
10.5 59.5
10.5 60.5
11.5 11.5
11.5 12.5
11.5 38.5
11.5 39.5
11.5 40.5
11.5 45.5
12.5 46.5
15.5 24.5
16.5 23.5
16.5 24.5
16.5 38.5
16.5 60.5
17.5 12.5
17.5 23.5
17.5 39.5
17.5 61.5
17.5 62.5
18.5 11.5
18.5 22.5
18.5 23.5
18.5 40.5
18.5 50.5
18.5 62.5
18.5 63.5
19.5 10.5
19.5 22.5
19.5 41.5
19.5 50.5
20.5 22.5
20.5 34.5
20.5 50.5
21.5 16.5
21.5 28.5
21.5 35.5
21.5 55.5
21.5 56.5
22.5 15.5
22.5 16.5
22.5 27.5
22.5 28.5
22.5 35.5
22.5 36.5
22.5 46.5
22.5 56.5
22.5 57.5
23.5 15.5
23.5 27.5
23.5 28.5
23.5 36.5
23.5 47.5
23.5 57.5
23.5 58.5
24.5 15.5
24.5 27.5
29.5 47.5
29.5 59.5
30.5 12.5
30.5 13.5
30.5 39.5
30.5 46.5
30.5 47.5
30.5 57.5
30.5 58.5
31.5 10.5
31.5 11.5
31.5 12.5
31.5 26.5
31.5 27.5
31.5 39.5
31.5 40.5
31.5 46.5
31.5 56.5
31.5 57.5
32.5 27.5
32.5 28.5
32.5 40.5
32.5 46.5
32.5 56.5
33.5 63.5
34.5 34.5
34.5 50.5
34.5 62.5
34.5 63.5
35.5 16.5
35.5 17.5
35.5 18.5
35.5 23.5
35.5 35.5
35.5 50.5
35.5 61.5
35.5 62.5
36.5 14.5
36.5 15.5
36.5 16.5
36.5 24.5
36.5 36.5
36.5 49.5
36.5 61.5
37.5 24.5
37.5 25.5
42.5 14.5
42.5 15.5
42.5 27.5
42.5 37.5
42.5 38.5
42.5 49.5
42.5 59.5
43.5 15.5
43.5 16.5
43.5 27.5
43.5 38.5
43.5 39.5
43.5 50.5
43.5 58.5
43.5 59.5
44.5 16.5
44.5 17.5
44.5 28.5
44.5 39.5
44.5 40.5
44.5 50.5
44.5 51.5
44.5 57.5
44.5 58.5
45.5 8.5
45.5 9.5
45.5 33.5
45.5 51.5
45.5 57.5
46.5 8.5
46.5 9.5
46.5 10.5
46.5 34.5
46.5 45.5
46.5 64.5
47.5 9.5
47.5 10.5
47.5 22.5
47.5 23.5
47.5 34.5
47.5 45.5
47.5 46.5
47.5 63.5
48.5 10.5
48.5 11.5
48.5 23.5
48.5 24.5
48.5 35.5
48.5 46.5
48.5 47.5
48.5 61.5
48.5 62.5
49.5 47.5
54.5 11.5
54.5 25.5
54.5 26.5
54.5 37.5
54.5 47.5
54.5 59.5
54.5 60.5
55.5 9.5
55.5 10.5
55.5 26.5
55.5 27.5
55.5 38.5
55.5 45.5
55.5 46.5
55.5 58.5
56.5 7.5
56.5 8.5
56.5 27.5
56.5 38.5
56.5 44.5
56.5 45.5
56.5 57.5
57.5 44.5
58.5 14.5
58.5 20.5
58.5 21.5
58.5 33.5
58.5 51.5
58.5 64.5
58.5 65.5
59.5 13.5
59.5 14.5
59.5 21.5
59.5 22.5
59.5 34.5
59.5 50.5
59.5 63.5
59.5 64.5
60.5 12.5
60.5 13.5
60.5 22.5
60.5 23.5
60.5 34.5
60.5 35.5
60.5 49.5
60.5 63.5
60.5 64.5
61.5 23.5
61.5 63.5
