6.5 10.5
6.5 11.5
6.5 12.5
6.5 18.5
6.5 19.5
6.5 22.5
6.5 23.5
6.5 24.5
6.5 25.5
6.5 34.5
6.5 35.5
6.5 41.5
6.5 42.5
6.5 46.5
6.5 47.5
6.5 53.5
6.5 54.5
6.5 61.5
6.5 62.5
7.5 10.5
7.5 11.5
7.5 12.5
7.5 18.5
7.5 19.5
7.5 23.5
7.5 24.5
7.5 25.5
7.5 34.5
7.5 35.5
7.5 41.5
7.5 42.5
7.5 46.5
7.5 47.5
7.5 53.5
7.5 54.5
7.5 55.5
7.5 61.5
7.5 62.5
7.5 63.5
8.5 11.5
8.5 18.5
8.5 24.5
8.5 53.5
8.5 54.5
8.5 61.5
8.5 62.5
11.5 8.5
11.5 9.5
11.5 15.5
11.5 16.5
11.5 17.5
11.5 26.5
11.5 27.5
11.5 31.5
11.5 32.5
11.5 38.5
11.5 39.5
11.5 40.5
11.5 48.5
11.5 49.5
11.5 56.5
11.5 57.5
11.5 64.5
11.5 65.5
12.5 7.5
12.5 8.5
12.5 9.5
12.5 15.5
12.5 16.5
12.5 17.5
12.5 26.5
12.5 27.5
12.5 30.5
12.5 31.5
12.5 32.5
12.5 33.5
12.5 38.5
12.5 39.5
12.5 40.5
12.5 48.5
12.5 49.5
12.5 50.5
12.5 56.5
12.5 57.5
12.5 58.5
12.5 64.5
12.5 65.5
12.5 66.5
13.5 8.5
13.5 9.5
13.5 15.5
13.5 16.5
13.5 26.5
13.5 27.5
13.5 31.5
13.5 32.5
13.5 39.5
13.5 48.5
13.5 49.5
13.5 56.5
13.5 57.5
13.5 58.5
13.5 64.5
13.5 65.5
21.5 15.5
21.5 16.5
21.5 26.5
21.5 30.5
21.5 31.5
21.5 32.5
21.5 40.5
21.5 41.5
21.5 45.5
21.5 46.5
21.5 57.5
21.5 62.5
21.5 63.5
22.5 7.5
22.5 8.5
22.5 9.5
22.5 15.5
22.5 16.5
22.5 17.5
22.5 25.5
22.5 26.5
22.5 27.5
22.5 30.5
22.5 31.5
22.5 32.5
22.5 40.5
22.5 41.5
22.5 45.5
22.5 46.5
22.5 56.5
22.5 57.5
22.5 58.5
22.5 61.5
22.5 62.5
22.5 63.5
23.5 7.5
23.5 8.5
23.5 9.5
23.5 15.5
23.5 16.5
23.5 17.5
23.5 26.5
23.5 31.5
23.5 32.5
23.5 40.5
23.5 41.5
23.5 45.5
23.5 46.5
23.5 56.5
23.5 57.5
23.5 58.5
23.5 62.5
23.5 63.5
26.5 19.5
26.5 23.5
26.5 24.5
26.5 33.5
26.5 34.5
26.5 35.5
26.5 65.5
27.5 10.5
27.5 11.5
27.5 12.5
27.5 18.5
27.5 19.5
27.5 23.5
27.5 24.5
27.5 25.5
27.5 33.5
27.5 34.5
27.5 35.5
27.5 38.5
27.5 39.5
27.5 47.5
27.5 48.5
27.5 49.5
27.5 50.5
27.5 54.5
27.5 55.5
27.5 64.5
27.5 65.5
27.5 66.5
28.5 10.5
28.5 11.5
28.5 12.5
28.5 18.5
28.5 19.5
28.5 23.5
28.5 24.5
28.5 33.5
28.5 34.5
28.5 35.5
28.5 38.5
28.5 39.5
28.5 47.5
28.5 48.5
28.5 49.5
28.5 50.5
28.5 54.5
28.5 55.5
28.5 64.5
28.5 65.5
28.5 66.5
29.5 48.5
29.5 49.5
36.5 26.5
36.5 31.5
36.5 32.5
37.5 11.5
37.5 12.5
37.5 16.5
37.5 17.5
37.5 25.5
37.5 26.5
37.5 27.5
37.5 31.5
37.5 32.5
37.5 33.5
37.5 38.5
37.5 39.5
37.5 45.5
37.5 46.5
37.5 47.5
37.5 57.5
37.5 58.5
37.5 64.5
37.5 65.5
37.5 66.5
38.5 10.5
38.5 11.5
38.5 12.5
38.5 16.5
38.5 17.5
38.5 25.5
38.5 26.5
38.5 27.5
38.5 31.5
38.5 32.5
38.5 33.5
38.5 38.5
38.5 39.5
38.5 45.5
38.5 46.5
38.5 47.5
38.5 48.5
38.5 56.5
38.5 57.5
38.5 58.5
38.5 64.5
38.5 65.5
38.5 66.5
39.5 11.5
39.5 12.5
39.5 16.5
39.5 17.5
39.5 46.5
39.5 47.5
39.5 57.5
39.5 58.5
39.5 64.5
39.5 65.5
42.5 8.5
42.5 9.5
42.5 19.5
42.5 23.5
42.5 24.5
42.5 25.5
42.5 34.5
42.5 35.5
42.5 40.5
42.5 41.5
42.5 42.5
42.5 49.5
42.5 50.5
42.5 54.5
42.5 55.5
42.5 62.5
43.5 7.5
43.5 8.5
43.5 9.5
43.5 10.5
43.5 18.5
43.5 19.5
43.5 20.5
43.5 23.5
43.5 24.5
43.5 25.5
43.5 34.5
43.5 35.5
43.5 40.5
43.5 41.5
43.5 42.5
43.5 49.5
43.5 50.5
43.5 53.5
43.5 54.5
43.5 55.5
43.5 61.5
43.5 62.5
43.5 63.5
44.5 8.5
44.5 9.5
44.5 18.5
44.5 19.5
44.5 24.5
44.5 54.5
44.5 55.5
44.5 61.5
44.5 62.5
44.5 63.5
51.5 34.5
51.5 35.5
51.5 39.5
51.5 40.5
52.5 11.5
52.5 12.5
52.5 16.5
52.5 17.5
52.5 23.5
52.5 24.5
52.5 25.5
52.5 34.5
52.5 35.5
52.5 39.5
52.5 40.5
52.5 41.5
52.5 48.5
52.5 49.5
52.5 50.5
52.5 53.5
52.5 54.5
52.5 55.5
53.5 10.5
53.5 11.5
53.5 12.5
53.5 16.5
53.5 17.5
53.5 23.5
53.5 24.5
53.5 25.5
53.5 34.5
53.5 35.5
53.5 39.5
53.5 40.5
53.5 48.5
53.5 49.5
53.5 50.5
53.5 53.5
53.5 54.5
53.5 55.5
53.5 64.5
53.5 65.5
54.5 11.5
54.5 24.5
54.5 49.5
54.5 53.5
54.5 54.5
54.5 55.5
54.5 64.5
54.5 65.5
57.5 8.5
57.5 9.5
57.5 18.5
57.5 19.5
57.5 26.5
57.5 27.5
57.5 31.5
57.5 32.5
57.5 33.5
57.5 42.5
57.5 43.5
57.5 47.5
57.5 62.5
58.5 8.5
58.5 9.5
58.5 18.5
58.5 19.5
58.5 20.5
58.5 25.5
58.5 26.5
58.5 27.5
58.5 31.5
58.5 32.5
58.5 33.5
58.5 42.5
58.5 43.5
58.5 44.5
58.5 47.5
58.5 48.5
58.5 56.5
58.5 57.5
58.5 58.5
58.5 61.5
58.5 62.5
58.5 63.5
59.5 26.5
59.5 27.5
59.5 31.5
59.5 32.5
59.5 33.5
59.5 42.5
59.5 43.5
59.5 47.5
59.5 48.5
59.5 56.5
59.5 57.5
59.5 58.5
59.5 61.5
59.5 62.5
59.5 63.5
