4.5 62.5
4.5 63.5
5.5 11.5
5.5 23.5
5.5 24.5
5.5 36.5
5.5 47.5
5.5 48.5
5.5 62.5
5.5 63.5
5.5 64.5
6.5 10.5
6.5 11.5
6.5 22.5
6.5 23.5
6.5 24.5
6.5 25.5
6.5 35.5
6.5 36.5
6.5 46.5
6.5 47.5
6.5 48.5
6.5 62.5
6.5 63.5
6.5 64.5
7.5 10.5
7.5 11.5
7.5 22.5
7.5 23.5
7.5 24.5
7.5 34.5
7.5 35.5
7.5 46.5
7.5 47.5
7.5 48.5
8.5 10.5
9.5 28.5
9.5 29.5
9.5 39.5
9.5 40.5
9.5 51.5
9.5 52.5
9.5 58.5
9.5 59.5
10.5 14.5
10.5 15.5
10.5 16.5
10.5 27.5
10.5 28.5
10.5 29.5
10.5 38.5
10.5 39.5
10.5 40.5
10.5 50.5
10.5 51.5
10.5 52.5
10.5 58.5
10.5 59.5
10.5 60.5
11.5 14.5
11.5 15.5
11.5 16.5
11.5 27.5
11.5 28.5
11.5 38.5
11.5 39.5
11.5 40.5
11.5 50.5
11.5 51.5
11.5 52.5
11.5 59.5
12.5 14.5
12.5 15.5
17.5 27.5
17.5 38.5
17.5 50.5
17.5 51.5
17.5 62.5
17.5 63.5
18.5 14.5
18.5 15.5
18.5 16.5
18.5 26.5
18.5 27.5
18.5 28.5
18.5 38.5
18.5 39.5
18.5 50.5
18.5 51.5
18.5 52.5
18.5 62.5
18.5 63.5
18.5 64.5
19.5 14.5
19.5 15.5
19.5 16.5
19.5 26.5
19.5 27.5
19.5 28.5
19.5 38.5
19.5 39.5
19.5 40.5
19.5 51.5
19.5 52.5
19.5 63.5
20.5 15.5
20.5 16.5
20.5 27.5
20.5 28.5
20.5 38.5
20.5 39.5
20.5 40.5
21.5 58.5
21.5 59.5
22.5 10.5
22.5 11.5
22.5 22.5
22.5 23.5
22.5 33.5
22.5 34.5
22.5 46.5
22.5 47.5
22.5 48.5
22.5 58.5
22.5 59.5
22.5 60.5
23.5 10.5
23.5 11.5
23.5 12.5
23.5 22.5
23.5 23.5
23.5 24.5
23.5 33.5
23.5 34.5
23.5 35.5
23.5 46.5
23.5 47.5
23.5 48.5
23.5 59.5
23.5 60.5
24.5 23.5
24.5 24.5
24.5 33.5
24.5 34.5
24.5 35.5
24.5 46.5
24.5 47.5
25.5 34.5
25.5 35.5
29.5 13.5
29.5 14.5
29.5 62.5
29.5 63.5
30.5 13.5
30.5 14.5
30.5 15.5
30.5 22.5
30.5 49.5
30.5 50.5
30.5 51.5
30.5 62.5
30.5 63.5
30.5 64.5
31.5 14.5
31.5 15.5
31.5 21.5
31.5 22.5
31.5 23.5
31.5 33.5
31.5 34.5
31.5 35.5
31.5 49.5
31.5 50.5
31.5 51.5
31.5 63.5
31.5 64.5
32.5 21.5
32.5 22.5
32.5 33.5
32.5 34.5
32.5 35.5
32.5 49.5
32.5 50.5
32.5 51.5
33.5 21.5
33.5 33.5
33.5 34.5
34.5 9.5
34.5 10.5
34.5 11.5
34.5 58.5
34.5 59.5
35.5 9.5
35.5 10.5
35.5 11.5
35.5 25.5
35.5 26.5
35.5 27.5
35.5 38.5
35.5 39.5
35.5 45.5
35.5 46.5
35.5 58.5
35.5 59.5
35.5 60.5
36.5 10.5
36.5 11.5
36.5 25.5
36.5 26.5
36.5 27.5
36.5 37.5
36.5 38.5
36.5 39.5
36.5 45.5
36.5 46.5
36.5 47.5
36.5 58.5
36.5 59.5
36.5 60.5
37.5 25.5
37.5 38.5
37.5 46.5
37.5 47.5
42.5 22.5
42.5 23.5
42.5 35.5
42.5 36.5
42.5 50.5
42.5 62.5
42.5 63.5
43.5 13.5
43.5 14.5
43.5 15.5
43.5 21.5
43.5 22.5
43.5 23.5
43.5 34.5
43.5 35.5
43.5 36.5
43.5 50.5
43.5 51.5
43.5 62.5
43.5 63.5
43.5 64.5
44.5 14.5
44.5 15.5
44.5 21.5
44.5 22.5
44.5 34.5
44.5 35.5
44.5 36.5
44.5 50.5
44.5 51.5
44.5 52.5
44.5 63.5
44.5 64.5
45.5 27.5
46.5 26.5
46.5 27.5
46.5 28.5
46.5 57.5
46.5 58.5
46.5 59.5
47.5 9.5
47.5 10.5
47.5 11.5
47.5 26.5
47.5 27.5
47.5 28.5
47.5 38.5
47.5 39.5
47.5 40.5
47.5 46.5
47.5 47.5
47.5 48.5
47.5 58.5
47.5 59.5
47.5 60.5
48.5 9.5
48.5 10.5
48.5 11.5
48.5 38.5
48.5 39.5
48.5 40.5
48.5 46.5
48.5 47.5
48.5 48.5
48.5 59.5
49.5 9.5
49.5 10.5
49.5 11.5
49.5 38.5
53.5 62.5
54.5 25.5
54.5 26.5
54.5 27.5
54.5 47.5
54.5 48.5
54.5 61.5
54.5 62.5
54.5 63.5
55.5 12.5
55.5 13.5
55.5 14.5
55.5 15.5
55.5 25.5
55.5 26.5
55.5 27.5
55.5 34.5
55.5 35.5
55.5 46.5
55.5 47.5
55.5 48.5
55.5 62.5
55.5 63.5
55.5 64.5
56.5 13.5
56.5 14.5
56.5 15.5
56.5 26.5
56.5 27.5
56.5 33.5
56.5 34.5
56.5 35.5
56.5 46.5
56.5 47.5
56.5 48.5
57.5 13.5
57.5 14.5
57.5 33.5
57.5 34.5
58.5 21.5
58.5 22.5
59.5 21.5
59.5 22.5
59.5 23.5
59.5 38.5
59.5 39.5
59.5 40.5
59.5 51.5
59.5 52.5
59.5 58.5
59.5 59.5
60.5 8.5
60.5 9.5
60.5 10.5
60.5 21.5
60.5 22.5
60.5 23.5
60.5 38.5
60.5 39.5
60.5 40.5
60.5 51.5
60.5 52.5
60.5 58.5
60.5 59.5
60.5 60.5
61.5 8.5
61.5 9.5
61.5 10.5
61.5 11.5
61.5 22.5
61.5 23.5
61.5 38.5
61.5 39.5
61.5 51.5
61.5 52.5
61.5 58.5
61.5 59.5
61.5 60.5
62.5 9.5
62.5 10.5
62.5 51.5
62.5 52.5
