5.5 33.5
5.5 46.5
5.5 47.5
6.5 25.5
6.5 46.5
6.5 63.5
7.5 10.5
7.5 26.5
9.5 37.5
9.5 38.5
10.5 37.5
10.5 51.5
10.5 59.5
11.5 14.5
11.5 21.5
11.5 22.5
11.5 51.5
11.5 59.5
18.5 10.5
18.5 22.5
18.5 38.5
18.5 50.5
19.5 50.5
19.5 63.5
20.5 64.5
22.5 14.5
22.5 15.5
22.5 26.5
22.5 27.5
22.5 34.5
22.5 46.5
23.5 26.5
23.5 34.5
23.5 46.5
23.5 58.5
24.5 59.5
29.5 15.5
30.5 16.5
30.5 23.5
30.5 34.5
31.5 46.5
31.5 58.5
31.5 59.5
32.5 58.5
34.5 11.5
34.5 26.5
34.5 27.5
34.5 38.5
34.5 39.5
35.5 12.5
35.5 50.5
35.5 63.5
42.5 26.5
42.5 38.5
42.5 39.5
42.5 50.5
42.5 63.5
43.5 15.5
43.5 63.5
46.5 22.5
46.5 34.5
46.5 46.5
46.5 58.5
47.5 10.5
47.5 22.5
47.5 23.5
47.5 34.5
48.5 11.5
54.5 50.5
54.5 58.5
55.5 10.5
55.5 11.5
55.5 22.5
55.5 34.5
56.5 10.5
58.5 63.5
59.5 15.5
59.5 26.5
59.5 38.5
59.5 45.5
59.5 46.5
60.5 14.5
