3.5 45.5
3.5 46.5
4.5 8.5
4.5 9.5
4.5 25.5
4.5 33.5
4.5 34.5
4.5 35.5
4.5 45.5
4.5 46.5
5.5 8.5
5.5 9.5
5.5 24.5
5.5 25.5
5.5 33.5
5.5 34.5
5.5 35.5
5.5 45.5
5.5 55.5
5.5 60.5
5.5 61.5
6.5 17.5
6.5 24.5
6.5 25.5
6.5 33.5
6.5 34.5
6.5 35.5
6.5 55.5
6.5 60.5
6.5 61.5
7.5 12.5
7.5 17.5
7.5 39.5
7.5 40.5
7.5 64.5
8.5 12.5
8.5 13.5
8.5 28.5
8.5 29.5
8.5 38.5
8.5 39.5
8.5 40.5
8.5 47.5
8.5 48.5
8.5 51.5
8.5 52.5
8.5 63.5
8.5 64.5
8.5 65.5
9.5 12.5
9.5 13.5
9.5 19.5
9.5 20.5
9.5 28.5
9.5 29.5
9.5 38.5
9.5 39.5
9.5 40.5
9.5 47.5
9.5 48.5
9.5 51.5
9.5 52.5
9.5 53.5
9.5 64.5
9.5 65.5
10.5 19.5
10.5 20.5
10.5 21.5
10.5 28.5
10.5 29.5
10.5 51.5
10.5 52.5
11.5 28.5
11.5 29.5
13.5 40.5
13.5 41.5
13.5 42.5
14.5 8.5
14.5 9.5
14.5 61.5
15.5 7.5
15.5 8.5
15.5 9.5
15.5 51.5
15.5 52.5
15.5 53.5
15.5 60.5
15.5 61.5
15.5 62.5
16.5 7.5
16.5 8.5
16.5 9.5
16.5 18.5
16.5 19.5
16.5 38.5
16.5 39.5
16.5 51.5
16.5 52.5
16.5 60.5
16.5 61.5
16.5 62.5
17.5 17.5
17.5 18.5
17.5 19.5
17.5 27.5
17.5 28.5
17.5 37.5
17.5 38.5
17.5 39.5
17.5 61.5
18.5 17.5
18.5 18.5
18.5 27.5
18.5 28.5
18.5 55.5
18.5 56.5
19.5 11.5
19.5 31.5
19.5 41.5
19.5 42.5
19.5 46.5
19.5 47.5
19.5 55.5
19.5 56.5
19.5 64.5
19.5 65.5
20.5 10.5
20.5 11.5
20.5 12.5
20.5 21.5
20.5 22.5
20.5 23.5
20.5 31.5
20.5 40.5
20.5 41.5
20.5 42.5
20.5 46.5
20.5 47.5
20.5 63.5
20.5 64.5
20.5 65.5
21.5 10.5
21.5 11.5
21.5 12.5
21.5 21.5
21.5 22.5
21.5 23.5
21.5 63.5
21.5 64.5
22.5 11.5
25.5 22.5
25.5 29.5
25.5 30.5
25.5 39.5
25.5 46.5
25.5 47.5
25.5 52.5
25.5 53.5
26.5 22.5
26.5 23.5
26.5 29.5
26.5 30.5
26.5 39.5
26.5 46.5
26.5 47.5
26.5 48.5
26.5 51.5
26.5 52.5
26.5 53.5
27.5 9.5
27.5 10.5
27.5 35.5
27.5 60.5
27.5 61.5
27.5 62.5
28.5 8.5
28.5 9.5
28.5 10.5
28.5 27.5
28.5 33.5
28.5 34.5
28.5 35.5
28.5 36.5
28.5 60.5
28.5 61.5
28.5 62.5
29.5 8.5
29.5 9.5
29.5 18.5
29.5 19.5
29.5 27.5
29.5 34.5
29.5 35.5
29.5 36.5
29.5 43.5
29.5 44.5
29.5 54.5
29.5 55.5
29.5 65.5
30.5 18.5
30.5 19.5
30.5 54.5
30.5 55.5
30.5 56.5
30.5 64.5
30.5 65.5
30.5 66.5
31.5 12.5
31.5 13.5
31.5 18.5
31.5 19.5
31.5 54.5
31.5 55.5
31.5 65.5
32.5 6.5
32.5 12.5
32.5 13.5
33.5 6.5
34.5 21.5
34.5 22.5
34.5 26.5
35.5 20.5
35.5 21.5
35.5 22.5
35.5 26.5
35.5 33.5
35.5 34.5
35.5 35.5
35.5 43.5
35.5 44.5
35.5 65.5
35.5 66.5
36.5 13.5
36.5 21.5
36.5 22.5
36.5 33.5
36.5 34.5
36.5 35.5
36.5 43.5
36.5 51.5
36.5 52.5
36.5 65.5
36.5 66.5
37.5 13.5
37.5 34.5
37.5 51.5
37.5 52.5
37.5 53.5
37.5 65.5
38.5 9.5
38.5 10.5
38.5 17.5
38.5 18.5
38.5 28.5
38.5 29.5
38.5 38.5
38.5 39.5
38.5 51.5
38.5 52.5
38.5 53.5
39.5 10.5
39.5 18.5
39.5 27.5
39.5 28.5
39.5 29.5
39.5 37.5
39.5 38.5
39.5 39.5
39.5 46.5
39.5 62.5
40.5 37.5
40.5 38.5
40.5 39.5
40.5 45.5
40.5 46.5
40.5 47.5
40.5 61.5
40.5 62.5
40.5 63.5
41.5 45.5
41.5 46.5
41.5 55.5
41.5 56.5
41.5 61.5
41.5 62.5
42.5 55.5
42.5 56.5
43.5 9.5
43.5 10.5
44.5 9.5
44.5 10.5
44.5 11.5
44.5 20.5
44.5 21.5
44.5 22.5
44.5 26.5
44.5 27.5
45.5 9.5
45.5 10.5
45.5 11.5
45.5 20.5
45.5 21.5
45.5 22.5
45.5 26.5
45.5 27.5
45.5 37.5
45.5 38.5
45.5 62.5
45.5 63.5
46.5 26.5
46.5 27.5
46.5 37.5
46.5 38.5
46.5 46.5
46.5 47.5
46.5 52.5
46.5 53.5
46.5 62.5
46.5 63.5
47.5 43.5
47.5 52.5
48.5 13.5
48.5 17.5
48.5 18.5
48.5 19.5
48.5 42.5
48.5 43.5
48.5 44.5
48.5 56.5
48.5 57.5
48.5 66.5
48.5 67.5
49.5 12.5
49.5 13.5
49.5 17.5
49.5 18.5
49.5 19.5
49.5 29.5
49.5 30.5
49.5 31.5
49.5 35.5
49.5 43.5
49.5 56.5
49.5 57.5
49.5 66.5
49.5 67.5
50.5 6.5
50.5 17.5
50.5 18.5
50.5 29.5
50.5 30.5
50.5 31.5
50.5 32.5
50.5 35.5
50.5 36.5
51.5 6.5
51.5 30.5
51.5 31.5
52.5 6.5
53.5 56.5
53.5 57.5
54.5 44.5
54.5 45.5
54.5 46.5
54.5 55.5
54.5 56.5
54.5 57.5
54.5 66.5
55.5 9.5
55.5 20.5
55.5 21.5
55.5 29.5
55.5 30.5
55.5 44.5
55.5 45.5
55.5 46.5
55.5 56.5
55.5 57.5
55.5 66.5
55.5 67.5
56.5 8.5
56.5 20.5
56.5 21.5
56.5 29.5
56.5 30.5
56.5 31.5
56.5 38.5
57.5 26.5
57.5 38.5
57.5 51.5
57.5 52.5
57.5 53.5
57.5 62.5
57.5 63.5
58.5 25.5
58.5 26.5
58.5 42.5
58.5 51.5
58.5 52.5
58.5 53.5
58.5 62.5
58.5 63.5
59.5 10.5
59.5 11.5
59.5 12.5
59.5 17.5
59.5 18.5
59.5 35.5
59.5 36.5
59.5 42.5
59.5 43.5
59.5 52.5
60.5 10.5
60.5 11.5
60.5 12.5
60.5 17.5
60.5 18.5
60.5 35.5
60.5 36.5
60.5 42.5
60.5 43.5
61.5 10.5
61.5 11.5
61.5 12.5
61.5 18.5
62.5 11.5
