3.5 29.5
3.5 30.5
3.5 39.5
3.5 40.5
3.5 49.5
3.5 50.5
4.5 9.5
4.5 10.5
4.5 16.5
4.5 17.5
4.5 18.5
4.5 29.5
4.5 30.5
4.5 39.5
4.5 40.5
4.5 45.5
5.5 9.5
5.5 10.5
5.5 17.5
5.5 18.5
5.5 45.5
5.5 63.5
6.5 36.5
6.5 45.5
6.5 55.5
6.5 56.5
6.5 63.5
7.5 20.5
7.5 25.5
7.5 26.5
7.5 27.5
7.5 35.5
7.5 36.5
7.5 55.5
7.5 56.5
7.5 61.5
8.5 13.5
8.5 19.5
8.5 20.5
8.5 21.5
8.5 25.5
8.5 26.5
8.5 27.5
8.5 36.5
8.5 47.5
8.5 48.5
8.5 60.5
8.5 61.5
9.5 13.5
9.5 20.5
9.5 21.5
9.5 25.5
9.5 26.5
9.5 52.5
9.5 53.5
10.5 7.5
11.5 7.5
11.5 8.5
12.5 7.5
12.5 8.5
13.5 7.5
13.5 38.5
13.5 39.5
13.5 40.5
13.5 44.5
13.5 45.5
13.5 52.5
13.5 53.5
13.5 64.5
13.5 65.5
14.5 26.5
14.5 27.5
14.5 37.5
14.5 38.5
14.5 39.5
14.5 44.5
14.5 45.5
14.5 52.5
14.5 53.5
14.5 64.5
14.5 65.5
15.5 13.5
15.5 14.5
15.5 17.5
15.5 18.5
15.5 26.5
15.5 27.5
15.5 53.5
16.5 18.5
16.5 46.5
16.5 47.5
16.5 56.5
16.5 62.5
17.5 20.5
17.5 21.5
17.5 29.5
17.5 30.5
17.5 31.5
17.5 35.5
17.5 36.5
17.5 46.5
17.5 47.5
17.5 48.5
17.5 56.5
17.5 61.5
17.5 62.5
18.5 10.5
18.5 11.5
18.5 20.5
18.5 21.5
18.5 30.5
18.5 31.5
18.5 35.5
18.5 36.5
18.5 47.5
19.5 11.5
19.5 21.5
21.5 21.5
22.5 11.5
22.5 21.5
22.5 27.5
22.5 55.5
22.5 56.5
22.5 60.5
22.5 61.5
22.5 62.5
23.5 11.5
23.5 21.5
23.5 27.5
23.5 38.5
23.5 47.5
23.5 48.5
23.5 49.5
23.5 54.5
23.5 55.5
23.5 56.5
23.5 60.5
23.5 61.5
23.5 62.5
24.5 11.5
24.5 17.5
24.5 30.5
24.5 37.5
24.5 38.5
24.5 46.5
24.5 47.5
24.5 48.5
24.5 61.5
25.5 8.5
25.5 17.5
25.5 30.5
25.5 35.5
25.5 47.5
25.5 65.5
26.5 30.5
26.5 35.5
26.5 43.5
26.5 44.5
26.5 52.5
26.5 53.5
26.5 64.5
26.5 65.5
26.5 66.5
27.5 43.5
27.5 44.5
27.5 52.5
27.5 53.5
27.5 64.5
27.5 65.5
27.5 66.5
28.5 65.5
28.5 66.5
29.5 8.5
29.5 19.5
29.5 20.5
29.5 21.5
29.5 26.5
29.5 27.5
30.5 8.5
30.5 9.5
30.5 19.5
30.5 20.5
30.5 26.5
30.5 27.5
31.5 27.5
31.5 37.5
31.5 38.5
31.5 42.5
31.5 43.5
31.5 61.5
31.5 62.5
32.5 42.5
32.5 43.5
32.5 54.5
32.5 55.5
32.5 61.5
32.5 62.5
33.5 11.5
33.5 12.5
33.5 17.5
33.5 18.5
33.5 29.5
33.5 30.5
33.5 42.5
33.5 43.5
34.5 11.5
34.5 12.5
34.5 13.5
34.5 17.5
34.5 18.5
34.5 29.5
34.5 30.5
34.5 31.5
34.5 35.5
34.5 36.5
34.5 47.5
34.5 53.5
34.5 64.5
34.5 65.5
35.5 30.5
35.5 31.5
35.5 35.5
35.5 36.5
35.5 46.5
35.5 47.5
35.5 64.5
35.5 65.5
38.5 21.5
38.5 27.5
38.5 67.5
39.5 12.5
39.5 21.5
39.5 26.5
39.5 27.5
39.5 43.5
39.5 52.5
39.5 53.5
40.5 11.5
40.5 12.5
40.5 21.5
40.5 27.5
40.5 43.5
40.5 44.5
40.5 52.5
40.5 53.5
40.5 61.5
40.5 62.5
41.5 6.5
41.5 7.5
41.5 11.5
41.5 37.5
41.5 38.5
41.5 43.5
41.5 44.5
41.5 61.5
41.5 62.5
42.5 6.5
42.5 7.5
42.5 17.5
42.5 18.5
43.5 6.5
43.5 7.5
43.5 17.5
43.5 18.5
43.5 29.5
43.5 30.5
43.5 34.5
43.5 35.5
43.5 46.5
43.5 47.5
43.5 48.5
43.5 55.5
43.5 56.5
43.5 57.5
43.5 65.5
44.5 6.5
44.5 34.5
44.5 35.5
44.5 46.5
44.5 47.5
44.5 48.5
44.5 55.5
44.5 56.5
44.5 57.5
44.5 58.5
44.5 64.5
45.5 34.5
45.5 56.5
45.5 57.5
45.5 58.5
47.5 17.5
47.5 18.5
48.5 6.5
48.5 7.5
48.5 17.5
48.5 18.5
48.5 26.5
48.5 64.5
49.5 6.5
49.5 7.5
49.5 26.5
49.5 27.5
49.5 33.5
49.5 34.5
49.5 57.5
49.5 64.5
50.5 6.5
50.5 20.5
50.5 21.5
50.5 26.5
50.5 33.5
50.5 34.5
50.5 35.5
50.5 43.5
50.5 44.5
50.5 56.5
50.5 57.5
51.5 10.5
51.5 11.5
51.5 20.5
51.5 21.5
51.5 22.5
51.5 43.5
51.5 44.5
51.5 45.5
51.5 54.5
52.5 11.5
52.5 21.5
52.5 22.5
52.5 28.5
52.5 37.5
52.5 48.5
52.5 54.5
52.5 61.5
53.5 28.5
53.5 29.5
53.5 37.5
53.5 38.5
53.5 47.5
53.5 48.5
53.5 49.5
54.5 37.5
54.5 38.5
54.5 48.5
54.5 49.5
57.5 12.5
57.5 13.5
57.5 47.5
57.5 48.5
57.5 57.5
57.5 58.5
57.5 60.5
57.5 61.5
58.5 11.5
58.5 12.5
58.5 13.5
58.5 17.5
58.5 18.5
58.5 19.5
58.5 20.5
58.5 29.5
58.5 34.5
58.5 35.5
58.5 47.5
58.5 48.5
58.5 57.5
58.5 60.5
58.5 61.5
59.5 12.5
59.5 17.5
59.5 18.5
59.5 19.5
59.5 28.5
59.5 29.5
59.5 34.5
59.5 35.5
59.5 54.5
60.5 38.5
60.5 53.5
60.5 54.5
60.5 63.5
61.5 9.5
61.5 10.5
61.5 26.5
61.5 27.5
61.5 38.5
61.5 39.5
61.5 53.5
61.5 54.5
61.5 63.5
61.5 64.5
62.5 8.5
62.5 9.5
62.5 10.5
62.5 21.5
62.5 26.5
62.5 27.5
63.5 21.5
63.5 22.5
