6.5 11.5
6.5 19.5
6.5 24.5
6.5 34.5
6.5 43.5
6.5 66.5
7.5 11.5
7.5 19.5
7.5 24.5
7.5 34.5
7.5 43.5
7.5 56.5
7.5 66.5
7.5 67.5
8.5 24.5
8.5 43.5
8.5 47.5
8.5 56.5
8.5 57.5
11.5 16.5
11.5 63.5
12.5 8.5
12.5 9.5
12.5 16.5
12.5 27.5
12.5 31.5
12.5 32.5
12.5 39.5
12.5 40.5
12.5 62.5
12.5 63.5
13.5 9.5
13.5 16.5
13.5 26.5
13.5 32.5
13.5 40.5
13.5 49.5
13.5 54.5
14.5 49.5
21.5 26.5
21.5 32.5
21.5 62.5
21.5 63.5
22.5 18.5
22.5 19.5
22.5 27.5
22.5 31.5
22.5 41.5
22.5 50.5
22.5 57.5
22.5 62.5
22.5 63.5
23.5 11.5
23.5 18.5
23.5 19.5
23.5 41.5
23.5 50.5
23.5 57.5
24.5 11.5
26.5 24.5
26.5 34.5
26.5 66.5
27.5 24.5
27.5 34.5
27.5 38.5
27.5 46.5
27.5 47.5
27.5 55.5
27.5 65.5
27.5 66.5
28.5 8.5
28.5 16.5
28.5 34.5
28.5 46.5
28.5 47.5
28.5 55.5
28.5 65.5
29.5 9.5
29.5 16.5
36.5 24.5
37.5 24.5
37.5 31.5
37.5 48.5
37.5 49.5
37.5 58.5
37.5 62.5
38.5 8.5
38.5 16.5
38.5 24.5
38.5 31.5
38.5 41.5
38.5 49.5
38.5 58.5
38.5 62.5
39.5 8.5
39.5 31.5
39.5 41.5
41.5 45.5
41.5 55.5
42.5 11.5
42.5 19.5
42.5 45.5
42.5 55.5
42.5 65.5
43.5 11.5
43.5 19.5
43.5 26.5
43.5 34.5
43.5 39.5
43.5 46.5
43.5 55.5
43.5 65.5
44.5 26.5
44.5 33.5
44.5 39.5
51.5 55.5
51.5 63.5
52.5 8.5
52.5 9.5
52.5 17.5
52.5 31.5
52.5 49.5
52.5 55.5
52.5 62.5
52.5 63.5
53.5 8.5
53.5 17.5
53.5 26.5
53.5 31.5
53.5 38.5
53.5 50.5
53.5 55.5
53.5 62.5
54.5 17.5
54.5 38.5
57.5 12.5
57.5 33.5
57.5 58.5
57.5 65.5
58.5 11.5
58.5 19.5
58.5 24.5
58.5 33.5
58.5 41.5
58.5 47.5
58.5 64.5
58.5 65.5
59.5 11.5
59.5 19.5
59.5 24.5
59.5 33.5
59.5 41.5
59.5 47.5
59.5 48.5
59.5 64.5
60.5 19.5
