4.5 23.5
4.5 32.5
5.5 13.5
5.5 24.5
5.5 32.5
5.5 62.5
6.5 14.5
6.5 24.5
6.5 25.5
6.5 31.5
6.5 32.5
6.5 43.5
6.5 51.5
6.5 62.5
7.5 14.5
7.5 15.5
7.5 25.5
7.5 26.5
7.5 31.5
7.5 43.5
7.5 44.5
7.5 50.5
7.5 51.5
7.5 61.5
7.5 62.5
8.5 15.5
8.5 26.5
8.5 31.5
8.5 44.5
8.5 50.5
8.5 51.5
8.5 61.5
8.5 62.5
9.5 10.5
9.5 16.5
9.5 20.5
9.5 44.5
9.5 45.5
9.5 50.5
9.5 61.5
10.5 10.5
10.5 20.5
10.5 21.5
10.5 35.5
10.5 39.5
10.5 45.5
10.5 49.5
10.5 56.5
10.5 61.5
10.5 66.5
11.5 10.5
11.5 11.5
11.5 21.5
11.5 22.5
11.5 34.5
11.5 35.5
11.5 40.5
11.5 55.5
11.5 56.5
11.5 66.5
12.5 11.5
12.5 22.5
12.5 23.5
12.5 34.5
12.5 35.5
12.5 40.5
12.5 41.5
12.5 55.5
12.5 65.5
12.5 66.5
13.5 11.5
13.5 12.5
13.5 23.5
13.5 34.5
13.5 40.5
13.5 41.5
13.5 54.5
13.5 55.5
13.5 65.5
13.5 66.5
14.5 12.5
14.5 34.5
14.5 41.5
14.5 54.5
14.5 65.5
15.5 41.5
15.5 54.5
15.5 65.5
18.5 24.5
19.5 13.5
19.5 24.5
19.5 32.5
20.5 13.5
20.5 24.5
20.5 25.5
20.5 31.5
20.5 32.5
20.5 42.5
20.5 43.5
20.5 52.5
20.5 53.5
21.5 13.5
21.5 14.5
21.5 24.5
21.5 25.5
21.5 31.5
21.5 43.5
21.5 51.5
21.5 52.5
21.5 65.5
22.5 13.5
22.5 14.5
22.5 25.5
22.5 31.5
22.5 43.5
22.5 44.5
22.5 50.5
22.5 51.5
22.5 65.5
22.5 66.5
23.5 14.5
23.5 25.5
23.5 31.5
23.5 43.5
23.5 44.5
23.5 50.5
23.5 66.5
24.5 14.5
24.5 19.5
24.5 20.5
24.5 25.5
24.5 26.5
24.5 30.5
24.5 44.5
24.5 49.5
24.5 67.5
25.5 20.5
25.5 30.5
25.5 39.5
25.5 56.5
25.5 62.5
26.5 10.5
26.5 20.5
26.5 34.5
26.5 35.5
26.5 39.5
26.5 55.5
26.5 56.5
26.5 62.5
27.5 10.5
27.5 20.5
27.5 21.5
27.5 34.5
27.5 39.5
27.5 40.5
27.5 55.5
27.5 56.5
27.5 62.5
28.5 10.5
28.5 11.5
28.5 20.5
28.5 21.5
28.5 33.5
28.5 34.5
28.5 40.5
28.5 54.5
28.5 55.5
28.5 56.5
28.5 62.5
28.5 63.5
29.5 11.5
29.5 21.5
29.5 33.5
29.5 34.5
29.5 40.5
29.5 41.5
29.5 54.5
29.5 55.5
29.5 62.5
29.5 63.5
30.5 11.5
30.5 21.5
30.5 33.5
30.5 41.5
30.5 53.5
30.5 54.5
30.5 62.5
30.5 63.5
31.5 11.5
31.5 53.5
31.5 54.5
31.5 63.5
32.5 12.5
34.5 42.5
35.5 22.5
35.5 32.5
35.5 43.5
35.5 51.5
36.5 13.5
36.5 21.5
36.5 22.5
36.5 33.5
36.5 43.5
36.5 44.5
36.5 51.5
36.5 52.5
36.5 65.5
37.5 14.5
37.5 21.5
37.5 22.5
37.5 33.5
37.5 44.5
37.5 51.5
37.5 52.5
37.5 65.5
38.5 14.5
38.5 15.5
38.5 21.5
38.5 33.5
38.5 34.5
38.5 44.5
38.5 45.5
38.5 51.5
38.5 52.5
38.5 65.5
39.5 15.5
39.5 20.5
39.5 21.5
39.5 34.5
39.5 45.5
39.5 51.5
39.5 52.5
39.5 65.5
39.5 66.5
40.5 15.5
40.5 16.5
40.5 20.5
40.5 30.5
40.5 39.5
40.5 51.5
40.5 52.5
40.5 65.5
40.5 66.5
41.5 9.5
41.5 16.5
41.5 25.5
41.5 26.5
41.5 30.5
41.5 39.5
41.5 40.5
41.5 51.5
41.5 66.5
42.5 10.5
42.5 11.5
42.5 25.5
42.5 30.5
42.5 31.5
42.5 40.5
42.5 41.5
42.5 56.5
42.5 60.5
43.5 10.5
43.5 11.5
43.5 12.5
43.5 25.5
43.5 31.5
43.5 41.5
43.5 42.5
43.5 55.5
43.5 56.5
43.5 60.5
43.5 61.5
44.5 11.5
44.5 12.5
44.5 25.5
44.5 31.5
44.5 41.5
44.5 42.5
44.5 55.5
44.5 61.5
44.5 62.5
45.5 12.5
45.5 13.5
45.5 25.5
45.5 31.5
45.5 43.5
45.5 54.5
45.5 55.5
45.5 61.5
45.5 62.5
46.5 25.5
46.5 32.5
46.5 54.5
46.5 62.5
50.5 13.5
50.5 42.5
50.5 43.5
51.5 13.5
51.5 24.5
51.5 43.5
51.5 51.5
51.5 62.5
52.5 13.5
52.5 14.5
52.5 24.5
52.5 25.5
52.5 34.5
52.5 43.5
52.5 44.5
52.5 51.5
52.5 61.5
52.5 62.5
53.5 13.5
53.5 14.5
53.5 25.5
53.5 34.5
53.5 43.5
53.5 44.5
53.5 50.5
53.5 61.5
54.5 13.5
54.5 14.5
54.5 26.5
54.5 34.5
54.5 35.5
54.5 43.5
54.5 44.5
54.5 49.5
54.5 50.5
54.5 60.5
54.5 61.5
55.5 14.5
55.5 20.5
55.5 21.5
55.5 26.5
55.5 35.5
55.5 39.5
55.5 44.5
55.5 49.5
55.5 60.5
56.5 8.5
56.5 14.5
56.5 20.5
56.5 21.5
56.5 30.5
56.5 35.5
56.5 39.5
56.5 48.5
56.5 55.5
56.5 59.5
56.5 60.5
56.5 66.5
57.5 8.5
57.5 20.5
57.5 21.5
57.5 30.5
57.5 31.5
57.5 39.5
57.5 53.5
57.5 54.5
57.5 65.5
57.5 66.5
58.5 8.5
58.5 9.5
58.5 20.5
58.5 21.5
58.5 31.5
58.5 32.5
58.5 40.5
58.5 52.5
58.5 53.5
58.5 54.5
58.5 65.5
59.5 8.5
59.5 9.5
59.5 20.5
59.5 21.5
59.5 32.5
59.5 40.5
59.5 52.5
59.5 53.5
59.5 64.5
59.5 65.5
60.5 9.5
60.5 20.5
60.5 33.5
60.5 51.5
60.5 52.5
60.5 64.5
61.5 9.5
61.5 10.5
61.5 51.5
61.5 63.5
61.5 64.5
62.5 10.5
