5.5 14.5
5.5 59.5
5.5 60.5
6.5 12.5
6.5 13.5
6.5 33.5
6.5 34.5
6.5 61.5
6.5 62.5
7.5 31.5
7.5 32.5
10.5 19.5
10.5 20.5
10.5 41.5
10.5 42.5
10.5 52.5
10.5 53.5
11.5 18.5
11.5 19.5
11.5 39.5
11.5 40.5
11.5 54.5
11.5 55.5
18.5 13.5
18.5 14.5
19.5 11.5
19.5 12.5
19.5 38.5
19.5 39.5
19.5 40.5
19.5 60.5
19.5 61.5
22.5 20.5
22.5 21.5
22.5 31.5
23.5 18.5
23.5 19.5
23.5 32.5
23.5 33.5
23.5 52.5
23.5 53.5
23.5 54.5
24.5 55.5
30.5 18.5
30.5 19.5
30.5 38.5
30.5 39.5
30.5 54.5
30.5 55.5
31.5 20.5
31.5 21.5
31.5 40.5
31.5 41.5
31.5 51.5
31.5 52.5
31.5 53.5
34.5 12.5
34.5 13.5
34.5 31.5
34.5 32.5
34.5 33.5
34.5 62.5
35.5 14.5
35.5 34.5
35.5 35.5
35.5 59.5
35.5 60.5
42.5 18.5
42.5 19.5
42.5 38.5
42.5 39.5
42.5 59.5
42.5 60.5
43.5 19.5
43.5 20.5
43.5 40.5
43.5 41.5
43.5 60.5
43.5 61.5
43.5 62.5
46.5 11.5
46.5 12.5
46.5 30.5
46.5 31.5
46.5 52.5
46.5 53.5
47.5 13.5
47.5 14.5
47.5 32.5
47.5 33.5
47.5 34.5
47.5 53.5
47.5 54.5
54.5 14.5
54.5 33.5
54.5 34.5
55.5 11.5
55.5 12.5
55.5 13.5
55.5 31.5
55.5 32.5
55.5 33.5
55.5 52.5
55.5 53.5
55.5 54.5
58.5 41.5
58.5 62.5
59.5 19.5
59.5 20.5
59.5 38.5
59.5 39.5
59.5 40.5
59.5 59.5
59.5 60.5
60.5 17.5
60.5 18.5
