5.5 11.5
5.5 19.5
5.5 24.5
5.5 34.5
5.5 39.5
5.5 47.5
5.5 62.5
6.5 11.5
6.5 19.5
6.5 24.5
6.5 34.5
6.5 39.5
6.5 47.5
6.5 57.5
6.5 62.5
7.5 11.5
7.5 19.5
7.5 39.5
7.5 46.5
7.5 57.5
7.5 62.5
9.5 8.5
9.5 16.5
9.5 27.5
9.5 31.5
9.5 42.5
9.5 50.5
9.5 54.5
9.5 65.5
10.5 8.5
10.5 16.5
10.5 26.5
10.5 31.5
10.5 42.5
10.5 49.5
10.5 54.5
10.5 65.5
11.5 9.5
11.5 16.5
11.5 26.5
11.5 32.5
11.5 41.5
11.5 49.5
11.5 55.5
11.5 64.5
17.5 24.5
17.5 64.5
18.5 8.5
18.5 16.5
18.5 24.5
18.5 34.5
18.5 39.5
18.5 49.5
18.5 57.5
18.5 65.5
19.5 8.5
19.5 16.5
19.5 23.5
19.5 24.5
19.5 34.5
19.5 39.5
19.5 49.5
19.5 57.5
19.5 65.5
21.5 19.5
21.5 31.5
21.5 42.5
21.5 46.5
22.5 11.5
22.5 19.5
22.5 26.5
22.5 31.5
22.5 41.5
22.5 42.5
22.5 46.5
22.5 54.5
22.5 62.5
23.5 11.5
23.5 19.5
23.5 26.5
23.5 32.5
23.5 41.5
23.5 47.5
23.5 54.5
23.5 55.5
23.5 62.5
24.5 55.5
30.5 9.5
30.5 18.5
30.5 26.5
30.5 34.5
30.5 39.5
30.5 47.5
30.5 55.5
30.5 64.5
30.5 65.5
31.5 9.5
31.5 19.5
31.5 26.5
31.5 34.5
31.5 39.5
31.5 46.5
31.5 54.5
31.5 65.5
32.5 19.5
32.5 46.5
32.5 54.5
32.5 65.5
34.5 12.5
34.5 16.5
34.5 23.5
34.5 31.5
34.5 42.5
34.5 49.5
34.5 57.5
34.5 62.5
35.5 11.5
35.5 16.5
35.5 24.5
35.5 31.5
35.5 41.5
35.5 49.5
35.5 57.5
35.5 62.5
36.5 11.5
36.5 24.5
36.5 32.5
36.5 41.5
42.5 11.5
42.5 18.5
42.5 24.5
42.5 39.5
42.5 49.5
42.5 57.5
42.5 64.5
43.5 11.5
43.5 18.5
43.5 19.5
43.5 23.5
43.5 31.5
43.5 39.5
43.5 49.5
43.5 57.5
43.5 65.5
44.5 12.5
44.5 19.5
44.5 23.5
44.5 31.5
44.5 39.5
44.5 50.5
44.5 65.5
46.5 8.5
46.5 16.5
46.5 26.5
46.5 34.5
46.5 42.5
46.5 46.5
46.5 54.5
46.5 62.5
47.5 9.5
47.5 16.5
47.5 26.5
47.5 34.5
47.5 42.5
47.5 47.5
47.5 54.5
47.5 55.5
47.5 62.5
48.5 9.5
48.5 41.5
48.5 47.5
48.5 55.5
54.5 9.5
54.5 18.5
54.5 24.5
54.5 32.5
54.5 41.5
54.5 47.5
54.5 64.5
55.5 8.5
55.5 9.5
55.5 19.5
55.5 23.5
55.5 24.5
55.5 31.5
55.5 32.5
55.5 42.5
55.5 47.5
55.5 57.5
55.5 65.5
56.5 8.5
56.5 19.5
56.5 23.5
56.5 31.5
56.5 42.5
56.5 46.5
56.5 57.5
56.5 65.5
58.5 16.5
58.5 27.5
58.5 39.5
58.5 50.5
58.5 54.5
58.5 62.5
59.5 11.5
59.5 16.5
59.5 26.5
59.5 27.5
59.5 34.5
59.5 39.5
59.5 49.5
59.5 54.5
59.5 62.5
60.5 11.5
60.5 16.5
60.5 26.5
60.5 34.5
60.5 39.5
60.5 49.5
60.5 55.5
60.5 62.5
