5.5 38.5
5.5 39.5
5.5 51.5
5.5 52.5
6.5 39.5
6.5 52.5
7.5 11.5
7.5 12.5
8.5 11.5
10.5 32.5
10.5 33.5
10.5 58.5
10.5 59.5
11.5 18.5
11.5 19.5
16.5 60.5
17.5 60.5
18.5 13.5
18.5 33.5
18.5 34.5
19.5 12.5
19.5 13.5
20.5 53.5
21.5 52.5
21.5 53.5
22.5 20.5
22.5 21.5
22.5 39.5
22.5 40.5
23.5 21.5
28.5 60.5
28.5 61.5
29.5 60.5
30.5 20.5
30.5 40.5
31.5 20.5
31.5 21.5
31.5 39.5
31.5 40.5
33.5 53.5
34.5 12.5
34.5 53.5
34.5 54.5
35.5 11.5
35.5 12.5
35.5 33.5
36.5 33.5
40.5 60.5
41.5 59.5
41.5 60.5
42.5 11.5
43.5 11.5
43.5 12.5
44.5 32.5
44.5 33.5
46.5 52.5
46.5 53.5
47.5 19.5
47.5 39.5
47.5 40.5
48.5 19.5
48.5 39.5
54.5 58.5
54.5 59.5
55.5 19.5
55.5 20.5
55.5 39.5
55.5 40.5
55.5 58.5
58.5 12.5
58.5 32.5
58.5 33.5
59.5 12.5
59.5 33.5
59.5 52.5
