5.5 46.5
6.5 58.5
6.5 59.5
7.5 11.5
7.5 23.5
10.5 39.5
10.5 63.5
11.5 27.5
17.5 52.5
17.5 62.5
18.5 15.5
18.5 26.5
18.5 39.5
21.5 46.5
22.5 33.5
22.5 47.5
22.5 59.5
23.5 11.5
23.5 22.5
23.5 33.5
30.5 11.5
30.5 33.5
30.5 49.5
30.5 62.5
31.5 21.5
31.5 50.5
34.5 26.5
34.5 38.5
34.5 58.5
35.5 14.5
35.5 25.5
35.5 38.5
41.5 58.5
42.5 26.5
42.5 57.5
43.5 27.5
43.5 35.5
43.5 36.5
46.5 62.5
47.5 14.5
47.5 22.5
47.5 47.5
48.5 39.5
54.5 50.5
55.5 26.5
55.5 39.5
55.5 51.5
55.5 58.5
56.5 27.5
58.5 9.5
59.5 63.5
60.5 35.5
60.5 47.5
60.5 62.5
