5.5 13.5
5.5 60.5
6.5 14.5
6.5 29.5
6.5 44.5
6.5 45.5
6.5 59.5
7.5 14.5
7.5 15.5
7.5 30.5
7.5 45.5
7.5 46.5
7.5 58.5
8.5 15.5
8.5 16.5
8.5 31.5
8.5 46.5
8.5 47.5
8.5 56.5
8.5 57.5
9.5 16.5
9.5 17.5
9.5 31.5
9.5 32.5
9.5 47.5
9.5 48.5
9.5 55.5
9.5 56.5
10.5 17.5
10.5 23.5
10.5 32.5
10.5 33.5
10.5 49.5
10.5 55.5
10.5 66.5
11.5 8.5
11.5 9.5
11.5 18.5
11.5 24.5
11.5 33.5
11.5 39.5
11.5 64.5
11.5 65.5
12.5 9.5
12.5 10.5
12.5 24.5
12.5 25.5
12.5 39.5
12.5 40.5
12.5 63.5
12.5 64.5
13.5 10.5
13.5 11.5
13.5 25.5
13.5 26.5
13.5 40.5
13.5 41.5
13.5 62.5
13.5 63.5
14.5 11.5
14.5 26.5
14.5 42.5
14.5 61.5
14.5 62.5
15.5 12.5
15.5 27.5
15.5 43.5
15.5 60.5
16.5 13.5
16.5 28.5
16.5 44.5
20.5 13.5
21.5 12.5
21.5 28.5
21.5 44.5
21.5 60.5
22.5 11.5
22.5 26.5
22.5 27.5
22.5 45.5
22.5 58.5
22.5 59.5
23.5 10.5
23.5 25.5
23.5 26.5
23.5 46.5
23.5 57.5
23.5 58.5
24.5 9.5
24.5 23.5
24.5 24.5
24.5 47.5
24.5 56.5
24.5 57.5
25.5 8.5
25.5 22.5
25.5 48.5
25.5 55.5
25.5 56.5
26.5 17.5
26.5 33.5
26.5 38.5
26.5 49.5
26.5 54.5
26.5 66.5
27.5 16.5
27.5 32.5
27.5 33.5
27.5 39.5
27.5 64.5
27.5 65.5
28.5 14.5
28.5 15.5
28.5 30.5
28.5 31.5
28.5 32.5
28.5 40.5
28.5 41.5
28.5 63.5
28.5 64.5
29.5 13.5
29.5 29.5
29.5 30.5
29.5 41.5
29.5 42.5
29.5 62.5
29.5 63.5
30.5 29.5
30.5 42.5
30.5 43.5
30.5 61.5
31.5 43.5
31.5 60.5
32.5 44.5
34.5 13.5
35.5 14.5
35.5 28.5
36.5 14.5
36.5 15.5
36.5 27.5
36.5 28.5
36.5 59.5
36.5 60.5
37.5 15.5
37.5 26.5
37.5 27.5
37.5 44.5
37.5 61.5
37.5 62.5
38.5 15.5
38.5 16.5
38.5 25.5
38.5 26.5
38.5 45.5
38.5 46.5
38.5 62.5
38.5 63.5
39.5 16.5
39.5 17.5
39.5 25.5
39.5 46.5
39.5 47.5
39.5 64.5
40.5 8.5
40.5 17.5
40.5 24.5
40.5 47.5
40.5 48.5
40.5 65.5
40.5 66.5
41.5 9.5
41.5 23.5
41.5 48.5
41.5 49.5
41.5 54.5
42.5 9.5
42.5 10.5
42.5 33.5
42.5 34.5
42.5 39.5
42.5 40.5
42.5 55.5
42.5 56.5
43.5 10.5
43.5 32.5
43.5 33.5
43.5 40.5
43.5 41.5
43.5 56.5
43.5 57.5
44.5 11.5
44.5 30.5
44.5 31.5
44.5 41.5
44.5 42.5
44.5 57.5
44.5 58.5
45.5 12.5
45.5 29.5
45.5 30.5
45.5 42.5
45.5 43.5
45.5 59.5
46.5 28.5
46.5 29.5
46.5 44.5
50.5 59.5
51.5 12.5
51.5 28.5
51.5 44.5
51.5 59.5
51.5 60.5
52.5 11.5
52.5 12.5
52.5 29.5
52.5 45.5
52.5 60.5
52.5 61.5
53.5 11.5
53.5 30.5
53.5 31.5
53.5 45.5
53.5 46.5
53.5 61.5
53.5 62.5
54.5 10.5
54.5 31.5
54.5 32.5
54.5 46.5
54.5 47.5
54.5 62.5
54.5 63.5
55.5 9.5
55.5 10.5
55.5 33.5
55.5 34.5
55.5 47.5
55.5 48.5
55.5 63.5
56.5 8.5
56.5 9.5
56.5 22.5
56.5 35.5
56.5 39.5
56.5 48.5
56.5 53.5
56.5 64.5
57.5 8.5
57.5 17.5
57.5 23.5
57.5 24.5
57.5 40.5
57.5 54.5
58.5 16.5
58.5 17.5
58.5 24.5
58.5 25.5
58.5 41.5
58.5 55.5
59.5 15.5
59.5 16.5
59.5 26.5
59.5 27.5
59.5 42.5
59.5 56.5
60.5 14.5
60.5 15.5
60.5 27.5
60.5 28.5
60.5 43.5
60.5 57.5
61.5 13.5
61.5 14.5
61.5 29.5
61.5 58.5
