3.5 19.5
4.5 27.5
5.5 18.5
5.5 26.5
6.5 11.5
6.5 18.5
6.5 25.5
6.5 26.5
6.5 52.5
7.5 11.5
7.5 18.5
7.5 25.5
7.5 39.5
7.5 52.5
7.5 59.5
8.5 12.5
8.5 18.5
8.5 24.5
8.5 39.5
8.5 52.5
8.5 53.5
8.5 59.5
9.5 12.5
9.5 24.5
9.5 39.5
9.5 53.5
10.5 12.5
10.5 17.5
10.5 23.5
10.5 39.5
10.5 53.5
10.5 58.5
11.5 39.5
11.5 53.5
11.5 58.5
12.5 8.5
12.5 38.5
13.5 28.5
13.5 38.5
13.5 45.5
14.5 9.5
14.5 27.5
14.5 33.5
14.5 45.5
14.5 50.5
14.5 62.5
15.5 9.5
15.5 26.5
15.5 27.5
15.5 33.5
15.5 44.5
15.5 45.5
15.5 62.5
16.5 9.5
16.5 26.5
16.5 33.5
16.5 44.5
16.5 62.5
17.5 25.5
17.5 33.5
17.5 44.5
17.5 51.5
17.5 62.5
18.5 10.5
18.5 25.5
18.5 33.5
18.5 44.5
19.5 10.5
19.5 24.5
19.5 33.5
19.5 44.5
25.5 62.5
26.5 12.5
26.5 62.5
27.5 12.5
27.5 20.5
27.5 43.5
27.5 63.5
28.5 12.5
28.5 20.5
28.5 42.5
28.5 63.5
29.5 12.5
29.5 19.5
29.5 34.5
29.5 42.5
29.5 63.5
30.5 12.5
30.5 19.5
30.5 34.5
30.5 41.5
30.5 64.5
31.5 18.5
31.5 41.5
31.5 64.5
32.5 18.5
32.5 35.5
32.5 40.5
33.5 59.5
34.5 29.5
34.5 45.5
34.5 50.5
34.5 59.5
35.5 9.5
35.5 23.5
35.5 30.5
35.5 50.5
36.5 9.5
36.5 22.5
36.5 30.5
36.5 44.5
36.5 50.5
36.5 60.5
37.5 9.5
37.5 22.5
37.5 30.5
37.5 43.5
37.5 50.5
37.5 51.5
37.5 60.5
38.5 9.5
38.5 21.5
38.5 30.5
38.5 43.5
38.5 50.5
38.5 51.5
38.5 60.5
39.5 51.5
39.5 61.5
40.5 51.5
40.5 61.5
41.5 51.5
41.5 61.5
45.5 19.5
46.5 12.5
46.5 19.5
46.5 32.5
47.5 12.5
47.5 19.5
47.5 32.5
48.5 13.5
48.5 19.5
48.5 32.5
48.5 33.5
48.5 39.5
48.5 63.5
49.5 13.5
49.5 19.5
49.5 33.5
49.5 39.5
49.5 49.5
49.5 63.5
50.5 19.5
50.5 33.5
50.5 39.5
50.5 49.5
50.5 64.5
51.5 14.5
51.5 19.5
51.5 48.5
51.5 49.5
51.5 64.5
52.5 48.5
52.5 49.5
52.5 64.5
53.5 9.5
53.5 42.5
53.5 48.5
53.5 64.5
54.5 9.5
54.5 23.5
54.5 29.5
54.5 42.5
54.5 48.5
55.5 9.5
55.5 10.5
55.5 23.5
55.5 29.5
55.5 60.5
56.5 10.5
56.5 23.5
56.5 30.5
56.5 55.5
57.5 10.5
57.5 23.5
57.5 30.5
57.5 41.5
57.5 54.5
57.5 61.5
58.5 11.5
58.5 23.5
58.5 41.5
58.5 53.5
58.5 54.5
58.5 61.5
59.5 11.5
59.5 41.5
59.5 53.5
60.5 52.5
60.5 53.5
60.5 62.5
61.5 52.5
