2.5 28.5
2.5 29.5
4.5 15.5
4.5 16.5
5.5 10.5
5.5 24.5
5.5 31.5
5.5 38.5
5.5 61.5
6.5 24.5
6.5 38.5
6.5 49.5
7.5 19.5
7.5 64.5
8.5 18.5
8.5 19.5
8.5 33.5
8.5 34.5
8.5 64.5
9.5 8.5
9.5 9.5
9.5 26.5
9.5 41.5
9.5 46.5
9.5 56.5
10.5 41.5
14.5 54.5
14.5 63.5
15.5 16.5
15.5 26.5
15.5 27.5
15.5 31.5
15.5 48.5
15.5 49.5
15.5 54.5
15.5 62.5
16.5 11.5
16.5 26.5
16.5 31.5
16.5 38.5
16.5 39.5
18.5 57.5
18.5 58.5
18.5 65.5
18.5 66.5
19.5 8.5
19.5 18.5
19.5 19.5
19.5 33.5
19.5 42.5
19.5 47.5
19.5 65.5
19.5 66.5
20.5 24.5
20.5 33.5
25.5 8.5
25.5 41.5
25.5 49.5
25.5 50.5
25.5 54.5
25.5 55.5
25.5 66.5
26.5 8.5
26.5 16.5
26.5 24.5
26.5 33.5
26.5 34.5
26.5 41.5
26.5 66.5
27.5 16.5
27.5 33.5
27.5 34.5
28.5 46.5
28.5 58.5
29.5 11.5
29.5 19.5
29.5 38.5
29.5 46.5
29.5 58.5
29.5 63.5
29.5 64.5
30.5 11.5
30.5 19.5
30.5 26.5
30.5 27.5
30.5 31.5
31.5 31.5
35.5 48.5
35.5 49.5
35.5 58.5
36.5 19.5
36.5 27.5
36.5 34.5
36.5 38.5
36.5 48.5
36.5 49.5
36.5 58.5
36.5 66.5
37.5 8.5
37.5 9.5
38.5 24.5
38.5 54.5
39.5 24.5
39.5 32.5
39.5 41.5
39.5 46.5
39.5 54.5
39.5 55.5
39.5 63.5
40.5 11.5
40.5 16.5
40.5 17.5
40.5 46.5
41.5 11.5
41.5 12.5
45.5 27.5
45.5 34.5
45.5 41.5
45.5 42.5
45.5 62.5
46.5 18.5
46.5 26.5
46.5 27.5
46.5 34.5
46.5 46.5
46.5 57.5
46.5 62.5
47.5 8.5
48.5 39.5
49.5 23.5
49.5 24.5
49.5 32.5
49.5 39.5
49.5 48.5
49.5 49.5
49.5 64.5
49.5 65.5
50.5 10.5
50.5 11.5
50.5 16.5
50.5 24.5
50.5 32.5
50.5 49.5
50.5 54.5
50.5 65.5
51.5 11.5
51.5 16.5
55.5 8.5
55.5 41.5
56.5 8.5
56.5 19.5
56.5 24.5
56.5 25.5
56.5 41.5
56.5 46.5
56.5 54.5
56.5 55.5
56.5 62.5
56.5 63.5
57.5 19.5
57.5 31.5
59.5 11.5
59.5 39.5
59.5 49.5
59.5 57.5
59.5 58.5
60.5 16.5
60.5 27.5
60.5 34.5
60.5 39.5
61.5 16.5
61.5 64.5
