4.5 18.5
4.5 19.5
4.5 20.5
4.5 37.5
4.5 38.5
4.5 39.5
4.5 40.5
4.5 58.5
4.5 59.5
4.5 60.5
4.5 61.5
5.5 17.5
5.5 18.5
5.5 19.5
5.5 20.5
5.5 21.5
5.5 38.5
5.5 39.5
5.5 40.5
5.5 41.5
5.5 60.5
5.5 61.5
5.5 62.5
6.5 51.5
6.5 52.5
7.5 31.5
7.5 32.5
7.5 33.5
7.5 34.5
7.5 51.5
7.5 52.5
7.5 53.5
7.5 54.5
8.5 10.5
8.5 11.5
8.5 12.5
8.5 13.5
8.5 14.5
8.5 32.5
8.5 33.5
8.5 34.5
8.5 35.5
8.5 52.5
8.5 53.5
8.5 54.5
9.5 13.5
9.5 14.5
12.5 58.5
12.5 59.5
13.5 17.5
13.5 18.5
13.5 19.5
13.5 20.5
13.5 31.5
13.5 32.5
13.5 33.5
13.5 34.5
13.5 57.5
13.5 58.5
13.5 59.5
13.5 60.5
13.5 61.5
14.5 18.5
14.5 19.5
14.5 20.5
14.5 21.5
14.5 30.5
14.5 31.5
14.5 32.5
14.5 33.5
14.5 58.5
14.5 59.5
14.5 60.5
14.5 61.5
14.5 62.5
16.5 11.5
16.5 12.5
16.5 13.5
16.5 14.5
16.5 38.5
16.5 39.5
16.5 40.5
16.5 41.5
16.5 51.5
16.5 52.5
17.5 12.5
17.5 13.5
17.5 14.5
17.5 37.5
17.5 38.5
17.5 39.5
17.5 40.5
17.5 41.5
17.5 51.5
17.5 52.5
17.5 53.5
17.5 54.5
18.5 38.5
18.5 39.5
18.5 52.5
18.5 53.5
18.5 54.5
18.5 55.5
21.5 13.5
21.5 14.5
22.5 11.5
22.5 12.5
22.5 13.5
22.5 14.5
22.5 32.5
22.5 33.5
22.5 34.5
23.5 30.5
23.5 31.5
23.5 32.5
23.5 33.5
23.5 34.5
23.5 58.5
23.5 59.5
23.5 60.5
23.5 61.5
23.5 62.5
24.5 19.5
24.5 20.5
24.5 21.5
24.5 31.5
24.5 32.5
24.5 60.5
24.5 61.5
25.5 17.5
25.5 18.5
25.5 19.5
25.5 20.5
25.5 21.5
26.5 18.5
26.5 19.5
26.5 38.5
26.5 39.5
26.5 40.5
26.5 41.5
26.5 51.5
26.5 52.5
26.5 53.5
26.5 54.5
27.5 37.5
27.5 38.5
27.5 39.5
27.5 40.5
27.5 52.5
27.5 53.5
27.5 54.5
27.5 55.5
30.5 13.5
30.5 14.5
31.5 11.5
31.5 12.5
31.5 13.5
31.5 14.5
31.5 15.5
31.5 33.5
31.5 34.5
31.5 35.5
31.5 52.5
31.5 53.5
31.5 54.5
31.5 55.5
32.5 11.5
32.5 12.5
32.5 13.5
32.5 31.5
32.5 32.5
32.5 33.5
32.5 34.5
32.5 35.5
32.5 51.5
32.5 52.5
32.5 53.5
33.5 32.5
33.5 33.5
33.5 34.5
33.5 60.5
33.5 61.5
33.5 62.5
34.5 18.5
34.5 19.5
34.5 20.5
34.5 21.5
34.5 22.5
34.5 40.5
34.5 41.5
34.5 42.5
34.5 58.5
34.5 59.5
34.5 60.5
34.5 61.5
34.5 62.5
35.5 18.5
35.5 19.5
35.5 20.5
35.5 21.5
35.5 38.5
35.5 39.5
35.5 40.5
35.5 59.5
35.5 60.5
35.5 61.5
39.5 39.5
39.5 40.5
39.5 53.5
39.5 54.5
39.5 55.5
40.5 18.5
40.5 19.5
40.5 20.5
40.5 21.5
40.5 22.5
40.5 39.5
40.5 40.5
40.5 41.5
40.5 42.5
40.5 52.5
40.5 53.5
40.5 54.5
40.5 55.5
40.5 56.5
41.5 20.5
41.5 21.5
41.5 22.5
41.5 40.5
41.5 41.5
41.5 42.5
41.5 52.5
41.5 53.5
41.5 54.5
42.5 62.5
42.5 63.5
43.5 10.5
43.5 11.5
43.5 12.5
43.5 13.5
43.5 14.5
43.5 32.5
43.5 33.5
43.5 34.5
43.5 35.5
43.5 59.5
43.5 60.5
43.5 61.5
43.5 62.5
44.5 11.5
44.5 12.5
44.5 13.5
44.5 14.5
44.5 15.5
44.5 34.5
44.5 35.5
44.5 36.5
47.5 60.5
48.5 39.5
48.5 40.5
48.5 59.5
48.5 60.5
48.5 61.5
48.5 62.5
48.5 63.5
49.5 11.5
49.5 12.5
49.5 13.5
49.5 14.5
49.5 15.5
49.5 39.5
49.5 40.5
49.5 41.5
49.5 42.5
49.5 61.5
49.5 62.5
50.5 10.5
50.5 11.5
50.5 12.5
50.5 13.5
50.5 41.5
50.5 42.5
51.5 20.5
51.5 21.5
51.5 22.5
51.5 32.5
51.5 33.5
51.5 34.5
51.5 52.5
51.5 53.5
51.5 54.5
51.5 55.5
52.5 18.5
52.5 19.5
52.5 20.5
52.5 21.5
52.5 32.5
52.5 33.5
52.5 34.5
52.5 35.5
52.5 36.5
52.5 52.5
52.5 53.5
52.5 54.5
52.5 55.5
52.5 56.5
56.5 59.5
56.5 60.5
56.5 61.5
57.5 17.5
57.5 18.5
57.5 19.5
57.5 20.5
57.5 21.5
57.5 38.5
57.5 39.5
57.5 40.5
57.5 58.5
57.5 59.5
57.5 60.5
57.5 61.5
57.5 62.5
58.5 19.5
58.5 20.5
58.5 21.5
58.5 38.5
58.5 39.5
58.5 40.5
58.5 41.5
60.5 11.5
60.5 12.5
60.5 13.5
60.5 14.5
60.5 31.5
60.5 32.5
60.5 33.5
60.5 34.5
60.5 51.5
60.5 52.5
60.5 53.5
60.5 54.5
60.5 55.5
61.5 12.5
61.5 13.5
61.5 14.5
61.5 32.5
61.5 33.5
61.5 34.5
61.5 35.5
61.5 52.5
61.5 53.5
61.5 54.5
61.5 55.5
