2.5 13.5
2.5 14.5
2.5 15.5
2.5 38.5
3.5 15.5
3.5 16.5
3.5 17.5
3.5 28.5
3.5 29.5
4.5 17.5
4.5 18.5
4.5 29.5
4.5 39.5
4.5 46.5
4.5 47.5
5.5 29.5
5.5 39.5
5.5 45.5
5.5 46.5
5.5 60.5
6.5 24.5
6.5 44.5
6.5 58.5
6.5 59.5
7.5 9.5
7.5 24.5
7.5 34.5
7.5 58.5
8.5 10.5
8.5 11.5
8.5 34.5
8.5 35.5
8.5 51.5
9.5 11.5
9.5 12.5
9.5 34.5
9.5 35.5
9.5 50.5
9.5 51.5
10.5 25.5
10.5 49.5
10.5 50.5
10.5 64.5
11.5 62.5
11.5 63.5
16.5 14.5
16.5 15.5
16.5 26.5
16.5 33.5
16.5 34.5
16.5 48.5
16.5 62.5
16.5 63.5
17.5 16.5
17.5 27.5
17.5 32.5
17.5 46.5
17.5 47.5
18.5 45.5
18.5 46.5
19.5 9.5
19.5 22.5
19.5 39.5
19.5 58.5
19.5 59.5
20.5 10.5
20.5 23.5
20.5 37.5
20.5 38.5
20.5 39.5
20.5 52.5
21.5 11.5
21.5 36.5
21.5 37.5
21.5 51.5
24.5 60.5
24.5 61.5
25.5 24.5
25.5 59.5
26.5 13.5
26.5 25.5
26.5 26.5
26.5 33.5
26.5 34.5
26.5 35.5
26.5 36.5
26.5 51.5
26.5 52.5
26.5 53.5
27.5 14.5
28.5 64.5
29.5 9.5
29.5 21.5
29.5 22.5
29.5 39.5
29.5 40.5
29.5 46.5
29.5 47.5
29.5 48.5
29.5 64.5
30.5 9.5
30.5 63.5
30.5 64.5
31.5 10.5
31.5 63.5
34.5 22.5
34.5 23.5
34.5 50.5
35.5 12.5
35.5 21.5
35.5 22.5
35.5 34.5
35.5 48.5
35.5 49.5
36.5 14.5
36.5 33.5
36.5 34.5
36.5 48.5
36.5 59.5
36.5 60.5
37.5 32.5
37.5 33.5
37.5 60.5
37.5 61.5
38.5 26.5
38.5 31.5
38.5 32.5
38.5 54.5
39.5 9.5
39.5 10.5
39.5 11.5
39.5 53.5
40.5 25.5
40.5 39.5
40.5 40.5
40.5 52.5
41.5 25.5
41.5 37.5
41.5 38.5
41.5 39.5
42.5 36.5
42.5 37.5
42.5 63.5
44.5 11.5
45.5 9.5
45.5 10.5
46.5 7.5
46.5 8.5
46.5 52.5
47.5 35.5
47.5 36.5
47.5 52.5
47.5 60.5
48.5 22.5
48.5 32.5
48.5 33.5
48.5 52.5
48.5 59.5
49.5 22.5
49.5 58.5
50.5 15.5
50.5 16.5
50.5 22.5
50.5 39.5
50.5 40.5
50.5 47.5
51.5 13.5
51.5 14.5
51.5 15.5
51.5 38.5
51.5 46.5
51.5 47.5
51.5 64.5
52.5 13.5
52.5 46.5
52.5 47.5
52.5 61.5
52.5 62.5
53.5 47.5
56.5 33.5
56.5 34.5
57.5 26.5
57.5 27.5
57.5 28.5
58.5 8.5
58.5 9.5
58.5 10.5
58.5 11.5
58.5 46.5
58.5 47.5
59.5 10.5
59.5 11.5
59.5 44.5
60.5 23.5
60.5 37.5
60.5 38.5
60.5 39.5
60.5 51.5
60.5 58.5
60.5 59.5
60.5 60.5
61.5 16.5
61.5 49.5
62.5 14.5
