5.5 37.5
5.5 45.5
5.5 46.5
5.5 47.5
6.5 21.5
6.5 22.5
6.5 23.5
6.5 37.5
6.5 38.5
6.5 45.5
6.5 46.5
6.5 47.5
6.5 60.5
6.5 61.5
7.5 13.5
7.5 14.5
7.5 20.5
7.5 21.5
7.5 22.5
7.5 23.5
7.5 37.5
7.5 38.5
7.5 39.5
7.5 44.5
7.5 45.5
7.5 46.5
7.5 47.5
7.5 59.5
7.5 60.5
7.5 61.5
8.5 13.5
8.5 14.5
8.5 20.5
8.5 21.5
8.5 22.5
8.5 38.5
8.5 39.5
8.5 45.5
8.5 46.5
8.5 47.5
8.5 59.5
8.5 60.5
9.5 13.5
9.5 14.5
10.5 65.5
11.5 26.5
11.5 51.5
11.5 52.5
11.5 53.5
11.5 64.5
11.5 65.5
11.5 66.5
12.5 9.5
12.5 10.5
12.5 24.5
12.5 25.5
12.5 26.5
12.5 27.5
12.5 33.5
12.5 34.5
12.5 35.5
12.5 50.5
12.5 51.5
12.5 52.5
12.5 53.5
12.5 63.5
12.5 64.5
12.5 65.5
13.5 9.5
13.5 10.5
13.5 24.5
13.5 25.5
13.5 26.5
13.5 33.5
13.5 34.5
13.5 35.5
13.5 36.5
13.5 50.5
13.5 51.5
13.5 52.5
13.5 64.5
13.5 65.5
14.5 10.5
14.5 24.5
14.5 25.5
14.5 26.5
14.5 34.5
14.5 35.5
14.5 36.5
20.5 13.5
20.5 51.5
20.5 52.5
20.5 63.5
20.5 64.5
21.5 13.5
21.5 14.5
21.5 21.5
21.5 22.5
21.5 37.5
21.5 38.5
21.5 50.5
21.5 51.5
21.5 52.5
21.5 53.5
21.5 63.5
21.5 64.5
21.5 65.5
22.5 13.5
22.5 14.5
22.5 15.5
22.5 20.5
22.5 21.5
22.5 22.5
22.5 37.5
22.5 38.5
22.5 39.5
22.5 51.5
22.5 52.5
22.5 53.5
22.5 63.5
22.5 64.5
22.5 65.5
23.5 14.5
23.5 15.5
23.5 20.5
23.5 21.5
23.5 22.5
23.5 37.5
23.5 38.5
23.5 39.5
23.5 51.5
23.5 52.5
23.5 53.5
23.5 63.5
23.5 64.5
23.5 65.5
24.5 15.5
24.5 21.5
24.5 22.5
24.5 37.5
24.5 38.5
24.5 39.5
24.5 52.5
24.5 53.5
24.5 64.5
24.5 65.5
26.5 46.5
26.5 47.5
26.5 59.5
27.5 9.5
27.5 10.5
27.5 11.5
27.5 25.5
27.5 26.5
27.5 27.5
27.5 32.5
27.5 33.5
27.5 34.5
27.5 46.5
27.5 47.5
27.5 48.5
27.5 59.5
27.5 60.5
28.5 9.5
28.5 10.5
28.5 11.5
28.5 25.5
28.5 26.5
28.5 32.5
28.5 33.5
28.5 34.5
28.5 46.5
28.5 47.5
28.5 48.5
28.5 59.5
28.5 60.5
29.5 9.5
29.5 10.5
29.5 11.5
29.5 25.5
29.5 26.5
29.5 33.5
29.5 34.5
29.5 35.5
29.5 46.5
29.5 47.5
29.5 48.5
29.5 59.5
29.5 60.5
30.5 10.5
30.5 11.5
30.5 47.5
30.5 48.5
30.5 60.5
36.5 22.5
36.5 23.5
36.5 34.5
36.5 35.5
36.5 50.5
37.5 12.5
37.5 13.5
37.5 14.5
37.5 15.5
37.5 21.5
37.5 22.5
37.5 23.5
37.5 33.5
37.5 34.5
37.5 35.5
37.5 50.5
37.5 51.5
37.5 52.5
37.5 59.5
37.5 60.5
38.5 12.5
38.5 13.5
38.5 14.5
38.5 15.5
38.5 21.5
38.5 22.5
38.5 33.5
38.5 34.5
38.5 35.5
38.5 50.5
38.5 51.5
38.5 52.5
38.5 58.5
38.5 59.5
38.5 60.5
39.5 13.5
39.5 14.5
39.5 15.5
39.5 33.5
39.5 34.5
39.5 51.5
39.5 52.5
39.5 58.5
39.5 59.5
40.5 26.5
40.5 27.5
41.5 25.5
41.5 26.5
41.5 27.5
41.5 44.5
41.5 45.5
41.5 46.5
41.5 63.5
41.5 64.5
42.5 8.5
42.5 9.5
42.5 10.5
42.5 25.5
42.5 26.5
42.5 27.5
42.5 38.5
42.5 44.5
42.5 45.5
42.5 46.5
42.5 47.5
42.5 62.5
42.5 63.5
42.5 64.5
42.5 65.5
43.5 8.5
43.5 9.5
43.5 10.5
43.5 11.5
43.5 25.5
43.5 26.5
43.5 27.5
43.5 37.5
43.5 38.5
43.5 45.5
43.5 46.5
43.5 47.5
43.5 62.5
43.5 63.5
43.5 64.5
44.5 10.5
44.5 11.5
44.5 37.5
44.5 46.5
44.5 47.5
50.5 11.5
50.5 46.5
50.5 47.5
50.5 60.5
50.5 61.5
51.5 10.5
51.5 11.5
51.5 22.5
51.5 23.5
51.5 24.5
51.5 37.5
51.5 45.5
51.5 46.5
51.5 47.5
51.5 59.5
51.5 60.5
51.5 61.5
52.5 9.5
52.5 10.5
52.5 11.5
52.5 22.5
52.5 23.5
52.5 24.5
52.5 37.5
52.5 38.5
52.5 44.5
52.5 45.5
52.5 46.5
52.5 47.5
52.5 59.5
52.5 60.5
52.5 61.5
53.5 9.5
53.5 10.5
53.5 21.5
53.5 22.5
53.5 23.5
53.5 24.5
53.5 37.5
53.5 38.5
53.5 44.5
53.5 45.5
53.5 46.5
53.5 59.5
53.5 60.5
53.5 61.5
54.5 21.5
54.5 22.5
54.5 23.5
54.5 38.5
54.5 59.5
55.5 15.5
55.5 51.5
55.5 52.5
56.5 14.5
56.5 15.5
56.5 34.5
56.5 50.5
56.5 51.5
56.5 52.5
56.5 53.5
56.5 64.5
56.5 65.5
57.5 13.5
57.5 14.5
57.5 15.5
57.5 27.5
57.5 28.5
57.5 33.5
57.5 34.5
57.5 35.5
57.5 50.5
57.5 51.5
57.5 52.5
57.5 63.5
57.5 64.5
57.5 65.5
58.5 13.5
58.5 14.5
58.5 15.5
58.5 26.5
58.5 27.5
58.5 28.5
58.5 34.5
58.5 35.5
58.5 50.5
58.5 51.5
58.5 52.5
58.5 63.5
58.5 64.5
58.5 65.5
59.5 13.5
59.5 14.5
59.5 26.5
59.5 27.5
59.5 34.5
59.5 35.5
59.5 50.5
59.5 51.5
59.5 63.5
59.5 64.5
60.5 26.5
