4.5 9.5
4.5 28.5
4.5 36.5
5.5 9.5
5.5 17.5
5.5 28.5
5.5 29.5
5.5 35.5
5.5 36.5
5.5 55.5
5.5 64.5
5.5 65.5
6.5 8.5
6.5 17.5
6.5 29.5
6.5 30.5
6.5 35.5
6.5 47.5
6.5 55.5
6.5 65.5
7.5 17.5
7.5 47.5
7.5 66.5
9.5 12.5
9.5 13.5
9.5 25.5
9.5 26.5
9.5 39.5
9.5 44.5
9.5 52.5
9.5 61.5
10.5 12.5
10.5 21.5
10.5 26.5
10.5 27.5
10.5 39.5
10.5 52.5
10.5 61.5
10.5 62.5
11.5 12.5
11.5 21.5
11.5 27.5
11.5 62.5
11.5 63.5
16.5 29.5
16.5 36.5
17.5 29.5
17.5 30.5
17.5 35.5
17.5 36.5
17.5 47.5
17.5 52.5
17.5 62.5
17.5 63.5
18.5 12.5
18.5 13.5
18.5 21.5
18.5 30.5
18.5 35.5
18.5 47.5
18.5 52.5
18.5 62.5
19.5 13.5
19.5 21.5
21.5 26.5
21.5 39.5
21.5 56.5
21.5 66.5
22.5 9.5
22.5 18.5
22.5 26.5
22.5 39.5
22.5 45.5
22.5 55.5
22.5 56.5
22.5 65.5
23.5 9.5
23.5 18.5
23.5 27.5
23.5 38.5
23.5 39.5
23.5 45.5
23.5 55.5
28.5 64.5
29.5 18.5
29.5 27.5
29.5 55.5
29.5 56.5
29.5 64.5
30.5 12.5
30.5 17.5
30.5 27.5
30.5 35.5
30.5 36.5
30.5 47.5
30.5 56.5
30.5 65.5
31.5 12.5
31.5 17.5
31.5 26.5
31.5 35.5
31.5 36.5
31.5 48.5
31.5 56.5
33.5 21.5
33.5 30.5
33.5 52.5
33.5 61.5
33.5 62.5
34.5 9.5
34.5 20.5
34.5 21.5
34.5 30.5
34.5 39.5
34.5 44.5
34.5 53.5
34.5 62.5
35.5 20.5
35.5 38.5
35.5 39.5
35.5 44.5
35.5 53.5
35.5 62.5
36.5 38.5
36.5 44.5
41.5 11.5
41.5 18.5
41.5 28.5
41.5 46.5
41.5 53.5
41.5 62.5
42.5 12.5
42.5 18.5
42.5 28.5
42.5 36.5
42.5 46.5
42.5 47.5
42.5 53.5
42.5 61.5
43.5 12.5
43.5 17.5
43.5 18.5
43.5 27.5
43.5 35.5
43.5 47.5
43.5 61.5
44.5 27.5
44.5 35.5
45.5 56.5
46.5 9.5
46.5 22.5
46.5 31.5
46.5 39.5
46.5 44.5
46.5 56.5
46.5 65.5
46.5 66.5
47.5 9.5
47.5 21.5
47.5 22.5
47.5 30.5
47.5 31.5
47.5 38.5
47.5 44.5
47.5 45.5
47.5 55.5
47.5 56.5
47.5 65.5
48.5 21.5
48.5 30.5
48.5 38.5
48.5 55.5
48.5 64.5
48.5 65.5
53.5 47.5
54.5 11.5
54.5 19.5
54.5 39.5
54.5 47.5
54.5 53.5
55.5 12.5
55.5 18.5
55.5 19.5
55.5 30.5
55.5 39.5
55.5 47.5
55.5 52.5
55.5 53.5
55.5 64.5
55.5 65.5
56.5 12.5
56.5 18.5
56.5 31.5
56.5 39.5
56.5 52.5
56.5 65.5
56.5 66.5
58.5 44.5
59.5 9.5
59.5 22.5
59.5 27.5
59.5 36.5
59.5 44.5
59.5 45.5
59.5 55.5
59.5 56.5
59.5 61.5
60.5 9.5
60.5 21.5
60.5 27.5
60.5 28.5
60.5 37.5
60.5 45.5
60.5 55.5
60.5 61.5
61.5 9.5
61.5 21.5
61.5 28.5
61.5 37.5
