4.5 12.5
4.5 13.5
4.5 14.5
4.5 19.5
4.5 20.5
4.5 21.5
5.5 12.5
5.5 13.5
5.5 14.5
5.5 19.5
5.5 20.5
5.5 21.5
5.5 33.5
5.5 34.5
5.5 43.5
5.5 44.5
5.5 62.5
5.5 63.5
5.5 64.5
6.5 12.5
6.5 13.5
6.5 14.5
6.5 19.5
6.5 20.5
6.5 33.5
6.5 34.5
6.5 35.5
6.5 43.5
6.5 44.5
6.5 45.5
6.5 50.5
6.5 62.5
6.5 63.5
6.5 64.5
6.5 65.5
7.5 33.5
7.5 34.5
7.5 35.5
7.5 43.5
7.5 44.5
7.5 45.5
7.5 49.5
7.5 50.5
7.5 62.5
7.5 63.5
7.5 64.5
7.5 65.5
8.5 23.5
8.5 34.5
8.5 44.5
8.5 45.5
8.5 49.5
8.5 50.5
9.5 9.5
9.5 10.5
9.5 22.5
9.5 23.5
9.5 24.5
9.5 29.5
9.5 30.5
9.5 40.5
9.5 58.5
9.5 59.5
10.5 9.5
10.5 10.5
10.5 11.5
10.5 22.5
10.5 23.5
10.5 24.5
10.5 29.5
10.5 30.5
10.5 31.5
10.5 39.5
10.5 40.5
10.5 41.5
10.5 52.5
10.5 53.5
10.5 58.5
10.5 59.5
10.5 60.5
11.5 10.5
11.5 11.5
11.5 22.5
11.5 23.5
11.5 29.5
11.5 30.5
11.5 31.5
11.5 39.5
11.5 40.5
11.5 41.5
11.5 51.5
11.5 52.5
11.5 53.5
11.5 58.5
11.5 59.5
11.5 60.5
12.5 30.5
12.5 31.5
12.5 40.5
12.5 41.5
12.5 52.5
12.5 53.5
12.5 59.5
12.5 60.5
16.5 21.5
16.5 22.5
17.5 12.5
17.5 13.5
17.5 21.5
17.5 22.5
17.5 23.5
17.5 29.5
17.5 30.5
17.5 43.5
17.5 50.5
17.5 62.5
17.5 63.5
17.5 64.5
18.5 12.5
18.5 13.5
18.5 14.5
18.5 22.5
18.5 23.5
18.5 28.5
18.5 29.5
18.5 30.5
18.5 42.5
18.5 43.5
18.5 44.5
18.5 49.5
18.5 50.5
18.5 51.5
18.5 62.5
18.5 63.5
18.5 64.5
19.5 13.5
19.5 14.5
19.5 28.5
19.5 29.5
19.5 43.5
19.5 44.5
19.5 49.5
19.5 50.5
19.5 62.5
19.5 63.5
19.5 64.5
20.5 18.5
20.5 19.5
20.5 63.5
20.5 64.5
21.5 9.5
21.5 10.5
21.5 18.5
21.5 19.5
21.5 32.5
21.5 53.5
21.5 54.5
22.5 8.5
22.5 9.5
22.5 10.5
22.5 18.5
22.5 19.5
22.5 31.5
22.5 32.5
22.5 33.5
22.5 34.5
22.5 39.5
22.5 40.5
22.5 52.5
22.5 53.5
22.5 54.5
22.5 55.5
22.5 59.5
22.5 60.5
23.5 8.5
23.5 9.5
23.5 10.5
23.5 31.5
23.5 32.5
23.5 33.5
23.5 34.5
23.5 38.5
23.5 39.5
23.5 40.5
23.5 41.5
23.5 52.5
23.5 53.5
23.5 54.5
23.5 55.5
23.5 59.5
23.5 60.5
23.5 61.5
24.5 31.5
24.5 32.5
24.5 33.5
24.5 38.5
24.5 39.5
24.5 40.5
24.5 41.5
24.5 53.5
24.5 54.5
24.5 60.5
24.5 61.5
25.5 39.5
25.5 40.5
25.5 61.5
27.5 21.5
27.5 22.5
28.5 21.5
28.5 22.5
29.5 11.5
29.5 12.5
29.5 13.5
29.5 21.5
29.5 22.5
29.5 23.5
29.5 27.5
29.5 28.5
29.5 29.5
29.5 43.5
29.5 49.5
29.5 50.5
29.5 51.5
29.5 52.5
30.5 11.5
30.5 12.5
30.5 13.5
30.5 22.5
30.5 27.5
30.5 28.5
30.5 29.5
30.5 42.5
30.5 43.5
30.5 44.5
30.5 49.5
30.5 50.5
30.5 51.5
30.5 52.5
30.5 63.5
30.5 64.5
31.5 11.5
31.5 12.5
31.5 13.5
31.5 27.5
31.5 28.5
31.5 29.5
31.5 42.5
31.5 43.5
31.5 44.5
31.5 50.5
31.5 51.5
31.5 63.5
31.5 64.5
31.5 65.5
32.5 18.5
32.5 19.5
32.5 43.5
32.5 64.5
32.5 65.5
33.5 8.5
33.5 18.5
33.5 19.5
33.5 20.5
33.5 54.5
33.5 55.5
34.5 7.5
34.5 8.5
34.5 9.5
34.5 18.5
34.5 19.5
34.5 20.5
34.5 32.5
34.5 33.5
34.5 39.5
34.5 53.5
34.5 54.5
34.5 55.5
34.5 61.5
34.5 62.5
35.5 7.5
35.5 8.5
35.5 9.5
35.5 10.5
35.5 19.5
35.5 20.5
35.5 31.5
35.5 32.5
35.5 33.5
35.5 38.5
35.5 39.5
35.5 40.5
35.5 53.5
35.5 54.5
35.5 55.5
35.5 60.5
35.5 61.5
35.5 62.5
36.5 8.5
36.5 9.5
36.5 10.5
36.5 31.5
36.5 32.5
36.5 33.5
36.5 39.5
36.5 40.5
36.5 61.5
36.5 62.5
37.5 9.5
40.5 22.5
41.5 22.5
41.5 23.5
41.5 28.5
41.5 29.5
41.5 30.5
41.5 42.5
41.5 43.5
41.5 52.5
41.5 53.5
41.5 54.5
42.5 12.5
42.5 13.5
42.5 14.5
42.5 22.5
42.5 23.5
42.5 28.5
42.5 29.5
42.5 30.5
42.5 41.5
42.5 42.5
42.5 43.5
42.5 44.5
42.5 52.5
42.5 53.5
42.5 54.5
42.5 63.5
42.5 64.5
42.5 65.5
43.5 12.5
43.5 13.5
43.5 14.5
43.5 23.5
43.5 28.5
43.5 29.5
43.5 30.5
43.5 41.5
43.5 42.5
43.5 43.5
43.5 44.5
43.5 52.5
43.5 53.5
43.5 54.5
43.5 63.5
43.5 64.5
43.5 65.5
44.5 12.5
44.5 13.5
44.5 14.5
44.5 42.5
44.5 43.5
44.5 53.5
44.5 54.5
44.5 64.5
44.5 65.5
45.5 19.5
45.5 20.5
45.5 48.5
45.5 49.5
46.5 9.5
46.5 10.5
46.5 19.5
46.5 20.5
46.5 21.5
46.5 33.5
46.5 34.5
46.5 35.5
46.5 48.5
46.5 49.5
46.5 59.5
46.5 60.5
46.5 61.5
47.5 9.5
47.5 10.5
47.5 11.5
47.5 20.5
47.5 21.5
47.5 33.5
47.5 34.5
47.5 35.5
47.5 39.5
47.5 40.5
47.5 48.5
47.5 49.5
47.5 50.5
47.5 58.5
47.5 59.5
47.5 60.5
47.5 61.5
48.5 9.5
48.5 10.5
48.5 11.5
48.5 33.5
48.5 34.5
48.5 35.5
48.5 40.5
48.5 41.5
48.5 48.5
48.5 49.5
48.5 50.5
48.5 59.5
48.5 60.5
48.5 61.5
49.5 34.5
49.5 40.5
49.5 41.5
49.5 60.5
53.5 13.5
53.5 14.5
53.5 22.5
53.5 23.5
54.5 13.5
54.5 14.5
54.5 15.5
54.5 22.5
54.5 23.5
54.5 24.5
54.5 29.5
54.5 30.5
54.5 31.5
54.5 32.5
54.5 49.5
54.5 61.5
54.5 62.5
54.5 63.5
55.5 13.5
55.5 14.5
55.5 15.5
55.5 23.5
55.5 24.5
55.5 29.5
55.5 30.5
55.5 31.5
55.5 32.5
55.5 43.5
55.5 44.5
55.5 48.5
55.5 49.5
55.5 50.5
55.5 61.5
55.5 62.5
55.5 63.5
55.5 64.5
56.5 29.5
56.5 30.5
56.5 31.5
56.5 43.5
56.5 44.5
56.5 48.5
56.5 49.5
56.5 50.5
56.5 62.5
56.5 63.5
56.5 64.5
57.5 10.5
57.5 19.5
57.5 20.5
57.5 44.5
58.5 10.5
58.5 11.5
58.5 19.5
58.5 20.5
58.5 21.5
58.5 34.5
58.5 35.5
58.5 52.5
58.5 53.5
58.5 58.5
58.5 59.5
59.5 10.5
59.5 11.5
59.5 20.5
59.5 21.5
59.5 33.5
59.5 34.5
59.5 35.5
59.5 40.5
59.5 41.5
59.5 42.5
59.5 52.5
59.5 53.5
59.5 54.5
59.5 58.5
59.5 59.5
59.5 60.5
60.5 33.5
60.5 34.5
60.5 35.5
60.5 40.5
60.5 41.5
60.5 42.5
60.5 52.5
60.5 53.5
60.5 54.5
60.5 58.5
60.5 59.5
60.5 60.5
61.5 33.5
61.5 34.5
61.5 41.5
61.5 53.5
