4.5 18.5
4.5 19.5
4.5 26.5
4.5 31.5
4.5 38.5
4.5 39.5
4.5 48.5
4.5 49.5
4.5 54.5
4.5 55.5
5.5 11.5
5.5 18.5
5.5 19.5
5.5 26.5
5.5 31.5
5.5 38.5
5.5 62.5
5.5 63.5
6.5 41.5
6.5 46.5
6.5 57.5
6.5 58.5
7.5 8.5
7.5 9.5
7.5 16.5
7.5 23.5
7.5 24.5
7.5 33.5
7.5 34.5
7.5 41.5
7.5 57.5
7.5 58.5
8.5 65.5
10.5 49.5
11.5 41.5
11.5 49.5
11.5 54.5
11.5 55.5
12.5 8.5
12.5 9.5
12.5 16.5
12.5 24.5
12.5 33.5
12.5 34.5
12.5 41.5
12.5 42.5
12.5 54.5
12.5 55.5
12.5 65.5
13.5 24.5
13.5 65.5
14.5 38.5
14.5 46.5
14.5 47.5
14.5 58.5
15.5 11.5
15.5 18.5
15.5 19.5
15.5 27.5
15.5 31.5
15.5 38.5
15.5 39.5
15.5 57.5
15.5 58.5
15.5 62.5
15.5 63.5
16.5 19.5
19.5 49.5
19.5 54.5
19.5 55.5
19.5 64.5
20.5 11.5
20.5 19.5
20.5 27.5
20.5 31.5
20.5 41.5
20.5 49.5
20.5 50.5
20.5 54.5
20.5 55.5
20.5 64.5
21.5 12.5
22.5 9.5
22.5 16.5
22.5 24.5
22.5 33.5
22.5 34.5
22.5 38.5
22.5 46.5
22.5 57.5
22.5 61.5
22.5 62.5
23.5 9.5
23.5 16.5
23.5 33.5
23.5 34.5
23.5 39.5
23.5 46.5
23.5 47.5
23.5 57.5
27.5 9.5
27.5 26.5
27.5 31.5
27.5 41.5
27.5 46.5
27.5 47.5
27.5 57.5
27.5 62.5
28.5 9.5
28.5 10.5
28.5 18.5
28.5 19.5
28.5 26.5
28.5 31.5
28.5 41.5
28.5 42.5
28.5 46.5
28.5 47.5
28.5 57.5
28.5 58.5
28.5 62.5
30.5 12.5
30.5 16.5
30.5 23.5
30.5 24.5
30.5 34.5
30.5 39.5
30.5 49.5
30.5 54.5
30.5 55.5
30.5 65.5
31.5 16.5
31.5 23.5
31.5 24.5
31.5 33.5
31.5 34.5
31.5 39.5
31.5 49.5
31.5 54.5
31.5 55.5
35.5 11.5
35.5 16.5
35.5 24.5
35.5 31.5
35.5 41.5
35.5 57.5
35.5 65.5
35.5 66.5
36.5 11.5
36.5 15.5
36.5 16.5
36.5 23.5
36.5 31.5
36.5 41.5
36.5 46.5
36.5 57.5
36.5 58.5
36.5 66.5
37.5 26.5
37.5 63.5
38.5 9.5
38.5 18.5
38.5 19.5
38.5 26.5
38.5 33.5
38.5 34.5
38.5 38.5
38.5 39.5
38.5 48.5
38.5 49.5
38.5 54.5
38.5 63.5
42.5 8.5
42.5 18.5
42.5 19.5
42.5 24.5
42.5 56.5
42.5 64.5
42.5 65.5
43.5 8.5
43.5 18.5
43.5 19.5
43.5 24.5
43.5 31.5
43.5 38.5
43.5 39.5
43.5 46.5
43.5 47.5
43.5 56.5
43.5 57.5
43.5 65.5
44.5 27.5
44.5 38.5
45.5 15.5
45.5 16.5
45.5 26.5
45.5 27.5
45.5 34.5
45.5 42.5
45.5 50.5
45.5 61.5
45.5 62.5
46.5 10.5
46.5 15.5
46.5 16.5
46.5 33.5
46.5 34.5
46.5 41.5
46.5 42.5
46.5 49.5
46.5 50.5
46.5 54.5
49.5 26.5
50.5 8.5
50.5 16.5
50.5 26.5
50.5 27.5
50.5 31.5
50.5 41.5
50.5 61.5
50.5 62.5
51.5 8.5
51.5 31.5
51.5 41.5
51.5 42.5
51.5 50.5
51.5 54.5
52.5 19.5
52.5 64.5
52.5 65.5
53.5 11.5
53.5 19.5
53.5 24.5
53.5 33.5
53.5 34.5
53.5 38.5
53.5 39.5
53.5 46.5
53.5 47.5
53.5 56.5
53.5 57.5
53.5 64.5
53.5 65.5
54.5 33.5
57.5 11.5
57.5 57.5
58.5 11.5
58.5 12.5
58.5 16.5
58.5 17.5
58.5 26.5
58.5 31.5
58.5 38.5
58.5 39.5
58.5 46.5
58.5 47.5
58.5 57.5
58.5 62.5
58.5 63.5
60.5 8.5
60.5 24.5
60.5 34.5
60.5 41.5
60.5 42.5
60.5 50.5
60.5 54.5
61.5 8.5
61.5 9.5
61.5 18.5
61.5 19.5
61.5 24.5
61.5 41.5
61.5 49.5
61.5 50.5
61.5 54.5
61.5 55.5
61.5 65.5
61.5 66.5
