4.5 11.5
4.5 23.5
5.5 10.5
5.5 11.5
5.5 21.5
5.5 22.5
5.5 23.5
5.5 38.5
5.5 39.5
5.5 50.5
5.5 51.5
5.5 60.5
5.5 61.5
6.5 10.5
6.5 11.5
6.5 21.5
6.5 22.5
6.5 23.5
6.5 38.5
6.5 39.5
6.5 40.5
6.5 50.5
6.5 51.5
6.5 52.5
6.5 59.5
6.5 60.5
7.5 9.5
7.5 10.5
7.5 20.5
7.5 21.5
7.5 22.5
7.5 39.5
7.5 40.5
7.5 41.5
7.5 51.5
7.5 52.5
7.5 53.5
7.5 59.5
7.5 60.5
8.5 14.5
8.5 15.5
8.5 53.5
8.5 58.5
9.5 14.5
9.5 15.5
9.5 27.5
9.5 28.5
9.5 33.5
9.5 34.5
9.5 35.5
9.5 46.5
9.5 47.5
9.5 64.5
9.5 65.5
9.5 66.5
10.5 13.5
10.5 14.5
10.5 15.5
10.5 26.5
10.5 27.5
10.5 34.5
10.5 35.5
10.5 36.5
10.5 47.5
10.5 48.5
10.5 63.5
10.5 64.5
10.5 65.5
11.5 13.5
11.5 14.5
11.5 25.5
11.5 26.5
11.5 35.5
11.5 36.5
11.5 48.5
11.5 49.5
11.5 62.5
11.5 63.5
11.5 64.5
12.5 25.5
16.5 37.5
16.5 50.5
16.5 63.5
17.5 11.5
17.5 12.5
17.5 25.5
17.5 26.5
17.5 37.5
17.5 38.5
17.5 39.5
17.5 50.5
17.5 51.5
17.5 62.5
17.5 63.5
17.5 64.5
17.5 65.5
18.5 10.5
18.5 11.5
18.5 25.5
18.5 26.5
18.5 27.5
18.5 37.5
18.5 38.5
18.5 39.5
18.5 40.5
18.5 50.5
18.5 51.5
18.5 52.5
18.5 63.5
18.5 64.5
18.5 65.5
19.5 9.5
19.5 10.5
19.5 26.5
19.5 27.5
19.5 39.5
19.5 40.5
19.5 51.5
19.5 52.5
19.5 53.5
19.5 65.5
20.5 27.5
20.5 28.5
20.5 45.5
20.5 46.5
21.5 14.5
21.5 15.5
21.5 33.5
21.5 34.5
21.5 45.5
21.5 46.5
21.5 47.5
21.5 58.5
21.5 59.5
22.5 13.5
22.5 14.5
22.5 15.5
22.5 20.5
22.5 21.5
22.5 22.5
22.5 33.5
22.5 34.5
22.5 35.5
22.5 46.5
22.5 47.5
22.5 48.5
22.5 58.5
22.5 59.5
22.5 60.5
23.5 13.5
23.5 14.5
23.5 21.5
23.5 22.5
23.5 23.5
23.5 34.5
23.5 35.5
23.5 47.5
23.5 48.5
23.5 59.5
23.5 60.5
23.5 61.5
24.5 13.5
24.5 22.5
24.5 23.5
24.5 35.5
28.5 62.5
29.5 10.5
29.5 11.5
29.5 35.5
29.5 36.5
29.5 47.5
29.5 48.5
29.5 62.5
29.5 63.5
29.5 64.5
30.5 10.5
30.5 11.5
30.5 22.5
30.5 23.5
30.5 34.5
30.5 35.5
30.5 46.5
30.5 47.5
30.5 48.5
30.5 62.5
30.5 63.5
30.5 64.5
31.5 10.5
31.5 11.5
31.5 21.5
31.5 22.5
31.5 23.5
31.5 33.5
31.5 34.5
31.5 45.5
31.5 46.5
31.5 47.5
31.5 63.5
31.5 64.5
31.5 65.5
32.5 10.5
32.5 20.5
32.5 21.5
32.5 22.5
32.5 33.5
32.5 40.5
33.5 15.5
33.5 39.5
33.5 40.5
33.5 52.5
33.5 53.5
33.5 58.5
33.5 59.5
34.5 14.5
34.5 15.5
34.5 26.5
34.5 27.5
34.5 28.5
34.5 38.5
34.5 39.5
34.5 40.5
34.5 51.5
34.5 52.5
34.5 53.5
34.5 58.5
34.5 59.5
34.5 60.5
35.5 14.5
35.5 15.5
35.5 25.5
35.5 26.5
35.5 27.5
35.5 37.5
35.5 38.5
35.5 39.5
35.5 51.5
35.5 52.5
35.5 59.5
35.5 60.5
35.5 61.5
36.5 13.5
36.5 14.5
36.5 25.5
36.5 26.5
36.5 50.5
36.5 51.5
36.5 60.5
36.5 61.5
41.5 14.5
41.5 23.5
41.5 24.5
41.5 36.5
41.5 37.5
41.5 50.5
41.5 51.5
41.5 63.5
42.5 14.5
42.5 15.5
42.5 22.5
42.5 23.5
42.5 35.5
42.5 36.5
42.5 37.5
42.5 50.5
42.5 51.5
42.5 52.5
42.5 63.5
42.5 64.5
43.5 14.5
43.5 15.5
43.5 21.5
43.5 22.5
43.5 23.5
43.5 34.5
43.5 35.5
43.5 36.5
43.5 51.5
43.5 52.5
43.5 53.5
43.5 63.5
43.5 64.5
43.5 65.5
44.5 15.5
44.5 16.5
44.5 21.5
44.5 22.5
44.5 64.5
44.5 65.5
45.5 9.5
45.5 10.5
45.5 28.5
45.5 29.5
45.5 40.5
45.5 41.5
45.5 46.5
45.5 47.5
45.5 58.5
46.5 9.5
46.5 10.5
46.5 11.5
46.5 26.5
46.5 27.5
46.5 28.5
46.5 39.5
46.5 40.5
46.5 41.5
46.5 46.5
46.5 47.5
46.5 48.5
46.5 58.5
46.5 59.5
46.5 60.5
47.5 10.5
47.5 11.5
47.5 12.5
47.5 26.5
47.5 27.5
47.5 28.5
47.5 39.5
47.5 40.5
47.5 47.5
47.5 48.5
47.5 59.5
47.5 60.5
47.5 61.5
48.5 11.5
48.5 12.5
48.5 26.5
48.5 39.5
48.5 48.5
53.5 11.5
53.5 26.5
53.5 38.5
53.5 49.5
53.5 50.5
53.5 58.5
53.5 59.5
53.5 60.5
54.5 9.5
54.5 10.5
54.5 11.5
54.5 26.5
54.5 27.5
54.5 28.5
54.5 38.5
54.5 39.5
54.5 49.5
54.5 50.5
54.5 57.5
54.5 58.5
54.5 59.5
55.5 8.5
55.5 9.5
55.5 10.5
55.5 11.5
55.5 26.5
55.5 27.5
55.5 28.5
55.5 38.5
55.5 39.5
55.5 40.5
55.5 49.5
55.5 50.5
55.5 51.5
55.5 57.5
55.5 58.5
55.5 59.5
56.5 8.5
56.5 9.5
56.5 10.5
56.5 27.5
56.5 28.5
56.5 29.5
56.5 39.5
56.5 40.5
56.5 50.5
56.5 51.5
56.5 56.5
56.5 57.5
57.5 34.5
57.5 40.5
58.5 14.5
58.5 15.5
58.5 16.5
58.5 21.5
58.5 22.5
58.5 34.5
58.5 35.5
58.5 45.5
58.5 46.5
58.5 63.5
58.5 64.5
58.5 65.5
59.5 13.5
59.5 14.5
59.5 15.5
59.5 22.5
59.5 23.5
59.5 34.5
59.5 35.5
59.5 45.5
59.5 46.5
59.5 62.5
59.5 63.5
59.5 64.5
60.5 13.5
60.5 14.5
60.5 22.5
60.5 23.5
60.5 24.5
60.5 35.5
60.5 36.5
60.5 45.5
60.5 46.5
60.5 47.5
60.5 61.5
60.5 62.5
60.5 63.5
61.5 24.5
61.5 35.5
61.5 36.5
61.5 46.5
61.5 47.5
61.5 61.5
61.5 62.5
