2.5 25.5
2.5 38.5
2.5 59.5
3.5 37.5
3.5 60.5
4.5 11.5
4.5 12.5
4.5 26.5
4.5 36.5
4.5 50.5
4.5 51.5
4.5 61.5
4.5 62.5
5.5 12.5
5.5 13.5
5.5 14.5
5.5 26.5
5.5 35.5
5.5 48.5
5.5 49.5
5.5 62.5
5.5 63.5
6.5 14.5
6.5 15.5
6.5 19.5
6.5 34.5
6.5 35.5
6.5 47.5
6.5 48.5
6.5 63.5
6.5 64.5
7.5 7.5
7.5 15.5
7.5 16.5
7.5 20.5
7.5 27.5
7.5 33.5
7.5 34.5
7.5 43.5
7.5 45.5
7.5 46.5
7.5 54.5
7.5 55.5
7.5 64.5
7.5 65.5
8.5 8.5
8.5 17.5
8.5 18.5
8.5 20.5
8.5 27.5
8.5 32.5
8.5 33.5
8.5 42.5
8.5 44.5
8.5 53.5
8.5 56.5
8.5 65.5
8.5 66.5
9.5 9.5
9.5 19.5
9.5 21.5
9.5 32.5
9.5 40.5
9.5 41.5
9.5 52.5
9.5 57.5
9.5 66.5
9.5 67.5
10.5 9.5
10.5 10.5
10.5 22.5
10.5 28.5
10.5 31.5
10.5 39.5
10.5 51.5
10.5 52.5
10.5 58.5
11.5 10.5
11.5 22.5
11.5 23.5
11.5 28.5
11.5 30.5
11.5 38.5
11.5 51.5
11.5 59.5
12.5 11.5
12.5 23.5
12.5 36.5
12.5 37.5
12.5 50.5
12.5 60.5
13.5 11.5
13.5 24.5
13.5 35.5
13.5 49.5
13.5 61.5
14.5 12.5
14.5 25.5
14.5 34.5
14.5 49.5
14.5 62.5
15.5 12.5
15.5 25.5
15.5 50.5
15.5 62.5
16.5 11.5
16.5 24.5
16.5 50.5
16.5 61.5
17.5 11.5
17.5 23.5
17.5 44.5
17.5 51.5
17.5 60.5
18.5 10.5
18.5 16.5
18.5 22.5
18.5 23.5
18.5 34.5
18.5 35.5
18.5 36.5
18.5 37.5
18.5 38.5
18.5 39.5
18.5 40.5
18.5 41.5
18.5 45.5
18.5 52.5
18.5 59.5
19.5 10.5
19.5 16.5
19.5 21.5
19.5 22.5
19.5 38.5
19.5 39.5
19.5 40.5
19.5 41.5
19.5 42.5
19.5 43.5
19.5 44.5
19.5 45.5
19.5 52.5
19.5 58.5
19.5 66.5
20.5 9.5
20.5 15.5
20.5 20.5
20.5 21.5
20.5 29.5
20.5 30.5
20.5 46.5
20.5 53.5
20.5 57.5
20.5 65.5
21.5 9.5
21.5 15.5
21.5 20.5
21.5 28.5
21.5 31.5
21.5 46.5
21.5 47.5
21.5 56.5
21.5 64.5
22.5 8.5
22.5 15.5
22.5 19.5
22.5 27.5
22.5 28.5
22.5 32.5
22.5 46.5
22.5 47.5
22.5 54.5
22.5 55.5
22.5 63.5
22.5 64.5
23.5 8.5
23.5 14.5
23.5 26.5
23.5 27.5
23.5 33.5
23.5 47.5
23.5 62.5
23.5 63.5
24.5 14.5
24.5 25.5
24.5 26.5
24.5 34.5
24.5 48.5
24.5 62.5
25.5 13.5
25.5 24.5
25.5 25.5
25.5 35.5
25.5 48.5
25.5 61.5
26.5 13.5
26.5 23.5
26.5 24.5
26.5 36.5
26.5 49.5
26.5 60.5
27.5 13.5
27.5 37.5
27.5 49.5
27.5 50.5
27.5 60.5
28.5 12.5
28.5 23.5
28.5 36.5
28.5 48.5
28.5 49.5
28.5 63.5
29.5 13.5
29.5 24.5
29.5 35.5
29.5 47.5
29.5 48.5
29.5 61.5
29.5 62.5
30.5 14.5
30.5 25.5
30.5 34.5
30.5 46.5
30.5 47.5
30.5 54.5
30.5 60.5
30.5 61.5
31.5 15.5
31.5 26.5
31.5 27.5
31.5 33.5
31.5 41.5
31.5 45.5
31.5 46.5
31.5 58.5
31.5 59.5
32.5 8.5
32.5 15.5
32.5 18.5
32.5 19.5
32.5 27.5
32.5 28.5
32.5 32.5
32.5 40.5
32.5 41.5
32.5 44.5
32.5 45.5
32.5 53.5
32.5 57.5
32.5 58.5
33.5 9.5
33.5 16.5
33.5 20.5
33.5 28.5
33.5 29.5
33.5 31.5
33.5 39.5
33.5 40.5
33.5 43.5
33.5 44.5
33.5 52.5
33.5 56.5
33.5 57.5
33.5 67.5
34.5 9.5
34.5 10.5
34.5 17.5
34.5 21.5
34.5 30.5
34.5 38.5
34.5 39.5
34.5 42.5
34.5 51.5
34.5 55.5
34.5 65.5
35.5 10.5
35.5 18.5
35.5 22.5
35.5 23.5
35.5 37.5
35.5 38.5
35.5 50.5
35.5 63.5
35.5 64.5
36.5 11.5
36.5 23.5
36.5 24.5
36.5 36.5
36.5 37.5
36.5 49.5
36.5 50.5
36.5 62.5
36.5 63.5
37.5 11.5
37.5 12.5
37.5 25.5
37.5 35.5
37.5 36.5
37.5 49.5
37.5 60.5
37.5 61.5
38.5 12.5
38.5 26.5
38.5 48.5
38.5 59.5
39.5 13.5
39.5 14.5
39.5 25.5
39.5 38.5
39.5 47.5
39.5 50.5
39.5 58.5
40.5 13.5
40.5 24.5
40.5 37.5
40.5 49.5
40.5 60.5
41.5 12.5
41.5 23.5
41.5 36.5
41.5 37.5
41.5 48.5
41.5 61.5
42.5 10.5
42.5 11.5
42.5 22.5
42.5 23.5
42.5 36.5
42.5 47.5
42.5 48.5
42.5 62.5
42.5 63.5
43.5 9.5
43.5 17.5
43.5 21.5
43.5 22.5
43.5 35.5
43.5 36.5
43.5 42.5
43.5 46.5
43.5 47.5
43.5 55.5
43.5 63.5
43.5 64.5
44.5 8.5
44.5 16.5
44.5 20.5
44.5 21.5
44.5 31.5
44.5 35.5
44.5 41.5
44.5 45.5
44.5 46.5
44.5 54.5
44.5 56.5
44.5 65.5
45.5 7.5
45.5 15.5
45.5 20.5
45.5 29.5
45.5 30.5
45.5 34.5
45.5 41.5
45.5 45.5
45.5 53.5
45.5 57.5
45.5 66.5
46.5 14.5
46.5 19.5
46.5 28.5
46.5 29.5
46.5 34.5
46.5 40.5
46.5 44.5
46.5 52.5
46.5 58.5
47.5 13.5
47.5 14.5
47.5 18.5
47.5 26.5
47.5 27.5
47.5 28.5
47.5 33.5
47.5 40.5
47.5 43.5
47.5 51.5
47.5 59.5
48.5 12.5
48.5 13.5
48.5 25.5
48.5 26.5
48.5 39.5
48.5 50.5
48.5 60.5
49.5 12.5
49.5 24.5
49.5 25.5
49.5 49.5
49.5 61.5
50.5 11.5
50.5 23.5
50.5 38.5
50.5 48.5
50.5 62.5
51.5 10.5
51.5 13.5
51.5 47.5
51.5 63.5
52.5 12.5
52.5 22.5
52.5 38.5
52.5 51.5
52.5 60.5
53.5 11.5
53.5 12.5
53.5 23.5
53.5 24.5
53.5 38.5
53.5 49.5
53.5 50.5
53.5 61.5
54.5 10.5
54.5 11.5
54.5 24.5
54.5 25.5
54.5 26.5
54.5 34.5
54.5 39.5
54.5 48.5
54.5 49.5
54.5 62.5
54.5 63.5
55.5 10.5
55.5 26.5
55.5 27.5
55.5 39.5
55.5 46.5
55.5 47.5
55.5 63.5
55.5 64.5
56.5 9.5
56.5 17.5
56.5 19.5
56.5 27.5
56.5 28.5
56.5 29.5
56.5 45.5
56.5 46.5
56.5 64.5
56.5 65.5
57.5 8.5
57.5 16.5
57.5 20.5
57.5 29.5
57.5 30.5
57.5 35.5
57.5 40.5
57.5 44.5
57.5 54.5
57.5 55.5
57.5 56.5
57.5 66.5
58.5 7.5
58.5 15.5
58.5 21.5
58.5 31.5
58.5 32.5
58.5 35.5
58.5 40.5
58.5 43.5
58.5 53.5
58.5 57.5
58.5 67.5
59.5 14.5
59.5 22.5
59.5 33.5
59.5 35.5
59.5 41.5
59.5 51.5
59.5 52.5
59.5 58.5
59.5 59.5
60.5 13.5
60.5 23.5
60.5 35.5
60.5 41.5
60.5 50.5
60.5 51.5
60.5 59.5
60.5 60.5
61.5 12.5
61.5 24.5
61.5 36.5
61.5 48.5
61.5 49.5
61.5 60.5
61.5 61.5
62.5 25.5
62.5 36.5
62.5 47.5
62.5 62.5
63.5 36.5
63.5 46.5
