4.5 16.5
4.5 37.5
4.5 38.5
4.5 57.5
5.5 17.5
5.5 18.5
5.5 36.5
5.5 37.5
5.5 58.5
5.5 59.5
6.5 18.5
6.5 19.5
6.5 20.5
6.5 34.5
6.5 35.5
6.5 36.5
6.5 59.5
6.5 60.5
6.5 61.5
7.5 19.5
7.5 20.5
7.5 21.5
7.5 33.5
7.5 34.5
7.5 35.5
7.5 60.5
7.5 61.5
7.5 62.5
8.5 21.5
8.5 22.5
8.5 32.5
8.5 33.5
8.5 62.5
8.5 63.5
9.5 22.5
9.5 23.5
9.5 31.5
9.5 32.5
9.5 64.5
10.5 9.5
10.5 45.5
10.5 51.5
11.5 10.5
11.5 11.5
11.5 43.5
11.5 44.5
11.5 52.5
11.5 53.5
12.5 11.5
12.5 12.5
12.5 13.5
12.5 42.5
12.5 43.5
12.5 53.5
12.5 54.5
13.5 13.5
13.5 14.5
13.5 40.5
13.5 41.5
13.5 42.5
13.5 54.5
13.5 55.5
14.5 15.5
14.5 16.5
14.5 39.5
14.5 40.5
14.5 56.5
15.5 17.5
15.5 38.5
15.5 39.5
15.5 57.5
16.5 37.5
21.5 16.5
21.5 17.5
21.5 57.5
21.5 58.5
22.5 12.5
22.5 13.5
22.5 14.5
22.5 15.5
22.5 16.5
22.5 37.5
22.5 38.5
22.5 58.5
22.5 59.5
22.5 60.5
23.5 10.5
23.5 11.5
23.5 12.5
23.5 13.5
23.5 38.5
23.5 39.5
23.5 40.5
23.5 60.5
23.5 61.5
24.5 40.5
24.5 41.5
24.5 42.5
24.5 62.5
24.5 63.5
25.5 42.5
25.5 43.5
26.5 44.5
26.5 50.5
27.5 22.5
27.5 23.5
27.5 31.5
27.5 51.5
27.5 52.5
28.5 20.5
28.5 21.5
28.5 22.5
28.5 32.5
28.5 33.5
28.5 52.5
28.5 53.5
28.5 54.5
29.5 18.5
29.5 19.5
29.5 20.5
29.5 33.5
29.5 34.5
29.5 35.5
29.5 54.5
29.5 55.5
30.5 17.5
30.5 35.5
30.5 36.5
30.5 56.5
30.5 57.5
31.5 37.5
36.5 16.5
36.5 17.5
36.5 56.5
36.5 57.5
37.5 13.5
37.5 14.5
37.5 15.5
37.5 37.5
37.5 38.5
37.5 58.5
37.5 59.5
38.5 12.5
38.5 13.5
38.5 14.5
38.5 39.5
38.5 40.5
38.5 59.5
38.5 60.5
38.5 61.5
39.5 10.5
39.5 11.5
39.5 41.5
39.5 42.5
39.5 61.5
39.5 62.5
39.5 63.5
40.5 43.5
40.5 64.5
42.5 21.5
42.5 22.5
42.5 23.5
42.5 29.5
42.5 30.5
42.5 31.5
42.5 50.5
42.5 51.5
42.5 52.5
43.5 19.5
43.5 20.5
43.5 21.5
43.5 31.5
43.5 32.5
43.5 33.5
43.5 52.5
43.5 53.5
43.5 54.5
43.5 55.5
44.5 18.5
44.5 19.5
44.5 20.5
44.5 32.5
44.5 33.5
44.5 34.5
44.5 35.5
44.5 55.5
44.5 56.5
44.5 57.5
45.5 17.5
45.5 18.5
45.5 35.5
45.5 36.5
51.5 55.5
51.5 56.5
52.5 15.5
52.5 16.5
52.5 35.5
52.5 36.5
52.5 53.5
52.5 54.5
52.5 55.5
53.5 13.5
53.5 14.5
53.5 15.5
53.5 34.5
53.5 35.5
53.5 51.5
53.5 52.5
53.5 53.5
54.5 11.5
54.5 12.5
54.5 13.5
54.5 32.5
54.5 33.5
54.5 34.5
54.5 50.5
54.5 51.5
55.5 10.5
55.5 11.5
55.5 31.5
55.5 32.5
56.5 30.5
56.5 31.5
56.5 42.5
56.5 43.5
56.5 62.5
56.5 63.5
57.5 41.5
57.5 42.5
57.5 60.5
57.5 61.5
57.5 62.5
58.5 23.5
58.5 24.5
58.5 40.5
58.5 41.5
58.5 59.5
58.5 60.5
59.5 20.5
59.5 21.5
59.5 22.5
59.5 39.5
59.5 40.5
59.5 57.5
59.5 58.5
60.5 17.5
60.5 18.5
60.5 19.5
60.5 20.5
60.5 38.5
61.5 16.5
61.5 17.5
