2.5 37.5
2.5 48.5
2.5 62.5
3.5 13.5
3.5 25.5
3.5 36.5
3.5 49.5
4.5 12.5
4.5 24.5
4.5 36.5
4.5 49.5
4.5 50.5
4.5 61.5
5.5 12.5
5.5 24.5
5.5 35.5
5.5 50.5
6.5 11.5
6.5 23.5
6.5 34.5
6.5 35.5
6.5 51.5
6.5 60.5
7.5 11.5
7.5 22.5
7.5 29.5
7.5 34.5
7.5 41.5
7.5 44.5
7.5 51.5
7.5 52.5
8.5 10.5
8.5 17.5
8.5 22.5
8.5 33.5
8.5 41.5
8.5 44.5
8.5 52.5
8.5 59.5
8.5 66.5
9.5 10.5
9.5 17.5
9.5 21.5
9.5 28.5
9.5 33.5
9.5 40.5
9.5 45.5
9.5 53.5
9.5 65.5
10.5 9.5
10.5 16.5
10.5 20.5
10.5 28.5
10.5 32.5
10.5 40.5
10.5 45.5
10.5 46.5
10.5 53.5
10.5 54.5
10.5 58.5
10.5 65.5
11.5 15.5
11.5 20.5
11.5 27.5
11.5 39.5
11.5 46.5
11.5 54.5
11.5 64.5
12.5 8.5
12.5 15.5
12.5 19.5
12.5 27.5
12.5 31.5
12.5 39.5
12.5 47.5
12.5 55.5
12.5 57.5
12.5 63.5
13.5 14.5
13.5 26.5
13.5 38.5
13.5 47.5
13.5 62.5
14.5 14.5
14.5 26.5
14.5 38.5
14.5 48.5
14.5 56.5
14.5 61.5
14.5 62.5
15.5 12.5
15.5 13.5
15.5 24.5
15.5 25.5
15.5 37.5
15.5 48.5
15.5 61.5
16.5 25.5
16.5 37.5
16.5 49.5
16.5 60.5
17.5 12.5
17.5 13.5
17.5 25.5
17.5 48.5
17.5 59.5
17.5 62.5
18.5 13.5
18.5 25.5
18.5 36.5
18.5 38.5
18.5 50.5
18.5 61.5
19.5 14.5
19.5 26.5
19.5 37.5
19.5 49.5
19.5 61.5
20.5 14.5
20.5 26.5
20.5 36.5
20.5 37.5
20.5 60.5
21.5 15.5
21.5 26.5
21.5 36.5
21.5 50.5
21.5 60.5
22.5 7.5
22.5 15.5
22.5 21.5
22.5 27.5
22.5 35.5
22.5 51.5
22.5 59.5
22.5 66.5
23.5 8.5
23.5 16.5
23.5 21.5
23.5 27.5
23.5 34.5
23.5 35.5
23.5 43.5
23.5 44.5
23.5 51.5
23.5 59.5
23.5 66.5
24.5 9.5
24.5 16.5
24.5 22.5
24.5 28.5
24.5 34.5
24.5 42.5
24.5 45.5
24.5 52.5
24.5 58.5
24.5 65.5
25.5 9.5
25.5 17.5
25.5 22.5
25.5 28.5
25.5 33.5
25.5 41.5
25.5 42.5
25.5 45.5
25.5 52.5
25.5 58.5
25.5 64.5
25.5 65.5
26.5 10.5
26.5 17.5
26.5 22.5
26.5 33.5
26.5 41.5
26.5 46.5
26.5 53.5
26.5 57.5
26.5 64.5
27.5 10.5
27.5 11.5
27.5 18.5
27.5 23.5
27.5 29.5
27.5 32.5
27.5 40.5
27.5 47.5
27.5 63.5
28.5 11.5
28.5 18.5
28.5 23.5
28.5 39.5
28.5 47.5
28.5 54.5
28.5 56.5
28.5 63.5
29.5 11.5
29.5 12.5
29.5 24.5
29.5 31.5
29.5 38.5
29.5 48.5
29.5 62.5
30.5 12.5
30.5 24.5
30.5 37.5
30.5 38.5
30.5 49.5
30.5 62.5
31.5 13.5
31.5 24.5
31.5 37.5
31.5 49.5
31.5 61.5
32.5 13.5
32.5 25.5
32.5 36.5
32.5 50.5
32.5 51.5
33.5 14.5
33.5 23.5
33.5 25.5
33.5 35.5
33.5 50.5
33.5 60.5
34.5 13.5
34.5 24.5
34.5 36.5
34.5 50.5
34.5 61.5
35.5 12.5
35.5 24.5
35.5 37.5
35.5 49.5
35.5 62.5
36.5 11.5
36.5 25.5
36.5 37.5
36.5 38.5
36.5 48.5
36.5 62.5
37.5 10.5
37.5 11.5
37.5 20.5
37.5 26.5
37.5 38.5
37.5 48.5
37.5 55.5
37.5 63.5
38.5 9.5
38.5 10.5
38.5 26.5
38.5 30.5
38.5 39.5
38.5 47.5
38.5 56.5
38.5 64.5
39.5 9.5
39.5 19.5
39.5 21.5
39.5 27.5
39.5 31.5
39.5 40.5
39.5 46.5
39.5 47.5
39.5 54.5
39.5 64.5
40.5 8.5
40.5 18.5
40.5 21.5
40.5 27.5
40.5 32.5
40.5 41.5
40.5 46.5
40.5 53.5
40.5 57.5
40.5 65.5
41.5 7.5
41.5 17.5
41.5 22.5
41.5 28.5
41.5 33.5
41.5 41.5
41.5 45.5
41.5 52.5
41.5 58.5
41.5 66.5
42.5 6.5
42.5 16.5
42.5 22.5
42.5 34.5
42.5 42.5
42.5 45.5
42.5 52.5
42.5 59.5
42.5 66.5
43.5 15.5
43.5 22.5
43.5 35.5
43.5 43.5
43.5 44.5
43.5 51.5
43.5 59.5
43.5 67.5
44.5 14.5
44.5 23.5
44.5 36.5
44.5 50.5
44.5 51.5
44.5 60.5
45.5 13.5
45.5 23.5
45.5 37.5
45.5 50.5
45.5 61.5
46.5 12.5
46.5 23.5
46.5 24.5
46.5 38.5
46.5 49.5
46.5 62.5
47.5 11.5
47.5 24.5
47.5 38.5
47.5 39.5
47.5 62.5
48.5 10.5
48.5 24.5
48.5 37.5
48.5 48.5
48.5 63.5
49.5 9.5
49.5 10.5
49.5 24.5
49.5 36.5
49.5 37.5
49.5 49.5
49.5 62.5
50.5 11.5
50.5 25.5
50.5 36.5
50.5 49.5
50.5 61.5
51.5 11.5
51.5 12.5
51.5 25.5
51.5 35.5
51.5 50.5
51.5 60.5
52.5 12.5
52.5 13.5
52.5 26.5
52.5 34.5
52.5 35.5
52.5 51.5
52.5 59.5
52.5 67.5
53.5 13.5
53.5 14.5
53.5 19.5
53.5 26.5
53.5 33.5
53.5 34.5
53.5 45.5
53.5 51.5
53.5 58.5
53.5 66.5
54.5 6.5
54.5 14.5
54.5 15.5
54.5 27.5
54.5 33.5
54.5 42.5
54.5 45.5
54.5 52.5
54.5 57.5
54.5 66.5
55.5 7.5
55.5 15.5
55.5 16.5
55.5 20.5
55.5 27.5
55.5 32.5
55.5 41.5
55.5 46.5
55.5 53.5
55.5 56.5
55.5 65.5
56.5 8.5
56.5 16.5
56.5 17.5
56.5 21.5
56.5 28.5
56.5 31.5
56.5 32.5
56.5 40.5
56.5 46.5
56.5 53.5
56.5 64.5
56.5 65.5
57.5 8.5
57.5 9.5
57.5 17.5
57.5 21.5
57.5 22.5
57.5 28.5
57.5 31.5
57.5 39.5
57.5 40.5
57.5 47.5
57.5 54.5
57.5 63.5
57.5 64.5
58.5 9.5
58.5 22.5
58.5 30.5
58.5 39.5
58.5 47.5
58.5 63.5
59.5 10.5
59.5 23.5
59.5 29.5
59.5 38.5
59.5 48.5
59.5 62.5
59.5 63.5
60.5 11.5
60.5 24.5
60.5 37.5
60.5 48.5
60.5 61.5
60.5 62.5
61.5 11.5
61.5 24.5
61.5 37.5
61.5 49.5
61.5 61.5
62.5 12.5
62.5 25.5
62.5 36.5
62.5 49.5
62.5 60.5
63.5 13.5
63.5 35.5
