3.5 19.5
3.5 20.5
4.5 16.5
4.5 17.5
4.5 18.5
4.5 40.5
4.5 41.5
5.5 13.5
5.5 14.5
5.5 15.5
5.5 35.5
5.5 36.5
5.5 37.5
5.5 38.5
5.5 60.5
5.5 61.5
6.5 10.5
6.5 11.5
6.5 12.5
6.5 31.5
6.5 32.5
6.5 33.5
6.5 34.5
6.5 35.5
6.5 54.5
6.5 55.5
6.5 56.5
6.5 57.5
6.5 58.5
7.5 7.5
7.5 8.5
7.5 25.5
7.5 26.5
7.5 27.5
7.5 28.5
7.5 29.5
7.5 30.5
7.5 50.5
7.5 51.5
7.5 52.5
7.5 53.5
8.5 21.5
8.5 22.5
8.5 23.5
8.5 24.5
8.5 45.5
8.5 46.5
8.5 47.5
8.5 65.5
8.5 66.5
9.5 18.5
9.5 19.5
9.5 20.5
9.5 21.5
9.5 41.5
9.5 42.5
9.5 43.5
9.5 44.5
9.5 61.5
9.5 62.5
9.5 63.5
10.5 16.5
10.5 17.5
10.5 18.5
10.5 38.5
10.5 39.5
10.5 40.5
10.5 58.5
10.5 59.5
11.5 14.5
11.5 35.5
11.5 36.5
11.5 55.5
14.5 15.5
14.5 16.5
14.5 33.5
14.5 55.5
14.5 56.5
14.5 57.5
15.5 17.5
15.5 18.5
15.5 19.5
15.5 37.5
15.5 38.5
15.5 39.5
15.5 58.5
15.5 59.5
15.5 60.5
16.5 20.5
16.5 21.5
16.5 22.5
16.5 41.5
16.5 42.5
16.5 43.5
16.5 44.5
16.5 61.5
16.5 62.5
16.5 63.5
17.5 7.5
17.5 8.5
17.5 24.5
17.5 25.5
17.5 46.5
17.5 47.5
17.5 48.5
17.5 49.5
17.5 65.5
17.5 66.5
18.5 10.5
18.5 11.5
18.5 12.5
18.5 27.5
18.5 28.5
18.5 29.5
18.5 30.5
18.5 51.5
18.5 52.5
18.5 53.5
19.5 13.5
19.5 14.5
19.5 15.5
19.5 32.5
19.5 33.5
19.5 34.5
19.5 35.5
19.5 54.5
19.5 55.5
19.5 56.5
20.5 16.5
20.5 17.5
20.5 18.5
20.5 37.5
20.5 38.5
20.5 39.5
20.5 40.5
20.5 57.5
20.5 58.5
20.5 59.5
21.5 20.5
23.5 40.5
23.5 41.5
23.5 61.5
24.5 18.5
24.5 19.5
24.5 36.5
24.5 37.5
24.5 38.5
24.5 57.5
24.5 58.5
24.5 59.5
25.5 14.5
25.5 15.5
25.5 16.5
25.5 32.5
25.5 33.5
25.5 34.5
25.5 53.5
25.5 54.5
25.5 55.5
26.5 11.5
26.5 12.5
26.5 13.5
26.5 29.5
26.5 30.5
26.5 50.5
26.5 51.5
26.5 52.5
27.5 8.5
27.5 9.5
27.5 10.5
27.5 25.5
27.5 26.5
27.5 44.5
27.5 45.5
27.5 46.5
27.5 47.5
27.5 48.5
28.5 6.5
28.5 21.5
28.5 22.5
28.5 23.5
28.5 40.5
28.5 41.5
28.5 42.5
28.5 43.5
28.5 64.5
28.5 65.5
28.5 66.5
28.5 67.5
29.5 18.5
29.5 19.5
29.5 20.5
29.5 36.5
29.5 37.5
29.5 38.5
29.5 39.5
29.5 59.5
29.5 60.5
29.5 61.5
29.5 62.5
29.5 63.5
30.5 16.5
30.5 17.5
30.5 33.5
30.5 34.5
30.5 55.5
30.5 56.5
30.5 57.5
30.5 58.5
30.5 59.5
31.5 13.5
33.5 34.5
33.5 35.5
34.5 14.5
34.5 15.5
34.5 16.5
34.5 36.5
34.5 37.5
34.5 38.5
34.5 55.5
34.5 56.5
35.5 17.5
35.5 18.5
35.5 19.5
35.5 20.5
35.5 38.5
35.5 39.5
35.5 40.5
35.5 57.5
35.5 58.5
35.5 59.5
36.5 21.5
36.5 22.5
36.5 23.5
36.5 24.5
36.5 26.5
36.5 40.5
36.5 41.5
36.5 42.5
36.5 60.5
36.5 61.5
37.5 25.5
37.5 26.5
37.5 27.5
37.5 28.5
37.5 29.5
37.5 43.5
37.5 44.5
37.5 62.5
37.5 63.5
37.5 64.5
38.5 6.5
38.5 30.5
38.5 31.5
38.5 45.5
38.5 46.5
38.5 48.5
38.5 49.5
38.5 65.5
38.5 66.5
39.5 8.5
39.5 9.5
39.5 10.5
39.5 11.5
39.5 12.5
39.5 32.5
39.5 33.5
39.5 34.5
39.5 48.5
39.5 50.5
39.5 51.5
39.5 52.5
39.5 67.5
40.5 12.5
40.5 13.5
40.5 14.5
40.5 15.5
40.5 16.5
40.5 34.5
40.5 35.5
40.5 36.5
40.5 53.5
40.5 54.5
40.5 55.5
41.5 17.5
41.5 18.5
41.5 19.5
41.5 36.5
41.5 37.5
41.5 38.5
41.5 56.5
41.5 57.5
41.5 58.5
42.5 39.5
42.5 40.5
42.5 59.5
42.5 60.5
45.5 17.5
45.5 18.5
45.5 19.5
46.5 13.5
46.5 14.5
46.5 15.5
46.5 35.5
46.5 36.5
46.5 37.5
46.5 38.5
46.5 55.5
46.5 56.5
46.5 57.5
47.5 10.5
47.5 11.5
47.5 12.5
47.5 30.5
47.5 31.5
47.5 32.5
47.5 33.5
47.5 34.5
47.5 59.5
47.5 60.5
47.5 61.5
47.5 62.5
48.5 7.5
48.5 8.5
48.5 25.5
48.5 26.5
48.5 27.5
48.5 46.5
48.5 47.5
48.5 64.5
48.5 65.5
48.5 66.5
49.5 21.5
49.5 22.5
49.5 23.5
49.5 24.5
49.5 42.5
49.5 43.5
49.5 50.5
49.5 51.5
49.5 52.5
50.5 18.5
50.5 19.5
50.5 20.5
50.5 39.5
50.5 40.5
50.5 54.5
50.5 55.5
51.5 15.5
51.5 16.5
51.5 17.5
51.5 36.5
51.5 37.5
51.5 58.5
51.5 59.5
54.5 34.5
54.5 35.5
54.5 59.5
54.5 60.5
55.5 14.5
55.5 15.5
55.5 16.5
55.5 36.5
55.5 37.5
55.5 38.5
55.5 55.5
55.5 56.5
55.5 57.5
56.5 17.5
56.5 18.5
56.5 19.5
56.5 20.5
56.5 21.5
56.5 39.5
56.5 40.5
56.5 41.5
56.5 52.5
56.5 53.5
56.5 54.5
57.5 22.5
57.5 23.5
57.5 24.5
57.5 25.5
57.5 42.5
57.5 43.5
57.5 44.5
57.5 49.5
57.5 50.5
57.5 51.5
58.5 7.5
58.5 8.5
58.5 27.5
58.5 28.5
58.5 45.5
58.5 46.5
58.5 47.5
58.5 64.5
58.5 65.5
58.5 66.5
59.5 10.5
59.5 11.5
59.5 12.5
59.5 30.5
59.5 31.5
59.5 32.5
59.5 33.5
59.5 61.5
59.5 62.5
59.5 63.5
60.5 13.5
60.5 14.5
60.5 15.5
60.5 16.5
60.5 33.5
60.5 34.5
60.5 35.5
60.5 36.5
60.5 57.5
60.5 58.5
60.5 59.5
60.5 60.5
61.5 17.5
61.5 18.5
61.5 19.5
61.5 38.5
61.5 39.5
61.5 54.5
61.5 55.5
61.5 56.5
62.5 52.5
