5.5 59.5
6.5 16.5
6.5 37.5
6.5 59.5
6.5 60.5
7.5 15.5
7.5 38.5
7.5 39.5
7.5 60.5
8.5 14.5
8.5 39.5
8.5 40.5
8.5 61.5
9.5 13.5
9.5 40.5
9.5 41.5
9.5 42.5
9.5 61.5
9.5 62.5
10.5 12.5
10.5 42.5
10.5 43.5
10.5 62.5
11.5 11.5
11.5 43.5
11.5 44.5
11.5 63.5
12.5 10.5
12.5 52.5
12.5 64.5
13.5 22.5
13.5 29.5
13.5 30.5
13.5 52.5
13.5 53.5
14.5 20.5
14.5 21.5
14.5 30.5
14.5 31.5
14.5 53.5
14.5 54.5
15.5 19.5
15.5 20.5
15.5 32.5
15.5 33.5
15.5 54.5
15.5 55.5
16.5 18.5
16.5 19.5
16.5 33.5
16.5 34.5
16.5 55.5
17.5 17.5
17.5 18.5
17.5 34.5
17.5 35.5
17.5 56.5
18.5 17.5
18.5 36.5
18.5 57.5
25.5 16.5
25.5 36.5
25.5 57.5
26.5 15.5
26.5 37.5
26.5 58.5
27.5 13.5
27.5 14.5
27.5 37.5
27.5 38.5
27.5 59.5
28.5 12.5
28.5 13.5
28.5 38.5
28.5 39.5
28.5 60.5
29.5 11.5
29.5 12.5
29.5 39.5
29.5 40.5
29.5 61.5
30.5 10.5
30.5 11.5
30.5 40.5
30.5 41.5
30.5 62.5
31.5 9.5
31.5 10.5
31.5 41.5
31.5 42.5
31.5 63.5
32.5 42.5
32.5 43.5
32.5 50.5
32.5 64.5
33.5 21.5
33.5 29.5
33.5 51.5
34.5 20.5
34.5 21.5
34.5 30.5
34.5 52.5
35.5 19.5
35.5 20.5
35.5 31.5
35.5 52.5
35.5 53.5
35.5 54.5
36.5 18.5
36.5 19.5
36.5 31.5
36.5 32.5
36.5 53.5
36.5 54.5
36.5 55.5
37.5 17.5
37.5 18.5
37.5 32.5
37.5 33.5
37.5 55.5
38.5 16.5
38.5 17.5
38.5 33.5
38.5 34.5
38.5 56.5
39.5 15.5
39.5 16.5
39.5 34.5
39.5 35.5
39.5 57.5
40.5 35.5
46.5 15.5
46.5 58.5
47.5 14.5
47.5 36.5
47.5 56.5
47.5 57.5
48.5 13.5
48.5 14.5
48.5 34.5
48.5 35.5
48.5 55.5
48.5 56.5
49.5 12.5
49.5 13.5
49.5 33.5
49.5 34.5
49.5 53.5
49.5 54.5
50.5 11.5
50.5 12.5
50.5 32.5
50.5 33.5
50.5 52.5
50.5 53.5
51.5 10.5
51.5 11.5
51.5 31.5
51.5 32.5
51.5 51.5
51.5 52.5
52.5 9.5
52.5 30.5
52.5 31.5
52.5 50.5
52.5 65.5
53.5 29.5
53.5 30.5
53.5 43.5
53.5 63.5
53.5 64.5
54.5 22.5
54.5 42.5
54.5 43.5
54.5 62.5
54.5 63.5
55.5 20.5
55.5 21.5
55.5 41.5
55.5 42.5
55.5 61.5
55.5 62.5
56.5 19.5
56.5 20.5
56.5 39.5
56.5 40.5
56.5 60.5
56.5 61.5
57.5 18.5
57.5 19.5
57.5 38.5
57.5 39.5
57.5 59.5
57.5 60.5
58.5 17.5
58.5 18.5
58.5 37.5
58.5 38.5
58.5 58.5
59.5 16.5
59.5 36.5
60.5 15.5
