3.5 13.5
3.5 14.5
3.5 56.5
3.5 57.5
3.5 58.5
3.5 59.5
4.5 15.5
4.5 16.5
4.5 17.5
4.5 18.5
4.5 36.5
4.5 37.5
4.5 38.5
4.5 39.5
4.5 58.5
4.5 59.5
4.5 60.5
4.5 61.5
4.5 62.5
5.5 17.5
5.5 18.5
5.5 19.5
5.5 20.5
5.5 21.5
5.5 38.5
5.5 39.5
5.5 40.5
5.5 41.5
5.5 42.5
5.5 43.5
5.5 61.5
5.5 62.5
5.5 63.5
5.5 64.5
6.5 20.5
6.5 21.5
6.5 22.5
6.5 23.5
6.5 24.5
6.5 42.5
6.5 43.5
6.5 44.5
6.5 45.5
6.5 65.5
6.5 66.5
7.5 7.5
7.5 8.5
7.5 9.5
7.5 24.5
7.5 25.5
7.5 27.5
7.5 28.5
7.5 29.5
7.5 49.5
7.5 50.5
7.5 51.5
7.5 52.5
8.5 9.5
8.5 10.5
8.5 11.5
8.5 12.5
8.5 29.5
8.5 30.5
8.5 31.5
8.5 32.5
8.5 33.5
8.5 51.5
8.5 52.5
8.5 53.5
8.5 54.5
8.5 55.5
8.5 56.5
9.5 11.5
9.5 12.5
9.5 13.5
9.5 14.5
9.5 15.5
9.5 32.5
9.5 33.5
9.5 34.5
9.5 35.5
9.5 36.5
9.5 55.5
9.5 56.5
9.5 57.5
9.5 58.5
9.5 59.5
10.5 14.5
10.5 15.5
10.5 16.5
10.5 17.5
10.5 36.5
10.5 37.5
10.5 38.5
10.5 39.5
11.5 18.5
14.5 17.5
14.5 18.5
14.5 34.5
14.5 35.5
14.5 36.5
14.5 55.5
14.5 56.5
14.5 57.5
14.5 58.5
15.5 14.5
15.5 15.5
15.5 16.5
15.5 17.5
15.5 36.5
15.5 37.5
15.5 38.5
15.5 39.5
15.5 40.5
15.5 57.5
15.5 58.5
15.5 59.5
15.5 60.5
15.5 61.5
16.5 12.5
16.5 13.5
16.5 14.5
16.5 40.5
16.5 41.5
16.5 42.5
16.5 43.5
16.5 44.5
16.5 60.5
16.5 61.5
16.5 62.5
16.5 63.5
16.5 64.5
17.5 9.5
17.5 10.5
17.5 11.5
17.5 12.5
17.5 44.5
17.5 45.5
17.5 46.5
17.5 48.5
17.5 63.5
17.5 64.5
17.5 65.5
17.5 66.5
18.5 8.5
18.5 9.5
18.5 22.5
18.5 23.5
18.5 24.5
18.5 27.5
18.5 28.5
18.5 29.5
18.5 30.5
18.5 49.5
18.5 50.5
18.5 51.5
18.5 52.5
19.5 19.5
19.5 20.5
19.5 21.5
19.5 22.5
19.5 30.5
19.5 31.5
19.5 32.5
19.5 33.5
19.5 34.5
19.5 52.5
19.5 53.5
19.5 54.5
20.5 17.5
20.5 18.5
20.5 19.5
20.5 20.5
20.5 33.5
20.5 34.5
20.5 35.5
20.5 36.5
20.5 37.5
20.5 54.5
20.5 55.5
20.5 56.5
20.5 57.5
21.5 15.5
21.5 16.5
21.5 17.5
21.5 38.5
21.5 57.5
21.5 58.5
21.5 59.5
25.5 15.5
25.5 16.5
25.5 17.5
25.5 18.5
25.5 34.5
25.5 35.5
25.5 36.5
25.5 37.5
25.5 38.5
25.5 39.5
25.5 53.5
25.5 54.5
25.5 55.5
25.5 56.5
25.5 57.5
26.5 11.5
26.5 12.5
26.5 13.5
26.5 14.5
26.5 38.5
26.5 39.5
26.5 40.5
26.5 41.5
26.5 42.5
26.5 43.5
26.5 49.5
26.5 50.5
26.5 51.5
26.5 52.5
26.5 53.5
27.5 7.5
27.5 8.5
27.5 9.5
27.5 46.5
27.5 47.5
27.5 48.5
29.5 19.5
29.5 20.5
29.5 21.5
29.5 22.5
29.5 23.5
29.5 24.5
29.5 25.5
29.5 27.5
29.5 28.5
29.5 29.5
29.5 30.5
29.5 31.5
29.5 58.5
29.5 59.5
29.5 60.5
29.5 61.5
29.5 62.5
29.5 63.5
29.5 64.5
29.5 65.5
29.5 66.5
30.5 14.5
30.5 15.5
30.5 16.5
30.5 17.5
30.5 18.5
30.5 19.5
30.5 20.5
30.5 21.5
30.5 22.5
30.5 29.5
30.5 30.5
30.5 31.5
30.5 32.5
30.5 33.5
30.5 34.5
30.5 35.5
30.5 36.5
30.5 54.5
30.5 55.5
30.5 56.5
30.5 57.5
30.5 58.5
30.5 59.5
30.5 60.5
30.5 61.5
30.5 62.5
31.5 34.5
31.5 35.5
31.5 36.5
31.5 37.5
31.5 38.5
34.5 37.5
34.5 38.5
34.5 55.5
34.5 56.5
34.5 57.5
35.5 13.5
35.5 14.5
35.5 15.5
35.5 16.5
35.5 17.5
35.5 18.5
35.5 35.5
35.5 36.5
35.5 58.5
35.5 59.5
35.5 60.5
35.5 61.5
36.5 7.5
36.5 8.5
36.5 9.5
36.5 10.5
36.5 11.5
36.5 12.5
36.5 13.5
36.5 14.5
36.5 15.5
36.5 16.5
36.5 32.5
36.5 33.5
36.5 34.5
36.5 62.5
36.5 63.5
36.5 64.5
36.5 65.5
37.5 30.5
37.5 31.5
37.5 44.5
37.5 45.5
37.5 47.5
37.5 48.5
37.5 49.5
37.5 50.5
38.5 28.5
38.5 29.5
38.5 40.5
38.5 41.5
38.5 42.5
38.5 43.5
38.5 44.5
38.5 49.5
38.5 50.5
38.5 51.5
38.5 52.5
38.5 53.5
38.5 54.5
38.5 55.5
39.5 20.5
39.5 21.5
39.5 22.5
39.5 23.5
39.5 24.5
39.5 37.5
39.5 38.5
39.5 39.5
39.5 40.5
39.5 41.5
39.5 53.5
39.5 54.5
39.5 55.5
39.5 56.5
39.5 57.5
39.5 58.5
40.5 15.5
40.5 16.5
40.5 17.5
40.5 18.5
40.5 19.5
40.5 20.5
40.5 35.5
40.5 36.5
40.5 37.5
40.5 38.5
41.5 33.5
41.5 34.5
43.5 59.5
44.5 15.5
44.5 16.5
44.5 17.5
44.5 18.5
44.5 34.5
44.5 56.5
44.5 57.5
44.5 58.5
45.5 11.5
45.5 12.5
45.5 13.5
45.5 14.5
45.5 15.5
45.5 35.5
45.5 36.5
45.5 37.5
45.5 38.5
45.5 53.5
45.5 54.5
45.5 55.5
45.5 56.5
46.5 7.5
46.5 8.5
46.5 9.5
46.5 10.5
46.5 11.5
46.5 12.5
46.5 38.5
46.5 39.5
46.5 40.5
46.5 41.5
46.5 51.5
46.5 52.5
46.5 53.5
46.5 54.5
47.5 41.5
47.5 42.5
47.5 43.5
47.5 44.5
47.5 49.5
47.5 50.5
47.5 51.5
47.5 64.5
47.5 65.5
47.5 66.5
48.5 23.5
48.5 24.5
48.5 45.5
48.5 46.5
48.5 48.5
48.5 61.5
48.5 62.5
48.5 63.5
48.5 64.5
49.5 18.5
49.5 19.5
49.5 20.5
49.5 21.5
49.5 22.5
49.5 23.5
49.5 26.5
49.5 27.5
49.5 28.5
49.5 29.5
49.5 30.5
49.5 31.5
49.5 59.5
49.5 60.5
49.5 61.5
49.5 62.5
50.5 15.5
50.5 16.5
50.5 17.5
50.5 18.5
50.5 19.5
50.5 20.5
50.5 29.5
50.5 30.5
50.5 31.5
50.5 32.5
50.5 33.5
50.5 34.5
50.5 35.5
50.5 36.5
50.5 57.5
50.5 58.5
50.5 59.5
50.5 60.5
51.5 13.5
51.5 14.5
51.5 15.5
51.5 16.5
51.5 33.5
51.5 34.5
51.5 35.5
51.5 36.5
51.5 37.5
51.5 38.5
51.5 39.5
51.5 55.5
51.5 56.5
51.5 57.5
55.5 39.5
55.5 56.5
55.5 57.5
55.5 58.5
55.5 59.5
56.5 11.5
56.5 12.5
56.5 13.5
56.5 14.5
56.5 15.5
56.5 16.5
56.5 34.5
56.5 35.5
56.5 36.5
56.5 37.5
56.5 58.5
56.5 59.5
56.5 60.5
56.5 61.5
56.5 62.5
57.5 8.5
57.5 9.5
57.5 10.5
57.5 11.5
57.5 12.5
57.5 13.5
57.5 30.5
57.5 31.5
57.5 32.5
57.5 33.5
57.5 34.5
57.5 61.5
57.5 62.5
57.5 63.5
57.5 64.5
57.5 65.5
58.5 6.5
58.5 7.5
58.5 8.5
58.5 9.5
58.5 27.5
58.5 28.5
58.5 29.5
58.5 30.5
58.5 45.5
58.5 46.5
58.5 65.5
58.5 66.5
58.5 67.5
59.5 22.5
59.5 23.5
59.5 24.5
59.5 41.5
59.5 42.5
59.5 43.5
59.5 44.5
59.5 49.5
59.5 50.5
59.5 51.5
59.5 52.5
59.5 53.5
60.5 18.5
60.5 19.5
60.5 20.5
60.5 21.5
60.5 37.5
60.5 38.5
60.5 39.5
60.5 40.5
60.5 41.5
60.5 52.5
60.5 53.5
60.5 54.5
60.5 55.5
60.5 56.5
61.5 15.5
61.5 16.5
61.5 17.5
61.5 18.5
61.5 35.5
61.5 36.5
61.5 37.5
61.5 38.5
61.5 55.5
61.5 56.5
61.5 57.5
61.5 58.5
61.5 59.5
62.5 13.5
62.5 14.5
