2.5 11.5
2.5 24.5
2.5 37.5
3.5 11.5
3.5 12.5
3.5 24.5
3.5 25.5
3.5 36.5
4.5 12.5
4.5 13.5
4.5 25.5
4.5 35.5
4.5 36.5
4.5 49.5
4.5 50.5
4.5 61.5
5.5 12.5
5.5 13.5
5.5 25.5
5.5 26.5
5.5 34.5
5.5 35.5
5.5 48.5
5.5 49.5
5.5 60.5
5.5 61.5
6.5 12.5
6.5 13.5
6.5 14.5
6.5 26.5
6.5 27.5
6.5 33.5
6.5 34.5
6.5 35.5
6.5 47.5
6.5 48.5
6.5 49.5
6.5 60.5
7.5 13.5
7.5 14.5
7.5 19.5
7.5 26.5
7.5 27.5
7.5 33.5
7.5 34.5
7.5 41.5
7.5 46.5
7.5 47.5
7.5 48.5
7.5 59.5
7.5 60.5
8.5 7.5
8.5 13.5
8.5 14.5
8.5 19.5
8.5 20.5
8.5 27.5
8.5 28.5
8.5 32.5
8.5 33.5
8.5 40.5
8.5 41.5
8.5 45.5
8.5 46.5
8.5 47.5
8.5 59.5
8.5 65.5
9.5 7.5
9.5 8.5
9.5 14.5
9.5 15.5
9.5 20.5
9.5 21.5
9.5 28.5
9.5 32.5
9.5 33.5
9.5 39.5
9.5 40.5
9.5 44.5
9.5 45.5
9.5 54.5
9.5 58.5
9.5 59.5
9.5 64.5
10.5 8.5
10.5 15.5
10.5 20.5
10.5 21.5
10.5 22.5
10.5 29.5
10.5 32.5
10.5 39.5
10.5 40.5
10.5 44.5
10.5 53.5
10.5 54.5
10.5 58.5
10.5 64.5
11.5 8.5
11.5 9.5
11.5 15.5
11.5 21.5
11.5 22.5
11.5 38.5
11.5 39.5
11.5 52.5
11.5 53.5
11.5 58.5
11.5 63.5
11.5 64.5
12.5 8.5
12.5 9.5
12.5 21.5
12.5 22.5
12.5 23.5
12.5 37.5
12.5 38.5
12.5 51.5
12.5 52.5
12.5 57.5
12.5 63.5
13.5 9.5
13.5 10.5
13.5 22.5
13.5 23.5
13.5 37.5
13.5 38.5
13.5 50.5
13.5 51.5
13.5 62.5
13.5 63.5
14.5 9.5
14.5 10.5
14.5 23.5
14.5 24.5
14.5 36.5
14.5 37.5
14.5 49.5
14.5 50.5
14.5 62.5
14.5 63.5
15.5 10.5
15.5 11.5
15.5 23.5
15.5 24.5
15.5 36.5
15.5 48.5
15.5 49.5
15.5 62.5
16.5 11.5
16.5 37.5
16.5 48.5
16.5 61.5
16.5 62.5
17.5 11.5
17.5 25.5
17.5 37.5
17.5 61.5
18.5 11.5
18.5 24.5
18.5 25.5
18.5 36.5
18.5 37.5
18.5 49.5
19.5 11.5
19.5 23.5
19.5 24.5
19.5 36.5
19.5 48.5
19.5 49.5
19.5 61.5
20.5 10.5
20.5 11.5
20.5 23.5
20.5 24.5
20.5 35.5
20.5 36.5
20.5 48.5
20.5 49.5
20.5 61.5
20.5 62.5
21.5 10.5
21.5 22.5
21.5 23.5
21.5 35.5
21.5 36.5
21.5 47.5
21.5 48.5
21.5 62.5
21.5 63.5
22.5 9.5
22.5 10.5
22.5 21.5
22.5 22.5
22.5 23.5
22.5 29.5
22.5 34.5
22.5 35.5
22.5 41.5
22.5 46.5
22.5 47.5
22.5 48.5
22.5 63.5
23.5 9.5
23.5 10.5
23.5 16.5
23.5 21.5
23.5 22.5
23.5 29.5
23.5 34.5
23.5 35.5
23.5 41.5
23.5 46.5
23.5 47.5
23.5 63.5
23.5 64.5
24.5 9.5
24.5 10.5
24.5 15.5
24.5 16.5
24.5 20.5
24.5 21.5
24.5 28.5
24.5 29.5
24.5 34.5
24.5 40.5
24.5 41.5
24.5 45.5
24.5 46.5
24.5 53.5
24.5 54.5
24.5 57.5
24.5 58.5
24.5 64.5
24.5 65.5
25.5 9.5
25.5 15.5
25.5 16.5
25.5 20.5
25.5 28.5
25.5 29.5
25.5 33.5
25.5 34.5
25.5 40.5
25.5 45.5
25.5 46.5
25.5 53.5
25.5 57.5
25.5 58.5
25.5 65.5
25.5 66.5
26.5 9.5
26.5 15.5
26.5 19.5
26.5 27.5
26.5 28.5
26.5 33.5
26.5 39.5
26.5 40.5
26.5 44.5
26.5 45.5
26.5 52.5
26.5 53.5
26.5 58.5
26.5 59.5
26.5 66.5
27.5 14.5
27.5 15.5
27.5 27.5
27.5 28.5
27.5 39.5
27.5 51.5
27.5 52.5
27.5 58.5
27.5 59.5
27.5 60.5
28.5 14.5
28.5 15.5
28.5 26.5
28.5 27.5
28.5 38.5
28.5 39.5
28.5 50.5
28.5 51.5
28.5 59.5
28.5 60.5
29.5 14.5
29.5 26.5
29.5 27.5
29.5 38.5
29.5 39.5
29.5 50.5
29.5 51.5
29.5 60.5
29.5 61.5
30.5 13.5
30.5 14.5
30.5 26.5
30.5 38.5
30.5 49.5
30.5 50.5
30.5 61.5
31.5 13.5
31.5 25.5
31.5 26.5
31.5 37.5
31.5 38.5
31.5 49.5
31.5 61.5
31.5 62.5
32.5 13.5
32.5 37.5
32.5 48.5
33.5 13.5
33.5 25.5
33.5 37.5
34.5 14.5
34.5 25.5
34.5 26.5
34.5 37.5
34.5 38.5
34.5 49.5
34.5 61.5
34.5 62.5
35.5 14.5
35.5 26.5
35.5 38.5
35.5 48.5
35.5 49.5
35.5 62.5
35.5 63.5
36.5 14.5
36.5 15.5
36.5 26.5
36.5 27.5
36.5 38.5
36.5 39.5
36.5 47.5
36.5 48.5
36.5 62.5
36.5 63.5
36.5 64.5
37.5 14.5
37.5 15.5
37.5 26.5
37.5 27.5
37.5 28.5
37.5 38.5
37.5 39.5
37.5 46.5
37.5 47.5
37.5 63.5
37.5 64.5
38.5 9.5
38.5 15.5
38.5 16.5
38.5 20.5
38.5 27.5
38.5 28.5
38.5 33.5
38.5 39.5
38.5 45.5
38.5 46.5
38.5 64.5
38.5 65.5
39.5 10.5
39.5 15.5
39.5 16.5
39.5 21.5
39.5 28.5
39.5 33.5
39.5 34.5
39.5 39.5
39.5 40.5
39.5 44.5
39.5 45.5
39.5 53.5
39.5 54.5
39.5 56.5
39.5 65.5
39.5 66.5
40.5 10.5
40.5 16.5
40.5 21.5
40.5 22.5
40.5 28.5
40.5 29.5
40.5 33.5
40.5 34.5
40.5 40.5
40.5 43.5
40.5 44.5
40.5 52.5
40.5 53.5
40.5 56.5
40.5 57.5
40.5 66.5
41.5 10.5
41.5 11.5
41.5 16.5
41.5 17.5
41.5 21.5
41.5 22.5
41.5 29.5
41.5 34.5
41.5 43.5
41.5 51.5
41.5 52.5
41.5 57.5
41.5 58.5
41.5 67.5
42.5 10.5
42.5 11.5
42.5 17.5
42.5 22.5
42.5 23.5
42.5 34.5
42.5 35.5
42.5 50.5
42.5 51.5
42.5 58.5
42.5 59.5
42.5 60.5
43.5 11.5
43.5 22.5
43.5 23.5
43.5 34.5
43.5 35.5
43.5 49.5
43.5 50.5
43.5 51.5
43.5 59.5
43.5 60.5
44.5 11.5
44.5 12.5
44.5 23.5
44.5 35.5
44.5 48.5
44.5 49.5
44.5 50.5
44.5 60.5
44.5 61.5
45.5 11.5
45.5 12.5
45.5 23.5
45.5 24.5
45.5 35.5
45.5 47.5
45.5 48.5
45.5 61.5
45.5 62.5
46.5 12.5
46.5 24.5
46.5 36.5
46.5 47.5
46.5 62.5
46.5 63.5
47.5 12.5
48.5 24.5
48.5 35.5
48.5 49.5
49.5 12.5
49.5 24.5
49.5 36.5
49.5 48.5
49.5 61.5
50.5 13.5
50.5 23.5
50.5 36.5
50.5 37.5
50.5 47.5
50.5 48.5
50.5 61.5
50.5 62.5
51.5 13.5
51.5 22.5
51.5 23.5
51.5 37.5
51.5 38.5
51.5 46.5
51.5 47.5
51.5 48.5
51.5 62.5
51.5 63.5
52.5 13.5
52.5 14.5
52.5 22.5
52.5 37.5
52.5 38.5
52.5 46.5
52.5 47.5
52.5 63.5
52.5 64.5
53.5 14.5
53.5 21.5
53.5 22.5
53.5 28.5
53.5 31.5
53.5 38.5
53.5 39.5
53.5 45.5
53.5 46.5
53.5 63.5
53.5 64.5
53.5 65.5
54.5 14.5
54.5 15.5
54.5 20.5
54.5 21.5
54.5 27.5
54.5 31.5
54.5 32.5
54.5 38.5
54.5 39.5
54.5 44.5
54.5 45.5
54.5 46.5
54.5 53.5
54.5 56.5
54.5 64.5
54.5 65.5
55.5 8.5
55.5 15.5
55.5 20.5
55.5 21.5
55.5 27.5
55.5 32.5
55.5 39.5
55.5 40.5
55.5 44.5
55.5 45.5
55.5 52.5
55.5 53.5
55.5 57.5
55.5 65.5
55.5 66.5
56.5 9.5
56.5 15.5
56.5 16.5
56.5 19.5
56.5 20.5
56.5 26.5
56.5 27.5
56.5 32.5
56.5 33.5
56.5 40.5
56.5 44.5
56.5 52.5
56.5 57.5
56.5 58.5
56.5 66.5
56.5 67.5
57.5 9.5
57.5 10.5
57.5 16.5
57.5 19.5
57.5 26.5
57.5 32.5
57.5 33.5
57.5 34.5
57.5 51.5
57.5 52.5
57.5 58.5
57.5 59.5
58.5 10.5
58.5 11.5
58.5 16.5
58.5 25.5
58.5 26.5
58.5 33.5
58.5 34.5
58.5 50.5
58.5 51.5
58.5 59.5
58.5 60.5
59.5 10.5
59.5 11.5
59.5 25.5
59.5 33.5
59.5 34.5
59.5 35.5
59.5 49.5
59.5 50.5
59.5 59.5
59.5 60.5
60.5 11.5
60.5 12.5
60.5 24.5
60.5 25.5
60.5 34.5
60.5 35.5
60.5 49.5
60.5 50.5
60.5 60.5
60.5 61.5
61.5 12.5
61.5 24.5
61.5 34.5
61.5 35.5
61.5 48.5
61.5 49.5
61.5 61.5
62.5 12.5
62.5 23.5
62.5 24.5
62.5 35.5
62.5 36.5
62.5 48.5
62.5 62.5
63.5 23.5
63.5 36.5
