4.5 44.5
5.5 13.5
5.5 14.5
5.5 30.5
5.5 45.5
5.5 59.5
6.5 11.5
6.5 12.5
6.5 28.5
6.5 47.5
6.5 58.5
7.5 9.5
7.5 10.5
7.5 26.5
7.5 48.5
7.5 56.5
7.5 57.5
8.5 7.5
8.5 24.5
8.5 50.5
8.5 55.5
9.5 19.5
9.5 20.5
9.5 34.5
9.5 39.5
9.5 51.5
9.5 54.5
9.5 65.5
10.5 17.5
10.5 18.5
10.5 33.5
10.5 40.5
10.5 41.5
10.5 63.5
10.5 64.5
11.5 15.5
11.5 31.5
11.5 32.5
11.5 42.5
11.5 61.5
11.5 62.5
12.5 13.5
12.5 30.5
12.5 43.5
12.5 60.5
13.5 45.5
13.5 58.5
16.5 13.5
17.5 15.5
17.5 29.5
17.5 60.5
18.5 16.5
18.5 17.5
18.5 27.5
18.5 28.5
18.5 44.5
18.5 58.5
18.5 59.5
19.5 18.5
19.5 26.5
19.5 42.5
19.5 56.5
19.5 57.5
20.5 8.5
20.5 20.5
20.5 24.5
20.5 40.5
20.5 51.5
20.5 55.5
21.5 9.5
21.5 38.5
21.5 49.5
21.5 65.5
21.5 66.5
22.5 10.5
22.5 11.5
22.5 33.5
22.5 34.5
22.5 47.5
22.5 48.5
22.5 64.5
23.5 12.5
23.5 31.5
23.5 46.5
23.5 62.5
24.5 13.5
24.5 29.5
24.5 44.5
24.5 60.5
24.5 61.5
25.5 14.5
25.5 59.5
28.5 28.5
28.5 44.5
28.5 58.5
29.5 13.5
29.5 29.5
29.5 30.5
29.5 46.5
29.5 60.5
30.5 15.5
30.5 31.5
30.5 32.5
30.5 47.5
30.5 62.5
31.5 16.5
31.5 17.5
31.5 33.5
31.5 48.5
31.5 64.5
32.5 18.5
32.5 22.5
32.5 35.5
32.5 39.5
32.5 50.5
32.5 53.5
33.5 19.5
33.5 24.5
33.5 40.5
33.5 55.5
33.5 56.5
34.5 9.5
34.5 25.5
34.5 41.5
34.5 42.5
34.5 57.5
34.5 58.5
35.5 10.5
35.5 11.5
35.5 27.5
35.5 43.5
35.5 59.5
36.5 12.5
36.5 13.5
36.5 28.5
36.5 29.5
36.5 44.5
37.5 15.5
37.5 30.5
40.5 45.5
40.5 60.5
41.5 12.5
41.5 28.5
41.5 29.5
41.5 43.5
41.5 58.5
41.5 59.5
42.5 14.5
42.5 30.5
42.5 31.5
42.5 41.5
42.5 42.5
42.5 57.5
43.5 16.5
43.5 32.5
43.5 33.5
43.5 40.5
43.5 56.5
44.5 7.5
44.5 18.5
44.5 34.5
44.5 38.5
44.5 65.5
45.5 9.5
45.5 23.5
45.5 49.5
45.5 50.5
45.5 64.5
46.5 10.5
46.5 25.5
46.5 26.5
46.5 46.5
46.5 47.5
46.5 48.5
46.5 63.5
47.5 12.5
47.5 27.5
47.5 28.5
47.5 44.5
47.5 45.5
47.5 62.5
48.5 13.5
48.5 61.5
49.5 60.5
52.5 13.5
52.5 29.5
52.5 43.5
53.5 12.5
53.5 27.5
53.5 28.5
53.5 44.5
53.5 45.5
53.5 60.5
54.5 11.5
54.5 26.5
54.5 46.5
54.5 62.5
55.5 10.5
55.5 25.5
55.5 47.5
55.5 48.5
55.5 63.5
56.5 9.5
56.5 23.5
56.5 24.5
56.5 34.5
56.5 49.5
57.5 18.5
57.5 22.5
57.5 33.5
57.5 39.5
57.5 50.5
57.5 55.5
57.5 66.5
58.5 16.5
58.5 17.5
58.5 32.5
58.5 40.5
58.5 56.5
59.5 15.5
59.5 16.5
59.5 31.5
59.5 41.5
59.5 57.5
59.5 58.5
60.5 14.5
60.5 30.5
60.5 42.5
60.5 58.5
60.5 59.5
61.5 12.5
61.5 29.5
61.5 43.5
61.5 60.5
62.5 28.5
62.5 45.5
