4.5 12.5
4.5 22.5
4.5 35.5
4.5 36.5
5.5 12.5
5.5 13.5
5.5 21.5
5.5 22.5
5.5 34.5
5.5 35.5
5.5 47.5
5.5 48.5
5.5 62.5
6.5 13.5
6.5 14.5
6.5 20.5
6.5 21.5
6.5 32.5
6.5 33.5
6.5 34.5
6.5 46.5
6.5 47.5
6.5 62.5
6.5 63.5
7.5 14.5
7.5 15.5
7.5 20.5
7.5 32.5
7.5 33.5
7.5 45.5
7.5 46.5
7.5 63.5
7.5 64.5
8.5 40.5
8.5 45.5
8.5 64.5
9.5 8.5
9.5 25.5
9.5 26.5
9.5 39.5
9.5 57.5
10.5 8.5
10.5 9.5
10.5 24.5
10.5 25.5
10.5 38.5
10.5 39.5
10.5 51.5
10.5 52.5
10.5 58.5
10.5 59.5
11.5 9.5
11.5 10.5
11.5 23.5
11.5 24.5
11.5 37.5
11.5 38.5
11.5 50.5
11.5 51.5
11.5 59.5
11.5 60.5
12.5 10.5
12.5 49.5
12.5 50.5
12.5 60.5
12.5 61.5
13.5 61.5
16.5 11.5
16.5 24.5
17.5 10.5
17.5 25.5
17.5 26.5
17.5 34.5
17.5 35.5
17.5 48.5
18.5 9.5
18.5 26.5
18.5 27.5
18.5 33.5
18.5 34.5
18.5 49.5
18.5 50.5
18.5 62.5
18.5 63.5
19.5 8.5
19.5 33.5
19.5 50.5
19.5 51.5
19.5 63.5
19.5 64.5
20.5 15.5
20.5 20.5
20.5 40.5
20.5 64.5
20.5 65.5
21.5 14.5
21.5 20.5
21.5 21.5
21.5 22.5
21.5 39.5
21.5 45.5
21.5 57.5
22.5 13.5
22.5 14.5
22.5 21.5
22.5 22.5
22.5 23.5
22.5 38.5
22.5 39.5
22.5 45.5
22.5 46.5
22.5 58.5
22.5 59.5
23.5 13.5
23.5 14.5
23.5 23.5
23.5 24.5
23.5 37.5
23.5 38.5
23.5 47.5
23.5 59.5
23.5 60.5
24.5 13.5
28.5 25.5
28.5 37.5
28.5 49.5
28.5 59.5
28.5 60.5
29.5 11.5
29.5 12.5
29.5 25.5
29.5 26.5
29.5 38.5
29.5 49.5
29.5 50.5
29.5 58.5
29.5 59.5
30.5 10.5
30.5 11.5
30.5 26.5
30.5 27.5
30.5 38.5
30.5 39.5
30.5 50.5
30.5 51.5
30.5 58.5
30.5 59.5
31.5 9.5
31.5 10.5
31.5 26.5
31.5 27.5
31.5 28.5
31.5 33.5
31.5 39.5
31.5 51.5
31.5 52.5
31.5 57.5
31.5 58.5
32.5 27.5
32.5 28.5
32.5 33.5
32.5 34.5
32.5 64.5
33.5 34.5
33.5 44.5
33.5 45.5
33.5 63.5
33.5 64.5
34.5 15.5
34.5 16.5
34.5 21.5
34.5 34.5
34.5 35.5
34.5 45.5
34.5 46.5
34.5 47.5
34.5 62.5
34.5 63.5
35.5 13.5
35.5 14.5
35.5 15.5
35.5 21.5
35.5 22.5
35.5 35.5
35.5 47.5
35.5 48.5
35.5 62.5
36.5 12.5
36.5 13.5
36.5 14.5
36.5 22.5
36.5 23.5
36.5 35.5
36.5 61.5
37.5 24.5
41.5 12.5
41.5 13.5
41.5 35.5
41.5 47.5
41.5 48.5
41.5 62.5
42.5 13.5
42.5 14.5
42.5 25.5
42.5 26.5
42.5 34.5
42.5 46.5
42.5 47.5
42.5 63.5
43.5 14.5
43.5 15.5
43.5 26.5
43.5 27.5
43.5 33.5
43.5 45.5
43.5 46.5
43.5 64.5
44.5 8.5
44.5 15.5
44.5 28.5
44.5 40.5
44.5 65.5
45.5 8.5
45.5 9.5
45.5 20.5
45.5 39.5
45.5 40.5
45.5 52.5
45.5 57.5
45.5 58.5
46.5 9.5
46.5 10.5
46.5 21.5
46.5 22.5
46.5 38.5
46.5 39.5
46.5 51.5
46.5 58.5
46.5 59.5
47.5 10.5
47.5 22.5
47.5 23.5
47.5 24.5
47.5 37.5
47.5 38.5
47.5 50.5
47.5 51.5
47.5 59.5
47.5 60.5
48.5 50.5
48.5 60.5
52.5 11.5
52.5 24.5
52.5 37.5
53.5 10.5
53.5 11.5
53.5 23.5
53.5 24.5
53.5 36.5
53.5 37.5
53.5 48.5
53.5 61.5
53.5 62.5
54.5 9.5
54.5 10.5
54.5 22.5
54.5 23.5
54.5 35.5
54.5 36.5
54.5 47.5
54.5 62.5
54.5 63.5
55.5 9.5
55.5 21.5
55.5 22.5
55.5 34.5
55.5 35.5
55.5 46.5
55.5 47.5
55.5 63.5
55.5 64.5
55.5 65.5
56.5 16.5
56.5 21.5
56.5 33.5
56.5 46.5
56.5 65.5
57.5 15.5
57.5 16.5
57.5 28.5
57.5 41.5
58.5 15.5
58.5 27.5
58.5 28.5
58.5 40.5
58.5 51.5
58.5 57.5
58.5 58.5
59.5 14.5
59.5 15.5
59.5 27.5
59.5 39.5
59.5 40.5
59.5 50.5
59.5 51.5
59.5 58.5
59.5 59.5
59.5 60.5
60.5 14.5
60.5 26.5
60.5 38.5
60.5 39.5
60.5 50.5
60.5 59.5
60.5 60.5
60.5 61.5
61.5 49.5
61.5 50.5
