2.5 43.5
3.5 31.5
3.5 45.5
3.5 58.5
3.5 59.5
4.5 14.5
4.5 15.5
4.5 28.5
4.5 29.5
4.5 46.5
4.5 47.5
4.5 61.5
4.5 62.5
5.5 11.5
5.5 12.5
5.5 26.5
5.5 27.5
5.5 48.5
5.5 63.5
5.5 64.5
5.5 65.5
6.5 8.5
6.5 9.5
6.5 24.5
6.5 36.5
6.5 37.5
6.5 38.5
6.5 39.5
6.5 50.5
6.5 53.5
6.5 66.5
7.5 19.5
7.5 20.5
7.5 34.5
7.5 35.5
7.5 40.5
7.5 41.5
7.5 51.5
7.5 55.5
7.5 56.5
8.5 15.5
8.5 16.5
8.5 17.5
8.5 31.5
8.5 32.5
8.5 33.5
8.5 42.5
8.5 43.5
8.5 57.5
8.5 58.5
9.5 11.5
9.5 12.5
9.5 29.5
9.5 30.5
9.5 31.5
9.5 43.5
9.5 44.5
9.5 59.5
10.5 28.5
10.5 45.5
10.5 46.5
10.5 61.5
12.5 16.5
12.5 61.5
13.5 13.5
13.5 14.5
13.5 29.5
13.5 60.5
14.5 10.5
14.5 11.5
14.5 12.5
14.5 31.5
14.5 44.5
14.5 45.5
14.5 58.5
14.5 59.5
15.5 8.5
15.5 9.5
15.5 32.5
15.5 33.5
15.5 46.5
15.5 47.5
15.5 57.5
16.5 6.5
16.5 20.5
16.5 34.5
16.5 35.5
16.5 47.5
16.5 48.5
16.5 55.5
16.5 56.5
16.5 67.5
17.5 18.5
17.5 19.5
17.5 23.5
17.5 24.5
17.5 36.5
17.5 38.5
17.5 49.5
17.5 50.5
17.5 54.5
17.5 65.5
17.5 66.5
18.5 17.5
18.5 18.5
18.5 25.5
18.5 26.5
18.5 40.5
18.5 51.5
18.5 53.5
18.5 63.5
18.5 64.5
19.5 15.5
19.5 16.5
19.5 27.5
19.5 28.5
19.5 42.5
19.5 61.5
19.5 62.5
20.5 14.5
20.5 29.5
20.5 30.5
20.5 44.5
20.5 60.5
21.5 13.5
21.5 46.5
21.5 58.5
23.5 42.5
24.5 15.5
24.5 44.5
24.5 58.5
25.5 12.5
25.5 13.5
25.5 14.5
25.5 27.5
25.5 28.5
25.5 46.5
25.5 60.5
25.5 61.5
26.5 11.5
26.5 12.5
26.5 29.5
26.5 30.5
26.5 31.5
26.5 32.5
26.5 47.5
26.5 48.5
26.5 63.5
26.5 64.5
27.5 9.5
27.5 10.5
27.5 32.5
27.5 33.5
27.5 34.5
27.5 37.5
27.5 49.5
27.5 50.5
27.5 66.5
27.5 67.5
28.5 7.5
28.5 8.5
28.5 21.5
28.5 39.5
28.5 40.5
28.5 51.5
28.5 54.5
28.5 55.5
29.5 18.5
29.5 19.5
29.5 23.5
29.5 24.5
29.5 41.5
29.5 42.5
29.5 56.5
29.5 57.5
29.5 58.5
30.5 16.5
30.5 17.5
30.5 25.5
30.5 26.5
30.5 43.5
30.5 44.5
30.5 59.5
30.5 60.5
31.5 13.5
31.5 14.5
31.5 27.5
31.5 28.5
31.5 46.5
31.5 62.5
32.5 12.5
32.5 30.5
34.5 26.5
34.5 58.5
35.5 12.5
35.5 13.5
35.5 28.5
35.5 42.5
35.5 43.5
35.5 44.5
35.5 60.5
35.5 61.5
36.5 14.5
36.5 15.5
36.5 16.5
36.5 30.5
36.5 31.5
36.5 45.5
36.5 46.5
36.5 47.5
36.5 62.5
36.5 63.5
36.5 64.5
37.5 6.5
37.5 17.5
37.5 18.5
37.5 32.5
37.5 33.5
37.5 48.5
37.5 49.5
37.5 50.5
37.5 65.5
37.5 66.5
38.5 8.5
38.5 20.5
38.5 22.5
38.5 23.5
38.5 34.5
38.5 35.5
38.5 37.5
38.5 38.5
38.5 53.5
38.5 54.5
39.5 10.5
39.5 11.5
39.5 24.5
39.5 25.5
39.5 39.5
39.5 40.5
39.5 55.5
39.5 56.5
39.5 57.5
40.5 12.5
40.5 13.5
40.5 26.5
40.5 27.5
40.5 28.5
40.5 41.5
40.5 42.5
40.5 58.5
40.5 59.5
41.5 15.5
41.5 29.5
41.5 30.5
41.5 44.5
44.5 13.5
44.5 14.5
44.5 31.5
44.5 59.5
44.5 60.5
45.5 11.5
45.5 12.5
45.5 29.5
45.5 30.5
45.5 43.5
45.5 44.5
45.5 57.5
45.5 58.5
46.5 8.5
46.5 9.5
46.5 10.5
46.5 27.5
46.5 28.5
46.5 41.5
46.5 42.5
46.5 54.5
46.5 55.5
47.5 7.5
47.5 25.5
47.5 26.5
47.5 27.5
47.5 40.5
47.5 51.5
47.5 52.5
47.5 53.5
48.5 24.5
48.5 25.5
48.5 35.5
48.5 36.5
48.5 38.5
48.5 49.5
48.5 64.5
48.5 65.5
49.5 18.5
49.5 19.5
49.5 20.5
49.5 21.5
49.5 22.5
49.5 23.5
49.5 34.5
49.5 47.5
49.5 61.5
49.5 62.5
49.5 63.5
50.5 14.5
50.5 15.5
50.5 16.5
50.5 17.5
50.5 32.5
50.5 33.5
50.5 45.5
50.5 58.5
50.5 59.5
50.5 60.5
51.5 12.5
51.5 13.5
51.5 31.5
51.5 43.5
52.5 29.5
52.5 30.5
53.5 28.5
54.5 43.5
54.5 61.5
54.5 62.5
55.5 14.5
55.5 45.5
55.5 46.5
55.5 58.5
55.5 59.5
56.5 15.5
56.5 16.5
56.5 28.5
56.5 29.5
56.5 30.5
56.5 47.5
56.5 48.5
56.5 49.5
56.5 55.5
56.5 56.5
56.5 57.5
57.5 6.5
57.5 17.5
57.5 18.5
57.5 31.5
57.5 32.5
57.5 33.5
57.5 50.5
57.5 51.5
57.5 53.5
57.5 54.5
58.5 8.5
58.5 9.5
58.5 19.5
58.5 20.5
58.5 34.5
58.5 35.5
58.5 36.5
58.5 37.5
58.5 38.5
58.5 67.5
59.5 10.5
59.5 11.5
59.5 22.5
59.5 23.5
59.5 24.5
59.5 39.5
59.5 40.5
59.5 41.5
59.5 63.5
59.5 64.5
59.5 65.5
60.5 12.5
60.5 13.5
60.5 25.5
60.5 26.5
60.5 42.5
60.5 43.5
60.5 44.5
60.5 60.5
60.5 61.5
60.5 62.5
61.5 15.5
61.5 28.5
61.5 29.5
61.5 46.5
61.5 57.5
61.5 58.5
62.5 31.5
