3.5 14.5
3.5 15.5
4.5 17.5
4.5 26.5
4.5 27.5
5.5 24.5
5.5 41.5
5.5 42.5
5.5 61.5
5.5 62.5
6.5 64.5
6.5 65.5
7.5 10.5
7.5 11.5
7.5 32.5
8.5 12.5
8.5 13.5
8.5 29.5
9.5 45.5
9.5 46.5
9.5 47.5
9.5 55.5
9.5 56.5
10.5 58.5
10.5 59.5
13.5 14.5
13.5 27.5
14.5 16.5
14.5 17.5
14.5 25.5
14.5 26.5
16.5 39.5
16.5 40.5
16.5 41.5
16.5 42.5
16.5 63.5
16.5 64.5
17.5 9.5
17.5 34.5
18.5 11.5
18.5 12.5
18.5 31.5
18.5 32.5
18.5 33.5
20.5 48.5
20.5 56.5
20.5 57.5
20.5 58.5
21.5 46.5
24.5 14.5
24.5 31.5
25.5 16.5
25.5 17.5
25.5 32.5
26.5 18.5
26.5 34.5
26.5 45.5
26.5 61.5
26.5 62.5
27.5 8.5
27.5 42.5
27.5 43.5
28.5 10.5
28.5 25.5
28.5 26.5
29.5 11.5
29.5 27.5
29.5 28.5
30.5 30.5
30.5 47.5
30.5 48.5
30.5 57.5
30.5 58.5
31.5 45.5
35.5 14.5
35.5 46.5
35.5 60.5
36.5 16.5
36.5 30.5
36.5 31.5
36.5 47.5
36.5 63.5
37.5 32.5
37.5 33.5
37.5 49.5
38.5 9.5
38.5 22.5
38.5 54.5
39.5 10.5
39.5 11.5
39.5 24.5
39.5 40.5
39.5 41.5
39.5 56.5
39.5 57.5
40.5 26.5
40.5 42.5
40.5 43.5
40.5 44.5
41.5 28.5
45.5 12.5
45.5 58.5
46.5 10.5
46.5 24.5
46.5 25.5
46.5 26.5
46.5 43.5
46.5 56.5
47.5 8.5
47.5 41.5
47.5 55.5
48.5 17.5
48.5 39.5
48.5 54.5
49.5 15.5
49.5 49.5
49.5 63.5
50.5 14.5
50.5 29.5
50.5 30.5
50.5 31.5
50.5 47.5
50.5 61.5
50.5 62.5
51.5 46.5
51.5 60.5
55.5 15.5
56.5 17.5
56.5 25.5
56.5 26.5
56.5 27.5
56.5 60.5
57.5 18.5
57.5 42.5
57.5 43.5
57.5 57.5
57.5 58.5
58.5 40.5
58.5 41.5
58.5 55.5
59.5 11.5
59.5 35.5
60.5 13.5
60.5 32.5
60.5 33.5
60.5 48.5
60.5 63.5
60.5 64.5
61.5 46.5
61.5 61.5
61.5 62.5
