3.5 12.5
3.5 29.5
4.5 14.5
4.5 15.5
4.5 29.5
4.5 30.5
4.5 44.5
4.5 45.5
4.5 58.5
4.5 59.5
5.5 15.5
5.5 16.5
5.5 31.5
5.5 32.5
5.5 46.5
5.5 60.5
5.5 61.5
6.5 17.5
6.5 18.5
6.5 32.5
6.5 33.5
6.5 47.5
6.5 61.5
6.5 62.5
6.5 63.5
7.5 6.5
7.5 7.5
7.5 19.5
7.5 20.5
7.5 22.5
7.5 33.5
7.5 34.5
7.5 48.5
7.5 63.5
7.5 64.5
8.5 8.5
8.5 9.5
8.5 23.5
8.5 24.5
8.5 34.5
8.5 35.5
8.5 40.5
8.5 49.5
8.5 52.5
8.5 65.5
8.5 66.5
9.5 9.5
9.5 10.5
9.5 11.5
9.5 24.5
9.5 25.5
9.5 36.5
9.5 41.5
9.5 50.5
9.5 53.5
9.5 54.5
9.5 67.5
10.5 11.5
10.5 12.5
10.5 26.5
10.5 27.5
10.5 42.5
10.5 55.5
10.5 56.5
11.5 13.5
11.5 14.5
11.5 28.5
11.5 29.5
11.5 43.5
11.5 57.5
11.5 58.5
12.5 29.5
12.5 30.5
12.5 44.5
12.5 59.5
12.5 60.5
13.5 31.5
13.5 45.5
13.5 61.5
14.5 14.5
15.5 13.5
16.5 12.5
17.5 11.5
17.5 12.5
17.5 29.5
17.5 30.5
17.5 31.5
17.5 44.5
17.5 45.5
17.5 59.5
17.5 60.5
17.5 61.5
18.5 10.5
18.5 11.5
18.5 26.5
18.5 27.5
18.5 28.5
18.5 29.5
18.5 46.5
18.5 47.5
18.5 56.5
18.5 57.5
18.5 58.5
19.5 9.5
19.5 10.5
19.5 19.5
19.5 24.5
19.5 25.5
19.5 26.5
19.5 48.5
19.5 49.5
19.5 54.5
19.5 55.5
20.5 8.5
20.5 9.5
20.5 18.5
20.5 22.5
20.5 23.5
20.5 24.5
20.5 50.5
20.5 51.5
20.5 65.5
20.5 66.5
21.5 8.5
21.5 17.5
21.5 35.5
21.5 36.5
21.5 38.5
21.5 39.5
21.5 63.5
21.5 64.5
22.5 7.5
22.5 16.5
22.5 17.5
22.5 33.5
22.5 34.5
22.5 40.5
22.5 41.5
22.5 42.5
22.5 43.5
22.5 61.5
22.5 62.5
23.5 15.5
23.5 16.5
23.5 31.5
23.5 32.5
23.5 43.5
23.5 44.5
23.5 45.5
23.5 60.5
24.5 14.5
24.5 15.5
24.5 29.5
24.5 30.5
24.5 58.5
25.5 14.5
25.5 28.5
26.5 13.5
27.5 12.5
27.5 42.5
27.5 60.5
28.5 27.5
28.5 44.5
28.5 45.5
28.5 58.5
28.5 59.5
29.5 12.5
29.5 28.5
29.5 29.5
29.5 45.5
29.5 46.5
29.5 47.5
29.5 57.5
29.5 58.5
30.5 13.5
30.5 14.5
30.5 30.5
30.5 31.5
30.5 32.5
30.5 47.5
30.5 48.5
30.5 49.5
30.5 56.5
31.5 14.5
31.5 15.5
31.5 32.5
31.5 33.5
31.5 49.5
31.5 50.5
31.5 51.5
31.5 54.5
31.5 55.5
31.5 65.5
32.5 16.5
32.5 17.5
32.5 34.5
32.5 35.5
32.5 38.5
32.5 39.5
32.5 52.5
32.5 53.5
32.5 64.5
33.5 17.5
33.5 18.5
33.5 22.5
33.5 23.5
33.5 40.5
33.5 41.5
33.5 63.5
34.5 7.5
34.5 8.5
34.5 19.5
34.5 24.5
34.5 25.5
34.5 42.5
34.5 43.5
34.5 62.5
34.5 63.5
35.5 9.5
35.5 10.5
35.5 26.5
35.5 27.5
35.5 28.5
35.5 44.5
35.5 45.5
35.5 61.5
36.5 11.5
36.5 12.5
36.5 28.5
36.5 29.5
36.5 46.5
36.5 60.5
37.5 13.5
37.5 14.5
37.5 31.5
37.5 59.5
38.5 15.5
38.5 58.5
39.5 43.5
40.5 44.5
40.5 45.5
40.5 61.5
41.5 15.5
41.5 27.5
41.5 28.5
41.5 45.5
41.5 46.5
41.5 59.5
41.5 60.5
42.5 10.5
42.5 11.5
42.5 12.5
42.5 13.5
42.5 29.5
42.5 30.5
42.5 31.5
42.5 46.5
42.5 47.5
42.5 58.5
42.5 59.5
43.5 7.5
43.5 8.5
43.5 9.5
43.5 10.5
43.5 31.5
43.5 32.5
43.5 33.5
43.5 37.5
43.5 47.5
43.5 48.5
43.5 56.5
43.5 57.5
44.5 33.5
44.5 34.5
44.5 35.5
44.5 38.5
44.5 39.5
44.5 49.5
44.5 55.5
44.5 56.5
45.5 17.5
45.5 18.5
45.5 22.5
45.5 36.5
45.5 39.5
45.5 40.5
45.5 50.5
45.5 54.5
46.5 15.5
46.5 16.5
46.5 23.5
46.5 24.5
46.5 25.5
46.5 40.5
46.5 41.5
46.5 53.5
46.5 65.5
46.5 66.5
47.5 14.5
47.5 15.5
47.5 25.5
47.5 26.5
47.5 27.5
47.5 42.5
47.5 63.5
47.5 64.5
48.5 12.5
48.5 28.5
48.5 29.5
48.5 43.5
48.5 44.5
48.5 60.5
48.5 61.5
48.5 62.5
49.5 30.5
49.5 44.5
49.5 45.5
49.5 59.5
50.5 46.5
50.5 57.5
51.5 13.5
52.5 12.5
52.5 30.5
52.5 31.5
53.5 11.5
53.5 28.5
53.5 29.5
53.5 45.5
53.5 58.5
53.5 59.5
54.5 10.5
54.5 26.5
54.5 27.5
54.5 28.5
54.5 43.5
54.5 44.5
54.5 60.5
54.5 61.5
55.5 9.5
55.5 25.5
55.5 26.5
55.5 42.5
55.5 43.5
55.5 62.5
55.5 63.5
56.5 8.5
56.5 23.5
56.5 24.5
56.5 40.5
56.5 41.5
56.5 42.5
56.5 51.5
56.5 64.5
56.5 65.5
57.5 7.5
57.5 18.5
57.5 19.5
57.5 20.5
57.5 22.5
57.5 35.5
57.5 36.5
57.5 39.5
57.5 40.5
57.5 50.5
57.5 52.5
57.5 53.5
57.5 67.5
58.5 15.5
58.5 16.5
58.5 17.5
58.5 18.5
58.5 33.5
58.5 34.5
58.5 38.5
58.5 49.5
58.5 54.5
58.5 55.5
59.5 13.5
59.5 14.5
59.5 15.5
59.5 16.5
59.5 32.5
59.5 33.5
59.5 48.5
59.5 56.5
59.5 57.5
60.5 11.5
60.5 12.5
60.5 13.5
60.5 31.5
60.5 32.5
60.5 46.5
60.5 47.5
60.5 58.5
60.5 59.5
61.5 30.5
61.5 31.5
61.5 45.5
61.5 46.5
61.5 60.5
61.5 61.5
62.5 29.5
62.5 44.5
62.5 45.5
