4.5 39.5
4.5 55.5
4.5 56.5
5.5 13.5
5.5 14.5
5.5 15.5
5.5 16.5
5.5 17.5
5.5 38.5
5.5 39.5
5.5 40.5
5.5 41.5
5.5 53.5
5.5 54.5
5.5 55.5
5.5 56.5
5.5 57.5
6.5 11.5
6.5 12.5
6.5 13.5
6.5 14.5
6.5 15.5
6.5 16.5
6.5 17.5
6.5 38.5
6.5 39.5
6.5 40.5
6.5 41.5
6.5 42.5
6.5 43.5
6.5 52.5
6.5 53.5
6.5 54.5
6.5 55.5
6.5 56.5
6.5 57.5
7.5 11.5
7.5 12.5
7.5 13.5
7.5 14.5
7.5 15.5
7.5 16.5
7.5 39.5
7.5 40.5
7.5 41.5
7.5 42.5
7.5 43.5
7.5 44.5
7.5 51.5
7.5 52.5
7.5 53.5
7.5 54.5
7.5 55.5
7.5 56.5
8.5 10.5
8.5 11.5
8.5 12.5
8.5 13.5
8.5 14.5
8.5 15.5
8.5 40.5
8.5 41.5
8.5 42.5
8.5 43.5
8.5 44.5
8.5 51.5
8.5 52.5
8.5 53.5
8.5 54.5
8.5 55.5
9.5 42.5
9.5 43.5
9.5 52.5
9.5 53.5
10.5 21.5
10.5 22.5
10.5 23.5
10.5 31.5
10.5 32.5
10.5 33.5
10.5 34.5
10.5 61.5
10.5 62.5
10.5 63.5
10.5 64.5
10.5 65.5
11.5 19.5
11.5 20.5
11.5 21.5
11.5 22.5
11.5 23.5
11.5 30.5
11.5 31.5
11.5 32.5
11.5 33.5
11.5 34.5
11.5 35.5
11.5 36.5
11.5 59.5
11.5 60.5
11.5 61.5
11.5 62.5
11.5 63.5
11.5 64.5
12.5 18.5
12.5 19.5
12.5 20.5
12.5 21.5
12.5 22.5
12.5 23.5
12.5 31.5
12.5 32.5
12.5 33.5
12.5 34.5
12.5 35.5
12.5 36.5
12.5 37.5
12.5 59.5
12.5 60.5
12.5 61.5
12.5 62.5
12.5 63.5
12.5 64.5
13.5 17.5
13.5 18.5
13.5 19.5
13.5 20.5
13.5 21.5
13.5 22.5
13.5 32.5
13.5 33.5
13.5 34.5
13.5 35.5
13.5 36.5
13.5 37.5
13.5 58.5
13.5 59.5
13.5 60.5
13.5 61.5
13.5 62.5
14.5 18.5
14.5 19.5
14.5 20.5
14.5 33.5
14.5 34.5
14.5 35.5
14.5 36.5
14.5 37.5
14.5 59.5
14.5 60.5
19.5 59.5
19.5 60.5
20.5 14.5
20.5 15.5
20.5 16.5
20.5 36.5
20.5 58.5
20.5 59.5
20.5 60.5
20.5 61.5
20.5 62.5
21.5 12.5
21.5 13.5
21.5 14.5
21.5 15.5
21.5 16.5
21.5 33.5
21.5 34.5
21.5 35.5
21.5 36.5
21.5 37.5
21.5 58.5
21.5 59.5
21.5 60.5
21.5 61.5
21.5 62.5
21.5 63.5
21.5 64.5
22.5 11.5
22.5 12.5
22.5 13.5
22.5 14.5
22.5 15.5
22.5 16.5
22.5 32.5
22.5 33.5
22.5 34.5
22.5 35.5
22.5 36.5
22.5 37.5
22.5 59.5
22.5 60.5
22.5 61.5
22.5 62.5
22.5 63.5
22.5 64.5
23.5 11.5
23.5 12.5
23.5 13.5
23.5 14.5
23.5 15.5
23.5 31.5
23.5 32.5
23.5 33.5
23.5 34.5
23.5 35.5
23.5 36.5
23.5 60.5
23.5 61.5
23.5 62.5
23.5 63.5
23.5 64.5
24.5 11.5
24.5 12.5
24.5 13.5
24.5 14.5
24.5 30.5
24.5 31.5
24.5 32.5
24.5 33.5
24.5 34.5
24.5 35.5
24.5 63.5
25.5 30.5
25.5 31.5
25.5 32.5
25.5 33.5
25.5 34.5
25.5 53.5
26.5 20.5
26.5 21.5
26.5 22.5
26.5 23.5
26.5 42.5
26.5 43.5
26.5 44.5
26.5 52.5
26.5 53.5
26.5 54.5
26.5 55.5
27.5 18.5
27.5 19.5
27.5 20.5
27.5 21.5
27.5 22.5
27.5 23.5
27.5 40.5
27.5 41.5
27.5 42.5
27.5 43.5
27.5 44.5
27.5 52.5
27.5 53.5
27.5 54.5
27.5 55.5
27.5 56.5
28.5 17.5
28.5 18.5
28.5 19.5
28.5 20.5
28.5 21.5
28.5 22.5
28.5 23.5
28.5 39.5
28.5 40.5
28.5 41.5
28.5 42.5
28.5 43.5
28.5 44.5
28.5 52.5
28.5 53.5
28.5 54.5
28.5 55.5
28.5 56.5
28.5 57.5
29.5 17.5
29.5 18.5
29.5 19.5
29.5 20.5
29.5 21.5
29.5 22.5
29.5 38.5
29.5 39.5
29.5 40.5
29.5 41.5
29.5 42.5
29.5 43.5
29.5 44.5
29.5 53.5
29.5 54.5
29.5 55.5
29.5 56.5
29.5 57.5
30.5 17.5
30.5 18.5
30.5 19.5
30.5 20.5
30.5 21.5
30.5 38.5
30.5 39.5
30.5 40.5
30.5 41.5
30.5 42.5
30.5 43.5
30.5 54.5
30.5 55.5
30.5 56.5
30.5 57.5
31.5 38.5
31.5 39.5
31.5 40.5
31.5 41.5
31.5 42.5
36.5 13.5
36.5 14.5
36.5 15.5
36.5 16.5
36.5 17.5
36.5 59.5
36.5 60.5
36.5 61.5
37.5 12.5
37.5 13.5
37.5 14.5
37.5 15.5
37.5 16.5
37.5 17.5
37.5 38.5
37.5 39.5
37.5 40.5
37.5 58.5
37.5 59.5
37.5 60.5
37.5 61.5
37.5 62.5
37.5 63.5
38.5 11.5
38.5 12.5
38.5 13.5
38.5 14.5
38.5 15.5
38.5 16.5
38.5 38.5
38.5 39.5
38.5 40.5
38.5 41.5
38.5 42.5
38.5 59.5
38.5 60.5
38.5 61.5
38.5 62.5
38.5 63.5
38.5 64.5
39.5 10.5
39.5 11.5
39.5 12.5
39.5 13.5
39.5 14.5
39.5 39.5
39.5 40.5
39.5 41.5
39.5 42.5
39.5 43.5
39.5 44.5
39.5 59.5
39.5 60.5
39.5 61.5
39.5 62.5
39.5 63.5
39.5 64.5
40.5 40.5
40.5 41.5
40.5 42.5
40.5 43.5
40.5 44.5
40.5 61.5
40.5 62.5
40.5 63.5
40.5 64.5
41.5 20.5
41.5 21.5
41.5 22.5
41.5 23.5
41.5 31.5
41.5 32.5
41.5 33.5
42.5 18.5
42.5 19.5
42.5 20.5
42.5 21.5
42.5 22.5
42.5 23.5
42.5 30.5
42.5 31.5
42.5 32.5
42.5 33.5
42.5 34.5
42.5 35.5
42.5 52.5
42.5 53.5
42.5 54.5
42.5 55.5
43.5 17.5
43.5 18.5
43.5 19.5
43.5 20.5
43.5 21.5
43.5 22.5
43.5 31.5
43.5 32.5
43.5 33.5
43.5 34.5
43.5 35.5
43.5 36.5
43.5 52.5
43.5 53.5
43.5 54.5
43.5 55.5
43.5 56.5
43.5 57.5
44.5 17.5
44.5 18.5
44.5 19.5
44.5 20.5
44.5 32.5
44.5 33.5
44.5 34.5
44.5 35.5
44.5 36.5
44.5 37.5
44.5 53.5
44.5 54.5
44.5 55.5
44.5 56.5
44.5 57.5
44.5 58.5
45.5 35.5
45.5 36.5
45.5 55.5
45.5 56.5
45.5 57.5
45.5 58.5
50.5 13.5
50.5 14.5
50.5 15.5
50.5 35.5
50.5 36.5
50.5 56.5
50.5 57.5
51.5 12.5
51.5 13.5
51.5 14.5
51.5 15.5
51.5 16.5
51.5 32.5
51.5 33.5
51.5 34.5
51.5 35.5
51.5 36.5
51.5 37.5
51.5 54.5
51.5 55.5
51.5 56.5
51.5 57.5
51.5 58.5
52.5 11.5
52.5 12.5
52.5 13.5
52.5 14.5
52.5 15.5
52.5 16.5
52.5 31.5
52.5 32.5
52.5 33.5
52.5 34.5
52.5 35.5
52.5 36.5
52.5 52.5
52.5 53.5
52.5 54.5
52.5 55.5
52.5 56.5
52.5 57.5
52.5 58.5
53.5 10.5
53.5 11.5
53.5 12.5
53.5 13.5
53.5 14.5
53.5 15.5
53.5 30.5
53.5 31.5
53.5 32.5
53.5 33.5
53.5 34.5
53.5 35.5
53.5 36.5
53.5 51.5
53.5 52.5
53.5 53.5
53.5 54.5
53.5 55.5
53.5 56.5
53.5 57.5
54.5 10.5
54.5 11.5
54.5 12.5
54.5 13.5
54.5 14.5
54.5 30.5
54.5 31.5
54.5 32.5
54.5 33.5
54.5 34.5
54.5 51.5
54.5 52.5
54.5 53.5
54.5 54.5
54.5 55.5
55.5 10.5
55.5 11.5
55.5 12.5
55.5 13.5
55.5 31.5
55.5 32.5
55.5 42.5
55.5 43.5
55.5 44.5
56.5 20.5
56.5 21.5
56.5 22.5
56.5 23.5
56.5 40.5
56.5 41.5
56.5 42.5
56.5 43.5
56.5 44.5
56.5 61.5
56.5 62.5
56.5 63.5
56.5 64.5
57.5 19.5
57.5 20.5
57.5 21.5
57.5 22.5
57.5 23.5
57.5 39.5
57.5 40.5
57.5 41.5
57.5 42.5
57.5 43.5
57.5 60.5
57.5 61.5
57.5 62.5
57.5 63.5
57.5 64.5
58.5 18.5
58.5 19.5
58.5 20.5
58.5 21.5
58.5 22.5
58.5 38.5
58.5 39.5
58.5 40.5
58.5 41.5
58.5 42.5
58.5 43.5
58.5 59.5
58.5 60.5
58.5 61.5
58.5 62.5
58.5 63.5
58.5 64.5
59.5 17.5
59.5 18.5
59.5 19.5
59.5 20.5
59.5 21.5
59.5 37.5
59.5 38.5
59.5 39.5
59.5 40.5
59.5 41.5
59.5 58.5
59.5 59.5
59.5 60.5
59.5 61.5
59.5 62.5
59.5 63.5
60.5 17.5
60.5 18.5
60.5 19.5
60.5 20.5
60.5 38.5
60.5 39.5
60.5 58.5
60.5 59.5
60.5 60.5
60.5 61.5
