3.5 14.5
3.5 59.5
4.5 12.5
4.5 13.5
4.5 14.5
4.5 30.5
4.5 43.5
4.5 44.5
4.5 57.5
4.5 58.5
5.5 10.5
5.5 11.5
5.5 12.5
5.5 27.5
5.5 28.5
5.5 29.5
5.5 30.5
5.5 44.5
5.5 45.5
5.5 56.5
5.5 57.5
5.5 58.5
6.5 9.5
6.5 10.5
6.5 11.5
6.5 25.5
6.5 26.5
6.5 27.5
6.5 28.5
6.5 44.5
6.5 45.5
6.5 46.5
6.5 47.5
6.5 55.5
6.5 56.5
6.5 57.5
7.5 8.5
7.5 9.5
7.5 10.5
7.5 19.5
7.5 20.5
7.5 23.5
7.5 24.5
7.5 25.5
7.5 26.5
7.5 45.5
7.5 46.5
7.5 47.5
7.5 48.5
7.5 55.5
7.5 56.5
8.5 7.5
8.5 8.5
8.5 17.5
8.5 18.5
8.5 19.5
8.5 23.5
8.5 24.5
8.5 47.5
8.5 48.5
8.5 49.5
8.5 54.5
8.5 55.5
8.5 64.5
8.5 65.5
9.5 16.5
9.5 17.5
9.5 18.5
9.5 33.5
9.5 34.5
9.5 35.5
9.5 38.5
9.5 39.5
9.5 48.5
9.5 49.5
9.5 53.5
9.5 54.5
9.5 62.5
9.5 63.5
9.5 64.5
10.5 15.5
10.5 16.5
10.5 17.5
10.5 31.5
10.5 32.5
10.5 33.5
10.5 39.5
10.5 40.5
10.5 41.5
10.5 61.5
10.5 62.5
10.5 63.5
11.5 14.5
11.5 15.5
11.5 30.5
11.5 31.5
11.5 32.5
11.5 40.5
11.5 41.5
11.5 42.5
11.5 60.5
11.5 61.5
11.5 62.5
12.5 13.5
12.5 14.5
12.5 28.5
12.5 29.5
12.5 30.5
12.5 42.5
12.5 43.5
12.5 59.5
12.5 60.5
12.5 61.5
13.5 43.5
13.5 44.5
13.5 58.5
13.5 59.5
16.5 13.5
16.5 14.5
16.5 15.5
16.5 28.5
16.5 29.5
16.5 30.5
17.5 11.5
17.5 12.5
17.5 13.5
17.5 14.5
17.5 30.5
17.5 31.5
17.5 32.5
17.5 43.5
17.5 44.5
17.5 45.5
17.5 59.5
17.5 60.5
18.5 10.5
18.5 11.5
18.5 12.5
18.5 32.5
18.5 33.5
18.5 34.5
18.5 39.5
18.5 40.5
18.5 41.5
18.5 42.5
18.5 43.5
18.5 57.5
18.5 58.5
18.5 59.5
19.5 9.5
19.5 10.5
19.5 11.5
19.5 34.5
19.5 35.5
19.5 38.5
19.5 39.5
19.5 40.5
19.5 55.5
19.5 56.5
19.5 57.5
19.5 58.5
20.5 8.5
20.5 18.5
20.5 19.5
20.5 20.5
20.5 23.5
20.5 24.5
20.5 25.5
20.5 54.5
20.5 55.5
20.5 56.5
20.5 65.5
20.5 66.5
21.5 16.5
21.5 17.5
21.5 18.5
21.5 19.5
21.5 24.5
21.5 25.5
21.5 26.5
21.5 27.5
21.5 28.5
21.5 48.5
21.5 49.5
21.5 50.5
21.5 53.5
21.5 63.5
21.5 64.5
21.5 65.5
22.5 15.5
22.5 16.5
22.5 17.5
22.5 26.5
22.5 27.5
22.5 28.5
22.5 29.5
22.5 44.5
22.5 45.5
22.5 46.5
22.5 47.5
22.5 48.5
22.5 49.5
22.5 61.5
22.5 62.5
22.5 63.5
22.5 64.5
23.5 14.5
23.5 15.5
23.5 16.5
23.5 29.5
23.5 30.5
23.5 43.5
23.5 44.5
23.5 45.5
23.5 60.5
23.5 61.5
23.5 62.5
24.5 13.5
24.5 14.5
24.5 59.5
27.5 28.5
27.5 29.5
27.5 44.5
27.5 45.5
28.5 13.5
28.5 14.5
28.5 15.5
28.5 29.5
28.5 30.5
28.5 31.5
28.5 45.5
28.5 46.5
28.5 47.5
28.5 60.5
28.5 61.5
29.5 14.5
29.5 15.5
29.5 16.5
29.5 30.5
29.5 31.5
29.5 32.5
29.5 46.5
29.5 47.5
29.5 48.5
29.5 61.5
29.5 62.5
29.5 63.5
30.5 16.5
30.5 17.5
30.5 18.5
30.5 31.5
30.5 32.5
30.5 33.5
30.5 38.5
30.5 39.5
30.5 48.5
30.5 49.5
30.5 62.5
30.5 63.5
30.5 64.5
30.5 65.5
31.5 17.5
31.5 18.5
31.5 19.5
31.5 32.5
31.5 33.5
31.5 34.5
31.5 39.5
31.5 40.5
31.5 50.5
31.5 53.5
31.5 63.5
31.5 64.5
31.5 65.5
31.5 66.5
32.5 7.5
32.5 8.5
32.5 19.5
32.5 20.5
32.5 23.5
32.5 24.5
32.5 34.5
32.5 35.5
32.5 40.5
32.5 41.5
32.5 42.5
32.5 54.5
32.5 55.5
32.5 56.5
32.5 65.5
32.5 66.5
32.5 67.5
33.5 8.5
33.5 9.5
33.5 10.5
33.5 11.5
33.5 24.5
33.5 25.5
33.5 26.5
33.5 41.5
33.5 42.5
33.5 43.5
33.5 55.5
33.5 56.5
33.5 57.5
34.5 9.5
34.5 10.5
34.5 11.5
34.5 12.5
34.5 25.5
34.5 26.5
34.5 27.5
34.5 42.5
34.5 43.5
34.5 44.5
34.5 57.5
34.5 58.5
34.5 59.5
35.5 10.5
35.5 11.5
35.5 12.5
35.5 13.5
35.5 14.5
35.5 27.5
35.5 28.5
35.5 29.5
35.5 43.5
35.5 44.5
35.5 45.5
35.5 59.5
35.5 60.5
36.5 12.5
36.5 13.5
36.5 14.5
36.5 29.5
36.5 30.5
36.5 45.5
36.5 61.5
40.5 15.5
40.5 29.5
40.5 30.5
40.5 44.5
40.5 45.5
40.5 59.5
40.5 60.5
40.5 61.5
41.5 13.5
41.5 14.5
41.5 27.5
41.5 28.5
41.5 29.5
41.5 45.5
41.5 46.5
41.5 47.5
41.5 57.5
41.5 58.5
41.5 59.5
41.5 60.5
42.5 11.5
42.5 12.5
42.5 13.5
42.5 26.5
42.5 27.5
42.5 28.5
42.5 46.5
42.5 47.5
42.5 48.5
42.5 55.5
42.5 56.5
42.5 57.5
42.5 58.5
42.5 59.5
43.5 10.5
43.5 11.5
43.5 12.5
43.5 25.5
43.5 26.5
43.5 27.5
43.5 47.5
43.5 48.5
43.5 49.5
43.5 54.5
43.5 55.5
43.5 56.5
43.5 57.5
44.5 9.5
44.5 10.5
44.5 11.5
44.5 19.5
44.5 20.5
44.5 24.5
44.5 25.5
44.5 48.5
44.5 49.5
44.5 50.5
44.5 54.5
44.5 55.5
45.5 8.5
45.5 9.5
45.5 18.5
45.5 19.5
45.5 23.5
45.5 34.5
45.5 35.5
45.5 39.5
45.5 40.5
45.5 64.5
45.5 65.5
45.5 66.5
46.5 16.5
46.5 17.5
46.5 18.5
46.5 32.5
46.5 33.5
46.5 34.5
46.5 40.5
46.5 41.5
46.5 42.5
46.5 63.5
46.5 64.5
46.5 65.5
47.5 16.5
47.5 17.5
47.5 31.5
47.5 32.5
47.5 33.5
47.5 41.5
47.5 42.5
47.5 43.5
47.5 61.5
47.5 62.5
47.5 63.5
47.5 64.5
48.5 15.5
48.5 16.5
48.5 29.5
48.5 30.5
48.5 31.5
48.5 32.5
48.5 42.5
48.5 43.5
48.5 44.5
48.5 60.5
48.5 61.5
48.5 62.5
49.5 14.5
49.5 15.5
49.5 28.5
49.5 29.5
49.5 30.5
49.5 44.5
49.5 45.5
49.5 59.5
49.5 60.5
53.5 14.5
53.5 15.5
53.5 30.5
53.5 45.5
53.5 46.5
53.5 59.5
53.5 60.5
54.5 15.5
54.5 16.5
54.5 28.5
54.5 29.5
54.5 30.5
54.5 43.5
54.5 44.5
54.5 45.5
54.5 60.5
54.5 61.5
54.5 62.5
55.5 16.5
55.5 17.5
55.5 26.5
55.5 27.5
55.5 28.5
55.5 41.5
55.5 42.5
55.5 43.5
55.5 44.5
55.5 61.5
55.5 62.5
55.5 63.5
55.5 64.5
56.5 17.5
56.5 18.5
56.5 24.5
56.5 25.5
56.5 26.5
56.5 27.5
56.5 40.5
56.5 41.5
56.5 42.5
56.5 63.5
56.5 64.5
56.5 65.5
57.5 18.5
57.5 19.5
57.5 23.5
57.5 24.5
57.5 25.5
57.5 36.5
57.5 39.5
57.5 40.5
57.5 50.5
57.5 51.5
57.5 54.5
57.5 55.5
57.5 65.5
57.5 66.5
58.5 8.5
58.5 9.5
58.5 10.5
58.5 20.5
58.5 23.5
58.5 33.5
58.5 34.5
58.5 35.5
58.5 48.5
58.5 49.5
58.5 50.5
58.5 55.5
58.5 56.5
58.5 57.5
59.5 9.5
59.5 10.5
59.5 11.5
59.5 31.5
59.5 32.5
59.5 33.5
59.5 34.5
59.5 47.5
59.5 48.5
59.5 49.5
59.5 56.5
59.5 57.5
59.5 58.5
60.5 10.5
60.5 11.5
60.5 12.5
60.5 13.5
60.5 30.5
60.5 31.5
60.5 32.5
60.5 46.5
60.5 47.5
60.5 48.5
60.5 57.5
60.5 58.5
60.5 59.5
60.5 60.5
61.5 11.5
61.5 12.5
61.5 13.5
61.5 14.5
61.5 28.5
61.5 29.5
61.5 30.5
61.5 45.5
61.5 46.5
61.5 59.5
61.5 60.5
61.5 61.5
62.5 13.5
62.5 14.5
