2.5 12.5
2.5 20.5
3.5 11.5
3.5 21.5
3.5 31.5
3.5 32.5
3.5 41.5
3.5 42.5
3.5 52.5
3.5 63.5
4.5 9.5
4.5 10.5
4.5 21.5
4.5 22.5
4.5 31.5
4.5 32.5
4.5 33.5
4.5 42.5
4.5 43.5
4.5 51.5
4.5 62.5
4.5 63.5
5.5 8.5
5.5 9.5
5.5 22.5
5.5 23.5
5.5 32.5
5.5 33.5
5.5 34.5
5.5 43.5
5.5 44.5
5.5 50.5
5.5 61.5
5.5 62.5
6.5 8.5
6.5 14.5
6.5 15.5
6.5 18.5
6.5 23.5
6.5 24.5
6.5 26.5
6.5 27.5
6.5 34.5
6.5 35.5
6.5 38.5
6.5 44.5
6.5 45.5
6.5 49.5
6.5 60.5
6.5 61.5
6.5 62.5
6.5 67.5
7.5 13.5
7.5 14.5
7.5 18.5
7.5 19.5
7.5 24.5
7.5 27.5
7.5 28.5
7.5 35.5
7.5 38.5
7.5 39.5
7.5 40.5
7.5 45.5
7.5 46.5
7.5 48.5
7.5 59.5
7.5 60.5
7.5 61.5
7.5 66.5
8.5 12.5
8.5 13.5
8.5 14.5
8.5 18.5
8.5 19.5
8.5 28.5
8.5 29.5
8.5 30.5
8.5 39.5
8.5 40.5
8.5 41.5
8.5 53.5
8.5 54.5
8.5 55.5
8.5 56.5
8.5 57.5
8.5 59.5
8.5 60.5
8.5 65.5
8.5 66.5
9.5 11.5
9.5 12.5
9.5 13.5
9.5 19.5
9.5 20.5
9.5 29.5
9.5 30.5
9.5 40.5
9.5 41.5
9.5 51.5
9.5 52.5
9.5 53.5
9.5 54.5
9.5 55.5
9.5 56.5
9.5 57.5
9.5 65.5
10.5 11.5
10.5 12.5
10.5 20.5
10.5 30.5
10.5 31.5
10.5 41.5
10.5 42.5
10.5 53.5
10.5 64.5
10.5 65.5
11.5 20.5
11.5 64.5
12.5 63.5
13.5 10.5
13.5 11.5
13.5 20.5
13.5 30.5
13.5 31.5
13.5 41.5
13.5 42.5
14.5 9.5
14.5 10.5
14.5 11.5
14.5 21.5
14.5 22.5
14.5 29.5
14.5 30.5
14.5 39.5
14.5 40.5
14.5 41.5
14.5 51.5
14.5 52.5
14.5 53.5
14.5 54.5
14.5 64.5
15.5 9.5
15.5 10.5
15.5 21.5
15.5 22.5
15.5 28.5
15.5 29.5
15.5 30.5
15.5 38.5
15.5 39.5
15.5 40.5
15.5 49.5
15.5 50.5
15.5 51.5
15.5 52.5
15.5 53.5
15.5 64.5
15.5 65.5
16.5 8.5
16.5 9.5
16.5 22.5
16.5 23.5
16.5 27.5
16.5 28.5
16.5 29.5
16.5 35.5
16.5 38.5
16.5 44.5
16.5 45.5
16.5 47.5
16.5 48.5
16.5 49.5
16.5 50.5
16.5 65.5
16.5 66.5
17.5 7.5
17.5 8.5
17.5 14.5
17.5 15.5
17.5 17.5
17.5 18.5
17.5 23.5
17.5 24.5
17.5 27.5
17.5 28.5
17.5 33.5
17.5 34.5
17.5 43.5
17.5 44.5
17.5 61.5
17.5 66.5
18.5 13.5
18.5 14.5
18.5 18.5
18.5 19.5
18.5 24.5
18.5 32.5
18.5 33.5
18.5 34.5
18.5 42.5
18.5 43.5
18.5 56.5
18.5 57.5
18.5 58.5
18.5 61.5
18.5 62.5
19.5 12.5
19.5 13.5
19.5 19.5
19.5 20.5
19.5 31.5
19.5 32.5
19.5 33.5
19.5 41.5
19.5 42.5
19.5 54.5
19.5 55.5
19.5 56.5
19.5 57.5
19.5 61.5
19.5 62.5
20.5 11.5
20.5 12.5
20.5 20.5
20.5 21.5
20.5 31.5
20.5 41.5
20.5 52.5
20.5 53.5
20.5 54.5
20.5 55.5
20.5 62.5
21.5 11.5
21.5 21.5
21.5 22.5
21.5 51.5
21.5 52.5
21.5 62.5
21.5 63.5
22.5 41.5
22.5 42.5
23.5 11.5
23.5 21.5
23.5 31.5
23.5 32.5
23.5 41.5
23.5 51.5
23.5 63.5
24.5 10.5
24.5 11.5
24.5 20.5
24.5 21.5
24.5 32.5
24.5 33.5
24.5 40.5
24.5 41.5
24.5 52.5
24.5 63.5
24.5 64.5
25.5 9.5
25.5 10.5
25.5 19.5
25.5 20.5
25.5 32.5
25.5 33.5
25.5 34.5
25.5 39.5
25.5 40.5
25.5 52.5
25.5 53.5
25.5 54.5
25.5 63.5
25.5 64.5
25.5 65.5
26.5 8.5
26.5 9.5
26.5 18.5
26.5 19.5
26.5 20.5
26.5 33.5
26.5 34.5
26.5 39.5
26.5 40.5
26.5 45.5
26.5 48.5
26.5 54.5
26.5 55.5
26.5 64.5
26.5 65.5
27.5 7.5
27.5 8.5
27.5 14.5
27.5 15.5
27.5 18.5
27.5 19.5
27.5 25.5
27.5 28.5
27.5 34.5
27.5 35.5
27.5 38.5
27.5 39.5
27.5 44.5
27.5 48.5
27.5 49.5
27.5 55.5
27.5 56.5
27.5 65.5
27.5 66.5
28.5 13.5
28.5 14.5
28.5 17.5
28.5 18.5
28.5 24.5
28.5 25.5
28.5 28.5
28.5 29.5
28.5 35.5
28.5 38.5
28.5 43.5
28.5 44.5
28.5 48.5
28.5 49.5
28.5 50.5
28.5 56.5
28.5 57.5
28.5 59.5
28.5 60.5
28.5 66.5
29.5 12.5
29.5 13.5
29.5 23.5
29.5 24.5
29.5 29.5
29.5 30.5
29.5 42.5
29.5 43.5
29.5 49.5
29.5 50.5
29.5 60.5
29.5 61.5
30.5 11.5
30.5 12.5
30.5 22.5
30.5 23.5
30.5 24.5
30.5 30.5
30.5 31.5
30.5 42.5
30.5 43.5
30.5 49.5
30.5 50.5
30.5 51.5
30.5 61.5
30.5 62.5
30.5 63.5
31.5 11.5
31.5 21.5
31.5 22.5
31.5 23.5
31.5 30.5
31.5 31.5
31.5 42.5
31.5 50.5
31.5 51.5
31.5 63.5
32.5 21.5
32.5 22.5
32.5 31.5
32.5 32.5
32.5 41.5
32.5 42.5
32.5 51.5
32.5 52.5
33.5 41.5
33.5 62.5
34.5 11.5
34.5 62.5
34.5 63.5
35.5 10.5
35.5 11.5
35.5 21.5
35.5 22.5
35.5 31.5
35.5 32.5
35.5 40.5
35.5 41.5
35.5 50.5
35.5 51.5
35.5 52.5
35.5 62.5
35.5 63.5
35.5 64.5
36.5 9.5
36.5 10.5
36.5 19.5
36.5 20.5
36.5 21.5
36.5 32.5
36.5 33.5
36.5 34.5
36.5 39.5
36.5 40.5
36.5 51.5
36.5 52.5
36.5 53.5
36.5 54.5
36.5 63.5
36.5 64.5
37.5 9.5
37.5 10.5
37.5 15.5
37.5 18.5
37.5 19.5
37.5 20.5
37.5 33.5
37.5 34.5
37.5 37.5
37.5 38.5
37.5 39.5
37.5 53.5
37.5 54.5
37.5 55.5
37.5 58.5
37.5 64.5
37.5 65.5
38.5 8.5
38.5 9.5
38.5 14.5
38.5 15.5
38.5 17.5
38.5 18.5
38.5 19.5
38.5 26.5
38.5 28.5
38.5 29.5
38.5 35.5
38.5 37.5
38.5 45.5
38.5 47.5
38.5 55.5
38.5 58.5
38.5 59.5
38.5 65.5
39.5 8.5
39.5 13.5
39.5 14.5
39.5 24.5
39.5 25.5
39.5 29.5
39.5 30.5
39.5 42.5
39.5 43.5
39.5 44.5
39.5 45.5
39.5 48.5
39.5 49.5
39.5 59.5
39.5 60.5
40.5 13.5
40.5 23.5
40.5 24.5
40.5 29.5
40.5 30.5
40.5 41.5
40.5 42.5
40.5 43.5
40.5 49.5
40.5 50.5
40.5 60.5
40.5 61.5
41.5 12.5
41.5 13.5
41.5 21.5
41.5 22.5
41.5 23.5
41.5 30.5
41.5 31.5
41.5 40.5
41.5 41.5
41.5 50.5
41.5 51.5
41.5 61.5
41.5 62.5
42.5 11.5
42.5 12.5
42.5 21.5
42.5 62.5
44.5 12.5
44.5 31.5
44.5 32.5
44.5 40.5
44.5 41.5
44.5 51.5
44.5 52.5
44.5 61.5
44.5 62.5
45.5 10.5
45.5 11.5
45.5 21.5
45.5 22.5
45.5 32.5
45.5 33.5
45.5 39.5
45.5 40.5
45.5 41.5
45.5 50.5
45.5 51.5
45.5 60.5
45.5 61.5
46.5 9.5
46.5 10.5
46.5 20.5
46.5 21.5
46.5 32.5
46.5 33.5
46.5 38.5
46.5 39.5
46.5 40.5
46.5 49.5
46.5 50.5
46.5 59.5
46.5 60.5
47.5 8.5
47.5 19.5
47.5 20.5
47.5 33.5
47.5 34.5
47.5 38.5
47.5 39.5
47.5 48.5
47.5 49.5
47.5 54.5
47.5 55.5
47.5 58.5
47.5 59.5
47.5 60.5
48.5 13.5
48.5 14.5
48.5 15.5
48.5 18.5
48.5 19.5
48.5 25.5
48.5 26.5
48.5 28.5
48.5 34.5
48.5 37.5
48.5 38.5
48.5 44.5
48.5 45.5
48.5 47.5
48.5 53.5
48.5 54.5
48.5 58.5
48.5 59.5
48.5 65.5
49.5 12.5
49.5 13.5
49.5 14.5
49.5 17.5
49.5 18.5
49.5 24.5
49.5 25.5
49.5 29.5
49.5 30.5
49.5 43.5
49.5 44.5
49.5 52.5
49.5 53.5
49.5 54.5
49.5 57.5
49.5 63.5
49.5 64.5
50.5 11.5
50.5 12.5
50.5 13.5
50.5 23.5
50.5 24.5
50.5 29.5
50.5 30.5
50.5 42.5
50.5 43.5
50.5 52.5
50.5 53.5
50.5 62.5
50.5 63.5
51.5 10.5
51.5 11.5
51.5 22.5
51.5 23.5
51.5 24.5
51.5 30.5
51.5 31.5
51.5 41.5
51.5 42.5
51.5 51.5
51.5 52.5
51.5 61.5
51.5 62.5
52.5 22.5
52.5 31.5
52.5 32.5
52.5 51.5
52.5 61.5
53.5 21.5
54.5 10.5
54.5 11.5
54.5 12.5
54.5 41.5
54.5 42.5
54.5 51.5
54.5 52.5
54.5 62.5
55.5 9.5
55.5 10.5
55.5 11.5
55.5 21.5
55.5 22.5
55.5 32.5
55.5 42.5
55.5 43.5
55.5 50.5
55.5 51.5
55.5 61.5
56.5 8.5
56.5 9.5
56.5 10.5
56.5 22.5
56.5 23.5
56.5 32.5
56.5 33.5
56.5 43.5
56.5 44.5
56.5 45.5
56.5 50.5
56.5 51.5
56.5 59.5
56.5 60.5
56.5 61.5
57.5 8.5
57.5 9.5
57.5 23.5
57.5 24.5
57.5 32.5
57.5 33.5
57.5 44.5
57.5 45.5
57.5 46.5
57.5 49.5
57.5 50.5
57.5 59.5
57.5 60.5
58.5 7.5
58.5 8.5
58.5 14.5
58.5 24.5
58.5 25.5
58.5 28.5
58.5 33.5
58.5 34.5
58.5 37.5
58.5 38.5
58.5 46.5
58.5 49.5
58.5 54.5
58.5 55.5
58.5 58.5
58.5 59.5
58.5 65.5
58.5 66.5
59.5 13.5
59.5 14.5
59.5 17.5
59.5 18.5
59.5 19.5
59.5 26.5
59.5 29.5
59.5 33.5
59.5 34.5
59.5 37.5
59.5 38.5
59.5 39.5
59.5 40.5
59.5 54.5
59.5 57.5
59.5 63.5
59.5 64.5
59.5 65.5
60.5 12.5
60.5 13.5
60.5 18.5
60.5 19.5
60.5 20.5
60.5 29.5
60.5 30.5
60.5 34.5
60.5 38.5
60.5 39.5
60.5 40.5
60.5 41.5
60.5 53.5
60.5 54.5
60.5 62.5
60.5 63.5
60.5 64.5
61.5 11.5
61.5 12.5
61.5 19.5
61.5 20.5
61.5 21.5
61.5 22.5
61.5 30.5
61.5 40.5
61.5 41.5
61.5 42.5
61.5 52.5
61.5 53.5
61.5 61.5
61.5 62.5
62.5 11.5
62.5 21.5
62.5 22.5
62.5 31.5
62.5 42.5
62.5 43.5
62.5 52.5
63.5 31.5
