3.5 11.5
3.5 24.5
3.5 35.5
3.5 60.5
4.5 12.5
4.5 13.5
4.5 23.5
4.5 36.5
4.5 37.5
4.5 48.5
4.5 49.5
4.5 59.5
4.5 60.5
5.5 13.5
5.5 14.5
5.5 22.5
5.5 37.5
5.5 38.5
5.5 47.5
5.5 48.5
5.5 59.5
6.5 14.5
6.5 15.5
6.5 21.5
6.5 38.5
6.5 39.5
6.5 46.5
6.5 47.5
6.5 58.5
6.5 59.5
7.5 8.5
7.5 15.5
7.5 16.5
7.5 20.5
7.5 28.5
7.5 32.5
7.5 39.5
7.5 40.5
7.5 45.5
7.5 46.5
7.5 57.5
7.5 58.5
7.5 64.5
8.5 8.5
8.5 9.5
8.5 16.5
8.5 19.5
8.5 27.5
8.5 28.5
8.5 32.5
8.5 33.5
8.5 40.5
8.5 41.5
8.5 44.5
8.5 45.5
8.5 53.5
8.5 57.5
8.5 63.5
8.5 64.5
9.5 9.5
9.5 10.5
9.5 26.5
9.5 27.5
9.5 33.5
9.5 34.5
9.5 51.5
9.5 52.5
9.5 53.5
9.5 56.5
9.5 62.5
9.5 63.5
10.5 10.5
10.5 25.5
10.5 26.5
10.5 27.5
10.5 33.5
10.5 34.5
10.5 50.5
10.5 51.5
10.5 62.5
11.5 10.5
11.5 11.5
11.5 25.5
11.5 26.5
11.5 34.5
11.5 35.5
11.5 49.5
11.5 50.5
11.5 61.5
11.5 62.5
12.5 11.5
12.5 24.5
12.5 25.5
12.5 26.5
12.5 35.5
12.5 48.5
12.5 49.5
12.5 61.5
13.5 12.5
13.5 24.5
13.5 25.5
13.5 35.5
13.5 36.5
13.5 60.5
14.5 23.5
14.5 36.5
15.5 12.5
16.5 12.5
16.5 13.5
16.5 48.5
16.5 49.5
16.5 61.5
17.5 13.5
17.5 14.5
17.5 37.5
17.5 49.5
17.5 50.5
17.5 62.5
18.5 14.5
18.5 15.5
18.5 20.5
18.5 21.5
18.5 22.5
18.5 23.5
18.5 24.5
18.5 25.5
18.5 26.5
18.5 37.5
18.5 38.5
18.5 50.5
18.5 51.5
18.5 62.5
18.5 63.5
19.5 15.5
19.5 16.5
19.5 19.5
19.5 20.5
19.5 21.5
19.5 22.5
19.5 23.5
19.5 24.5
19.5 38.5
19.5 39.5
19.5 44.5
19.5 51.5
19.5 52.5
19.5 56.5
19.5 63.5
19.5 64.5
20.5 9.5
20.5 16.5
20.5 39.5
20.5 40.5
20.5 44.5
20.5 45.5
20.5 53.5
20.5 56.5
20.5 57.5
20.5 64.5
21.5 9.5
21.5 10.5
21.5 30.5
21.5 40.5
21.5 41.5
21.5 45.5
21.5 46.5
21.5 57.5
21.5 58.5
21.5 65.5
22.5 10.5
22.5 11.5
22.5 27.5
22.5 28.5
22.5 29.5
22.5 32.5
22.5 33.5
22.5 41.5
22.5 46.5
22.5 47.5
22.5 58.5
22.5 59.5
23.5 11.5
23.5 12.5
23.5 25.5
23.5 26.5
23.5 27.5
23.5 34.5
23.5 35.5
23.5 47.5
23.5 59.5
23.5 60.5
24.5 12.5
24.5 13.5
24.5 24.5
24.5 35.5
24.5 36.5
24.5 37.5
24.5 48.5
24.5 60.5
25.5 13.5
25.5 38.5
25.5 49.5
25.5 61.5
27.5 24.5
27.5 25.5
27.5 48.5
28.5 13.5
28.5 23.5
28.5 24.5
28.5 37.5
28.5 48.5
28.5 49.5
28.5 59.5
28.5 60.5
29.5 13.5
29.5 14.5
29.5 23.5
29.5 24.5
29.5 36.5
29.5 49.5
29.5 50.5
29.5 58.5
29.5 59.5
30.5 14.5
30.5 15.5
30.5 22.5
30.5 23.5
30.5 35.5
30.5 36.5
30.5 50.5
30.5 58.5
30.5 59.5
31.5 15.5
31.5 16.5
31.5 21.5
31.5 22.5
31.5 29.5
31.5 34.5
31.5 35.5
31.5 50.5
31.5 51.5
31.5 57.5
31.5 58.5
32.5 16.5
32.5 17.5
32.5 21.5
32.5 28.5
32.5 29.5
32.5 33.5
32.5 34.5
32.5 44.5
32.5 51.5
32.5 52.5
32.5 56.5
32.5 57.5
32.5 65.5
33.5 8.5
33.5 9.5
33.5 17.5
33.5 20.5
33.5 27.5
33.5 28.5
33.5 33.5
33.5 41.5
33.5 45.5
33.5 52.5
33.5 56.5
33.5 63.5
33.5 64.5
34.5 9.5
34.5 10.5
34.5 27.5
34.5 28.5
34.5 32.5
34.5 40.5
34.5 45.5
34.5 46.5
34.5 62.5
34.5 63.5
35.5 10.5
35.5 11.5
35.5 12.5
35.5 26.5
35.5 27.5
35.5 39.5
35.5 40.5
35.5 46.5
35.5 47.5
35.5 61.5
35.5 62.5
35.5 63.5
36.5 11.5
36.5 12.5
36.5 13.5
36.5 25.5
36.5 26.5
36.5 38.5
36.5 39.5
36.5 47.5
36.5 48.5
36.5 60.5
36.5 61.5
37.5 13.5
37.5 25.5
37.5 37.5
37.5 38.5
37.5 48.5
37.5 60.5
38.5 37.5
38.5 49.5
40.5 13.5
40.5 61.5
41.5 12.5
41.5 13.5
41.5 25.5
41.5 37.5
41.5 38.5
41.5 48.5
41.5 49.5
41.5 60.5
41.5 61.5
42.5 10.5
42.5 11.5
42.5 12.5
42.5 26.5
42.5 36.5
42.5 37.5
42.5 49.5
42.5 50.5
42.5 59.5
42.5 60.5
43.5 9.5
43.5 10.5
43.5 11.5
43.5 27.5
43.5 28.5
43.5 34.5
43.5 35.5
43.5 50.5
43.5 51.5
43.5 58.5
43.5 59.5
44.5 9.5
44.5 10.5
44.5 20.5
44.5 28.5
44.5 29.5
44.5 33.5
44.5 34.5
44.5 51.5
44.5 52.5
44.5 57.5
44.5 58.5
44.5 65.5
45.5 8.5
45.5 9.5
45.5 16.5
45.5 20.5
45.5 21.5
45.5 29.5
45.5 32.5
45.5 41.5
45.5 42.5
45.5 44.5
45.5 45.5
45.5 53.5
45.5 56.5
45.5 57.5
45.5 64.5
45.5 65.5
46.5 7.5
46.5 15.5
46.5 20.5
46.5 21.5
46.5 22.5
46.5 39.5
46.5 40.5
46.5 41.5
46.5 45.5
46.5 46.5
46.5 63.5
46.5 64.5
47.5 14.5
47.5 15.5
47.5 21.5
47.5 22.5
47.5 23.5
47.5 38.5
47.5 39.5
47.5 46.5
47.5 47.5
47.5 48.5
47.5 63.5
47.5 64.5
48.5 13.5
48.5 14.5
48.5 22.5
48.5 23.5
48.5 24.5
48.5 36.5
48.5 37.5
48.5 38.5
48.5 47.5
48.5 48.5
48.5 49.5
48.5 62.5
48.5 63.5
49.5 13.5
49.5 23.5
49.5 24.5
49.5 36.5
49.5 49.5
49.5 50.5
49.5 61.5
49.5 62.5
50.5 12.5
52.5 37.5
52.5 48.5
52.5 61.5
53.5 12.5
53.5 23.5
53.5 24.5
53.5 35.5
53.5 36.5
53.5 49.5
53.5 61.5
53.5 62.5
54.5 11.5
54.5 23.5
54.5 24.5
54.5 25.5
54.5 34.5
54.5 35.5
54.5 36.5
54.5 49.5
54.5 50.5
54.5 62.5
54.5 63.5
55.5 10.5
55.5 11.5
55.5 25.5
55.5 26.5
55.5 27.5
55.5 33.5
55.5 34.5
55.5 35.5
55.5 50.5
55.5 51.5
55.5 63.5
55.5 64.5
56.5 9.5
56.5 10.5
56.5 26.5
56.5 27.5
56.5 28.5
56.5 32.5
56.5 33.5
56.5 34.5
56.5 51.5
56.5 52.5
56.5 64.5
56.5 65.5
57.5 8.5
57.5 9.5
57.5 16.5
57.5 18.5
57.5 28.5
57.5 29.5
57.5 32.5
57.5 40.5
57.5 43.5
57.5 44.5
57.5 52.5
57.5 53.5
57.5 57.5
57.5 65.5
58.5 8.5
58.5 15.5
58.5 19.5
58.5 20.5
58.5 39.5
58.5 40.5
58.5 44.5
58.5 45.5
58.5 53.5
58.5 57.5
58.5 58.5
58.5 66.5
59.5 13.5
59.5 14.5
59.5 21.5
59.5 22.5
59.5 38.5
59.5 39.5
59.5 45.5
59.5 46.5
59.5 58.5
59.5 59.5
60.5 12.5
60.5 13.5
60.5 22.5
60.5 23.5
60.5 37.5
60.5 38.5
60.5 46.5
60.5 47.5
60.5 59.5
60.5 60.5
61.5 11.5
61.5 12.5
61.5 24.5
61.5 36.5
61.5 37.5
61.5 47.5
61.5 48.5
61.5 60.5
61.5 61.5
62.5 35.5
62.5 48.5
62.5 61.5
62.5 62.5
