3.5 44.5
4.5 29.5
4.5 44.5
4.5 45.5
4.5 46.5
4.5 59.5
5.5 27.5
5.5 28.5
5.5 45.5
5.5 46.5
5.5 47.5
5.5 56.5
5.5 57.5
5.5 58.5
5.5 59.5
6.5 15.5
6.5 16.5
6.5 17.5
6.5 26.5
6.5 27.5
6.5 28.5
6.5 47.5
6.5 48.5
6.5 54.5
6.5 55.5
6.5 56.5
6.5 57.5
7.5 16.5
7.5 17.5
7.5 18.5
7.5 25.5
7.5 26.5
7.5 54.5
7.5 55.5
8.5 18.5
8.5 19.5
8.5 25.5
8.5 33.5
8.5 34.5
8.5 39.5
8.5 40.5
8.5 41.5
9.5 9.5
9.5 32.5
9.5 33.5
9.5 34.5
9.5 40.5
9.5 41.5
9.5 42.5
9.5 62.5
9.5 63.5
9.5 64.5
9.5 65.5
10.5 9.5
10.5 10.5
10.5 11.5
10.5 12.5
10.5 31.5
10.5 32.5
10.5 33.5
10.5 41.5
10.5 42.5
10.5 43.5
10.5 60.5
10.5 61.5
10.5 62.5
10.5 63.5
10.5 64.5
11.5 11.5
11.5 12.5
11.5 13.5
11.5 14.5
11.5 30.5
11.5 31.5
11.5 32.5
11.5 42.5
11.5 43.5
11.5 59.5
11.5 60.5
11.5 61.5
11.5 62.5
12.5 30.5
16.5 14.5
16.5 43.5
16.5 44.5
16.5 59.5
17.5 11.5
17.5 12.5
17.5 13.5
17.5 14.5
17.5 31.5
17.5 32.5
17.5 42.5
17.5 43.5
17.5 57.5
17.5 58.5
17.5 59.5
18.5 9.5
18.5 10.5
18.5 11.5
18.5 12.5
18.5 32.5
18.5 33.5
18.5 34.5
18.5 41.5
18.5 42.5
18.5 55.5
18.5 56.5
18.5 57.5
18.5 58.5
19.5 8.5
19.5 9.5
19.5 10.5
19.5 34.5
19.5 35.5
19.5 40.5
19.5 41.5
19.5 54.5
19.5 55.5
19.5 56.5
19.5 57.5
20.5 48.5
20.5 49.5
21.5 18.5
21.5 19.5
21.5 25.5
21.5 26.5
21.5 46.5
21.5 47.5
21.5 48.5
21.5 63.5
21.5 64.5
22.5 16.5
22.5 17.5
22.5 18.5
22.5 19.5
22.5 25.5
22.5 26.5
22.5 27.5
22.5 28.5
22.5 29.5
22.5 46.5
22.5 47.5
22.5 48.5
22.5 62.5
22.5 63.5
23.5 15.5
23.5 16.5
23.5 17.5
23.5 18.5
23.5 26.5
23.5 27.5
23.5 28.5
23.5 29.5
23.5 30.5
23.5 45.5
23.5 46.5
23.5 60.5
23.5 61.5
23.5 62.5
24.5 14.5
24.5 15.5
24.5 16.5
24.5 28.5
24.5 29.5
24.5 30.5
24.5 60.5
24.5 61.5
29.5 43.5
29.5 44.5
29.5 58.5
29.5 59.5
30.5 11.5
30.5 12.5
30.5 13.5
30.5 30.5
30.5 31.5
30.5 32.5
30.5 33.5
30.5 42.5
30.5 43.5
30.5 44.5
30.5 57.5
30.5 58.5
30.5 59.5
31.5 9.5
31.5 10.5
31.5 11.5
31.5 12.5
31.5 30.5
31.5 31.5
31.5 32.5
31.5 33.5
31.5 34.5
31.5 41.5
31.5 42.5
31.5 43.5
31.5 56.5
31.5 57.5
31.5 58.5
32.5 8.5
32.5 9.5
32.5 10.5
32.5 11.5
32.5 32.5
32.5 33.5
32.5 34.5
32.5 35.5
32.5 40.5
32.5 41.5
32.5 42.5
32.5 55.5
32.5 56.5
33.5 49.5
33.5 50.5
33.5 63.5
34.5 47.5
34.5 48.5
34.5 49.5
34.5 61.5
34.5 62.5
34.5 63.5
35.5 16.5
35.5 17.5
35.5 18.5
35.5 24.5
35.5 25.5
35.5 26.5
35.5 46.5
35.5 47.5
35.5 48.5
35.5 61.5
35.5 62.5
36.5 14.5
36.5 15.5
36.5 16.5
36.5 17.5
36.5 25.5
36.5 26.5
36.5 27.5
36.5 28.5
36.5 45.5
36.5 46.5
36.5 47.5
36.5 60.5
36.5 61.5
37.5 13.5
37.5 14.5
37.5 15.5
37.5 27.5
37.5 28.5
37.5 29.5
41.5 58.5
42.5 12.5
42.5 13.5
42.5 28.5
42.5 29.5
42.5 45.5
42.5 46.5
42.5 47.5
42.5 57.5
42.5 58.5
43.5 10.5
43.5 11.5
43.5 12.5
43.5 13.5
43.5 26.5
43.5 27.5
43.5 28.5
43.5 46.5
43.5 47.5
43.5 48.5
43.5 49.5
43.5 56.5
43.5 57.5
44.5 9.5
44.5 10.5
44.5 11.5
44.5 24.5
44.5 25.5
44.5 26.5
44.5 27.5
44.5 47.5
44.5 48.5
44.5 49.5
44.5 55.5
44.5 56.5
44.5 57.5
45.5 24.5
45.5 49.5
45.5 50.5
45.5 55.5
45.5 56.5
46.5 17.5
46.5 18.5
46.5 33.5
46.5 34.5
46.5 35.5
46.5 41.5
46.5 63.5
46.5 64.5
47.5 15.5
47.5 16.5
47.5 17.5
47.5 31.5
47.5 32.5
47.5 33.5
47.5 34.5
47.5 41.5
47.5 42.5
47.5 43.5
47.5 61.5
47.5 62.5
47.5 63.5
48.5 14.5
48.5 15.5
48.5 16.5
48.5 30.5
48.5 31.5
48.5 32.5
48.5 33.5
48.5 42.5
48.5 43.5
48.5 44.5
48.5 60.5
48.5 61.5
48.5 62.5
49.5 44.5
49.5 45.5
49.5 59.5
49.5 60.5
53.5 14.5
54.5 12.5
54.5 13.5
54.5 29.5
54.5 30.5
54.5 31.5
54.5 46.5
54.5 47.5
54.5 58.5
54.5 59.5
54.5 60.5
55.5 11.5
55.5 12.5
55.5 13.5
55.5 29.5
55.5 30.5
55.5 31.5
55.5 32.5
55.5 47.5
55.5 48.5
55.5 57.5
55.5 58.5
55.5 59.5
56.5 10.5
56.5 11.5
56.5 30.5
56.5 31.5
56.5 32.5
56.5 33.5
56.5 48.5
56.5 49.5
56.5 56.5
56.5 57.5
57.5 9.5
57.5 10.5
57.5 32.5
57.5 33.5
57.5 34.5
57.5 50.5
57.5 55.5
57.5 64.5
57.5 65.5
58.5 18.5
58.5 19.5
58.5 24.5
58.5 25.5
58.5 63.5
58.5 64.5
59.5 16.5
59.5 17.5
59.5 18.5
59.5 25.5
59.5 26.5
59.5 39.5
59.5 40.5
59.5 41.5
59.5 42.5
59.5 43.5
59.5 44.5
59.5 62.5
59.5 63.5
60.5 15.5
60.5 16.5
60.5 17.5
60.5 25.5
60.5 26.5
60.5 27.5
60.5 41.5
60.5 42.5
60.5 43.5
60.5 44.5
60.5 45.5
60.5 61.5
60.5 62.5
61.5 15.5
61.5 16.5
61.5 26.5
61.5 27.5
61.5 60.5
61.5 61.5
62.5 27.5
62.5 28.5
