2.5 12.5
2.5 26.5
2.5 35.5
3.5 13.5
3.5 25.5
3.5 36.5
3.5 51.5
3.5 52.5
3.5 62.5
4.5 14.5
4.5 24.5
4.5 37.5
4.5 49.5
4.5 50.5
4.5 63.5
5.5 15.5
5.5 23.5
5.5 24.5
5.5 37.5
5.5 38.5
5.5 47.5
5.5 48.5
5.5 63.5
5.5 64.5
6.5 16.5
6.5 23.5
6.5 30.5
6.5 38.5
6.5 45.5
6.5 46.5
6.5 47.5
6.5 58.5
6.5 64.5
6.5 65.5
7.5 6.5
7.5 7.5
7.5 17.5
7.5 22.5
7.5 29.5
7.5 31.5
7.5 39.5
7.5 43.5
7.5 44.5
7.5 45.5
7.5 57.5
7.5 58.5
7.5 65.5
7.5 66.5
8.5 7.5
8.5 8.5
8.5 18.5
8.5 22.5
8.5 32.5
8.5 40.5
8.5 42.5
8.5 55.5
8.5 59.5
8.5 66.5
9.5 8.5
9.5 9.5
9.5 19.5
9.5 21.5
9.5 28.5
9.5 33.5
9.5 41.5
9.5 53.5
9.5 54.5
9.5 60.5
10.5 10.5
10.5 11.5
10.5 20.5
10.5 27.5
10.5 34.5
10.5 52.5
10.5 53.5
10.5 60.5
11.5 11.5
11.5 12.5
11.5 26.5
11.5 35.5
11.5 51.5
11.5 52.5
11.5 61.5
12.5 12.5
12.5 13.5
12.5 26.5
12.5 36.5
12.5 49.5
12.5 50.5
12.5 61.5
12.5 62.5
13.5 13.5
13.5 14.5
13.5 25.5
13.5 37.5
13.5 48.5
13.5 49.5
13.5 62.5
14.5 15.5
14.5 24.5
14.5 38.5
14.5 47.5
14.5 61.5
14.5 63.5
15.5 16.5
15.5 24.5
15.5 35.5
15.5 47.5
15.5 62.5
16.5 14.5
16.5 15.5
16.5 36.5
16.5 48.5
16.5 49.5
16.5 62.5
16.5 63.5
17.5 12.5
17.5 13.5
17.5 25.5
17.5 36.5
17.5 37.5
17.5 49.5
17.5 50.5
17.5 63.5
18.5 11.5
18.5 26.5
18.5 37.5
18.5 38.5
18.5 50.5
18.5 51.5
18.5 64.5
19.5 9.5
19.5 10.5
19.5 18.5
19.5 26.5
19.5 39.5
19.5 43.5
19.5 51.5
19.5 52.5
19.5 65.5
20.5 7.5
20.5 8.5
20.5 17.5
20.5 21.5
20.5 27.5
20.5 30.5
20.5 40.5
20.5 44.5
20.5 52.5
20.5 53.5
20.5 55.5
20.5 65.5
21.5 6.5
21.5 16.5
21.5 17.5
21.5 21.5
21.5 27.5
21.5 31.5
21.5 41.5
21.5 45.5
21.5 53.5
21.5 54.5
21.5 56.5
21.5 57.5
21.5 66.5
22.5 15.5
22.5 16.5
22.5 22.5
22.5 28.5
22.5 32.5
22.5 33.5
22.5 42.5
22.5 46.5
22.5 54.5
22.5 58.5
22.5 59.5
22.5 67.5
23.5 14.5
23.5 15.5
23.5 22.5
23.5 33.5
23.5 34.5
23.5 46.5
23.5 47.5
23.5 59.5
23.5 60.5
24.5 13.5
24.5 14.5
24.5 23.5
24.5 35.5
24.5 47.5
24.5 61.5
25.5 12.5
25.5 13.5
25.5 23.5
25.5 36.5
25.5 48.5
25.5 62.5
25.5 63.5
26.5 23.5
26.5 49.5
26.5 64.5
27.5 11.5
27.5 24.5
27.5 49.5
27.5 50.5
28.5 12.5
28.5 24.5
28.5 36.5
28.5 48.5
28.5 49.5
28.5 64.5
29.5 13.5
29.5 23.5
29.5 35.5
29.5 48.5
29.5 62.5
30.5 6.5
30.5 13.5
30.5 14.5
30.5 22.5
30.5 34.5
30.5 47.5
30.5 60.5
30.5 61.5
31.5 7.5
31.5 14.5
31.5 21.5
31.5 33.5
31.5 34.5
31.5 41.5
31.5 46.5
31.5 58.5
31.5 59.5
32.5 7.5
32.5 8.5
32.5 15.5
32.5 20.5
32.5 29.5
32.5 33.5
32.5 40.5
32.5 45.5
32.5 46.5
32.5 54.5
32.5 56.5
32.5 57.5
32.5 66.5
33.5 8.5
33.5 16.5
33.5 19.5
33.5 27.5
33.5 28.5
33.5 32.5
33.5 40.5
33.5 44.5
33.5 45.5
33.5 53.5
33.5 55.5
33.5 65.5
34.5 9.5
34.5 18.5
34.5 26.5
34.5 27.5
34.5 31.5
34.5 39.5
34.5 44.5
34.5 52.5
34.5 64.5
35.5 9.5
35.5 10.5
35.5 25.5
35.5 26.5
35.5 38.5
35.5 39.5
35.5 43.5
35.5 50.5
35.5 51.5
35.5 62.5
35.5 63.5
36.5 10.5
36.5 23.5
36.5 24.5
36.5 38.5
36.5 49.5
36.5 50.5
36.5 61.5
37.5 11.5
37.5 22.5
37.5 23.5
37.5 37.5
37.5 48.5
37.5 60.5
38.5 12.5
38.5 21.5
38.5 37.5
38.5 47.5
39.5 11.5
39.5 36.5
39.5 48.5
39.5 61.5
40.5 10.5
40.5 11.5
40.5 27.5
40.5 35.5
40.5 49.5
40.5 62.5
41.5 10.5
41.5 25.5
41.5 36.5
41.5 49.5
41.5 50.5
41.5 63.5
42.5 9.5
42.5 23.5
42.5 24.5
42.5 37.5
42.5 50.5
42.5 51.5
42.5 57.5
42.5 63.5
42.5 64.5
43.5 8.5
43.5 17.5
43.5 21.5
43.5 22.5
43.5 38.5
43.5 51.5
43.5 57.5
43.5 64.5
44.5 7.5
44.5 16.5
44.5 20.5
44.5 21.5
44.5 32.5
44.5 39.5
44.5 42.5
44.5 52.5
44.5 58.5
44.5 65.5
45.5 6.5
45.5 15.5
45.5 18.5
45.5 19.5
45.5 30.5
45.5 33.5
45.5 40.5
45.5 43.5
45.5 52.5
45.5 53.5
45.5 58.5
45.5 59.5
45.5 66.5
46.5 14.5
46.5 17.5
46.5 28.5
46.5 29.5
46.5 33.5
46.5 41.5
46.5 44.5
46.5 45.5
46.5 53.5
46.5 54.5
46.5 59.5
47.5 13.5
47.5 27.5
47.5 28.5
47.5 34.5
47.5 42.5
47.5 46.5
47.5 54.5
47.5 59.5
47.5 60.5
48.5 11.5
48.5 12.5
48.5 25.5
48.5 26.5
48.5 35.5
48.5 47.5
48.5 55.5
48.5 60.5
49.5 10.5
49.5 11.5
49.5 24.5
49.5 25.5
49.5 36.5
49.5 48.5
49.5 61.5
50.5 9.5
50.5 10.5
50.5 23.5
50.5 37.5
50.5 49.5
50.5 61.5
51.5 38.5
51.5 50.5
51.5 62.5
52.5 8.5
52.5 27.5
52.5 51.5
53.5 10.5
53.5 25.5
53.5 37.5
53.5 50.5
53.5 62.5
54.5 11.5
54.5 12.5
54.5 23.5
54.5 24.5
54.5 36.5
54.5 49.5
54.5 61.5
55.5 13.5
55.5 14.5
55.5 22.5
55.5 23.5
55.5 35.5
55.5 48.5
55.5 60.5
56.5 15.5
56.5 16.5
56.5 21.5
56.5 30.5
56.5 34.5
56.5 42.5
56.5 47.5
56.5 60.5
56.5 66.5
57.5 6.5
57.5 17.5
57.5 19.5
57.5 20.5
57.5 29.5
57.5 34.5
57.5 41.5
57.5 46.5
57.5 56.5
57.5 59.5
57.5 66.5
58.5 7.5
58.5 18.5
58.5 19.5
58.5 28.5
58.5 33.5
58.5 40.5
58.5 41.5
58.5 45.5
58.5 55.5
58.5 58.5
58.5 65.5
59.5 8.5
59.5 9.5
59.5 27.5
59.5 32.5
59.5 39.5
59.5 40.5
59.5 44.5
59.5 53.5
59.5 54.5
59.5 65.5
60.5 10.5
60.5 26.5
60.5 31.5
60.5 38.5
60.5 39.5
60.5 43.5
60.5 52.5
60.5 53.5
60.5 64.5
61.5 11.5
61.5 12.5
61.5 25.5
61.5 38.5
61.5 51.5
61.5 64.5
62.5 13.5
62.5 24.5
62.5 37.5
62.5 50.5
62.5 63.5
63.5 14.5
63.5 23.5
63.5 36.5
63.5 49.5
63.5 63.5
