2.5 53.5
3.5 62.5
4.5 21.5
4.5 42.5
4.5 62.5
5.5 10.5
5.5 42.5
5.5 61.5
6.5 10.5
6.5 22.5
6.5 42.5
6.5 54.5
6.5 61.5
7.5 10.5
7.5 22.5
7.5 32.5
7.5 43.5
7.5 54.5
7.5 61.5
8.5 9.5
8.5 22.5
8.5 32.5
8.5 43.5
8.5 54.5
8.5 60.5
9.5 9.5
9.5 23.5
9.5 43.5
9.5 54.5
9.5 60.5
10.5 9.5
10.5 23.5
10.5 33.5
10.5 43.5
10.5 60.5
11.5 14.5
11.5 18.5
11.5 23.5
11.5 28.5
11.5 33.5
11.5 44.5
11.5 65.5
12.5 8.5
12.5 14.5
12.5 28.5
12.5 38.5
12.5 44.5
12.5 50.5
12.5 55.5
12.5 59.5
13.5 8.5
13.5 24.5
13.5 38.5
13.5 44.5
13.5 50.5
13.5 55.5
13.5 64.5
14.5 13.5
14.5 19.5
14.5 29.5
14.5 34.5
14.5 50.5
14.5 64.5
15.5 13.5
15.5 19.5
15.5 29.5
15.5 39.5
15.5 50.5
15.5 63.5
16.5 13.5
16.5 29.5
16.5 39.5
16.5 50.5
16.5 63.5
17.5 12.5
17.5 20.5
17.5 30.5
17.5 40.5
17.5 63.5
18.5 12.5
18.5 20.5
18.5 30.5
18.5 40.5
18.5 51.5
18.5 62.5
19.5 12.5
19.5 30.5
19.5 51.5
19.5 62.5
20.5 51.5
21.5 11.5
24.5 31.5
24.5 52.5
24.5 61.5
25.5 31.5
25.5 40.5
25.5 52.5
25.5 61.5
26.5 22.5
26.5 31.5
26.5 40.5
26.5 61.5
27.5 12.5
27.5 22.5
27.5 32.5
27.5 39.5
27.5 53.5
27.5 61.5
28.5 12.5
28.5 32.5
28.5 39.5
28.5 53.5
28.5 60.5
29.5 12.5
29.5 23.5
29.5 32.5
29.5 54.5
29.5 60.5
30.5 13.5
30.5 23.5
30.5 32.5
30.5 38.5
30.5 54.5
30.5 60.5
30.5 65.5
31.5 13.5
31.5 38.5
31.5 54.5
31.5 60.5
31.5 65.5
32.5 7.5
32.5 13.5
32.5 28.5
32.5 33.5
32.5 43.5
32.5 49.5
32.5 55.5
33.5 13.5
33.5 19.5
33.5 24.5
33.5 28.5
33.5 33.5
33.5 37.5
33.5 43.5
33.5 49.5
33.5 55.5
34.5 8.5
34.5 19.5
34.5 43.5
34.5 49.5
34.5 64.5
35.5 8.5
35.5 19.5
35.5 42.5
35.5 43.5
35.5 50.5
35.5 64.5
36.5 8.5
36.5 19.5
36.5 29.5
36.5 42.5
36.5 50.5
36.5 64.5
37.5 9.5
37.5 20.5
37.5 29.5
37.5 42.5
37.5 50.5
38.5 9.5
38.5 20.5
38.5 42.5
38.5 51.5
38.5 63.5
39.5 9.5
39.5 20.5
39.5 41.5
39.5 51.5
39.5 63.5
40.5 30.5
40.5 41.5
44.5 62.5
45.5 30.5
45.5 40.5
46.5 30.5
46.5 40.5
46.5 61.5
47.5 9.5
47.5 20.5
47.5 30.5
47.5 40.5
47.5 53.5
47.5 61.5
48.5 9.5
48.5 20.5
48.5 30.5
48.5 39.5
48.5 53.5
49.5 9.5
49.5 20.5
49.5 39.5
49.5 53.5
49.5 60.5
50.5 20.5
50.5 39.5
50.5 53.5
51.5 8.5
51.5 19.5
51.5 25.5
51.5 29.5
51.5 39.5
51.5 54.5
51.5 59.5
52.5 8.5
52.5 14.5
52.5 19.5
52.5 25.5
52.5 29.5
52.5 33.5
52.5 39.5
52.5 48.5
52.5 54.5
52.5 59.5
52.5 64.5
53.5 8.5
53.5 14.5
53.5 19.5
53.5 29.5
53.5 33.5
53.5 38.5
53.5 44.5
53.5 54.5
53.5 64.5
54.5 13.5
54.5 24.5
54.5 33.5
54.5 38.5
54.5 44.5
54.5 49.5
54.5 64.5
55.5 13.5
55.5 24.5
55.5 33.5
55.5 38.5
55.5 43.5
55.5 49.5
55.5 63.5
56.5 13.5
56.5 24.5
56.5 33.5
56.5 43.5
56.5 49.5
56.5 63.5
57.5 13.5
57.5 24.5
57.5 33.5
57.5 50.5
57.5 63.5
58.5 12.5
58.5 42.5
58.5 50.5
58.5 62.5
59.5 12.5
59.5 23.5
59.5 42.5
59.5 50.5
59.5 62.5
60.5 12.5
60.5 23.5
60.5 62.5
61.5 41.5
