4.5 12.5
4.5 37.5
4.5 49.5
4.5 62.5
5.5 12.5
5.5 24.5
5.5 37.5
5.5 49.5
5.5 61.5
5.5 62.5
6.5 13.5
6.5 23.5
6.5 24.5
6.5 37.5
6.5 49.5
6.5 50.5
6.5 61.5
7.5 13.5
7.5 23.5
7.5 37.5
7.5 38.5
7.5 50.5
7.5 60.5
7.5 61.5
8.5 13.5
8.5 14.5
8.5 22.5
8.5 23.5
8.5 38.5
8.5 50.5
8.5 51.5
8.5 59.5
8.5 60.5
9.5 14.5
9.5 21.5
9.5 22.5
9.5 38.5
9.5 50.5
9.5 51.5
9.5 59.5
9.5 60.5
10.5 14.5
10.5 21.5
10.5 22.5
10.5 38.5
10.5 44.5
10.5 51.5
10.5 58.5
10.5 59.5
11.5 9.5
11.5 15.5
11.5 20.5
11.5 21.5
11.5 28.5
11.5 38.5
11.5 44.5
11.5 51.5
11.5 52.5
11.5 58.5
11.5 66.5
12.5 9.5
12.5 15.5
12.5 20.5
12.5 28.5
12.5 38.5
12.5 44.5
12.5 45.5
12.5 52.5
12.5 57.5
12.5 65.5
13.5 9.5
13.5 27.5
13.5 33.5
13.5 39.5
13.5 44.5
13.5 45.5
13.5 57.5
13.5 65.5
14.5 9.5
14.5 10.5
14.5 26.5
14.5 27.5
14.5 33.5
14.5 39.5
14.5 45.5
14.5 64.5
14.5 65.5
15.5 9.5
15.5 10.5
15.5 26.5
15.5 33.5
15.5 45.5
15.5 46.5
15.5 63.5
15.5 64.5
16.5 10.5
16.5 25.5
16.5 26.5
16.5 33.5
16.5 34.5
16.5 45.5
16.5 46.5
16.5 63.5
16.5 64.5
17.5 10.5
17.5 25.5
17.5 34.5
17.5 46.5
17.5 62.5
17.5 63.5
18.5 10.5
18.5 24.5
18.5 34.5
18.5 46.5
18.5 62.5
19.5 11.5
19.5 24.5
19.5 34.5
19.5 46.5
19.5 47.5
19.5 61.5
19.5 62.5
20.5 11.5
20.5 47.5
20.5 61.5
21.5 35.5
23.5 23.5
24.5 12.5
24.5 60.5
25.5 12.5
25.5 22.5
25.5 34.5
25.5 47.5
25.5 60.5
26.5 12.5
26.5 13.5
26.5 22.5
26.5 34.5
26.5 47.5
26.5 60.5
27.5 13.5
27.5 22.5
27.5 34.5
27.5 46.5
27.5 47.5
27.5 59.5
27.5 60.5
28.5 13.5
28.5 21.5
28.5 22.5
28.5 33.5
28.5 34.5
28.5 46.5
28.5 59.5
28.5 60.5
29.5 13.5
29.5 14.5
29.5 21.5
29.5 33.5
29.5 34.5
29.5 46.5
29.5 59.5
30.5 13.5
30.5 14.5
30.5 21.5
30.5 33.5
30.5 45.5
30.5 46.5
30.5 59.5
31.5 14.5
31.5 20.5
31.5 21.5
31.5 33.5
31.5 45.5
31.5 52.5
31.5 58.5
31.5 59.5
32.5 14.5
32.5 20.5
32.5 27.5
32.5 33.5
32.5 39.5
32.5 45.5
32.5 52.5
32.5 58.5
32.5 59.5
32.5 65.5
33.5 8.5
33.5 14.5
33.5 20.5
33.5 27.5
33.5 39.5
33.5 45.5
33.5 52.5
33.5 58.5
33.5 65.5
34.5 8.5
34.5 15.5
34.5 26.5
34.5 27.5
34.5 38.5
34.5 39.5
34.5 51.5
34.5 52.5
34.5 58.5
34.5 64.5
35.5 9.5
35.5 26.5
35.5 38.5
35.5 39.5
35.5 51.5
35.5 52.5
35.5 58.5
35.5 64.5
36.5 9.5
36.5 25.5
36.5 26.5
36.5 38.5
36.5 51.5
36.5 63.5
36.5 64.5
37.5 9.5
37.5 10.5
37.5 25.5
37.5 26.5
37.5 38.5
37.5 51.5
37.5 63.5
38.5 10.5
38.5 25.5
38.5 38.5
38.5 50.5
38.5 51.5
38.5 63.5
39.5 10.5
39.5 11.5
39.5 24.5
39.5 25.5
39.5 37.5
39.5 38.5
39.5 50.5
39.5 51.5
39.5 62.5
40.5 11.5
40.5 24.5
40.5 37.5
40.5 50.5
40.5 62.5
41.5 50.5
44.5 37.5
45.5 11.5
45.5 25.5
45.5 38.5
45.5 62.5
46.5 10.5
46.5 11.5
46.5 25.5
46.5 38.5
46.5 49.5
46.5 62.5
47.5 10.5
47.5 25.5
47.5 26.5
47.5 38.5
47.5 48.5
47.5 49.5
47.5 63.5
48.5 10.5
48.5 26.5
48.5 27.5
48.5 38.5
48.5 39.5
48.5 48.5
48.5 63.5
49.5 9.5
49.5 10.5
49.5 26.5
49.5 27.5
49.5 39.5
49.5 47.5
49.5 48.5
49.5 63.5
49.5 64.5
50.5 9.5
50.5 10.5
50.5 27.5
50.5 28.5
50.5 39.5
50.5 47.5
50.5 63.5
50.5 64.5
51.5 9.5
51.5 27.5
51.5 28.5
51.5 39.5
51.5 40.5
51.5 46.5
51.5 47.5
51.5 64.5
52.5 9.5
52.5 15.5
52.5 28.5
52.5 34.5
52.5 40.5
52.5 46.5
52.5 58.5
52.5 64.5
53.5 15.5
53.5 20.5
53.5 29.5
53.5 34.5
53.5 40.5
53.5 45.5
53.5 53.5
53.5 58.5
53.5 65.5
54.5 14.5
54.5 21.5
54.5 29.5
54.5 35.5
54.5 45.5
54.5 52.5
54.5 53.5
54.5 58.5
54.5 59.5
54.5 65.5
55.5 14.5
55.5 21.5
55.5 22.5
55.5 35.5
55.5 51.5
55.5 52.5
55.5 59.5
56.5 13.5
56.5 14.5
56.5 22.5
56.5 35.5
56.5 51.5
56.5 59.5
56.5 60.5
57.5 13.5
57.5 22.5
57.5 23.5
57.5 35.5
57.5 50.5
57.5 51.5
57.5 59.5
57.5 60.5
58.5 13.5
58.5 23.5
58.5 24.5
58.5 36.5
58.5 50.5
58.5 60.5
59.5 13.5
59.5 24.5
59.5 36.5
59.5 49.5
59.5 50.5
59.5 60.5
60.5 12.5
60.5 24.5
60.5 25.5
60.5 36.5
60.5 49.5
60.5 61.5
61.5 25.5
