3.5 43.5
3.5 44.5
4.5 13.5
4.5 43.5
4.5 44.5
4.5 45.5
4.5 57.5
4.5 58.5
4.5 59.5
4.5 60.5
5.5 13.5
5.5 14.5
5.5 15.5
5.5 27.5
5.5 28.5
5.5 43.5
5.5 44.5
5.5 45.5
5.5 46.5
5.5 56.5
5.5 57.5
5.5 58.5
5.5 59.5
5.5 60.5
6.5 14.5
6.5 15.5
6.5 16.5
6.5 26.5
6.5 27.5
6.5 28.5
6.5 44.5
6.5 45.5
6.5 46.5
6.5 47.5
6.5 55.5
6.5 56.5
6.5 57.5
6.5 58.5
6.5 59.5
7.5 14.5
7.5 15.5
7.5 16.5
7.5 17.5
7.5 18.5
7.5 25.5
7.5 26.5
7.5 27.5
7.5 45.5
7.5 46.5
7.5 47.5
7.5 48.5
7.5 54.5
7.5 55.5
7.5 56.5
7.5 57.5
7.5 58.5
8.5 16.5
8.5 17.5
8.5 18.5
8.5 24.5
8.5 25.5
8.5 26.5
8.5 45.5
8.5 46.5
8.5 47.5
8.5 48.5
8.5 54.5
8.5 55.5
8.5 56.5
8.5 57.5
9.5 8.5
9.5 9.5
9.5 17.5
9.5 18.5
9.5 19.5
9.5 23.5
9.5 24.5
9.5 25.5
9.5 33.5
9.5 34.5
9.5 38.5
9.5 39.5
9.5 47.5
9.5 48.5
9.5 49.5
9.5 53.5
9.5 54.5
9.5 55.5
9.5 56.5
10.5 8.5
10.5 9.5
10.5 10.5
10.5 11.5
10.5 19.5
10.5 23.5
10.5 31.5
10.5 32.5
10.5 33.5
10.5 34.5
10.5 39.5
10.5 40.5
10.5 63.5
10.5 64.5
10.5 65.5
11.5 9.5
11.5 10.5
11.5 11.5
11.5 12.5
11.5 30.5
11.5 31.5
11.5 32.5
11.5 33.5
11.5 34.5
11.5 39.5
11.5 40.5
11.5 41.5
11.5 62.5
11.5 63.5
11.5 64.5
11.5 65.5
12.5 9.5
12.5 10.5
12.5 11.5
12.5 12.5
12.5 29.5
12.5 30.5
12.5 31.5
12.5 32.5
12.5 33.5
12.5 40.5
12.5 41.5
12.5 42.5
12.5 61.5
12.5 62.5
12.5 63.5
12.5 64.5
13.5 10.5
13.5 11.5
13.5 12.5
13.5 13.5
13.5 28.5
13.5 29.5
13.5 30.5
13.5 31.5
13.5 32.5
13.5 40.5
13.5 41.5
13.5 42.5
13.5 43.5
13.5 60.5
13.5 61.5
13.5 62.5
13.5 63.5
14.5 11.5
14.5 12.5
14.5 13.5
14.5 28.5
14.5 29.5
14.5 30.5
14.5 31.5
14.5 41.5
14.5 42.5
14.5 43.5
14.5 44.5
14.5 59.5
14.5 60.5
14.5 61.5
14.5 62.5
15.5 12.5
15.5 13.5
15.5 28.5
15.5 29.5
15.5 30.5
15.5 43.5
15.5 44.5
15.5 59.5
15.5 60.5
16.5 44.5
19.5 13.5
19.5 14.5
19.5 59.5
20.5 12.5
20.5 13.5
20.5 14.5
20.5 27.5
20.5 28.5
20.5 29.5
20.5 30.5
20.5 44.5
20.5 45.5
20.5 46.5
20.5 59.5
20.5 60.5
20.5 61.5
21.5 11.5
21.5 12.5
21.5 13.5
21.5 26.5
21.5 27.5
21.5 28.5
21.5 29.5
21.5 30.5
21.5 45.5
21.5 46.5
21.5 47.5
21.5 59.5
21.5 60.5
21.5 61.5
21.5 62.5
22.5 10.5
22.5 11.5
22.5 12.5
22.5 25.5
22.5 26.5
22.5 27.5
22.5 28.5
22.5 29.5
22.5 45.5
22.5 46.5
22.5 47.5
22.5 48.5
22.5 60.5
22.5 61.5
22.5 62.5
22.5 63.5
23.5 9.5
23.5 10.5
23.5 11.5
23.5 12.5
23.5 24.5
23.5 25.5
23.5 26.5
23.5 27.5
23.5 28.5
23.5 46.5
23.5 47.5
23.5 48.5
23.5 49.5
23.5 61.5
23.5 62.5
23.5 63.5
23.5 64.5
24.5 9.5
24.5 10.5
24.5 11.5
24.5 17.5
24.5 18.5
24.5 19.5
24.5 23.5
24.5 24.5
24.5 25.5
24.5 26.5
24.5 27.5
24.5 47.5
24.5 48.5
24.5 49.5
24.5 54.5
24.5 55.5
24.5 62.5
24.5 63.5
24.5 64.5
24.5 65.5
25.5 8.5
25.5 9.5
25.5 10.5
25.5 16.5
25.5 17.5
25.5 18.5
25.5 23.5
25.5 24.5
25.5 25.5
25.5 35.5
25.5 40.5
25.5 41.5
25.5 48.5
25.5 49.5
25.5 50.5
25.5 54.5
25.5 55.5
25.5 56.5
25.5 64.5
25.5 65.5
26.5 15.5
26.5 16.5
26.5 17.5
26.5 18.5
26.5 33.5
26.5 34.5
26.5 35.5
26.5 40.5
26.5 41.5
26.5 42.5
26.5 55.5
26.5 56.5
26.5 57.5
27.5 15.5
27.5 16.5
27.5 17.5
27.5 31.5
27.5 32.5
27.5 33.5
27.5 34.5
27.5 35.5
27.5 40.5
27.5 41.5
27.5 42.5
27.5 43.5
27.5 55.5
27.5 56.5
27.5 57.5
27.5 58.5
28.5 14.5
28.5 15.5
28.5 16.5
28.5 17.5
28.5 30.5
28.5 31.5
28.5 32.5
28.5 33.5
28.5 34.5
28.5 41.5
28.5 42.5
28.5 43.5
28.5 44.5
28.5 56.5
28.5 57.5
28.5 58.5
28.5 59.5
29.5 14.5
29.5 15.5
29.5 16.5
29.5 29.5
29.5 30.5
29.5 31.5
29.5 32.5
29.5 33.5
29.5 42.5
29.5 43.5
29.5 44.5
29.5 45.5
29.5 57.5
29.5 58.5
29.5 59.5
30.5 14.5
30.5 15.5
30.5 29.5
30.5 30.5
30.5 31.5
30.5 32.5
30.5 43.5
30.5 44.5
30.5 45.5
30.5 59.5
31.5 29.5
31.5 30.5
31.5 44.5
31.5 45.5
34.5 14.5
34.5 59.5
34.5 60.5
35.5 14.5
35.5 15.5
35.5 16.5
35.5 29.5
35.5 30.5
35.5 44.5
35.5 45.5
35.5 58.5
35.5 59.5
35.5 60.5
36.5 14.5
36.5 15.5
36.5 16.5
36.5 17.5
36.5 27.5
36.5 28.5
36.5 29.5
36.5 30.5
36.5 42.5
36.5 43.5
36.5 44.5
36.5 45.5
36.5 57.5
36.5 58.5
36.5 59.5
36.5 60.5
37.5 15.5
37.5 16.5
37.5 17.5
37.5 18.5
37.5 25.5
37.5 26.5
37.5 27.5
37.5 28.5
37.5 29.5
37.5 41.5
37.5 42.5
37.5 43.5
37.5 44.5
37.5 57.5
37.5 58.5
37.5 59.5
38.5 16.5
38.5 17.5
38.5 18.5
38.5 19.5
38.5 24.5
38.5 25.5
38.5 26.5
38.5 27.5
38.5 28.5
38.5 41.5
38.5 42.5
38.5 43.5
38.5 56.5
38.5 57.5
38.5 58.5
38.5 59.5
39.5 9.5
39.5 10.5
39.5 17.5
39.5 18.5
39.5 19.5
39.5 24.5
39.5 25.5
39.5 26.5
39.5 27.5
39.5 40.5
39.5 41.5
39.5 42.5
39.5 51.5
39.5 56.5
39.5 57.5
39.5 58.5
39.5 65.5
40.5 9.5
40.5 10.5
40.5 11.5
40.5 19.5
40.5 23.5
40.5 24.5
40.5 25.5
40.5 34.5
40.5 35.5
40.5 39.5
40.5 40.5
40.5 41.5
40.5 49.5
40.5 50.5
40.5 51.5
40.5 56.5
40.5 57.5
40.5 64.5
40.5 65.5
40.5 66.5
41.5 9.5
41.5 10.5
41.5 11.5
41.5 12.5
41.5 32.5
41.5 33.5
41.5 34.5
41.5 35.5
41.5 47.5
41.5 48.5
41.5 49.5
41.5 50.5
41.5 51.5
41.5 56.5
41.5 63.5
41.5 64.5
41.5 65.5
41.5 66.5
42.5 10.5
42.5 11.5
42.5 12.5
42.5 13.5
42.5 31.5
42.5 32.5
42.5 33.5
42.5 34.5
42.5 46.5
42.5 47.5
42.5 48.5
42.5 49.5
42.5 50.5
42.5 63.5
42.5 64.5
42.5 65.5
43.5 11.5
43.5 12.5
43.5 13.5
43.5 14.5
43.5 30.5
43.5 31.5
43.5 32.5
43.5 33.5
43.5 46.5
43.5 47.5
43.5 48.5
43.5 49.5
43.5 50.5
43.5 62.5
43.5 63.5
43.5 64.5
43.5 65.5
44.5 12.5
44.5 13.5
44.5 14.5
44.5 29.5
44.5 30.5
44.5 31.5
44.5 32.5
44.5 45.5
44.5 46.5
44.5 47.5
44.5 48.5
44.5 49.5
44.5 62.5
44.5 63.5
44.5 64.5
45.5 13.5
45.5 14.5
45.5 15.5
45.5 29.5
45.5 30.5
45.5 45.5
45.5 46.5
45.5 47.5
45.5 62.5
45.5 63.5
45.5 64.5
46.5 62.5
46.5 63.5
49.5 14.5
49.5 29.5
49.5 30.5
50.5 14.5
50.5 15.5
50.5 16.5
50.5 29.5
50.5 30.5
50.5 31.5
50.5 45.5
50.5 46.5
50.5 47.5
51.5 14.5
51.5 15.5
51.5 16.5
51.5 17.5
51.5 29.5
51.5 30.5
51.5 31.5
51.5 32.5
51.5 45.5
51.5 46.5
51.5 47.5
51.5 48.5
51.5 62.5
51.5 63.5
52.5 15.5
52.5 16.5
52.5 17.5
52.5 18.5
52.5 30.5
52.5 31.5
52.5 32.5
52.5 33.5
52.5 46.5
52.5 47.5
52.5 48.5
52.5 49.5
52.5 62.5
52.5 63.5
52.5 64.5
53.5 15.5
53.5 16.5
53.5 17.5
53.5 18.5
53.5 19.5
53.5 31.5
53.5 32.5
53.5 33.5
53.5 34.5
53.5 47.5
53.5 48.5
53.5 49.5
53.5 50.5
53.5 62.5
53.5 63.5
53.5 64.5
53.5 65.5
54.5 16.5
54.5 17.5
54.5 18.5
54.5 19.5
54.5 24.5
54.5 25.5
54.5 32.5
54.5 33.5
54.5 34.5
54.5 39.5
54.5 40.5
54.5 48.5
54.5 49.5
54.5 50.5
54.5 51.5
54.5 63.5
54.5 64.5
54.5 65.5
54.5 66.5
55.5 9.5
55.5 10.5
55.5 17.5
55.5 18.5
55.5 19.5
55.5 24.5
55.5 25.5
55.5 26.5
55.5 33.5
55.5 34.5
55.5 35.5
55.5 39.5
55.5 40.5
55.5 41.5
55.5 50.5
55.5 51.5
55.5 55.5
55.5 56.5
55.5 64.5
55.5 65.5
55.5 66.5
55.5 67.5
56.5 9.5
56.5 10.5
56.5 11.5
56.5 19.5
56.5 24.5
56.5 25.5
56.5 26.5
56.5 27.5
56.5 39.5
56.5 40.5
56.5 41.5
56.5 42.5
56.5 55.5
56.5 56.5
56.5 57.5
56.5 58.5
56.5 65.5
56.5 66.5
56.5 67.5
57.5 9.5
57.5 10.5
57.5 11.5
57.5 12.5
57.5 25.5
57.5 26.5
57.5 27.5
57.5 28.5
57.5 40.5
57.5 41.5
57.5 42.5
57.5 43.5
57.5 56.5
57.5 57.5
57.5 58.5
57.5 59.5
58.5 10.5
58.5 11.5
58.5 12.5
58.5 13.5
58.5 25.5
58.5 26.5
58.5 27.5
58.5 28.5
58.5 41.5
58.5 42.5
58.5 43.5
58.5 44.5
58.5 57.5
58.5 58.5
58.5 59.5
58.5 60.5
59.5 11.5
59.5 12.5
59.5 13.5
59.5 14.5
59.5 26.5
59.5 27.5
59.5 28.5
59.5 29.5
59.5 42.5
59.5 43.5
59.5 44.5
59.5 45.5
59.5 58.5
59.5 59.5
59.5 60.5
59.5 61.5
60.5 12.5
60.5 13.5
60.5 14.5
60.5 27.5
60.5 28.5
60.5 29.5
60.5 43.5
60.5 44.5
60.5 45.5
60.5 59.5
60.5 60.5
60.5 61.5
61.5 14.5
61.5 61.5
