5.5 16.5
6.5 14.5
6.5 15.5
6.5 35.5
6.5 36.5
6.5 37.5
6.5 58.5
6.5 59.5
7.5 12.5
7.5 13.5
7.5 14.5
7.5 33.5
7.5 34.5
7.5 35.5
7.5 36.5
7.5 59.5
7.5 60.5
7.5 61.5
8.5 11.5
8.5 12.5
8.5 32.5
8.5 33.5
8.5 34.5
8.5 60.5
8.5 61.5
8.5 62.5
9.5 10.5
9.5 31.5
9.5 32.5
9.5 33.5
9.5 62.5
9.5 63.5
10.5 30.5
10.5 64.5
11.5 21.5
11.5 22.5
12.5 19.5
12.5 20.5
12.5 21.5
12.5 42.5
12.5 43.5
12.5 51.5
12.5 52.5
13.5 18.5
13.5 19.5
13.5 20.5
13.5 40.5
13.5 41.5
13.5 42.5
13.5 52.5
13.5 53.5
13.5 54.5
14.5 17.5
14.5 18.5
14.5 38.5
14.5 39.5
14.5 40.5
14.5 54.5
14.5 55.5
14.5 56.5
15.5 37.5
15.5 38.5
15.5 39.5
15.5 56.5
15.5 57.5
21.5 15.5
21.5 16.5
22.5 12.5
22.5 13.5
22.5 14.5
22.5 15.5
22.5 35.5
22.5 36.5
22.5 56.5
22.5 57.5
23.5 10.5
23.5 11.5
23.5 12.5
23.5 33.5
23.5 34.5
23.5 35.5
23.5 53.5
23.5 54.5
23.5 55.5
23.5 56.5
24.5 32.5
24.5 33.5
24.5 34.5
24.5 51.5
24.5 52.5
24.5 53.5
24.5 54.5
25.5 31.5
25.5 32.5
25.5 50.5
25.5 51.5
25.5 52.5
27.5 19.5
27.5 20.5
27.5 21.5
27.5 22.5
27.5 23.5
27.5 41.5
27.5 42.5
27.5 43.5
27.5 64.5
27.5 65.5
28.5 17.5
28.5 18.5
28.5 19.5
28.5 20.5
28.5 21.5
28.5 40.5
28.5 41.5
28.5 61.5
28.5 62.5
28.5 63.5
28.5 64.5
29.5 38.5
29.5 39.5
29.5 40.5
29.5 59.5
29.5 60.5
29.5 61.5
29.5 62.5
30.5 37.5
30.5 38.5
30.5 58.5
30.5 59.5
36.5 13.5
36.5 14.5
36.5 15.5
36.5 16.5
36.5 37.5
37.5 11.5
37.5 12.5
37.5 13.5
37.5 14.5
37.5 38.5
37.5 39.5
37.5 58.5
37.5 59.5
37.5 60.5
37.5 61.5
38.5 10.5
38.5 11.5
38.5 12.5
38.5 39.5
38.5 40.5
38.5 41.5
38.5 60.5
38.5 61.5
38.5 62.5
38.5 63.5
39.5 9.5
39.5 40.5
39.5 41.5
39.5 42.5
39.5 63.5
39.5 64.5
39.5 65.5
40.5 43.5
41.5 50.5
41.5 51.5
42.5 21.5
42.5 22.5
42.5 23.5
42.5 31.5
42.5 32.5
42.5 33.5
42.5 51.5
42.5 52.5
42.5 53.5
42.5 54.5
43.5 18.5
43.5 19.5
43.5 20.5
43.5 21.5
43.5 32.5
43.5 33.5
43.5 34.5
43.5 53.5
43.5 54.5
43.5 55.5
43.5 56.5
44.5 17.5
44.5 18.5
44.5 19.5
44.5 34.5
44.5 35.5
44.5 36.5
44.5 55.5
44.5 56.5
44.5 57.5
45.5 36.5
51.5 36.5
51.5 56.5
51.5 57.5
52.5 13.5
52.5 14.5
52.5 15.5
52.5 16.5
52.5 34.5
52.5 35.5
52.5 54.5
52.5 55.5
52.5 56.5
53.5 11.5
53.5 12.5
53.5 13.5
53.5 14.5
53.5 15.5
53.5 32.5
53.5 33.5
53.5 34.5
53.5 52.5
53.5 53.5
53.5 54.5
53.5 55.5
54.5 10.5
54.5 11.5
54.5 12.5
54.5 31.5
54.5 32.5
54.5 51.5
54.5 52.5
55.5 30.5
56.5 23.5
56.5 42.5
56.5 43.5
56.5 62.5
56.5 63.5
56.5 64.5
57.5 21.5
57.5 22.5
57.5 39.5
57.5 40.5
57.5 41.5
57.5 42.5
57.5 61.5
57.5 62.5
57.5 63.5
58.5 19.5
58.5 20.5
58.5 21.5
58.5 38.5
58.5 39.5
58.5 40.5
58.5 41.5
58.5 60.5
58.5 61.5
59.5 18.5
59.5 19.5
59.5 37.5
59.5 38.5
59.5 59.5
59.5 60.5
60.5 17.5
60.5 58.5
