5.5 10.5
5.5 21.5
5.5 31.5
5.5 40.5
5.5 61.5
6.5 11.5
6.5 21.5
6.5 31.5
6.5 41.5
6.5 50.5
6.5 61.5
6.5 62.5
6.5 68.5
7.5 11.5
7.5 20.5
7.5 21.5
7.5 30.5
7.5 41.5
7.5 42.5
7.5 50.5
7.5 61.5
7.5 62.5
8.5 11.5
8.5 12.5
8.5 19.5
8.5 20.5
8.5 30.5
8.5 41.5
8.5 42.5
8.5 49.5
8.5 50.5
8.5 61.5
8.5 62.5
9.5 12.5
9.5 19.5
9.5 29.5
9.5 42.5
9.5 43.5
9.5 49.5
9.5 62.5
9.5 63.5
10.5 7.5
10.5 13.5
10.5 18.5
10.5 19.5
10.5 29.5
10.5 42.5
10.5 43.5
10.5 49.5
10.5 62.5
10.5 63.5
11.5 8.5
11.5 13.5
11.5 18.5
11.5 24.5
11.5 28.5
11.5 29.5
11.5 34.5
11.5 43.5
11.5 44.5
11.5 48.5
11.5 49.5
11.5 56.5
11.5 62.5
11.5 63.5
12.5 8.5
12.5 14.5
12.5 17.5
12.5 23.5
12.5 24.5
12.5 28.5
12.5 34.5
12.5 38.5
12.5 43.5
12.5 44.5
12.5 48.5
12.5 53.5
12.5 57.5
12.5 63.5
13.5 8.5
13.5 9.5
13.5 14.5
13.5 17.5
13.5 23.5
13.5 28.5
13.5 33.5
13.5 34.5
13.5 38.5
13.5 39.5
13.5 44.5
13.5 48.5
13.5 53.5
13.5 57.5
13.5 58.5
14.5 9.5
14.5 22.5
14.5 23.5
14.5 27.5
14.5 33.5
14.5 34.5
14.5 39.5
14.5 52.5
14.5 58.5
15.5 9.5
15.5 10.5
15.5 22.5
15.5 32.5
15.5 33.5
15.5 39.5
15.5 40.5
15.5 52.5
15.5 58.5
15.5 59.5
16.5 10.5
16.5 22.5
16.5 32.5
16.5 33.5
16.5 40.5
16.5 51.5
16.5 59.5
17.5 10.5
17.5 11.5
17.5 21.5
17.5 32.5
17.5 33.5
17.5 40.5
17.5 41.5
17.5 51.5
17.5 59.5
18.5 11.5
18.5 21.5
18.5 31.5
18.5 32.5
18.5 41.5
18.5 60.5
18.5 68.5
19.5 31.5
19.5 32.5
19.5 42.5
19.5 50.5
20.5 11.5
20.5 31.5
20.5 42.5
20.5 60.5
21.5 11.5
21.5 20.5
21.5 42.5
21.5 50.5
21.5 60.5
21.5 61.5
22.5 11.5
22.5 12.5
22.5 19.5
22.5 20.5
22.5 31.5
22.5 42.5
22.5 50.5
22.5 61.5
23.5 11.5
23.5 12.5
23.5 19.5
23.5 31.5
23.5 32.5
23.5 42.5
23.5 43.5
23.5 49.5
23.5 61.5
23.5 62.5
24.5 12.5
24.5 18.5
24.5 19.5
24.5 32.5
24.5 43.5
24.5 49.5
24.5 62.5
25.5 7.5
25.5 12.5
25.5 13.5
25.5 18.5
25.5 32.5
25.5 33.5
25.5 43.5
25.5 48.5
25.5 49.5
25.5 62.5
25.5 63.5
26.5 12.5
26.5 13.5
26.5 17.5
26.5 18.5
26.5 23.5
26.5 24.5
26.5 27.5
26.5 33.5
26.5 38.5
26.5 43.5
26.5 44.5
26.5 48.5
26.5 53.5
26.5 57.5
26.5 63.5
27.5 8.5
27.5 13.5
27.5 17.5
27.5 23.5
27.5 27.5
27.5 33.5
27.5 34.5
27.5 38.5
27.5 44.5
27.5 48.5
27.5 53.5
27.5 57.5
27.5 58.5
27.5 63.5
28.5 8.5
28.5 13.5
28.5 22.5
28.5 23.5
28.5 28.5
28.5 34.5
28.5 38.5
28.5 39.5
28.5 44.5
28.5 47.5
28.5 52.5
28.5 53.5
28.5 58.5
29.5 9.5
29.5 22.5
29.5 28.5
29.5 39.5
29.5 44.5
29.5 47.5
29.5 52.5
29.5 58.5
29.5 59.5
30.5 9.5
30.5 21.5
30.5 22.5
30.5 28.5
30.5 29.5
30.5 39.5
30.5 40.5
30.5 51.5
30.5 52.5
30.5 59.5
31.5 10.5
31.5 21.5
31.5 29.5
31.5 39.5
31.5 40.5
31.5 51.5
31.5 52.5
31.5 59.5
31.5 60.5
32.5 10.5
32.5 20.5
32.5 21.5
32.5 29.5
32.5 40.5
32.5 51.5
32.5 60.5
33.5 20.5
33.5 30.5
33.5 40.5
33.5 51.5
34.5 30.5
34.5 50.5
35.5 20.5
35.5 40.5
35.5 51.5
35.5 61.5
36.5 11.5
36.5 20.5
36.5 30.5
36.5 40.5
36.5 51.5
36.5 61.5
37.5 11.5
37.5 12.5
37.5 19.5
37.5 20.5
37.5 31.5
37.5 39.5
37.5 40.5
37.5 50.5
37.5 61.5
37.5 62.5
37.5 68.5
38.5 12.5
38.5 19.5
38.5 31.5
38.5 32.5
38.5 39.5
38.5 40.5
38.5 49.5
38.5 50.5
38.5 61.5
38.5 62.5
39.5 12.5
39.5 13.5
39.5 18.5
39.5 19.5
39.5 32.5
39.5 38.5
39.5 39.5
39.5 49.5
39.5 50.5
39.5 62.5
40.5 7.5
40.5 13.5
40.5 18.5
40.5 19.5
40.5 32.5
40.5 33.5
40.5 38.5
40.5 39.5
40.5 44.5
40.5 49.5
40.5 62.5
40.5 63.5
41.5 8.5
41.5 13.5
41.5 18.5
41.5 24.5
41.5 27.5
41.5 33.5
41.5 38.5
41.5 44.5
41.5 48.5
41.5 49.5
41.5 54.5
41.5 57.5
41.5 62.5
41.5 63.5
42.5 8.5
42.5 9.5
42.5 14.5
42.5 17.5
42.5 18.5
42.5 23.5
42.5 24.5
42.5 28.5
42.5 34.5
42.5 37.5
42.5 38.5
42.5 43.5
42.5 44.5
42.5 48.5
42.5 53.5
42.5 54.5
42.5 58.5
42.5 63.5
43.5 8.5
43.5 9.5
43.5 17.5
43.5 23.5
43.5 28.5
43.5 29.5
43.5 34.5
43.5 37.5
43.5 43.5
43.5 48.5
43.5 53.5
43.5 58.5
43.5 63.5
44.5 8.5
44.5 9.5
44.5 22.5
44.5 23.5
44.5 29.5
44.5 42.5
44.5 43.5
44.5 47.5
44.5 53.5
44.5 58.5
44.5 59.5
44.5 64.5
45.5 9.5
45.5 10.5
45.5 22.5
45.5 23.5
45.5 29.5
45.5 30.5
45.5 42.5
45.5 43.5
45.5 52.5
45.5 53.5
45.5 58.5
45.5 59.5
46.5 9.5
46.5 10.5
46.5 22.5
46.5 30.5
46.5 31.5
46.5 42.5
46.5 52.5
46.5 59.5
47.5 10.5
47.5 22.5
47.5 31.5
47.5 42.5
47.5 52.5
47.5 59.5
47.5 60.5
47.5 68.5
48.5 10.5
48.5 21.5
48.5 31.5
48.5 41.5
48.5 51.5
48.5 52.5
48.5 59.5
48.5 60.5
49.5 41.5
49.5 51.5
49.5 60.5
50.5 10.5
50.5 21.5
50.5 41.5
50.5 51.5
50.5 60.5
51.5 10.5
51.5 21.5
51.5 32.5
51.5 41.5
52.5 9.5
52.5 10.5
52.5 20.5
52.5 21.5
52.5 32.5
52.5 40.5
52.5 41.5
52.5 50.5
52.5 60.5
53.5 9.5
53.5 10.5
53.5 20.5
53.5 21.5
53.5 32.5
53.5 33.5
53.5 40.5
53.5 50.5
53.5 61.5
54.5 9.5
54.5 20.5
54.5 33.5
54.5 40.5
54.5 49.5
54.5 50.5
54.5 61.5
54.5 62.5
55.5 8.5
55.5 9.5
55.5 15.5
55.5 19.5
55.5 20.5
55.5 33.5
55.5 39.5
55.5 40.5
55.5 49.5
55.5 62.5
56.5 8.5
56.5 9.5
56.5 14.5
56.5 15.5
56.5 19.5
56.5 20.5
56.5 25.5
56.5 33.5
56.5 34.5
56.5 39.5
56.5 44.5
56.5 48.5
56.5 49.5
56.5 62.5
56.5 63.5
56.5 68.5
57.5 8.5
57.5 14.5
57.5 19.5
57.5 24.5
57.5 28.5
57.5 34.5
57.5 39.5
57.5 44.5
57.5 48.5
57.5 63.5
58.5 7.5
58.5 8.5
58.5 14.5
58.5 19.5
58.5 24.5
58.5 28.5
58.5 29.5
58.5 34.5
58.5 38.5
58.5 39.5
58.5 43.5
58.5 47.5
58.5 48.5
58.5 54.5
58.5 57.5
58.5 63.5
58.5 64.5
59.5 7.5
59.5 13.5
59.5 14.5
59.5 19.5
59.5 23.5
59.5 24.5
59.5 28.5
59.5 29.5
59.5 34.5
59.5 35.5
59.5 38.5
59.5 43.5
59.5 47.5
59.5 53.5
59.5 58.5
59.5 64.5
60.5 13.5
60.5 14.5
60.5 23.5
60.5 29.5
60.5 30.5
60.5 35.5
60.5 38.5
60.5 42.5
60.5 43.5
60.5 47.5
60.5 52.5
60.5 53.5
60.5 58.5
60.5 59.5
60.5 65.5
61.5 13.5
61.5 23.5
61.5 29.5
61.5 30.5
61.5 42.5
61.5 52.5
61.5 59.5
61.5 60.5
62.5 12.5
62.5 13.5
62.5 22.5
62.5 30.5
62.5 42.5
62.5 51.5
62.5 52.5
62.5 60.5
63.5 12.5
63.5 22.5
63.5 30.5
63.5 31.5
63.5 41.5
63.5 51.5
63.5 60.5
63.5 61.5
64.5 12.5
64.5 31.5
64.5 41.5
64.5 50.5
64.5 61.5
