5.5 10.5
5.5 41.5
5.5 51.5
6.5 10.5
6.5 21.5
6.5 30.5
6.5 41.5
6.5 51.5
6.5 60.5
7.5 11.5
7.5 21.5
7.5 29.5
7.5 42.5
7.5 51.5
7.5 60.5
7.5 61.5
8.5 11.5
8.5 29.5
8.5 42.5
8.5 61.5
9.5 11.5
9.5 12.5
9.5 22.5
9.5 28.5
9.5 42.5
9.5 43.5
9.5 52.5
9.5 56.5
9.5 61.5
9.5 62.5
10.5 12.5
10.5 22.5
10.5 28.5
10.5 34.5
10.5 43.5
10.5 52.5
10.5 56.5
10.5 62.5
11.5 12.5
11.5 27.5
11.5 34.5
11.5 38.5
11.5 43.5
11.5 44.5
11.5 48.5
11.5 52.5
11.5 57.5
11.5 62.5
12.5 6.5
12.5 12.5
12.5 13.5
12.5 18.5
12.5 23.5
12.5 27.5
12.5 33.5
12.5 38.5
12.5 44.5
12.5 48.5
12.5 57.5
12.5 63.5
13.5 7.5
13.5 13.5
13.5 18.5
13.5 23.5
13.5 26.5
13.5 33.5
13.5 39.5
13.5 48.5
13.5 53.5
13.5 57.5
14.5 7.5
14.5 13.5
14.5 18.5
14.5 32.5
14.5 33.5
14.5 39.5
14.5 49.5
14.5 53.5
14.5 58.5
15.5 7.5
15.5 8.5
15.5 18.5
15.5 19.5
15.5 32.5
15.5 39.5
15.5 49.5
15.5 58.5
16.5 8.5
16.5 19.5
16.5 31.5
16.5 32.5
16.5 40.5
16.5 49.5
16.5 58.5
17.5 8.5
17.5 9.5
17.5 19.5
17.5 31.5
17.5 40.5
17.5 59.5
18.5 9.5
18.5 19.5
18.5 31.5
18.5 59.5
19.5 30.5
19.5 41.5
19.5 50.5
20.5 10.5
20.5 59.5
21.5 10.5
21.5 19.5
21.5 31.5
21.5 41.5
21.5 60.5
22.5 20.5
22.5 30.5
22.5 31.5
22.5 42.5
22.5 49.5
22.5 60.5
23.5 9.5
23.5 21.5
23.5 30.5
23.5 42.5
23.5 49.5
23.5 61.5
24.5 8.5
24.5 21.5
24.5 29.5
24.5 43.5
24.5 49.5
24.5 61.5
24.5 62.5
25.5 8.5
25.5 22.5
25.5 28.5
25.5 29.5
25.5 35.5
25.5 43.5
25.5 53.5
25.5 56.5
25.5 62.5
26.5 7.5
26.5 13.5
26.5 16.5
26.5 23.5
26.5 27.5
26.5 28.5
26.5 34.5
26.5 38.5
26.5 44.5
26.5 48.5
26.5 53.5
26.5 57.5
26.5 63.5
27.5 6.5
27.5 7.5
27.5 13.5
27.5 17.5
27.5 23.5
27.5 27.5
27.5 34.5
27.5 38.5
27.5 44.5
27.5 48.5
27.5 53.5
27.5 57.5
27.5 63.5
28.5 6.5
28.5 12.5
28.5 17.5
28.5 18.5
28.5 24.5
28.5 26.5
28.5 33.5
28.5 39.5
28.5 48.5
28.5 58.5
28.5 68.5
29.5 11.5
29.5 12.5
29.5 18.5
29.5 32.5
29.5 33.5
29.5 39.5
29.5 45.5
29.5 52.5
29.5 58.5
30.5 11.5
30.5 19.5
30.5 32.5
30.5 40.5
30.5 52.5
30.5 59.5
31.5 10.5
31.5 20.5
31.5 31.5
31.5 40.5
31.5 41.5
31.5 52.5
31.5 59.5
32.5 10.5
32.5 20.5
32.5 31.5
32.5 41.5
32.5 52.5
32.5 60.5
33.5 9.5
33.5 21.5
33.5 30.5
34.5 9.5
34.5 20.5
35.5 20.5
35.5 30.5
35.5 51.5
35.5 61.5
36.5 10.5
36.5 21.5
36.5 30.5
36.5 41.5
36.5 61.5
37.5 10.5
37.5 21.5
37.5 30.5
37.5 41.5
37.5 42.5
37.5 52.5
37.5 62.5
38.5 10.5
38.5 11.5
38.5 22.5
38.5 29.5
38.5 42.5
38.5 52.5
38.5 62.5
38.5 68.5
39.5 6.5
39.5 11.5
39.5 22.5
39.5 29.5
39.5 42.5
39.5 43.5
39.5 52.5
39.5 63.5
40.5 11.5
40.5 16.5
40.5 23.5
40.5 29.5
40.5 34.5
40.5 37.5
40.5 43.5
40.5 48.5
40.5 53.5
40.5 63.5
41.5 7.5
41.5 12.5
41.5 16.5
41.5 23.5
41.5 28.5
41.5 37.5
41.5 43.5
41.5 44.5
41.5 48.5
41.5 53.5
41.5 57.5
41.5 64.5
42.5 7.5
42.5 12.5
42.5 17.5
42.5 24.5
42.5 28.5
42.5 33.5
42.5 38.5
42.5 44.5
42.5 48.5
42.5 53.5
42.5 58.5
42.5 64.5
43.5 12.5
43.5 17.5
43.5 18.5
43.5 24.5
43.5 33.5
43.5 38.5
43.5 49.5
43.5 58.5
43.5 59.5
43.5 65.5
44.5 8.5
44.5 18.5
44.5 32.5
44.5 33.5
44.5 39.5
44.5 45.5
44.5 49.5
44.5 54.5
44.5 59.5
45.5 8.5
45.5 18.5
45.5 19.5
45.5 32.5
45.5 39.5
45.5 49.5
45.5 59.5
45.5 60.5
46.5 19.5
46.5 32.5
46.5 39.5
46.5 40.5
46.5 60.5
46.5 61.5
47.5 9.5
47.5 19.5
47.5 20.5
47.5 31.5
47.5 40.5
47.5 50.5
47.5 61.5
48.5 9.5
48.5 20.5
48.5 31.5
48.5 40.5
48.5 50.5
48.5 62.5
49.5 41.5
50.5 20.5
50.5 50.5
51.5 10.5
51.5 20.5
51.5 41.5
51.5 61.5
52.5 11.5
52.5 19.5
52.5 20.5
52.5 31.5
52.5 41.5
52.5 51.5
52.5 60.5
52.5 61.5
53.5 11.5
53.5 19.5
53.5 41.5
53.5 51.5
53.5 60.5
54.5 12.5
54.5 18.5
54.5 19.5
54.5 32.5
54.5 42.5
54.5 52.5
54.5 59.5
54.5 60.5
55.5 13.5
55.5 18.5
55.5 19.5
55.5 24.5
55.5 32.5
55.5 42.5
55.5 52.5
55.5 59.5
55.5 66.5
56.5 7.5
56.5 13.5
56.5 18.5
56.5 24.5
56.5 33.5
56.5 37.5
56.5 42.5
56.5 47.5
56.5 53.5
56.5 58.5
56.5 59.5
56.5 65.5
57.5 7.5
57.5 8.5
57.5 14.5
57.5 18.5
57.5 28.5
57.5 33.5
57.5 37.5
57.5 42.5
57.5 43.5
57.5 48.5
57.5 53.5
57.5 58.5
57.5 65.5
58.5 8.5
58.5 17.5
58.5 23.5
58.5 28.5
58.5 34.5
58.5 43.5
58.5 48.5
58.5 57.5
58.5 64.5
59.5 8.5
59.5 9.5
59.5 23.5
59.5 28.5
59.5 34.5
59.5 38.5
59.5 43.5
59.5 48.5
59.5 54.5
59.5 57.5
59.5 64.5
60.5 9.5
60.5 10.5
60.5 23.5
60.5 29.5
60.5 38.5
60.5 48.5
60.5 49.5
60.5 63.5
61.5 10.5
61.5 22.5
61.5 29.5
61.5 39.5
61.5 49.5
61.5 63.5
62.5 10.5
62.5 11.5
62.5 22.5
62.5 29.5
62.5 39.5
62.5 49.5
62.5 62.5
63.5 11.5
63.5 22.5
63.5 30.5
63.5 50.5
63.5 62.5
64.5 30.5
64.5 40.5
64.5 50.5
64.5 61.5
