7.5 9.5
7.5 20.5
7.5 30.5
8.5 29.5
8.5 60.5
9.5 8.5
9.5 21.5
9.5 28.5
9.5 49.5
9.5 59.5
10.5 8.5
10.5 22.5
10.5 28.5
10.5 39.5
10.5 59.5
11.5 7.5
11.5 27.5
11.5 34.5
11.5 39.5
11.5 48.5
12.5 7.5
12.5 17.5
12.5 53.5
12.5 58.5
13.5 12.5
13.5 18.5
13.5 33.5
13.5 38.5
13.5 53.5
13.5 63.5
14.5 18.5
14.5 43.5
14.5 63.5
15.5 11.5
15.5 19.5
15.5 32.5
15.5 42.5
15.5 52.5
16.5 10.5
16.5 42.5
16.5 52.5
16.5 62.5
17.5 31.5
17.5 41.5
21.5 51.5
22.5 10.5
22.5 21.5
22.5 30.5
22.5 61.5
23.5 22.5
23.5 29.5
23.5 42.5
23.5 50.5
24.5 11.5
24.5 29.5
24.5 50.5
25.5 12.5
25.5 23.5
25.5 43.5
25.5 49.5
25.5 62.5
26.5 12.5
26.5 24.5
26.5 28.5
26.5 44.5
26.5 49.5
27.5 6.5
27.5 18.5
27.5 38.5
27.5 58.5
28.5 18.5
28.5 33.5
28.5 58.5
29.5 7.5
29.5 19.5
29.5 33.5
29.5 39.5
29.5 53.5
30.5 8.5
30.5 40.5
30.5 53.5
30.5 59.5
31.5 8.5
31.5 20.5
31.5 32.5
31.5 59.5
32.5 9.5
32.5 41.5
32.5 52.5
32.5 59.5
36.5 31.5
37.5 22.5
38.5 10.5
38.5 22.5
38.5 30.5
38.5 50.5
39.5 11.5
39.5 23.5
39.5 43.5
39.5 61.5
40.5 11.5
40.5 23.5
40.5 29.5
40.5 43.5
40.5 49.5
40.5 61.5
41.5 12.5
41.5 43.5
41.5 62.5
42.5 6.5
42.5 34.5
42.5 38.5
42.5 48.5
42.5 62.5
43.5 18.5
43.5 33.5
44.5 7.5
44.5 18.5
44.5 33.5
44.5 39.5
44.5 53.5
45.5 8.5
45.5 19.5
45.5 32.5
45.5 39.5
45.5 52.5
45.5 58.5
46.5 8.5
46.5 19.5
46.5 52.5
47.5 40.5
47.5 59.5
48.5 51.5
49.5 60.5
52.5 10.5
52.5 21.5
52.5 30.5
53.5 22.5
53.5 30.5
53.5 50.5
54.5 11.5
54.5 23.5
54.5 29.5
54.5 39.5
55.5 11.5
55.5 29.5
55.5 39.5
55.5 49.5
55.5 59.5
56.5 11.5
56.5 24.5
56.5 49.5
56.5 58.5
57.5 17.5
57.5 38.5
57.5 48.5
58.5 17.5
58.5 18.5
58.5 33.5
58.5 38.5
58.5 57.5
58.5 63.5
59.5 8.5
59.5 18.5
59.5 33.5
59.5 43.5
59.5 53.5
60.5 8.5
60.5 19.5
60.5 33.5
60.5 52.5
60.5 62.5
61.5 20.5
61.5 42.5
61.5 62.5
62.5 9.5
62.5 51.5
62.5 61.5
63.5 61.5
