8.5 49.5
8.5 60.5
9.5 10.5
9.5 22.5
9.5 49.5
10.5 22.5
10.5 34.5
10.5 50.5
10.5 59.5
11.5 9.5
11.5 21.5
11.5 34.5
11.5 50.5
11.5 59.5
12.5 9.5
12.5 21.5
12.5 34.5
12.5 50.5
12.5 58.5
13.5 8.5
13.5 33.5
13.5 51.5
13.5 58.5
14.5 8.5
14.5 20.5
14.5 33.5
14.5 39.5
14.5 51.5
15.5 27.5
15.5 39.5
16.5 14.5
16.5 45.5
16.5 64.5
17.5 14.5
17.5 26.5
17.5 38.5
17.5 45.5
17.5 63.5
18.5 13.5
18.5 26.5
18.5 38.5
18.5 46.5
18.5 63.5
19.5 13.5
19.5 25.5
19.5 46.5
19.5 62.5
20.5 25.5
20.5 37.5
20.5 62.5
21.5 12.5
21.5 37.5
21.5 47.5
22.5 61.5
28.5 37.5
29.5 13.5
29.5 23.5
29.5 49.5
29.5 61.5
30.5 23.5
30.5 38.5
30.5 49.5
30.5 61.5
31.5 14.5
31.5 22.5
31.5 38.5
31.5 62.5
32.5 22.5
32.5 50.5
32.5 62.5
33.5 15.5
33.5 22.5
33.5 39.5
33.5 50.5
33.5 63.5
34.5 39.5
35.5 8.5
35.5 33.5
36.5 8.5
36.5 27.5
36.5 33.5
36.5 45.5
36.5 57.5
37.5 9.5
37.5 45.5
37.5 57.5
38.5 9.5
38.5 26.5
38.5 34.5
38.5 46.5
38.5 58.5
39.5 9.5
39.5 10.5
39.5 26.5
39.5 34.5
39.5 46.5
39.5 58.5
40.5 10.5
40.5 34.5
41.5 10.5
41.5 25.5
47.5 59.5
48.5 23.5
48.5 36.5
49.5 12.5
49.5 46.5
49.5 58.5
50.5 12.5
50.5 22.5
50.5 37.5
50.5 46.5
50.5 58.5
51.5 13.5
51.5 22.5
51.5 38.5
51.5 58.5
52.5 13.5
52.5 38.5
52.5 45.5
53.5 14.5
53.5 21.5
53.5 39.5
53.5 45.5
53.5 57.5
54.5 14.5
54.5 57.5
55.5 26.5
55.5 63.5
56.5 7.5
56.5 26.5
56.5 33.5
56.5 63.5
57.5 8.5
57.5 33.5
57.5 50.5
58.5 8.5
58.5 25.5
58.5 34.5
58.5 50.5
58.5 62.5
59.5 9.5
59.5 25.5
59.5 34.5
59.5 50.5
59.5 62.5
60.5 35.5
60.5 62.5
61.5 10.5
61.5 24.5
