5.5 10.5
5.5 24.5
5.5 50.5
5.5 60.5
6.5 10.5
6.5 24.5
6.5 36.5
6.5 49.5
6.5 60.5
7.5 10.5
7.5 23.5
7.5 36.5
7.5 48.5
7.5 49.5
7.5 60.5
8.5 9.5
8.5 10.5
8.5 23.5
8.5 37.5
8.5 47.5
8.5 48.5
8.5 59.5
8.5 68.5
9.5 9.5
9.5 10.5
9.5 22.5
9.5 23.5
9.5 37.5
9.5 47.5
9.5 59.5
10.5 9.5
10.5 22.5
10.5 37.5
10.5 38.5
10.5 46.5
10.5 47.5
10.5 59.5
11.5 9.5
11.5 21.5
11.5 22.5
11.5 32.5
11.5 38.5
11.5 45.5
11.5 46.5
11.5 54.5
11.5 59.5
12.5 9.5
12.5 21.5
12.5 28.5
12.5 32.5
12.5 38.5
12.5 39.5
12.5 45.5
12.5 53.5
12.5 58.5
12.5 63.5
13.5 8.5
13.5 9.5
13.5 15.5
13.5 20.5
13.5 21.5
13.5 28.5
13.5 32.5
13.5 33.5
13.5 39.5
13.5 44.5
13.5 52.5
13.5 53.5
13.5 58.5
13.5 63.5
14.5 8.5
14.5 15.5
14.5 20.5
14.5 27.5
14.5 33.5
14.5 39.5
14.5 43.5
14.5 44.5
14.5 52.5
14.5 58.5
14.5 62.5
15.5 8.5
15.5 14.5
15.5 20.5
15.5 27.5
15.5 33.5
15.5 40.5
15.5 43.5
15.5 51.5
15.5 52.5
15.5 57.5
15.5 62.5
16.5 8.5
16.5 14.5
16.5 19.5
16.5 26.5
16.5 27.5
16.5 33.5
16.5 34.5
16.5 40.5
16.5 51.5
16.5 57.5
16.5 62.5
17.5 8.5
17.5 14.5
17.5 19.5
17.5 26.5
17.5 33.5
17.5 34.5
17.5 50.5
17.5 51.5
17.5 61.5
17.5 62.5
18.5 13.5
18.5 14.5
18.5 26.5
18.5 34.5
18.5 50.5
18.5 61.5
19.5 13.5
19.5 25.5
19.5 26.5
19.5 34.5
19.5 49.5
19.5 50.5
19.5 61.5
20.5 13.5
20.5 25.5
20.5 34.5
20.5 35.5
20.5 49.5
20.5 61.5
21.5 12.5
21.5 13.5
21.5 24.5
21.5 25.5
21.5 35.5
21.5 48.5
21.5 60.5
22.5 12.5
22.5 24.5
22.5 35.5
22.5 48.5
22.5 60.5
23.5 12.5
23.5 24.5
23.5 60.5
24.5 48.5
24.5 60.5
25.5 11.5
25.5 24.5
25.5 36.5
25.5 48.5
26.5 12.5
26.5 24.5
26.5 36.5
26.5 47.5
26.5 48.5
26.5 59.5
27.5 12.5
27.5 23.5
27.5 36.5
27.5 37.5
27.5 47.5
27.5 59.5
28.5 11.5
28.5 23.5
28.5 37.5
28.5 46.5
28.5 47.5
28.5 59.5
29.5 11.5
29.5 23.5
29.5 37.5
29.5 46.5
29.5 47.5
29.5 59.5
30.5 10.5
30.5 11.5
30.5 22.5
30.5 23.5
30.5 37.5
30.5 38.5
30.5 46.5
30.5 58.5
31.5 10.5
31.5 22.5
31.5 38.5
31.5 45.5
31.5 46.5
31.5 53.5
31.5 58.5
32.5 9.5
32.5 10.5
32.5 16.5
32.5 22.5
32.5 38.5
32.5 45.5
32.5 46.5
32.5 53.5
32.5 58.5
33.5 9.5
33.5 21.5
33.5 22.5
33.5 28.5
33.5 32.5
33.5 38.5
33.5 39.5
33.5 45.5
33.5 52.5
33.5 57.5
33.5 63.5
34.5 9.5
34.5 15.5
34.5 21.5
34.5 28.5
34.5 32.5
34.5 39.5
34.5 44.5
34.5 45.5
34.5 52.5
34.5 57.5
34.5 63.5
35.5 8.5
35.5 15.5
35.5 21.5
35.5 27.5
35.5 32.5
35.5 33.5
35.5 39.5
35.5 44.5
35.5 51.5
35.5 52.5
35.5 57.5
35.5 62.5
35.5 63.5
36.5 8.5
36.5 14.5
36.5 15.5
36.5 21.5
36.5 27.5
36.5 33.5
36.5 39.5
36.5 44.5
36.5 51.5
36.5 62.5
37.5 14.5
37.5 15.5
37.5 20.5
37.5 26.5
37.5 27.5
37.5 33.5
37.5 50.5
37.5 51.5
37.5 56.5
37.5 62.5
38.5 14.5
38.5 20.5
38.5 26.5
38.5 33.5
38.5 34.5
38.5 50.5
38.5 51.5
38.5 56.5
38.5 61.5
38.5 62.5
39.5 14.5
39.5 26.5
39.5 34.5
39.5 50.5
39.5 61.5
40.5 13.5
40.5 14.5
40.5 25.5
40.5 26.5
40.5 34.5
40.5 35.5
40.5 49.5
40.5 50.5
40.5 61.5
41.5 13.5
41.5 25.5
41.5 35.5
41.5 49.5
41.5 61.5
42.5 13.5
42.5 25.5
42.5 35.5
42.5 49.5
42.5 60.5
43.5 13.5
43.5 25.5
43.5 35.5
43.5 48.5
43.5 60.5
44.5 12.5
44.5 24.5
44.5 36.5
44.5 48.5
44.5 60.5
44.5 68.5
45.5 12.5
45.5 24.5
45.5 36.5
45.5 60.5
46.5 12.5
46.5 36.5
46.5 48.5
46.5 60.5
47.5 12.5
47.5 24.5
47.5 36.5
47.5 48.5
47.5 61.5
48.5 11.5
48.5 12.5
48.5 24.5
48.5 35.5
48.5 47.5
48.5 48.5
48.5 61.5
49.5 11.5
49.5 25.5
49.5 35.5
49.5 47.5
49.5 61.5
50.5 11.5
50.5 25.5
50.5 34.5
50.5 35.5
50.5 47.5
50.5 61.5
50.5 62.5
51.5 10.5
51.5 11.5
51.5 26.5
51.5 34.5
51.5 46.5
51.5 47.5
51.5 62.5
52.5 10.5
52.5 26.5
52.5 34.5
52.5 40.5
52.5 46.5
52.5 62.5
53.5 10.5
53.5 20.5
53.5 27.5
53.5 33.5
53.5 40.5
53.5 46.5
53.5 52.5
53.5 56.5
53.5 62.5
53.5 63.5
54.5 9.5
54.5 10.5
54.5 16.5
54.5 20.5
54.5 27.5
54.5 33.5
54.5 39.5
54.5 40.5
54.5 45.5
54.5 46.5
54.5 52.5
54.5 56.5
54.5 63.5
55.5 9.5
55.5 20.5
55.5 21.5
55.5 28.5
55.5 32.5
55.5 39.5
55.5 45.5
55.5 51.5
55.5 56.5
55.5 63.5
56.5 9.5
56.5 15.5
56.5 21.5
56.5 28.5
56.5 32.5
56.5 39.5
56.5 45.5
56.5 51.5
56.5 57.5
56.5 63.5
56.5 68.5
57.5 8.5
57.5 15.5
57.5 21.5
57.5 22.5
57.5 29.5
57.5 38.5
57.5 39.5
57.5 45.5
57.5 51.5
57.5 57.5
57.5 64.5
58.5 8.5
58.5 14.5
58.5 21.5
58.5 22.5
58.5 38.5
58.5 39.5
58.5 44.5
58.5 50.5
58.5 57.5
58.5 58.5
58.5 64.5
59.5 14.5
59.5 22.5
59.5 38.5
59.5 50.5
59.5 58.5
60.5 13.5
60.5 14.5
60.5 22.5
60.5 23.5
60.5 38.5
60.5 49.5
60.5 58.5
61.5 13.5
61.5 22.5
61.5 23.5
61.5 37.5
61.5 38.5
61.5 49.5
61.5 58.5
61.5 59.5
62.5 13.5
62.5 23.5
62.5 37.5
62.5 49.5
62.5 59.5
63.5 12.5
63.5 23.5
63.5 37.5
63.5 48.5
63.5 59.5
64.5 12.5
64.5 23.5
64.5 24.5
64.5 48.5
64.5 60.5
