5.5 11.5
6.5 11.5
6.5 35.5
6.5 47.5
6.5 60.5
7.5 10.5
7.5 22.5
7.5 35.5
7.5 47.5
7.5 61.5
8.5 10.5
8.5 22.5
8.5 34.5
8.5 47.5
8.5 61.5
9.5 9.5
9.5 10.5
9.5 34.5
9.5 46.5
9.5 62.5
10.5 9.5
10.5 21.5
10.5 33.5
10.5 34.5
10.5 46.5
10.5 62.5
11.5 9.5
11.5 21.5
11.5 33.5
11.5 46.5
11.5 62.5
11.5 63.5
12.5 8.5
12.5 9.5
12.5 33.5
12.5 45.5
12.5 63.5
13.5 8.5
13.5 15.5
13.5 20.5
13.5 32.5
13.5 39.5
13.5 45.5
13.5 56.5
14.5 8.5
14.5 20.5
14.5 32.5
14.5 39.5
14.5 45.5
14.5 51.5
14.5 57.5
14.5 64.5
15.5 14.5
15.5 26.5
15.5 39.5
15.5 44.5
15.5 51.5
15.5 57.5
16.5 14.5
16.5 19.5
16.5 26.5
16.5 38.5
16.5 44.5
16.5 50.5
16.5 57.5
16.5 58.5
17.5 13.5
17.5 25.5
17.5 38.5
17.5 50.5
17.5 58.5
18.5 13.5
18.5 25.5
18.5 38.5
18.5 50.5
18.5 58.5
18.5 59.5
19.5 13.5
19.5 24.5
19.5 25.5
19.5 37.5
19.5 49.5
19.5 59.5
20.5 12.5
20.5 24.5
20.5 37.5
20.5 49.5
20.5 59.5
21.5 12.5
21.5 24.5
21.5 37.5
21.5 49.5
21.5 60.5
22.5 23.5
22.5 48.5
22.5 60.5
23.5 11.5
23.5 48.5
27.5 36.5
27.5 61.5
28.5 10.5
28.5 24.5
28.5 37.5
28.5 47.5
28.5 61.5
29.5 10.5
29.5 24.5
29.5 37.5
29.5 47.5
29.5 62.5
30.5 10.5
30.5 24.5
30.5 25.5
30.5 37.5
30.5 46.5
30.5 62.5
31.5 9.5
31.5 25.5
31.5 38.5
31.5 46.5
31.5 62.5
31.5 63.5
32.5 9.5
32.5 25.5
32.5 38.5
32.5 45.5
32.5 63.5
33.5 9.5
33.5 25.5
33.5 26.5
33.5 32.5
33.5 39.5
33.5 45.5
33.5 63.5
34.5 8.5
34.5 19.5
34.5 26.5
34.5 32.5
34.5 39.5
34.5 45.5
34.5 51.5
34.5 56.5
34.5 64.5
35.5 8.5
35.5 14.5
35.5 19.5
35.5 26.5
35.5 33.5
35.5 44.5
35.5 51.5
35.5 64.5
36.5 8.5
36.5 14.5
36.5 20.5
36.5 33.5
36.5 50.5
36.5 57.5
37.5 13.5
37.5 20.5
37.5 33.5
37.5 50.5
37.5 57.5
38.5 13.5
38.5 21.5
38.5 33.5
38.5 34.5
38.5 50.5
38.5 58.5
39.5 13.5
39.5 21.5
39.5 34.5
39.5 49.5
39.5 58.5
40.5 12.5
40.5 21.5
40.5 34.5
40.5 49.5
40.5 59.5
41.5 12.5
41.5 22.5
41.5 49.5
41.5 59.5
42.5 12.5
42.5 22.5
42.5 35.5
42.5 48.5
43.5 48.5
43.5 60.5
46.5 35.5
47.5 22.5
47.5 47.5
47.5 60.5
48.5 12.5
48.5 22.5
48.5 36.5
48.5 47.5
48.5 60.5
49.5 22.5
49.5 37.5
49.5 47.5
49.5 59.5
50.5 13.5
50.5 21.5
50.5 37.5
50.5 46.5
50.5 59.5
51.5 13.5
51.5 21.5
51.5 38.5
51.5 46.5
51.5 58.5
51.5 59.5
52.5 14.5
52.5 21.5
52.5 38.5
52.5 45.5
52.5 46.5
52.5 58.5
53.5 14.5
53.5 20.5
53.5 39.5
53.5 45.5
53.5 58.5
54.5 8.5
54.5 20.5
54.5 26.5
54.5 32.5
54.5 39.5
54.5 45.5
54.5 57.5
54.5 64.5
55.5 8.5
55.5 15.5
55.5 26.5
55.5 51.5
55.5 57.5
55.5 64.5
56.5 8.5
56.5 9.5
56.5 26.5
56.5 33.5
56.5 51.5
56.5 56.5
56.5 64.5
57.5 9.5
57.5 26.5
57.5 33.5
57.5 50.5
57.5 63.5
58.5 9.5
58.5 26.5
58.5 34.5
58.5 50.5
58.5 63.5
59.5 9.5
59.5 10.5
59.5 25.5
59.5 26.5
59.5 34.5
59.5 50.5
59.5 62.5
59.5 63.5
60.5 10.5
60.5 25.5
60.5 35.5
60.5 49.5
60.5 62.5
61.5 10.5
61.5 25.5
61.5 35.5
61.5 49.5
61.5 62.5
62.5 25.5
62.5 35.5
62.5 61.5
63.5 25.5
63.5 36.5
63.5 61.5
