7.5 15.5
7.5 16.5
7.5 17.5
7.5 32.5
7.5 33.5
7.5 55.5
7.5 56.5
8.5 17.5
8.5 18.5
8.5 19.5
8.5 20.5
8.5 29.5
8.5 30.5
8.5 31.5
8.5 57.5
8.5 58.5
8.5 59.5
9.5 20.5
9.5 21.5
9.5 28.5
9.5 29.5
9.5 60.5
9.5 61.5
9.5 62.5
11.5 8.5
11.5 9.5
11.5 39.5
11.5 40.5
11.5 41.5
11.5 48.5
11.5 49.5
11.5 50.5
11.5 51.5
12.5 10.5
12.5 11.5
12.5 12.5
12.5 36.5
12.5 37.5
12.5 38.5
12.5 39.5
12.5 51.5
12.5 52.5
12.5 53.5
13.5 12.5
13.5 13.5
13.5 14.5
13.5 34.5
13.5 35.5
13.5 36.5
13.5 54.5
13.5 55.5
19.5 13.5
19.5 14.5
19.5 35.5
19.5 55.5
19.5 56.5
19.5 57.5
20.5 10.5
20.5 11.5
20.5 12.5
20.5 32.5
20.5 33.5
20.5 34.5
20.5 57.5
20.5 58.5
20.5 59.5
20.5 60.5
21.5 9.5
21.5 10.5
21.5 30.5
21.5 31.5
21.5 32.5
21.5 60.5
21.5 61.5
21.5 62.5
22.5 7.5
22.5 8.5
22.5 28.5
22.5 29.5
22.5 30.5
24.5 19.5
24.5 20.5
24.5 21.5
24.5 40.5
24.5 48.5
24.5 49.5
24.5 50.5
25.5 16.5
25.5 17.5
25.5 18.5
25.5 19.5
25.5 38.5
25.5 39.5
25.5 50.5
25.5 51.5
25.5 52.5
25.5 53.5
26.5 15.5
26.5 16.5
26.5 17.5
26.5 36.5
26.5 37.5
26.5 38.5
26.5 53.5
26.5 54.5
27.5 35.5
27.5 36.5
32.5 15.5
32.5 34.5
32.5 54.5
32.5 55.5
33.5 11.5
33.5 12.5
33.5 13.5
33.5 14.5
33.5 31.5
33.5 32.5
33.5 33.5
33.5 51.5
33.5 52.5
33.5 53.5
34.5 8.5
34.5 9.5
34.5 10.5
34.5 11.5
34.5 29.5
34.5 30.5
34.5 49.5
34.5 50.5
34.5 51.5
35.5 48.5
35.5 49.5
36.5 21.5
36.5 22.5
36.5 61.5
36.5 62.5
37.5 18.5
37.5 19.5
37.5 20.5
37.5 37.5
37.5 38.5
37.5 39.5
37.5 40.5
37.5 41.5
37.5 42.5
37.5 59.5
37.5 60.5
37.5 61.5
38.5 16.5
38.5 17.5
38.5 35.5
38.5 36.5
38.5 37.5
38.5 38.5
38.5 39.5
38.5 57.5
38.5 58.5
38.5 59.5
39.5 56.5
39.5 57.5
43.5 16.5
43.5 17.5
44.5 18.5
44.5 19.5
44.5 20.5
44.5 36.5
44.5 37.5
44.5 38.5
45.5 20.5
45.5 21.5
45.5 22.5
45.5 38.5
45.5 39.5
45.5 40.5
45.5 56.5
45.5 57.5
45.5 58.5
46.5 41.5
46.5 42.5
46.5 58.5
46.5 59.5
46.5 60.5
47.5 9.5
47.5 10.5
47.5 29.5
47.5 30.5
47.5 31.5
47.5 61.5
47.5 62.5
48.5 11.5
48.5 12.5
48.5 13.5
48.5 31.5
48.5 32.5
48.5 33.5
48.5 49.5
49.5 14.5
49.5 15.5
49.5 33.5
49.5 34.5
49.5 35.5
49.5 50.5
49.5 51.5
49.5 52.5
50.5 53.5
50.5 54.5
50.5 55.5
55.5 14.5
55.5 15.5
55.5 35.5
55.5 36.5
56.5 11.5
56.5 12.5
56.5 13.5
56.5 14.5
56.5 36.5
56.5 37.5
56.5 38.5
56.5 52.5
56.5 53.5
56.5 54.5
57.5 10.5
57.5 11.5
57.5 12.5
57.5 38.5
57.5 39.5
57.5 40.5
57.5 49.5
57.5 50.5
57.5 51.5
57.5 52.5
58.5 9.5
58.5 40.5
58.5 41.5
58.5 48.5
58.5 49.5
58.5 50.5
59.5 22.5
59.5 29.5
60.5 20.5
60.5 21.5
60.5 29.5
60.5 30.5
60.5 31.5
60.5 60.5
60.5 61.5
60.5 62.5
61.5 18.5
61.5 19.5
61.5 20.5
61.5 31.5
61.5 32.5
61.5 33.5
61.5 57.5
61.5 58.5
61.5 59.5
61.5 60.5
62.5 16.5
62.5 17.5
62.5 18.5
62.5 33.5
62.5 34.5
62.5 55.5
62.5 56.5
62.5 57.5
