5.5 12.5
5.5 13.5
5.5 58.5
5.5 59.5
6.5 14.5
6.5 15.5
6.5 33.5
6.5 34.5
6.5 55.5
6.5 56.5
6.5 57.5
7.5 16.5
7.5 17.5
7.5 35.5
7.5 36.5
7.5 37.5
7.5 53.5
7.5 54.5
8.5 18.5
8.5 19.5
8.5 38.5
8.5 39.5
8.5 40.5
8.5 50.5
8.5 51.5
8.5 52.5
9.5 6.5
9.5 7.5
9.5 20.5
9.5 21.5
9.5 41.5
9.5 42.5
9.5 48.5
9.5 49.5
9.5 50.5
9.5 66.5
10.5 8.5
10.5 9.5
10.5 23.5
10.5 25.5
10.5 43.5
10.5 44.5
10.5 45.5
10.5 46.5
10.5 47.5
10.5 63.5
10.5 64.5
11.5 10.5
11.5 11.5
11.5 25.5
11.5 27.5
11.5 28.5
11.5 29.5
11.5 61.5
11.5 62.5
12.5 12.5
12.5 13.5
12.5 30.5
12.5 31.5
12.5 32.5
12.5 59.5
12.5 60.5
13.5 14.5
13.5 15.5
13.5 33.5
13.5 34.5
13.5 35.5
13.5 57.5
13.5 58.5
14.5 17.5
14.5 36.5
14.5 37.5
14.5 55.5
14.5 56.5
15.5 53.5
17.5 18.5
18.5 15.5
18.5 16.5
18.5 38.5
19.5 13.5
19.5 14.5
19.5 35.5
19.5 36.5
19.5 56.5
19.5 57.5
19.5 58.5
20.5 10.5
20.5 11.5
20.5 12.5
20.5 32.5
20.5 33.5
20.5 34.5
20.5 53.5
20.5 54.5
20.5 55.5
21.5 8.5
21.5 9.5
21.5 10.5
21.5 29.5
21.5 30.5
21.5 31.5
21.5 51.5
21.5 52.5
21.5 53.5
22.5 6.5
22.5 7.5
22.5 24.5
22.5 27.5
22.5 28.5
22.5 45.5
22.5 46.5
22.5 48.5
22.5 49.5
22.5 50.5
22.5 66.5
23.5 21.5
23.5 22.5
23.5 42.5
23.5 43.5
23.5 44.5
23.5 46.5
23.5 47.5
23.5 63.5
23.5 64.5
24.5 18.5
24.5 19.5
24.5 20.5
24.5 40.5
24.5 41.5
24.5 60.5
24.5 61.5
24.5 62.5
25.5 16.5
25.5 17.5
25.5 18.5
25.5 37.5
25.5 38.5
25.5 39.5
25.5 58.5
25.5 59.5
26.5 14.5
26.5 15.5
26.5 35.5
26.5 36.5
26.5 55.5
26.5 56.5
26.5 57.5
27.5 11.5
27.5 12.5
27.5 33.5
27.5 53.5
27.5 54.5
30.5 18.5
30.5 19.5
30.5 39.5
30.5 59.5
31.5 15.5
31.5 16.5
31.5 17.5
31.5 36.5
31.5 37.5
31.5 56.5
31.5 57.5
32.5 13.5
32.5 14.5
32.5 33.5
32.5 34.5
32.5 35.5
32.5 53.5
32.5 54.5
32.5 55.5
33.5 10.5
33.5 11.5
33.5 12.5
33.5 31.5
33.5 32.5
33.5 33.5
33.5 51.5
33.5 52.5
34.5 7.5
34.5 8.5
34.5 9.5
34.5 25.5
34.5 29.5
34.5 30.5
34.5 47.5
34.5 49.5
34.5 50.5
34.5 66.5
35.5 5.5
35.5 6.5
35.5 22.5
35.5 23.5
35.5 24.5
35.5 26.5
35.5 27.5
35.5 44.5
35.5 45.5
35.5 47.5
35.5 63.5
35.5 64.5
35.5 65.5
36.5 20.5
36.5 21.5
36.5 41.5
36.5 42.5
36.5 60.5
36.5 61.5
36.5 62.5
37.5 17.5
37.5 18.5
37.5 19.5
37.5 38.5
37.5 39.5
37.5 40.5
37.5 58.5
37.5 59.5
37.5 60.5
38.5 15.5
38.5 16.5
38.5 17.5
38.5 35.5
38.5 36.5
38.5 37.5
38.5 55.5
38.5 56.5
38.5 57.5
39.5 13.5
39.5 14.5
39.5 33.5
39.5 34.5
42.5 54.5
42.5 55.5
43.5 17.5
43.5 33.5
43.5 34.5
43.5 35.5
43.5 56.5
43.5 57.5
44.5 14.5
44.5 15.5
44.5 16.5
44.5 37.5
44.5 38.5
44.5 39.5
44.5 58.5
44.5 59.5
44.5 60.5
45.5 12.5
45.5 13.5
45.5 14.5
45.5 40.5
45.5 41.5
45.5 42.5
45.5 43.5
45.5 60.5
45.5 61.5
45.5 62.5
46.5 10.5
46.5 11.5
46.5 44.5
46.5 45.5
46.5 46.5
46.5 48.5
46.5 63.5
46.5 64.5
47.5 8.5
47.5 9.5
47.5 24.5
47.5 25.5
47.5 26.5
47.5 27.5
47.5 50.5
47.5 51.5
47.5 65.5
47.5 66.5
48.5 6.5
48.5 22.5
48.5 23.5
48.5 28.5
48.5 29.5
48.5 30.5
48.5 52.5
48.5 53.5
49.5 20.5
49.5 21.5
49.5 31.5
49.5 32.5
49.5 33.5
49.5 54.5
49.5 55.5
50.5 17.5
50.5 18.5
50.5 19.5
50.5 34.5
50.5 35.5
50.5 36.5
50.5 56.5
50.5 57.5
51.5 15.5
51.5 16.5
51.5 38.5
51.5 39.5
51.5 59.5
52.5 13.5
52.5 14.5
54.5 40.5
54.5 60.5
55.5 37.5
55.5 38.5
55.5 56.5
55.5 57.5
55.5 58.5
56.5 16.5
56.5 17.5
56.5 34.5
56.5 35.5
56.5 54.5
56.5 55.5
57.5 12.5
57.5 13.5
57.5 14.5
57.5 31.5
57.5 32.5
57.5 51.5
57.5 52.5
57.5 53.5
58.5 9.5
58.5 10.5
58.5 11.5
58.5 28.5
58.5 29.5
58.5 45.5
58.5 49.5
58.5 50.5
59.5 6.5
59.5 7.5
59.5 24.5
59.5 25.5
59.5 26.5
59.5 42.5
59.5 43.5
59.5 47.5
59.5 64.5
59.5 65.5
60.5 20.5
60.5 21.5
60.5 22.5
60.5 39.5
60.5 40.5
60.5 41.5
60.5 61.5
60.5 62.5
60.5 63.5
61.5 16.5
61.5 17.5
61.5 18.5
61.5 37.5
61.5 38.5
61.5 58.5
61.5 59.5
61.5 60.5
62.5 13.5
62.5 14.5
62.5 35.5
62.5 36.5
62.5 55.5
62.5 56.5
62.5 57.5
63.5 33.5
63.5 53.5
63.5 54.5
