4.5 22.5
4.5 42.5
4.5 53.5
5.5 11.5
5.5 21.5
5.5 41.5
5.5 52.5
6.5 12.5
6.5 19.5
6.5 29.5
6.5 34.5
6.5 40.5
6.5 51.5
6.5 62.5
7.5 13.5
7.5 18.5
7.5 28.5
7.5 38.5
7.5 39.5
7.5 46.5
7.5 50.5
7.5 59.5
7.5 61.5
7.5 66.5
7.5 68.5
8.5 5.5
8.5 14.5
8.5 17.5
8.5 24.5
8.5 33.5
8.5 37.5
8.5 45.5
8.5 49.5
8.5 60.5
8.5 65.5
9.5 6.5
9.5 7.5
9.5 23.5
9.5 32.5
9.5 36.5
9.5 44.5
9.5 49.5
9.5 56.5
9.5 59.5
9.5 65.5
10.5 8.5
10.5 9.5
10.5 22.5
10.5 26.5
10.5 32.5
10.5 35.5
10.5 43.5
10.5 48.5
10.5 55.5
10.5 58.5
10.5 64.5
11.5 10.5
11.5 11.5
11.5 21.5
11.5 31.5
11.5 34.5
11.5 42.5
11.5 47.5
11.5 54.5
12.5 12.5
12.5 13.5
12.5 19.5
12.5 20.5
12.5 42.5
12.5 46.5
12.5 53.5
12.5 63.5
13.5 19.5
13.5 20.5
13.5 30.5
13.5 32.5
13.5 41.5
13.5 51.5
14.5 13.5
14.5 31.5
14.5 40.5
14.5 50.5
14.5 62.5
15.5 10.5
15.5 11.5
15.5 30.5
15.5 39.5
15.5 42.5
15.5 49.5
15.5 62.5
16.5 8.5
16.5 9.5
16.5 16.5
16.5 22.5
16.5 29.5
16.5 41.5
17.5 6.5
17.5 7.5
17.5 15.5
17.5 16.5
17.5 23.5
17.5 29.5
17.5 40.5
17.5 49.5
17.5 50.5
17.5 51.5
17.5 63.5
18.5 5.5
18.5 14.5
18.5 17.5
18.5 24.5
18.5 28.5
18.5 40.5
18.5 53.5
18.5 54.5
18.5 55.5
18.5 56.5
18.5 58.5
19.5 18.5
19.5 27.5
19.5 39.5
19.5 46.5
19.5 59.5
19.5 64.5
20.5 11.5
20.5 19.5
20.5 25.5
20.5 26.5
20.5 33.5
20.5 34.5
20.5 38.5
20.5 47.5
20.5 59.5
20.5 65.5
21.5 10.5
21.5 20.5
21.5 32.5
21.5 33.5
21.5 37.5
21.5 48.5
21.5 60.5
22.5 9.5
22.5 11.5
22.5 21.5
22.5 31.5
22.5 36.5
22.5 49.5
22.5 61.5
22.5 66.5
23.5 22.5
23.5 30.5
23.5 51.5
23.5 61.5
24.5 10.5
24.5 52.5
24.5 62.5
24.5 63.5
25.5 10.5
25.5 20.5
25.5 33.5
25.5 40.5
25.5 49.5
25.5 62.5
26.5 9.5
26.5 15.5
26.5 21.5
26.5 31.5
26.5 50.5
26.5 61.5
27.5 9.5
27.5 14.5
27.5 16.5
27.5 22.5
27.5 30.5
27.5 41.5
27.5 51.5
27.5 59.5
28.5 8.5
28.5 23.5
28.5 28.5
28.5 29.5
28.5 42.5
28.5 46.5
28.5 52.5
28.5 58.5
29.5 8.5
29.5 13.5
29.5 17.5
29.5 24.5
29.5 27.5
29.5 36.5
29.5 53.5
29.5 57.5
30.5 18.5
30.5 26.5
30.5 37.5
30.5 43.5
30.5 47.5
30.5 54.5
30.5 66.5
31.5 7.5
31.5 12.5
31.5 18.5
31.5 33.5
31.5 38.5
31.5 44.5
31.5 48.5
31.5 55.5
31.5 63.5
31.5 64.5
32.5 19.5
32.5 32.5
32.5 49.5
32.5 61.5
32.5 62.5
33.5 11.5
33.5 20.5
33.5 30.5
33.5 45.5
33.5 60.5
34.5 20.5
34.5 29.5
34.5 50.5
34.5 58.5
35.5 10.5
35.5 18.5
35.5 21.5
35.5 32.5
35.5 51.5
35.5 52.5
36.5 11.5
36.5 19.5
36.5 30.5
36.5 42.5
36.5 51.5
36.5 65.5
37.5 10.5
37.5 20.5
37.5 29.5
37.5 41.5
37.5 50.5
37.5 63.5
38.5 9.5
38.5 21.5
38.5 22.5
38.5 28.5
38.5 40.5
38.5 49.5
38.5 56.5
38.5 60.5
38.5 61.5
39.5 8.5
39.5 16.5
39.5 23.5
39.5 26.5
39.5 35.5
39.5 39.5
39.5 47.5
39.5 48.5
39.5 55.5
39.5 59.5
39.5 60.5
40.5 14.5
40.5 15.5
40.5 17.5
40.5 24.5
40.5 25.5
40.5 34.5
40.5 37.5
40.5 45.5
40.5 47.5
40.5 54.5
40.5 57.5
40.5 66.5
41.5 13.5
41.5 18.5
41.5 32.5
41.5 36.5
41.5 44.5
41.5 53.5
41.5 55.5
41.5 65.5
42.5 12.5
42.5 19.5
42.5 31.5
42.5 35.5
42.5 42.5
42.5 52.5
42.5 64.5
43.5 10.5
43.5 20.5
43.5 29.5
43.5 41.5
43.5 52.5
43.5 63.5
44.5 9.5
44.5 21.5
44.5 28.5
44.5 39.5
44.5 51.5
44.5 62.5
45.5 22.5
45.5 31.5
45.5 50.5
45.5 61.5
46.5 9.5
46.5 21.5
46.5 30.5
46.5 40.5
46.5 51.5
46.5 60.5
47.5 11.5
47.5 22.5
47.5 29.5
47.5 41.5
47.5 53.5
47.5 66.5
48.5 12.5
48.5 28.5
48.5 42.5
48.5 54.5
48.5 61.5
48.5 68.5
49.5 13.5
49.5 23.5
49.5 27.5
49.5 43.5
49.5 46.5
49.5 56.5
49.5 60.5
49.5 65.5
50.5 5.5
50.5 14.5
50.5 26.5
50.5 33.5
50.5 34.5
50.5 44.5
50.5 48.5
50.5 58.5
50.5 59.5
51.5 6.5
51.5 15.5
51.5 18.5
51.5 32.5
51.5 36.5
51.5 50.5
51.5 64.5
52.5 7.5
52.5 8.5
52.5 19.5
52.5 25.5
52.5 31.5
52.5 37.5
52.5 38.5
52.5 52.5
53.5 9.5
53.5 20.5
53.5 39.5
53.5 40.5
53.5 54.5
53.5 63.5
54.5 10.5
54.5 21.5
54.5 30.5
54.5 41.5
55.5 11.5
55.5 17.5
55.5 22.5
55.5 29.5
55.5 30.5
55.5 54.5
55.5 62.5
56.5 11.5
56.5 42.5
56.5 52.5
57.5 10.5
57.5 20.5
57.5 29.5
57.5 40.5
57.5 51.5
57.5 58.5
57.5 63.5
58.5 8.5
58.5 15.5
58.5 21.5
58.5 28.5
58.5 39.5
58.5 46.5
58.5 49.5
58.5 57.5
58.5 59.5
58.5 68.5
59.5 7.5
59.5 14.5
59.5 23.5
59.5 27.5
59.5 37.5
59.5 45.5
59.5 47.5
59.5 56.5
59.5 64.5
60.5 6.5
60.5 16.5
60.5 24.5
60.5 34.5
60.5 35.5
60.5 36.5
60.5 46.5
60.5 55.5
61.5 5.5
61.5 13.5
61.5 17.5
61.5 26.5
61.5 32.5
61.5 33.5
61.5 34.5
61.5 54.5
61.5 60.5
61.5 65.5
62.5 12.5
62.5 18.5
62.5 25.5
62.5 30.5
62.5 31.5
62.5 41.5
62.5 53.5
62.5 60.5
63.5 11.5
63.5 28.5
63.5 29.5
63.5 40.5
64.5 19.5
64.5 39.5
64.5 61.5
