6.5 11.5
6.5 24.5
6.5 34.5
7.5 11.5
7.5 24.5
7.5 34.5
7.5 47.5
7.5 60.5
8.5 10.5
8.5 25.5
8.5 34.5
8.5 47.5
8.5 61.5
9.5 10.5
9.5 25.5
9.5 33.5
9.5 34.5
9.5 46.5
9.5 61.5
10.5 9.5
10.5 10.5
10.5 25.5
10.5 26.5
10.5 33.5
10.5 46.5
10.5 61.5
10.5 62.5
11.5 9.5
11.5 10.5
11.5 26.5
11.5 33.5
11.5 45.5
11.5 46.5
11.5 62.5
12.5 9.5
12.5 26.5
12.5 32.5
12.5 33.5
12.5 45.5
12.5 62.5
12.5 63.5
13.5 9.5
13.5 20.5
13.5 27.5
13.5 32.5
13.5 39.5
13.5 44.5
13.5 45.5
13.5 56.5
13.5 63.5
14.5 8.5
14.5 15.5
14.5 20.5
14.5 21.5
14.5 27.5
14.5 32.5
14.5 38.5
14.5 44.5
14.5 51.5
14.5 56.5
14.5 63.5
15.5 8.5
15.5 15.5
15.5 21.5
15.5 38.5
15.5 44.5
15.5 50.5
15.5 51.5
15.5 57.5
15.5 64.5
16.5 14.5
16.5 21.5
16.5 22.5
16.5 38.5
16.5 50.5
16.5 57.5
17.5 14.5
17.5 22.5
17.5 37.5
17.5 38.5
17.5 50.5
17.5 57.5
18.5 13.5
18.5 22.5
18.5 23.5
18.5 37.5
18.5 49.5
18.5 50.5
18.5 57.5
18.5 58.5
19.5 13.5
19.5 23.5
19.5 37.5
19.5 49.5
19.5 58.5
20.5 23.5
20.5 36.5
20.5 49.5
20.5 58.5
21.5 12.5
21.5 36.5
21.5 48.5
21.5 58.5
21.5 59.5
22.5 48.5
22.5 59.5
23.5 59.5
25.5 24.5
25.5 35.5
26.5 11.5
26.5 24.5
26.5 35.5
27.5 11.5
27.5 25.5
27.5 35.5
27.5 47.5
27.5 60.5
28.5 10.5
28.5 25.5
28.5 34.5
28.5 47.5
28.5 60.5
29.5 10.5
29.5 25.5
29.5 26.5
29.5 34.5
29.5 46.5
29.5 61.5
30.5 10.5
30.5 26.5
30.5 33.5
30.5 34.5
30.5 46.5
30.5 61.5
31.5 9.5
31.5 26.5
31.5 33.5
31.5 46.5
31.5 61.5
31.5 62.5
32.5 9.5
32.5 15.5
32.5 26.5
32.5 27.5
32.5 33.5
32.5 45.5
32.5 46.5
32.5 62.5
33.5 8.5
33.5 20.5
33.5 27.5
33.5 33.5
33.5 45.5
33.5 62.5
34.5 8.5
34.5 14.5
34.5 20.5
34.5 27.5
34.5 39.5
34.5 45.5
34.5 55.5
34.5 62.5
34.5 63.5
35.5 14.5
35.5 20.5
35.5 21.5
35.5 32.5
35.5 39.5
35.5 45.5
35.5 51.5
35.5 56.5
35.5 63.5
36.5 13.5
36.5 14.5
36.5 21.5
36.5 38.5
36.5 39.5
36.5 50.5
36.5 56.5
36.5 63.5
37.5 13.5
37.5 21.5
37.5 38.5
37.5 50.5
37.5 56.5
37.5 57.5
38.5 13.5
38.5 21.5
38.5 22.5
38.5 38.5
38.5 50.5
38.5 57.5
39.5 13.5
39.5 22.5
39.5 37.5
39.5 38.5
39.5 49.5
39.5 57.5
39.5 58.5
40.5 12.5
40.5 22.5
40.5 37.5
40.5 49.5
40.5 58.5
41.5 12.5
41.5 22.5
41.5 37.5
41.5 49.5
41.5 58.5
41.5 59.5
42.5 12.5
42.5 23.5
42.5 48.5
42.5 59.5
43.5 23.5
47.5 36.5
47.5 48.5
47.5 59.5
48.5 10.5
48.5 24.5
48.5 35.5
48.5 48.5
48.5 59.5
49.5 10.5
49.5 24.5
49.5 25.5
49.5 35.5
49.5 58.5
50.5 9.5
50.5 10.5
50.5 25.5
50.5 34.5
50.5 49.5
50.5 58.5
51.5 9.5
51.5 25.5
51.5 33.5
51.5 34.5
51.5 49.5
51.5 57.5
51.5 58.5
52.5 9.5
52.5 25.5
52.5 26.5
52.5 33.5
52.5 49.5
52.5 57.5
53.5 8.5
53.5 9.5
53.5 26.5
53.5 33.5
53.5 49.5
53.5 50.5
53.5 56.5
53.5 57.5
54.5 8.5
54.5 20.5
54.5 27.5
54.5 32.5
54.5 39.5
54.5 50.5
54.5 56.5
55.5 8.5
55.5 15.5
55.5 20.5
55.5 27.5
55.5 39.5
55.5 50.5
55.5 56.5
55.5 63.5
56.5 7.5
56.5 14.5
56.5 15.5
56.5 21.5
56.5 38.5
56.5 39.5
56.5 45.5
56.5 55.5
56.5 63.5
57.5 14.5
57.5 21.5
57.5 38.5
57.5 45.5
57.5 62.5
58.5 13.5
58.5 14.5
58.5 22.5
58.5 38.5
58.5 45.5
58.5 62.5
59.5 13.5
59.5 14.5
59.5 22.5
59.5 37.5
59.5 38.5
59.5 45.5
59.5 46.5
59.5 61.5
59.5 62.5
60.5 13.5
60.5 22.5
60.5 37.5
60.5 46.5
60.5 61.5
61.5 12.5
61.5 13.5
61.5 23.5
61.5 37.5
61.5 46.5
61.5 60.5
61.5 61.5
62.5 12.5
62.5 23.5
62.5 36.5
62.5 46.5
62.5 60.5
63.5 12.5
