4.5 19.5
5.5 10.5
5.5 31.5
5.5 40.5
5.5 50.5
5.5 61.5
6.5 10.5
6.5 20.5
6.5 31.5
6.5 40.5
6.5 50.5
6.5 61.5
7.5 20.5
7.5 31.5
7.5 40.5
7.5 51.5
7.5 68.5
8.5 11.5
8.5 20.5
8.5 26.5
8.5 32.5
8.5 51.5
9.5 11.5
9.5 21.5
9.5 26.5
9.5 32.5
9.5 39.5
9.5 51.5
9.5 62.5
10.5 7.5
10.5 11.5
10.5 21.5
10.5 32.5
10.5 39.5
10.5 52.5
10.5 62.5
11.5 15.5
11.5 21.5
11.5 27.5
11.5 32.5
11.5 43.5
11.5 52.5
12.5 12.5
12.5 21.5
12.5 27.5
12.5 33.5
12.5 38.5
12.5 43.5
12.5 46.5
12.5 52.5
12.5 58.5
12.5 63.5
13.5 8.5
13.5 12.5
13.5 16.5
13.5 22.5
13.5 27.5
13.5 33.5
13.5 38.5
13.5 46.5
13.5 53.5
13.5 58.5
13.5 63.5
14.5 8.5
14.5 16.5
14.5 22.5
14.5 33.5
14.5 38.5
14.5 53.5
14.5 63.5
15.5 8.5
15.5 22.5
15.5 28.5
15.5 42.5
15.5 47.5
15.5 53.5
15.5 59.5
16.5 8.5
16.5 13.5
16.5 17.5
16.5 23.5
16.5 28.5
16.5 34.5
16.5 37.5
16.5 42.5
16.5 47.5
16.5 54.5
16.5 59.5
16.5 64.5
17.5 13.5
17.5 17.5
17.5 23.5
17.5 28.5
17.5 34.5
17.5 37.5
17.5 42.5
17.5 48.5
17.5 54.5
17.5 59.5
17.5 64.5
18.5 9.5
18.5 18.5
18.5 23.5
18.5 28.5
18.5 41.5
18.5 48.5
18.5 59.5
19.5 9.5
19.5 18.5
19.5 29.5
19.5 41.5
19.5 48.5
19.5 60.5
20.5 9.5
20.5 29.5
20.5 41.5
20.5 49.5
20.5 60.5
21.5 19.5
21.5 29.5
21.5 49.5
21.5 60.5
22.5 10.5
22.5 19.5
22.5 40.5
22.5 49.5
22.5 60.5
23.5 10.5
23.5 30.5
23.5 40.5
23.5 50.5
24.5 9.5
24.5 10.5
24.5 20.5
24.5 30.5
24.5 40.5
24.5 50.5
24.5 60.5
24.5 61.5
25.5 30.5
25.5 40.5
25.5 50.5
25.5 61.5
26.5 10.5
26.5 20.5
26.5 30.5
26.5 50.5
26.5 61.5
27.5 20.5
27.5 21.5
27.5 39.5
27.5 50.5
27.5 61.5
28.5 11.5
28.5 20.5
28.5 31.5
28.5 39.5
29.5 11.5
29.5 31.5
29.5 39.5
29.5 51.5
29.5 62.5
30.5 12.5
30.5 19.5
30.5 31.5
30.5 51.5
30.5 62.5
31.5 12.5
31.5 19.5
31.5 24.5
31.5 26.5
31.5 32.5
31.5 38.5
31.5 43.5
31.5 45.5
31.5 51.5
31.5 57.5
31.5 62.5
32.5 7.5
32.5 19.5
32.5 32.5
32.5 38.5
32.5 52.5
32.5 57.5
32.5 63.5
33.5 7.5
33.5 13.5
33.5 19.5
33.5 32.5
33.5 38.5
33.5 46.5
33.5 52.5
33.5 57.5
33.5 63.5
34.5 23.5
34.5 27.5
34.5 32.5
34.5 37.5
34.5 42.5
34.5 46.5
34.5 52.5
34.5 58.5
34.5 63.5
35.5 8.5
35.5 14.5
35.5 18.5
35.5 23.5
35.5 27.5
35.5 33.5
35.5 37.5
35.5 42.5
35.5 46.5
35.5 53.5
35.5 58.5
35.5 64.5
36.5 8.5
36.5 14.5
36.5 18.5
36.5 23.5
36.5 33.5
36.5 37.5
36.5 47.5
36.5 53.5
36.5 58.5
36.5 64.5
37.5 8.5
37.5 9.5
37.5 15.5
37.5 18.5
37.5 28.5
37.5 33.5
37.5 41.5
37.5 47.5
37.5 53.5
37.5 59.5
38.5 9.5
38.5 15.5
38.5 22.5
38.5 28.5
38.5 41.5
38.5 47.5
38.5 59.5
38.5 68.5
39.5 9.5
39.5 22.5
39.5 36.5
39.5 48.5
39.5 54.5
39.5 59.5
39.5 65.5
40.5 10.5
40.5 22.5
40.5 29.5
40.5 40.5
40.5 48.5
41.5 10.5
41.5 29.5
41.5 40.5
41.5 48.5
41.5 60.5
42.5 10.5
42.5 21.5
42.5 49.5
42.5 60.5
43.5 10.5
43.5 11.5
43.5 21.5
43.5 29.5
43.5 30.5
43.5 49.5
43.5 60.5
44.5 11.5
44.5 21.5
44.5 30.5
44.5 39.5
44.5 61.5
45.5 11.5
45.5 30.5
45.5 39.5
45.5 50.5
45.5 61.5
46.5 11.5
46.5 30.5
46.5 39.5
46.5 49.5
46.5 50.5
47.5 11.5
47.5 20.5
47.5 30.5
47.5 39.5
47.5 49.5
47.5 60.5
48.5 12.5
48.5 20.5
48.5 31.5
48.5 49.5
48.5 60.5
48.5 68.5
49.5 12.5
49.5 31.5
49.5 59.5
50.5 12.5
50.5 26.5
50.5 31.5
50.5 38.5
50.5 48.5
50.5 59.5
51.5 12.5
51.5 19.5
51.5 26.5
51.5 32.5
51.5 38.5
51.5 48.5
51.5 65.5
52.5 7.5
52.5 13.5
52.5 19.5
52.5 23.5
52.5 32.5
52.5 38.5
52.5 48.5
52.5 58.5
52.5 65.5
53.5 7.5
53.5 13.5
53.5 23.5
53.5 27.5
53.5 32.5
53.5 38.5
53.5 42.5
53.5 48.5
53.5 53.5
53.5 58.5
53.5 64.5
54.5 13.5
54.5 18.5
54.5 27.5
54.5 33.5
54.5 42.5
54.5 47.5
54.5 57.5
54.5 64.5
55.5 8.5
55.5 14.5
55.5 18.5
55.5 27.5
55.5 33.5
55.5 37.5
55.5 42.5
55.5 47.5
55.5 57.5
55.5 64.5
56.5 8.5
56.5 14.5
56.5 22.5
56.5 28.5
56.5 37.5
56.5 42.5
56.5 47.5
56.5 52.5
56.5 63.5
56.5 68.5
57.5 9.5
57.5 14.5
57.5 22.5
57.5 28.5
57.5 34.5
57.5 37.5
57.5 42.5
57.5 47.5
57.5 52.5
57.5 56.5
57.5 63.5
58.5 9.5
58.5 17.5
58.5 22.5
58.5 28.5
58.5 34.5
58.5 63.5
59.5 15.5
59.5 28.5
59.5 41.5
59.5 46.5
59.5 51.5
59.5 55.5
59.5 62.5
59.5 63.5
60.5 10.5
60.5 21.5
60.5 29.5
60.5 41.5
60.5 46.5
60.5 51.5
60.5 62.5
61.5 21.5
61.5 29.5
61.5 41.5
61.5 62.5
62.5 11.5
62.5 21.5
62.5 29.5
62.5 41.5
62.5 61.5
62.5 62.5
63.5 11.5
63.5 41.5
63.5 50.5
63.5 61.5
64.5 30.5
64.5 41.5
64.5 50.5
64.5 61.5
