5.5 60.5
5.5 61.5
5.5 62.5
5.5 63.5
6.5 25.5
6.5 37.5
6.5 49.5
6.5 50.5
6.5 61.5
6.5 62.5
6.5 63.5
6.5 64.5
7.5 9.5
7.5 10.5
7.5 11.5
7.5 25.5
7.5 26.5
7.5 27.5
7.5 36.5
7.5 37.5
7.5 38.5
7.5 50.5
7.5 51.5
8.5 8.5
8.5 9.5
8.5 10.5
8.5 26.5
8.5 27.5
8.5 28.5
8.5 36.5
8.5 37.5
8.5 38.5
8.5 39.5
8.5 51.5
8.5 52.5
8.5 57.5
9.5 7.5
9.5 8.5
9.5 9.5
9.5 32.5
9.5 57.5
9.5 58.5
9.5 59.5
10.5 15.5
10.5 20.5
10.5 21.5
10.5 22.5
10.5 32.5
10.5 33.5
10.5 44.5
10.5 45.5
10.5 46.5
10.5 47.5
10.5 57.5
10.5 58.5
10.5 59.5
11.5 13.5
11.5 14.5
11.5 15.5
11.5 20.5
11.5 21.5
11.5 22.5
11.5 23.5
11.5 33.5
11.5 34.5
11.5 44.5
11.5 45.5
11.5 46.5
11.5 47.5
11.5 48.5
12.5 12.5
12.5 13.5
12.5 14.5
12.5 21.5
12.5 22.5
12.5 23.5
12.5 34.5
12.5 47.5
13.5 12.5
13.5 13.5
15.5 62.5
16.5 34.5
16.5 48.5
16.5 49.5
16.5 62.5
16.5 63.5
17.5 9.5
17.5 10.5
17.5 21.5
17.5 22.5
17.5 23.5
17.5 33.5
17.5 34.5
17.5 47.5
17.5 48.5
17.5 49.5
17.5 50.5
17.5 51.5
17.5 62.5
17.5 63.5
17.5 64.5
18.5 8.5
18.5 9.5
18.5 10.5
18.5 20.5
18.5 21.5
18.5 22.5
18.5 33.5
18.5 34.5
18.5 48.5
18.5 49.5
18.5 50.5
18.5 51.5
18.5 63.5
18.5 64.5
19.5 7.5
19.5 8.5
19.5 32.5
19.5 33.5
20.5 13.5
20.5 14.5
20.5 25.5
20.5 26.5
20.5 27.5
20.5 28.5
20.5 37.5
20.5 38.5
20.5 43.5
20.5 44.5
20.5 57.5
20.5 58.5
21.5 11.5
21.5 12.5
21.5 13.5
21.5 14.5
21.5 25.5
21.5 26.5
21.5 27.5
21.5 36.5
21.5 37.5
21.5 38.5
21.5 43.5
21.5 44.5
21.5 45.5
21.5 46.5
21.5 57.5
21.5 58.5
21.5 59.5
22.5 25.5
22.5 26.5
22.5 36.5
22.5 37.5
22.5 45.5
22.5 46.5
22.5 58.5
22.5 59.5
22.5 60.5
23.5 36.5
26.5 8.5
26.5 9.5
26.5 10.5
26.5 11.5
27.5 8.5
27.5 9.5
27.5 10.5
27.5 24.5
27.5 25.5
27.5 36.5
27.5 37.5
27.5 45.5
27.5 46.5
27.5 47.5
27.5 60.5
27.5 61.5
27.5 62.5
28.5 8.5
28.5 9.5
28.5 25.5
28.5 26.5
28.5 27.5
28.5 36.5
28.5 37.5
28.5 38.5
28.5 44.5
28.5 45.5
28.5 46.5
28.5 61.5
28.5 62.5
28.5 63.5
29.5 26.5
29.5 27.5
29.5 37.5
29.5 38.5
29.5 39.5
29.5 44.5
29.5 45.5
29.5 62.5
29.5 63.5
30.5 13.5
30.5 14.5
30.5 15.5
30.5 20.5
30.5 27.5
30.5 38.5
30.5 56.5
30.5 57.5
31.5 12.5
31.5 13.5
31.5 14.5
31.5 20.5
31.5 21.5
31.5 22.5
31.5 33.5
31.5 49.5
31.5 50.5
31.5 51.5
31.5 57.5
31.5 58.5
31.5 59.5
32.5 12.5
32.5 13.5
32.5 20.5
32.5 21.5
32.5 22.5
32.5 32.5
32.5 33.5
32.5 34.5
32.5 48.5
32.5 49.5
32.5 50.5
32.5 51.5
32.5 57.5
32.5 58.5
32.5 59.5
33.5 21.5
33.5 22.5
33.5 23.5
33.5 33.5
33.5 34.5
33.5 35.5
33.5 48.5
33.5 49.5
33.5 50.5
33.5 59.5
37.5 9.5
37.5 10.5
37.5 61.5
37.5 62.5
38.5 8.5
38.5 9.5
38.5 10.5
38.5 20.5
38.5 21.5
38.5 22.5
38.5 23.5
38.5 33.5
38.5 34.5
38.5 35.5
38.5 48.5
38.5 49.5
38.5 61.5
38.5 62.5
38.5 63.5
39.5 7.5
39.5 8.5
39.5 9.5
39.5 19.5
39.5 20.5
39.5 21.5
39.5 32.5
39.5 33.5
39.5 34.5
39.5 48.5
39.5 49.5
39.5 50.5
39.5 62.5
39.5 63.5
40.5 32.5
40.5 33.5
40.5 49.5
40.5 50.5
40.5 51.5
41.5 12.5
41.5 13.5
41.5 14.5
41.5 25.5
41.5 26.5
41.5 27.5
41.5 38.5
41.5 39.5
41.5 44.5
41.5 56.5
41.5 57.5
41.5 58.5
42.5 11.5
42.5 12.5
42.5 13.5
42.5 24.5
42.5 25.5
42.5 26.5
42.5 37.5
42.5 38.5
42.5 44.5
42.5 45.5
42.5 56.5
42.5 57.5
42.5 58.5
42.5 59.5
43.5 36.5
43.5 37.5
43.5 38.5
43.5 44.5
43.5 45.5
43.5 46.5
43.5 57.5
43.5 58.5
43.5 59.5
44.5 46.5
46.5 24.5
47.5 9.5
47.5 10.5
47.5 24.5
47.5 25.5
47.5 26.5
47.5 60.5
48.5 8.5
48.5 9.5
48.5 10.5
48.5 24.5
48.5 25.5
48.5 26.5
48.5 36.5
48.5 37.5
48.5 38.5
48.5 45.5
48.5 46.5
48.5 59.5
48.5 60.5
48.5 61.5
48.5 62.5
49.5 7.5
49.5 8.5
49.5 9.5
49.5 37.5
49.5 38.5
49.5 39.5
49.5 44.5
49.5 45.5
49.5 46.5
49.5 60.5
49.5 61.5
49.5 62.5
49.5 63.5
50.5 14.5
50.5 15.5
50.5 19.5
50.5 20.5
50.5 21.5
50.5 31.5
50.5 32.5
50.5 33.5
50.5 44.5
51.5 13.5
51.5 14.5
51.5 20.5
51.5 21.5
51.5 32.5
51.5 33.5
51.5 34.5
51.5 49.5
51.5 50.5
51.5 55.5
51.5 56.5
51.5 57.5
52.5 12.5
52.5 13.5
52.5 14.5
52.5 20.5
52.5 21.5
52.5 33.5
52.5 34.5
52.5 48.5
52.5 49.5
52.5 50.5
52.5 56.5
52.5 57.5
52.5 58.5
53.5 12.5
53.5 13.5
53.5 48.5
53.5 49.5
53.5 58.5
56.5 32.5
56.5 33.5
56.5 34.5
57.5 23.5
57.5 24.5
57.5 25.5
57.5 31.5
57.5 32.5
57.5 33.5
57.5 34.5
57.5 46.5
57.5 47.5
57.5 60.5
57.5 61.5
58.5 9.5
58.5 10.5
58.5 11.5
58.5 24.5
58.5 25.5
58.5 26.5
58.5 31.5
58.5 32.5
58.5 33.5
58.5 45.5
58.5 46.5
58.5 47.5
58.5 60.5
58.5 61.5
58.5 62.5
59.5 9.5
59.5 10.5
59.5 45.5
59.5 46.5
59.5 61.5
59.5 62.5
59.5 63.5
60.5 8.5
60.5 9.5
60.5 20.5
60.5 37.5
60.5 38.5
60.5 39.5
60.5 45.5
61.5 14.5
61.5 15.5
61.5 20.5
61.5 21.5
61.5 22.5
61.5 36.5
61.5 37.5
61.5 38.5
61.5 39.5
61.5 50.5
61.5 51.5
61.5 56.5
61.5 57.5
61.5 58.5
62.5 13.5
62.5 14.5
62.5 15.5
62.5 21.5
62.5 22.5
62.5 23.5
62.5 36.5
62.5 37.5
62.5 38.5
62.5 49.5
62.5 50.5
62.5 51.5
62.5 56.5
62.5 57.5
62.5 58.5
62.5 59.5
63.5 12.5
63.5 13.5
63.5 14.5
63.5 49.5
63.5 50.5
63.5 57.5
63.5 58.5
63.5 59.5
64.5 49.5
