5.5 35.5
5.5 36.5
6.5 11.5
6.5 23.5
6.5 24.5
6.5 35.5
6.5 36.5
6.5 37.5
6.5 48.5
6.5 49.5
6.5 60.5
6.5 61.5
7.5 10.5
7.5 11.5
7.5 23.5
7.5 24.5
7.5 25.5
7.5 36.5
7.5 37.5
7.5 48.5
7.5 49.5
7.5 61.5
7.5 62.5
8.5 9.5
8.5 10.5
8.5 24.5
8.5 25.5
8.5 36.5
8.5 37.5
8.5 38.5
8.5 48.5
8.5 49.5
8.5 50.5
8.5 61.5
8.5 62.5
8.5 63.5
9.5 8.5
9.5 9.5
9.5 10.5
9.5 24.5
9.5 25.5
9.5 26.5
9.5 37.5
9.5 38.5
9.5 39.5
9.5 49.5
9.5 50.5
9.5 51.5
9.5 61.5
9.5 62.5
9.5 63.5
10.5 7.5
10.5 8.5
10.5 9.5
10.5 25.5
10.5 26.5
10.5 31.5
10.5 37.5
10.5 38.5
10.5 39.5
10.5 44.5
10.5 50.5
10.5 51.5
10.5 62.5
10.5 63.5
11.5 7.5
11.5 8.5
11.5 25.5
11.5 26.5
11.5 27.5
11.5 31.5
11.5 32.5
11.5 38.5
11.5 39.5
11.5 44.5
11.5 45.5
11.5 51.5
11.5 55.5
11.5 56.5
11.5 62.5
11.5 63.5
11.5 64.5
12.5 6.5
12.5 7.5
12.5 14.5
12.5 15.5
12.5 19.5
12.5 20.5
12.5 26.5
12.5 27.5
12.5 31.5
12.5 32.5
12.5 33.5
12.5 39.5
12.5 44.5
12.5 45.5
12.5 55.5
12.5 56.5
12.5 57.5
12.5 63.5
12.5 64.5
13.5 6.5
13.5 13.5
13.5 14.5
13.5 15.5
13.5 19.5
13.5 20.5
13.5 21.5
13.5 32.5
13.5 33.5
13.5 44.5
13.5 45.5
13.5 46.5
13.5 56.5
13.5 57.5
13.5 58.5
13.5 64.5
14.5 12.5
14.5 13.5
14.5 14.5
14.5 19.5
14.5 20.5
14.5 21.5
14.5 32.5
14.5 33.5
14.5 34.5
14.5 45.5
14.5 46.5
14.5 56.5
14.5 57.5
14.5 58.5
15.5 12.5
15.5 13.5
15.5 14.5
15.5 20.5
15.5 21.5
15.5 22.5
15.5 33.5
15.5 34.5
15.5 45.5
15.5 46.5
15.5 57.5
15.5 58.5
15.5 59.5
16.5 11.5
16.5 12.5
16.5 13.5
16.5 20.5
16.5 21.5
16.5 22.5
16.5 34.5
16.5 35.5
16.5 46.5
16.5 47.5
16.5 58.5
16.5 59.5
17.5 11.5
17.5 12.5
17.5 13.5
17.5 21.5
17.5 22.5
17.5 35.5
17.5 47.5
17.5 59.5
18.5 10.5
18.5 11.5
18.5 12.5
18.5 21.5
18.5 22.5
19.5 10.5
19.5 11.5
19.5 22.5
20.5 35.5
20.5 47.5
20.5 59.5
21.5 34.5
21.5 35.5
21.5 46.5
21.5 47.5
21.5 58.5
21.5 59.5
22.5 23.5
22.5 34.5
22.5 35.5
22.5 45.5
22.5 46.5
22.5 57.5
22.5 58.5
22.5 59.5
23.5 9.5
23.5 10.5
23.5 23.5
23.5 24.5
23.5 25.5
23.5 33.5
23.5 34.5
23.5 35.5
23.5 45.5
23.5 46.5
23.5 57.5
23.5 58.5
24.5 8.5
24.5 9.5
24.5 10.5
24.5 23.5
24.5 24.5
24.5 25.5
24.5 26.5
24.5 33.5
24.5 34.5
24.5 44.5
24.5 45.5
24.5 46.5
24.5 56.5
24.5 57.5
24.5 58.5
25.5 7.5
25.5 8.5
25.5 9.5
25.5 24.5
25.5 25.5
25.5 26.5
25.5 32.5
25.5 33.5
25.5 34.5
25.5 44.5
25.5 45.5
25.5 50.5
25.5 56.5
25.5 57.5
25.5 58.5
26.5 6.5
26.5 7.5
26.5 8.5
26.5 9.5
26.5 25.5
26.5 26.5
26.5 27.5
26.5 32.5
26.5 33.5
26.5 39.5
26.5 40.5
26.5 43.5
26.5 44.5
26.5 50.5
26.5 51.5
26.5 55.5
26.5 56.5
26.5 57.5
26.5 64.5
27.5 6.5
27.5 7.5
27.5 8.5
27.5 26.5
27.5 27.5
27.5 32.5
27.5 33.5
27.5 38.5
27.5 39.5
27.5 43.5
27.5 44.5
27.5 49.5
27.5 50.5
27.5 55.5
27.5 56.5
27.5 57.5
27.5 63.5
27.5 64.5
28.5 5.5
28.5 6.5
28.5 7.5
28.5 14.5
28.5 18.5
28.5 27.5
28.5 28.5
28.5 32.5
28.5 38.5
28.5 39.5
28.5 49.5
28.5 50.5
28.5 55.5
28.5 56.5
28.5 62.5
28.5 63.5
29.5 12.5
29.5 13.5
29.5 14.5
29.5 18.5
29.5 19.5
29.5 20.5
29.5 37.5
29.5 38.5
29.5 39.5
29.5 48.5
29.5 49.5
29.5 50.5
29.5 61.5
29.5 62.5
29.5 63.5
30.5 11.5
30.5 12.5
30.5 13.5
30.5 19.5
30.5 20.5
30.5 21.5
30.5 22.5
30.5 37.5
30.5 38.5
30.5 48.5
30.5 49.5
30.5 50.5
30.5 61.5
30.5 62.5
31.5 11.5
31.5 12.5
31.5 20.5
31.5 21.5
31.5 22.5
31.5 23.5
31.5 36.5
31.5 37.5
31.5 38.5
31.5 48.5
31.5 49.5
31.5 60.5
31.5 61.5
31.5 62.5
32.5 10.5
32.5 11.5
32.5 21.5
32.5 22.5
32.5 23.5
32.5 36.5
32.5 37.5
32.5 48.5
32.5 49.5
32.5 60.5
32.5 61.5
33.5 9.5
33.5 10.5
33.5 22.5
33.5 23.5
33.5 24.5
33.5 36.5
33.5 48.5
33.5 59.5
33.5 60.5
36.5 36.5
36.5 37.5
37.5 9.5
37.5 22.5
37.5 23.5
37.5 37.5
37.5 38.5
37.5 47.5
37.5 60.5
38.5 8.5
38.5 9.5
38.5 22.5
38.5 23.5
38.5 24.5
38.5 37.5
38.5 38.5
38.5 46.5
38.5 47.5
38.5 59.5
38.5 60.5
39.5 7.5
39.5 8.5
39.5 9.5
39.5 23.5
39.5 24.5
39.5 25.5
39.5 37.5
39.5 38.5
39.5 39.5
39.5 46.5
39.5 47.5
39.5 58.5
39.5 59.5
40.5 7.5
40.5 8.5
40.5 24.5
40.5 25.5
40.5 26.5
40.5 38.5
40.5 39.5
40.5 40.5
40.5 45.5
40.5 46.5
40.5 47.5
40.5 57.5
40.5 58.5
40.5 59.5
41.5 6.5
41.5 7.5
41.5 8.5
41.5 24.5
41.5 25.5
41.5 26.5
41.5 27.5
41.5 39.5
41.5 40.5
41.5 45.5
41.5 46.5
41.5 47.5
41.5 56.5
41.5 57.5
41.5 58.5
41.5 64.5
42.5 6.5
42.5 7.5
42.5 13.5
42.5 14.5
42.5 18.5
42.5 25.5
42.5 26.5
42.5 27.5
42.5 28.5
42.5 32.5
42.5 33.5
42.5 39.5
42.5 40.5
42.5 45.5
42.5 46.5
42.5 52.5
42.5 56.5
42.5 57.5
42.5 63.5
42.5 64.5
43.5 5.5
43.5 6.5
43.5 12.5
43.5 13.5
43.5 14.5
43.5 18.5
43.5 19.5
43.5 26.5
43.5 27.5
43.5 28.5
43.5 32.5
43.5 33.5
43.5 34.5
43.5 40.5
43.5 41.5
43.5 45.5
43.5 46.5
43.5 51.5
43.5 52.5
43.5 62.5
43.5 63.5
43.5 64.5
44.5 5.5
44.5 12.5
44.5 13.5
44.5 18.5
44.5 19.5
44.5 20.5
44.5 28.5
44.5 33.5
44.5 34.5
44.5 35.5
44.5 50.5
44.5 51.5
44.5 52.5
44.5 61.5
44.5 62.5
44.5 63.5
45.5 11.5
45.5 12.5
45.5 13.5
45.5 19.5
45.5 20.5
45.5 21.5
45.5 33.5
45.5 34.5
45.5 35.5
45.5 50.5
45.5 51.5
45.5 61.5
45.5 62.5
46.5 11.5
46.5 12.5
46.5 19.5
46.5 20.5
46.5 21.5
46.5 22.5
46.5 34.5
46.5 35.5
46.5 36.5
46.5 49.5
46.5 50.5
46.5 61.5
46.5 62.5
47.5 10.5
47.5 11.5
47.5 12.5
47.5 20.5
47.5 21.5
47.5 22.5
47.5 34.5
47.5 35.5
47.5 36.5
47.5 49.5
47.5 50.5
47.5 60.5
47.5 61.5
48.5 10.5
48.5 11.5
48.5 21.5
48.5 22.5
48.5 23.5
48.5 35.5
48.5 36.5
48.5 37.5
48.5 49.5
49.5 10.5
49.5 22.5
49.5 23.5
49.5 36.5
49.5 37.5
51.5 49.5
51.5 60.5
52.5 10.5
52.5 36.5
52.5 49.5
52.5 50.5
52.5 59.5
52.5 60.5
53.5 9.5
53.5 10.5
53.5 22.5
53.5 23.5
53.5 36.5
53.5 37.5
53.5 50.5
53.5 51.5
53.5 58.5
53.5 59.5
53.5 60.5
54.5 9.5
54.5 10.5
54.5 22.5
54.5 23.5
54.5 24.5
54.5 36.5
54.5 37.5
54.5 38.5
54.5 50.5
54.5 51.5
54.5 52.5
54.5 58.5
54.5 59.5
55.5 8.5
55.5 9.5
55.5 10.5
55.5 23.5
55.5 24.5
55.5 25.5
55.5 36.5
55.5 37.5
55.5 38.5
55.5 39.5
55.5 51.5
55.5 52.5
55.5 53.5
55.5 57.5
55.5 58.5
55.5 59.5
55.5 68.5
56.5 8.5
56.5 9.5
56.5 10.5
56.5 24.5
56.5 25.5
56.5 26.5
56.5 37.5
56.5 38.5
56.5 39.5
56.5 52.5
56.5 53.5
56.5 57.5
56.5 58.5
56.5 63.5
56.5 68.5
57.5 7.5
57.5 8.5
57.5 9.5
57.5 19.5
57.5 24.5
57.5 25.5
57.5 26.5
57.5 30.5
57.5 37.5
57.5 38.5
57.5 39.5
57.5 44.5
57.5 45.5
57.5 53.5
57.5 57.5
57.5 63.5
58.5 7.5
58.5 8.5
58.5 9.5
58.5 15.5
58.5 19.5
58.5 20.5
58.5 26.5
58.5 30.5
58.5 31.5
58.5 32.5
58.5 38.5
58.5 39.5
58.5 44.5
58.5 45.5
58.5 46.5
58.5 47.5
58.5 62.5
58.5 63.5
59.5 7.5
59.5 8.5
59.5 14.5
59.5 15.5
59.5 19.5
59.5 20.5
59.5 31.5
59.5 32.5
59.5 39.5
59.5 44.5
59.5 45.5
59.5 46.5
59.5 47.5
59.5 62.5
59.5 63.5
60.5 13.5
60.5 14.5
60.5 15.5
60.5 20.5
60.5 21.5
60.5 31.5
60.5 32.5
60.5 33.5
60.5 45.5
60.5 46.5
60.5 47.5
60.5 48.5
60.5 62.5
60.5 63.5
61.5 13.5
61.5 14.5
61.5 15.5
61.5 20.5
61.5 21.5
61.5 32.5
61.5 33.5
61.5 34.5
61.5 46.5
61.5 47.5
61.5 48.5
61.5 49.5
61.5 61.5
61.5 62.5
61.5 63.5
62.5 13.5
62.5 14.5
62.5 21.5
62.5 22.5
62.5 33.5
62.5 34.5
62.5 47.5
62.5 48.5
62.5 49.5
62.5 61.5
62.5 62.5
63.5 12.5
63.5 13.5
63.5 14.5
63.5 21.5
63.5 22.5
63.5 34.5
63.5 61.5
63.5 62.5
64.5 12.5
64.5 13.5
64.5 22.5
64.5 61.5
64.5 62.5
