6.5 15.5
6.5 16.5
6.5 35.5
6.5 36.5
6.5 37.5
6.5 38.5
6.5 56.5
6.5 57.5
6.5 58.5
7.5 16.5
7.5 17.5
7.5 18.5
7.5 19.5
7.5 37.5
7.5 38.5
7.5 39.5
7.5 40.5
7.5 41.5
7.5 42.5
7.5 58.5
7.5 59.5
7.5 60.5
7.5 61.5
8.5 18.5
8.5 19.5
8.5 20.5
8.5 21.5
8.5 62.5
8.5 63.5
9.5 49.5
9.5 50.5
9.5 51.5
9.5 52.5
9.5 53.5
10.5 8.5
10.5 9.5
10.5 10.5
10.5 11.5
10.5 28.5
10.5 29.5
10.5 30.5
10.5 31.5
10.5 32.5
10.5 33.5
10.5 52.5
10.5 53.5
10.5 54.5
10.5 55.5
10.5 56.5
11.5 9.5
11.5 10.5
11.5 11.5
11.5 12.5
11.5 13.5
11.5 14.5
11.5 31.5
11.5 32.5
11.5 33.5
11.5 34.5
11.5 35.5
11.5 36.5
12.5 12.5
12.5 13.5
12.5 14.5
12.5 15.5
15.5 55.5
15.5 56.5
15.5 57.5
16.5 35.5
16.5 36.5
16.5 37.5
16.5 38.5
16.5 39.5
16.5 56.5
16.5 57.5
16.5 58.5
16.5 59.5
16.5 60.5
17.5 14.5
17.5 15.5
17.5 16.5
17.5 17.5
17.5 18.5
17.5 36.5
17.5 37.5
17.5 38.5
17.5 39.5
17.5 40.5
17.5 41.5
17.5 58.5
17.5 59.5
17.5 60.5
17.5 61.5
17.5 62.5
18.5 16.5
18.5 17.5
18.5 18.5
18.5 19.5
18.5 20.5
18.5 21.5
18.5 40.5
18.5 41.5
18.5 42.5
18.5 61.5
18.5 62.5
19.5 21.5
19.5 48.5
19.5 49.5
19.5 50.5
20.5 7.5
20.5 8.5
20.5 9.5
20.5 10.5
20.5 28.5
20.5 29.5
20.5 30.5
20.5 31.5
20.5 32.5
20.5 49.5
20.5 50.5
20.5 51.5
20.5 52.5
20.5 53.5
21.5 10.5
21.5 11.5
21.5 12.5
21.5 13.5
21.5 30.5
21.5 31.5
21.5 32.5
21.5 33.5
21.5 34.5
21.5 52.5
21.5 53.5
21.5 54.5
21.5 55.5
22.5 14.5
22.5 15.5
22.5 34.5
22.5 35.5
26.5 34.5
26.5 35.5
27.5 11.5
27.5 12.5
27.5 13.5
27.5 14.5
27.5 15.5
27.5 31.5
27.5 32.5
27.5 33.5
27.5 34.5
27.5 51.5
27.5 52.5
27.5 53.5
27.5 54.5
27.5 55.5
28.5 9.5
28.5 10.5
28.5 11.5
28.5 12.5
28.5 13.5
28.5 14.5
28.5 29.5
28.5 30.5
28.5 31.5
28.5 32.5
28.5 49.5
28.5 50.5
28.5 51.5
28.5 52.5
28.5 53.5
29.5 9.5
29.5 10.5
29.5 28.5
29.5 29.5
30.5 21.5
30.5 22.5
30.5 39.5
30.5 40.5
30.5 41.5
30.5 42.5
30.5 59.5
30.5 60.5
30.5 61.5
30.5 62.5
31.5 18.5
31.5 19.5
31.5 20.5
31.5 21.5
31.5 36.5
31.5 37.5
31.5 38.5
31.5 39.5
31.5 40.5
31.5 41.5
31.5 56.5
31.5 57.5
31.5 58.5
31.5 59.5
32.5 16.5
32.5 17.5
32.5 18.5
32.5 19.5
32.5 35.5
32.5 36.5
32.5 37.5
32.5 38.5
33.5 16.5
37.5 35.5
37.5 36.5
37.5 37.5
37.5 38.5
37.5 56.5
37.5 57.5
37.5 58.5
37.5 59.5
37.5 60.5
37.5 61.5
38.5 16.5
38.5 17.5
38.5 18.5
38.5 19.5
38.5 37.5
38.5 38.5
38.5 39.5
38.5 40.5
38.5 41.5
38.5 58.5
38.5 59.5
38.5 60.5
38.5 61.5
38.5 62.5
38.5 63.5
39.5 18.5
39.5 19.5
39.5 20.5
39.5 21.5
39.5 42.5
39.5 61.5
39.5 62.5
39.5 63.5
40.5 21.5
40.5 22.5
40.5 49.5
40.5 50.5
41.5 9.5
41.5 10.5
41.5 11.5
41.5 28.5
41.5 29.5
41.5 30.5
41.5 31.5
41.5 32.5
41.5 33.5
41.5 50.5
41.5 51.5
41.5 52.5
41.5 53.5
42.5 11.5
42.5 12.5
42.5 13.5
42.5 14.5
42.5 30.5
42.5 31.5
42.5 32.5
42.5 33.5
42.5 34.5
42.5 35.5
42.5 52.5
42.5 53.5
42.5 54.5
42.5 55.5
43.5 13.5
43.5 14.5
43.5 15.5
47.5 36.5
47.5 53.5
47.5 54.5
47.5 55.5
47.5 56.5
48.5 15.5
48.5 16.5
48.5 17.5
48.5 18.5
48.5 35.5
48.5 36.5
48.5 37.5
48.5 38.5
48.5 39.5
48.5 40.5
48.5 50.5
48.5 51.5
48.5 52.5
48.5 53.5
48.5 54.5
48.5 55.5
49.5 17.5
49.5 18.5
49.5 19.5
49.5 20.5
49.5 38.5
49.5 39.5
49.5 40.5
49.5 41.5
49.5 42.5
49.5 48.5
49.5 49.5
49.5 50.5
49.5 51.5
49.5 52.5
50.5 7.5
50.5 8.5
50.5 20.5
50.5 21.5
51.5 9.5
51.5 10.5
51.5 11.5
51.5 12.5
51.5 28.5
51.5 29.5
51.5 59.5
51.5 60.5
51.5 61.5
51.5 62.5
52.5 11.5
52.5 12.5
52.5 13.5
52.5 14.5
52.5 29.5
52.5 30.5
52.5 31.5
52.5 32.5
52.5 33.5
52.5 56.5
52.5 57.5
52.5 58.5
52.5 59.5
53.5 14.5
53.5 32.5
53.5 33.5
53.5 34.5
53.5 35.5
57.5 34.5
57.5 35.5
57.5 55.5
57.5 56.5
57.5 57.5
57.5 58.5
58.5 10.5
58.5 11.5
58.5 12.5
58.5 13.5
58.5 14.5
58.5 30.5
58.5 31.5
58.5 32.5
58.5 33.5
58.5 34.5
58.5 55.5
58.5 56.5
58.5 57.5
58.5 58.5
58.5 59.5
58.5 60.5
58.5 61.5
59.5 8.5
59.5 9.5
59.5 10.5
59.5 11.5
59.5 12.5
59.5 28.5
59.5 29.5
59.5 30.5
59.5 31.5
59.5 58.5
59.5 59.5
59.5 60.5
59.5 61.5
59.5 62.5
60.5 7.5
60.5 8.5
60.5 9.5
60.5 40.5
60.5 41.5
60.5 42.5
60.5 48.5
61.5 19.5
61.5 20.5
61.5 21.5
61.5 37.5
61.5 38.5
61.5 39.5
61.5 40.5
61.5 41.5
61.5 49.5
61.5 50.5
61.5 51.5
62.5 16.5
62.5 17.5
62.5 18.5
62.5 19.5
62.5 35.5
62.5 36.5
62.5 37.5
62.5 38.5
62.5 51.5
62.5 52.5
62.5 53.5
63.5 14.5
63.5 15.5
63.5 16.5
63.5 53.5
63.5 54.5
