6.5 16.5
6.5 34.5
7.5 16.5
7.5 17.5
7.5 35.5
7.5 36.5
7.5 56.5
8.5 16.5
8.5 17.5
8.5 18.5
8.5 36.5
8.5 37.5
8.5 54.5
8.5 55.5
8.5 56.5
9.5 17.5
9.5 18.5
9.5 36.5
9.5 37.5
9.5 38.5
9.5 52.5
9.5 53.5
9.5 54.5
9.5 55.5
10.5 18.5
10.5 19.5
10.5 37.5
10.5 38.5
10.5 39.5
10.5 51.5
10.5 52.5
10.5 53.5
11.5 18.5
11.5 19.5
11.5 39.5
11.5 40.5
11.5 49.5
11.5 50.5
11.5 51.5
11.5 52.5
12.5 19.5
12.5 20.5
12.5 40.5
12.5 41.5
12.5 48.5
12.5 49.5
12.5 50.5
13.5 9.5
13.5 20.5
13.5 28.5
13.5 41.5
13.5 48.5
14.5 9.5
14.5 10.5
14.5 21.5
14.5 28.5
14.5 29.5
15.5 10.5
15.5 11.5
15.5 29.5
15.5 30.5
15.5 31.5
15.5 62.5
15.5 63.5
16.5 10.5
16.5 11.5
16.5 12.5
16.5 29.5
16.5 30.5
16.5 31.5
16.5 32.5
16.5 60.5
16.5 61.5
16.5 62.5
17.5 11.5
17.5 12.5
17.5 30.5
17.5 31.5
17.5 32.5
17.5 59.5
17.5 60.5
17.5 61.5
18.5 11.5
18.5 12.5
18.5 13.5
18.5 31.5
18.5 32.5
18.5 33.5
18.5 58.5
18.5 59.5
18.5 60.5
19.5 12.5
19.5 13.5
19.5 32.5
19.5 33.5
19.5 34.5
19.5 57.5
19.5 58.5
19.5 59.5
20.5 13.5
20.5 14.5
20.5 34.5
20.5 56.5
20.5 57.5
20.5 58.5
21.5 14.5
27.5 35.5
27.5 55.5
28.5 13.5
28.5 14.5
28.5 33.5
28.5 34.5
28.5 35.5
28.5 56.5
28.5 57.5
29.5 12.5
29.5 13.5
29.5 32.5
29.5 33.5
29.5 34.5
29.5 57.5
29.5 58.5
30.5 11.5
30.5 12.5
30.5 13.5
30.5 31.5
30.5 32.5
30.5 33.5
30.5 57.5
30.5 58.5
30.5 59.5
31.5 10.5
31.5 11.5
31.5 12.5
31.5 31.5
31.5 32.5
31.5 58.5
31.5 59.5
31.5 60.5
32.5 9.5
32.5 10.5
32.5 11.5
32.5 30.5
32.5 31.5
32.5 59.5
32.5 60.5
32.5 61.5
33.5 9.5
33.5 10.5
33.5 29.5
33.5 30.5
33.5 61.5
33.5 62.5
34.5 8.5
34.5 9.5
34.5 29.5
34.5 41.5
34.5 42.5
34.5 49.5
34.5 50.5
34.5 62.5
34.5 63.5
35.5 8.5
35.5 21.5
35.5 22.5
35.5 40.5
35.5 41.5
35.5 49.5
35.5 50.5
35.5 51.5
36.5 20.5
36.5 21.5
36.5 39.5
36.5 40.5
36.5 41.5
36.5 50.5
36.5 51.5
36.5 52.5
37.5 18.5
37.5 19.5
37.5 20.5
37.5 39.5
37.5 40.5
37.5 51.5
37.5 52.5
38.5 17.5
38.5 18.5
38.5 19.5
38.5 38.5
38.5 39.5
38.5 51.5
38.5 52.5
38.5 53.5
39.5 16.5
39.5 17.5
39.5 18.5
39.5 37.5
39.5 38.5
39.5 39.5
39.5 52.5
39.5 53.5
39.5 54.5
40.5 16.5
40.5 17.5
40.5 37.5
40.5 38.5
40.5 53.5
40.5 54.5
41.5 15.5
41.5 16.5
41.5 36.5
41.5 37.5
41.5 54.5
41.5 55.5
42.5 36.5
42.5 55.5
48.5 15.5
48.5 55.5
49.5 16.5
49.5 17.5
49.5 35.5
49.5 36.5
49.5 55.5
49.5 56.5
49.5 57.5
50.5 16.5
50.5 17.5
50.5 18.5
50.5 34.5
50.5 35.5
50.5 56.5
50.5 57.5
50.5 58.5
51.5 17.5
51.5 18.5
51.5 19.5
51.5 33.5
51.5 34.5
51.5 57.5
51.5 58.5
51.5 59.5
52.5 18.5
52.5 19.5
52.5 20.5
52.5 21.5
52.5 32.5
52.5 33.5
52.5 34.5
52.5 58.5
52.5 59.5
52.5 60.5
53.5 20.5
53.5 21.5
53.5 31.5
53.5 32.5
53.5 33.5
53.5 59.5
53.5 60.5
53.5 61.5
54.5 21.5
54.5 22.5
54.5 30.5
54.5 31.5
54.5 32.5
54.5 61.5
54.5 62.5
55.5 8.5
55.5 22.5
55.5 23.5
55.5 30.5
55.5 31.5
55.5 48.5
55.5 49.5
56.5 8.5
56.5 9.5
56.5 10.5
56.5 41.5
56.5 42.5
56.5 49.5
56.5 50.5
57.5 9.5
57.5 10.5
57.5 11.5
57.5 40.5
57.5 41.5
57.5 50.5
57.5 51.5
57.5 52.5
58.5 10.5
58.5 11.5
58.5 12.5
58.5 39.5
58.5 40.5
58.5 51.5
58.5 52.5
58.5 53.5
59.5 11.5
59.5 12.5
59.5 13.5
59.5 14.5
59.5 38.5
59.5 39.5
59.5 52.5
59.5 53.5
59.5 54.5
60.5 13.5
60.5 14.5
60.5 37.5
60.5 38.5
60.5 53.5
60.5 54.5
60.5 55.5
61.5 14.5
61.5 15.5
61.5 36.5
61.5 37.5
61.5 55.5
62.5 16.5
62.5 36.5
