5.5 10.5
6.5 12.5
6.5 13.5
6.5 14.5
6.5 33.5
6.5 34.5
6.5 52.5
6.5 53.5
6.5 54.5
6.5 55.5
7.5 15.5
7.5 16.5
7.5 17.5
7.5 18.5
7.5 35.5
7.5 36.5
7.5 37.5
7.5 56.5
7.5 57.5
7.5 58.5
7.5 59.5
7.5 60.5
7.5 61.5
8.5 6.5
8.5 7.5
8.5 18.5
8.5 19.5
8.5 20.5
8.5 21.5
8.5 38.5
8.5 39.5
8.5 40.5
8.5 61.5
8.5 62.5
8.5 63.5
8.5 64.5
8.5 65.5
9.5 8.5
9.5 9.5
9.5 22.5
9.5 23.5
9.5 41.5
9.5 42.5
9.5 43.5
9.5 45.5
10.5 10.5
10.5 11.5
10.5 25.5
10.5 26.5
10.5 27.5
10.5 28.5
10.5 45.5
10.5 46.5
10.5 47.5
10.5 48.5
10.5 49.5
10.5 50.5
11.5 12.5
11.5 13.5
11.5 29.5
11.5 30.5
11.5 31.5
11.5 32.5
11.5 51.5
11.5 52.5
11.5 53.5
11.5 54.5
12.5 14.5
12.5 15.5
12.5 33.5
12.5 34.5
12.5 35.5
12.5 36.5
12.5 37.5
12.5 55.5
12.5 56.5
12.5 57.5
13.5 16.5
13.5 38.5
13.5 39.5
13.5 40.5
13.5 60.5
15.5 16.5
15.5 17.5
15.5 59.5
16.5 14.5
16.5 15.5
16.5 41.5
16.5 55.5
16.5 56.5
16.5 68.5
17.5 11.5
17.5 12.5
17.5 13.5
17.5 34.5
17.5 35.5
17.5 36.5
17.5 37.5
17.5 38.5
17.5 52.5
17.5 53.5
18.5 9.5
18.5 10.5
18.5 29.5
18.5 30.5
18.5 31.5
18.5 32.5
18.5 33.5
18.5 48.5
18.5 49.5
18.5 50.5
19.5 7.5
19.5 8.5
19.5 25.5
19.5 26.5
19.5 27.5
19.5 28.5
19.5 44.5
19.5 45.5
19.5 46.5
19.5 63.5
19.5 64.5
19.5 65.5
20.5 5.5
20.5 21.5
20.5 22.5
20.5 23.5
20.5 41.5
20.5 42.5
20.5 58.5
20.5 59.5
20.5 60.5
20.5 61.5
20.5 62.5
21.5 17.5
21.5 18.5
21.5 19.5
21.5 20.5
21.5 38.5
21.5 39.5
21.5 55.5
21.5 56.5
21.5 57.5
21.5 58.5
22.5 13.5
22.5 14.5
22.5 15.5
22.5 16.5
22.5 35.5
22.5 36.5
22.5 52.5
22.5 53.5
23.5 11.5
23.5 12.5
23.5 32.5
25.5 60.5
26.5 18.5
26.5 19.5
26.5 32.5
26.5 33.5
26.5 34.5
26.5 35.5
26.5 36.5
26.5 37.5
26.5 55.5
26.5 56.5
26.5 57.5
26.5 58.5
27.5 13.5
27.5 14.5
27.5 15.5
27.5 16.5
27.5 37.5
27.5 38.5
27.5 39.5
27.5 40.5
27.5 41.5
27.5 42.5
27.5 50.5
27.5 51.5
27.5 52.5
27.5 53.5
27.5 54.5
28.5 10.5
28.5 11.5
28.5 12.5
28.5 43.5
28.5 44.5
28.5 45.5
28.5 46.5
28.5 47.5
28.5 48.5
28.5 49.5
28.5 50.5
29.5 6.5
29.5 7.5
29.5 8.5
29.5 25.5
29.5 26.5
30.5 22.5
30.5 23.5
30.5 24.5
30.5 25.5
30.5 28.5
30.5 29.5
30.5 30.5
30.5 63.5
30.5 64.5
30.5 65.5
30.5 66.5
31.5 17.5
31.5 18.5
31.5 19.5
31.5 20.5
31.5 21.5
31.5 32.5
31.5 33.5
31.5 34.5
31.5 58.5
31.5 59.5
31.5 60.5
31.5 61.5
31.5 62.5
32.5 13.5
32.5 14.5
32.5 15.5
32.5 16.5
32.5 36.5
32.5 37.5
32.5 38.5
32.5 53.5
32.5 54.5
32.5 55.5
32.5 56.5
32.5 57.5
33.5 41.5
35.5 11.5
35.5 12.5
35.5 32.5
35.5 33.5
36.5 13.5
36.5 14.5
36.5 15.5
36.5 35.5
36.5 36.5
36.5 37.5
36.5 59.5
36.5 60.5
36.5 61.5
37.5 16.5
37.5 17.5
37.5 18.5
37.5 38.5
37.5 39.5
37.5 40.5
37.5 41.5
37.5 53.5
37.5 54.5
37.5 55.5
37.5 56.5
37.5 57.5
38.5 18.5
38.5 19.5
38.5 20.5
38.5 42.5
38.5 43.5
38.5 44.5
38.5 47.5
38.5 48.5
38.5 49.5
38.5 50.5
38.5 51.5
38.5 52.5
39.5 5.5
39.5 6.5
39.5 21.5
39.5 22.5
39.5 23.5
39.5 46.5
39.5 47.5
39.5 66.5
40.5 7.5
40.5 8.5
40.5 9.5
40.5 24.5
40.5 25.5
40.5 26.5
40.5 27.5
40.5 28.5
40.5 29.5
40.5 62.5
40.5 63.5
41.5 9.5
41.5 10.5
41.5 11.5
41.5 12.5
41.5 27.5
41.5 30.5
41.5 31.5
41.5 32.5
41.5 33.5
41.5 34.5
41.5 35.5
41.5 58.5
41.5 59.5
41.5 60.5
42.5 12.5
42.5 13.5
42.5 14.5
42.5 35.5
42.5 36.5
42.5 37.5
42.5 38.5
42.5 39.5
42.5 55.5
42.5 56.5
43.5 15.5
43.5 16.5
43.5 17.5
43.5 52.5
44.5 18.5
44.5 19.5
44.5 52.5
45.5 54.5
45.5 55.5
46.5 56.5
46.5 57.5
47.5 18.5
47.5 19.5
47.5 20.5
47.5 32.5
47.5 33.5
47.5 34.5
47.5 35.5
47.5 36.5
47.5 37.5
47.5 38.5
47.5 57.5
47.5 58.5
47.5 59.5
48.5 13.5
48.5 14.5
48.5 15.5
48.5 16.5
48.5 39.5
48.5 40.5
48.5 41.5
48.5 42.5
48.5 43.5
48.5 44.5
48.5 45.5
48.5 59.5
48.5 60.5
48.5 61.5
49.5 9.5
49.5 10.5
49.5 11.5
49.5 12.5
49.5 47.5
49.5 48.5
49.5 61.5
49.5 62.5
50.5 6.5
50.5 7.5
50.5 25.5
50.5 26.5
50.5 49.5
50.5 50.5
50.5 51.5
50.5 63.5
50.5 64.5
51.5 21.5
51.5 22.5
51.5 23.5
51.5 26.5
51.5 27.5
51.5 28.5
51.5 29.5
51.5 30.5
51.5 52.5
51.5 53.5
51.5 65.5
51.5 66.5
52.5 18.5
52.5 19.5
52.5 20.5
52.5 32.5
52.5 33.5
52.5 34.5
52.5 35.5
52.5 36.5
52.5 54.5
52.5 55.5
52.5 56.5
53.5 14.5
53.5 15.5
53.5 16.5
53.5 38.5
53.5 39.5
53.5 40.5
53.5 57.5
53.5 58.5
54.5 12.5
54.5 60.5
55.5 40.5
56.5 19.5
56.5 37.5
56.5 38.5
57.5 15.5
57.5 16.5
57.5 17.5
57.5 34.5
57.5 35.5
57.5 59.5
57.5 60.5
57.5 61.5
58.5 11.5
58.5 12.5
58.5 13.5
58.5 14.5
58.5 31.5
58.5 32.5
58.5 33.5
58.5 53.5
58.5 54.5
58.5 55.5
58.5 56.5
58.5 57.5
58.5 58.5
59.5 8.5
59.5 9.5
59.5 10.5
59.5 29.5
59.5 30.5
59.5 47.5
59.5 48.5
59.5 49.5
59.5 50.5
59.5 51.5
59.5 52.5
59.5 53.5
60.5 5.5
60.5 6.5
60.5 25.5
60.5 26.5
60.5 27.5
60.5 43.5
60.5 44.5
60.5 45.5
60.5 46.5
60.5 47.5
61.5 20.5
61.5 21.5
61.5 22.5
61.5 23.5
61.5 24.5
61.5 39.5
61.5 40.5
61.5 41.5
61.5 42.5
61.5 63.5
61.5 64.5
61.5 65.5
62.5 15.5
62.5 16.5
62.5 17.5
62.5 18.5
62.5 36.5
62.5 37.5
62.5 38.5
62.5 39.5
62.5 60.5
62.5 61.5
62.5 62.5
63.5 11.5
63.5 12.5
63.5 13.5
63.5 33.5
63.5 34.5
63.5 35.5
63.5 36.5
63.5 57.5
63.5 58.5
63.5 59.5
64.5 31.5
64.5 32.5
64.5 54.5
64.5 55.5
64.5 56.5
