4.5 9.5
4.5 20.5
4.5 31.5
4.5 61.5
5.5 10.5
5.5 20.5
5.5 21.5
5.5 31.5
5.5 39.5
5.5 40.5
5.5 50.5
5.5 51.5
5.5 62.5
6.5 10.5
6.5 11.5
6.5 21.5
6.5 22.5
6.5 32.5
6.5 40.5
6.5 41.5
6.5 51.5
6.5 52.5
6.5 53.5
6.5 63.5
7.5 5.5
7.5 11.5
7.5 12.5
7.5 22.5
7.5 23.5
7.5 27.5
7.5 32.5
7.5 33.5
7.5 36.5
7.5 42.5
7.5 45.5
7.5 53.5
7.5 54.5
7.5 63.5
7.5 64.5
8.5 5.5
8.5 6.5
8.5 12.5
8.5 22.5
8.5 23.5
8.5 28.5
8.5 33.5
8.5 37.5
8.5 43.5
8.5 46.5
8.5 55.5
8.5 56.5
8.5 57.5
8.5 58.5
8.5 64.5
9.5 6.5
9.5 7.5
9.5 13.5
9.5 23.5
9.5 24.5
9.5 28.5
9.5 29.5
9.5 34.5
9.5 37.5
9.5 38.5
9.5 47.5
9.5 48.5
9.5 58.5
9.5 59.5
9.5 65.5
10.5 7.5
10.5 8.5
10.5 14.5
10.5 16.5
10.5 17.5
10.5 24.5
10.5 25.5
10.5 29.5
10.5 38.5
10.5 48.5
10.5 49.5
10.5 59.5
10.5 60.5
10.5 66.5
11.5 8.5
11.5 17.5
11.5 18.5
11.5 29.5
11.5 30.5
11.5 39.5
11.5 50.5
11.5 51.5
11.5 61.5
12.5 8.5
12.5 9.5
12.5 19.5
12.5 30.5
12.5 39.5
12.5 40.5
12.5 52.5
12.5 62.5
13.5 9.5
13.5 10.5
13.5 20.5
13.5 30.5
13.5 31.5
13.5 51.5
13.5 63.5
14.5 21.5
14.5 31.5
14.5 39.5
14.5 40.5
14.5 50.5
14.5 62.5
15.5 10.5
15.5 31.5
15.5 40.5
15.5 49.5
15.5 50.5
15.5 61.5
15.5 62.5
16.5 9.5
16.5 10.5
16.5 19.5
16.5 20.5
16.5 29.5
16.5 30.5
16.5 41.5
16.5 48.5
16.5 49.5
16.5 60.5
16.5 61.5
17.5 8.5
17.5 9.5
17.5 20.5
17.5 21.5
17.5 28.5
17.5 29.5
17.5 42.5
17.5 47.5
17.5 48.5
17.5 54.5
17.5 59.5
17.5 60.5
18.5 7.5
18.5 8.5
18.5 22.5
18.5 23.5
18.5 27.5
18.5 34.5
18.5 35.5
18.5 43.5
18.5 47.5
18.5 48.5
18.5 53.5
18.5 58.5
18.5 59.5
19.5 6.5
19.5 7.5
19.5 14.5
19.5 16.5
19.5 17.5
19.5 24.5
19.5 26.5
19.5 33.5
19.5 36.5
19.5 37.5
19.5 43.5
19.5 44.5
19.5 46.5
19.5 47.5
19.5 53.5
19.5 58.5
19.5 59.5
19.5 66.5
20.5 5.5
20.5 6.5
20.5 13.5
20.5 14.5
20.5 17.5
20.5 18.5
20.5 31.5
20.5 32.5
20.5 37.5
20.5 38.5
20.5 46.5
20.5 52.5
20.5 53.5
20.5 57.5
20.5 58.5
20.5 65.5
20.5 66.5
21.5 5.5
21.5 12.5
21.5 13.5
21.5 18.5
21.5 19.5
21.5 30.5
21.5 31.5
21.5 38.5
21.5 39.5
21.5 52.5
21.5 56.5
21.5 57.5
21.5 64.5
21.5 65.5
22.5 11.5
22.5 12.5
22.5 19.5
22.5 20.5
22.5 30.5
22.5 39.5
22.5 40.5
22.5 51.5
22.5 52.5
22.5 56.5
22.5 63.5
22.5 64.5
23.5 10.5
23.5 11.5
23.5 20.5
23.5 21.5
23.5 29.5
23.5 41.5
23.5 51.5
23.5 62.5
23.5 63.5
24.5 9.5
24.5 10.5
24.5 19.5
24.5 30.5
24.5 42.5
24.5 51.5
24.5 61.5
24.5 62.5
25.5 20.5
25.5 29.5
25.5 30.5
25.5 50.5
25.5 60.5
25.5 61.5
26.5 8.5
26.5 21.5
26.5 29.5
26.5 38.5
26.5 39.5
26.5 40.5
26.5 51.5
26.5 59.5
27.5 9.5
27.5 10.5
27.5 21.5
27.5 22.5
27.5 28.5
27.5 29.5
27.5 40.5
27.5 41.5
27.5 42.5
27.5 49.5
27.5 50.5
28.5 11.5
28.5 12.5
28.5 22.5
28.5 23.5
28.5 27.5
28.5 28.5
28.5 43.5
28.5 44.5
28.5 45.5
28.5 47.5
28.5 48.5
28.5 62.5
28.5 63.5
29.5 5.5
29.5 13.5
29.5 14.5
29.5 16.5
29.5 23.5
29.5 27.5
29.5 34.5
29.5 36.5
29.5 46.5
29.5 47.5
29.5 59.5
29.5 60.5
29.5 61.5
30.5 6.5
30.5 7.5
30.5 15.5
30.5 17.5
30.5 18.5
30.5 24.5
30.5 26.5
30.5 32.5
30.5 33.5
30.5 37.5
30.5 38.5
30.5 57.5
30.5 58.5
30.5 59.5
30.5 66.5
31.5 7.5
31.5 8.5
31.5 18.5
31.5 19.5
31.5 31.5
31.5 32.5
31.5 38.5
31.5 39.5
31.5 51.5
31.5 52.5
31.5 53.5
31.5 54.5
31.5 55.5
31.5 56.5
31.5 57.5
31.5 65.5
32.5 9.5
32.5 10.5
32.5 20.5
32.5 30.5
32.5 31.5
32.5 40.5
32.5 49.5
32.5 50.5
32.5 51.5
32.5 52.5
32.5 63.5
32.5 64.5
33.5 11.5
33.5 21.5
33.5 30.5
33.5 62.5
34.5 11.5
34.5 51.5
34.5 60.5
34.5 61.5
35.5 10.5
35.5 19.5
35.5 20.5
35.5 30.5
35.5 40.5
35.5 50.5
35.5 51.5
36.5 9.5
36.5 10.5
36.5 20.5
36.5 21.5
36.5 30.5
36.5 31.5
36.5 39.5
36.5 50.5
36.5 61.5
37.5 8.5
37.5 9.5
37.5 21.5
37.5 22.5
37.5 31.5
37.5 32.5
37.5 38.5
37.5 39.5
37.5 44.5
37.5 45.5
37.5 49.5
37.5 50.5
37.5 62.5
38.5 8.5
38.5 14.5
38.5 16.5
38.5 22.5
38.5 23.5
38.5 25.5
38.5 32.5
38.5 33.5
38.5 38.5
38.5 44.5
38.5 49.5
38.5 50.5
38.5 56.5
38.5 63.5
39.5 7.5
39.5 13.5
39.5 17.5
39.5 23.5
39.5 24.5
39.5 26.5
39.5 27.5
39.5 33.5
39.5 34.5
39.5 37.5
39.5 43.5
39.5 44.5
39.5 48.5
39.5 49.5
39.5 55.5
39.5 57.5
39.5 63.5
39.5 64.5
40.5 6.5
40.5 12.5
40.5 13.5
40.5 17.5
40.5 18.5
40.5 27.5
40.5 28.5
40.5 34.5
40.5 36.5
40.5 42.5
40.5 43.5
40.5 48.5
40.5 49.5
40.5 54.5
40.5 58.5
40.5 64.5
40.5 65.5
41.5 11.5
41.5 12.5
41.5 18.5
41.5 28.5
41.5 29.5
41.5 35.5
41.5 42.5
41.5 43.5
41.5 48.5
41.5 53.5
41.5 54.5
41.5 59.5
41.5 65.5
42.5 11.5
42.5 19.5
42.5 30.5
42.5 41.5
42.5 42.5
42.5 53.5
42.5 60.5
43.5 10.5
43.5 20.5
43.5 31.5
43.5 41.5
43.5 52.5
43.5 61.5
44.5 10.5
44.5 21.5
44.5 40.5
44.5 41.5
44.5 51.5
44.5 62.5
45.5 11.5
45.5 20.5
45.5 31.5
45.5 40.5
45.5 51.5
45.5 62.5
46.5 10.5
46.5 19.5
46.5 29.5
46.5 30.5
46.5 42.5
46.5 43.5
46.5 52.5
46.5 61.5
47.5 9.5
47.5 10.5
47.5 18.5
47.5 24.5
47.5 28.5
47.5 29.5
47.5 40.5
47.5 41.5
47.5 42.5
47.5 52.5
47.5 60.5
48.5 9.5
48.5 17.5
48.5 18.5
48.5 23.5
48.5 27.5
48.5 28.5
48.5 35.5
48.5 39.5
48.5 40.5
48.5 53.5
48.5 59.5
48.5 60.5
49.5 8.5
49.5 14.5
49.5 17.5
49.5 22.5
49.5 23.5
49.5 26.5
49.5 34.5
49.5 38.5
49.5 39.5
49.5 47.5
49.5 48.5
49.5 53.5
49.5 54.5
49.5 58.5
49.5 59.5
49.5 66.5
50.5 7.5
50.5 13.5
50.5 16.5
50.5 22.5
50.5 33.5
50.5 34.5
50.5 36.5
50.5 37.5
50.5 46.5
50.5 49.5
50.5 54.5
50.5 57.5
50.5 64.5
50.5 65.5
51.5 7.5
51.5 12.5
51.5 21.5
51.5 32.5
51.5 33.5
51.5 44.5
51.5 45.5
51.5 49.5
51.5 50.5
51.5 56.5
51.5 63.5
51.5 64.5
52.5 11.5
52.5 12.5
52.5 20.5
52.5 21.5
52.5 31.5
52.5 43.5
52.5 44.5
52.5 50.5
52.5 62.5
52.5 63.5
53.5 10.5
53.5 11.5
53.5 20.5
53.5 30.5
53.5 42.5
53.5 43.5
53.5 50.5
53.5 51.5
53.5 61.5
53.5 62.5
54.5 10.5
54.5 29.5
54.5 41.5
54.5 42.5
54.5 51.5
54.5 60.5
55.5 10.5
55.5 21.5
55.5 31.5
55.5 40.5
55.5 52.5
56.5 11.5
56.5 20.5
56.5 30.5
56.5 31.5
56.5 40.5
56.5 51.5
56.5 52.5
56.5 60.5
56.5 68.5
57.5 12.5
57.5 19.5
57.5 30.5
57.5 41.5
57.5 42.5
57.5 51.5
57.5 52.5
57.5 61.5
57.5 62.5
58.5 12.5
58.5 13.5
58.5 18.5
58.5 25.5
58.5 29.5
58.5 30.5
58.5 35.5
58.5 43.5
58.5 52.5
58.5 62.5
58.5 63.5
59.5 7.5
59.5 13.5
59.5 14.5
59.5 17.5
59.5 18.5
59.5 24.5
59.5 25.5
59.5 28.5
59.5 29.5
59.5 34.5
59.5 36.5
59.5 44.5
59.5 45.5
59.5 47.5
59.5 52.5
59.5 53.5
59.5 56.5
59.5 64.5
59.5 65.5
60.5 7.5
60.5 8.5
60.5 14.5
60.5 17.5
60.5 23.5
60.5 24.5
60.5 28.5
60.5 34.5
60.5 37.5
60.5 38.5
60.5 46.5
60.5 48.5
60.5 53.5
60.5 57.5
60.5 58.5
60.5 66.5
61.5 8.5
61.5 9.5
61.5 15.5
61.5 22.5
61.5 23.5
61.5 27.5
61.5 33.5
61.5 38.5
61.5 39.5
61.5 40.5
61.5 49.5
61.5 54.5
61.5 58.5
61.5 59.5
62.5 9.5
62.5 10.5
62.5 21.5
62.5 22.5
62.5 32.5
62.5 33.5
62.5 40.5
62.5 41.5
62.5 50.5
62.5 59.5
62.5 60.5
62.5 61.5
63.5 10.5
63.5 20.5
63.5 21.5
63.5 32.5
63.5 41.5
63.5 42.5
63.5 51.5
63.5 61.5
63.5 62.5
64.5 11.5
64.5 20.5
64.5 31.5
64.5 52.5
