5.5 10.5
5.5 36.5
5.5 48.5
6.5 10.5
6.5 24.5
6.5 48.5
6.5 60.5
7.5 11.5
7.5 24.5
7.5 37.5
7.5 47.5
7.5 61.5
8.5 11.5
8.5 24.5
8.5 25.5
8.5 37.5
8.5 47.5
8.5 61.5
9.5 11.5
9.5 12.5
9.5 25.5
9.5 38.5
9.5 46.5
9.5 47.5
9.5 61.5
9.5 62.5
10.5 12.5
10.5 25.5
10.5 38.5
10.5 46.5
10.5 62.5
11.5 12.5
11.5 13.5
11.5 25.5
11.5 26.5
11.5 38.5
11.5 39.5
11.5 46.5
11.5 56.5
11.5 62.5
12.5 6.5
12.5 13.5
12.5 26.5
12.5 32.5
12.5 39.5
12.5 45.5
12.5 46.5
12.5 52.5
12.5 56.5
12.5 63.5
13.5 13.5
13.5 19.5
13.5 26.5
13.5 32.5
13.5 39.5
13.5 45.5
13.5 57.5
13.5 63.5
14.5 7.5
14.5 14.5
14.5 19.5
14.5 27.5
14.5 33.5
14.5 40.5
14.5 45.5
14.5 51.5
14.5 57.5
14.5 63.5
15.5 7.5
15.5 14.5
15.5 20.5
15.5 27.5
15.5 33.5
15.5 40.5
15.5 44.5
15.5 51.5
15.5 57.5
15.5 64.5
16.5 8.5
16.5 20.5
16.5 33.5
16.5 34.5
16.5 50.5
16.5 57.5
17.5 8.5
17.5 20.5
17.5 21.5
17.5 34.5
17.5 50.5
17.5 58.5
18.5 8.5
18.5 9.5
18.5 21.5
18.5 34.5
18.5 35.5
18.5 50.5
18.5 58.5
19.5 9.5
19.5 21.5
19.5 35.5
19.5 49.5
19.5 58.5
20.5 9.5
20.5 22.5
20.5 35.5
20.5 49.5
20.5 58.5
20.5 59.5
21.5 10.5
21.5 22.5
21.5 35.5
21.5 59.5
22.5 10.5
22.5 36.5
22.5 48.5
22.5 59.5
25.5 36.5
26.5 10.5
26.5 23.5
26.5 35.5
26.5 59.5
27.5 10.5
27.5 23.5
27.5 35.5
27.5 47.5
27.5 59.5
28.5 9.5
28.5 10.5
28.5 23.5
28.5 24.5
28.5 34.5
28.5 47.5
28.5 58.5
28.5 59.5
29.5 9.5
29.5 24.5
29.5 33.5
29.5 34.5
29.5 46.5
29.5 58.5
30.5 9.5
30.5 24.5
30.5 33.5
30.5 46.5
30.5 58.5
31.5 9.5
31.5 25.5
31.5 32.5
31.5 33.5
31.5 46.5
31.5 58.5
32.5 8.5
32.5 25.5
32.5 32.5
32.5 40.5
32.5 45.5
32.5 57.5
33.5 8.5
33.5 14.5
33.5 19.5
33.5 25.5
33.5 26.5
33.5 31.5
33.5 32.5
33.5 39.5
33.5 40.5
33.5 45.5
33.5 51.5
33.5 57.5
33.5 63.5
34.5 8.5
34.5 14.5
34.5 19.5
34.5 26.5
34.5 31.5
34.5 39.5
34.5 45.5
34.5 51.5
34.5 57.5
34.5 63.5
35.5 14.5
35.5 20.5
35.5 38.5
35.5 39.5
35.5 44.5
35.5 51.5
35.5 63.5
36.5 7.5
36.5 13.5
36.5 14.5
36.5 20.5
36.5 38.5
36.5 44.5
36.5 50.5
36.5 51.5
36.5 56.5
36.5 62.5
36.5 63.5
37.5 13.5
37.5 20.5
37.5 21.5
37.5 37.5
37.5 38.5
37.5 50.5
37.5 62.5
38.5 13.5
38.5 21.5
38.5 37.5
38.5 50.5
38.5 62.5
39.5 13.5
39.5 21.5
39.5 36.5
39.5 37.5
39.5 49.5
39.5 50.5
39.5 62.5
40.5 12.5
40.5 13.5
40.5 22.5
40.5 36.5
40.5 49.5
40.5 62.5
41.5 12.5
41.5 22.5
41.5 35.5
41.5 49.5
41.5 61.5
42.5 12.5
42.5 22.5
42.5 35.5
42.5 49.5
42.5 61.5
43.5 12.5
43.5 61.5
45.5 35.5
46.5 23.5
46.5 35.5
46.5 48.5
47.5 12.5
47.5 34.5
47.5 48.5
48.5 12.5
48.5 24.5
48.5 34.5
48.5 47.5
48.5 60.5
49.5 12.5
49.5 24.5
49.5 33.5
49.5 34.5
49.5 47.5
49.5 60.5
50.5 13.5
50.5 24.5
50.5 25.5
50.5 33.5
50.5 34.5
50.5 46.5
50.5 47.5
50.5 60.5
51.5 13.5
51.5 25.5
51.5 33.5
51.5 46.5
51.5 59.5
52.5 13.5
52.5 14.5
52.5 25.5
52.5 32.5
52.5 33.5
52.5 45.5
52.5 46.5
52.5 59.5
53.5 8.5
53.5 14.5
53.5 19.5
53.5 25.5
53.5 26.5
53.5 32.5
53.5 39.5
53.5 45.5
53.5 59.5
54.5 8.5
54.5 14.5
54.5 26.5
54.5 32.5
54.5 39.5
54.5 45.5
54.5 53.5
54.5 58.5
54.5 64.5
55.5 9.5
55.5 15.5
55.5 20.5
55.5 26.5
55.5 31.5
55.5 32.5
55.5 38.5
55.5 39.5
55.5 44.5
55.5 52.5
55.5 58.5
55.5 64.5
56.5 9.5
56.5 15.5
56.5 20.5
56.5 31.5
56.5 38.5
56.5 44.5
56.5 52.5
56.5 58.5
57.5 9.5
57.5 20.5
57.5 21.5
57.5 38.5
57.5 51.5
57.5 52.5
57.5 63.5
58.5 10.5
58.5 21.5
58.5 37.5
58.5 38.5
58.5 51.5
58.5 63.5
59.5 10.5
59.5 21.5
59.5 37.5
59.5 50.5
59.5 51.5
59.5 63.5
60.5 10.5
60.5 22.5
60.5 36.5
60.5 37.5
60.5 50.5
60.5 62.5
61.5 11.5
61.5 22.5
61.5 36.5
61.5 49.5
61.5 50.5
61.5 62.5
62.5 11.5
62.5 23.5
62.5 36.5
62.5 49.5
62.5 62.5
63.5 23.5
63.5 48.5
63.5 61.5
64.5 35.5
64.5 48.5
64.5 61.5
