6.5 12.5
6.5 29.5
6.5 44.5
6.5 58.5
7.5 14.5
7.5 30.5
7.5 31.5
7.5 45.5
7.5 55.5
7.5 56.5
8.5 15.5
8.5 16.5
8.5 32.5
8.5 47.5
8.5 53.5
9.5 17.5
10.5 23.5
10.5 39.5
10.5 40.5
10.5 62.5
11.5 7.5
11.5 8.5
11.5 24.5
11.5 25.5
11.5 41.5
11.5 60.5
11.5 61.5
12.5 9.5
12.5 26.5
12.5 43.5
12.5 58.5
12.5 59.5
13.5 10.5
13.5 11.5
13.5 28.5
14.5 12.5
17.5 42.5
18.5 28.5
18.5 41.5
18.5 56.5
18.5 57.5
19.5 12.5
19.5 26.5
19.5 40.5
19.5 55.5
19.5 56.5
20.5 10.5
20.5 11.5
20.5 25.5
20.5 39.5
20.5 55.5
21.5 9.5
21.5 24.5
21.5 38.5
21.5 54.5
22.5 7.5
22.5 32.5
22.5 47.5
22.5 53.5
23.5 17.5
23.5 31.5
23.5 46.5
23.5 62.5
24.5 15.5
24.5 16.5
24.5 30.5
24.5 45.5
24.5 61.5
25.5 13.5
25.5 29.5
25.5 44.5
25.5 60.5
26.5 28.5
26.5 43.5
26.5 59.5
30.5 13.5
31.5 14.5
31.5 27.5
31.5 59.5
32.5 15.5
32.5 16.5
32.5 26.5
32.5 42.5
32.5 57.5
33.5 17.5
33.5 25.5
33.5 40.5
33.5 56.5
34.5 19.5
34.5 24.5
34.5 38.5
34.5 39.5
34.5 54.5
35.5 8.5
35.5 49.5
35.5 64.5
36.5 9.5
36.5 10.5
36.5 31.5
36.5 47.5
36.5 48.5
36.5 62.5
36.5 63.5
37.5 11.5
37.5 30.5
37.5 45.5
37.5 46.5
37.5 61.5
38.5 12.5
38.5 29.5
38.5 44.5
38.5 59.5
38.5 60.5
43.5 28.5
43.5 43.5
44.5 13.5
44.5 14.5
44.5 30.5
44.5 40.5
44.5 41.5
44.5 60.5
45.5 15.5
45.5 32.5
45.5 38.5
45.5 61.5
46.5 17.5
46.5 62.5
47.5 22.5
47.5 48.5
47.5 53.5
47.5 63.5
48.5 8.5
48.5 24.5
48.5 25.5
48.5 26.5
48.5 46.5
48.5 47.5
48.5 54.5
49.5 10.5
49.5 28.5
49.5 44.5
49.5 55.5
49.5 56.5
50.5 11.5
50.5 57.5
51.5 58.5
55.5 11.5
55.5 28.5
55.5 29.5
55.5 42.5
56.5 10.5
56.5 30.5
56.5 31.5
56.5 40.5
56.5 41.5
56.5 59.5
57.5 8.5
57.5 32.5
57.5 33.5
57.5 38.5
57.5 39.5
57.5 57.5
58.5 7.5
58.5 55.5
58.5 56.5
59.5 16.5
59.5 22.5
59.5 54.5
60.5 14.5
60.5 15.5
60.5 24.5
60.5 48.5
60.5 63.5
61.5 13.5
61.5 26.5
61.5 45.5
61.5 46.5
61.5 62.5
62.5 11.5
62.5 28.5
62.5 43.5
62.5 44.5
62.5 60.5
63.5 59.5
