7.5 17.5
7.5 18.5
7.5 19.5
7.5 20.5
7.5 31.5
7.5 32.5
7.5 33.5
7.5 52.5
7.5 53.5
7.5 54.5
8.5 22.5
8.5 29.5
8.5 50.5
8.5 51.5
9.5 48.5
9.5 49.5
10.5 10.5
10.5 11.5
10.5 12.5
10.5 60.5
10.5 61.5
10.5 62.5
11.5 15.5
11.5 36.5
11.5 37.5
11.5 38.5
11.5 39.5
11.5 40.5
11.5 58.5
11.5 59.5
11.5 60.5
12.5 56.5
12.5 57.5
16.5 13.5
16.5 14.5
16.5 36.5
17.5 10.5
17.5 11.5
17.5 12.5
17.5 38.5
17.5 39.5
18.5 8.5
18.5 9.5
18.5 41.5
18.5 42.5
18.5 56.5
18.5 57.5
18.5 58.5
19.5 59.5
19.5 60.5
19.5 61.5
20.5 19.5
20.5 20.5
20.5 21.5
20.5 29.5
20.5 30.5
20.5 31.5
20.5 32.5
21.5 17.5
21.5 18.5
21.5 19.5
21.5 33.5
21.5 34.5
21.5 35.5
21.5 51.5
21.5 52.5
22.5 15.5
22.5 16.5
22.5 53.5
22.5 54.5
26.5 35.5
26.5 36.5
27.5 17.5
27.5 18.5
27.5 31.5
27.5 32.5
27.5 33.5
27.5 54.5
28.5 20.5
28.5 21.5
28.5 29.5
28.5 51.5
28.5 52.5
28.5 53.5
29.5 49.5
29.5 50.5
30.5 8.5
30.5 9.5
30.5 10.5
30.5 11.5
30.5 39.5
30.5 40.5
30.5 41.5
31.5 13.5
31.5 14.5
31.5 15.5
31.5 37.5
31.5 38.5
31.5 39.5
31.5 60.5
31.5 61.5
32.5 56.5
32.5 57.5
32.5 58.5
37.5 16.5
37.5 17.5
37.5 18.5
37.5 19.5
37.5 33.5
37.5 34.5
38.5 20.5
38.5 21.5
38.5 30.5
38.5 31.5
38.5 32.5
38.5 56.5
38.5 57.5
38.5 58.5
38.5 59.5
39.5 60.5
39.5 61.5
39.5 62.5
40.5 7.5
40.5 8.5
41.5 10.5
41.5 11.5
42.5 13.5
42.5 14.5
42.5 37.5
42.5 38.5
42.5 39.5
42.5 49.5
42.5 50.5
42.5 51.5
42.5 52.5
43.5 35.5
43.5 53.5
43.5 54.5
47.5 13.5
47.5 14.5
48.5 10.5
48.5 11.5
48.5 12.5
48.5 32.5
48.5 33.5
48.5 34.5
48.5 53.5
48.5 54.5
48.5 55.5
49.5 8.5
49.5 29.5
49.5 30.5
49.5 31.5
49.5 50.5
49.5 51.5
49.5 52.5
51.5 19.5
51.5 20.5
51.5 21.5
51.5 42.5
51.5 60.5
51.5 61.5
51.5 62.5
52.5 16.5
52.5 17.5
52.5 18.5
52.5 37.5
52.5 38.5
52.5 39.5
52.5 40.5
52.5 57.5
52.5 58.5
52.5 59.5
58.5 11.5
58.5 12.5
58.5 13.5
58.5 14.5
58.5 37.5
58.5 38.5
58.5 39.5
58.5 58.5
58.5 59.5
59.5 9.5
59.5 10.5
59.5 40.5
59.5 41.5
59.5 42.5
59.5 60.5
59.5 61.5
59.5 62.5
60.5 22.5
60.5 29.5
61.5 19.5
61.5 20.5
61.5 31.5
61.5 32.5
61.5 50.5
61.5 51.5
62.5 16.5
62.5 17.5
62.5 34.5
62.5 52.5
62.5 53.5
62.5 54.5
63.5 55.5
63.5 56.5
