6.5 22.5
6.5 32.5
6.5 62.5
7.5 9.5
7.5 10.5
7.5 22.5
7.5 23.5
7.5 32.5
7.5 33.5
7.5 39.5
7.5 40.5
7.5 50.5
7.5 62.5
7.5 63.5
8.5 8.5
8.5 9.5
8.5 23.5
8.5 24.5
8.5 34.5
8.5 38.5
8.5 39.5
8.5 48.5
8.5 49.5
8.5 63.5
9.5 28.5
9.5 29.5
10.5 12.5
10.5 13.5
10.5 18.5
10.5 19.5
10.5 28.5
10.5 29.5
10.5 30.5
10.5 42.5
10.5 43.5
10.5 53.5
10.5 54.5
10.5 59.5
11.5 11.5
11.5 12.5
11.5 18.5
11.5 19.5
11.5 20.5
11.5 29.5
11.5 30.5
11.5 41.5
11.5 42.5
11.5 52.5
11.5 53.5
11.5 54.5
11.5 59.5
11.5 60.5
12.5 19.5
12.5 20.5
12.5 52.5
12.5 53.5
12.5 60.5
13.5 60.5
15.5 31.5
15.5 39.5
15.5 40.5
16.5 9.5
16.5 10.5
16.5 21.5
16.5 31.5
16.5 32.5
16.5 38.5
16.5 39.5
16.5 40.5
16.5 51.5
17.5 8.5
17.5 9.5
17.5 21.5
17.5 22.5
17.5 31.5
17.5 32.5
17.5 38.5
17.5 39.5
17.5 52.5
17.5 62.5
18.5 8.5
18.5 22.5
18.5 23.5
18.5 32.5
18.5 33.5
18.5 37.5
18.5 38.5
18.5 53.5
18.5 63.5
18.5 64.5
19.5 23.5
19.5 43.5
19.5 48.5
19.5 54.5
19.5 64.5
20.5 12.5
20.5 13.5
20.5 17.5
20.5 18.5
20.5 27.5
20.5 28.5
20.5 42.5
20.5 43.5
20.5 48.5
20.5 49.5
21.5 11.5
21.5 12.5
21.5 18.5
21.5 19.5
21.5 28.5
21.5 29.5
21.5 41.5
21.5 42.5
21.5 48.5
21.5 49.5
21.5 59.5
21.5 60.5
21.5 61.5
22.5 11.5
22.5 19.5
22.5 20.5
22.5 29.5
22.5 41.5
22.5 42.5
22.5 49.5
22.5 50.5
22.5 60.5
22.5 61.5
26.5 10.5
26.5 11.5
26.5 61.5
26.5 62.5
27.5 11.5
27.5 12.5
27.5 18.5
27.5 19.5
27.5 31.5
27.5 32.5
27.5 39.5
27.5 40.5
27.5 50.5
27.5 51.5
27.5 61.5
27.5 62.5
27.5 63.5
28.5 12.5
28.5 13.5
28.5 17.5
28.5 18.5
28.5 19.5
28.5 32.5
28.5 33.5
28.5 37.5
28.5 38.5
28.5 39.5
28.5 51.5
28.5 52.5
28.5 62.5
28.5 63.5
29.5 7.5
29.5 17.5
29.5 37.5
29.5 52.5
29.5 53.5
29.5 63.5
29.5 64.5
30.5 7.5
30.5 8.5
30.5 22.5
30.5 23.5
30.5 28.5
30.5 29.5
30.5 43.5
30.5 57.5
30.5 58.5
31.5 7.5
31.5 8.5
31.5 9.5
31.5 21.5
31.5 22.5
31.5 23.5
31.5 28.5
31.5 29.5
31.5 30.5
31.5 41.5
31.5 42.5
31.5 43.5
31.5 48.5
31.5 49.5
31.5 58.5
31.5 59.5
32.5 8.5
32.5 9.5
32.5 21.5
32.5 22.5
32.5 30.5
32.5 41.5
32.5 42.5
32.5 49.5
32.5 59.5
36.5 31.5
36.5 32.5
36.5 40.5
36.5 41.5
36.5 50.5
37.5 9.5
37.5 10.5
37.5 11.5
37.5 18.5
37.5 19.5
37.5 32.5
37.5 33.5
37.5 39.5
37.5 40.5
37.5 49.5
37.5 61.5
37.5 62.5
38.5 10.5
38.5 11.5
38.5 12.5
38.5 17.5
38.5 18.5
38.5 19.5
38.5 32.5
38.5 33.5
38.5 38.5
38.5 39.5
38.5 40.5
38.5 48.5
38.5 49.5
38.5 62.5
38.5 63.5
39.5 11.5
39.5 12.5
39.5 17.5
39.5 34.5
39.5 38.5
39.5 39.5
40.5 23.5
40.5 28.5
40.5 43.5
40.5 44.5
40.5 52.5
40.5 57.5
40.5 58.5
41.5 6.5
41.5 7.5
41.5 22.5
41.5 23.5
41.5 28.5
41.5 29.5
41.5 42.5
41.5 43.5
41.5 51.5
41.5 52.5
41.5 58.5
41.5 59.5
42.5 7.5
42.5 8.5
42.5 21.5
42.5 22.5
42.5 29.5
42.5 30.5
42.5 42.5
42.5 51.5
42.5 52.5
42.5 59.5
42.5 60.5
43.5 20.5
43.5 21.5
43.5 30.5
46.5 42.5
47.5 8.5
47.5 18.5
47.5 19.5
47.5 20.5
47.5 31.5
47.5 42.5
47.5 43.5
47.5 49.5
47.5 50.5
47.5 61.5
47.5 62.5
48.5 7.5
48.5 8.5
48.5 17.5
48.5 18.5
48.5 19.5
48.5 31.5
48.5 32.5
48.5 33.5
48.5 43.5
48.5 44.5
48.5 48.5
48.5 49.5
48.5 61.5
48.5 62.5
48.5 63.5
49.5 6.5
49.5 7.5
49.5 32.5
49.5 33.5
49.5 62.5
49.5 63.5
50.5 11.5
50.5 12.5
50.5 13.5
50.5 33.5
50.5 38.5
50.5 39.5
50.5 63.5
51.5 10.5
51.5 11.5
51.5 12.5
51.5 22.5
51.5 23.5
51.5 38.5
51.5 39.5
51.5 40.5
51.5 52.5
51.5 53.5
51.5 57.5
52.5 10.5
52.5 21.5
52.5 22.5
52.5 23.5
52.5 28.5
52.5 29.5
52.5 39.5
52.5 40.5
52.5 41.5
52.5 52.5
52.5 53.5
52.5 58.5
52.5 59.5
53.5 28.5
53.5 29.5
53.5 30.5
53.5 52.5
53.5 59.5
54.5 30.5
54.5 60.5
56.5 10.5
56.5 11.5
56.5 19.5
56.5 20.5
57.5 10.5
57.5 11.5
57.5 12.5
57.5 18.5
57.5 19.5
57.5 41.5
57.5 42.5
57.5 43.5
57.5 50.5
58.5 11.5
58.5 12.5
58.5 13.5
58.5 17.5
58.5 18.5
58.5 31.5
58.5 32.5
58.5 42.5
58.5 43.5
58.5 44.5
58.5 49.5
58.5 50.5
58.5 60.5
59.5 17.5
59.5 32.5
59.5 33.5
59.5 44.5
59.5 48.5
59.5 49.5
59.5 59.5
59.5 60.5
60.5 7.5
60.5 38.5
60.5 58.5
60.5 59.5
61.5 7.5
61.5 8.5
61.5 21.5
61.5 22.5
61.5 23.5
61.5 27.5
61.5 28.5
61.5 29.5
61.5 38.5
61.5 39.5
61.5 53.5
61.5 54.5
62.5 8.5
62.5 20.5
62.5 21.5
62.5 22.5
62.5 28.5
62.5 29.5
62.5 30.5
62.5 39.5
62.5 40.5
62.5 52.5
62.5 53.5
62.5 62.5
62.5 63.5
63.5 52.5
63.5 62.5
63.5 63.5
64.5 61.5
64.5 62.5
