5.5 23.5
5.5 59.5
6.5 12.5
6.5 24.5
6.5 35.5
6.5 48.5
6.5 58.5
7.5 12.5
7.5 24.5
7.5 36.5
7.5 49.5
7.5 58.5
8.5 13.5
8.5 25.5
8.5 37.5
8.5 49.5
8.5 50.5
8.5 57.5
9.5 14.5
9.5 19.5
9.5 26.5
9.5 38.5
9.5 50.5
9.5 56.5
10.5 15.5
10.5 20.5
10.5 27.5
10.5 31.5
10.5 39.5
10.5 43.5
10.5 51.5
10.5 63.5
11.5 7.5
11.5 16.5
11.5 20.5
11.5 32.5
11.5 44.5
11.5 62.5
12.5 7.5
12.5 8.5
12.5 21.5
12.5 33.5
12.5 45.5
12.5 61.5
12.5 62.5
13.5 8.5
13.5 9.5
13.5 22.5
13.5 34.5
13.5 46.5
13.5 60.5
13.5 61.5
14.5 9.5
14.5 10.5
14.5 22.5
14.5 35.5
14.5 47.5
14.5 60.5
15.5 11.5
15.5 23.5
15.5 36.5
15.5 48.5
15.5 59.5
18.5 35.5
18.5 48.5
19.5 9.5
19.5 23.5
19.5 34.5
19.5 47.5
19.5 60.5
20.5 11.5
20.5 24.5
20.5 33.5
20.5 45.5
20.5 46.5
20.5 59.5
21.5 12.5
21.5 13.5
21.5 25.5
21.5 32.5
21.5 44.5
21.5 45.5
21.5 57.5
21.5 58.5
22.5 14.5
22.5 18.5
22.5 26.5
22.5 31.5
22.5 40.5
22.5 53.5
22.5 56.5
22.5 66.5
23.5 5.5
23.5 19.5
23.5 27.5
23.5 38.5
23.5 39.5
23.5 51.5
23.5 52.5
23.5 65.5
24.5 6.5
24.5 7.5
24.5 20.5
24.5 37.5
24.5 38.5
24.5 50.5
24.5 63.5
24.5 64.5
25.5 7.5
25.5 8.5
25.5 21.5
25.5 36.5
25.5 49.5
25.5 62.5
25.5 63.5
26.5 9.5
26.5 22.5
26.5 35.5
26.5 48.5
26.5 61.5
26.5 62.5
27.5 10.5
30.5 23.5
30.5 35.5
30.5 49.5
30.5 61.5
31.5 10.5
31.5 21.5
31.5 22.5
31.5 34.5
31.5 50.5
31.5 62.5
32.5 11.5
32.5 12.5
32.5 20.5
32.5 33.5
32.5 51.5
32.5 62.5
32.5 63.5
33.5 13.5
33.5 14.5
33.5 19.5
33.5 31.5
33.5 32.5
33.5 52.5
33.5 63.5
34.5 15.5
34.5 27.5
34.5 30.5
34.5 39.5
34.5 44.5
34.5 57.5
34.5 64.5
35.5 6.5
35.5 25.5
35.5 26.5
35.5 38.5
35.5 39.5
35.5 45.5
35.5 57.5
35.5 65.5
36.5 7.5
36.5 8.5
36.5 24.5
36.5 37.5
36.5 38.5
36.5 46.5
36.5 58.5
37.5 9.5
37.5 10.5
37.5 23.5
37.5 36.5
37.5 47.5
37.5 59.5
38.5 11.5
38.5 35.5
38.5 48.5
38.5 60.5
39.5 61.5
41.5 23.5
42.5 11.5
42.5 22.5
42.5 35.5
42.5 48.5
42.5 60.5
43.5 12.5
43.5 21.5
43.5 22.5
43.5 34.5
43.5 49.5
43.5 59.5
44.5 13.5
44.5 21.5
44.5 33.5
44.5 34.5
44.5 50.5
44.5 58.5
45.5 14.5
45.5 20.5
45.5 27.5
45.5 32.5
45.5 33.5
45.5 51.5
45.5 57.5
46.5 6.5
46.5 15.5
46.5 19.5
46.5 31.5
46.5 32.5
46.5 40.5
46.5 52.5
46.5 56.5
47.5 7.5
47.5 26.5
47.5 31.5
47.5 39.5
47.5 43.5
47.5 44.5
47.5 65.5
48.5 8.5
48.5 25.5
48.5 38.5
48.5 44.5
48.5 45.5
48.5 63.5
48.5 64.5
49.5 9.5
49.5 25.5
49.5 37.5
49.5 45.5
49.5 46.5
49.5 61.5
49.5 62.5
50.5 10.5
50.5 24.5
50.5 36.5
50.5 46.5
50.5 47.5
50.5 60.5
51.5 11.5
51.5 23.5
51.5 35.5
51.5 48.5
52.5 34.5
54.5 23.5
54.5 60.5
55.5 11.5
55.5 36.5
55.5 47.5
55.5 48.5
55.5 61.5
55.5 62.5
56.5 12.5
56.5 22.5
56.5 34.5
56.5 35.5
56.5 48.5
56.5 49.5
56.5 63.5
57.5 13.5
57.5 14.5
57.5 21.5
57.5 33.5
57.5 34.5
57.5 49.5
57.5 64.5
57.5 65.5
58.5 14.5
58.5 21.5
58.5 32.5
58.5 50.5
58.5 55.5
58.5 66.5
59.5 15.5
59.5 20.5
59.5 31.5
59.5 39.5
59.5 42.5
59.5 51.5
59.5 56.5
59.5 57.5
60.5 8.5
60.5 16.5
60.5 27.5
60.5 38.5
60.5 43.5
60.5 52.5
60.5 57.5
60.5 58.5
61.5 8.5
61.5 9.5
61.5 25.5
61.5 26.5
61.5 37.5
61.5 44.5
61.5 45.5
61.5 59.5
61.5 60.5
62.5 9.5
62.5 10.5
62.5 25.5
62.5 36.5
62.5 45.5
62.5 46.5
62.5 60.5
62.5 61.5
63.5 10.5
63.5 11.5
63.5 24.5
63.5 35.5
63.5 47.5
63.5 62.5
64.5 12.5
64.5 48.5
