6.5 27.5
6.5 43.5
7.5 12.5
7.5 27.5
7.5 42.5
7.5 58.5
8.5 11.5
8.5 12.5
8.5 26.5
8.5 41.5
8.5 42.5
8.5 58.5
9.5 11.5
9.5 26.5
9.5 41.5
9.5 57.5
9.5 58.5
10.5 10.5
10.5 11.5
10.5 25.5
10.5 26.5
10.5 40.5
10.5 41.5
10.5 57.5
11.5 9.5
11.5 10.5
11.5 25.5
11.5 40.5
11.5 56.5
11.5 57.5
12.5 9.5
12.5 24.5
12.5 25.5
12.5 39.5
12.5 40.5
12.5 56.5
13.5 8.5
13.5 9.5
13.5 24.5
13.5 39.5
13.5 48.5
13.5 55.5
13.5 56.5
13.5 64.5
14.5 8.5
14.5 17.5
14.5 24.5
14.5 32.5
14.5 38.5
14.5 48.5
14.5 55.5
14.5 64.5
15.5 16.5
15.5 17.5
15.5 23.5
15.5 31.5
15.5 32.5
15.5 47.5
15.5 48.5
15.5 55.5
15.5 63.5
16.5 16.5
16.5 31.5
16.5 47.5
16.5 62.5
16.5 63.5
17.5 15.5
17.5 16.5
17.5 30.5
17.5 31.5
17.5 46.5
17.5 47.5
17.5 62.5
18.5 15.5
18.5 30.5
18.5 46.5
18.5 61.5
18.5 62.5
19.5 14.5
19.5 15.5
19.5 29.5
19.5 30.5
19.5 45.5
19.5 46.5
19.5 61.5
20.5 14.5
20.5 29.5
20.5 45.5
20.5 61.5
21.5 14.5
21.5 28.5
21.5 29.5
21.5 45.5
21.5 60.5
22.5 28.5
22.5 60.5
27.5 13.5
27.5 29.5
27.5 44.5
27.5 60.5
28.5 12.5
28.5 29.5
28.5 45.5
28.5 60.5
29.5 12.5
29.5 29.5
29.5 30.5
29.5 45.5
29.5 46.5
29.5 60.5
29.5 61.5
30.5 11.5
30.5 30.5
30.5 46.5
30.5 61.5
31.5 10.5
31.5 11.5
31.5 30.5
31.5 31.5
31.5 46.5
31.5 47.5
31.5 61.5
31.5 62.5
32.5 10.5
32.5 31.5
32.5 47.5
32.5 48.5
32.5 62.5
33.5 9.5
33.5 10.5
33.5 31.5
33.5 32.5
33.5 39.5
33.5 48.5
33.5 54.5
33.5 62.5
34.5 9.5
34.5 32.5
34.5 39.5
34.5 48.5
34.5 55.5
34.5 63.5
35.5 8.5
35.5 18.5
35.5 24.5
35.5 32.5
35.5 39.5
35.5 40.5
35.5 49.5
35.5 55.5
35.5 63.5
36.5 8.5
36.5 17.5
36.5 18.5
36.5 24.5
36.5 40.5
36.5 55.5
36.5 56.5
37.5 16.5
37.5 17.5
37.5 25.5
37.5 40.5
37.5 41.5
37.5 56.5
38.5 16.5
38.5 17.5
38.5 25.5
38.5 26.5
38.5 41.5
38.5 56.5
38.5 57.5
39.5 15.5
39.5 16.5
39.5 26.5
39.5 41.5
39.5 42.5
39.5 57.5
40.5 15.5
40.5 26.5
40.5 27.5
40.5 42.5
40.5 57.5
41.5 14.5
41.5 15.5
41.5 27.5
41.5 42.5
41.5 58.5
42.5 14.5
42.5 27.5
42.5 58.5
43.5 13.5
43.5 28.5
47.5 43.5
47.5 57.5
48.5 44.5
48.5 57.5
49.5 13.5
49.5 29.5
49.5 44.5
49.5 56.5
50.5 13.5
50.5 14.5
50.5 29.5
50.5 30.5
50.5 44.5
50.5 45.5
50.5 55.5
50.5 56.5
51.5 14.5
51.5 15.5
51.5 30.5
51.5 45.5
51.5 46.5
51.5 55.5
52.5 14.5
52.5 15.5
52.5 30.5
52.5 45.5
52.5 46.5
52.5 54.5
52.5 55.5
53.5 15.5
53.5 16.5
53.5 30.5
53.5 31.5
53.5 46.5
53.5 54.5
54.5 16.5
54.5 31.5
54.5 37.5
54.5 47.5
54.5 53.5
54.5 63.5
55.5 7.5
55.5 16.5
55.5 17.5
55.5 31.5
55.5 38.5
55.5 47.5
55.5 62.5
56.5 8.5
56.5 17.5
56.5 24.5
56.5 32.5
56.5 38.5
56.5 39.5
56.5 61.5
56.5 62.5
57.5 8.5
57.5 24.5
57.5 39.5
57.5 61.5
58.5 9.5
58.5 24.5
58.5 25.5
58.5 39.5
58.5 40.5
58.5 60.5
58.5 61.5
59.5 9.5
59.5 10.5
59.5 25.5
59.5 40.5
59.5 41.5
59.5 60.5
60.5 10.5
60.5 25.5
60.5 41.5
60.5 59.5
60.5 60.5
61.5 10.5
61.5 11.5
61.5 25.5
61.5 26.5
61.5 41.5
61.5 42.5
61.5 59.5
62.5 11.5
62.5 26.5
62.5 58.5
63.5 26.5
