4.5 13.5
5.5 13.5
5.5 58.5
6.5 12.5
6.5 13.5
6.5 28.5
6.5 43.5
6.5 59.5
7.5 12.5
7.5 13.5
7.5 29.5
7.5 44.5
7.5 59.5
8.5 11.5
8.5 12.5
8.5 29.5
8.5 30.5
8.5 44.5
8.5 45.5
8.5 59.5
8.5 60.5
9.5 11.5
9.5 12.5
9.5 30.5
9.5 45.5
9.5 60.5
9.5 61.5
10.5 11.5
10.5 12.5
10.5 30.5
10.5 31.5
10.5 45.5
10.5 46.5
10.5 60.5
10.5 61.5
11.5 10.5
11.5 11.5
11.5 31.5
11.5 32.5
11.5 46.5
11.5 47.5
11.5 61.5
11.5 62.5
12.5 10.5
12.5 11.5
12.5 19.5
12.5 23.5
12.5 31.5
12.5 32.5
12.5 38.5
12.5 46.5
12.5 47.5
12.5 53.5
12.5 61.5
12.5 62.5
13.5 10.5
13.5 11.5
13.5 18.5
13.5 23.5
13.5 32.5
13.5 33.5
13.5 39.5
13.5 47.5
13.5 48.5
13.5 53.5
13.5 54.5
13.5 62.5
13.5 63.5
14.5 9.5
14.5 10.5
14.5 18.5
14.5 24.5
14.5 33.5
14.5 39.5
14.5 47.5
14.5 48.5
14.5 54.5
14.5 63.5
15.5 9.5
15.5 10.5
15.5 17.5
15.5 18.5
15.5 24.5
15.5 25.5
15.5 33.5
15.5 34.5
15.5 39.5
15.5 40.5
15.5 48.5
15.5 49.5
15.5 54.5
15.5 55.5
15.5 63.5
15.5 64.5
16.5 9.5
16.5 17.5
16.5 18.5
16.5 24.5
16.5 25.5
16.5 34.5
16.5 40.5
16.5 41.5
16.5 49.5
16.5 55.5
16.5 56.5
16.5 64.5
17.5 17.5
17.5 25.5
17.5 26.5
17.5 40.5
17.5 41.5
17.5 55.5
17.5 56.5
18.5 16.5
18.5 17.5
18.5 25.5
18.5 26.5
18.5 41.5
18.5 42.5
18.5 56.5
18.5 57.5
19.5 16.5
19.5 26.5
19.5 27.5
19.5 41.5
19.5 42.5
19.5 57.5
19.5 58.5
20.5 15.5
20.5 16.5
20.5 26.5
20.5 27.5
20.5 42.5
20.5 43.5
20.5 57.5
20.5 58.5
21.5 15.5
21.5 27.5
21.5 28.5
21.5 43.5
21.5 58.5
21.5 59.5
22.5 15.5
22.5 28.5
22.5 43.5
22.5 44.5
22.5 59.5
23.5 28.5
23.5 29.5
23.5 44.5
24.5 14.5
24.5 29.5
25.5 43.5
25.5 58.5
26.5 14.5
26.5 28.5
26.5 43.5
26.5 58.5
26.5 59.5
27.5 14.5
27.5 28.5
27.5 29.5
27.5 43.5
27.5 44.5
27.5 59.5
28.5 13.5
28.5 28.5
28.5 29.5
28.5 44.5
28.5 59.5
28.5 60.5
29.5 12.5
29.5 13.5
29.5 29.5
29.5 30.5
29.5 44.5
29.5 60.5
30.5 12.5
30.5 29.5
30.5 30.5
30.5 44.5
30.5 45.5
30.5 60.5
30.5 61.5
31.5 11.5
31.5 12.5
31.5 30.5
31.5 31.5
31.5 44.5
31.5 45.5
31.5 61.5
31.5 62.5
32.5 11.5
32.5 30.5
32.5 31.5
32.5 37.5
32.5 45.5
32.5 61.5
32.5 62.5
33.5 10.5
33.5 11.5
33.5 19.5
33.5 23.5
33.5 31.5
33.5 32.5
33.5 37.5
33.5 45.5
33.5 46.5
33.5 52.5
33.5 62.5
34.5 10.5
34.5 18.5
34.5 19.5
34.5 23.5
34.5 31.5
34.5 32.5
34.5 38.5
34.5 45.5
34.5 46.5
34.5 52.5
34.5 53.5
34.5 62.5
34.5 63.5
35.5 9.5
35.5 10.5
35.5 17.5
35.5 18.5
35.5 24.5
35.5 32.5
35.5 38.5
35.5 46.5
35.5 53.5
35.5 54.5
35.5 63.5
36.5 9.5
36.5 17.5
36.5 18.5
36.5 24.5
36.5 25.5
36.5 33.5
36.5 38.5
36.5 39.5
36.5 46.5
36.5 53.5
36.5 54.5
36.5 64.5
37.5 16.5
37.5 17.5
37.5 25.5
37.5 39.5
37.5 46.5
37.5 53.5
37.5 54.5
37.5 55.5
37.5 64.5
38.5 15.5
38.5 16.5
38.5 25.5
38.5 26.5
38.5 39.5
38.5 40.5
38.5 47.5
38.5 54.5
38.5 55.5
39.5 15.5
39.5 16.5
39.5 26.5
39.5 39.5
39.5 40.5
39.5 54.5
39.5 55.5
39.5 56.5
40.5 14.5
40.5 15.5
40.5 26.5
40.5 27.5
40.5 40.5
40.5 55.5
40.5 56.5
41.5 14.5
41.5 27.5
41.5 40.5
41.5 41.5
41.5 55.5
41.5 56.5
41.5 57.5
42.5 13.5
42.5 28.5
42.5 41.5
42.5 56.5
42.5 57.5
43.5 41.5
43.5 57.5
44.5 57.5
45.5 13.5
46.5 13.5
46.5 14.5
46.5 28.5
46.5 41.5
47.5 14.5
47.5 28.5
47.5 29.5
47.5 40.5
47.5 41.5
47.5 58.5
48.5 14.5
48.5 15.5
48.5 29.5
48.5 40.5
48.5 57.5
48.5 58.5
49.5 15.5
49.5 29.5
49.5 30.5
49.5 40.5
49.5 56.5
49.5 57.5
50.5 15.5
50.5 16.5
50.5 30.5
50.5 39.5
50.5 40.5
50.5 55.5
50.5 56.5
51.5 16.5
51.5 30.5
51.5 31.5
51.5 39.5
51.5 40.5
51.5 54.5
51.5 55.5
51.5 56.5
52.5 7.5
52.5 16.5
52.5 17.5
52.5 23.5
52.5 31.5
52.5 38.5
52.5 39.5
52.5 53.5
52.5 54.5
52.5 55.5
53.5 8.5
53.5 17.5
53.5 24.5
53.5 31.5
53.5 38.5
53.5 39.5
53.5 47.5
53.5 53.5
53.5 54.5
53.5 64.5
54.5 8.5
54.5 9.5
54.5 17.5
54.5 18.5
54.5 24.5
54.5 32.5
54.5 38.5
54.5 46.5
54.5 52.5
54.5 53.5
54.5 63.5
55.5 8.5
55.5 9.5
55.5 18.5
55.5 24.5
55.5 25.5
55.5 32.5
55.5 37.5
55.5 38.5
55.5 46.5
55.5 51.5
55.5 52.5
55.5 62.5
55.5 63.5
56.5 9.5
56.5 10.5
56.5 18.5
56.5 19.5
56.5 25.5
56.5 33.5
56.5 37.5
56.5 45.5
56.5 46.5
56.5 51.5
56.5 61.5
56.5 62.5
57.5 9.5
57.5 10.5
57.5 19.5
57.5 25.5
57.5 26.5
57.5 37.5
57.5 44.5
57.5 45.5
57.5 60.5
57.5 61.5
57.5 62.5
58.5 10.5
58.5 11.5
58.5 25.5
58.5 26.5
58.5 44.5
58.5 45.5
58.5 60.5
58.5 61.5
59.5 10.5
59.5 11.5
59.5 26.5
59.5 27.5
59.5 43.5
59.5 44.5
59.5 59.5
59.5 60.5
60.5 11.5
60.5 12.5
60.5 26.5
60.5 27.5
60.5 43.5
60.5 58.5
60.5 59.5
60.5 60.5
61.5 11.5
61.5 12.5
61.5 27.5
61.5 42.5
61.5 43.5
61.5 58.5
61.5 59.5
62.5 12.5
62.5 13.5
62.5 27.5
62.5 28.5
62.5 42.5
62.5 57.5
62.5 58.5
63.5 13.5
63.5 28.5
63.5 57.5
