5.5 11.5
5.5 12.5
5.5 52.5
6.5 14.5
6.5 15.5
6.5 34.5
6.5 35.5
6.5 54.5
6.5 55.5
7.5 17.5
7.5 18.5
7.5 39.5
7.5 40.5
7.5 57.5
7.5 58.5
7.5 59.5
8.5 20.5
8.5 21.5
8.5 44.5
8.5 45.5
8.5 60.5
8.5 61.5
8.5 62.5
9.5 5.5
9.5 23.5
9.5 24.5
9.5 48.5
9.5 63.5
9.5 64.5
10.5 7.5
10.5 8.5
10.5 9.5
10.5 26.5
10.5 27.5
10.5 28.5
10.5 29.5
10.5 30.5
10.5 31.5
10.5 32.5
10.5 50.5
10.5 51.5
10.5 66.5
11.5 10.5
11.5 11.5
11.5 12.5
11.5 35.5
11.5 36.5
11.5 37.5
11.5 38.5
11.5 53.5
11.5 54.5
12.5 14.5
12.5 15.5
12.5 16.5
12.5 56.5
12.5 57.5
13.5 18.5
13.5 19.5
13.5 59.5
14.5 38.5
15.5 36.5
16.5 17.5
16.5 18.5
16.5 34.5
16.5 59.5
16.5 60.5
16.5 61.5
17.5 13.5
17.5 14.5
17.5 32.5
17.5 47.5
17.5 50.5
17.5 51.5
17.5 52.5
17.5 53.5
17.5 54.5
17.5 55.5
18.5 9.5
18.5 10.5
18.5 11.5
18.5 30.5
18.5 44.5
18.5 45.5
18.5 46.5
18.5 68.5
19.5 5.5
19.5 6.5
19.5 7.5
19.5 27.5
19.5 28.5
19.5 42.5
19.5 43.5
19.5 66.5
20.5 23.5
20.5 24.5
20.5 25.5
20.5 26.5
20.5 39.5
20.5 40.5
20.5 62.5
20.5 63.5
21.5 18.5
21.5 19.5
21.5 20.5
21.5 23.5
21.5 37.5
21.5 38.5
21.5 58.5
21.5 59.5
22.5 15.5
22.5 16.5
22.5 35.5
22.5 55.5
22.5 56.5
23.5 11.5
23.5 12.5
23.5 32.5
23.5 33.5
23.5 52.5
24.5 30.5
25.5 58.5
25.5 59.5
26.5 11.5
26.5 12.5
26.5 30.5
26.5 56.5
27.5 14.5
27.5 15.5
27.5 34.5
27.5 35.5
27.5 36.5
27.5 53.5
27.5 54.5
28.5 18.5
28.5 19.5
28.5 38.5
28.5 39.5
28.5 40.5
28.5 41.5
28.5 50.5
28.5 51.5
29.5 21.5
29.5 22.5
29.5 23.5
29.5 43.5
29.5 44.5
29.5 45.5
29.5 46.5
29.5 48.5
29.5 65.5
29.5 66.5
30.5 6.5
30.5 7.5
30.5 8.5
30.5 24.5
30.5 25.5
30.5 26.5
30.5 27.5
30.5 45.5
30.5 46.5
30.5 62.5
30.5 63.5
31.5 10.5
31.5 11.5
31.5 12.5
31.5 28.5
31.5 30.5
31.5 31.5
31.5 58.5
31.5 59.5
31.5 60.5
32.5 14.5
32.5 15.5
32.5 33.5
32.5 34.5
32.5 35.5
32.5 55.5
32.5 56.5
33.5 18.5
33.5 19.5
33.5 37.5
33.5 38.5
33.5 51.5
33.5 52.5
35.5 20.5
35.5 63.5
36.5 17.5
36.5 18.5
36.5 38.5
36.5 39.5
36.5 57.5
36.5 58.5
36.5 59.5
37.5 14.5
37.5 15.5
37.5 34.5
37.5 35.5
37.5 36.5
37.5 53.5
37.5 54.5
38.5 11.5
38.5 12.5
38.5 13.5
38.5 31.5
38.5 32.5
38.5 47.5
38.5 48.5
38.5 49.5
38.5 50.5
39.5 8.5
39.5 9.5
39.5 10.5
39.5 26.5
39.5 27.5
39.5 28.5
39.5 29.5
39.5 44.5
39.5 45.5
40.5 6.5
40.5 7.5
40.5 23.5
40.5 24.5
40.5 25.5
40.5 41.5
40.5 62.5
40.5 63.5
40.5 64.5
41.5 20.5
41.5 21.5
41.5 38.5
41.5 57.5
41.5 58.5
41.5 59.5
41.5 60.5
42.5 17.5
42.5 18.5
42.5 35.5
42.5 53.5
42.5 54.5
42.5 55.5
43.5 14.5
43.5 15.5
43.5 32.5
44.5 12.5
45.5 9.5
45.5 54.5
46.5 33.5
46.5 34.5
46.5 35.5
46.5 56.5
47.5 8.5
47.5 37.5
47.5 38.5
47.5 39.5
47.5 58.5
48.5 13.5
48.5 14.5
48.5 15.5
48.5 16.5
48.5 17.5
48.5 41.5
48.5 42.5
48.5 43.5
48.5 44.5
48.5 45.5
48.5 60.5
48.5 61.5
49.5 21.5
49.5 22.5
49.5 23.5
49.5 24.5
49.5 46.5
49.5 47.5
49.5 48.5
49.5 62.5
49.5 63.5
50.5 27.5
50.5 28.5
50.5 50.5
50.5 51.5
50.5 65.5
51.5 6.5
51.5 7.5
51.5 30.5
51.5 31.5
51.5 32.5
51.5 53.5
51.5 54.5
52.5 10.5
52.5 11.5
52.5 12.5
52.5 34.5
52.5 35.5
52.5 56.5
52.5 57.5
53.5 15.5
53.5 16.5
53.5 38.5
53.5 39.5
53.5 59.5
54.5 62.5
56.5 16.5
56.5 17.5
56.5 38.5
56.5 39.5
56.5 60.5
56.5 61.5
57.5 13.5
57.5 14.5
57.5 34.5
57.5 35.5
57.5 36.5
57.5 56.5
57.5 57.5
57.5 58.5
58.5 10.5
58.5 30.5
58.5 31.5
58.5 32.5
58.5 52.5
58.5 53.5
58.5 54.5
59.5 6.5
59.5 7.5
59.5 27.5
59.5 28.5
59.5 29.5
59.5 49.5
59.5 50.5
59.5 51.5
59.5 66.5
60.5 22.5
60.5 23.5
60.5 24.5
60.5 25.5
60.5 44.5
60.5 45.5
60.5 46.5
60.5 47.5
60.5 63.5
60.5 64.5
61.5 17.5
61.5 18.5
61.5 19.5
61.5 20.5
61.5 40.5
61.5 41.5
61.5 42.5
61.5 43.5
61.5 60.5
61.5 61.5
62.5 12.5
62.5 13.5
62.5 14.5
62.5 15.5
62.5 37.5
62.5 38.5
62.5 39.5
62.5 58.5
63.5 8.5
63.5 9.5
63.5 34.5
63.5 35.5
63.5 55.5
63.5 56.5
64.5 31.5
64.5 52.5
64.5 53.5
