4.5 44.5
5.5 26.5
5.5 27.5
5.5 41.5
5.5 42.5
5.5 43.5
5.5 59.5
5.5 60.5
6.5 15.5
6.5 28.5
6.5 29.5
6.5 30.5
6.5 39.5
6.5 40.5
6.5 41.5
6.5 57.5
6.5 58.5
7.5 12.5
7.5 13.5
7.5 31.5
7.5 32.5
7.5 33.5
7.5 37.5
7.5 38.5
7.5 51.5
7.5 55.5
7.5 56.5
8.5 10.5
8.5 11.5
8.5 34.5
8.5 35.5
8.5 36.5
8.5 49.5
8.5 53.5
8.5 54.5
8.5 66.5
9.5 8.5
9.5 9.5
9.5 46.5
9.5 47.5
9.5 48.5
9.5 51.5
9.5 52.5
9.5 64.5
9.5 65.5
10.5 6.5
10.5 20.5
10.5 21.5
10.5 22.5
10.5 23.5
10.5 24.5
10.5 45.5
10.5 46.5
10.5 62.5
10.5 63.5
11.5 17.5
11.5 18.5
11.5 19.5
11.5 25.5
11.5 26.5
11.5 27.5
11.5 43.5
11.5 44.5
11.5 60.5
11.5 61.5
12.5 14.5
12.5 15.5
12.5 16.5
12.5 28.5
12.5 29.5
12.5 30.5
12.5 41.5
12.5 42.5
12.5 58.5
13.5 12.5
13.5 13.5
13.5 14.5
13.5 56.5
14.5 10.5
15.5 45.5
16.5 26.5
16.5 27.5
16.5 42.5
16.5 43.5
16.5 56.5
16.5 57.5
16.5 58.5
17.5 11.5
17.5 12.5
17.5 28.5
17.5 29.5
17.5 30.5
17.5 41.5
17.5 42.5
17.5 59.5
17.5 60.5
17.5 61.5
18.5 14.5
18.5 15.5
18.5 30.5
18.5 31.5
18.5 32.5
18.5 39.5
18.5 40.5
18.5 62.5
18.5 63.5
18.5 64.5
19.5 16.5
19.5 17.5
19.5 18.5
19.5 33.5
19.5 34.5
19.5 37.5
19.5 38.5
19.5 51.5
20.5 5.5
20.5 20.5
20.5 36.5
20.5 48.5
20.5 49.5
20.5 53.5
20.5 54.5
21.5 6.5
21.5 7.5
21.5 8.5
21.5 22.5
21.5 23.5
21.5 24.5
21.5 46.5
21.5 47.5
21.5 55.5
21.5 56.5
22.5 9.5
22.5 10.5
22.5 11.5
22.5 25.5
22.5 26.5
22.5 27.5
22.5 44.5
22.5 45.5
22.5 57.5
22.5 58.5
23.5 13.5
23.5 14.5
23.5 29.5
23.5 30.5
23.5 42.5
23.5 43.5
23.5 60.5
24.5 40.5
25.5 60.5
26.5 13.5
26.5 45.5
26.5 58.5
26.5 59.5
27.5 11.5
27.5 25.5
27.5 26.5
27.5 27.5
27.5 28.5
27.5 29.5
27.5 43.5
27.5 44.5
27.5 57.5
28.5 8.5
28.5 9.5
28.5 21.5
28.5 22.5
28.5 23.5
28.5 24.5
28.5 40.5
28.5 41.5
28.5 42.5
28.5 56.5
29.5 6.5
29.5 7.5
29.5 19.5
29.5 38.5
29.5 39.5
29.5 54.5
29.5 55.5
29.5 64.5
30.5 5.5
30.5 16.5
30.5 17.5
30.5 33.5
30.5 34.5
30.5 36.5
30.5 37.5
30.5 50.5
30.5 51.5
30.5 53.5
30.5 63.5
31.5 14.5
31.5 15.5
31.5 30.5
31.5 31.5
31.5 32.5
31.5 47.5
31.5 48.5
31.5 49.5
31.5 52.5
31.5 61.5
31.5 62.5
32.5 11.5
32.5 12.5
32.5 27.5
32.5 28.5
32.5 29.5
32.5 44.5
32.5 45.5
32.5 46.5
32.5 60.5
33.5 9.5
33.5 10.5
33.5 42.5
33.5 43.5
33.5 59.5
34.5 26.5
34.5 40.5
34.5 57.5
35.5 28.5
36.5 10.5
36.5 11.5
36.5 29.5
36.5 57.5
37.5 12.5
37.5 13.5
37.5 14.5
37.5 15.5
37.5 31.5
37.5 44.5
37.5 45.5
37.5 59.5
38.5 16.5
38.5 17.5
38.5 18.5
38.5 19.5
38.5 20.5
38.5 21.5
38.5 32.5
38.5 33.5
38.5 40.5
38.5 41.5
38.5 42.5
38.5 60.5
38.5 61.5
39.5 20.5
39.5 21.5
39.5 22.5
39.5 23.5
39.5 24.5
39.5 34.5
39.5 37.5
39.5 38.5
39.5 62.5
39.5 63.5
40.5 5.5
40.5 6.5
40.5 24.5
40.5 25.5
40.5 26.5
40.5 36.5
40.5 50.5
40.5 51.5
40.5 64.5
41.5 7.5
41.5 8.5
41.5 9.5
41.5 26.5
41.5 27.5
41.5 28.5
41.5 47.5
41.5 48.5
41.5 52.5
41.5 53.5
41.5 66.5
42.5 10.5
42.5 11.5
42.5 29.5
42.5 30.5
42.5 44.5
42.5 45.5
42.5 46.5
42.5 54.5
42.5 55.5
42.5 56.5
43.5 12.5
43.5 13.5
43.5 42.5
43.5 43.5
43.5 57.5
43.5 58.5
44.5 15.5
44.5 59.5
44.5 60.5
45.5 62.5
46.5 26.5
46.5 27.5
46.5 45.5
47.5 10.5
47.5 11.5
47.5 29.5
47.5 30.5
47.5 31.5
47.5 41.5
47.5 42.5
47.5 43.5
47.5 55.5
48.5 12.5
48.5 13.5
48.5 14.5
48.5 32.5
48.5 33.5
48.5 34.5
48.5 38.5
48.5 39.5
48.5 40.5
48.5 58.5
48.5 59.5
48.5 60.5
49.5 5.5
49.5 15.5
49.5 16.5
49.5 17.5
49.5 35.5
49.5 36.5
49.5 62.5
49.5 63.5
49.5 64.5
50.5 7.5
50.5 19.5
50.5 20.5
50.5 21.5
50.5 51.5
50.5 52.5
51.5 8.5
51.5 23.5
51.5 24.5
51.5 25.5
51.5 26.5
51.5 45.5
51.5 46.5
51.5 47.5
51.5 48.5
51.5 54.5
51.5 55.5
51.5 56.5
52.5 10.5
52.5 28.5
52.5 29.5
52.5 30.5
52.5 41.5
52.5 42.5
52.5 43.5
52.5 58.5
52.5 59.5
53.5 11.5
54.5 13.5
55.5 13.5
55.5 30.5
55.5 47.5
55.5 56.5
56.5 12.5
56.5 27.5
56.5 28.5
56.5 44.5
56.5 45.5
56.5 58.5
56.5 59.5
57.5 10.5
57.5 25.5
57.5 26.5
57.5 41.5
57.5 42.5
57.5 43.5
57.5 60.5
57.5 61.5
58.5 8.5
58.5 9.5
58.5 22.5
58.5 23.5
58.5 24.5
58.5 39.5
58.5 40.5
58.5 41.5
58.5 62.5
58.5 63.5
59.5 7.5
59.5 20.5
59.5 21.5
59.5 34.5
59.5 35.5
59.5 37.5
59.5 38.5
59.5 51.5
59.5 64.5
59.5 65.5
60.5 6.5
60.5 17.5
60.5 18.5
60.5 19.5
60.5 32.5
60.5 33.5
60.5 35.5
60.5 36.5
60.5 49.5
60.5 52.5
60.5 53.5
61.5 14.5
61.5 15.5
61.5 16.5
61.5 30.5
61.5 31.5
61.5 47.5
61.5 48.5
61.5 54.5
61.5 55.5
62.5 11.5
62.5 12.5
62.5 13.5
62.5 28.5
62.5 29.5
62.5 45.5
62.5 46.5
62.5 56.5
62.5 57.5
62.5 58.5
63.5 9.5
63.5 26.5
63.5 27.5
63.5 44.5
63.5 59.5
63.5 60.5
64.5 25.5
64.5 42.5
64.5 43.5
