6.5 20.5
6.5 31.5
7.5 9.5
7.5 31.5
7.5 41.5
7.5 52.5
7.5 61.5
8.5 9.5
8.5 21.5
8.5 32.5
8.5 52.5
9.5 8.5
9.5 21.5
9.5 32.5
9.5 42.5
9.5 62.5
10.5 8.5
10.5 22.5
10.5 27.5
10.5 43.5
10.5 53.5
10.5 62.5
11.5 13.5
11.5 16.5
11.5 22.5
11.5 33.5
11.5 37.5
11.5 53.5
11.5 63.5
12.5 7.5
12.5 28.5
12.5 38.5
12.5 44.5
12.5 48.5
12.5 58.5
12.5 63.5
13.5 12.5
13.5 17.5
13.5 23.5
13.5 28.5
13.5 38.5
13.5 48.5
13.5 58.5
14.5 18.5
14.5 39.5
14.5 49.5
15.5 11.5
15.5 18.5
15.5 29.5
15.5 39.5
15.5 49.5
15.5 59.5
16.5 11.5
16.5 19.5
16.5 29.5
16.5 50.5
16.5 59.5
17.5 40.5
18.5 51.5
18.5 60.5
21.5 11.5
21.5 30.5
21.5 50.5
22.5 11.5
22.5 19.5
22.5 41.5
22.5 60.5
23.5 12.5
23.5 19.5
23.5 29.5
23.5 41.5
23.5 49.5
23.5 60.5
24.5 12.5
24.5 41.5
25.5 13.5
25.5 18.5
25.5 28.5
25.5 48.5
25.5 59.5
26.5 7.5
26.5 18.5
26.5 23.5
26.5 37.5
26.5 42.5
27.5 8.5
27.5 14.5
27.5 23.5
27.5 27.5
27.5 33.5
27.5 37.5
27.5 42.5
27.5 47.5
27.5 54.5
27.5 58.5
28.5 8.5
28.5 58.5
28.5 63.5
29.5 9.5
29.5 22.5
29.5 32.5
29.5 38.5
29.5 53.5
29.5 63.5
30.5 9.5
30.5 22.5
30.5 32.5
30.5 38.5
30.5 52.5
31.5 51.5
31.5 62.5
32.5 10.5
32.5 21.5
32.5 31.5
32.5 39.5
32.5 51.5
32.5 62.5
33.5 39.5
33.5 50.5
35.5 21.5
36.5 21.5
36.5 30.5
36.5 62.5
37.5 11.5
37.5 30.5
37.5 50.5
37.5 61.5
38.5 11.5
38.5 22.5
38.5 29.5
38.5 39.5
38.5 51.5
39.5 11.5
39.5 22.5
39.5 29.5
39.5 52.5
39.5 60.5
40.5 22.5
40.5 28.5
40.5 38.5
40.5 53.5
40.5 59.5
41.5 12.5
41.5 28.5
41.5 38.5
42.5 6.5
42.5 12.5
42.5 27.5
42.5 43.5
42.5 47.5
42.5 58.5
42.5 65.5
43.5 12.5
43.5 23.5
43.5 27.5
43.5 33.5
43.5 37.5
43.5 48.5
43.5 64.5
44.5 7.5
44.5 18.5
44.5 32.5
44.5 42.5
44.5 64.5
45.5 7.5
45.5 18.5
45.5 32.5
45.5 42.5
45.5 49.5
45.5 63.5
46.5 18.5
46.5 31.5
46.5 50.5
47.5 8.5
47.5 31.5
47.5 41.5
47.5 62.5
48.5 8.5
48.5 30.5
48.5 41.5
51.5 62.5
52.5 41.5
52.5 52.5
52.5 61.5
53.5 19.5
53.5 30.5
53.5 41.5
53.5 52.5
53.5 61.5
54.5 8.5
54.5 18.5
54.5 42.5
54.5 60.5
55.5 8.5
55.5 18.5
55.5 31.5
55.5 42.5
55.5 53.5
55.5 59.5
56.5 17.5
56.5 31.5
56.5 43.5
56.5 53.5
56.5 59.5
57.5 7.5
57.5 17.5
57.5 26.5
57.5 32.5
57.5 43.5
57.5 48.5
57.5 58.5
57.5 65.5
58.5 7.5
58.5 22.5
58.5 37.5
58.5 48.5
59.5 12.5
59.5 16.5
59.5 22.5
59.5 27.5
59.5 33.5
59.5 49.5
59.5 64.5
60.5 27.5
60.5 38.5
60.5 49.5
60.5 63.5
61.5 11.5
61.5 21.5
61.5 28.5
61.5 38.5
61.5 49.5
61.5 63.5
62.5 11.5
62.5 21.5
62.5 28.5
62.5 39.5
62.5 50.5
62.5 62.5
63.5 39.5
63.5 50.5
63.5 62.5
64.5 10.5
64.5 20.5
64.5 29.5
64.5 61.5
