4.5 9.5
4.5 10.5
4.5 28.5
4.5 29.5
4.5 47.5
5.5 10.5
5.5 11.5
5.5 27.5
5.5 28.5
5.5 45.5
5.5 46.5
5.5 61.5
6.5 11.5
6.5 12.5
6.5 13.5
6.5 26.5
6.5 27.5
6.5 43.5
6.5 44.5
6.5 59.5
6.5 60.5
7.5 13.5
7.5 14.5
7.5 24.5
7.5 25.5
7.5 26.5
7.5 41.5
7.5 42.5
7.5 43.5
7.5 58.5
7.5 59.5
7.5 68.5
8.5 14.5
8.5 15.5
8.5 16.5
8.5 23.5
8.5 24.5
8.5 25.5
8.5 37.5
8.5 40.5
8.5 41.5
8.5 51.5
8.5 56.5
8.5 57.5
8.5 58.5
8.5 68.5
9.5 15.5
9.5 16.5
9.5 17.5
9.5 22.5
9.5 23.5
9.5 35.5
9.5 36.5
9.5 38.5
9.5 39.5
9.5 40.5
9.5 50.5
9.5 55.5
9.5 56.5
10.5 5.5
10.5 17.5
10.5 18.5
10.5 21.5
10.5 22.5
10.5 33.5
10.5 34.5
10.5 37.5
10.5 38.5
10.5 48.5
10.5 49.5
10.5 54.5
10.5 55.5
10.5 65.5
10.5 66.5
11.5 6.5
11.5 7.5
11.5 8.5
11.5 18.5
11.5 19.5
11.5 20.5
11.5 31.5
11.5 32.5
11.5 33.5
11.5 35.5
11.5 36.5
11.5 47.5
11.5 48.5
11.5 53.5
11.5 54.5
11.5 64.5
12.5 8.5
12.5 9.5
12.5 10.5
12.5 19.5
12.5 20.5
12.5 30.5
12.5 31.5
12.5 32.5
12.5 46.5
12.5 47.5
12.5 52.5
12.5 62.5
12.5 63.5
13.5 10.5
13.5 11.5
13.5 12.5
13.5 28.5
13.5 29.5
13.5 30.5
13.5 45.5
13.5 46.5
13.5 51.5
13.5 61.5
13.5 62.5
14.5 12.5
14.5 13.5
14.5 14.5
14.5 27.5
14.5 28.5
14.5 44.5
14.5 45.5
14.5 59.5
14.5 60.5
15.5 15.5
15.5 26.5
15.5 43.5
15.5 44.5
15.5 58.5
15.5 59.5
16.5 42.5
16.5 56.5
16.5 57.5
17.5 15.5
17.5 16.5
17.5 25.5
17.5 41.5
17.5 42.5
17.5 55.5
18.5 12.5
18.5 13.5
18.5 14.5
18.5 26.5
18.5 27.5
18.5 43.5
18.5 56.5
19.5 9.5
19.5 10.5
19.5 11.5
19.5 12.5
19.5 27.5
19.5 28.5
19.5 29.5
19.5 44.5
19.5 57.5
19.5 58.5
20.5 7.5
20.5 8.5
20.5 9.5
20.5 28.5
20.5 29.5
20.5 30.5
20.5 45.5
20.5 46.5
20.5 58.5
20.5 59.5
20.5 60.5
21.5 5.5
21.5 6.5
21.5 7.5
21.5 19.5
21.5 20.5
21.5 30.5
21.5 31.5
21.5 32.5
21.5 35.5
21.5 46.5
21.5 47.5
21.5 60.5
21.5 61.5
22.5 17.5
22.5 18.5
22.5 21.5
22.5 22.5
22.5 32.5
22.5 33.5
22.5 36.5
22.5 37.5
22.5 47.5
22.5 48.5
22.5 50.5
22.5 62.5
22.5 63.5
23.5 15.5
23.5 16.5
23.5 22.5
23.5 23.5
23.5 33.5
23.5 34.5
23.5 35.5
23.5 37.5
23.5 38.5
23.5 48.5
23.5 49.5
23.5 52.5
23.5 53.5
23.5 63.5
23.5 64.5
24.5 12.5
24.5 13.5
24.5 14.5
24.5 24.5
24.5 35.5
24.5 36.5
24.5 38.5
24.5 39.5
24.5 40.5
24.5 49.5
24.5 50.5
24.5 53.5
24.5 54.5
24.5 65.5
24.5 66.5
25.5 11.5
25.5 12.5
25.5 25.5
25.5 26.5
25.5 40.5
25.5 41.5
25.5 51.5
25.5 55.5
25.5 56.5
25.5 68.5
26.5 9.5
26.5 26.5
26.5 27.5
26.5 41.5
26.5 42.5
26.5 43.5
26.5 56.5
26.5 57.5
26.5 58.5
27.5 13.5
27.5 14.5
27.5 28.5
27.5 43.5
27.5 44.5
27.5 58.5
27.5 59.5
28.5 12.5
28.5 13.5
28.5 29.5
28.5 44.5
28.5 45.5
28.5 60.5
28.5 61.5
29.5 11.5
29.5 12.5
29.5 29.5
29.5 46.5
29.5 62.5
30.5 10.5
30.5 11.5
30.5 27.5
30.5 28.5
30.5 56.5
31.5 9.5
31.5 10.5
31.5 26.5
31.5 27.5
31.5 44.5
31.5 45.5
31.5 46.5
31.5 57.5
31.5 58.5
32.5 9.5
32.5 10.5
32.5 20.5
32.5 24.5
32.5 25.5
32.5 26.5
32.5 42.5
32.5 43.5
32.5 44.5
32.5 58.5
32.5 59.5
32.5 60.5
33.5 8.5
33.5 9.5
33.5 19.5
33.5 23.5
33.5 24.5
33.5 25.5
33.5 39.5
33.5 40.5
33.5 41.5
33.5 42.5
33.5 60.5
33.5 61.5
33.5 62.5
34.5 7.5
34.5 8.5
34.5 17.5
34.5 18.5
34.5 22.5
34.5 23.5
34.5 35.5
34.5 37.5
34.5 38.5
34.5 39.5
34.5 40.5
34.5 62.5
34.5 63.5
35.5 6.5
35.5 7.5
35.5 16.5
35.5 17.5
35.5 21.5
35.5 22.5
35.5 33.5
35.5 34.5
35.5 35.5
35.5 36.5
35.5 37.5
35.5 50.5
35.5 51.5
35.5 52.5
35.5 63.5
35.5 64.5
35.5 65.5
36.5 5.5
36.5 6.5
36.5 15.5
36.5 16.5
36.5 20.5
36.5 31.5
36.5 32.5
36.5 34.5
36.5 48.5
36.5 49.5
36.5 50.5
36.5 52.5
36.5 53.5
36.5 54.5
36.5 65.5
36.5 66.5
36.5 68.5
37.5 5.5
37.5 14.5
37.5 15.5
37.5 29.5
37.5 30.5
37.5 31.5
37.5 46.5
37.5 47.5
37.5 48.5
37.5 54.5
37.5 55.5
37.5 68.5
38.5 13.5
38.5 14.5
38.5 28.5
38.5 29.5
38.5 45.5
38.5 46.5
38.5 47.5
38.5 55.5
38.5 56.5
38.5 57.5
39.5 11.5
39.5 12.5
39.5 13.5
39.5 27.5
39.5 28.5
39.5 43.5
39.5 44.5
39.5 45.5
39.5 57.5
39.5 58.5
39.5 59.5
40.5 10.5
40.5 11.5
40.5 25.5
40.5 26.5
40.5 42.5
40.5 43.5
40.5 59.5
40.5 60.5
41.5 10.5
41.5 25.5
41.5 40.5
41.5 41.5
41.5 61.5
42.5 16.5
42.5 26.5
42.5 27.5
43.5 14.5
43.5 15.5
43.5 28.5
43.5 29.5
43.5 60.5
43.5 61.5
44.5 12.5
44.5 13.5
44.5 29.5
44.5 30.5
44.5 31.5
44.5 44.5
44.5 45.5
44.5 46.5
44.5 47.5
44.5 58.5
44.5 59.5
45.5 10.5
45.5 11.5
45.5 12.5
45.5 31.5
45.5 32.5
45.5 40.5
45.5 41.5
45.5 42.5
45.5 43.5
45.5 44.5
45.5 56.5
45.5 57.5
46.5 9.5
46.5 10.5
46.5 21.5
46.5 22.5
46.5 33.5
46.5 34.5
46.5 37.5
46.5 38.5
46.5 39.5
46.5 40.5
46.5 41.5
46.5 54.5
46.5 55.5
47.5 7.5
47.5 8.5
47.5 20.5
47.5 21.5
47.5 22.5
47.5 23.5
47.5 35.5
47.5 36.5
47.5 51.5
47.5 53.5
47.5 65.5
47.5 66.5
48.5 6.5
48.5 7.5
48.5 18.5
48.5 19.5
48.5 24.5
48.5 25.5
48.5 37.5
48.5 48.5
48.5 49.5
48.5 51.5
48.5 62.5
48.5 63.5
48.5 64.5
48.5 65.5
49.5 16.5
49.5 17.5
49.5 18.5
49.5 25.5
49.5 26.5
49.5 27.5
49.5 45.5
49.5 46.5
49.5 47.5
49.5 60.5
49.5 61.5
49.5 62.5
50.5 15.5
50.5 16.5
50.5 27.5
50.5 28.5
50.5 29.5
50.5 43.5
50.5 44.5
50.5 57.5
50.5 58.5
50.5 59.5
50.5 60.5
51.5 13.5
51.5 14.5
51.5 15.5
51.5 29.5
51.5 30.5
51.5 41.5
51.5 47.5
51.5 56.5
51.5 57.5
52.5 12.5
52.5 13.5
52.5 31.5
52.5 32.5
52.5 46.5
53.5 11.5
53.5 45.5
53.5 56.5
53.5 57.5
54.5 26.5
54.5 27.5
54.5 44.5
54.5 58.5
55.5 17.5
55.5 27.5
55.5 28.5
55.5 43.5
55.5 59.5
55.5 60.5
56.5 14.5
56.5 15.5
56.5 16.5
56.5 29.5
56.5 30.5
56.5 42.5
56.5 50.5
56.5 51.5
56.5 60.5
56.5 61.5
57.5 12.5
57.5 13.5
57.5 14.5
57.5 30.5
57.5 31.5
57.5 32.5
57.5 40.5
57.5 41.5
57.5 50.5
57.5 51.5
57.5 61.5
57.5 62.5
57.5 63.5
57.5 68.5
58.5 10.5
58.5 11.5
58.5 12.5
58.5 31.5
58.5 32.5
58.5 33.5
58.5 40.5
58.5 49.5
58.5 50.5
58.5 52.5
58.5 53.5
58.5 63.5
58.5 64.5
58.5 68.5
59.5 7.5
59.5 8.5
59.5 9.5
59.5 10.5
59.5 20.5
59.5 21.5
59.5 22.5
59.5 33.5
59.5 34.5
59.5 35.5
59.5 39.5
59.5 48.5
59.5 49.5
59.5 53.5
59.5 54.5
59.5 64.5
59.5 65.5
60.5 6.5
60.5 7.5
60.5 19.5
60.5 20.5
60.5 21.5
60.5 22.5
60.5 35.5
60.5 36.5
60.5 38.5
60.5 47.5
60.5 48.5
60.5 54.5
60.5 55.5
60.5 66.5
61.5 17.5
61.5 18.5
61.5 19.5
61.5 23.5
61.5 24.5
61.5 25.5
61.5 37.5
61.5 46.5
61.5 47.5
61.5 55.5
61.5 56.5
61.5 57.5
62.5 15.5
62.5 16.5
62.5 17.5
62.5 25.5
62.5 26.5
62.5 27.5
62.5 36.5
62.5 45.5
62.5 46.5
62.5 56.5
62.5 57.5
62.5 58.5
63.5 13.5
63.5 14.5
63.5 15.5
63.5 27.5
63.5 28.5
63.5 29.5
63.5 44.5
63.5 45.5
63.5 58.5
63.5 59.5
64.5 12.5
64.5 13.5
64.5 29.5
64.5 30.5
64.5 43.5
64.5 44.5
64.5 59.5
64.5 60.5
