5.5 24.5
5.5 34.5
6.5 13.5
6.5 24.5
6.5 34.5
6.5 46.5
6.5 59.5
7.5 13.5
7.5 24.5
7.5 25.5
7.5 33.5
7.5 34.5
7.5 46.5
7.5 58.5
7.5 59.5
8.5 13.5
8.5 14.5
8.5 25.5
8.5 33.5
8.5 34.5
8.5 45.5
8.5 46.5
8.5 58.5
8.5 59.5
9.5 13.5
9.5 14.5
9.5 25.5
9.5 26.5
9.5 33.5
9.5 34.5
9.5 45.5
9.5 46.5
9.5 57.5
9.5 58.5
10.5 13.5
10.5 14.5
10.5 15.5
10.5 25.5
10.5 26.5
10.5 32.5
10.5 33.5
10.5 45.5
10.5 46.5
10.5 57.5
10.5 58.5
11.5 14.5
11.5 15.5
11.5 26.5
11.5 32.5
11.5 33.5
11.5 44.5
11.5 45.5
11.5 46.5
11.5 56.5
11.5 57.5
12.5 14.5
12.5 15.5
12.5 21.5
12.5 26.5
12.5 27.5
12.5 32.5
12.5 33.5
12.5 44.5
12.5 45.5
12.5 56.5
12.5 57.5
12.5 63.5
13.5 8.5
13.5 9.5
13.5 15.5
13.5 16.5
13.5 21.5
13.5 27.5
13.5 32.5
13.5 38.5
13.5 39.5
13.5 44.5
13.5 45.5
13.5 51.5
13.5 55.5
13.5 56.5
13.5 62.5
13.5 63.5
14.5 8.5
14.5 9.5
14.5 15.5
14.5 16.5
14.5 21.5
14.5 22.5
14.5 27.5
14.5 32.5
14.5 38.5
14.5 44.5
14.5 45.5
14.5 50.5
14.5 51.5
14.5 55.5
14.5 62.5
14.5 63.5
15.5 9.5
15.5 16.5
15.5 21.5
15.5 22.5
15.5 37.5
15.5 38.5
15.5 44.5
15.5 50.5
15.5 61.5
15.5 62.5
15.5 63.5
16.5 9.5
16.5 10.5
16.5 21.5
16.5 22.5
16.5 37.5
16.5 38.5
16.5 49.5
16.5 50.5
16.5 61.5
16.5 62.5
17.5 9.5
17.5 10.5
17.5 22.5
17.5 23.5
17.5 37.5
17.5 38.5
17.5 49.5
17.5 50.5
17.5 61.5
17.5 62.5
18.5 9.5
18.5 10.5
18.5 11.5
18.5 22.5
18.5 23.5
18.5 36.5
18.5 37.5
18.5 38.5
18.5 49.5
18.5 60.5
18.5 61.5
18.5 62.5
19.5 10.5
19.5 11.5
19.5 22.5
19.5 23.5
19.5 36.5
19.5 37.5
19.5 48.5
19.5 49.5
19.5 60.5
19.5 61.5
20.5 10.5
20.5 11.5
20.5 23.5
20.5 36.5
20.5 37.5
20.5 48.5
20.5 60.5
20.5 61.5
21.5 11.5
21.5 23.5
21.5 24.5
21.5 36.5
21.5 37.5
21.5 48.5
21.5 60.5
21.5 61.5
22.5 11.5
22.5 36.5
22.5 60.5
25.5 24.5
25.5 36.5
26.5 12.5
26.5 24.5
26.5 35.5
26.5 36.5
26.5 48.5
26.5 59.5
27.5 12.5
27.5 13.5
27.5 24.5
27.5 25.5
27.5 35.5
27.5 48.5
27.5 49.5
27.5 58.5
27.5 59.5
28.5 12.5
28.5 13.5
28.5 24.5
28.5 25.5
28.5 34.5
28.5 35.5
28.5 49.5
28.5 58.5
28.5 59.5
29.5 12.5
29.5 13.5
29.5 25.5
29.5 26.5
29.5 34.5
29.5 35.5
29.5 49.5
29.5 50.5
29.5 58.5
29.5 59.5
30.5 13.5
30.5 14.5
30.5 25.5
30.5 26.5
30.5 33.5
30.5 34.5
30.5 35.5
30.5 49.5
30.5 50.5
30.5 57.5
30.5 58.5
30.5 59.5
31.5 13.5
31.5 14.5
31.5 25.5
31.5 26.5
31.5 33.5
31.5 34.5
31.5 50.5
31.5 57.5
31.5 58.5
32.5 13.5
32.5 14.5
32.5 26.5
32.5 27.5
32.5 33.5
32.5 34.5
32.5 50.5
32.5 51.5
32.5 57.5
32.5 58.5
33.5 14.5
33.5 15.5
33.5 20.5
33.5 26.5
33.5 27.5
33.5 32.5
33.5 33.5
33.5 39.5
33.5 44.5
33.5 50.5
33.5 51.5
33.5 57.5
33.5 58.5
34.5 7.5
34.5 8.5
34.5 14.5
34.5 15.5
34.5 20.5
34.5 21.5
34.5 27.5
34.5 32.5
34.5 33.5
34.5 39.5
34.5 44.5
34.5 45.5
34.5 51.5
34.5 57.5
34.5 58.5
34.5 63.5
35.5 7.5
35.5 8.5
35.5 14.5
35.5 15.5
35.5 20.5
35.5 21.5
35.5 27.5
35.5 32.5
35.5 38.5
35.5 39.5
35.5 44.5
35.5 45.5
35.5 51.5
35.5 52.5
35.5 57.5
35.5 63.5
36.5 8.5
36.5 9.5
36.5 15.5
36.5 20.5
36.5 21.5
36.5 22.5
36.5 32.5
36.5 38.5
36.5 44.5
36.5 45.5
36.5 46.5
36.5 52.5
36.5 57.5
36.5 62.5
36.5 63.5
37.5 8.5
37.5 9.5
37.5 21.5
37.5 22.5
37.5 37.5
37.5 38.5
37.5 45.5
37.5 46.5
37.5 62.5
37.5 63.5
38.5 8.5
38.5 9.5
38.5 10.5
38.5 21.5
38.5 22.5
38.5 37.5
38.5 38.5
38.5 45.5
38.5 46.5
38.5 62.5
39.5 9.5
39.5 10.5
39.5 21.5
39.5 22.5
39.5 23.5
39.5 36.5
39.5 37.5
39.5 45.5
39.5 46.5
39.5 47.5
39.5 61.5
39.5 62.5
40.5 9.5
40.5 10.5
40.5 22.5
40.5 23.5
40.5 36.5
40.5 37.5
40.5 46.5
40.5 47.5
40.5 61.5
41.5 9.5
41.5 10.5
41.5 22.5
41.5 23.5
41.5 36.5
41.5 46.5
41.5 47.5
41.5 61.5
42.5 10.5
42.5 23.5
42.5 36.5
42.5 47.5
42.5 48.5
42.5 60.5
43.5 10.5
43.5 35.5
43.5 47.5
43.5 48.5
43.5 60.5
47.5 10.5
47.5 11.5
47.5 24.5
47.5 34.5
47.5 48.5
47.5 59.5
48.5 10.5
48.5 24.5
48.5 34.5
48.5 47.5
48.5 48.5
48.5 59.5
49.5 9.5
49.5 10.5
49.5 24.5
49.5 25.5
49.5 33.5
49.5 34.5
49.5 47.5
49.5 48.5
49.5 59.5
50.5 9.5
50.5 10.5
50.5 24.5
50.5 25.5
50.5 33.5
50.5 34.5
50.5 46.5
50.5 47.5
50.5 48.5
50.5 58.5
50.5 59.5
51.5 8.5
51.5 9.5
51.5 10.5
51.5 24.5
51.5 25.5
51.5 26.5
51.5 33.5
51.5 46.5
51.5 47.5
51.5 58.5
52.5 8.5
52.5 9.5
52.5 25.5
52.5 26.5
52.5 32.5
52.5 33.5
52.5 46.5
52.5 47.5
52.5 58.5
53.5 8.5
53.5 9.5
53.5 19.5
53.5 25.5
53.5 26.5
53.5 32.5
53.5 33.5
53.5 45.5
53.5 46.5
53.5 47.5
53.5 57.5
53.5 58.5
54.5 7.5
54.5 8.5
54.5 14.5
54.5 19.5
54.5 25.5
54.5 26.5
54.5 31.5
54.5 32.5
54.5 39.5
54.5 40.5
54.5 45.5
54.5 46.5
54.5 47.5
54.5 53.5
54.5 57.5
54.5 62.5
55.5 7.5
55.5 8.5
55.5 14.5
55.5 19.5
55.5 20.5
55.5 26.5
55.5 27.5
55.5 31.5
55.5 32.5
55.5 38.5
55.5 39.5
55.5 45.5
55.5 46.5
55.5 52.5
55.5 53.5
55.5 57.5
55.5 62.5
56.5 7.5
56.5 13.5
56.5 14.5
56.5 19.5
56.5 20.5
56.5 26.5
56.5 27.5
56.5 31.5
56.5 38.5
56.5 39.5
56.5 45.5
56.5 46.5
56.5 52.5
56.5 57.5
56.5 62.5
57.5 13.5
57.5 19.5
57.5 20.5
57.5 21.5
57.5 37.5
57.5 38.5
57.5 39.5
57.5 51.5
57.5 52.5
57.5 61.5
57.5 62.5
58.5 12.5
58.5 13.5
58.5 20.5
58.5 21.5
58.5 37.5
58.5 38.5
58.5 39.5
58.5 51.5
58.5 52.5
58.5 61.5
58.5 62.5
59.5 12.5
59.5 13.5
59.5 20.5
59.5 21.5
59.5 37.5
59.5 38.5
59.5 51.5
59.5 61.5
59.5 62.5
60.5 12.5
60.5 20.5
60.5 21.5
60.5 36.5
60.5 37.5
60.5 38.5
60.5 50.5
60.5 51.5
60.5 61.5
61.5 11.5
61.5 12.5
61.5 21.5
61.5 22.5
61.5 36.5
61.5 37.5
61.5 50.5
61.5 51.5
61.5 60.5
61.5 61.5
62.5 11.5
62.5 21.5
62.5 22.5
62.5 36.5
62.5 37.5
62.5 50.5
62.5 60.5
62.5 61.5
63.5 11.5
63.5 22.5
63.5 36.5
63.5 50.5
63.5 60.5
64.5 60.5
