5.5 32.5
6.5 19.5
6.5 34.5
6.5 35.5
7.5 16.5
7.5 17.5
7.5 36.5
7.5 37.5
7.5 38.5
7.5 55.5
7.5 56.5
7.5 57.5
8.5 13.5
8.5 14.5
8.5 39.5
8.5 40.5
8.5 51.5
8.5 52.5
8.5 53.5
8.5 54.5
9.5 10.5
9.5 11.5
9.5 41.5
9.5 42.5
9.5 43.5
9.5 48.5
9.5 49.5
9.5 50.5
10.5 7.5
10.5 24.5
10.5 25.5
10.5 44.5
10.5 45.5
11.5 22.5
11.5 23.5
11.5 27.5
11.5 28.5
11.5 47.5
11.5 63.5
11.5 64.5
12.5 19.5
12.5 20.5
12.5 30.5
12.5 31.5
12.5 32.5
12.5 60.5
12.5 61.5
13.5 16.5
13.5 17.5
13.5 33.5
13.5 34.5
13.5 35.5
13.5 56.5
13.5 57.5
13.5 58.5
14.5 14.5
14.5 37.5
14.5 38.5
14.5 53.5
14.5 54.5
15.5 40.5
15.5 41.5
17.5 13.5
17.5 53.5
18.5 15.5
18.5 32.5
18.5 55.5
18.5 56.5
19.5 17.5
19.5 18.5
19.5 34.5
19.5 35.5
19.5 57.5
19.5 58.5
20.5 19.5
20.5 20.5
20.5 37.5
20.5 38.5
20.5 59.5
20.5 60.5
20.5 61.5
21.5 21.5
21.5 40.5
21.5 41.5
21.5 62.5
21.5 63.5
22.5 6.5
22.5 7.5
22.5 23.5
22.5 25.5
22.5 26.5
22.5 43.5
22.5 44.5
22.5 47.5
22.5 64.5
22.5 65.5
23.5 8.5
23.5 9.5
23.5 10.5
23.5 25.5
23.5 28.5
23.5 46.5
23.5 47.5
23.5 49.5
23.5 50.5
24.5 11.5
24.5 12.5
24.5 13.5
24.5 30.5
24.5 31.5
24.5 51.5
24.5 52.5
25.5 14.5
25.5 15.5
25.5 16.5
25.5 33.5
25.5 34.5
25.5 54.5
25.5 55.5
26.5 18.5
26.5 19.5
26.5 36.5
26.5 37.5
26.5 56.5
26.5 57.5
27.5 39.5
27.5 59.5
29.5 19.5
30.5 17.5
30.5 39.5
30.5 40.5
30.5 53.5
31.5 14.5
31.5 15.5
31.5 36.5
31.5 37.5
31.5 56.5
31.5 57.5
32.5 12.5
32.5 13.5
32.5 32.5
32.5 33.5
32.5 34.5
32.5 59.5
32.5 60.5
33.5 10.5
33.5 11.5
33.5 25.5
33.5 30.5
33.5 31.5
33.5 62.5
33.5 63.5
34.5 7.5
34.5 8.5
34.5 23.5
34.5 27.5
34.5 28.5
34.5 65.5
34.5 66.5
35.5 5.5
35.5 6.5
35.5 21.5
35.5 22.5
35.5 24.5
35.5 25.5
35.5 44.5
36.5 19.5
36.5 20.5
36.5 41.5
36.5 42.5
36.5 46.5
36.5 47.5
36.5 48.5
36.5 49.5
37.5 17.5
37.5 18.5
37.5 39.5
37.5 40.5
37.5 51.5
37.5 52.5
37.5 53.5
37.5 54.5
37.5 55.5
37.5 56.5
38.5 15.5
38.5 16.5
38.5 37.5
38.5 38.5
38.5 57.5
38.5 58.5
38.5 59.5
38.5 60.5
39.5 14.5
39.5 35.5
39.5 36.5
40.5 12.5
40.5 33.5
42.5 13.5
43.5 15.5
43.5 32.5
44.5 16.5
44.5 17.5
44.5 34.5
44.5 53.5
44.5 54.5
44.5 55.5
44.5 56.5
44.5 57.5
45.5 18.5
45.5 19.5
45.5 36.5
45.5 37.5
45.5 59.5
45.5 60.5
45.5 61.5
45.5 62.5
45.5 63.5
46.5 6.5
46.5 7.5
46.5 20.5
46.5 21.5
46.5 39.5
46.5 66.5
47.5 8.5
47.5 9.5
47.5 22.5
47.5 25.5
47.5 26.5
47.5 41.5
47.5 42.5
47.5 43.5
48.5 10.5
48.5 11.5
48.5 24.5
48.5 27.5
48.5 28.5
48.5 29.5
48.5 44.5
48.5 46.5
48.5 47.5
48.5 48.5
49.5 12.5
49.5 13.5
49.5 30.5
49.5 31.5
49.5 50.5
49.5 51.5
49.5 52.5
50.5 14.5
50.5 15.5
50.5 33.5
50.5 34.5
50.5 54.5
50.5 55.5
51.5 17.5
51.5 36.5
51.5 58.5
51.5 59.5
51.5 68.5
52.5 19.5
54.5 12.5
54.5 30.5
54.5 59.5
55.5 13.5
55.5 14.5
55.5 32.5
55.5 33.5
55.5 56.5
55.5 57.5
56.5 15.5
56.5 16.5
56.5 34.5
56.5 35.5
56.5 53.5
56.5 54.5
57.5 17.5
57.5 18.5
57.5 36.5
57.5 37.5
57.5 51.5
57.5 52.5
58.5 5.5
58.5 19.5
58.5 20.5
58.5 39.5
58.5 40.5
58.5 48.5
58.5 49.5
58.5 65.5
59.5 6.5
59.5 7.5
59.5 21.5
59.5 22.5
59.5 23.5
59.5 24.5
59.5 41.5
59.5 42.5
59.5 46.5
59.5 47.5
59.5 63.5
60.5 8.5
60.5 9.5
60.5 23.5
60.5 26.5
60.5 27.5
60.5 44.5
60.5 60.5
60.5 61.5
61.5 10.5
61.5 11.5
61.5 28.5
61.5 29.5
61.5 30.5
61.5 58.5
61.5 59.5
62.5 11.5
62.5 12.5
62.5 31.5
62.5 32.5
62.5 33.5
62.5 56.5
62.5 57.5
63.5 13.5
63.5 14.5
63.5 34.5
63.5 35.5
63.5 54.5
63.5 55.5
64.5 15.5
64.5 16.5
64.5 37.5
64.5 38.5
64.5 52.5
