6.5 12.5
6.5 13.5
6.5 14.5
6.5 33.5
6.5 34.5
7.5 14.5
7.5 15.5
7.5 16.5
7.5 17.5
7.5 35.5
7.5 36.5
7.5 54.5
7.5 55.5
7.5 56.5
8.5 17.5
8.5 18.5
8.5 19.5
8.5 20.5
8.5 37.5
8.5 38.5
8.5 39.5
8.5 56.5
8.5 57.5
8.5 58.5
8.5 59.5
9.5 20.5
9.5 21.5
9.5 22.5
9.5 25.5
9.5 39.5
9.5 40.5
9.5 41.5
9.5 60.5
9.5 61.5
9.5 62.5
10.5 5.5
10.5 6.5
10.5 7.5
10.5 23.5
10.5 24.5
10.5 25.5
10.5 26.5
10.5 27.5
10.5 28.5
10.5 42.5
10.5 43.5
10.5 64.5
10.5 65.5
11.5 8.5
11.5 9.5
11.5 28.5
11.5 29.5
11.5 30.5
11.5 44.5
11.5 45.5
11.5 46.5
11.5 47.5
11.5 48.5
12.5 10.5
12.5 11.5
12.5 12.5
12.5 30.5
12.5 31.5
12.5 32.5
12.5 33.5
12.5 49.5
12.5 50.5
12.5 51.5
12.5 52.5
12.5 53.5
13.5 12.5
13.5 13.5
13.5 14.5
13.5 33.5
13.5 34.5
13.5 35.5
13.5 53.5
13.5 54.5
13.5 55.5
13.5 56.5
13.5 57.5
14.5 15.5
14.5 16.5
14.5 35.5
14.5 36.5
14.5 37.5
14.5 59.5
14.5 60.5
15.5 17.5
15.5 18.5
15.5 38.5
15.5 39.5
17.5 51.5
17.5 52.5
18.5 17.5
18.5 18.5
18.5 37.5
18.5 38.5
18.5 53.5
18.5 54.5
18.5 55.5
19.5 14.5
19.5 15.5
19.5 16.5
19.5 34.5
19.5 35.5
19.5 36.5
19.5 55.5
19.5 56.5
19.5 57.5
20.5 12.5
20.5 13.5
20.5 14.5
20.5 32.5
20.5 33.5
20.5 34.5
20.5 57.5
20.5 58.5
20.5 59.5
20.5 60.5
21.5 10.5
21.5 11.5
21.5 12.5
21.5 29.5
21.5 30.5
21.5 31.5
21.5 32.5
21.5 45.5
21.5 60.5
21.5 61.5
21.5 62.5
22.5 8.5
22.5 9.5
22.5 10.5
22.5 25.5
22.5 27.5
22.5 28.5
22.5 29.5
22.5 43.5
22.5 45.5
22.5 46.5
22.5 62.5
22.5 63.5
22.5 64.5
23.5 6.5
23.5 7.5
23.5 22.5
23.5 23.5
23.5 24.5
23.5 25.5
23.5 26.5
23.5 40.5
23.5 41.5
23.5 42.5
23.5 47.5
23.5 48.5
23.5 49.5
23.5 65.5
23.5 66.5
24.5 20.5
24.5 21.5
24.5 22.5
24.5 38.5
24.5 39.5
24.5 40.5
24.5 50.5
24.5 51.5
24.5 52.5
25.5 18.5
25.5 19.5
25.5 20.5
25.5 36.5
25.5 37.5
25.5 38.5
25.5 52.5
25.5 53.5
25.5 54.5
26.5 16.5
26.5 17.5
26.5 35.5
26.5 36.5
26.5 55.5
26.5 56.5
26.5 57.5
27.5 14.5
27.5 15.5
27.5 33.5
27.5 34.5
27.5 58.5
27.5 59.5
28.5 12.5
30.5 33.5
30.5 34.5
30.5 59.5
30.5 60.5
31.5 13.5
31.5 14.5
31.5 35.5
31.5 36.5
31.5 55.5
31.5 56.5
31.5 57.5
31.5 58.5
32.5 15.5
32.5 16.5
32.5 17.5
32.5 37.5
32.5 38.5
32.5 52.5
32.5 53.5
32.5 54.5
32.5 55.5
33.5 18.5
33.5 19.5
33.5 20.5
33.5 39.5
33.5 40.5
33.5 49.5
33.5 50.5
33.5 51.5
33.5 52.5
34.5 20.5
34.5 21.5
34.5 22.5
34.5 23.5
34.5 25.5
34.5 41.5
34.5 42.5
34.5 47.5
34.5 48.5
34.5 49.5
34.5 65.5
34.5 66.5
35.5 6.5
35.5 7.5
35.5 24.5
35.5 25.5
35.5 27.5
35.5 28.5
35.5 43.5
35.5 44.5
35.5 45.5
35.5 46.5
35.5 62.5
35.5 63.5
35.5 64.5
36.5 8.5
36.5 9.5
36.5 10.5
36.5 11.5
36.5 29.5
36.5 30.5
36.5 31.5
36.5 46.5
36.5 60.5
36.5 61.5
37.5 11.5
37.5 12.5
37.5 13.5
37.5 31.5
37.5 32.5
37.5 33.5
37.5 34.5
37.5 57.5
37.5 58.5
37.5 59.5
38.5 14.5
38.5 15.5
38.5 16.5
38.5 34.5
38.5 35.5
38.5 36.5
38.5 55.5
38.5 56.5
38.5 57.5
39.5 18.5
39.5 19.5
39.5 37.5
39.5 38.5
39.5 53.5
39.5 54.5
42.5 11.5
42.5 12.5
42.5 52.5
42.5 53.5
43.5 13.5
43.5 14.5
43.5 15.5
43.5 32.5
43.5 33.5
43.5 34.5
43.5 54.5
43.5 55.5
43.5 56.5
44.5 16.5
44.5 17.5
44.5 18.5
44.5 34.5
44.5 35.5
44.5 36.5
44.5 37.5
44.5 56.5
44.5 57.5
44.5 58.5
45.5 18.5
45.5 19.5
45.5 20.5
45.5 37.5
45.5 38.5
45.5 39.5
45.5 58.5
45.5 59.5
45.5 60.5
45.5 61.5
46.5 6.5
46.5 7.5
46.5 21.5
46.5 22.5
46.5 23.5
46.5 24.5
46.5 40.5
46.5 41.5
46.5 42.5
46.5 61.5
46.5 62.5
46.5 63.5
47.5 7.5
47.5 8.5
47.5 9.5
47.5 25.5
47.5 26.5
47.5 27.5
47.5 42.5
47.5 43.5
47.5 44.5
47.5 46.5
47.5 47.5
47.5 64.5
47.5 65.5
48.5 9.5
48.5 10.5
48.5 11.5
48.5 28.5
48.5 29.5
48.5 30.5
48.5 46.5
48.5 48.5
48.5 49.5
48.5 50.5
49.5 11.5
49.5 12.5
49.5 13.5
49.5 31.5
49.5 32.5
49.5 33.5
49.5 50.5
49.5 51.5
49.5 52.5
49.5 53.5
50.5 13.5
50.5 14.5
50.5 15.5
50.5 33.5
50.5 34.5
50.5 35.5
50.5 53.5
50.5 54.5
50.5 55.5
51.5 16.5
51.5 17.5
51.5 36.5
51.5 37.5
51.5 56.5
51.5 57.5
51.5 58.5
52.5 59.5
52.5 60.5
54.5 11.5
54.5 38.5
55.5 13.5
55.5 14.5
55.5 34.5
55.5 35.5
55.5 36.5
55.5 57.5
55.5 58.5
55.5 59.5
56.5 15.5
56.5 16.5
56.5 17.5
56.5 31.5
56.5 32.5
56.5 33.5
56.5 54.5
56.5 55.5
56.5 56.5
57.5 17.5
57.5 18.5
57.5 19.5
57.5 28.5
57.5 29.5
57.5 30.5
57.5 31.5
57.5 52.5
57.5 53.5
57.5 54.5
58.5 20.5
58.5 21.5
58.5 22.5
58.5 25.5
58.5 26.5
58.5 27.5
58.5 49.5
58.5 50.5
58.5 51.5
59.5 6.5
59.5 7.5
59.5 22.5
59.5 23.5
59.5 24.5
59.5 44.5
59.5 45.5
59.5 46.5
59.5 47.5
59.5 48.5
59.5 65.5
59.5 66.5
60.5 9.5
60.5 10.5
60.5 40.5
60.5 41.5
60.5 42.5
60.5 43.5
60.5 45.5
60.5 62.5
60.5 63.5
60.5 64.5
61.5 11.5
61.5 12.5
61.5 13.5
61.5 36.5
61.5 37.5
61.5 38.5
61.5 39.5
61.5 40.5
61.5 59.5
61.5 60.5
61.5 61.5
61.5 62.5
62.5 14.5
62.5 15.5
62.5 33.5
62.5 34.5
62.5 35.5
62.5 36.5
62.5 57.5
62.5 58.5
62.5 59.5
63.5 17.5
63.5 30.5
63.5 31.5
63.5 32.5
63.5 54.5
63.5 55.5
63.5 56.5
64.5 52.5
64.5 53.5
