4.5 59.5
5.5 14.5
5.5 42.5
5.5 43.5
5.5 58.5
5.5 59.5
6.5 13.5
6.5 42.5
6.5 43.5
6.5 44.5
6.5 57.5
6.5 58.5
7.5 11.5
7.5 12.5
7.5 13.5
7.5 25.5
7.5 26.5
7.5 27.5
7.5 43.5
7.5 44.5
7.5 45.5
7.5 56.5
7.5 57.5
8.5 10.5
8.5 11.5
8.5 12.5
8.5 26.5
8.5 27.5
8.5 28.5
8.5 29.5
8.5 44.5
8.5 45.5
8.5 46.5
8.5 55.5
8.5 56.5
8.5 57.5
9.5 9.5
9.5 10.5
9.5 11.5
9.5 27.5
9.5 28.5
9.5 29.5
9.5 30.5
9.5 45.5
9.5 46.5
9.5 47.5
9.5 55.5
9.5 56.5
9.5 64.5
10.5 8.5
10.5 9.5
10.5 10.5
10.5 29.5
10.5 30.5
10.5 31.5
10.5 32.5
10.5 36.5
10.5 46.5
10.5 47.5
10.5 48.5
10.5 54.5
10.5 55.5
10.5 63.5
10.5 64.5
11.5 7.5
11.5 8.5
11.5 9.5
11.5 18.5
11.5 19.5
11.5 20.5
11.5 31.5
11.5 32.5
11.5 33.5
11.5 36.5
11.5 37.5
11.5 47.5
11.5 48.5
11.5 49.5
11.5 53.5
11.5 54.5
11.5 62.5
11.5 63.5
11.5 64.5
12.5 6.5
12.5 7.5
12.5 8.5
12.5 17.5
12.5 18.5
12.5 20.5
12.5 21.5
12.5 22.5
12.5 32.5
12.5 33.5
12.5 34.5
12.5 37.5
12.5 38.5
12.5 39.5
12.5 48.5
12.5 49.5
12.5 50.5
12.5 53.5
12.5 54.5
12.5 61.5
12.5 62.5
12.5 63.5
13.5 6.5
13.5 15.5
13.5 16.5
13.5 17.5
13.5 21.5
13.5 22.5
13.5 23.5
13.5 35.5
13.5 38.5
13.5 39.5
13.5 40.5
13.5 50.5
13.5 51.5
13.5 52.5
13.5 53.5
13.5 60.5
13.5 61.5
13.5 62.5
14.5 5.5
14.5 14.5
14.5 15.5
14.5 16.5
14.5 22.5
14.5 23.5
14.5 24.5
14.5 25.5
14.5 39.5
14.5 40.5
14.5 41.5
14.5 59.5
14.5 60.5
14.5 61.5
15.5 13.5
15.5 14.5
15.5 15.5
15.5 24.5
15.5 25.5
15.5 26.5
15.5 40.5
15.5 41.5
15.5 42.5
15.5 59.5
15.5 60.5
16.5 12.5
16.5 13.5
16.5 14.5
16.5 25.5
16.5 26.5
16.5 27.5
16.5 42.5
16.5 43.5
16.5 58.5
16.5 59.5
16.5 60.5
17.5 11.5
17.5 12.5
17.5 26.5
17.5 27.5
17.5 28.5
17.5 43.5
17.5 44.5
17.5 57.5
17.5 58.5
17.5 59.5
18.5 10.5
18.5 11.5
18.5 28.5
18.5 29.5
18.5 45.5
18.5 57.5
19.5 44.5
19.5 56.5
20.5 14.5
20.5 29.5
20.5 43.5
20.5 44.5
20.5 59.5
20.5 60.5
21.5 12.5
21.5 13.5
21.5 14.5
21.5 27.5
21.5 28.5
21.5 42.5
21.5 43.5
21.5 58.5
21.5 59.5
22.5 11.5
22.5 12.5
22.5 13.5
22.5 26.5
22.5 27.5
22.5 41.5
22.5 42.5
22.5 43.5
22.5 57.5
22.5 58.5
22.5 59.5
23.5 9.5
23.5 10.5
23.5 11.5
23.5 12.5
23.5 25.5
23.5 26.5
23.5 40.5
23.5 41.5
23.5 42.5
23.5 56.5
23.5 57.5
23.5 58.5
23.5 68.5
24.5 8.5
24.5 9.5
24.5 10.5
24.5 24.5
24.5 25.5
24.5 34.5
24.5 39.5
24.5 40.5
24.5 41.5
24.5 55.5
24.5 56.5
24.5 57.5
25.5 7.5
25.5 8.5
25.5 9.5
25.5 19.5
25.5 23.5
25.5 24.5
25.5 33.5
25.5 34.5
25.5 39.5
25.5 40.5
25.5 50.5
25.5 55.5
25.5 56.5
25.5 66.5
26.5 6.5
26.5 7.5
26.5 8.5
26.5 17.5
26.5 18.5
26.5 21.5
26.5 22.5
26.5 23.5
26.5 32.5
26.5 33.5
26.5 38.5
26.5 39.5
26.5 40.5
26.5 49.5
26.5 50.5
26.5 54.5
26.5 55.5
26.5 56.5
26.5 65.5
26.5 66.5
27.5 5.5
27.5 6.5
27.5 16.5
27.5 17.5
27.5 21.5
27.5 22.5
27.5 31.5
27.5 32.5
27.5 33.5
27.5 37.5
27.5 38.5
27.5 39.5
27.5 47.5
27.5 48.5
27.5 49.5
27.5 53.5
27.5 54.5
27.5 55.5
27.5 64.5
27.5 65.5
28.5 14.5
28.5 15.5
28.5 16.5
28.5 20.5
28.5 30.5
28.5 31.5
28.5 32.5
28.5 36.5
28.5 37.5
28.5 38.5
28.5 46.5
28.5 47.5
28.5 48.5
28.5 52.5
28.5 53.5
28.5 54.5
28.5 62.5
28.5 63.5
28.5 64.5
29.5 13.5
29.5 14.5
29.5 15.5
29.5 29.5
29.5 30.5
29.5 31.5
29.5 36.5
29.5 37.5
29.5 45.5
29.5 46.5
29.5 47.5
29.5 52.5
29.5 61.5
29.5 62.5
29.5 63.5
30.5 12.5
30.5 13.5
30.5 14.5
30.5 28.5
30.5 29.5
30.5 30.5
30.5 44.5
30.5 45.5
30.5 46.5
30.5 60.5
30.5 61.5
30.5 62.5
31.5 11.5
31.5 12.5
31.5 27.5
31.5 28.5
31.5 29.5
31.5 43.5
31.5 44.5
31.5 45.5
31.5 46.5
31.5 59.5
31.5 60.5
31.5 61.5
32.5 10.5
32.5 11.5
32.5 26.5
32.5 27.5
32.5 28.5
32.5 43.5
32.5 44.5
32.5 58.5
32.5 59.5
32.5 60.5
33.5 13.5
33.5 25.5
33.5 26.5
33.5 27.5
33.5 42.5
33.5 43.5
33.5 58.5
33.5 59.5
34.5 12.5
34.5 13.5
34.5 25.5
34.5 41.5
34.5 42.5
34.5 57.5
35.5 12.5
35.5 13.5
35.5 28.5
35.5 29.5
35.5 41.5
35.5 57.5
35.5 58.5
36.5 11.5
36.5 12.5
36.5 27.5
36.5 28.5
36.5 40.5
36.5 58.5
36.5 59.5
37.5 10.5
37.5 11.5
37.5 12.5
37.5 26.5
37.5 27.5
37.5 28.5
37.5 41.5
37.5 42.5
37.5 58.5
37.5 59.5
37.5 60.5
38.5 9.5
38.5 10.5
38.5 11.5
38.5 25.5
38.5 26.5
38.5 27.5
38.5 42.5
38.5 43.5
38.5 44.5
38.5 59.5
38.5 60.5
38.5 61.5
39.5 9.5
39.5 10.5
39.5 19.5
39.5 24.5
39.5 25.5
39.5 26.5
39.5 27.5
39.5 43.5
39.5 44.5
39.5 45.5
39.5 46.5
39.5 60.5
39.5 61.5
39.5 62.5
40.5 8.5
40.5 9.5
40.5 10.5
40.5 18.5
40.5 24.5
40.5 25.5
40.5 26.5
40.5 44.5
40.5 45.5
40.5 46.5
40.5 47.5
40.5 51.5
40.5 61.5
40.5 62.5
40.5 63.5
40.5 68.5
41.5 8.5
41.5 9.5
41.5 17.5
41.5 18.5
41.5 23.5
41.5 24.5
41.5 25.5
41.5 34.5
41.5 35.5
41.5 46.5
41.5 47.5
41.5 48.5
41.5 52.5
41.5 53.5
41.5 62.5
41.5 63.5
41.5 64.5
41.5 68.5
42.5 7.5
42.5 8.5
42.5 16.5
42.5 17.5
42.5 22.5
42.5 23.5
42.5 24.5
42.5 33.5
42.5 34.5
42.5 36.5
42.5 37.5
42.5 47.5
42.5 48.5
42.5 49.5
42.5 50.5
42.5 53.5
42.5 54.5
42.5 63.5
42.5 64.5
42.5 65.5
43.5 7.5
43.5 8.5
43.5 15.5
43.5 16.5
43.5 17.5
43.5 22.5
43.5 23.5
43.5 32.5
43.5 33.5
43.5 37.5
43.5 38.5
43.5 49.5
43.5 50.5
43.5 51.5
43.5 53.5
43.5 54.5
43.5 55.5
43.5 64.5
43.5 65.5
44.5 7.5
44.5 15.5
44.5 16.5
44.5 21.5
44.5 22.5
44.5 31.5
44.5 32.5
44.5 38.5
44.5 39.5
44.5 40.5
44.5 54.5
44.5 55.5
44.5 56.5
44.5 65.5
44.5 66.5
45.5 14.5
45.5 15.5
45.5 16.5
45.5 21.5
45.5 30.5
45.5 31.5
45.5 32.5
45.5 39.5
45.5 40.5
45.5 41.5
45.5 55.5
45.5 56.5
45.5 57.5
46.5 14.5
46.5 15.5
46.5 29.5
46.5 30.5
46.5 31.5
46.5 40.5
46.5 41.5
46.5 42.5
46.5 56.5
46.5 57.5
46.5 58.5
47.5 13.5
47.5 14.5
47.5 28.5
47.5 29.5
47.5 30.5
47.5 41.5
47.5 42.5
47.5 43.5
47.5 57.5
47.5 58.5
47.5 59.5
48.5 13.5
48.5 14.5
48.5 28.5
48.5 29.5
48.5 42.5
48.5 43.5
48.5 44.5
48.5 58.5
48.5 59.5
49.5 12.5
49.5 13.5
49.5 27.5
49.5 28.5
49.5 44.5
49.5 60.5
50.5 12.5
50.5 26.5
50.5 27.5
50.5 60.5
51.5 15.5
51.5 29.5
51.5 41.5
51.5 58.5
51.5 59.5
52.5 13.5
52.5 14.5
52.5 28.5
52.5 29.5
52.5 41.5
52.5 42.5
52.5 43.5
52.5 57.5
52.5 58.5
52.5 59.5
53.5 12.5
53.5 13.5
53.5 14.5
53.5 27.5
53.5 28.5
53.5 42.5
53.5 43.5
53.5 44.5
53.5 56.5
53.5 57.5
53.5 58.5
54.5 11.5
54.5 12.5
54.5 13.5
54.5 26.5
54.5 27.5
54.5 28.5
54.5 43.5
54.5 44.5
54.5 45.5
54.5 46.5
54.5 55.5
54.5 56.5
54.5 57.5
55.5 10.5
55.5 11.5
55.5 12.5
55.5 25.5
55.5 26.5
55.5 27.5
55.5 45.5
55.5 46.5
55.5 47.5
55.5 54.5
55.5 55.5
55.5 56.5
55.5 65.5
56.5 9.5
56.5 10.5
56.5 20.5
56.5 25.5
56.5 26.5
56.5 46.5
56.5 47.5
56.5 48.5
56.5 53.5
56.5 54.5
56.5 55.5
56.5 64.5
56.5 65.5
56.5 68.5
57.5 8.5
57.5 9.5
57.5 18.5
57.5 19.5
57.5 24.5
57.5 25.5
57.5 34.5
57.5 36.5
57.5 37.5
57.5 47.5
57.5 48.5
57.5 49.5
57.5 52.5
57.5 53.5
57.5 62.5
57.5 63.5
57.5 64.5
57.5 68.5
58.5 7.5
58.5 8.5
58.5 17.5
58.5 18.5
58.5 19.5
58.5 23.5
58.5 24.5
58.5 25.5
58.5 33.5
58.5 34.5
58.5 37.5
58.5 38.5
58.5 49.5
58.5 50.5
58.5 51.5
58.5 52.5
58.5 61.5
58.5 62.5
58.5 63.5
59.5 6.5
59.5 7.5
59.5 16.5
59.5 17.5
59.5 18.5
59.5 22.5
59.5 23.5
59.5 24.5
59.5 32.5
59.5 33.5
59.5 38.5
59.5 39.5
59.5 40.5
59.5 60.5
59.5 61.5
59.5 62.5
60.5 15.5
60.5 16.5
60.5 17.5
60.5 22.5
60.5 23.5
60.5 31.5
60.5 32.5
60.5 38.5
60.5 39.5
60.5 40.5
60.5 41.5
60.5 59.5
60.5 60.5
60.5 61.5
61.5 14.5
61.5 15.5
61.5 16.5
61.5 21.5
61.5 22.5
61.5 30.5
61.5 31.5
61.5 32.5
61.5 40.5
61.5 41.5
61.5 42.5
61.5 58.5
61.5 59.5
61.5 60.5
62.5 13.5
62.5 14.5
62.5 15.5
62.5 29.5
62.5 30.5
62.5 31.5
62.5 41.5
62.5 42.5
62.5 43.5
62.5 57.5
62.5 58.5
62.5 59.5
63.5 12.5
63.5 13.5
63.5 14.5
63.5 28.5
63.5 29.5
63.5 30.5
63.5 42.5
63.5 43.5
63.5 44.5
63.5 57.5
63.5 58.5
64.5 11.5
64.5 12.5
64.5 13.5
64.5 28.5
64.5 29.5
64.5 43.5
64.5 44.5
64.5 45.5
64.5 56.5
