6.5 10.5
7.5 10.5
7.5 22.5
7.5 36.5
7.5 61.5
8.5 9.5
8.5 21.5
8.5 22.5
8.5 35.5
8.5 49.5
8.5 61.5
8.5 62.5
9.5 9.5
9.5 20.5
9.5 21.5
9.5 33.5
9.5 34.5
9.5 49.5
9.5 50.5
9.5 62.5
10.5 8.5
10.5 20.5
10.5 32.5
10.5 33.5
10.5 50.5
10.5 62.5
10.5 63.5
11.5 8.5
11.5 19.5
11.5 32.5
11.5 50.5
11.5 63.5
12.5 14.5
12.5 26.5
12.5 40.5
12.5 50.5
12.5 51.5
13.5 13.5
13.5 25.5
13.5 26.5
13.5 39.5
13.5 45.5
13.5 51.5
13.5 57.5
14.5 12.5
14.5 13.5
14.5 24.5
14.5 25.5
14.5 38.5
14.5 45.5
14.5 57.5
15.5 12.5
15.5 24.5
15.5 37.5
15.5 46.5
15.5 57.5
15.5 58.5
16.5 23.5
16.5 36.5
16.5 46.5
16.5 57.5
16.5 58.5
17.5 58.5
21.5 35.5
22.5 12.5
22.5 22.5
22.5 34.5
22.5 35.5
23.5 12.5
23.5 13.5
23.5 21.5
23.5 22.5
23.5 34.5
23.5 46.5
23.5 59.5
23.5 60.5
24.5 13.5
24.5 21.5
24.5 33.5
24.5 34.5
24.5 45.5
24.5 60.5
24.5 61.5
25.5 14.5
25.5 20.5
25.5 21.5
25.5 33.5
25.5 45.5
25.5 61.5
25.5 62.5
26.5 14.5
26.5 20.5
26.5 27.5
26.5 32.5
26.5 44.5
26.5 62.5
26.5 63.5
27.5 8.5
27.5 15.5
27.5 26.5
27.5 39.5
27.5 44.5
28.5 8.5
28.5 9.5
28.5 26.5
28.5 38.5
28.5 50.5
28.5 55.5
28.5 56.5
29.5 9.5
29.5 25.5
29.5 26.5
29.5 37.5
29.5 38.5
29.5 49.5
29.5 50.5
29.5 56.5
29.5 57.5
30.5 9.5
30.5 10.5
30.5 25.5
30.5 37.5
30.5 48.5
30.5 49.5
30.5 57.5
30.5 58.5
31.5 10.5
31.5 24.5
31.5 25.5
31.5 36.5
31.5 37.5
31.5 48.5
31.5 58.5
32.5 11.5
32.5 24.5
32.5 36.5
32.5 47.5
37.5 24.5
37.5 60.5
38.5 12.5
38.5 24.5
38.5 36.5
38.5 46.5
38.5 61.5
39.5 13.5
39.5 25.5
39.5 36.5
39.5 45.5
39.5 61.5
39.5 62.5
40.5 13.5
40.5 14.5
40.5 25.5
40.5 37.5
40.5 44.5
40.5 45.5
40.5 62.5
40.5 63.5
41.5 14.5
41.5 26.5
41.5 38.5
41.5 43.5
41.5 44.5
41.5 63.5
42.5 15.5
42.5 20.5
42.5 31.5
42.5 43.5
43.5 7.5
43.5 20.5
43.5 32.5
43.5 50.5
43.5 56.5
44.5 7.5
44.5 8.5
44.5 21.5
44.5 32.5
44.5 33.5
44.5 49.5
44.5 56.5
44.5 57.5
45.5 8.5
45.5 9.5
45.5 21.5
45.5 33.5
45.5 48.5
45.5 49.5
45.5 57.5
45.5 58.5
46.5 8.5
46.5 9.5
46.5 22.5
46.5 34.5
46.5 48.5
46.5 58.5
47.5 9.5
47.5 47.5
47.5 59.5
52.5 23.5
52.5 34.5
52.5 46.5
53.5 11.5
53.5 24.5
53.5 33.5
53.5 45.5
53.5 46.5
53.5 60.5
54.5 11.5
54.5 12.5
54.5 24.5
54.5 25.5
54.5 32.5
54.5 33.5
54.5 45.5
54.5 60.5
54.5 61.5
55.5 11.5
55.5 12.5
55.5 25.5
55.5 32.5
55.5 44.5
55.5 45.5
55.5 61.5
55.5 62.5
56.5 12.5
56.5 13.5
56.5 26.5
56.5 31.5
56.5 44.5
56.5 62.5
57.5 13.5
57.5 19.5
57.5 38.5
57.5 63.5
58.5 20.5
58.5 37.5
58.5 38.5
58.5 50.5
59.5 7.5
59.5 20.5
59.5 21.5
59.5 37.5
59.5 49.5
59.5 50.5
59.5 56.5
60.5 8.5
60.5 21.5
60.5 36.5
60.5 49.5
60.5 57.5
61.5 8.5
61.5 9.5
61.5 21.5
61.5 36.5
61.5 48.5
61.5 57.5
61.5 58.5
62.5 9.5
62.5 22.5
62.5 48.5
62.5 58.5
62.5 59.5
63.5 10.5
