5.5 35.5
6.5 10.5
6.5 23.5
6.5 24.5
6.5 33.5
6.5 34.5
6.5 47.5
6.5 59.5
7.5 11.5
7.5 12.5
7.5 24.5
7.5 25.5
7.5 32.5
7.5 33.5
7.5 45.5
7.5 46.5
7.5 57.5
7.5 58.5
8.5 13.5
8.5 14.5
8.5 25.5
8.5 31.5
8.5 32.5
8.5 44.5
8.5 56.5
9.5 6.5
9.5 18.5
9.5 26.5
9.5 30.5
9.5 31.5
9.5 39.5
9.5 63.5
10.5 8.5
10.5 19.5
10.5 20.5
10.5 37.5
10.5 38.5
10.5 51.5
10.5 52.5
10.5 62.5
11.5 9.5
11.5 20.5
11.5 21.5
11.5 36.5
11.5 37.5
11.5 48.5
11.5 49.5
11.5 50.5
11.5 61.5
12.5 22.5
12.5 35.5
12.5 60.5
15.5 9.5
15.5 48.5
15.5 60.5
16.5 8.5
16.5 9.5
16.5 23.5
16.5 49.5
16.5 59.5
17.5 8.5
17.5 20.5
17.5 21.5
17.5 35.5
17.5 36.5
17.5 37.5
17.5 50.5
17.5 51.5
17.5 58.5
18.5 7.5
18.5 18.5
18.5 19.5
18.5 20.5
18.5 37.5
18.5 38.5
18.5 51.5
18.5 52.5
18.5 57.5
19.5 7.5
19.5 14.5
19.5 17.5
19.5 38.5
19.5 39.5
19.5 52.5
19.5 53.5
19.5 57.5
19.5 64.5
20.5 6.5
20.5 13.5
20.5 25.5
20.5 26.5
20.5 31.5
20.5 40.5
20.5 44.5
20.5 45.5
20.5 63.5
21.5 12.5
21.5 24.5
21.5 32.5
21.5 33.5
21.5 45.5
21.5 46.5
21.5 61.5
21.5 62.5
22.5 11.5
22.5 22.5
22.5 34.5
22.5 46.5
22.5 47.5
22.5 60.5
22.5 61.5
23.5 10.5
23.5 35.5
23.5 48.5
23.5 60.5
26.5 22.5
27.5 11.5
27.5 21.5
27.5 34.5
27.5 35.5
27.5 47.5
27.5 60.5
28.5 12.5
28.5 13.5
28.5 19.5
28.5 20.5
28.5 32.5
28.5 33.5
28.5 48.5
28.5 49.5
28.5 50.5
28.5 61.5
28.5 62.5
29.5 14.5
29.5 18.5
29.5 19.5
29.5 27.5
29.5 30.5
29.5 31.5
29.5 51.5
29.5 52.5
29.5 63.5
30.5 25.5
30.5 26.5
30.5 43.5
30.5 55.5
30.5 56.5
31.5 6.5
31.5 7.5
31.5 24.5
31.5 25.5
31.5 38.5
31.5 39.5
31.5 44.5
31.5 45.5
31.5 57.5
32.5 8.5
32.5 9.5
32.5 23.5
32.5 24.5
32.5 36.5
32.5 37.5
32.5 46.5
32.5 58.5
32.5 59.5
33.5 10.5
33.5 11.5
33.5 22.5
33.5 34.5
36.5 23.5
36.5 47.5
36.5 59.5
37.5 10.5
37.5 21.5
37.5 34.5
37.5 35.5
37.5 46.5
37.5 47.5
37.5 58.5
37.5 59.5
38.5 11.5
38.5 12.5
38.5 13.5
38.5 20.5
38.5 33.5
38.5 34.5
38.5 46.5
38.5 57.5
38.5 58.5
39.5 13.5
39.5 14.5
39.5 18.5
39.5 19.5
39.5 31.5
39.5 32.5
39.5 45.5
39.5 52.5
39.5 56.5
40.5 7.5
40.5 26.5
40.5 27.5
40.5 30.5
40.5 41.5
40.5 44.5
40.5 51.5
40.5 63.5
40.5 64.5
41.5 8.5
41.5 24.5
41.5 25.5
41.5 26.5
41.5 39.5
41.5 40.5
41.5 50.5
41.5 51.5
41.5 62.5
41.5 63.5
42.5 9.5
42.5 23.5
42.5 24.5
42.5 37.5
42.5 38.5
42.5 49.5
42.5 50.5
42.5 61.5
43.5 22.5
43.5 36.5
43.5 37.5
43.5 49.5
43.5 60.5
44.5 35.5
44.5 48.5
46.5 10.5
47.5 9.5
47.5 22.5
47.5 23.5
47.5 35.5
47.5 48.5
47.5 61.5
47.5 62.5
47.5 63.5
48.5 8.5
48.5 19.5
48.5 20.5
48.5 21.5
48.5 36.5
48.5 37.5
48.5 49.5
48.5 50.5
48.5 64.5
49.5 15.5
49.5 38.5
49.5 39.5
49.5 50.5
49.5 51.5
50.5 13.5
50.5 14.5
50.5 41.5
50.5 52.5
50.5 53.5
50.5 56.5
50.5 57.5
51.5 11.5
51.5 12.5
51.5 26.5
51.5 27.5
51.5 31.5
51.5 32.5
51.5 45.5
51.5 57.5
51.5 58.5
51.5 59.5
52.5 25.5
52.5 26.5
52.5 32.5
52.5 33.5
52.5 34.5
52.5 46.5
52.5 47.5
52.5 60.5
52.5 61.5
53.5 24.5
53.5 34.5
53.5 35.5
53.5 36.5
53.5 48.5
55.5 12.5
56.5 10.5
56.5 11.5
56.5 60.5
57.5 9.5
57.5 10.5
57.5 23.5
57.5 48.5
57.5 61.5
57.5 62.5
58.5 8.5
58.5 22.5
58.5 23.5
58.5 35.5
58.5 36.5
58.5 37.5
58.5 49.5
58.5 62.5
58.5 63.5
59.5 17.5
59.5 21.5
59.5 22.5
59.5 37.5
59.5 38.5
59.5 39.5
59.5 50.5
59.5 63.5
60.5 15.5
60.5 16.5
60.5 21.5
60.5 40.5
60.5 41.5
60.5 44.5
60.5 51.5
60.5 64.5
61.5 13.5
61.5 14.5
61.5 15.5
61.5 27.5
61.5 31.5
61.5 45.5
61.5 55.5
61.5 56.5
62.5 12.5
62.5 13.5
62.5 25.5
62.5 26.5
62.5 33.5
62.5 45.5
62.5 57.5
62.5 58.5
63.5 24.5
63.5 35.5
63.5 46.5
63.5 59.5
63.5 60.5
