5.5 34.5
5.5 35.5
5.5 36.5
5.5 37.5
6.5 15.5
6.5 16.5
6.5 17.5
6.5 18.5
6.5 19.5
6.5 35.5
6.5 36.5
6.5 37.5
6.5 38.5
6.5 39.5
6.5 40.5
6.5 56.5
6.5 57.5
6.5 58.5
6.5 59.5
7.5 16.5
7.5 17.5
7.5 18.5
7.5 19.5
7.5 20.5
7.5 36.5
7.5 37.5
7.5 38.5
7.5 39.5
7.5 40.5
7.5 41.5
7.5 56.5
7.5 57.5
7.5 58.5
7.5 59.5
7.5 60.5
7.5 61.5
8.5 18.5
8.5 19.5
8.5 20.5
8.5 21.5
8.5 39.5
8.5 40.5
8.5 41.5
8.5 42.5
8.5 57.5
8.5 58.5
8.5 59.5
8.5 60.5
8.5 61.5
8.5 62.5
9.5 21.5
9.5 28.5
9.5 29.5
9.5 30.5
9.5 59.5
9.5 60.5
9.5 61.5
9.5 62.5
9.5 63.5
10.5 9.5
10.5 10.5
10.5 28.5
10.5 29.5
10.5 30.5
10.5 31.5
10.5 32.5
10.5 48.5
10.5 49.5
10.5 50.5
10.5 51.5
10.5 61.5
10.5 62.5
10.5 63.5
11.5 8.5
11.5 9.5
11.5 10.5
11.5 11.5
11.5 12.5
11.5 13.5
11.5 29.5
11.5 30.5
11.5 31.5
11.5 32.5
11.5 33.5
11.5 34.5
11.5 49.5
11.5 50.5
11.5 51.5
11.5 52.5
11.5 53.5
12.5 9.5
12.5 10.5
12.5 11.5
12.5 12.5
12.5 13.5
12.5 14.5
12.5 15.5
12.5 31.5
12.5 32.5
12.5 33.5
12.5 34.5
12.5 35.5
12.5 51.5
12.5 52.5
12.5 53.5
12.5 54.5
13.5 11.5
13.5 12.5
13.5 13.5
13.5 14.5
13.5 15.5
13.5 52.5
13.5 53.5
13.5 54.5
13.5 55.5
14.5 55.5
18.5 32.5
18.5 33.5
18.5 34.5
18.5 35.5
19.5 15.5
19.5 16.5
19.5 17.5
19.5 18.5
19.5 19.5
19.5 30.5
19.5 31.5
19.5 32.5
19.5 33.5
19.5 34.5
19.5 51.5
19.5 52.5
19.5 53.5
19.5 54.5
19.5 55.5
20.5 15.5
20.5 16.5
20.5 17.5
20.5 18.5
20.5 19.5
20.5 20.5
20.5 21.5
20.5 29.5
20.5 30.5
20.5 31.5
20.5 32.5
20.5 33.5
20.5 49.5
20.5 50.5
20.5 51.5
20.5 52.5
20.5 53.5
20.5 54.5
20.5 55.5
21.5 17.5
21.5 18.5
21.5 19.5
21.5 20.5
21.5 21.5
21.5 22.5
21.5 28.5
21.5 29.5
21.5 30.5
21.5 31.5
21.5 48.5
21.5 49.5
21.5 50.5
21.5 51.5
21.5 52.5
21.5 53.5
22.5 19.5
22.5 20.5
22.5 21.5
22.5 22.5
22.5 40.5
22.5 41.5
22.5 42.5
22.5 49.5
22.5 50.5
23.5 37.5
23.5 38.5
23.5 39.5
23.5 40.5
23.5 41.5
24.5 9.5
24.5 10.5
24.5 11.5
24.5 12.5
24.5 36.5
24.5 37.5
24.5 38.5
24.5 39.5
24.5 40.5
24.5 58.5
24.5 59.5
24.5 60.5
24.5 61.5
24.5 62.5
25.5 10.5
25.5 11.5
25.5 12.5
25.5 13.5
25.5 14.5
25.5 35.5
25.5 36.5
25.5 37.5
25.5 38.5
25.5 39.5
25.5 56.5
25.5 57.5
25.5 58.5
25.5 59.5
25.5 60.5
25.5 61.5
26.5 11.5
26.5 12.5
26.5 13.5
26.5 14.5
26.5 15.5
26.5 16.5
26.5 35.5
26.5 36.5
26.5 55.5
26.5 56.5
26.5 57.5
26.5 58.5
26.5 59.5
27.5 14.5
27.5 15.5
27.5 16.5
31.5 35.5
31.5 36.5
31.5 37.5
31.5 38.5
31.5 39.5
31.5 53.5
31.5 54.5
31.5 55.5
31.5 56.5
32.5 15.5
32.5 16.5
32.5 17.5
32.5 18.5
32.5 19.5
32.5 36.5
32.5 37.5
32.5 38.5
32.5 39.5
32.5 40.5
32.5 41.5
32.5 50.5
32.5 51.5
32.5 52.5
32.5 53.5
32.5 54.5
32.5 55.5
33.5 16.5
33.5 17.5
33.5 18.5
33.5 19.5
33.5 20.5
33.5 21.5
33.5 39.5
33.5 40.5
33.5 41.5
33.5 42.5
33.5 48.5
33.5 49.5
33.5 50.5
33.5 51.5
33.5 52.5
33.5 53.5
34.5 18.5
34.5 19.5
34.5 20.5
34.5 21.5
34.5 22.5
35.5 28.5
35.5 29.5
35.5 30.5
35.5 31.5
35.5 32.5
36.5 8.5
36.5 9.5
36.5 10.5
36.5 11.5
36.5 12.5
36.5 28.5
36.5 29.5
36.5 30.5
36.5 31.5
36.5 32.5
36.5 33.5
36.5 34.5
36.5 35.5
36.5 58.5
36.5 59.5
36.5 60.5
36.5 61.5
36.5 62.5
37.5 9.5
37.5 10.5
37.5 11.5
37.5 12.5
37.5 13.5
37.5 14.5
37.5 30.5
37.5 31.5
37.5 32.5
37.5 33.5
37.5 34.5
37.5 35.5
37.5 36.5
37.5 56.5
37.5 57.5
37.5 58.5
37.5 59.5
37.5 60.5
37.5 61.5
38.5 11.5
38.5 12.5
38.5 13.5
38.5 14.5
38.5 15.5
38.5 55.5
38.5 56.5
38.5 57.5
38.5 58.5
38.5 59.5
38.5 60.5
42.5 34.5
42.5 35.5
43.5 14.5
43.5 15.5
43.5 16.5
43.5 17.5
43.5 31.5
43.5 32.5
43.5 33.5
43.5 34.5
43.5 35.5
43.5 54.5
44.5 15.5
44.5 16.5
44.5 17.5
44.5 18.5
44.5 19.5
44.5 29.5
44.5 30.5
44.5 31.5
44.5 32.5
44.5 33.5
44.5 34.5
44.5 51.5
44.5 52.5
44.5 53.5
44.5 54.5
44.5 55.5
45.5 16.5
45.5 17.5
45.5 18.5
45.5 19.5
45.5 20.5
45.5 28.5
45.5 29.5
45.5 30.5
45.5 31.5
45.5 32.5
45.5 49.5
45.5 50.5
45.5 51.5
45.5 52.5
45.5 53.5
45.5 54.5
46.5 18.5
46.5 19.5
46.5 20.5
46.5 21.5
46.5 28.5
46.5 29.5
46.5 42.5
46.5 48.5
46.5 49.5
46.5 50.5
46.5 51.5
46.5 52.5
46.5 53.5
47.5 39.5
47.5 40.5
47.5 41.5
47.5 42.5
48.5 7.5
48.5 8.5
48.5 9.5
48.5 10.5
48.5 11.5
48.5 12.5
48.5 37.5
48.5 38.5
48.5 39.5
48.5 40.5
48.5 41.5
49.5 8.5
49.5 9.5
49.5 10.5
49.5 11.5
49.5 12.5
49.5 13.5
49.5 14.5
49.5 36.5
49.5 37.5
49.5 38.5
49.5 39.5
49.5 40.5
49.5 57.5
49.5 58.5
49.5 59.5
49.5 60.5
49.5 61.5
49.5 62.5
50.5 9.5
50.5 10.5
50.5 11.5
50.5 12.5
50.5 13.5
50.5 14.5
50.5 15.5
50.5 35.5
50.5 36.5
50.5 37.5
50.5 38.5
50.5 55.5
50.5 56.5
50.5 57.5
50.5 58.5
50.5 59.5
50.5 60.5
50.5 61.5
51.5 12.5
51.5 13.5
51.5 14.5
51.5 15.5
51.5 55.5
51.5 56.5
51.5 57.5
51.5 58.5
56.5 12.5
56.5 13.5
56.5 14.5
56.5 15.5
56.5 31.5
56.5 32.5
56.5 33.5
56.5 34.5
56.5 35.5
56.5 36.5
56.5 55.5
56.5 56.5
56.5 57.5
56.5 58.5
57.5 10.5
57.5 11.5
57.5 12.5
57.5 13.5
57.5 14.5
57.5 30.5
57.5 31.5
57.5 32.5
57.5 33.5
57.5 34.5
57.5 35.5
57.5 56.5
57.5 57.5
57.5 58.5
57.5 59.5
57.5 60.5
57.5 61.5
58.5 8.5
58.5 9.5
58.5 10.5
58.5 11.5
58.5 12.5
58.5 29.5
58.5 30.5
58.5 31.5
58.5 32.5
58.5 33.5
58.5 57.5
58.5 58.5
58.5 59.5
58.5 60.5
58.5 61.5
58.5 62.5
59.5 7.5
59.5 8.5
59.5 9.5
59.5 20.5
59.5 21.5
59.5 22.5
59.5 23.5
59.5 60.5
59.5 61.5
59.5 62.5
59.5 63.5
60.5 18.5
60.5 19.5
60.5 20.5
60.5 21.5
60.5 22.5
60.5 39.5
60.5 40.5
60.5 41.5
60.5 42.5
60.5 48.5
60.5 49.5
60.5 50.5
60.5 51.5
61.5 16.5
61.5 17.5
61.5 18.5
61.5 19.5
61.5 20.5
61.5 21.5
61.5 37.5
61.5 38.5
61.5 39.5
61.5 40.5
61.5 41.5
61.5 49.5
61.5 50.5
61.5 51.5
61.5 52.5
61.5 53.5
62.5 15.5
62.5 16.5
62.5 17.5
62.5 18.5
62.5 19.5
62.5 36.5
62.5 37.5
62.5 38.5
62.5 39.5
62.5 40.5
62.5 50.5
62.5 51.5
62.5 52.5
62.5 53.5
62.5 54.5
62.5 55.5
63.5 36.5
63.5 37.5
63.5 52.5
63.5 53.5
63.5 54.5
63.5 55.5
63.5 56.5
