7.5 9.5
7.5 19.5
7.5 29.5
7.5 41.5
7.5 51.5
7.5 60.5
8.5 9.5
8.5 18.5
8.5 19.5
8.5 28.5
8.5 29.5
8.5 41.5
8.5 51.5
8.5 52.5
8.5 59.5
8.5 60.5
9.5 8.5
9.5 9.5
9.5 18.5
9.5 19.5
9.5 28.5
9.5 29.5
9.5 41.5
9.5 42.5
9.5 51.5
9.5 52.5
9.5 59.5
9.5 60.5
10.5 8.5
10.5 9.5
10.5 18.5
10.5 19.5
10.5 28.5
10.5 29.5
10.5 41.5
10.5 42.5
10.5 52.5
10.5 53.5
10.5 59.5
11.5 8.5
11.5 9.5
11.5 18.5
11.5 27.5
11.5 28.5
11.5 29.5
11.5 41.5
11.5 42.5
11.5 52.5
11.5 53.5
11.5 58.5
11.5 59.5
12.5 7.5
12.5 8.5
12.5 18.5
12.5 27.5
12.5 28.5
12.5 41.5
12.5 42.5
12.5 53.5
12.5 58.5
12.5 59.5
13.5 7.5
13.5 8.5
13.5 18.5
13.5 27.5
13.5 28.5
13.5 42.5
13.5 48.5
13.5 53.5
13.5 58.5
14.5 7.5
14.5 8.5
14.5 13.5
14.5 18.5
14.5 27.5
14.5 28.5
14.5 33.5
14.5 37.5
14.5 42.5
14.5 43.5
14.5 48.5
14.5 58.5
14.5 63.5
15.5 7.5
15.5 12.5
15.5 13.5
15.5 18.5
15.5 22.5
15.5 27.5
15.5 33.5
15.5 37.5
15.5 42.5
15.5 43.5
15.5 48.5
15.5 49.5
15.5 62.5
15.5 63.5
16.5 12.5
16.5 13.5
16.5 22.5
16.5 32.5
16.5 33.5
16.5 37.5
16.5 38.5
16.5 48.5
16.5 49.5
16.5 62.5
16.5 63.5
17.5 12.5
17.5 13.5
17.5 22.5
17.5 32.5
17.5 33.5
17.5 38.5
17.5 48.5
17.5 49.5
17.5 62.5
17.5 63.5
18.5 11.5
18.5 12.5
18.5 13.5
18.5 21.5
18.5 22.5
18.5 31.5
18.5 32.5
18.5 38.5
18.5 39.5
18.5 48.5
18.5 49.5
18.5 62.5
19.5 11.5
19.5 12.5
19.5 21.5
19.5 22.5
19.5 31.5
19.5 32.5
19.5 38.5
19.5 39.5
19.5 48.5
19.5 49.5
19.5 50.5
19.5 61.5
19.5 62.5
20.5 11.5
20.5 12.5
20.5 21.5
20.5 22.5
20.5 31.5
20.5 32.5
20.5 39.5
20.5 49.5
20.5 50.5
20.5 61.5
20.5 62.5
21.5 11.5
21.5 12.5
21.5 21.5
21.5 31.5
21.5 39.5
21.5 49.5
21.5 50.5
22.5 11.5
22.5 21.5
22.5 31.5
22.5 39.5
23.5 11.5
23.5 21.5
27.5 51.5
27.5 60.5
28.5 21.5
28.5 30.5
28.5 51.5
28.5 52.5
28.5 60.5
29.5 11.5
29.5 22.5
29.5 29.5
29.5 30.5
29.5 39.5
29.5 51.5
29.5 52.5
29.5 59.5
29.5 60.5
30.5 11.5
30.5 12.5
30.5 22.5
30.5 29.5
30.5 30.5
30.5 39.5
30.5 52.5
30.5 53.5
30.5 59.5
30.5 60.5
31.5 11.5
31.5 12.5
31.5 22.5
31.5 23.5
31.5 28.5
31.5 29.5
31.5 38.5
31.5 39.5
31.5 52.5
31.5 53.5
31.5 59.5
31.5 60.5
32.5 12.5
32.5 13.5
32.5 22.5
32.5 23.5
32.5 28.5
32.5 29.5
32.5 38.5
32.5 39.5
32.5 52.5
32.5 53.5
32.5 59.5
33.5 12.5
33.5 13.5
33.5 23.5
33.5 28.5
33.5 29.5
33.5 38.5
33.5 39.5
33.5 52.5
33.5 53.5
33.5 54.5
33.5 59.5
34.5 13.5
34.5 23.5
34.5 24.5
34.5 28.5
34.5 33.5
34.5 38.5
34.5 53.5
34.5 54.5
34.5 59.5
34.5 63.5
35.5 7.5
35.5 13.5
35.5 14.5
35.5 18.5
35.5 19.5
35.5 24.5
35.5 33.5
35.5 37.5
35.5 38.5
35.5 43.5
35.5 48.5
35.5 54.5
35.5 63.5
36.5 7.5
36.5 8.5
36.5 18.5
36.5 19.5
36.5 32.5
36.5 33.5
36.5 37.5
36.5 42.5
36.5 43.5
36.5 48.5
36.5 63.5
37.5 7.5
37.5 8.5
37.5 19.5
37.5 20.5
37.5 32.5
37.5 33.5
37.5 42.5
37.5 43.5
37.5 48.5
37.5 49.5
37.5 62.5
37.5 63.5
38.5 7.5
38.5 8.5
38.5 9.5
38.5 19.5
38.5 20.5
38.5 32.5
38.5 33.5
38.5 42.5
38.5 43.5
38.5 48.5
38.5 49.5
38.5 62.5
38.5 63.5
39.5 8.5
39.5 9.5
39.5 19.5
39.5 20.5
39.5 32.5
39.5 41.5
39.5 42.5
39.5 49.5
39.5 50.5
39.5 62.5
39.5 63.5
40.5 8.5
40.5 9.5
40.5 20.5
40.5 21.5
40.5 31.5
40.5 32.5
40.5 41.5
40.5 42.5
40.5 49.5
40.5 50.5
40.5 62.5
41.5 9.5
41.5 31.5
41.5 32.5
41.5 41.5
41.5 42.5
41.5 50.5
41.5 62.5
42.5 41.5
42.5 50.5
42.5 62.5
47.5 9.5
47.5 22.5
47.5 30.5
48.5 8.5
48.5 9.5
48.5 22.5
48.5 30.5
48.5 41.5
48.5 52.5
49.5 8.5
49.5 9.5
49.5 22.5
49.5 23.5
49.5 29.5
49.5 30.5
49.5 41.5
49.5 52.5
49.5 53.5
49.5 60.5
49.5 61.5
50.5 8.5
50.5 9.5
50.5 22.5
50.5 23.5
50.5 29.5
50.5 30.5
50.5 41.5
50.5 42.5
50.5 52.5
50.5 53.5
50.5 60.5
51.5 7.5
51.5 8.5
51.5 9.5
51.5 22.5
51.5 23.5
51.5 29.5
51.5 41.5
51.5 42.5
51.5 52.5
51.5 53.5
51.5 60.5
52.5 7.5
52.5 8.5
52.5 22.5
52.5 23.5
52.5 28.5
52.5 29.5
52.5 41.5
52.5 42.5
52.5 43.5
52.5 53.5
52.5 54.5
52.5 59.5
52.5 60.5
53.5 7.5
53.5 8.5
53.5 23.5
53.5 28.5
53.5 29.5
53.5 42.5
53.5 43.5
53.5 53.5
53.5 54.5
53.5 59.5
53.5 60.5
54.5 7.5
54.5 8.5
54.5 13.5
54.5 18.5
54.5 23.5
54.5 28.5
54.5 29.5
54.5 42.5
54.5 43.5
54.5 53.5
54.5 54.5
54.5 59.5
54.5 60.5
55.5 7.5
55.5 13.5
55.5 18.5
55.5 23.5
55.5 28.5
55.5 43.5
55.5 48.5
55.5 54.5
55.5 59.5
55.5 64.5
56.5 12.5
56.5 13.5
56.5 18.5
56.5 19.5
56.5 33.5
56.5 38.5
56.5 43.5
56.5 48.5
56.5 49.5
56.5 59.5
56.5 64.5
57.5 12.5
57.5 13.5
57.5 18.5
57.5 19.5
57.5 32.5
57.5 33.5
57.5 38.5
57.5 48.5
57.5 49.5
57.5 63.5
57.5 64.5
58.5 12.5
58.5 13.5
58.5 18.5
58.5 19.5
58.5 32.5
58.5 33.5
58.5 38.5
58.5 39.5
58.5 49.5
58.5 50.5
58.5 63.5
58.5 64.5
59.5 11.5
59.5 12.5
59.5 19.5
59.5 20.5
59.5 32.5
59.5 33.5
59.5 38.5
59.5 39.5
59.5 49.5
59.5 50.5
59.5 63.5
59.5 64.5
60.5 11.5
60.5 12.5
60.5 19.5
60.5 20.5
60.5 31.5
60.5 32.5
60.5 38.5
60.5 39.5
60.5 49.5
60.5 50.5
60.5 63.5
61.5 11.5
61.5 19.5
61.5 20.5
61.5 31.5
61.5 32.5
61.5 38.5
61.5 39.5
61.5 50.5
61.5 51.5
61.5 62.5
61.5 63.5
62.5 11.5
62.5 20.5
62.5 31.5
62.5 32.5
62.5 39.5
62.5 40.5
62.5 50.5
62.5 51.5
62.5 62.5
62.5 63.5
63.5 31.5
63.5 32.5
63.5 39.5
63.5 40.5
63.5 51.5
64.5 31.5
64.5 40.5
