6.5 12.5
6.5 26.5
6.5 27.5
6.5 43.5
6.5 58.5
7.5 9.5
7.5 10.5
7.5 11.5
7.5 25.5
7.5 26.5
7.5 40.5
7.5 41.5
7.5 42.5
7.5 43.5
7.5 59.5
7.5 60.5
8.5 8.5
8.5 9.5
8.5 24.5
8.5 25.5
8.5 38.5
8.5 39.5
8.5 40.5
8.5 41.5
8.5 60.5
8.5 61.5
9.5 7.5
9.5 23.5
9.5 24.5
9.5 38.5
9.5 62.5
9.5 63.5
10.5 18.5
10.5 32.5
10.5 33.5
10.5 49.5
10.5 53.5
11.5 15.5
11.5 16.5
11.5 17.5
11.5 30.5
11.5 31.5
11.5 32.5
11.5 47.5
11.5 48.5
11.5 54.5
11.5 55.5
12.5 14.5
12.5 15.5
12.5 29.5
12.5 30.5
12.5 31.5
12.5 45.5
12.5 46.5
12.5 47.5
12.5 55.5
12.5 56.5
13.5 12.5
13.5 13.5
13.5 28.5
13.5 29.5
13.5 44.5
13.5 45.5
13.5 57.5
18.5 12.5
18.5 44.5
18.5 58.5
19.5 13.5
19.5 14.5
19.5 29.5
19.5 30.5
19.5 31.5
19.5 45.5
19.5 46.5
19.5 56.5
19.5 57.5
20.5 14.5
20.5 15.5
20.5 16.5
20.5 31.5
20.5 32.5
20.5 46.5
20.5 47.5
20.5 55.5
20.5 56.5
21.5 16.5
21.5 17.5
21.5 48.5
21.5 54.5
22.5 7.5
22.5 38.5
22.5 39.5
23.5 7.5
23.5 8.5
23.5 9.5
23.5 23.5
23.5 24.5
23.5 25.5
23.5 40.5
23.5 41.5
23.5 62.5
23.5 63.5
24.5 8.5
24.5 9.5
24.5 10.5
24.5 24.5
24.5 25.5
24.5 26.5
24.5 27.5
24.5 41.5
24.5 42.5
24.5 60.5
24.5 61.5
24.5 62.5
25.5 10.5
25.5 11.5
25.5 43.5
25.5 59.5
25.5 60.5
25.5 61.5
26.5 11.5
26.5 58.5
30.5 26.5
30.5 27.5
30.5 42.5
30.5 43.5
31.5 11.5
31.5 25.5
31.5 26.5
31.5 41.5
31.5 42.5
31.5 58.5
31.5 59.5
32.5 9.5
32.5 10.5
32.5 23.5
32.5 24.5
32.5 25.5
32.5 40.5
32.5 41.5
32.5 59.5
32.5 60.5
32.5 61.5
33.5 8.5
33.5 9.5
33.5 39.5
33.5 40.5
33.5 61.5
33.5 62.5
34.5 8.5
34.5 18.5
34.5 32.5
34.5 33.5
34.5 38.5
34.5 63.5
35.5 16.5
35.5 17.5
35.5 31.5
35.5 32.5
35.5 49.5
35.5 54.5
35.5 55.5
36.5 15.5
36.5 16.5
36.5 30.5
36.5 31.5
36.5 47.5
36.5 48.5
36.5 55.5
36.5 56.5
37.5 14.5
37.5 15.5
37.5 30.5
37.5 46.5
37.5 47.5
37.5 56.5
38.5 13.5
38.5 29.5
38.5 44.5
38.5 45.5
38.5 46.5
38.5 57.5
39.5 44.5
39.5 58.5
43.5 13.5
43.5 14.5
43.5 15.5
43.5 29.5
43.5 59.5
44.5 14.5
44.5 15.5
44.5 16.5
44.5 17.5
44.5 18.5
44.5 30.5
44.5 31.5
44.5 43.5
44.5 44.5
44.5 59.5
44.5 60.5
45.5 31.5
45.5 32.5
45.5 44.5
45.5 45.5
45.5 46.5
45.5 61.5
46.5 23.5
46.5 32.5
46.5 46.5
46.5 47.5
46.5 48.5
46.5 62.5
47.5 24.5
47.5 25.5
47.5 33.5
48.5 7.5
48.5 8.5
48.5 9.5
48.5 10.5
48.5 25.5
48.5 26.5
48.5 38.5
48.5 39.5
48.5 53.5
48.5 54.5
48.5 55.5
49.5 9.5
49.5 10.5
49.5 11.5
49.5 26.5
49.5 27.5
49.5 39.5
49.5 40.5
49.5 41.5
49.5 55.5
49.5 56.5
49.5 57.5
50.5 28.5
50.5 41.5
50.5 42.5
50.5 58.5
55.5 11.5
55.5 12.5
55.5 26.5
55.5 27.5
55.5 43.5
55.5 58.5
55.5 59.5
56.5 12.5
56.5 13.5
56.5 24.5
56.5 25.5
56.5 26.5
56.5 41.5
56.5 42.5
56.5 59.5
56.5 60.5
56.5 61.5
57.5 13.5
57.5 14.5
57.5 23.5
57.5 24.5
57.5 25.5
57.5 40.5
57.5 41.5
57.5 61.5
57.5 62.5
57.5 63.5
58.5 14.5
58.5 15.5
58.5 22.5
58.5 23.5
58.5 24.5
58.5 39.5
59.5 15.5
59.5 16.5
59.5 21.5
59.5 22.5
59.5 38.5
59.5 47.5
60.5 7.5
60.5 32.5
60.5 33.5
60.5 46.5
60.5 47.5
60.5 53.5
60.5 54.5
60.5 55.5
61.5 8.5
61.5 30.5
61.5 31.5
61.5 32.5
61.5 45.5
61.5 46.5
61.5 54.5
61.5 55.5
61.5 56.5
61.5 57.5
62.5 9.5
62.5 10.5
62.5 29.5
62.5 30.5
62.5 44.5
62.5 45.5
62.5 56.5
62.5 57.5
62.5 58.5
63.5 10.5
63.5 11.5
63.5 27.5
63.5 28.5
63.5 43.5
63.5 44.5
