5.5 41.5
5.5 50.5
6.5 11.5
6.5 21.5
6.5 30.5
6.5 41.5
6.5 49.5
6.5 60.5
7.5 10.5
7.5 22.5
7.5 30.5
7.5 41.5
7.5 48.5
7.5 60.5
8.5 9.5
8.5 10.5
8.5 22.5
8.5 29.5
8.5 41.5
8.5 47.5
9.5 9.5
9.5 23.5
9.5 28.5
9.5 29.5
9.5 37.5
9.5 41.5
9.5 46.5
9.5 59.5
10.5 8.5
10.5 15.5
10.5 24.5
10.5 28.5
10.5 34.5
10.5 37.5
10.5 55.5
10.5 63.5
11.5 14.5
11.5 18.5
11.5 33.5
11.5 38.5
11.5 53.5
11.5 54.5
11.5 63.5
12.5 13.5
12.5 19.5
12.5 33.5
12.5 38.5
12.5 51.5
12.5 52.5
12.5 53.5
12.5 63.5
13.5 13.5
13.5 20.5
13.5 32.5
13.5 50.5
13.5 51.5
13.5 63.5
14.5 12.5
14.5 21.5
14.5 39.5
14.5 63.5
15.5 11.5
18.5 11.5
18.5 21.5
18.5 39.5
18.5 51.5
18.5 62.5
19.5 12.5
19.5 22.5
19.5 32.5
19.5 49.5
19.5 50.5
19.5 51.5
20.5 12.5
20.5 22.5
20.5 32.5
20.5 38.5
20.5 48.5
20.5 49.5
20.5 50.5
20.5 63.5
21.5 13.5
21.5 22.5
21.5 23.5
21.5 33.5
21.5 47.5
21.5 48.5
21.5 49.5
22.5 7.5
22.5 13.5
22.5 17.5
22.5 23.5
22.5 33.5
22.5 37.5
22.5 42.5
22.5 47.5
22.5 55.5
22.5 59.5
22.5 64.5
23.5 7.5
23.5 8.5
23.5 14.5
23.5 18.5
23.5 28.5
23.5 37.5
23.5 42.5
23.5 55.5
23.5 59.5
24.5 8.5
24.5 18.5
24.5 28.5
24.5 29.5
24.5 41.5
24.5 42.5
24.5 54.5
24.5 60.5
25.5 8.5
25.5 9.5
25.5 19.5
25.5 29.5
25.5 41.5
25.5 53.5
25.5 54.5
25.5 60.5
26.5 9.5
26.5 19.5
26.5 29.5
26.5 41.5
26.5 53.5
26.5 60.5
27.5 10.5
27.5 20.5
27.5 30.5
27.5 41.5
27.5 52.5
31.5 10.5
31.5 20.5
31.5 30.5
31.5 41.5
31.5 51.5
31.5 61.5
32.5 8.5
32.5 9.5
32.5 19.5
32.5 29.5
32.5 41.5
32.5 42.5
32.5 52.5
32.5 62.5
33.5 7.5
33.5 8.5
33.5 19.5
33.5 28.5
33.5 42.5
33.5 43.5
33.5 53.5
33.5 63.5
34.5 7.5
34.5 18.5
34.5 24.5
34.5 43.5
34.5 47.5
34.5 54.5
34.5 64.5
35.5 6.5
35.5 13.5
35.5 23.5
35.5 33.5
35.5 37.5
35.5 44.5
35.5 48.5
35.5 58.5
36.5 12.5
36.5 13.5
36.5 22.5
36.5 32.5
36.5 38.5
36.5 49.5
36.5 59.5
36.5 60.5
37.5 12.5
37.5 22.5
37.5 32.5
37.5 38.5
37.5 39.5
37.5 50.5
37.5 61.5
38.5 11.5
38.5 21.5
38.5 31.5
38.5 39.5
39.5 10.5
39.5 40.5
41.5 21.5
41.5 50.5
41.5 61.5
42.5 10.5
42.5 22.5
42.5 30.5
42.5 40.5
42.5 51.5
42.5 60.5
43.5 11.5
43.5 22.5
43.5 23.5
43.5 29.5
43.5 30.5
43.5 41.5
43.5 52.5
43.5 59.5
43.5 60.5
44.5 11.5
44.5 12.5
44.5 23.5
44.5 29.5
44.5 42.5
44.5 53.5
44.5 59.5
45.5 12.5
45.5 24.5
45.5 29.5
45.5 42.5
45.5 54.5
45.5 58.5
45.5 64.5
46.5 6.5
46.5 13.5
46.5 17.5
46.5 24.5
46.5 28.5
46.5 34.5
46.5 37.5
46.5 43.5
46.5 47.5
47.5 7.5
47.5 14.5
47.5 18.5
47.5 33.5
47.5 38.5
47.5 48.5
47.5 49.5
47.5 63.5
48.5 7.5
48.5 8.5
48.5 19.5
48.5 32.5
48.5 33.5
48.5 39.5
48.5 49.5
48.5 50.5
48.5 63.5
49.5 8.5
49.5 19.5
49.5 20.5
49.5 32.5
49.5 39.5
49.5 50.5
49.5 62.5
50.5 9.5
50.5 20.5
50.5 31.5
50.5 40.5
50.5 62.5
51.5 9.5
51.5 61.5
53.5 51.5
54.5 21.5
54.5 31.5
54.5 41.5
54.5 51.5
54.5 60.5
55.5 10.5
55.5 21.5
55.5 22.5
55.5 32.5
55.5 42.5
55.5 50.5
56.5 10.5
56.5 11.5
56.5 22.5
56.5 32.5
56.5 33.5
56.5 43.5
56.5 49.5
56.5 50.5
56.5 59.5
57.5 11.5
57.5 12.5
57.5 22.5
57.5 23.5
57.5 27.5
57.5 33.5
57.5 43.5
57.5 44.5
57.5 49.5
57.5 59.5
58.5 12.5
58.5 13.5
58.5 17.5
58.5 23.5
58.5 27.5
58.5 28.5
58.5 34.5
58.5 44.5
58.5 48.5
58.5 54.5
58.5 58.5
59.5 6.5
59.5 13.5
59.5 18.5
59.5 28.5
59.5 38.5
59.5 39.5
59.5 54.5
59.5 58.5
59.5 63.5
60.5 7.5
60.5 18.5
60.5 29.5
60.5 39.5
60.5 53.5
60.5 62.5
60.5 63.5
61.5 7.5
61.5 8.5
61.5 19.5
61.5 29.5
61.5 30.5
61.5 40.5
61.5 53.5
61.5 62.5
62.5 8.5
62.5 9.5
62.5 19.5
62.5 30.5
62.5 41.5
62.5 52.5
62.5 61.5
63.5 9.5
63.5 61.5
64.5 10.5
