4.5 19.5
4.5 31.5
4.5 53.5
4.5 54.5
5.5 18.5
5.5 32.5
5.5 54.5
5.5 55.5
6.5 17.5
6.5 33.5
6.5 34.5
6.5 55.5
6.5 56.5
7.5 16.5
7.5 34.5
7.5 35.5
7.5 56.5
7.5 57.5
8.5 15.5
8.5 16.5
8.5 35.5
8.5 36.5
8.5 57.5
8.5 58.5
9.5 14.5
9.5 15.5
9.5 36.5
9.5 37.5
9.5 58.5
9.5 59.5
10.5 13.5
10.5 14.5
10.5 26.5
10.5 27.5
10.5 37.5
10.5 38.5
10.5 59.5
10.5 60.5
11.5 12.5
11.5 13.5
11.5 26.5
11.5 27.5
11.5 38.5
11.5 39.5
11.5 60.5
11.5 61.5
12.5 11.5
12.5 12.5
12.5 25.5
12.5 28.5
12.5 39.5
12.5 40.5
12.5 41.5
12.5 45.5
12.5 61.5
12.5 62.5
13.5 10.5
13.5 11.5
13.5 23.5
13.5 24.5
13.5 28.5
13.5 29.5
13.5 41.5
13.5 42.5
13.5 46.5
13.5 47.5
13.5 62.5
14.5 9.5
14.5 10.5
14.5 22.5
14.5 23.5
14.5 29.5
14.5 30.5
14.5 42.5
14.5 43.5
14.5 47.5
14.5 48.5
14.5 63.5
14.5 68.5
15.5 8.5
15.5 9.5
15.5 21.5
15.5 22.5
15.5 23.5
15.5 30.5
15.5 31.5
15.5 43.5
15.5 44.5
15.5 49.5
15.5 50.5
15.5 64.5
15.5 68.5
16.5 7.5
16.5 8.5
16.5 20.5
16.5 21.5
16.5 22.5
16.5 31.5
16.5 44.5
16.5 45.5
16.5 50.5
16.5 51.5
16.5 52.5
16.5 65.5
17.5 7.5
17.5 19.5
17.5 20.5
17.5 21.5
17.5 31.5
17.5 32.5
17.5 46.5
17.5 51.5
17.5 52.5
17.5 53.5
17.5 66.5
18.5 18.5
18.5 19.5
18.5 20.5
18.5 32.5
18.5 33.5
18.5 47.5
18.5 53.5
18.5 54.5
19.5 17.5
19.5 18.5
19.5 19.5
19.5 33.5
19.5 34.5
19.5 54.5
19.5 55.5
19.5 56.5
20.5 17.5
20.5 18.5
20.5 34.5
20.5 35.5
20.5 56.5
20.5 57.5
21.5 16.5
21.5 17.5
21.5 35.5
21.5 57.5
21.5 58.5
21.5 59.5
22.5 15.5
22.5 16.5
22.5 36.5
22.5 59.5
22.5 60.5
23.5 14.5
23.5 15.5
23.5 37.5
23.5 61.5
24.5 13.5
24.5 14.5
24.5 33.5
24.5 38.5
24.5 52.5
24.5 53.5
25.5 12.5
25.5 13.5
25.5 14.5
25.5 34.5
25.5 38.5
25.5 53.5
25.5 54.5
26.5 14.5
26.5 15.5
26.5 35.5
26.5 54.5
26.5 55.5
27.5 15.5
27.5 16.5
27.5 35.5
27.5 36.5
27.5 55.5
27.5 56.5
28.5 16.5
28.5 17.5
28.5 36.5
28.5 37.5
28.5 56.5
28.5 57.5
29.5 5.5
29.5 17.5
29.5 18.5
29.5 37.5
29.5 38.5
29.5 57.5
29.5 58.5
30.5 6.5
30.5 18.5
30.5 19.5
30.5 38.5
30.5 44.5
30.5 58.5
30.5 59.5
31.5 7.5
31.5 19.5
31.5 20.5
31.5 26.5
31.5 38.5
31.5 39.5
31.5 45.5
31.5 59.5
31.5 60.5
32.5 7.5
32.5 8.5
32.5 20.5
32.5 21.5
32.5 27.5
32.5 39.5
32.5 40.5
32.5 46.5
32.5 60.5
32.5 61.5
33.5 8.5
33.5 9.5
33.5 21.5
33.5 22.5
33.5 28.5
33.5 40.5
33.5 41.5
33.5 46.5
33.5 47.5
33.5 61.5
33.5 62.5
34.5 9.5
34.5 10.5
34.5 22.5
34.5 23.5
34.5 28.5
34.5 29.5
34.5 41.5
34.5 47.5
34.5 48.5
34.5 62.5
34.5 63.5
35.5 10.5
35.5 11.5
35.5 23.5
35.5 29.5
35.5 30.5
35.5 42.5
35.5 48.5
35.5 49.5
35.5 63.5
35.5 64.5
35.5 68.5
36.5 10.5
36.5 11.5
36.5 24.5
36.5 30.5
36.5 31.5
36.5 42.5
36.5 43.5
36.5 49.5
36.5 50.5
36.5 64.5
36.5 65.5
37.5 11.5
37.5 12.5
37.5 25.5
37.5 31.5
37.5 32.5
37.5 43.5
37.5 50.5
37.5 51.5
37.5 65.5
37.5 66.5
38.5 12.5
38.5 13.5
38.5 26.5
38.5 32.5
38.5 33.5
38.5 44.5
38.5 51.5
38.5 52.5
38.5 66.5
39.5 13.5
39.5 14.5
39.5 27.5
39.5 32.5
39.5 33.5
39.5 52.5
39.5 53.5
40.5 14.5
40.5 15.5
40.5 33.5
40.5 34.5
40.5 53.5
40.5 54.5
41.5 15.5
41.5 34.5
41.5 35.5
41.5 55.5
42.5 16.5
42.5 35.5
42.5 36.5
42.5 56.5
43.5 17.5
43.5 36.5
43.5 37.5
43.5 38.5
43.5 57.5
44.5 11.5
44.5 17.5
44.5 18.5
44.5 37.5
44.5 58.5
44.5 59.5
45.5 12.5
45.5 18.5
45.5 36.5
45.5 38.5
45.5 57.5
45.5 58.5
45.5 59.5
46.5 13.5
46.5 14.5
46.5 35.5
46.5 36.5
46.5 56.5
46.5 57.5
46.5 60.5
47.5 14.5
47.5 15.5
47.5 34.5
47.5 35.5
47.5 55.5
47.5 56.5
48.5 15.5
48.5 16.5
48.5 33.5
48.5 34.5
48.5 54.5
48.5 55.5
49.5 16.5
49.5 17.5
49.5 32.5
49.5 33.5
49.5 44.5
49.5 53.5
49.5 54.5
49.5 55.5
50.5 17.5
50.5 18.5
50.5 32.5
50.5 43.5
50.5 52.5
50.5 53.5
50.5 54.5
51.5 5.5
51.5 6.5
51.5 18.5
51.5 19.5
51.5 31.5
51.5 42.5
51.5 43.5
51.5 51.5
51.5 52.5
51.5 53.5
52.5 6.5
52.5 7.5
52.5 19.5
52.5 20.5
52.5 30.5
52.5 31.5
52.5 42.5
52.5 50.5
52.5 51.5
52.5 52.5
53.5 7.5
53.5 8.5
53.5 20.5
53.5 21.5
53.5 29.5
53.5 30.5
53.5 41.5
53.5 42.5
53.5 49.5
53.5 50.5
53.5 51.5
54.5 8.5
54.5 9.5
54.5 21.5
54.5 22.5
54.5 28.5
54.5 29.5
54.5 40.5
54.5 41.5
54.5 49.5
54.5 50.5
54.5 66.5
55.5 9.5
55.5 10.5
55.5 22.5
55.5 23.5
55.5 27.5
55.5 28.5
55.5 39.5
55.5 40.5
55.5 48.5
55.5 49.5
55.5 64.5
55.5 65.5
55.5 66.5
56.5 10.5
56.5 11.5
56.5 23.5
56.5 24.5
56.5 27.5
56.5 39.5
56.5 40.5
56.5 47.5
56.5 48.5
56.5 63.5
56.5 64.5
57.5 11.5
57.5 12.5
57.5 24.5
57.5 25.5
57.5 26.5
57.5 38.5
57.5 39.5
57.5 46.5
57.5 47.5
57.5 62.5
57.5 63.5
58.5 11.5
58.5 12.5
58.5 25.5
58.5 37.5
58.5 38.5
58.5 45.5
58.5 46.5
58.5 61.5
58.5 62.5
59.5 12.5
59.5 13.5
59.5 24.5
59.5 36.5
59.5 37.5
59.5 44.5
59.5 45.5
59.5 59.5
59.5 60.5
59.5 61.5
60.5 13.5
60.5 14.5
60.5 36.5
60.5 37.5
60.5 58.5
60.5 59.5
60.5 60.5
61.5 14.5
61.5 15.5
61.5 35.5
61.5 36.5
61.5 57.5
61.5 58.5
61.5 59.5
62.5 15.5
62.5 16.5
62.5 34.5
62.5 35.5
62.5 56.5
62.5 57.5
63.5 16.5
63.5 17.5
63.5 34.5
63.5 55.5
63.5 56.5
64.5 17.5
64.5 18.5
64.5 33.5
64.5 34.5
64.5 54.5
64.5 55.5
