4.5 13.5
4.5 48.5
5.5 12.5
5.5 23.5
5.5 37.5
5.5 61.5
6.5 11.5
6.5 24.5
6.5 37.5
6.5 49.5
6.5 60.5
7.5 10.5
7.5 25.5
7.5 38.5
7.5 50.5
7.5 59.5
8.5 9.5
8.5 10.5
8.5 25.5
8.5 38.5
8.5 45.5
8.5 50.5
8.5 58.5
9.5 8.5
9.5 9.5
9.5 26.5
9.5 31.5
9.5 39.5
9.5 51.5
9.5 57.5
9.5 58.5
10.5 7.5
10.5 8.5
10.5 18.5
10.5 27.5
10.5 32.5
10.5 39.5
10.5 40.5
10.5 46.5
10.5 57.5
10.5 68.5
11.5 7.5
11.5 16.5
11.5 19.5
11.5 27.5
11.5 28.5
11.5 32.5
11.5 40.5
11.5 46.5
11.5 52.5
11.5 56.5
11.5 64.5
12.5 6.5
12.5 15.5
12.5 20.5
12.5 28.5
12.5 33.5
12.5 40.5
12.5 46.5
12.5 55.5
12.5 63.5
12.5 64.5
13.5 5.5
13.5 14.5
13.5 20.5
13.5 21.5
13.5 29.5
13.5 34.5
13.5 41.5
13.5 47.5
13.5 54.5
13.5 63.5
14.5 13.5
14.5 21.5
14.5 34.5
14.5 47.5
14.5 62.5
14.5 63.5
15.5 12.5
15.5 22.5
15.5 35.5
15.5 42.5
15.5 47.5
15.5 62.5
16.5 11.5
16.5 22.5
16.5 23.5
16.5 35.5
16.5 61.5
17.5 10.5
17.5 23.5
17.5 36.5
17.5 48.5
17.5 61.5
18.5 24.5
18.5 37.5
18.5 48.5
18.5 60.5
19.5 11.5
19.5 25.5
19.5 37.5
19.5 38.5
19.5 48.5
19.5 60.5
19.5 61.5
20.5 24.5
20.5 37.5
20.5 38.5
20.5 60.5
21.5 10.5
21.5 24.5
21.5 36.5
21.5 49.5
21.5 60.5
21.5 68.5
22.5 10.5
22.5 23.5
22.5 35.5
22.5 36.5
22.5 49.5
22.5 59.5
23.5 9.5
23.5 22.5
23.5 35.5
23.5 49.5
23.5 50.5
23.5 59.5
24.5 9.5
24.5 21.5
24.5 34.5
24.5 50.5
24.5 58.5
25.5 8.5
25.5 20.5
25.5 28.5
25.5 33.5
25.5 50.5
25.5 57.5
25.5 58.5
26.5 8.5
26.5 15.5
26.5 19.5
26.5 27.5
26.5 32.5
26.5 41.5
26.5 44.5
26.5 50.5
26.5 57.5
27.5 8.5
27.5 14.5
27.5 18.5
27.5 27.5
27.5 32.5
27.5 40.5
27.5 51.5
27.5 56.5
27.5 66.5
28.5 7.5
28.5 14.5
28.5 26.5
28.5 31.5
28.5 39.5
28.5 40.5
28.5 45.5
28.5 51.5
28.5 56.5
28.5 65.5
29.5 7.5
29.5 13.5
29.5 25.5
29.5 30.5
29.5 39.5
29.5 45.5
29.5 55.5
29.5 64.5
30.5 13.5
30.5 24.5
30.5 25.5
30.5 38.5
30.5 46.5
30.5 63.5
31.5 12.5
31.5 24.5
31.5 37.5
31.5 46.5
31.5 62.5
32.5 11.5
32.5 23.5
32.5 36.5
32.5 37.5
32.5 47.5
32.5 61.5
33.5 11.5
33.5 36.5
33.5 47.5
33.5 60.5
34.5 10.5
34.5 23.5
34.5 35.5
34.5 48.5
34.5 59.5
35.5 12.5
35.5 23.5
35.5 34.5
35.5 48.5
35.5 58.5
36.5 12.5
36.5 24.5
36.5 35.5
36.5 59.5
37.5 12.5
37.5 24.5
37.5 36.5
37.5 48.5
37.5 60.5
38.5 13.5
38.5 25.5
38.5 37.5
38.5 60.5
38.5 61.5
39.5 13.5
39.5 19.5
39.5 25.5
39.5 30.5
39.5 38.5
39.5 49.5
39.5 61.5
39.5 62.5
40.5 6.5
40.5 14.5
40.5 26.5
40.5 31.5
40.5 39.5
40.5 43.5
40.5 50.5
40.5 62.5
41.5 14.5
41.5 20.5
41.5 26.5
41.5 31.5
41.5 32.5
41.5 40.5
41.5 50.5
41.5 54.5
41.5 63.5
42.5 7.5
42.5 14.5
42.5 20.5
42.5 32.5
42.5 41.5
42.5 44.5
42.5 51.5
42.5 55.5
42.5 64.5
43.5 8.5
43.5 15.5
43.5 20.5
43.5 27.5
43.5 33.5
43.5 42.5
43.5 45.5
43.5 51.5
43.5 56.5
43.5 64.5
43.5 65.5
44.5 8.5
44.5 15.5
44.5 21.5
44.5 33.5
44.5 34.5
44.5 46.5
44.5 52.5
44.5 57.5
44.5 65.5
45.5 9.5
45.5 15.5
45.5 21.5
45.5 28.5
45.5 34.5
45.5 57.5
45.5 58.5
45.5 66.5
46.5 9.5
46.5 16.5
46.5 21.5
46.5 34.5
46.5 35.5
46.5 47.5
46.5 58.5
47.5 10.5
47.5 16.5
47.5 22.5
47.5 35.5
47.5 48.5
47.5 59.5
48.5 11.5
48.5 22.5
48.5 36.5
48.5 60.5
49.5 11.5
49.5 22.5
49.5 37.5
49.5 47.5
49.5 60.5
49.5 61.5
50.5 12.5
50.5 23.5
50.5 36.5
50.5 47.5
51.5 23.5
51.5 35.5
51.5 46.5
51.5 59.5
52.5 11.5
52.5 22.5
52.5 35.5
52.5 46.5
52.5 58.5
53.5 10.5
53.5 23.5
53.5 34.5
53.5 58.5
54.5 10.5
54.5 24.5
54.5 33.5
54.5 34.5
54.5 40.5
54.5 45.5
54.5 51.5
54.5 57.5
55.5 9.5
55.5 25.5
55.5 33.5
55.5 40.5
55.5 45.5
55.5 57.5
56.5 8.5
56.5 9.5
56.5 26.5
56.5 32.5
56.5 39.5
56.5 44.5
56.5 50.5
56.5 56.5
56.5 65.5
57.5 8.5
57.5 17.5
57.5 18.5
57.5 27.5
57.5 32.5
57.5 39.5
57.5 44.5
57.5 50.5
57.5 56.5
57.5 64.5
58.5 7.5
58.5 8.5
58.5 16.5
58.5 19.5
58.5 28.5
58.5 31.5
58.5 38.5
58.5 49.5
58.5 55.5
58.5 63.5
58.5 64.5
58.5 68.5
59.5 7.5
59.5 15.5
59.5 20.5
59.5 30.5
59.5 38.5
59.5 43.5
59.5 49.5
59.5 54.5
59.5 63.5
60.5 6.5
60.5 14.5
60.5 21.5
60.5 22.5
60.5 37.5
60.5 49.5
60.5 54.5
60.5 62.5
61.5 13.5
61.5 14.5
61.5 22.5
61.5 23.5
61.5 37.5
61.5 48.5
61.5 61.5
62.5 13.5
62.5 23.5
62.5 48.5
62.5 60.5
62.5 61.5
63.5 12.5
63.5 24.5
63.5 36.5
63.5 60.5
64.5 11.5
64.5 25.5
64.5 47.5
64.5 59.5
