5.5 27.5
5.5 28.5
5.5 45.5
6.5 12.5
6.5 13.5
6.5 14.5
6.5 29.5
6.5 30.5
6.5 31.5
6.5 43.5
6.5 44.5
6.5 60.5
7.5 9.5
7.5 10.5
7.5 11.5
7.5 31.5
7.5 32.5
7.5 33.5
7.5 41.5
7.5 42.5
7.5 56.5
7.5 57.5
7.5 58.5
8.5 6.5
8.5 7.5
8.5 34.5
8.5 35.5
8.5 36.5
8.5 39.5
8.5 40.5
8.5 54.5
8.5 55.5
9.5 17.5
9.5 18.5
9.5 20.5
9.5 21.5
9.5 37.5
9.5 38.5
9.5 49.5
9.5 50.5
9.5 51.5
10.5 15.5
10.5 16.5
10.5 23.5
10.5 24.5
10.5 25.5
10.5 47.5
10.5 48.5
10.5 62.5
10.5 63.5
10.5 64.5
11.5 13.5
11.5 14.5
11.5 26.5
11.5 27.5
11.5 28.5
11.5 45.5
11.5 59.5
11.5 60.5
11.5 61.5
12.5 11.5
12.5 30.5
12.5 43.5
12.5 57.5
12.5 58.5
14.5 13.5
15.5 12.5
15.5 25.5
15.5 42.5
15.5 43.5
16.5 11.5
16.5 27.5
16.5 28.5
16.5 29.5
16.5 44.5
16.5 58.5
16.5 59.5
17.5 9.5
17.5 10.5
17.5 30.5
17.5 31.5
17.5 32.5
17.5 45.5
17.5 46.5
17.5 56.5
17.5 57.5
18.5 8.5
18.5 9.5
18.5 34.5
18.5 35.5
18.5 37.5
18.5 47.5
18.5 48.5
18.5 54.5
18.5 55.5
19.5 7.5
19.5 21.5
19.5 22.5
19.5 38.5
19.5 49.5
19.5 52.5
19.5 53.5
19.5 66.5
20.5 6.5
20.5 18.5
20.5 19.5
20.5 23.5
20.5 24.5
20.5 40.5
20.5 51.5
20.5 63.5
20.5 64.5
21.5 5.5
21.5 15.5
21.5 16.5
21.5 17.5
21.5 25.5
21.5 26.5
21.5 42.5
21.5 61.5
21.5 62.5
22.5 13.5
22.5 14.5
22.5 15.5
22.5 27.5
22.5 28.5
22.5 43.5
22.5 44.5
22.5 59.5
22.5 60.5
23.5 11.5
23.5 12.5
23.5 13.5
23.5 30.5
23.5 45.5
23.5 57.5
24.5 9.5
24.5 10.5
26.5 27.5
26.5 28.5
26.5 44.5
26.5 45.5
26.5 56.5
26.5 57.5
27.5 29.5
27.5 30.5
27.5 31.5
27.5 41.5
27.5 42.5
27.5 43.5
27.5 59.5
27.5 60.5
28.5 11.5
28.5 12.5
28.5 13.5
28.5 32.5
28.5 33.5
28.5 38.5
28.5 39.5
28.5 40.5
28.5 62.5
28.5 63.5
29.5 7.5
29.5 8.5
29.5 9.5
29.5 34.5
29.5 35.5
29.5 37.5
29.5 65.5
30.5 5.5
30.5 49.5
30.5 51.5
30.5 52.5
31.5 19.5
31.5 20.5
31.5 21.5
31.5 22.5
31.5 24.5
31.5 25.5
31.5 47.5
31.5 48.5
31.5 54.5
31.5 55.5
31.5 56.5
32.5 15.5
32.5 16.5
32.5 17.5
32.5 18.5
32.5 26.5
32.5 27.5
32.5 28.5
32.5 45.5
32.5 46.5
32.5 57.5
32.5 58.5
32.5 59.5
33.5 11.5
33.5 12.5
33.5 13.5
33.5 29.5
33.5 30.5
33.5 31.5
33.5 44.5
34.5 42.5
36.5 10.5
37.5 12.5
37.5 13.5
37.5 28.5
37.5 29.5
37.5 30.5
37.5 43.5
37.5 44.5
37.5 57.5
37.5 58.5
37.5 59.5
37.5 60.5
38.5 15.5
38.5 16.5
38.5 17.5
38.5 32.5
38.5 33.5
38.5 34.5
38.5 35.5
38.5 40.5
38.5 41.5
38.5 61.5
38.5 62.5
38.5 63.5
38.5 64.5
38.5 65.5
39.5 19.5
39.5 37.5
39.5 38.5
40.5 6.5
40.5 7.5
40.5 8.5
40.5 22.5
40.5 23.5
40.5 50.5
40.5 51.5
40.5 52.5
40.5 53.5
41.5 9.5
41.5 10.5
41.5 11.5
41.5 26.5
41.5 27.5
41.5 28.5
41.5 45.5
41.5 46.5
41.5 47.5
41.5 55.5
41.5 56.5
42.5 12.5
42.5 13.5
42.5 41.5
42.5 42.5
42.5 57.5
42.5 58.5
45.5 26.5
45.5 27.5
45.5 42.5
45.5 59.5
46.5 10.5
46.5 11.5
46.5 28.5
46.5 29.5
46.5 30.5
46.5 43.5
46.5 44.5
46.5 58.5
47.5 12.5
47.5 13.5
47.5 14.5
47.5 31.5
47.5 32.5
47.5 45.5
47.5 46.5
47.5 56.5
48.5 14.5
48.5 15.5
48.5 16.5
48.5 33.5
48.5 34.5
48.5 37.5
48.5 47.5
48.5 48.5
48.5 54.5
48.5 55.5
49.5 17.5
49.5 18.5
49.5 21.5
49.5 22.5
49.5 35.5
49.5 36.5
49.5 38.5
49.5 39.5
49.5 49.5
49.5 53.5
49.5 66.5
50.5 5.5
50.5 6.5
50.5 20.5
50.5 23.5
50.5 24.5
50.5 40.5
50.5 51.5
50.5 63.5
50.5 64.5
51.5 7.5
51.5 8.5
51.5 25.5
51.5 26.5
51.5 27.5
51.5 41.5
51.5 42.5
51.5 60.5
51.5 61.5
51.5 62.5
52.5 10.5
52.5 11.5
52.5 27.5
52.5 28.5
52.5 29.5
52.5 43.5
52.5 58.5
52.5 59.5
53.5 12.5
53.5 13.5
53.5 30.5
53.5 45.5
53.5 56.5
53.5 57.5
54.5 15.5
55.5 41.5
56.5 15.5
56.5 26.5
56.5 43.5
57.5 12.5
57.5 13.5
57.5 27.5
57.5 28.5
57.5 44.5
57.5 45.5
57.5 59.5
57.5 60.5
58.5 9.5
58.5 10.5
58.5 11.5
58.5 29.5
58.5 30.5
58.5 46.5
58.5 56.5
58.5 57.5
58.5 58.5
59.5 7.5
59.5 8.5
59.5 30.5
59.5 31.5
59.5 32.5
59.5 48.5
59.5 53.5
59.5 54.5
59.5 55.5
60.5 5.5
60.5 19.5
60.5 20.5
60.5 22.5
60.5 32.5
60.5 33.5
60.5 36.5
60.5 37.5
60.5 49.5
60.5 50.5
60.5 51.5
60.5 66.5
61.5 16.5
61.5 17.5
61.5 18.5
61.5 23.5
61.5 38.5
61.5 39.5
61.5 40.5
61.5 63.5
61.5 64.5
62.5 14.5
62.5 15.5
62.5 24.5
62.5 25.5
62.5 40.5
62.5 41.5
62.5 42.5
62.5 61.5
62.5 62.5
63.5 12.5
63.5 13.5
63.5 26.5
63.5 42.5
63.5 43.5
63.5 44.5
63.5 58.5
63.5 59.5
64.5 27.5
64.5 56.5
64.5 57.5
