7.5 11.5
7.5 12.5
7.5 29.5
7.5 41.5
7.5 42.5
7.5 57.5
8.5 9.5
8.5 10.5
8.5 11.5
8.5 30.5
8.5 31.5
8.5 40.5
8.5 41.5
8.5 54.5
8.5 55.5
8.5 56.5
9.5 8.5
9.5 9.5
9.5 31.5
9.5 32.5
9.5 39.5
9.5 40.5
9.5 53.5
9.5 54.5
11.5 46.5
11.5 47.5
12.5 15.5
12.5 16.5
12.5 17.5
12.5 24.5
12.5 25.5
12.5 26.5
12.5 45.5
12.5 46.5
12.5 60.5
12.5 61.5
12.5 62.5
12.5 63.5
13.5 14.5
13.5 15.5
13.5 26.5
13.5 27.5
13.5 28.5
13.5 44.5
13.5 59.5
13.5 60.5
13.5 61.5
14.5 13.5
18.5 44.5
19.5 13.5
19.5 29.5
19.5 30.5
19.5 45.5
19.5 46.5
19.5 57.5
19.5 58.5
20.5 14.5
20.5 15.5
20.5 30.5
20.5 31.5
20.5 32.5
20.5 46.5
20.5 47.5
20.5 55.5
20.5 56.5
20.5 57.5
21.5 15.5
21.5 16.5
22.5 39.5
22.5 40.5
23.5 8.5
23.5 23.5
23.5 24.5
23.5 25.5
23.5 40.5
23.5 41.5
23.5 42.5
23.5 64.5
24.5 9.5
24.5 10.5
24.5 25.5
24.5 26.5
24.5 27.5
24.5 42.5
24.5 43.5
24.5 61.5
24.5 62.5
24.5 63.5
25.5 10.5
25.5 11.5
25.5 60.5
25.5 61.5
30.5 44.5
30.5 45.5
31.5 11.5
31.5 12.5
31.5 26.5
31.5 27.5
31.5 45.5
31.5 46.5
31.5 57.5
31.5 58.5
32.5 10.5
32.5 11.5
32.5 25.5
32.5 26.5
32.5 46.5
32.5 47.5
32.5 56.5
32.5 57.5
33.5 9.5
33.5 24.5
33.5 25.5
33.5 47.5
33.5 48.5
33.5 54.5
33.5 55.5
33.5 56.5
34.5 23.5
35.5 16.5
35.5 17.5
35.5 32.5
35.5 39.5
35.5 40.5
36.5 15.5
36.5 16.5
36.5 31.5
36.5 32.5
36.5 39.5
36.5 40.5
36.5 41.5
36.5 62.5
36.5 63.5
36.5 64.5
37.5 14.5
37.5 15.5
37.5 30.5
37.5 31.5
37.5 40.5
37.5 41.5
37.5 42.5
37.5 61.5
37.5 62.5
38.5 14.5
38.5 29.5
38.5 30.5
38.5 42.5
38.5 60.5
43.5 60.5
44.5 14.5
44.5 15.5
44.5 28.5
44.5 44.5
44.5 45.5
44.5 61.5
44.5 62.5
44.5 63.5
45.5 15.5
45.5 16.5
45.5 29.5
45.5 30.5
45.5 46.5
45.5 47.5
45.5 63.5
45.5 64.5
46.5 16.5
46.5 17.5
46.5 31.5
46.5 32.5
47.5 55.5
48.5 8.5
48.5 9.5
48.5 23.5
48.5 24.5
48.5 38.5
48.5 39.5
48.5 40.5
48.5 41.5
48.5 56.5
48.5 57.5
49.5 9.5
49.5 10.5
49.5 24.5
49.5 25.5
49.5 26.5
49.5 41.5
49.5 42.5
49.5 58.5
50.5 10.5
50.5 11.5
50.5 26.5
55.5 41.5
55.5 42.5
55.5 60.5
55.5 61.5
56.5 25.5
56.5 26.5
56.5 40.5
56.5 41.5
56.5 61.5
56.5 62.5
57.5 10.5
57.5 11.5
57.5 24.5
57.5 25.5
57.5 39.5
57.5 40.5
57.5 62.5
57.5 63.5
58.5 9.5
58.5 10.5
58.5 23.5
58.5 24.5
59.5 8.5
59.5 32.5
59.5 47.5
59.5 54.5
60.5 17.5
60.5 30.5
60.5 31.5
60.5 46.5
60.5 47.5
60.5 54.5
60.5 55.5
61.5 15.5
61.5 16.5
61.5 29.5
61.5 30.5
61.5 31.5
61.5 45.5
61.5 46.5
61.5 55.5
61.5 56.5
62.5 14.5
62.5 15.5
62.5 29.5
62.5 44.5
62.5 45.5
62.5 56.5
62.5 57.5
63.5 13.5
63.5 14.5
