4.5 40.5
4.5 51.5
5.5 11.5
5.5 20.5
5.5 41.5
5.5 52.5
5.5 62.5
6.5 18.5
6.5 19.5
6.5 30.5
6.5 41.5
6.5 42.5
6.5 53.5
6.5 60.5
6.5 61.5
7.5 8.5
7.5 12.5
7.5 17.5
7.5 18.5
7.5 30.5
7.5 42.5
7.5 47.5
7.5 54.5
7.5 58.5
7.5 59.5
8.5 8.5
8.5 13.5
8.5 16.5
8.5 17.5
8.5 29.5
8.5 43.5
8.5 48.5
8.5 55.5
8.5 57.5
8.5 66.5
9.5 9.5
9.5 25.5
9.5 28.5
9.5 44.5
9.5 48.5
9.5 49.5
9.5 65.5
10.5 9.5
10.5 23.5
10.5 24.5
10.5 27.5
10.5 37.5
10.5 38.5
10.5 49.5
10.5 50.5
10.5 64.5
11.5 9.5
11.5 21.5
11.5 22.5
11.5 33.5
11.5 38.5
11.5 39.5
11.5 50.5
11.5 51.5
11.5 63.5
12.5 10.5
12.5 20.5
12.5 21.5
12.5 32.5
12.5 39.5
12.5 40.5
12.5 51.5
12.5 62.5
13.5 10.5
13.5 19.5
13.5 31.5
13.5 61.5
14.5 10.5
15.5 51.5
15.5 61.5
16.5 11.5
16.5 20.5
16.5 31.5
16.5 41.5
16.5 50.5
16.5 61.5
17.5 11.5
17.5 21.5
17.5 22.5
17.5 42.5
17.5 43.5
17.5 48.5
17.5 49.5
17.5 60.5
18.5 12.5
18.5 23.5
18.5 32.5
18.5 44.5
18.5 47.5
18.5 55.5
18.5 60.5
19.5 12.5
19.5 17.5
19.5 24.5
19.5 26.5
19.5 32.5
19.5 54.5
19.5 60.5
20.5 7.5
20.5 13.5
20.5 18.5
20.5 27.5
20.5 33.5
20.5 36.5
20.5 37.5
20.5 54.5
20.5 59.5
20.5 65.5
21.5 8.5
21.5 18.5
21.5 28.5
21.5 33.5
21.5 37.5
21.5 38.5
21.5 39.5
21.5 40.5
21.5 53.5
21.5 59.5
21.5 64.5
22.5 9.5
22.5 19.5
22.5 29.5
22.5 40.5
22.5 41.5
22.5 42.5
22.5 52.5
22.5 53.5
22.5 63.5
23.5 10.5
23.5 29.5
23.5 52.5
23.5 62.5
24.5 20.5
24.5 30.5
25.5 51.5
26.5 20.5
26.5 29.5
26.5 52.5
26.5 62.5
27.5 21.5
27.5 28.5
27.5 29.5
27.5 39.5
27.5 40.5
27.5 41.5
27.5 53.5
28.5 11.5
28.5 21.5
28.5 28.5
28.5 41.5
28.5 42.5
28.5 43.5
28.5 44.5
28.5 48.5
28.5 54.5
28.5 63.5
29.5 12.5
29.5 22.5
29.5 27.5
29.5 49.5
29.5 55.5
29.5 57.5
29.5 64.5
30.5 7.5
30.5 13.5
30.5 16.5
30.5 22.5
30.5 27.5
30.5 49.5
30.5 56.5
30.5 58.5
30.5 64.5
31.5 8.5
31.5 13.5
31.5 17.5
31.5 26.5
31.5 32.5
31.5 36.5
31.5 37.5
31.5 50.5
31.5 59.5
31.5 65.5
32.5 9.5
32.5 14.5
32.5 18.5
32.5 31.5
32.5 39.5
32.5 50.5
32.5 60.5
32.5 65.5
33.5 18.5
33.5 19.5
33.5 30.5
33.5 41.5
33.5 51.5
33.5 61.5
34.5 19.5
34.5 62.5
35.5 20.5
35.5 41.5
35.5 51.5
35.5 63.5
36.5 10.5
36.5 30.5
36.5 40.5
36.5 50.5
37.5 9.5
37.5 20.5
37.5 29.5
37.5 39.5
37.5 40.5
37.5 49.5
37.5 62.5
37.5 63.5
38.5 8.5
38.5 19.5
38.5 28.5
38.5 39.5
38.5 48.5
38.5 59.5
38.5 60.5
38.5 61.5
39.5 7.5
39.5 18.5
39.5 27.5
39.5 33.5
39.5 38.5
39.5 45.5
39.5 54.5
39.5 57.5
39.5 58.5
40.5 6.5
40.5 17.5
40.5 24.5
40.5 26.5
40.5 33.5
40.5 37.5
40.5 44.5
40.5 53.5
40.5 66.5
41.5 5.5
41.5 12.5
41.5 22.5
41.5 25.5
41.5 32.5
41.5 37.5
41.5 43.5
41.5 52.5
41.5 64.5
42.5 11.5
42.5 21.5
42.5 31.5
42.5 32.5
42.5 42.5
42.5 51.5
42.5 62.5
43.5 9.5
43.5 10.5
43.5 20.5
43.5 31.5
43.5 41.5
43.5 60.5
44.5 8.5
44.5 30.5
45.5 51.5
45.5 61.5
46.5 11.5
46.5 42.5
46.5 52.5
46.5 60.5
47.5 9.5
47.5 10.5
47.5 20.5
47.5 21.5
47.5 30.5
47.5 31.5
47.5 42.5
47.5 53.5
47.5 59.5
48.5 7.5
48.5 8.5
48.5 21.5
48.5 29.5
48.5 43.5
48.5 48.5
48.5 54.5
48.5 58.5
49.5 6.5
49.5 22.5
49.5 27.5
49.5 28.5
49.5 43.5
49.5 49.5
49.5 55.5
49.5 64.5
50.5 13.5
50.5 16.5
50.5 23.5
50.5 26.5
50.5 36.5
50.5 37.5
50.5 44.5
50.5 49.5
50.5 63.5
51.5 12.5
51.5 17.5
51.5 34.5
51.5 38.5
51.5 44.5
51.5 49.5
51.5 62.5
52.5 11.5
52.5 18.5
52.5 32.5
52.5 33.5
52.5 39.5
52.5 50.5
52.5 61.5
53.5 10.5
53.5 18.5
53.5 30.5
53.5 31.5
53.5 40.5
53.5 50.5
53.5 60.5
54.5 9.5
54.5 19.5
54.5 41.5
55.5 61.5
56.5 20.5
56.5 51.5
56.5 60.5
57.5 9.5
57.5 19.5
57.5 31.5
57.5 32.5
57.5 51.5
57.5 52.5
57.5 59.5
58.5 8.5
58.5 18.5
58.5 29.5
58.5 30.5
58.5 42.5
58.5 52.5
58.5 53.5
58.5 58.5
58.5 59.5
59.5 7.5
59.5 17.5
59.5 27.5
59.5 28.5
59.5 35.5
59.5 43.5
59.5 54.5
59.5 58.5
59.5 65.5
60.5 6.5
60.5 14.5
60.5 16.5
60.5 23.5
60.5 24.5
60.5 34.5
60.5 37.5
60.5 44.5
60.5 47.5
60.5 55.5
60.5 57.5
60.5 64.5
61.5 12.5
61.5 22.5
61.5 23.5
61.5 33.5
61.5 38.5
61.5 45.5
61.5 48.5
61.5 63.5
62.5 11.5
62.5 20.5
62.5 21.5
62.5 32.5
62.5 39.5
62.5 40.5
62.5 50.5
62.5 62.5
63.5 9.5
63.5 41.5
63.5 51.5
63.5 61.5
64.5 60.5
