4.5 21.5
4.5 22.5
4.5 30.5
4.5 31.5
4.5 51.5
4.5 52.5
5.5 18.5
5.5 19.5
5.5 20.5
5.5 32.5
5.5 33.5
5.5 34.5
5.5 53.5
5.5 54.5
5.5 55.5
6.5 16.5
6.5 17.5
6.5 18.5
6.5 19.5
6.5 33.5
6.5 34.5
6.5 35.5
6.5 36.5
6.5 55.5
6.5 56.5
6.5 57.5
7.5 13.5
7.5 14.5
7.5 15.5
7.5 16.5
7.5 17.5
7.5 35.5
7.5 36.5
7.5 37.5
7.5 38.5
7.5 39.5
7.5 57.5
7.5 58.5
7.5 59.5
7.5 60.5
8.5 11.5
8.5 12.5
8.5 13.5
8.5 14.5
8.5 24.5
8.5 25.5
8.5 29.5
8.5 38.5
8.5 39.5
8.5 40.5
8.5 41.5
8.5 59.5
8.5 60.5
8.5 61.5
8.5 62.5
9.5 9.5
9.5 10.5
9.5 11.5
9.5 12.5
9.5 26.5
9.5 27.5
9.5 28.5
9.5 40.5
9.5 41.5
9.5 42.5
9.5 43.5
9.5 44.5
9.5 45.5
9.5 46.5
9.5 61.5
9.5 62.5
9.5 63.5
9.5 64.5
10.5 7.5
10.5 8.5
10.5 9.5
10.5 10.5
10.5 24.5
10.5 25.5
10.5 26.5
10.5 27.5
10.5 28.5
10.5 29.5
10.5 42.5
10.5 43.5
10.5 44.5
10.5 45.5
10.5 46.5
10.5 47.5
10.5 48.5
10.5 49.5
10.5 64.5
10.5 65.5
10.5 66.5
11.5 5.5
11.5 6.5
11.5 7.5
11.5 21.5
11.5 22.5
11.5 23.5
11.5 24.5
11.5 29.5
11.5 30.5
11.5 31.5
11.5 45.5
11.5 46.5
11.5 47.5
11.5 48.5
11.5 49.5
11.5 50.5
11.5 51.5
11.5 52.5
12.5 5.5
12.5 19.5
12.5 20.5
12.5 21.5
12.5 22.5
12.5 31.5
12.5 32.5
12.5 33.5
12.5 48.5
12.5 51.5
12.5 52.5
12.5 53.5
12.5 54.5
13.5 17.5
13.5 18.5
13.5 19.5
13.5 20.5
13.5 33.5
13.5 34.5
13.5 35.5
13.5 53.5
13.5 54.5
13.5 55.5
13.5 56.5
13.5 57.5
14.5 15.5
14.5 16.5
14.5 17.5
14.5 18.5
14.5 35.5
14.5 36.5
14.5 37.5
14.5 56.5
14.5 57.5
14.5 58.5
14.5 59.5
15.5 13.5
15.5 14.5
15.5 15.5
15.5 37.5
15.5 38.5
15.5 39.5
15.5 59.5
15.5 60.5
15.5 61.5
16.5 11.5
16.5 12.5
16.5 13.5
16.5 39.5
16.5 40.5
16.5 61.5
17.5 10.5
17.5 31.5
17.5 32.5
17.5 58.5
17.5 59.5
17.5 60.5
18.5 10.5
18.5 11.5
18.5 33.5
18.5 34.5
18.5 35.5
18.5 56.5
18.5 57.5
18.5 58.5
19.5 12.5
19.5 13.5
19.5 14.5
19.5 15.5
19.5 35.5
19.5 36.5
19.5 37.5
19.5 54.5
19.5 55.5
19.5 56.5
20.5 14.5
20.5 15.5
20.5 16.5
20.5 17.5
20.5 18.5
20.5 36.5
20.5 37.5
20.5 38.5
20.5 39.5
20.5 52.5
20.5 53.5
20.5 54.5
20.5 55.5
21.5 16.5
21.5 17.5
21.5 18.5
21.5 19.5
21.5 20.5
21.5 38.5
21.5 39.5
21.5 40.5
21.5 50.5
21.5 51.5
21.5 52.5
21.5 53.5
22.5 19.5
22.5 20.5
22.5 21.5
22.5 22.5
22.5 23.5
22.5 25.5
22.5 26.5
22.5 40.5
22.5 41.5
22.5 42.5
22.5 48.5
22.5 49.5
22.5 50.5
22.5 51.5
22.5 64.5
22.5 65.5
22.5 66.5
23.5 5.5
23.5 6.5
23.5 7.5
23.5 22.5
23.5 23.5
23.5 24.5
23.5 25.5
23.5 26.5
23.5 27.5
23.5 28.5
23.5 29.5
23.5 42.5
23.5 43.5
23.5 44.5
23.5 46.5
23.5 47.5
23.5 48.5
23.5 62.5
23.5 63.5
23.5 64.5
23.5 65.5
24.5 7.5
24.5 8.5
24.5 9.5
24.5 25.5
24.5 26.5
24.5 27.5
24.5 28.5
24.5 29.5
24.5 30.5
24.5 31.5
24.5 44.5
24.5 45.5
24.5 46.5
24.5 59.5
24.5 60.5
24.5 61.5
24.5 62.5
25.5 9.5
25.5 10.5
25.5 11.5
25.5 12.5
25.5 28.5
25.5 29.5
25.5 30.5
25.5 31.5
25.5 32.5
25.5 33.5
25.5 43.5
25.5 44.5
25.5 46.5
25.5 47.5
25.5 57.5
25.5 58.5
25.5 59.5
25.5 60.5
26.5 11.5
26.5 12.5
26.5 13.5
26.5 14.5
26.5 32.5
26.5 33.5
26.5 34.5
26.5 35.5
26.5 55.5
26.5 56.5
26.5 57.5
26.5 58.5
27.5 13.5
27.5 14.5
27.5 15.5
27.5 16.5
27.5 34.5
27.5 35.5
27.5 36.5
27.5 37.5
27.5 53.5
27.5 54.5
27.5 55.5
27.5 56.5
28.5 16.5
28.5 17.5
28.5 18.5
28.5 37.5
28.5 38.5
28.5 39.5
28.5 51.5
28.5 52.5
28.5 53.5
29.5 19.5
29.5 20.5
29.5 39.5
29.5 40.5
29.5 41.5
29.5 50.5
31.5 18.5
31.5 19.5
31.5 20.5
31.5 30.5
31.5 31.5
31.5 32.5
31.5 50.5
31.5 51.5
31.5 52.5
31.5 53.5
32.5 15.5
32.5 16.5
32.5 17.5
32.5 18.5
32.5 33.5
32.5 34.5
32.5 35.5
32.5 36.5
32.5 53.5
32.5 54.5
32.5 55.5
32.5 56.5
32.5 57.5
32.5 58.5
33.5 11.5
33.5 12.5
33.5 13.5
33.5 14.5
33.5 15.5
33.5 36.5
33.5 37.5
33.5 38.5
33.5 39.5
33.5 56.5
33.5 57.5
33.5 58.5
33.5 59.5
33.5 60.5
33.5 61.5
34.5 8.5
34.5 9.5
34.5 10.5
34.5 11.5
34.5 12.5
34.5 38.5
34.5 39.5
34.5 40.5
34.5 41.5
34.5 42.5
34.5 44.5
34.5 45.5
34.5 60.5
34.5 61.5
34.5 62.5
34.5 63.5
34.5 64.5
34.5 65.5
35.5 5.5
35.5 6.5
35.5 7.5
35.5 8.5
35.5 9.5
35.5 22.5
35.5 23.5
35.5 25.5
35.5 26.5
35.5 27.5
35.5 42.5
35.5 43.5
35.5 44.5
35.5 45.5
35.5 46.5
35.5 47.5
35.5 48.5
35.5 64.5
35.5 65.5
35.5 66.5
36.5 5.5
36.5 22.5
36.5 23.5
36.5 24.5
36.5 25.5
36.5 26.5
36.5 27.5
36.5 28.5
36.5 45.5
36.5 46.5
36.5 47.5
36.5 48.5
36.5 49.5
36.5 50.5
36.5 51.5
37.5 19.5
37.5 20.5
37.5 21.5
37.5 22.5
37.5 27.5
37.5 28.5
37.5 29.5
37.5 30.5
37.5 31.5
37.5 32.5
37.5 50.5
37.5 51.5
37.5 52.5
37.5 53.5
38.5 16.5
38.5 17.5
38.5 18.5
38.5 19.5
38.5 31.5
38.5 32.5
38.5 33.5
38.5 34.5
38.5 35.5
38.5 36.5
38.5 53.5
38.5 54.5
38.5 55.5
38.5 56.5
39.5 13.5
39.5 14.5
39.5 15.5
39.5 16.5
39.5 34.5
39.5 35.5
39.5 36.5
39.5 37.5
39.5 38.5
39.5 39.5
39.5 56.5
39.5 57.5
39.5 58.5
40.5 10.5
40.5 11.5
40.5 12.5
40.5 13.5
40.5 39.5
40.5 40.5
40.5 41.5
40.5 59.5
40.5 60.5
41.5 60.5
41.5 61.5
42.5 40.5
42.5 41.5
42.5 57.5
42.5 58.5
42.5 59.5
43.5 16.5
43.5 17.5
43.5 18.5
43.5 19.5
43.5 36.5
43.5 37.5
43.5 38.5
43.5 54.5
43.5 55.5
43.5 56.5
44.5 12.5
44.5 13.5
44.5 14.5
44.5 15.5
44.5 16.5
44.5 33.5
44.5 34.5
44.5 35.5
44.5 36.5
44.5 51.5
44.5 52.5
44.5 53.5
44.5 54.5
45.5 8.5
45.5 9.5
45.5 10.5
45.5 11.5
45.5 12.5
45.5 30.5
45.5 31.5
45.5 32.5
45.5 33.5
45.5 46.5
45.5 47.5
45.5 48.5
45.5 49.5
45.5 50.5
45.5 51.5
46.5 5.5
46.5 6.5
46.5 7.5
46.5 28.5
46.5 29.5
46.5 30.5
46.5 43.5
46.5 44.5
46.5 45.5
46.5 46.5
46.5 47.5
46.5 48.5
46.5 63.5
46.5 64.5
46.5 65.5
46.5 66.5
47.5 22.5
47.5 23.5
47.5 24.5
47.5 25.5
47.5 26.5
47.5 27.5
47.5 40.5
47.5 41.5
47.5 42.5
47.5 43.5
47.5 44.5
47.5 45.5
47.5 60.5
47.5 61.5
47.5 62.5
47.5 63.5
48.5 17.5
48.5 18.5
48.5 19.5
48.5 20.5
48.5 21.5
48.5 22.5
48.5 23.5
48.5 24.5
48.5 38.5
48.5 39.5
48.5 40.5
48.5 57.5
48.5 58.5
48.5 59.5
48.5 60.5
48.5 61.5
48.5 68.5
49.5 13.5
49.5 14.5
49.5 15.5
49.5 16.5
49.5 17.5
49.5 18.5
49.5 35.5
49.5 36.5
49.5 37.5
49.5 38.5
49.5 54.5
49.5 55.5
49.5 56.5
49.5 57.5
49.5 58.5
49.5 68.5
50.5 10.5
50.5 11.5
50.5 12.5
50.5 33.5
50.5 34.5
50.5 35.5
50.5 51.5
50.5 52.5
50.5 53.5
50.5 54.5
51.5 31.5
51.5 32.5
51.5 50.5
52.5 10.5
52.5 11.5
52.5 30.5
52.5 31.5
53.5 12.5
53.5 13.5
53.5 14.5
53.5 32.5
53.5 33.5
53.5 34.5
53.5 59.5
53.5 60.5
54.5 13.5
54.5 14.5
54.5 15.5
54.5 16.5
54.5 34.5
54.5 35.5
54.5 36.5
54.5 56.5
54.5 57.5
54.5 58.5
54.5 59.5
55.5 15.5
55.5 16.5
55.5 17.5
55.5 18.5
55.5 36.5
55.5 37.5
55.5 38.5
55.5 54.5
55.5 55.5
55.5 56.5
55.5 57.5
56.5 17.5
56.5 18.5
56.5 19.5
56.5 20.5
56.5 38.5
56.5 39.5
56.5 40.5
56.5 41.5
56.5 51.5
56.5 52.5
56.5 53.5
56.5 54.5
56.5 55.5
57.5 5.5
57.5 6.5
57.5 19.5
57.5 20.5
57.5 21.5
57.5 22.5
57.5 23.5
57.5 24.5
57.5 40.5
57.5 41.5
57.5 42.5
57.5 43.5
57.5 49.5
57.5 50.5
57.5 51.5
57.5 52.5
58.5 6.5
58.5 7.5
58.5 8.5
58.5 21.5
58.5 22.5
58.5 23.5
58.5 24.5
58.5 25.5
58.5 26.5
58.5 27.5
58.5 42.5
58.5 43.5
58.5 44.5
58.5 45.5
58.5 47.5
58.5 48.5
58.5 49.5
58.5 50.5
58.5 64.5
58.5 65.5
58.5 66.5
59.5 8.5
59.5 9.5
59.5 10.5
59.5 23.5
59.5 24.5
59.5 25.5
59.5 26.5
59.5 27.5
59.5 28.5
59.5 29.5
59.5 30.5
59.5 44.5
59.5 45.5
59.5 46.5
59.5 47.5
59.5 48.5
59.5 62.5
59.5 63.5
59.5 64.5
60.5 10.5
60.5 11.5
60.5 12.5
60.5 26.5
60.5 27.5
60.5 29.5
60.5 30.5
60.5 31.5
60.5 32.5
60.5 44.5
60.5 45.5
60.5 47.5
60.5 48.5
60.5 59.5
60.5 60.5
60.5 61.5
60.5 62.5
61.5 11.5
61.5 12.5
61.5 13.5
61.5 14.5
61.5 31.5
61.5 32.5
61.5 33.5
61.5 34.5
61.5 35.5
61.5 57.5
61.5 58.5
61.5 59.5
61.5 60.5
62.5 13.5
62.5 14.5
62.5 15.5
62.5 16.5
62.5 34.5
62.5 35.5
62.5 36.5
62.5 37.5
62.5 55.5
62.5 56.5
62.5 57.5
63.5 15.5
63.5 16.5
63.5 17.5
63.5 37.5
63.5 38.5
63.5 39.5
63.5 53.5
63.5 54.5
63.5 55.5
64.5 17.5
64.5 18.5
64.5 19.5
64.5 40.5
64.5 41.5
64.5 51.5
64.5 52.5
