5.5 10.5
6.5 9.5
6.5 10.5
6.5 20.5
6.5 29.5
6.5 39.5
6.5 40.5
6.5 51.5
7.5 9.5
7.5 10.5
7.5 19.5
7.5 29.5
7.5 38.5
7.5 39.5
7.5 51.5
7.5 52.5
7.5 61.5
8.5 8.5
8.5 9.5
8.5 18.5
8.5 19.5
8.5 28.5
8.5 29.5
8.5 38.5
8.5 39.5
8.5 51.5
8.5 52.5
8.5 62.5
9.5 8.5
9.5 9.5
9.5 18.5
9.5 28.5
9.5 37.5
9.5 38.5
9.5 52.5
9.5 62.5
9.5 63.5
10.5 8.5
10.5 18.5
10.5 28.5
10.5 36.5
10.5 37.5
10.5 38.5
10.5 52.5
10.5 53.5
10.5 62.5
10.5 63.5
11.5 8.5
11.5 13.5
11.5 17.5
11.5 23.5
11.5 28.5
11.5 32.5
11.5 36.5
11.5 37.5
11.5 43.5
11.5 48.5
11.5 53.5
11.5 63.5
12.5 13.5
12.5 17.5
12.5 22.5
12.5 23.5
12.5 32.5
12.5 42.5
12.5 43.5
12.5 48.5
12.5 53.5
12.5 58.5
12.5 64.5
13.5 12.5
13.5 13.5
13.5 22.5
13.5 23.5
13.5 31.5
13.5 32.5
13.5 42.5
13.5 43.5
13.5 48.5
13.5 49.5
13.5 58.5
13.5 59.5
14.5 12.5
14.5 21.5
14.5 22.5
14.5 31.5
14.5 41.5
14.5 42.5
14.5 48.5
14.5 49.5
14.5 58.5
14.5 59.5
15.5 11.5
15.5 12.5
15.5 21.5
15.5 22.5
15.5 31.5
15.5 41.5
15.5 42.5
15.5 49.5
15.5 59.5
15.5 60.5
16.5 11.5
16.5 21.5
16.5 31.5
16.5 40.5
16.5 41.5
16.5 49.5
16.5 59.5
16.5 60.5
17.5 20.5
17.5 40.5
17.5 50.5
17.5 60.5
21.5 10.5
21.5 21.5
21.5 31.5
21.5 39.5
21.5 40.5
21.5 60.5
22.5 9.5
22.5 21.5
22.5 31.5
22.5 39.5
22.5 51.5
22.5 59.5
22.5 60.5
23.5 9.5
23.5 21.5
23.5 22.5
23.5 32.5
23.5 38.5
23.5 39.5
23.5 51.5
23.5 52.5
23.5 59.5
23.5 60.5
24.5 8.5
24.5 9.5
24.5 21.5
24.5 22.5
24.5 23.5
24.5 32.5
24.5 38.5
24.5 39.5
24.5 52.5
24.5 58.5
24.5 59.5
25.5 8.5
25.5 9.5
25.5 22.5
25.5 23.5
25.5 32.5
25.5 33.5
25.5 37.5
25.5 38.5
25.5 52.5
25.5 53.5
25.5 58.5
25.5 59.5
26.5 8.5
26.5 16.5
26.5 23.5
26.5 28.5
26.5 33.5
26.5 37.5
26.5 38.5
26.5 43.5
26.5 47.5
26.5 53.5
26.5 58.5
26.5 64.5
27.5 8.5
27.5 12.5
27.5 17.5
27.5 23.5
27.5 28.5
27.5 29.5
27.5 37.5
27.5 43.5
27.5 47.5
27.5 48.5
27.5 63.5
28.5 12.5
28.5 17.5
28.5 18.5
28.5 28.5
28.5 29.5
28.5 42.5
28.5 47.5
28.5 48.5
28.5 49.5
28.5 62.5
28.5 63.5
29.5 11.5
29.5 12.5
29.5 17.5
29.5 18.5
29.5 29.5
29.5 30.5
29.5 42.5
29.5 48.5
29.5 49.5
29.5 62.5
29.5 63.5
30.5 11.5
30.5 18.5
30.5 19.5
30.5 29.5
30.5 30.5
30.5 41.5
30.5 42.5
30.5 48.5
30.5 49.5
30.5 62.5
31.5 11.5
31.5 18.5
31.5 19.5
31.5 30.5
31.5 41.5
31.5 49.5
31.5 50.5
31.5 61.5
31.5 62.5
32.5 19.5
32.5 30.5
32.5 41.5
32.5 49.5
32.5 50.5
32.5 61.5
36.5 30.5
36.5 60.5
37.5 9.5
37.5 19.5
37.5 20.5
37.5 29.5
37.5 30.5
37.5 39.5
37.5 50.5
37.5 51.5
37.5 60.5
38.5 9.5
38.5 19.5
38.5 29.5
38.5 30.5
38.5 39.5
38.5 51.5
38.5 52.5
38.5 59.5
38.5 60.5
39.5 8.5
39.5 9.5
39.5 18.5
39.5 19.5
39.5 28.5
39.5 29.5
39.5 39.5
39.5 51.5
39.5 52.5
39.5 53.5
39.5 59.5
40.5 8.5
40.5 18.5
40.5 19.5
40.5 28.5
40.5 29.5
40.5 38.5
40.5 39.5
40.5 52.5
40.5 53.5
40.5 58.5
40.5 59.5
41.5 8.5
41.5 13.5
41.5 18.5
41.5 28.5
41.5 38.5
41.5 39.5
41.5 53.5
41.5 58.5
41.5 64.5
42.5 7.5
42.5 13.5
42.5 18.5
42.5 23.5
42.5 27.5
42.5 28.5
42.5 33.5
42.5 38.5
42.5 39.5
42.5 47.5
42.5 54.5
42.5 58.5
42.5 63.5
42.5 64.5
43.5 12.5
43.5 13.5
43.5 23.5
43.5 33.5
43.5 38.5
43.5 43.5
43.5 47.5
43.5 48.5
43.5 63.5
44.5 12.5
44.5 13.5
44.5 22.5
44.5 23.5
44.5 32.5
44.5 33.5
44.5 38.5
44.5 42.5
44.5 43.5
44.5 47.5
44.5 48.5
44.5 62.5
44.5 63.5
45.5 11.5
45.5 12.5
45.5 22.5
45.5 23.5
45.5 32.5
45.5 33.5
45.5 42.5
45.5 48.5
45.5 49.5
45.5 62.5
45.5 63.5
46.5 11.5
46.5 12.5
46.5 22.5
46.5 32.5
46.5 33.5
46.5 42.5
46.5 49.5
46.5 50.5
46.5 62.5
47.5 11.5
47.5 22.5
47.5 32.5
47.5 41.5
47.5 42.5
47.5 50.5
47.5 62.5
48.5 32.5
48.5 41.5
49.5 41.5
51.5 51.5
52.5 11.5
52.5 21.5
52.5 51.5
52.5 60.5
53.5 11.5
53.5 12.5
53.5 22.5
53.5 30.5
53.5 41.5
53.5 51.5
53.5 52.5
53.5 59.5
53.5 60.5
54.5 11.5
54.5 12.5
54.5 22.5
54.5 29.5
54.5 30.5
54.5 41.5
54.5 42.5
54.5 52.5
54.5 53.5
54.5 59.5
54.5 60.5
55.5 12.5
55.5 13.5
55.5 22.5
55.5 23.5
55.5 29.5
55.5 30.5
55.5 41.5
55.5 42.5
55.5 52.5
55.5 53.5
55.5 58.5
55.5 59.5
56.5 12.5
56.5 13.5
56.5 22.5
56.5 23.5
56.5 28.5
56.5 29.5
56.5 42.5
56.5 53.5
56.5 58.5
57.5 8.5
57.5 13.5
57.5 17.5
57.5 18.5
57.5 23.5
57.5 28.5
57.5 29.5
57.5 42.5
57.5 47.5
57.5 63.5
57.5 64.5
58.5 8.5
58.5 18.5
58.5 23.5
58.5 27.5
58.5 28.5
58.5 34.5
58.5 38.5
58.5 42.5
58.5 47.5
58.5 48.5
58.5 63.5
59.5 8.5
59.5 9.5
59.5 18.5
59.5 19.5
59.5 33.5
59.5 34.5
59.5 38.5
59.5 47.5
59.5 48.5
59.5 49.5
59.5 62.5
59.5 63.5
60.5 8.5
60.5 9.5
60.5 18.5
60.5 19.5
60.5 32.5
60.5 33.5
60.5 38.5
60.5 39.5
60.5 48.5
60.5 49.5
60.5 61.5
60.5 62.5
61.5 9.5
61.5 19.5
61.5 31.5
61.5 32.5
61.5 39.5
61.5 49.5
61.5 61.5
62.5 9.5
62.5 19.5
62.5 30.5
62.5 31.5
62.5 40.5
62.5 49.5
63.5 9.5
