5.5 11.5
5.5 21.5
6.5 11.5
6.5 12.5
6.5 19.5
6.5 20.5
6.5 21.5
6.5 31.5
6.5 40.5
6.5 41.5
6.5 42.5
6.5 49.5
7.5 12.5
7.5 13.5
7.5 18.5
7.5 19.5
7.5 20.5
7.5 32.5
7.5 41.5
7.5 42.5
7.5 43.5
7.5 48.5
7.5 59.5
7.5 60.5
8.5 13.5
8.5 18.5
8.5 33.5
8.5 47.5
8.5 59.5
8.5 60.5
9.5 7.5
9.5 8.5
9.5 37.5
9.5 58.5
9.5 59.5
10.5 8.5
10.5 9.5
10.5 23.5
10.5 24.5
10.5 29.5
10.5 37.5
10.5 38.5
10.5 51.5
10.5 52.5
10.5 53.5
10.5 54.5
10.5 58.5
11.5 9.5
11.5 22.5
11.5 23.5
11.5 29.5
11.5 30.5
11.5 38.5
11.5 39.5
11.5 50.5
11.5 51.5
11.5 52.5
11.5 53.5
11.5 63.5
12.5 10.5
12.5 21.5
12.5 22.5
12.5 30.5
12.5 62.5
13.5 61.5
15.5 39.5
16.5 11.5
16.5 20.5
16.5 21.5
16.5 31.5
16.5 32.5
16.5 38.5
16.5 39.5
16.5 50.5
17.5 12.5
17.5 18.5
17.5 19.5
17.5 20.5
17.5 32.5
17.5 38.5
17.5 51.5
17.5 52.5
17.5 62.5
18.5 13.5
18.5 17.5
18.5 18.5
18.5 32.5
18.5 33.5
18.5 37.5
18.5 38.5
18.5 51.5
18.5 52.5
18.5 53.5
18.5 62.5
18.5 63.5
19.5 33.5
19.5 42.5
19.5 46.5
19.5 52.5
19.5 53.5
19.5 63.5
20.5 7.5
20.5 8.5
20.5 23.5
20.5 24.5
20.5 29.5
20.5 41.5
20.5 42.5
20.5 46.5
20.5 47.5
21.5 8.5
21.5 9.5
21.5 21.5
21.5 22.5
21.5 23.5
21.5 29.5
21.5 30.5
21.5 41.5
21.5 47.5
21.5 48.5
21.5 58.5
21.5 59.5
22.5 9.5
22.5 30.5
22.5 31.5
22.5 41.5
22.5 48.5
22.5 49.5
22.5 59.5
22.5 60.5
23.5 49.5
23.5 60.5
26.5 9.5
26.5 10.5
26.5 19.5
26.5 20.5
26.5 32.5
27.5 8.5
27.5 9.5
27.5 18.5
27.5 19.5
27.5 32.5
27.5 33.5
27.5 39.5
27.5 60.5
28.5 7.5
28.5 8.5
28.5 18.5
28.5 33.5
28.5 34.5
28.5 39.5
28.5 49.5
28.5 50.5
28.5 59.5
28.5 60.5
29.5 13.5
29.5 34.5
29.5 38.5
29.5 39.5
29.5 48.5
29.5 49.5
29.5 58.5
29.5 59.5
30.5 12.5
30.5 13.5
30.5 22.5
30.5 23.5
30.5 28.5
30.5 29.5
30.5 54.5
30.5 64.5
31.5 11.5
31.5 12.5
31.5 22.5
31.5 23.5
31.5 28.5
31.5 29.5
31.5 30.5
31.5 43.5
31.5 44.5
31.5 53.5
31.5 54.5
31.5 63.5
31.5 64.5
32.5 21.5
32.5 22.5
32.5 29.5
32.5 30.5
32.5 42.5
32.5 43.5
32.5 52.5
32.5 53.5
32.5 62.5
32.5 63.5
33.5 30.5
33.5 31.5
33.5 42.5
33.5 52.5
36.5 11.5
36.5 12.5
37.5 11.5
37.5 12.5
37.5 18.5
37.5 19.5
37.5 42.5
37.5 43.5
37.5 51.5
37.5 62.5
37.5 63.5
38.5 12.5
38.5 13.5
38.5 18.5
38.5 19.5
38.5 31.5
38.5 32.5
38.5 43.5
38.5 44.5
38.5 50.5
38.5 63.5
38.5 64.5
39.5 13.5
39.5 17.5
39.5 18.5
39.5 31.5
39.5 32.5
39.5 33.5
39.5 44.5
39.5 45.5
39.5 49.5
39.5 64.5
40.5 7.5
40.5 8.5
40.5 32.5
40.5 33.5
40.5 54.5
40.5 59.5
41.5 8.5
41.5 9.5
41.5 22.5
41.5 23.5
41.5 27.5
41.5 38.5
41.5 39.5
41.5 40.5
41.5 53.5
41.5 54.5
41.5 59.5
41.5 60.5
42.5 8.5
42.5 9.5
42.5 21.5
42.5 22.5
42.5 23.5
42.5 28.5
42.5 39.5
42.5 40.5
42.5 41.5
42.5 52.5
42.5 53.5
42.5 60.5
43.5 9.5
43.5 20.5
43.5 21.5
43.5 28.5
43.5 29.5
43.5 40.5
43.5 41.5
43.5 52.5
44.5 29.5
47.5 8.5
47.5 9.5
47.5 20.5
47.5 51.5
47.5 62.5
48.5 7.5
48.5 8.5
48.5 21.5
48.5 22.5
48.5 31.5
48.5 41.5
48.5 42.5
48.5 43.5
48.5 50.5
48.5 62.5
48.5 63.5
49.5 7.5
49.5 22.5
49.5 23.5
49.5 31.5
49.5 32.5
49.5 42.5
49.5 43.5
49.5 44.5
49.5 49.5
49.5 50.5
49.5 63.5
49.5 64.5
50.5 12.5
50.5 13.5
50.5 17.5
50.5 32.5
50.5 33.5
51.5 11.5
51.5 12.5
51.5 17.5
51.5 18.5
51.5 28.5
51.5 37.5
51.5 38.5
51.5 53.5
51.5 54.5
51.5 58.5
51.5 59.5
52.5 11.5
52.5 12.5
52.5 18.5
52.5 19.5
52.5 29.5
52.5 38.5
52.5 39.5
52.5 40.5
52.5 52.5
52.5 53.5
52.5 59.5
52.5 60.5
53.5 19.5
53.5 52.5
53.5 60.5
57.5 9.5
57.5 10.5
57.5 20.5
57.5 29.5
57.5 40.5
57.5 51.5
57.5 61.5
57.5 62.5
58.5 8.5
58.5 9.5
58.5 19.5
58.5 28.5
58.5 29.5
58.5 38.5
58.5 39.5
58.5 40.5
58.5 52.5
58.5 62.5
58.5 63.5
59.5 18.5
59.5 28.5
59.5 38.5
59.5 39.5
59.5 52.5
59.5 63.5
59.5 64.5
60.5 18.5
60.5 23.5
60.5 27.5
60.5 28.5
60.5 37.5
60.5 53.5
61.5 12.5
61.5 13.5
61.5 22.5
61.5 23.5
61.5 32.5
61.5 33.5
61.5 43.5
61.5 44.5
61.5 49.5
61.5 57.5
61.5 58.5
62.5 11.5
62.5 12.5
62.5 13.5
62.5 22.5
62.5 32.5
62.5 42.5
62.5 43.5
62.5 44.5
62.5 49.5
62.5 58.5
62.5 59.5
62.5 60.5
63.5 21.5
63.5 22.5
63.5 31.5
63.5 32.5
63.5 42.5
63.5 43.5
63.5 49.5
63.5 50.5
63.5 60.5
64.5 21.5
64.5 31.5
64.5 41.5
64.5 50.5
