6.5 12.5
6.5 27.5
7.5 13.5
7.5 27.5
7.5 42.5
7.5 58.5
8.5 13.5
8.5 26.5
8.5 42.5
8.5 59.5
9.5 14.5
9.5 26.5
9.5 41.5
9.5 60.5
10.5 14.5
10.5 15.5
10.5 25.5
10.5 41.5
10.5 60.5
10.5 61.5
11.5 15.5
11.5 25.5
11.5 40.5
11.5 61.5
12.5 15.5
12.5 16.5
12.5 24.5
12.5 25.5
12.5 40.5
12.5 62.5
13.5 16.5
13.5 24.5
13.5 33.5
13.5 39.5
13.5 48.5
13.5 53.5
13.5 63.5
14.5 17.5
14.5 24.5
14.5 39.5
14.5 54.5
15.5 7.5
15.5 17.5
15.5 32.5
15.5 47.5
15.5 55.5
16.5 8.5
16.5 31.5
16.5 32.5
16.5 46.5
16.5 55.5
17.5 8.5
17.5 9.5
17.5 31.5
17.5 46.5
17.5 56.5
18.5 9.5
18.5 30.5
18.5 31.5
18.5 45.5
18.5 46.5
18.5 57.5
19.5 10.5
19.5 30.5
19.5 45.5
19.5 57.5
19.5 58.5
20.5 10.5
20.5 11.5
20.5 30.5
20.5 58.5
21.5 11.5
21.5 29.5
21.5 44.5
22.5 12.5
25.5 59.5
27.5 28.5
27.5 44.5
27.5 58.5
28.5 12.5
28.5 29.5
28.5 45.5
28.5 57.5
29.5 13.5
29.5 29.5
29.5 45.5
29.5 57.5
30.5 13.5
30.5 14.5
30.5 30.5
30.5 46.5
30.5 56.5
31.5 14.5
31.5 30.5
31.5 46.5
31.5 47.5
31.5 56.5
32.5 15.5
32.5 31.5
32.5 47.5
32.5 55.5
33.5 15.5
33.5 31.5
33.5 48.5
33.5 63.5
34.5 16.5
34.5 23.5
34.5 32.5
34.5 38.5
34.5 48.5
34.5 54.5
34.5 63.5
35.5 7.5
35.5 17.5
35.5 23.5
35.5 32.5
35.5 39.5
35.5 49.5
35.5 62.5
36.5 8.5
36.5 17.5
36.5 24.5
36.5 40.5
36.5 62.5
37.5 8.5
37.5 24.5
37.5 40.5
37.5 41.5
37.5 61.5
38.5 9.5
38.5 25.5
38.5 41.5
38.5 61.5
39.5 9.5
39.5 10.5
39.5 25.5
39.5 42.5
39.5 60.5
40.5 10.5
40.5 26.5
40.5 42.5
40.5 43.5
40.5 60.5
41.5 11.5
41.5 26.5
41.5 43.5
42.5 59.5
47.5 27.5
47.5 43.5
47.5 58.5
48.5 11.5
48.5 28.5
48.5 42.5
48.5 58.5
49.5 11.5
49.5 28.5
49.5 41.5
49.5 57.5
50.5 10.5
50.5 29.5
50.5 40.5
50.5 41.5
50.5 57.5
51.5 10.5
51.5 30.5
51.5 40.5
51.5 56.5
52.5 9.5
52.5 30.5
52.5 39.5
52.5 56.5
53.5 9.5
53.5 31.5
53.5 38.5
53.5 55.5
54.5 8.5
54.5 23.5
54.5 32.5
54.5 38.5
54.5 48.5
54.5 55.5
55.5 8.5
55.5 17.5
55.5 24.5
55.5 47.5
55.5 54.5
55.5 63.5
56.5 17.5
56.5 24.5
56.5 47.5
56.5 62.5
57.5 16.5
57.5 25.5
57.5 46.5
57.5 62.5
58.5 16.5
58.5 25.5
58.5 45.5
58.5 46.5
58.5 61.5
59.5 15.5
59.5 26.5
59.5 45.5
59.5 60.5
59.5 61.5
60.5 15.5
60.5 26.5
60.5 44.5
60.5 60.5
61.5 14.5
61.5 15.5
61.5 27.5
61.5 44.5
61.5 59.5
62.5 14.5
63.5 14.5
