4.5 51.5
5.5 10.5
5.5 20.5
5.5 40.5
5.5 41.5
5.5 51.5
5.5 52.5
5.5 61.5
5.5 62.5
6.5 10.5
6.5 11.5
6.5 19.5
6.5 20.5
6.5 30.5
6.5 40.5
6.5 41.5
6.5 52.5
6.5 53.5
6.5 61.5
6.5 62.5
7.5 10.5
7.5 11.5
7.5 12.5
7.5 19.5
7.5 20.5
7.5 30.5
7.5 31.5
7.5 39.5
7.5 40.5
7.5 52.5
7.5 53.5
7.5 60.5
7.5 61.5
8.5 11.5
8.5 12.5
8.5 19.5
8.5 20.5
8.5 31.5
8.5 32.5
8.5 39.5
8.5 40.5
8.5 53.5
8.5 54.5
8.5 59.5
8.5 60.5
8.5 61.5
9.5 11.5
9.5 12.5
9.5 13.5
9.5 18.5
9.5 19.5
9.5 31.5
9.5 32.5
9.5 33.5
9.5 38.5
9.5 39.5
9.5 40.5
9.5 44.5
9.5 47.5
9.5 48.5
9.5 53.5
9.5 54.5
9.5 55.5
9.5 59.5
9.5 60.5
9.5 65.5
10.5 12.5
10.5 13.5
10.5 18.5
10.5 19.5
10.5 32.5
10.5 33.5
10.5 38.5
10.5 39.5
10.5 44.5
10.5 47.5
10.5 48.5
10.5 49.5
10.5 54.5
10.5 55.5
10.5 59.5
10.5 60.5
10.5 65.5
11.5 6.5
11.5 7.5
11.5 12.5
11.5 13.5
11.5 18.5
11.5 19.5
11.5 23.5
11.5 27.5
11.5 33.5
11.5 34.5
11.5 38.5
11.5 39.5
11.5 43.5
11.5 44.5
11.5 48.5
11.5 49.5
11.5 55.5
11.5 56.5
11.5 59.5
11.5 64.5
11.5 65.5
12.5 6.5
12.5 7.5
12.5 13.5
12.5 14.5
12.5 17.5
12.5 18.5
12.5 23.5
12.5 27.5
12.5 28.5
12.5 34.5
12.5 38.5
12.5 43.5
12.5 48.5
12.5 49.5
12.5 50.5
12.5 63.5
12.5 64.5
13.5 7.5
13.5 8.5
13.5 14.5
13.5 17.5
13.5 18.5
13.5 22.5
13.5 23.5
13.5 27.5
13.5 28.5
13.5 29.5
13.5 42.5
13.5 43.5
13.5 49.5
13.5 50.5
13.5 51.5
13.5 63.5
13.5 64.5
14.5 7.5
14.5 8.5
14.5 9.5
14.5 22.5
14.5 23.5
14.5 28.5
14.5 29.5
14.5 30.5
14.5 42.5
14.5 43.5
14.5 49.5
14.5 50.5
14.5 51.5
14.5 62.5
14.5 63.5
15.5 8.5
15.5 9.5
15.5 21.5
15.5 22.5
15.5 28.5
15.5 29.5
15.5 30.5
15.5 42.5
15.5 50.5
15.5 51.5
15.5 52.5
15.5 62.5
15.5 63.5
16.5 8.5
16.5 9.5
16.5 10.5
16.5 21.5
16.5 22.5
16.5 29.5
16.5 30.5
16.5 31.5
16.5 41.5
16.5 42.5
16.5 51.5
16.5 52.5
16.5 62.5
17.5 9.5
17.5 10.5
17.5 20.5
17.5 21.5
17.5 30.5
17.5 31.5
17.5 41.5
17.5 68.5
18.5 10.5
18.5 20.5
18.5 21.5
18.5 31.5
19.5 51.5
19.5 52.5
19.5 61.5
20.5 31.5
20.5 41.5
20.5 51.5
20.5 52.5
20.5 61.5
21.5 10.5
21.5 20.5
21.5 31.5
21.5 32.5
21.5 41.5
21.5 42.5
21.5 51.5
21.5 52.5
21.5 53.5
21.5 60.5
21.5 61.5
22.5 10.5
22.5 11.5
22.5 19.5
22.5 20.5
22.5 31.5
22.5 32.5
22.5 42.5
22.5 52.5
22.5 53.5
22.5 60.5
22.5 61.5
23.5 11.5
23.5 12.5
23.5 19.5
23.5 20.5
23.5 31.5
23.5 32.5
23.5 33.5
23.5 42.5
23.5 43.5
23.5 52.5
23.5 53.5
23.5 54.5
23.5 60.5
23.5 61.5
24.5 11.5
24.5 12.5
24.5 13.5
24.5 19.5
24.5 20.5
24.5 31.5
24.5 32.5
24.5 33.5
24.5 42.5
24.5 43.5
24.5 52.5
24.5 53.5
24.5 54.5
24.5 60.5
25.5 12.5
25.5 13.5
25.5 18.5
25.5 19.5
25.5 32.5
25.5 33.5
25.5 34.5
25.5 38.5
25.5 43.5
25.5 47.5
25.5 53.5
25.5 54.5
25.5 55.5
25.5 59.5
25.5 60.5
25.5 65.5
26.5 6.5
26.5 7.5
26.5 13.5
26.5 14.5
26.5 18.5
26.5 19.5
26.5 23.5
26.5 24.5
26.5 27.5
26.5 32.5
26.5 33.5
26.5 34.5
26.5 38.5
26.5 39.5
26.5 43.5
26.5 44.5
26.5 47.5
26.5 48.5
26.5 53.5
26.5 54.5
26.5 55.5
26.5 59.5
26.5 60.5
26.5 64.5
26.5 65.5
27.5 6.5
27.5 7.5
27.5 8.5
27.5 13.5
27.5 14.5
27.5 18.5
27.5 23.5
27.5 27.5
27.5 28.5
27.5 33.5
27.5 34.5
27.5 38.5
27.5 39.5
27.5 43.5
27.5 44.5
27.5 47.5
27.5 48.5
27.5 54.5
27.5 55.5
27.5 59.5
27.5 64.5
27.5 65.5
27.5 68.5
28.5 6.5
28.5 7.5
28.5 8.5
28.5 14.5
28.5 15.5
28.5 18.5
28.5 22.5
28.5 23.5
28.5 27.5
28.5 28.5
28.5 33.5
28.5 34.5
28.5 38.5
28.5 39.5
28.5 40.5
28.5 44.5
28.5 48.5
28.5 49.5
28.5 55.5
28.5 59.5
28.5 63.5
28.5 64.5
28.5 65.5
28.5 68.5
29.5 7.5
29.5 8.5
29.5 9.5
29.5 22.5
29.5 23.5
29.5 28.5
29.5 29.5
29.5 34.5
29.5 39.5
29.5 40.5
29.5 48.5
29.5 49.5
29.5 50.5
29.5 63.5
29.5 64.5
30.5 7.5
30.5 8.5
30.5 9.5
30.5 22.5
30.5 23.5
30.5 28.5
30.5 29.5
30.5 39.5
30.5 40.5
30.5 49.5
30.5 50.5
30.5 63.5
30.5 64.5
31.5 8.5
31.5 9.5
31.5 10.5
31.5 21.5
31.5 22.5
31.5 29.5
31.5 30.5
31.5 39.5
31.5 40.5
31.5 49.5
31.5 50.5
31.5 51.5
31.5 62.5
31.5 63.5
31.5 64.5
32.5 8.5
32.5 9.5
32.5 10.5
32.5 21.5
32.5 22.5
32.5 29.5
32.5 30.5
32.5 40.5
32.5 41.5
32.5 50.5
32.5 51.5
32.5 62.5
32.5 63.5
33.5 9.5
33.5 10.5
33.5 21.5
33.5 30.5
33.5 31.5
33.5 40.5
33.5 41.5
33.5 51.5
33.5 62.5
33.5 63.5
34.5 10.5
34.5 31.5
34.5 52.5
34.5 62.5
36.5 10.5
36.5 21.5
36.5 31.5
36.5 41.5
36.5 51.5
36.5 63.5
36.5 68.5
37.5 10.5
37.5 11.5
37.5 21.5
37.5 22.5
37.5 30.5
37.5 31.5
37.5 41.5
37.5 50.5
37.5 51.5
37.5 62.5
37.5 63.5
37.5 68.5
38.5 10.5
38.5 11.5
38.5 12.5
38.5 22.5
38.5 23.5
38.5 29.5
38.5 30.5
38.5 41.5
38.5 42.5
38.5 50.5
38.5 51.5
38.5 62.5
38.5 63.5
39.5 10.5
39.5 11.5
39.5 12.5
39.5 22.5
39.5 23.5
39.5 29.5
39.5 30.5
39.5 41.5
39.5 42.5
39.5 43.5
39.5 49.5
39.5 50.5
39.5 51.5
39.5 62.5
39.5 63.5
40.5 11.5
40.5 12.5
40.5 13.5
40.5 22.5
40.5 23.5
40.5 28.5
40.5 29.5
40.5 30.5
40.5 42.5
40.5 43.5
40.5 48.5
40.5 49.5
40.5 50.5
40.5 62.5
40.5 63.5
41.5 11.5
41.5 12.5
41.5 13.5
41.5 18.5
41.5 23.5
41.5 24.5
41.5 28.5
41.5 29.5
41.5 34.5
41.5 42.5
41.5 43.5
41.5 48.5
41.5 49.5
41.5 55.5
41.5 62.5
41.5 63.5
42.5 5.5
42.5 12.5
42.5 13.5
42.5 18.5
42.5 19.5
42.5 24.5
42.5 28.5
42.5 29.5
42.5 34.5
42.5 38.5
42.5 43.5
42.5 44.5
42.5 47.5
42.5 48.5
42.5 49.5
42.5 54.5
42.5 55.5
42.5 58.5
42.5 62.5
42.5 63.5
43.5 5.5
43.5 6.5
43.5 12.5
43.5 13.5
43.5 14.5
43.5 18.5
43.5 19.5
43.5 24.5
43.5 27.5
43.5 28.5
43.5 33.5
43.5 34.5
43.5 38.5
43.5 39.5
43.5 43.5
43.5 44.5
43.5 47.5
43.5 48.5
43.5 53.5
43.5 54.5
43.5 55.5
43.5 58.5
43.5 62.5
43.5 63.5
44.5 6.5
44.5 7.5
44.5 13.5
44.5 14.5
44.5 18.5
44.5 19.5
44.5 20.5
44.5 32.5
44.5 33.5
44.5 34.5
44.5 38.5
44.5 39.5
44.5 44.5
44.5 53.5
44.5 54.5
44.5 58.5
44.5 59.5
44.5 63.5
45.5 6.5
45.5 7.5
45.5 8.5
45.5 19.5
45.5 20.5
45.5 32.5
45.5 33.5
45.5 39.5
45.5 40.5
45.5 52.5
45.5 53.5
45.5 54.5
45.5 58.5
45.5 59.5
46.5 7.5
46.5 8.5
46.5 19.5
46.5 20.5
46.5 32.5
46.5 33.5
46.5 39.5
46.5 40.5
46.5 52.5
46.5 53.5
46.5 59.5
47.5 7.5
47.5 8.5
47.5 9.5
47.5 19.5
47.5 20.5
47.5 31.5
47.5 32.5
47.5 40.5
47.5 41.5
47.5 51.5
47.5 52.5
47.5 59.5
48.5 8.5
48.5 9.5
48.5 20.5
48.5 31.5
48.5 32.5
48.5 40.5
48.5 41.5
48.5 51.5
48.5 52.5
48.5 59.5
48.5 60.5
48.5 68.5
49.5 9.5
49.5 10.5
49.5 20.5
49.5 41.5
49.5 51.5
49.5 60.5
50.5 10.5
51.5 21.5
51.5 31.5
51.5 41.5
51.5 51.5
52.5 9.5
52.5 21.5
52.5 30.5
52.5 31.5
52.5 41.5
52.5 42.5
52.5 50.5
52.5 51.5
52.5 60.5
53.5 9.5
53.5 10.5
53.5 21.5
53.5 22.5
53.5 30.5
53.5 31.5
53.5 41.5
53.5 42.5
53.5 49.5
53.5 50.5
53.5 51.5
53.5 59.5
53.5 60.5
54.5 9.5
54.5 10.5
54.5 11.5
54.5 21.5
54.5 22.5
54.5 23.5
54.5 29.5
54.5 30.5
54.5 31.5
54.5 42.5
54.5 43.5
54.5 49.5
54.5 50.5
54.5 59.5
54.5 60.5
55.5 9.5
55.5 10.5
55.5 11.5
55.5 21.5
55.5 22.5
55.5 23.5
55.5 29.5
55.5 30.5
55.5 42.5
55.5 43.5
55.5 49.5
55.5 50.5
55.5 59.5
56.5 10.5
56.5 11.5
56.5 22.5
56.5 23.5
56.5 29.5
56.5 30.5
56.5 42.5
56.5 43.5
56.5 48.5
56.5 49.5
56.5 50.5
56.5 59.5
57.5 6.5
57.5 10.5
57.5 11.5
57.5 12.5
57.5 16.5
57.5 22.5
57.5 23.5
57.5 24.5
57.5 28.5
57.5 29.5
57.5 30.5
57.5 34.5
57.5 35.5
57.5 38.5
57.5 43.5
57.5 44.5
57.5 48.5
57.5 49.5
57.5 55.5
57.5 59.5
57.5 63.5
58.5 6.5
58.5 11.5
58.5 12.5
58.5 16.5
58.5 17.5
58.5 23.5
58.5 24.5
58.5 28.5
58.5 29.5
58.5 34.5
58.5 38.5
58.5 39.5
58.5 43.5
58.5 44.5
58.5 48.5
58.5 49.5
58.5 54.5
58.5 55.5
58.5 59.5
58.5 62.5
58.5 63.5
59.5 6.5
59.5 7.5
59.5 11.5
59.5 12.5
59.5 16.5
59.5 17.5
59.5 18.5
59.5 23.5
59.5 24.5
59.5 28.5
59.5 29.5
59.5 33.5
59.5 34.5
59.5 38.5
59.5 39.5
59.5 44.5
59.5 47.5
59.5 48.5
59.5 53.5
59.5 54.5
59.5 55.5
59.5 59.5
59.5 62.5
59.5 63.5
59.5 68.5
60.5 7.5
60.5 12.5
60.5 17.5
60.5 18.5
60.5 24.5
60.5 28.5
60.5 33.5
60.5 34.5
60.5 38.5
60.5 39.5
60.5 40.5
60.5 44.5
60.5 47.5
60.5 53.5
60.5 54.5
60.5 62.5
61.5 7.5
61.5 8.5
61.5 17.5
61.5 18.5
61.5 19.5
61.5 32.5
61.5 33.5
61.5 34.5
61.5 39.5
61.5 40.5
61.5 52.5
61.5 53.5
61.5 54.5
61.5 62.5
62.5 7.5
62.5 8.5
62.5 18.5
62.5 19.5
62.5 20.5
62.5 32.5
62.5 33.5
62.5 39.5
62.5 40.5
62.5 52.5
62.5 53.5
62.5 62.5
63.5 8.5
63.5 18.5
63.5 19.5
63.5 20.5
63.5 32.5
63.5 33.5
63.5 39.5
63.5 40.5
63.5 51.5
63.5 52.5
63.5 53.5
63.5 62.5
64.5 8.5
64.5 9.5
64.5 19.5
64.5 20.5
64.5 31.5
64.5 32.5
64.5 40.5
64.5 41.5
64.5 51.5
64.5 52.5
