4.5 14.5
4.5 15.5
4.5 28.5
4.5 42.5
4.5 57.5
5.5 14.5
5.5 28.5
5.5 42.5
5.5 58.5
6.5 13.5
6.5 14.5
6.5 29.5
6.5 43.5
6.5 58.5
7.5 12.5
7.5 13.5
7.5 29.5
7.5 43.5
7.5 58.5
7.5 59.5
8.5 12.5
8.5 29.5
8.5 30.5
8.5 44.5
8.5 59.5
9.5 11.5
9.5 12.5
9.5 21.5
9.5 23.5
9.5 30.5
9.5 44.5
9.5 45.5
9.5 59.5
9.5 60.5
10.5 10.5
10.5 11.5
10.5 23.5
10.5 30.5
10.5 36.5
10.5 45.5
10.5 51.5
10.5 60.5
11.5 10.5
11.5 20.5
11.5 30.5
11.5 31.5
11.5 36.5
11.5 45.5
11.5 46.5
11.5 60.5
11.5 61.5
12.5 9.5
12.5 10.5
12.5 19.5
12.5 24.5
12.5 31.5
12.5 37.5
12.5 46.5
12.5 52.5
12.5 61.5
13.5 8.5
13.5 9.5
13.5 18.5
13.5 19.5
13.5 24.5
13.5 31.5
13.5 37.5
13.5 38.5
13.5 46.5
13.5 47.5
13.5 52.5
13.5 53.5
13.5 61.5
13.5 62.5
14.5 8.5
14.5 18.5
14.5 24.5
14.5 31.5
14.5 32.5
14.5 38.5
14.5 47.5
14.5 53.5
14.5 62.5
15.5 7.5
15.5 8.5
15.5 17.5
15.5 18.5
15.5 25.5
15.5 32.5
15.5 38.5
15.5 39.5
15.5 48.5
15.5 53.5
15.5 54.5
15.5 62.5
15.5 63.5
16.5 7.5
16.5 17.5
16.5 25.5
16.5 32.5
16.5 39.5
16.5 48.5
16.5 54.5
16.5 63.5
17.5 6.5
17.5 16.5
17.5 17.5
17.5 25.5
17.5 32.5
17.5 39.5
17.5 40.5
17.5 49.5
17.5 54.5
17.5 55.5
17.5 63.5
17.5 64.5
18.5 5.5
18.5 15.5
18.5 16.5
18.5 26.5
18.5 33.5
18.5 40.5
18.5 55.5
18.5 64.5
19.5 15.5
19.5 26.5
19.5 33.5
19.5 40.5
19.5 41.5
19.5 55.5
19.5 56.5
20.5 14.5
20.5 15.5
20.5 26.5
20.5 41.5
20.5 56.5
21.5 14.5
21.5 26.5
21.5 27.5
21.5 41.5
21.5 42.5
21.5 56.5
21.5 57.5
22.5 13.5
22.5 27.5
22.5 42.5
22.5 57.5
23.5 13.5
23.5 27.5
23.5 29.5
23.5 40.5
23.5 42.5
23.5 57.5
23.5 58.5
24.5 11.5
24.5 12.5
24.5 27.5
24.5 28.5
24.5 40.5
24.5 43.5
24.5 58.5
25.5 12.5
25.5 28.5
25.5 41.5
25.5 57.5
25.5 68.5
26.5 11.5
26.5 12.5
26.5 27.5
26.5 28.5
26.5 41.5
26.5 57.5
26.5 59.5
27.5 13.5
27.5 27.5
27.5 42.5
27.5 56.5
28.5 13.5
28.5 14.5
28.5 26.5
28.5 42.5
28.5 43.5
28.5 56.5
29.5 14.5
29.5 26.5
29.5 42.5
29.5 43.5
29.5 55.5
30.5 6.5
30.5 14.5
30.5 15.5
30.5 25.5
30.5 32.5
30.5 35.5
30.5 43.5
30.5 44.5
30.5 54.5
30.5 55.5
30.5 65.5
31.5 6.5
31.5 15.5
31.5 16.5
31.5 24.5
31.5 25.5
31.5 32.5
31.5 43.5
31.5 44.5
31.5 54.5
31.5 64.5
32.5 7.5
32.5 16.5
32.5 24.5
32.5 31.5
32.5 32.5
32.5 36.5
32.5 44.5
32.5 45.5
32.5 53.5
32.5 54.5
32.5 64.5
33.5 7.5
33.5 16.5
33.5 17.5
33.5 23.5
33.5 31.5
33.5 36.5
33.5 44.5
33.5 45.5
33.5 53.5
33.5 63.5
34.5 7.5
34.5 8.5
34.5 17.5
34.5 23.5
34.5 31.5
34.5 37.5
34.5 45.5
34.5 46.5
34.5 52.5
34.5 53.5
34.5 62.5
34.5 63.5
35.5 8.5
35.5 17.5
35.5 18.5
35.5 22.5
35.5 30.5
35.5 31.5
35.5 37.5
35.5 38.5
35.5 46.5
35.5 52.5
35.5 62.5
36.5 8.5
36.5 9.5
36.5 18.5
36.5 22.5
36.5 30.5
36.5 31.5
36.5 38.5
36.5 46.5
36.5 52.5
36.5 61.5
36.5 62.5
37.5 9.5
37.5 19.5
37.5 21.5
37.5 30.5
37.5 38.5
37.5 39.5
37.5 47.5
37.5 51.5
37.5 61.5
38.5 9.5
38.5 10.5
38.5 21.5
38.5 29.5
38.5 30.5
38.5 39.5
38.5 47.5
38.5 51.5
38.5 60.5
38.5 61.5
39.5 10.5
39.5 20.5
39.5 29.5
39.5 30.5
39.5 39.5
39.5 40.5
39.5 48.5
39.5 50.5
39.5 59.5
39.5 60.5
40.5 10.5
40.5 11.5
40.5 29.5
40.5 40.5
40.5 59.5
40.5 60.5
41.5 11.5
41.5 28.5
41.5 29.5
41.5 40.5
41.5 41.5
41.5 58.5
41.5 59.5
42.5 11.5
42.5 12.5
42.5 28.5
42.5 29.5
42.5 41.5
42.5 58.5
42.5 59.5
43.5 12.5
43.5 28.5
43.5 41.5
43.5 57.5
43.5 58.5
44.5 10.5
44.5 12.5
44.5 13.5
44.5 27.5
44.5 28.5
44.5 42.5
44.5 57.5
44.5 68.5
45.5 10.5
45.5 11.5
45.5 13.5
45.5 27.5
45.5 30.5
45.5 42.5
45.5 54.5
45.5 56.5
45.5 57.5
46.5 11.5
46.5 27.5
46.5 29.5
46.5 41.5
46.5 43.5
46.5 55.5
46.5 56.5
47.5 11.5
47.5 12.5
47.5 28.5
47.5 42.5
47.5 43.5
47.5 56.5
48.5 12.5
48.5 13.5
48.5 27.5
48.5 28.5
48.5 42.5
48.5 57.5
49.5 13.5
49.5 26.5
49.5 27.5
49.5 43.5
49.5 58.5
49.5 59.5
50.5 13.5
50.5 14.5
50.5 25.5
50.5 26.5
50.5 43.5
50.5 44.5
50.5 59.5
50.5 60.5
51.5 5.5
51.5 14.5
51.5 24.5
51.5 25.5
51.5 44.5
51.5 60.5
51.5 61.5
52.5 6.5
52.5 14.5
52.5 15.5
52.5 24.5
52.5 25.5
52.5 35.5
52.5 44.5
52.5 45.5
52.5 49.5
52.5 50.5
52.5 61.5
52.5 62.5
53.5 6.5
53.5 7.5
53.5 15.5
53.5 16.5
53.5 23.5
53.5 24.5
53.5 34.5
53.5 37.5
53.5 45.5
53.5 50.5
53.5 51.5
53.5 62.5
53.5 63.5
54.5 7.5
54.5 16.5
54.5 22.5
54.5 23.5
54.5 33.5
54.5 34.5
54.5 37.5
54.5 38.5
54.5 46.5
54.5 51.5
54.5 52.5
54.5 63.5
54.5 64.5
55.5 7.5
55.5 8.5
55.5 16.5
55.5 17.5
55.5 21.5
55.5 22.5
55.5 32.5
55.5 33.5
55.5 38.5
55.5 46.5
55.5 52.5
55.5 53.5
55.5 64.5
55.5 65.5
55.5 68.5
56.5 8.5
56.5 17.5
56.5 21.5
56.5 31.5
56.5 32.5
56.5 38.5
56.5 39.5
56.5 47.5
56.5 53.5
56.5 54.5
56.5 65.5
56.5 66.5
57.5 8.5
57.5 9.5
57.5 18.5
57.5 20.5
57.5 31.5
57.5 39.5
57.5 47.5
57.5 54.5
57.5 55.5
57.5 66.5
58.5 9.5
58.5 18.5
58.5 19.5
58.5 30.5
58.5 39.5
58.5 40.5
58.5 48.5
58.5 55.5
59.5 10.5
59.5 29.5
59.5 30.5
59.5 40.5
59.5 56.5
60.5 10.5
60.5 11.5
60.5 28.5
60.5 29.5
60.5 40.5
60.5 41.5
60.5 57.5
61.5 11.5
61.5 27.5
61.5 28.5
61.5 41.5
61.5 58.5
62.5 11.5
62.5 12.5
62.5 26.5
62.5 27.5
62.5 41.5
62.5 42.5
62.5 59.5
63.5 12.5
63.5 26.5
63.5 42.5
63.5 60.5
64.5 13.5
64.5 25.5
64.5 43.5
64.5 61.5
