7.5 32.5
7.5 41.5
8.5 8.5
8.5 19.5
8.5 32.5
8.5 52.5
8.5 62.5
9.5 8.5
9.5 19.5
9.5 32.5
9.5 40.5
9.5 52.5
9.5 62.5
10.5 8.5
10.5 18.5
10.5 33.5
10.5 40.5
10.5 62.5
11.5 8.5
11.5 18.5
11.5 33.5
11.5 39.5
11.5 53.5
11.5 62.5
12.5 33.5
12.5 39.5
12.5 53.5
13.5 7.5
13.5 17.5
13.5 28.5
13.5 33.5
13.5 53.5
14.5 7.5
14.5 17.5
14.5 24.5
14.5 33.5
14.5 38.5
14.5 63.5
15.5 54.5
15.5 63.5
16.5 11.5
16.5 23.5
16.5 29.5
16.5 43.5
16.5 49.5
16.5 54.5
16.5 63.5
17.5 11.5
17.5 23.5
17.5 43.5
17.5 49.5
17.5 59.5
18.5 11.5
18.5 22.5
18.5 43.5
18.5 49.5
18.5 59.5
19.5 22.5
19.5 30.5
19.5 42.5
19.5 59.5
20.5 10.5
20.5 21.5
20.5 42.5
20.5 50.5
20.5 59.5
21.5 10.5
21.5 21.5
21.5 42.5
21.5 50.5
26.5 21.5
27.5 10.5
27.5 21.5
27.5 30.5
28.5 10.5
28.5 22.5
28.5 40.5
29.5 22.5
29.5 52.5
30.5 11.5
30.5 22.5
30.5 29.5
30.5 39.5
30.5 52.5
30.5 59.5
31.5 11.5
31.5 22.5
31.5 39.5
31.5 59.5
32.5 11.5
32.5 23.5
32.5 28.5
32.5 38.5
32.5 53.5
33.5 23.5
33.5 28.5
33.5 38.5
33.5 53.5
34.5 12.5
34.5 23.5
34.5 32.5
34.5 38.5
34.5 58.5
35.5 7.5
35.5 12.5
35.5 17.5
35.5 32.5
35.5 37.5
35.5 44.5
35.5 49.5
35.5 58.5
35.5 63.5
36.5 7.5
36.5 17.5
36.5 44.5
36.5 49.5
36.5 54.5
36.5 63.5
37.5 31.5
37.5 43.5
37.5 63.5
38.5 8.5
38.5 18.5
38.5 31.5
38.5 43.5
38.5 50.5
38.5 63.5
39.5 8.5
39.5 18.5
39.5 43.5
39.5 50.5
40.5 8.5
40.5 42.5
40.5 50.5
40.5 62.5
41.5 30.5
41.5 42.5
41.5 62.5
42.5 62.5
43.5 41.5
43.5 51.5
46.5 20.5
46.5 29.5
47.5 20.5
47.5 29.5
47.5 52.5
47.5 61.5
48.5 40.5
48.5 52.5
48.5 61.5
49.5 10.5
49.5 21.5
49.5 28.5
49.5 40.5
50.5 10.5
50.5 21.5
50.5 28.5
50.5 39.5
50.5 60.5
51.5 10.5
51.5 21.5
51.5 28.5
51.5 39.5
51.5 53.5
51.5 60.5
52.5 10.5
52.5 22.5
52.5 39.5
52.5 53.5
52.5 59.5
53.5 10.5
53.5 22.5
53.5 27.5
53.5 38.5
53.5 53.5
53.5 59.5
54.5 16.5
54.5 22.5
54.5 27.5
54.5 38.5
54.5 59.5
55.5 16.5
55.5 32.5
55.5 49.5
56.5 11.5
56.5 32.5
56.5 44.5
56.5 49.5
56.5 54.5
56.5 64.5
57.5 7.5
57.5 17.5
57.5 43.5
57.5 64.5
58.5 7.5
58.5 17.5
58.5 31.5
58.5 43.5
58.5 50.5
58.5 63.5
59.5 17.5
59.5 31.5
59.5 50.5
59.5 63.5
60.5 31.5
60.5 42.5
60.5 50.5
61.5 8.5
61.5 18.5
61.5 62.5
62.5 8.5
62.5 18.5
62.5 41.5
62.5 51.5
