5.5 58.5
5.5 59.5
6.5 10.5
6.5 27.5
6.5 28.5
6.5 43.5
6.5 44.5
6.5 59.5
6.5 60.5
6.5 61.5
7.5 11.5
7.5 12.5
7.5 13.5
7.5 14.5
7.5 28.5
7.5 29.5
7.5 30.5
7.5 44.5
7.5 45.5
7.5 60.5
7.5 61.5
7.5 62.5
8.5 14.5
8.5 15.5
8.5 16.5
8.5 17.5
8.5 29.5
8.5 30.5
8.5 31.5
8.5 45.5
8.5 46.5
8.5 61.5
8.5 62.5
8.5 63.5
8.5 64.5
9.5 17.5
9.5 18.5
9.5 19.5
9.5 21.5
9.5 30.5
9.5 31.5
9.5 32.5
9.5 46.5
9.5 47.5
9.5 48.5
9.5 63.5
9.5 64.5
9.5 65.5
10.5 5.5
10.5 6.5
10.5 22.5
10.5 23.5
10.5 32.5
10.5 33.5
10.5 36.5
10.5 37.5
10.5 47.5
10.5 48.5
10.5 49.5
10.5 53.5
10.5 65.5
10.5 66.5
11.5 7.5
11.5 8.5
11.5 9.5
11.5 23.5
11.5 24.5
11.5 33.5
11.5 34.5
11.5 37.5
11.5 38.5
11.5 39.5
11.5 49.5
11.5 50.5
11.5 53.5
11.5 54.5
11.5 55.5
12.5 8.5
12.5 9.5
12.5 10.5
12.5 11.5
12.5 25.5
12.5 26.5
12.5 38.5
12.5 39.5
12.5 40.5
12.5 50.5
12.5 54.5
12.5 55.5
12.5 56.5
13.5 10.5
13.5 11.5
13.5 12.5
13.5 26.5
13.5 27.5
13.5 40.5
13.5 41.5
13.5 42.5
13.5 56.5
13.5 57.5
13.5 58.5
14.5 13.5
14.5 14.5
14.5 27.5
14.5 28.5
14.5 41.5
14.5 42.5
14.5 43.5
14.5 57.5
14.5 58.5
14.5 59.5
15.5 29.5
15.5 43.5
15.5 44.5
15.5 59.5
15.5 60.5
16.5 44.5
16.5 45.5
17.5 28.5
18.5 11.5
18.5 12.5
18.5 13.5
18.5 26.5
18.5 27.5
19.5 12.5
19.5 13.5
19.5 14.5
19.5 24.5
19.5 25.5
19.5 26.5
19.5 45.5
19.5 57.5
19.5 58.5
20.5 14.5
20.5 15.5
20.5 16.5
20.5 23.5
20.5 24.5
20.5 25.5
20.5 42.5
20.5 43.5
20.5 44.5
20.5 59.5
20.5 60.5
21.5 15.5
21.5 16.5
21.5 17.5
21.5 22.5
21.5 23.5
21.5 40.5
21.5 41.5
21.5 42.5
21.5 60.5
21.5 61.5
21.5 62.5
22.5 6.5
22.5 7.5
22.5 17.5
22.5 18.5
22.5 20.5
22.5 21.5
22.5 22.5
22.5 38.5
22.5 39.5
22.5 40.5
22.5 41.5
22.5 62.5
22.5 63.5
22.5 64.5
23.5 7.5
23.5 8.5
23.5 32.5
23.5 33.5
23.5 37.5
23.5 38.5
23.5 39.5
23.5 53.5
23.5 63.5
23.5 64.5
23.5 65.5
24.5 9.5
24.5 10.5
24.5 30.5
24.5 31.5
24.5 32.5
24.5 35.5
24.5 36.5
24.5 49.5
24.5 50.5
24.5 54.5
24.5 55.5
25.5 10.5
25.5 11.5
25.5 28.5
25.5 29.5
25.5 30.5
25.5 46.5
25.5 47.5
25.5 48.5
25.5 49.5
25.5 55.5
25.5 56.5
25.5 57.5
26.5 12.5
26.5 13.5
26.5 26.5
26.5 27.5
26.5 28.5
26.5 29.5
26.5 44.5
26.5 45.5
26.5 46.5
26.5 47.5
26.5 57.5
26.5 58.5
26.5 68.5
27.5 25.5
27.5 26.5
27.5 43.5
27.5 44.5
27.5 45.5
27.5 58.5
27.5 59.5
28.5 41.5
28.5 42.5
28.5 60.5
28.5 61.5
29.5 12.5
30.5 10.5
30.5 11.5
31.5 8.5
31.5 9.5
31.5 10.5
31.5 28.5
31.5 59.5
32.5 7.5
32.5 8.5
32.5 9.5
32.5 25.5
32.5 26.5
32.5 27.5
32.5 28.5
32.5 41.5
32.5 42.5
32.5 43.5
32.5 59.5
32.5 60.5
33.5 6.5
33.5 7.5
33.5 23.5
33.5 24.5
33.5 25.5
33.5 26.5
33.5 43.5
33.5 44.5
33.5 45.5
33.5 46.5
33.5 60.5
33.5 61.5
33.5 62.5
34.5 5.5
34.5 6.5
34.5 18.5
34.5 21.5
34.5 22.5
34.5 23.5
34.5 24.5
34.5 45.5
34.5 46.5
34.5 47.5
34.5 48.5
34.5 49.5
34.5 61.5
34.5 62.5
34.5 63.5
35.5 15.5
35.5 16.5
35.5 17.5
35.5 18.5
35.5 20.5
35.5 21.5
35.5 34.5
35.5 36.5
35.5 48.5
35.5 49.5
35.5 50.5
35.5 52.5
35.5 63.5
35.5 64.5
36.5 13.5
36.5 14.5
36.5 15.5
36.5 16.5
36.5 32.5
36.5 33.5
36.5 37.5
36.5 38.5
36.5 53.5
36.5 54.5
36.5 55.5
36.5 64.5
36.5 65.5
37.5 12.5
37.5 13.5
37.5 14.5
37.5 30.5
37.5 31.5
37.5 32.5
37.5 38.5
37.5 39.5
37.5 40.5
37.5 54.5
37.5 55.5
37.5 56.5
38.5 10.5
38.5 11.5
38.5 12.5
38.5 28.5
38.5 29.5
38.5 30.5
38.5 40.5
38.5 41.5
38.5 56.5
38.5 57.5
38.5 58.5
39.5 27.5
39.5 28.5
39.5 42.5
39.5 43.5
39.5 57.5
39.5 58.5
39.5 59.5
40.5 26.5
40.5 44.5
40.5 59.5
40.5 60.5
42.5 14.5
43.5 11.5
43.5 12.5
43.5 13.5
43.5 27.5
43.5 28.5
43.5 41.5
43.5 42.5
44.5 10.5
44.5 11.5
44.5 12.5
44.5 28.5
44.5 29.5
44.5 30.5
44.5 42.5
44.5 43.5
44.5 44.5
44.5 56.5
44.5 57.5
44.5 58.5
45.5 8.5
45.5 9.5
45.5 10.5
45.5 29.5
45.5 30.5
45.5 31.5
45.5 44.5
45.5 45.5
45.5 54.5
45.5 55.5
45.5 56.5
45.5 57.5
46.5 7.5
46.5 8.5
46.5 31.5
46.5 32.5
46.5 33.5
46.5 45.5
46.5 46.5
46.5 47.5
46.5 52.5
46.5 53.5
46.5 54.5
47.5 6.5
47.5 19.5
47.5 20.5
47.5 22.5
47.5 23.5
47.5 33.5
47.5 34.5
47.5 36.5
47.5 37.5
47.5 38.5
47.5 47.5
47.5 48.5
47.5 50.5
47.5 51.5
48.5 17.5
48.5 18.5
48.5 23.5
48.5 24.5
48.5 25.5
48.5 38.5
48.5 39.5
48.5 62.5
48.5 63.5
48.5 64.5
49.5 15.5
49.5 16.5
49.5 17.5
49.5 24.5
49.5 25.5
49.5 26.5
49.5 39.5
49.5 40.5
49.5 41.5
49.5 59.5
49.5 60.5
49.5 61.5
49.5 62.5
50.5 13.5
50.5 14.5
50.5 15.5
50.5 26.5
50.5 27.5
50.5 41.5
50.5 42.5
50.5 57.5
50.5 58.5
50.5 59.5
50.5 60.5
51.5 12.5
51.5 13.5
51.5 27.5
51.5 28.5
51.5 43.5
51.5 55.5
51.5 56.5
51.5 57.5
52.5 11.5
52.5 29.5
54.5 29.5
54.5 42.5
55.5 14.5
55.5 15.5
55.5 28.5
55.5 41.5
55.5 42.5
55.5 58.5
55.5 59.5
56.5 12.5
56.5 13.5
56.5 14.5
56.5 26.5
56.5 27.5
56.5 40.5
56.5 41.5
56.5 55.5
56.5 56.5
56.5 57.5
56.5 58.5
57.5 10.5
57.5 11.5
57.5 12.5
57.5 25.5
57.5 26.5
57.5 39.5
57.5 40.5
57.5 41.5
57.5 53.5
57.5 54.5
57.5 55.5
57.5 56.5
58.5 9.5
58.5 10.5
58.5 11.5
58.5 24.5
58.5 25.5
58.5 39.5
58.5 40.5
58.5 48.5
58.5 52.5
58.5 53.5
58.5 54.5
59.5 8.5
59.5 9.5
59.5 10.5
59.5 20.5
59.5 23.5
59.5 24.5
59.5 33.5
59.5 34.5
59.5 38.5
59.5 39.5
59.5 47.5
59.5 51.5
59.5 52.5
59.5 65.5
60.5 7.5
60.5 8.5
60.5 18.5
60.5 19.5
60.5 22.5
60.5 31.5
60.5 32.5
60.5 33.5
60.5 37.5
60.5 38.5
60.5 46.5
60.5 47.5
60.5 63.5
60.5 64.5
61.5 16.5
61.5 17.5
61.5 18.5
61.5 30.5
61.5 31.5
61.5 32.5
61.5 37.5
61.5 45.5
61.5 46.5
61.5 61.5
61.5 62.5
61.5 63.5
62.5 15.5
62.5 16.5
62.5 29.5
62.5 30.5
62.5 31.5
62.5 44.5
62.5 45.5
62.5 59.5
62.5 60.5
62.5 61.5
62.5 62.5
63.5 13.5
63.5 14.5
63.5 15.5
63.5 28.5
63.5 29.5
63.5 30.5
63.5 44.5
63.5 58.5
63.5 59.5
63.5 60.5
64.5 12.5
64.5 13.5
64.5 27.5
64.5 28.5
64.5 43.5
64.5 57.5
64.5 58.5
