6.5 56.5
6.5 57.5
6.5 58.5
7.5 16.5
7.5 17.5
7.5 18.5
7.5 35.5
7.5 36.5
7.5 37.5
7.5 60.5
7.5 61.5
7.5 62.5
8.5 18.5
8.5 19.5
8.5 20.5
8.5 37.5
8.5 38.5
8.5 39.5
9.5 21.5
9.5 22.5
9.5 40.5
9.5 41.5
10.5 9.5
10.5 10.5
10.5 48.5
10.5 49.5
10.5 50.5
10.5 51.5
10.5 52.5
11.5 11.5
11.5 12.5
11.5 13.5
11.5 29.5
11.5 30.5
11.5 31.5
11.5 52.5
11.5 53.5
11.5 54.5
11.5 55.5
11.5 56.5
12.5 13.5
12.5 14.5
12.5 15.5
12.5 31.5
12.5 32.5
12.5 33.5
13.5 34.5
13.5 35.5
17.5 55.5
17.5 56.5
17.5 57.5
17.5 58.5
17.5 59.5
18.5 9.5
18.5 10.5
18.5 11.5
18.5 12.5
18.5 13.5
18.5 36.5
18.5 37.5
18.5 38.5
18.5 58.5
18.5 59.5
18.5 60.5
18.5 61.5
18.5 62.5
19.5 39.5
19.5 40.5
19.5 41.5
19.5 63.5
21.5 19.5
21.5 20.5
21.5 21.5
21.5 29.5
21.5 30.5
21.5 31.5
21.5 49.5
21.5 50.5
22.5 15.5
22.5 16.5
22.5 17.5
22.5 33.5
22.5 34.5
22.5 35.5
22.5 52.5
22.5 53.5
23.5 55.5
23.5 56.5
26.5 15.5
26.5 16.5
26.5 35.5
26.5 36.5
27.5 18.5
27.5 19.5
27.5 20.5
27.5 30.5
27.5 31.5
27.5 32.5
27.5 33.5
27.5 56.5
27.5 57.5
28.5 22.5
28.5 28.5
28.5 59.5
28.5 60.5
29.5 63.5
30.5 8.5
30.5 9.5
30.5 10.5
30.5 11.5
30.5 12.5
30.5 13.5
30.5 39.5
30.5 40.5
30.5 41.5
30.5 42.5
31.5 14.5
31.5 15.5
31.5 35.5
31.5 36.5
31.5 37.5
31.5 38.5
31.5 39.5
31.5 49.5
31.5 50.5
31.5 51.5
31.5 52.5
31.5 53.5
31.5 54.5
32.5 54.5
32.5 55.5
32.5 56.5
36.5 14.5
36.5 15.5
36.5 16.5
37.5 16.5
37.5 17.5
37.5 18.5
37.5 19.5
37.5 20.5
37.5 31.5
37.5 32.5
37.5 33.5
37.5 34.5
37.5 54.5
37.5 55.5
37.5 56.5
37.5 57.5
38.5 20.5
38.5 21.5
38.5 22.5
38.5 28.5
38.5 29.5
38.5 30.5
38.5 31.5
38.5 58.5
38.5 59.5
38.5 60.5
38.5 61.5
38.5 62.5
40.5 7.5
40.5 47.5
40.5 48.5
41.5 9.5
41.5 10.5
41.5 11.5
41.5 12.5
41.5 37.5
41.5 38.5
41.5 39.5
41.5 40.5
41.5 50.5
41.5 51.5
41.5 52.5
42.5 12.5
42.5 13.5
42.5 14.5
42.5 34.5
42.5 35.5
42.5 36.5
42.5 55.5
46.5 54.5
46.5 55.5
47.5 14.5
47.5 15.5
47.5 32.5
47.5 33.5
47.5 34.5
47.5 51.5
47.5 52.5
47.5 53.5
48.5 11.5
48.5 12.5
48.5 13.5
48.5 30.5
48.5 31.5
48.5 32.5
48.5 49.5
48.5 50.5
49.5 9.5
49.5 10.5
49.5 28.5
50.5 7.5
50.5 22.5
50.5 40.5
50.5 41.5
50.5 42.5
50.5 60.5
50.5 61.5
51.5 19.5
51.5 20.5
51.5 38.5
51.5 39.5
51.5 57.5
51.5 58.5
51.5 59.5
52.5 16.5
52.5 17.5
52.5 18.5
52.5 35.5
52.5 36.5
52.5 55.5
52.5 56.5
53.5 15.5
57.5 32.5
57.5 33.5
57.5 34.5
58.5 17.5
58.5 18.5
58.5 19.5
58.5 20.5
58.5 29.5
58.5 30.5
58.5 31.5
58.5 51.5
58.5 52.5
58.5 53.5
58.5 54.5
59.5 49.5
59.5 50.5
59.5 51.5
60.5 41.5
60.5 42.5
60.5 43.5
61.5 36.5
61.5 37.5
61.5 38.5
61.5 39.5
61.5 40.5
61.5 61.5
61.5 62.5
62.5 8.5
62.5 9.5
62.5 10.5
62.5 11.5
62.5 12.5
62.5 13.5
62.5 14.5
62.5 57.5
62.5 58.5
62.5 59.5
62.5 60.5
63.5 56.5
