5.5 9.5
6.5 9.5
6.5 52.5
6.5 61.5
7.5 8.5
7.5 19.5
7.5 30.5
7.5 41.5
7.5 52.5
8.5 8.5
8.5 18.5
8.5 29.5
8.5 42.5
8.5 53.5
8.5 60.5
9.5 28.5
9.5 42.5
9.5 53.5
9.5 59.5
10.5 7.5
10.5 17.5
10.5 34.5
10.5 47.5
10.5 59.5
11.5 12.5
11.5 16.5
11.5 23.5
11.5 33.5
11.5 54.5
12.5 22.5
12.5 38.5
12.5 48.5
12.5 64.5
13.5 11.5
13.5 21.5
13.5 32.5
13.5 49.5
13.5 63.5
14.5 20.5
14.5 31.5
14.5 39.5
14.5 62.5
15.5 19.5
15.5 50.5
15.5 61.5
18.5 30.5
18.5 40.5
19.5 19.5
19.5 31.5
19.5 61.5
20.5 18.5
20.5 31.5
20.5 41.5
20.5 48.5
20.5 62.5
21.5 16.5
21.5 32.5
21.5 42.5
21.5 47.5
21.5 62.5
22.5 23.5
22.5 33.5
22.5 46.5
22.5 63.5
23.5 7.5
23.5 22.5
23.5 27.5
23.5 53.5
24.5 8.5
24.5 21.5
24.5 28.5
24.5 38.5
24.5 52.5
25.5 9.5
25.5 51.5
25.5 59.5
26.5 29.5
26.5 39.5
26.5 60.5
29.5 10.5
29.5 20.5
30.5 9.5
30.5 40.5
31.5 8.5
31.5 21.5
31.5 30.5
31.5 49.5
31.5 59.5
32.5 8.5
32.5 41.5
32.5 48.5
32.5 59.5
33.5 7.5
33.5 22.5
33.5 31.5
33.5 42.5
33.5 48.5
33.5 54.5
33.5 58.5
34.5 6.5
34.5 12.5
34.5 17.5
34.5 31.5
34.5 43.5
34.5 47.5
34.5 58.5
35.5 12.5
35.5 17.5
35.5 36.5
35.5 53.5
35.5 63.5
36.5 11.5
36.5 27.5
36.5 37.5
36.5 52.5
37.5 11.5
37.5 18.5
37.5 38.5
37.5 52.5
37.5 62.5
38.5 18.5
38.5 28.5
38.5 39.5
38.5 51.5
39.5 10.5
39.5 40.5
39.5 61.5
43.5 40.5
43.5 50.5
44.5 8.5
44.5 28.5
44.5 39.5
44.5 49.5
44.5 60.5
45.5 7.5
45.5 18.5
45.5 37.5
45.5 38.5
46.5 17.5
46.5 27.5
46.5 36.5
46.5 48.5
46.5 59.5
47.5 6.5
47.5 33.5
47.5 43.5
47.5 47.5
47.5 54.5
47.5 64.5
48.5 12.5
48.5 22.5
48.5 32.5
48.5 42.5
48.5 53.5
48.5 58.5
49.5 11.5
49.5 21.5
49.5 31.5
49.5 42.5
49.5 52.5
49.5 63.5
50.5 10.5
50.5 21.5
50.5 30.5
50.5 41.5
50.5 52.5
50.5 62.5
51.5 9.5
51.5 20.5
51.5 51.5
52.5 61.5
54.5 31.5
54.5 40.5
55.5 30.5
55.5 61.5
56.5 10.5
56.5 19.5
56.5 29.5
56.5 39.5
56.5 50.5
57.5 11.5
57.5 18.5
57.5 28.5
57.5 49.5
57.5 62.5
58.5 12.5
58.5 27.5
58.5 38.5
58.5 48.5
59.5 13.5
59.5 17.5
59.5 33.5
59.5 43.5
59.5 48.5
59.5 63.5
60.5 6.5
60.5 22.5
60.5 32.5
60.5 47.5
60.5 54.5
61.5 7.5
61.5 21.5
61.5 32.5
61.5 42.5
61.5 53.5
61.5 59.5
62.5 8.5
62.5 31.5
62.5 53.5
63.5 9.5
63.5 41.5
63.5 52.5
63.5 60.5
64.5 51.5
