4.5 56.5
5.5 13.5
5.5 29.5
5.5 43.5
5.5 56.5
5.5 57.5
6.5 12.5
6.5 13.5
6.5 28.5
6.5 42.5
6.5 43.5
6.5 57.5
7.5 12.5
7.5 13.5
7.5 27.5
7.5 28.5
7.5 42.5
7.5 57.5
7.5 58.5
8.5 11.5
8.5 12.5
8.5 26.5
8.5 27.5
8.5 41.5
8.5 42.5
8.5 58.5
8.5 59.5
9.5 11.5
9.5 12.5
9.5 26.5
9.5 27.5
9.5 41.5
9.5 58.5
9.5 59.5
9.5 60.5
10.5 11.5
10.5 12.5
10.5 25.5
10.5 26.5
10.5 40.5
10.5 41.5
10.5 59.5
10.5 60.5
10.5 68.5
11.5 10.5
11.5 11.5
11.5 19.5
11.5 25.5
11.5 26.5
11.5 34.5
11.5 39.5
11.5 40.5
11.5 60.5
11.5 61.5
12.5 10.5
12.5 11.5
12.5 18.5
12.5 24.5
12.5 25.5
12.5 33.5
12.5 34.5
12.5 39.5
12.5 40.5
12.5 48.5
12.5 51.5
12.5 60.5
12.5 61.5
12.5 62.5
13.5 10.5
13.5 18.5
13.5 23.5
13.5 24.5
13.5 25.5
13.5 33.5
13.5 38.5
13.5 39.5
13.5 47.5
13.5 51.5
13.5 52.5
13.5 61.5
13.5 62.5
14.5 9.5
14.5 10.5
14.5 17.5
14.5 18.5
14.5 23.5
14.5 24.5
14.5 32.5
14.5 33.5
14.5 38.5
14.5 39.5
14.5 46.5
14.5 47.5
14.5 52.5
14.5 53.5
14.5 62.5
14.5 63.5
15.5 9.5
15.5 10.5
15.5 17.5
15.5 22.5
15.5 23.5
15.5 31.5
15.5 32.5
15.5 38.5
15.5 46.5
15.5 47.5
15.5 53.5
15.5 54.5
15.5 62.5
15.5 63.5
16.5 9.5
16.5 16.5
16.5 17.5
16.5 22.5
16.5 31.5
16.5 32.5
16.5 37.5
16.5 45.5
16.5 46.5
16.5 53.5
16.5 54.5
16.5 63.5
16.5 64.5
17.5 16.5
17.5 17.5
17.5 30.5
17.5 31.5
17.5 37.5
17.5 45.5
17.5 46.5
17.5 54.5
17.5 55.5
17.5 64.5
18.5 15.5
18.5 16.5
18.5 30.5
18.5 31.5
18.5 44.5
18.5 45.5
18.5 54.5
18.5 55.5
18.5 56.5
19.5 15.5
19.5 16.5
19.5 29.5
19.5 30.5
19.5 44.5
19.5 45.5
19.5 55.5
19.5 56.5
20.5 15.5
20.5 29.5
20.5 43.5
20.5 44.5
20.5 56.5
20.5 57.5
21.5 14.5
21.5 15.5
21.5 28.5
21.5 29.5
21.5 43.5
21.5 44.5
21.5 57.5
21.5 58.5
22.5 14.5
22.5 28.5
22.5 42.5
22.5 43.5
22.5 57.5
22.5 58.5
23.5 14.5
23.5 27.5
23.5 42.5
23.5 43.5
23.5 58.5
23.5 59.5
24.5 14.5
24.5 27.5
24.5 42.5
24.5 59.5
25.5 14.5
25.5 28.5
25.5 43.5
25.5 57.5
25.5 68.5
26.5 14.5
26.5 15.5
26.5 28.5
26.5 29.5
26.5 42.5
26.5 43.5
26.5 57.5
26.5 58.5
27.5 14.5
27.5 15.5
27.5 29.5
27.5 42.5
27.5 43.5
27.5 58.5
28.5 15.5
28.5 29.5
28.5 30.5
28.5 41.5
28.5 42.5
28.5 58.5
28.5 59.5
29.5 15.5
29.5 16.5
29.5 29.5
29.5 30.5
29.5 41.5
29.5 42.5
29.5 59.5
29.5 60.5
30.5 15.5
30.5 16.5
30.5 30.5
30.5 31.5
30.5 40.5
30.5 41.5
30.5 59.5
30.5 60.5
31.5 8.5
31.5 15.5
31.5 16.5
31.5 22.5
31.5 30.5
31.5 31.5
31.5 40.5
31.5 41.5
31.5 60.5
31.5 61.5
32.5 8.5
32.5 9.5
32.5 16.5
32.5 17.5
32.5 22.5
32.5 23.5
32.5 31.5
32.5 32.5
32.5 39.5
32.5 40.5
32.5 41.5
32.5 49.5
32.5 51.5
32.5 60.5
32.5 61.5
33.5 8.5
33.5 9.5
33.5 16.5
33.5 17.5
33.5 22.5
33.5 23.5
33.5 31.5
33.5 32.5
33.5 39.5
33.5 40.5
33.5 48.5
33.5 52.5
33.5 61.5
33.5 62.5
34.5 9.5
34.5 16.5
34.5 17.5
34.5 23.5
34.5 24.5
34.5 32.5
34.5 33.5
34.5 39.5
34.5 40.5
34.5 47.5
34.5 48.5
34.5 52.5
34.5 53.5
34.5 61.5
34.5 62.5
35.5 9.5
35.5 10.5
35.5 17.5
35.5 23.5
35.5 24.5
35.5 32.5
35.5 33.5
35.5 38.5
35.5 39.5
35.5 47.5
35.5 53.5
35.5 62.5
35.5 63.5
36.5 9.5
36.5 10.5
36.5 17.5
36.5 24.5
36.5 25.5
36.5 33.5
36.5 38.5
36.5 46.5
36.5 47.5
36.5 53.5
36.5 54.5
36.5 62.5
36.5 63.5
37.5 9.5
37.5 10.5
37.5 17.5
37.5 24.5
37.5 25.5
37.5 34.5
37.5 38.5
37.5 46.5
37.5 54.5
37.5 55.5
37.5 63.5
37.5 64.5
38.5 9.5
38.5 10.5
38.5 25.5
38.5 26.5
38.5 34.5
38.5 37.5
38.5 45.5
38.5 46.5
38.5 54.5
38.5 55.5
38.5 64.5
39.5 10.5
39.5 11.5
39.5 25.5
39.5 26.5
39.5 44.5
39.5 45.5
39.5 55.5
39.5 56.5
40.5 10.5
40.5 11.5
40.5 26.5
40.5 27.5
40.5 44.5
40.5 45.5
40.5 56.5
40.5 57.5
40.5 68.5
41.5 10.5
41.5 11.5
41.5 26.5
41.5 27.5
41.5 43.5
41.5 44.5
41.5 56.5
41.5 57.5
42.5 11.5
42.5 27.5
42.5 28.5
42.5 43.5
42.5 44.5
42.5 57.5
42.5 58.5
43.5 11.5
43.5 27.5
43.5 28.5
43.5 42.5
43.5 43.5
43.5 58.5
44.5 11.5
44.5 12.5
44.5 28.5
44.5 42.5
44.5 58.5
44.5 59.5
45.5 12.5
45.5 28.5
45.5 44.5
45.5 59.5
46.5 11.5
46.5 12.5
46.5 28.5
46.5 43.5
46.5 44.5
46.5 57.5
47.5 11.5
47.5 27.5
47.5 28.5
47.5 43.5
47.5 57.5
47.5 58.5
48.5 10.5
48.5 11.5
48.5 26.5
48.5 27.5
48.5 42.5
48.5 43.5
48.5 58.5
49.5 10.5
49.5 11.5
49.5 26.5
49.5 27.5
49.5 41.5
49.5 42.5
49.5 58.5
49.5 59.5
50.5 9.5
50.5 10.5
50.5 25.5
50.5 26.5
50.5 27.5
50.5 41.5
50.5 42.5
50.5 59.5
50.5 60.5
51.5 9.5
51.5 10.5
51.5 25.5
51.5 26.5
51.5 40.5
51.5 41.5
51.5 59.5
51.5 60.5
52.5 9.5
52.5 10.5
52.5 17.5
52.5 25.5
52.5 26.5
52.5 35.5
52.5 40.5
52.5 41.5
52.5 49.5
52.5 52.5
52.5 60.5
52.5 61.5
53.5 8.5
53.5 9.5
53.5 17.5
53.5 24.5
53.5 25.5
53.5 26.5
53.5 34.5
53.5 39.5
53.5 40.5
53.5 48.5
53.5 53.5
53.5 60.5
53.5 61.5
54.5 8.5
54.5 9.5
54.5 16.5
54.5 17.5
54.5 24.5
54.5 25.5
54.5 33.5
54.5 34.5
54.5 39.5
54.5 40.5
54.5 47.5
54.5 48.5
54.5 53.5
54.5 61.5
54.5 62.5
54.5 68.5
55.5 8.5
55.5 16.5
55.5 17.5
55.5 24.5
55.5 25.5
55.5 33.5
55.5 38.5
55.5 39.5
55.5 47.5
55.5 48.5
55.5 53.5
55.5 54.5
55.5 61.5
55.5 62.5
56.5 7.5
56.5 8.5
56.5 16.5
56.5 17.5
56.5 23.5
56.5 24.5
56.5 32.5
56.5 33.5
56.5 38.5
56.5 46.5
56.5 47.5
56.5 54.5
56.5 62.5
56.5 63.5
57.5 7.5
57.5 15.5
57.5 16.5
57.5 23.5
57.5 24.5
57.5 32.5
57.5 37.5
57.5 38.5
57.5 46.5
57.5 47.5
57.5 54.5
57.5 55.5
57.5 63.5
58.5 7.5
58.5 15.5
58.5 16.5
58.5 23.5
58.5 31.5
58.5 32.5
58.5 37.5
58.5 45.5
58.5 46.5
58.5 55.5
59.5 15.5
59.5 16.5
59.5 22.5
59.5 23.5
59.5 30.5
59.5 31.5
59.5 45.5
59.5 46.5
59.5 55.5
59.5 56.5
60.5 15.5
60.5 16.5
60.5 30.5
60.5 31.5
60.5 44.5
60.5 45.5
60.5 56.5
61.5 14.5
61.5 15.5
61.5 29.5
61.5 30.5
61.5 44.5
61.5 45.5
61.5 56.5
61.5 57.5
62.5 14.5
62.5 15.5
62.5 29.5
62.5 30.5
62.5 44.5
62.5 57.5
63.5 14.5
63.5 15.5
63.5 28.5
63.5 29.5
63.5 43.5
63.5 44.5
63.5 57.5
63.5 58.5
64.5 14.5
64.5 28.5
64.5 43.5
64.5 58.5
