5.5 9.5
5.5 20.5
6.5 8.5
6.5 9.5
6.5 21.5
6.5 28.5
6.5 29.5
6.5 30.5
6.5 41.5
6.5 50.5
7.5 7.5
7.5 8.5
7.5 22.5
7.5 27.5
7.5 28.5
7.5 29.5
7.5 42.5
7.5 49.5
7.5 50.5
7.5 59.5
7.5 60.5
8.5 7.5
8.5 23.5
8.5 27.5
8.5 43.5
8.5 48.5
8.5 49.5
8.5 58.5
8.5 59.5
9.5 12.5
9.5 16.5
9.5 44.5
9.5 53.5
9.5 57.5
9.5 58.5
10.5 11.5
10.5 12.5
10.5 17.5
10.5 18.5
10.5 33.5
10.5 37.5
10.5 38.5
10.5 53.5
10.5 64.5
11.5 10.5
11.5 11.5
11.5 18.5
11.5 19.5
11.5 32.5
11.5 38.5
11.5 39.5
11.5 40.5
11.5 52.5
11.5 62.5
11.5 63.5
12.5 10.5
12.5 20.5
12.5 31.5
12.5 40.5
12.5 41.5
12.5 52.5
12.5 61.5
12.5 62.5
16.5 8.5
16.5 19.5
16.5 20.5
16.5 29.5
16.5 51.5
16.5 61.5
17.5 7.5
17.5 18.5
17.5 19.5
17.5 29.5
17.5 41.5
17.5 42.5
17.5 52.5
17.5 62.5
17.5 63.5
18.5 6.5
18.5 17.5
18.5 18.5
18.5 28.5
18.5 42.5
18.5 43.5
18.5 52.5
18.5 63.5
18.5 64.5
19.5 24.5
19.5 28.5
19.5 43.5
19.5 44.5
19.5 48.5
19.5 53.5
19.5 65.5
20.5 11.5
20.5 12.5
20.5 23.5
20.5 32.5
20.5 36.5
20.5 49.5
20.5 57.5
21.5 9.5
21.5 10.5
21.5 11.5
21.5 22.5
21.5 31.5
21.5 32.5
21.5 37.5
21.5 38.5
21.5 49.5
21.5 57.5
21.5 58.5
21.5 59.5
22.5 21.5
22.5 31.5
22.5 38.5
22.5 39.5
22.5 49.5
22.5 59.5
22.5 60.5
22.5 61.5
23.5 40.5
23.5 50.5
26.5 9.5
26.5 10.5
26.5 21.5
26.5 29.5
27.5 7.5
27.5 8.5
27.5 9.5
27.5 22.5
27.5 28.5
27.5 29.5
27.5 39.5
27.5 40.5
27.5 50.5
27.5 59.5
27.5 60.5
28.5 6.5
28.5 7.5
28.5 23.5
28.5 28.5
28.5 38.5
28.5 39.5
28.5 49.5
28.5 58.5
28.5 59.5
29.5 14.5
29.5 18.5
29.5 27.5
29.5 37.5
29.5 38.5
29.5 48.5
29.5 49.5
30.5 12.5
30.5 13.5
30.5 19.5
30.5 32.5
30.5 33.5
30.5 44.5
30.5 48.5
30.5 53.5
30.5 63.5
30.5 64.5
31.5 11.5
31.5 12.5
31.5 19.5
31.5 20.5
31.5 31.5
31.5 32.5
31.5 43.5
31.5 44.5
31.5 52.5
31.5 62.5
31.5 63.5
32.5 11.5
32.5 20.5
32.5 30.5
32.5 42.5
32.5 43.5
32.5 51.5
32.5 52.5
32.5 62.5
33.5 41.5
36.5 10.5
36.5 11.5
36.5 21.5
36.5 30.5
36.5 41.5
36.5 51.5
36.5 60.5
37.5 11.5
37.5 12.5
37.5 22.5
37.5 29.5
37.5 42.5
37.5 43.5
37.5 52.5
37.5 59.5
38.5 12.5
38.5 13.5
38.5 23.5
38.5 28.5
38.5 29.5
38.5 44.5
38.5 52.5
38.5 53.5
38.5 58.5
39.5 13.5
39.5 17.5
39.5 27.5
39.5 38.5
39.5 47.5
39.5 53.5
39.5 57.5
40.5 6.5
40.5 7.5
40.5 18.5
40.5 19.5
40.5 33.5
40.5 34.5
40.5 39.5
40.5 40.5
40.5 48.5
40.5 63.5
41.5 7.5
41.5 8.5
41.5 18.5
41.5 19.5
41.5 32.5
41.5 33.5
41.5 40.5
41.5 49.5
41.5 61.5
41.5 62.5
41.5 63.5
42.5 8.5
42.5 19.5
42.5 20.5
42.5 31.5
42.5 32.5
42.5 60.5
42.5 61.5
43.5 9.5
45.5 42.5
45.5 49.5
46.5 32.5
46.5 42.5
46.5 49.5
47.5 8.5
47.5 19.5
47.5 20.5
47.5 32.5
47.5 33.5
47.5 43.5
47.5 48.5
47.5 59.5
47.5 60.5
48.5 7.5
48.5 8.5
48.5 18.5
48.5 19.5
48.5 33.5
48.5 34.5
48.5 43.5
48.5 48.5
48.5 58.5
48.5 59.5
49.5 6.5
49.5 7.5
49.5 17.5
49.5 34.5
49.5 57.5
49.5 58.5
50.5 6.5
50.5 13.5
50.5 23.5
50.5 27.5
50.5 39.5
50.5 52.5
50.5 53.5
50.5 63.5
51.5 12.5
51.5 13.5
51.5 22.5
51.5 23.5
51.5 28.5
51.5 29.5
51.5 39.5
51.5 40.5
51.5 52.5
51.5 62.5
51.5 63.5
52.5 11.5
52.5 12.5
52.5 22.5
52.5 28.5
52.5 29.5
52.5 40.5
52.5 51.5
52.5 52.5
52.5 62.5
53.5 10.5
53.5 21.5
53.5 29.5
53.5 30.5
53.5 41.5
53.5 51.5
53.5 61.5
56.5 61.5
57.5 10.5
57.5 41.5
57.5 42.5
57.5 50.5
57.5 51.5
57.5 60.5
57.5 61.5
58.5 8.5
58.5 9.5
58.5 19.5
58.5 20.5
58.5 29.5
58.5 30.5
58.5 42.5
58.5 43.5
58.5 49.5
58.5 50.5
58.5 60.5
59.5 7.5
59.5 8.5
59.5 19.5
59.5 28.5
59.5 29.5
59.5 43.5
59.5 48.5
59.5 49.5
59.5 59.5
60.5 14.5
60.5 19.5
60.5 27.5
60.5 55.5
60.5 59.5
60.5 64.5
61.5 13.5
61.5 14.5
61.5 19.5
61.5 33.5
61.5 34.5
61.5 38.5
61.5 39.5
61.5 53.5
61.5 54.5
61.5 55.5
61.5 63.5
61.5 64.5
62.5 12.5
62.5 13.5
62.5 23.5
62.5 32.5
62.5 33.5
62.5 39.5
62.5 40.5
62.5 52.5
62.5 53.5
62.5 63.5
63.5 12.5
63.5 13.5
63.5 22.5
63.5 32.5
63.5 40.5
63.5 63.5
64.5 22.5
