4.5 12.5
4.5 30.5
5.5 11.5
5.5 29.5
5.5 45.5
6.5 10.5
6.5 11.5
6.5 27.5
6.5 28.5
6.5 44.5
6.5 59.5
7.5 10.5
7.5 26.5
7.5 27.5
7.5 28.5
7.5 42.5
7.5 43.5
7.5 58.5
8.5 9.5
8.5 25.5
8.5 26.5
8.5 27.5
8.5 41.5
8.5 42.5
8.5 57.5
8.5 58.5
9.5 8.5
9.5 9.5
9.5 17.5
9.5 18.5
9.5 24.5
9.5 25.5
9.5 26.5
9.5 40.5
9.5 41.5
9.5 56.5
9.5 57.5
10.5 7.5
10.5 8.5
10.5 17.5
10.5 23.5
10.5 24.5
10.5 25.5
10.5 39.5
10.5 40.5
10.5 55.5
10.5 56.5
10.5 66.5
11.5 7.5
11.5 16.5
11.5 17.5
11.5 22.5
11.5 23.5
11.5 24.5
11.5 34.5
11.5 38.5
11.5 39.5
11.5 50.5
11.5 54.5
11.5 55.5
11.5 65.5
12.5 6.5
12.5 15.5
12.5 16.5
12.5 21.5
12.5 22.5
12.5 33.5
12.5 37.5
12.5 38.5
12.5 48.5
12.5 49.5
12.5 54.5
12.5 64.5
13.5 14.5
13.5 15.5
13.5 21.5
13.5 32.5
13.5 36.5
13.5 37.5
13.5 47.5
13.5 48.5
13.5 53.5
13.5 63.5
14.5 13.5
14.5 14.5
14.5 15.5
14.5 31.5
14.5 45.5
14.5 46.5
14.5 47.5
14.5 52.5
14.5 53.5
14.5 62.5
14.5 63.5
15.5 13.5
15.5 14.5
15.5 30.5
15.5 44.5
15.5 45.5
15.5 46.5
15.5 61.5
15.5 62.5
16.5 12.5
16.5 13.5
16.5 29.5
16.5 43.5
16.5 44.5
16.5 45.5
16.5 60.5
16.5 61.5
17.5 11.5
17.5 12.5
17.5 28.5
17.5 42.5
17.5 43.5
17.5 59.5
17.5 60.5
18.5 11.5
18.5 27.5
18.5 41.5
18.5 42.5
18.5 58.5
19.5 10.5
19.5 26.5
19.5 40.5
19.5 57.5
20.5 26.5
21.5 14.5
21.5 27.5
21.5 57.5
22.5 13.5
22.5 27.5
22.5 28.5
22.5 44.5
22.5 58.5
22.5 59.5
23.5 11.5
23.5 12.5
23.5 28.5
23.5 29.5
23.5 42.5
23.5 43.5
23.5 59.5
23.5 60.5
23.5 61.5
24.5 10.5
24.5 11.5
24.5 29.5
24.5 30.5
24.5 40.5
24.5 41.5
24.5 42.5
24.5 61.5
24.5 62.5
25.5 8.5
25.5 9.5
25.5 10.5
25.5 30.5
25.5 31.5
25.5 39.5
25.5 40.5
25.5 41.5
25.5 62.5
25.5 63.5
25.5 64.5
26.5 7.5
26.5 8.5
26.5 9.5
26.5 20.5
26.5 22.5
26.5 31.5
26.5 38.5
26.5 39.5
26.5 51.5
26.5 63.5
26.5 64.5
26.5 65.5
27.5 6.5
27.5 7.5
27.5 18.5
27.5 19.5
27.5 22.5
27.5 23.5
27.5 32.5
27.5 36.5
27.5 37.5
27.5 49.5
27.5 50.5
27.5 52.5
27.5 53.5
27.5 65.5
27.5 66.5
28.5 5.5
28.5 6.5
28.5 17.5
28.5 18.5
28.5 23.5
28.5 24.5
28.5 33.5
28.5 35.5
28.5 36.5
28.5 47.5
28.5 48.5
28.5 54.5
28.5 55.5
29.5 16.5
29.5 17.5
29.5 24.5
29.5 25.5
29.5 46.5
29.5 47.5
29.5 55.5
29.5 56.5
30.5 15.5
30.5 16.5
30.5 25.5
30.5 26.5
30.5 45.5
30.5 46.5
30.5 56.5
30.5 57.5
30.5 58.5
31.5 13.5
31.5 14.5
31.5 15.5
31.5 26.5
31.5 27.5
31.5 43.5
31.5 44.5
31.5 58.5
31.5 59.5
32.5 12.5
32.5 13.5
32.5 27.5
32.5 42.5
32.5 43.5
32.5 59.5
32.5 60.5
33.5 11.5
33.5 12.5
33.5 28.5
33.5 41.5
33.5 61.5
34.5 11.5
34.5 29.5
35.5 41.5
35.5 57.5
36.5 27.5
36.5 42.5
36.5 58.5
37.5 13.5
37.5 14.5
37.5 27.5
37.5 28.5
37.5 42.5
37.5 43.5
37.5 59.5
37.5 60.5
38.5 11.5
38.5 12.5
38.5 13.5
38.5 28.5
38.5 43.5
38.5 44.5
38.5 60.5
38.5 61.5
39.5 10.5
39.5 11.5
39.5 28.5
39.5 29.5
39.5 44.5
39.5 45.5
39.5 61.5
39.5 62.5
40.5 9.5
40.5 10.5
40.5 29.5
40.5 30.5
40.5 45.5
40.5 46.5
40.5 62.5
40.5 63.5
41.5 7.5
41.5 8.5
41.5 9.5
41.5 20.5
41.5 21.5
41.5 30.5
41.5 31.5
41.5 36.5
41.5 46.5
41.5 47.5
41.5 52.5
41.5 53.5
41.5 64.5
42.5 6.5
42.5 7.5
42.5 18.5
42.5 19.5
42.5 22.5
42.5 31.5
42.5 37.5
42.5 47.5
42.5 48.5
42.5 53.5
42.5 54.5
42.5 65.5
43.5 5.5
43.5 6.5
43.5 17.5
43.5 18.5
43.5 22.5
43.5 23.5
43.5 31.5
43.5 32.5
43.5 37.5
43.5 38.5
43.5 48.5
43.5 49.5
43.5 54.5
43.5 55.5
44.5 15.5
44.5 16.5
44.5 17.5
44.5 23.5
44.5 24.5
44.5 32.5
44.5 33.5
44.5 38.5
44.5 39.5
44.5 50.5
44.5 55.5
44.5 56.5
45.5 14.5
45.5 15.5
45.5 24.5
45.5 25.5
45.5 33.5
45.5 39.5
45.5 40.5
45.5 56.5
45.5 57.5
46.5 13.5
46.5 14.5
46.5 25.5
46.5 26.5
46.5 40.5
46.5 41.5
46.5 57.5
46.5 58.5
47.5 12.5
47.5 13.5
47.5 26.5
47.5 41.5
47.5 42.5
47.5 58.5
47.5 59.5
48.5 11.5
48.5 27.5
48.5 42.5
48.5 43.5
48.5 60.5
49.5 10.5
49.5 28.5
49.5 43.5
49.5 44.5
50.5 29.5
50.5 44.5
51.5 13.5
51.5 29.5
51.5 57.5
51.5 58.5
52.5 12.5
52.5 13.5
52.5 28.5
52.5 44.5
52.5 58.5
52.5 59.5
53.5 11.5
53.5 12.5
53.5 27.5
53.5 43.5
53.5 44.5
53.5 59.5
53.5 60.5
53.5 61.5
54.5 10.5
54.5 11.5
54.5 26.5
54.5 27.5
54.5 42.5
54.5 43.5
54.5 61.5
54.5 62.5
55.5 9.5
55.5 10.5
55.5 25.5
55.5 26.5
55.5 41.5
55.5 42.5
55.5 62.5
55.5 63.5
56.5 8.5
56.5 9.5
56.5 19.5
56.5 24.5
56.5 25.5
56.5 40.5
56.5 41.5
56.5 51.5
56.5 52.5
56.5 63.5
56.5 64.5
57.5 7.5
57.5 8.5
57.5 18.5
57.5 23.5
57.5 24.5
57.5 35.5
57.5 39.5
57.5 40.5
57.5 50.5
57.5 53.5
57.5 54.5
57.5 65.5
57.5 68.5
58.5 7.5
58.5 17.5
58.5 22.5
58.5 23.5
58.5 33.5
58.5 34.5
58.5 38.5
58.5 39.5
58.5 49.5
58.5 54.5
58.5 55.5
58.5 66.5
59.5 6.5
59.5 16.5
59.5 17.5
59.5 21.5
59.5 22.5
59.5 32.5
59.5 33.5
59.5 37.5
59.5 38.5
59.5 48.5
59.5 55.5
59.5 56.5
60.5 15.5
60.5 16.5
60.5 21.5
60.5 31.5
60.5 32.5
60.5 36.5
60.5 47.5
60.5 48.5
60.5 57.5
60.5 58.5
61.5 14.5
61.5 15.5
61.5 29.5
61.5 30.5
61.5 31.5
61.5 46.5
61.5 47.5
61.5 58.5
61.5 59.5
62.5 13.5
62.5 14.5
62.5 28.5
62.5 29.5
62.5 30.5
62.5 45.5
62.5 46.5
62.5 59.5
62.5 60.5
63.5 12.5
63.5 13.5
63.5 27.5
63.5 28.5
63.5 44.5
63.5 45.5
63.5 60.5
63.5 61.5
64.5 12.5
64.5 26.5
64.5 27.5
64.5 43.5
64.5 44.5
