4.5 41.5
4.5 51.5
5.5 10.5
5.5 31.5
5.5 41.5
6.5 21.5
6.5 41.5
6.5 50.5
6.5 61.5
7.5 9.5
7.5 21.5
7.5 42.5
8.5 32.5
8.5 42.5
8.5 49.5
8.5 60.5
9.5 8.5
9.5 22.5
9.5 32.5
9.5 42.5
9.5 49.5
9.5 60.5
10.5 8.5
10.5 22.5
10.5 48.5
10.5 54.5
10.5 59.5
11.5 7.5
11.5 14.5
11.5 28.5
11.5 33.5
11.5 37.5
11.5 43.5
11.5 54.5
11.5 59.5
11.5 65.5
12.5 17.5
12.5 23.5
12.5 28.5
12.5 33.5
12.5 37.5
12.5 43.5
12.5 47.5
12.5 53.5
12.5 58.5
13.5 6.5
13.5 13.5
13.5 23.5
13.5 28.5
13.5 53.5
13.5 58.5
13.5 64.5
14.5 12.5
14.5 18.5
14.5 38.5
14.5 52.5
15.5 11.5
15.5 29.5
15.5 52.5
15.5 63.5
16.5 11.5
16.5 19.5
16.5 29.5
16.5 39.5
16.5 51.5
16.5 62.5
17.5 10.5
17.5 29.5
17.5 39.5
17.5 51.5
17.5 62.5
18.5 50.5
18.5 61.5
20.5 11.5
20.5 29.5
20.5 39.5
20.5 51.5
21.5 21.5
21.5 29.5
21.5 61.5
22.5 10.5
22.5 40.5
22.5 50.5
23.5 9.5
23.5 22.5
23.5 28.5
23.5 41.5
23.5 49.5
23.5 62.5
24.5 9.5
24.5 28.5
24.5 36.5
25.5 8.5
25.5 15.5
25.5 18.5
25.5 23.5
25.5 33.5
25.5 42.5
25.5 48.5
25.5 63.5
26.5 8.5
26.5 27.5
26.5 33.5
26.5 37.5
26.5 43.5
26.5 47.5
26.5 54.5
26.5 64.5
27.5 7.5
27.5 14.5
27.5 19.5
27.5 24.5
27.5 27.5
27.5 53.5
27.5 58.5
27.5 64.5
28.5 7.5
28.5 19.5
28.5 32.5
28.5 38.5
28.5 44.5
28.5 46.5
28.5 53.5
28.5 65.5
29.5 13.5
29.5 20.5
29.5 32.5
29.5 52.5
29.5 59.5
30.5 13.5
30.5 20.5
30.5 32.5
30.5 39.5
30.5 52.5
31.5 12.5
31.5 60.5
32.5 12.5
32.5 21.5
32.5 31.5
32.5 40.5
32.5 51.5
32.5 61.5
33.5 11.5
33.5 31.5
33.5 61.5
35.5 31.5
35.5 41.5
36.5 22.5
36.5 31.5
36.5 41.5
36.5 50.5
37.5 11.5
37.5 22.5
37.5 62.5
38.5 22.5
38.5 32.5
38.5 49.5
39.5 10.5
39.5 22.5
39.5 27.5
39.5 32.5
39.5 42.5
39.5 49.5
39.5 63.5
40.5 9.5
40.5 33.5
40.5 42.5
40.5 48.5
40.5 64.5
41.5 9.5
41.5 23.5
41.5 33.5
41.5 37.5
41.5 48.5
42.5 8.5
42.5 14.5
42.5 18.5
42.5 23.5
42.5 28.5
42.5 54.5
42.5 58.5
42.5 65.5
43.5 8.5
43.5 14.5
43.5 23.5
43.5 28.5
43.5 34.5
43.5 38.5
43.5 43.5
43.5 47.5
43.5 59.5
44.5 13.5
44.5 28.5
44.5 38.5
44.5 53.5
44.5 59.5
45.5 13.5
45.5 19.5
45.5 29.5
45.5 52.5
45.5 60.5
46.5 12.5
46.5 19.5
46.5 29.5
46.5 39.5
46.5 52.5
46.5 61.5
47.5 12.5
47.5 29.5
47.5 51.5
47.5 61.5
48.5 11.5
48.5 20.5
48.5 51.5
48.5 62.5
49.5 20.5
49.5 40.5
49.5 50.5
50.5 30.5
51.5 11.5
51.5 20.5
51.5 30.5
51.5 40.5
51.5 51.5
51.5 62.5
52.5 40.5
52.5 62.5
53.5 10.5
53.5 19.5
53.5 29.5
53.5 50.5
53.5 63.5
54.5 9.5
54.5 19.5
54.5 29.5
54.5 39.5
54.5 49.5
54.5 63.5
55.5 9.5
55.5 28.5
55.5 39.5
55.5 49.5
55.5 64.5
56.5 8.5
56.5 18.5
56.5 23.5
56.5 34.5
56.5 48.5
56.5 57.5
56.5 64.5
57.5 13.5
57.5 27.5
57.5 38.5
57.5 43.5
57.5 48.5
57.5 54.5
57.5 58.5
57.5 65.5
58.5 7.5
58.5 13.5
58.5 17.5
58.5 22.5
58.5 33.5
58.5 38.5
58.5 43.5
58.5 47.5
58.5 58.5
58.5 65.5
59.5 12.5
59.5 22.5
59.5 26.5
59.5 53.5
59.5 59.5
59.5 66.5
60.5 12.5
60.5 32.5
60.5 42.5
61.5 11.5
61.5 21.5
61.5 31.5
61.5 42.5
61.5 52.5
61.5 60.5
62.5 31.5
62.5 61.5
63.5 10.5
63.5 20.5
63.5 41.5
63.5 51.5
63.5 61.5
64.5 62.5
