6.5 10.5
6.5 11.5
6.5 12.5
6.5 13.5
6.5 14.5
6.5 57.5
6.5 58.5
7.5 8.5
7.5 9.5
7.5 10.5
7.5 11.5
7.5 12.5
7.5 13.5
7.5 14.5
7.5 31.5
7.5 32.5
7.5 33.5
7.5 34.5
7.5 35.5
7.5 56.5
7.5 57.5
7.5 58.5
7.5 59.5
7.5 60.5
7.5 61.5
8.5 8.5
8.5 9.5
8.5 10.5
8.5 11.5
8.5 12.5
8.5 13.5
8.5 14.5
8.5 29.5
8.5 30.5
8.5 31.5
8.5 32.5
8.5 33.5
8.5 34.5
8.5 35.5
8.5 56.5
8.5 57.5
8.5 58.5
8.5 59.5
8.5 60.5
8.5 61.5
8.5 62.5
9.5 8.5
9.5 9.5
9.5 10.5
9.5 11.5
9.5 12.5
9.5 29.5
9.5 30.5
9.5 31.5
9.5 32.5
9.5 33.5
9.5 34.5
9.5 58.5
9.5 59.5
9.5 60.5
9.5 61.5
9.5 62.5
9.5 63.5
10.5 18.5
10.5 19.5
10.5 20.5
10.5 21.5
10.5 22.5
10.5 30.5
10.5 31.5
10.5 61.5
11.5 16.5
11.5 17.5
11.5 18.5
11.5 19.5
11.5 20.5
11.5 21.5
11.5 22.5
11.5 38.5
11.5 39.5
11.5 40.5
11.5 41.5
11.5 42.5
11.5 49.5
11.5 50.5
11.5 51.5
11.5 52.5
11.5 53.5
11.5 54.5
12.5 15.5
12.5 16.5
12.5 17.5
12.5 18.5
12.5 19.5
12.5 20.5
12.5 21.5
12.5 37.5
12.5 38.5
12.5 39.5
12.5 40.5
12.5 41.5
12.5 42.5
12.5 49.5
12.5 50.5
12.5 51.5
12.5 52.5
12.5 53.5
12.5 54.5
12.5 55.5
13.5 15.5
13.5 16.5
13.5 17.5
13.5 18.5
13.5 19.5
13.5 20.5
13.5 36.5
13.5 37.5
13.5 38.5
13.5 39.5
13.5 40.5
13.5 41.5
13.5 42.5
13.5 50.5
13.5 51.5
13.5 52.5
13.5 53.5
13.5 54.5
13.5 55.5
13.5 56.5
14.5 37.5
14.5 38.5
14.5 39.5
14.5 40.5
14.5 52.5
14.5 53.5
14.5 54.5
14.5 55.5
14.5 56.5
17.5 17.5
18.5 15.5
18.5 16.5
18.5 17.5
18.5 18.5
18.5 19.5
18.5 20.5
18.5 21.5
18.5 34.5
18.5 35.5
19.5 16.5
19.5 17.5
19.5 18.5
19.5 19.5
19.5 20.5
19.5 21.5
19.5 22.5
19.5 31.5
19.5 32.5
19.5 33.5
19.5 34.5
19.5 35.5
19.5 36.5
19.5 57.5
19.5 58.5
19.5 59.5
19.5 60.5
19.5 61.5
20.5 16.5
20.5 17.5
20.5 18.5
20.5 19.5
20.5 20.5
20.5 21.5
20.5 22.5
20.5 23.5
20.5 30.5
20.5 31.5
20.5 32.5
20.5 33.5
20.5 34.5
20.5 35.5
20.5 36.5
20.5 57.5
20.5 58.5
20.5 59.5
20.5 60.5
20.5 61.5
20.5 62.5
20.5 63.5
21.5 18.5
21.5 19.5
21.5 20.5
21.5 21.5
21.5 22.5
21.5 30.5
21.5 31.5
21.5 32.5
21.5 33.5
21.5 34.5
21.5 35.5
21.5 57.5
21.5 58.5
21.5 59.5
21.5 60.5
21.5 61.5
21.5 62.5
21.5 63.5
22.5 9.5
22.5 10.5
22.5 11.5
22.5 12.5
22.5 30.5
22.5 31.5
22.5 32.5
22.5 33.5
22.5 59.5
22.5 60.5
22.5 61.5
22.5 62.5
22.5 63.5
23.5 8.5
23.5 9.5
23.5 10.5
23.5 11.5
23.5 12.5
23.5 13.5
23.5 14.5
23.5 39.5
23.5 40.5
23.5 41.5
23.5 42.5
23.5 50.5
23.5 51.5
23.5 52.5
23.5 53.5
24.5 9.5
24.5 10.5
24.5 11.5
24.5 12.5
24.5 13.5
24.5 14.5
24.5 15.5
24.5 37.5
24.5 38.5
24.5 39.5
24.5 40.5
24.5 41.5
24.5 42.5
24.5 49.5
24.5 50.5
24.5 51.5
24.5 52.5
24.5 53.5
24.5 54.5
24.5 55.5
25.5 10.5
25.5 11.5
25.5 12.5
25.5 13.5
25.5 14.5
25.5 15.5
25.5 36.5
25.5 37.5
25.5 38.5
25.5 39.5
25.5 40.5
25.5 41.5
25.5 42.5
25.5 50.5
25.5 51.5
25.5 52.5
25.5 53.5
25.5 54.5
25.5 55.5
25.5 56.5
26.5 11.5
26.5 12.5
26.5 13.5
26.5 14.5
26.5 15.5
26.5 36.5
26.5 37.5
26.5 38.5
26.5 39.5
26.5 40.5
26.5 51.5
26.5 52.5
26.5 53.5
26.5 54.5
26.5 55.5
26.5 56.5
31.5 12.5
31.5 13.5
31.5 14.5
31.5 15.5
31.5 16.5
31.5 31.5
31.5 32.5
31.5 33.5
31.5 34.5
31.5 35.5
31.5 56.5
31.5 57.5
31.5 58.5
31.5 59.5
31.5 60.5
31.5 61.5
32.5 10.5
32.5 11.5
32.5 12.5
32.5 13.5
32.5 14.5
32.5 15.5
32.5 16.5
32.5 30.5
32.5 31.5
32.5 32.5
32.5 33.5
32.5 34.5
32.5 35.5
32.5 56.5
32.5 57.5
32.5 58.5
32.5 59.5
32.5 60.5
32.5 61.5
32.5 62.5
32.5 63.5
33.5 10.5
33.5 11.5
33.5 12.5
33.5 13.5
33.5 14.5
33.5 29.5
33.5 30.5
33.5 31.5
33.5 32.5
33.5 33.5
33.5 34.5
33.5 35.5
33.5 57.5
33.5 58.5
33.5 59.5
33.5 60.5
33.5 61.5
33.5 62.5
33.5 63.5
34.5 11.5
34.5 20.5
34.5 21.5
34.5 22.5
34.5 29.5
34.5 30.5
34.5 31.5
34.5 32.5
34.5 33.5
34.5 59.5
34.5 60.5
34.5 61.5
34.5 62.5
34.5 63.5
35.5 18.5
35.5 19.5
35.5 20.5
35.5 21.5
35.5 22.5
35.5 23.5
35.5 39.5
35.5 40.5
35.5 41.5
35.5 42.5
35.5 49.5
35.5 50.5
35.5 51.5
35.5 52.5
35.5 53.5
36.5 17.5
36.5 18.5
36.5 19.5
36.5 20.5
36.5 21.5
36.5 22.5
36.5 37.5
36.5 38.5
36.5 39.5
36.5 40.5
36.5 41.5
36.5 42.5
36.5 49.5
36.5 50.5
36.5 51.5
36.5 52.5
36.5 53.5
36.5 54.5
36.5 55.5
37.5 17.5
37.5 18.5
37.5 19.5
37.5 20.5
37.5 21.5
37.5 36.5
37.5 37.5
37.5 38.5
37.5 39.5
37.5 40.5
37.5 41.5
37.5 50.5
37.5 51.5
37.5 52.5
37.5 53.5
37.5 54.5
37.5 55.5
37.5 56.5
38.5 18.5
38.5 19.5
38.5 36.5
38.5 37.5
38.5 38.5
38.5 39.5
38.5 40.5
38.5 52.5
38.5 53.5
38.5 54.5
38.5 55.5
38.5 56.5
42.5 17.5
42.5 18.5
42.5 19.5
42.5 57.5
42.5 58.5
42.5 59.5
43.5 17.5
43.5 18.5
43.5 19.5
43.5 20.5
43.5 36.5
43.5 37.5
43.5 38.5
43.5 57.5
43.5 58.5
43.5 59.5
43.5 60.5
43.5 61.5
43.5 62.5
44.5 17.5
44.5 18.5
44.5 19.5
44.5 20.5
44.5 21.5
44.5 22.5
44.5 35.5
44.5 36.5
44.5 37.5
44.5 38.5
44.5 39.5
44.5 40.5
44.5 57.5
44.5 58.5
44.5 59.5
44.5 60.5
44.5 61.5
44.5 62.5
44.5 63.5
45.5 18.5
45.5 19.5
45.5 20.5
45.5 21.5
45.5 22.5
45.5 35.5
45.5 36.5
45.5 37.5
45.5 38.5
45.5 39.5
45.5 40.5
45.5 41.5
45.5 59.5
45.5 60.5
45.5 61.5
45.5 62.5
45.5 63.5
45.5 64.5
46.5 9.5
46.5 10.5
46.5 11.5
46.5 12.5
46.5 13.5
46.5 14.5
46.5 21.5
46.5 36.5
46.5 37.5
46.5 38.5
46.5 39.5
46.5 40.5
46.5 41.5
46.5 61.5
46.5 62.5
46.5 63.5
47.5 9.5
47.5 10.5
47.5 11.5
47.5 12.5
47.5 13.5
47.5 14.5
47.5 15.5
47.5 28.5
47.5 29.5
47.5 30.5
47.5 37.5
47.5 38.5
47.5 39.5
47.5 40.5
47.5 41.5
47.5 49.5
47.5 50.5
47.5 51.5
47.5 52.5
47.5 53.5
47.5 54.5
48.5 10.5
48.5 11.5
48.5 12.5
48.5 13.5
48.5 14.5
48.5 15.5
48.5 28.5
48.5 29.5
48.5 30.5
48.5 31.5
48.5 32.5
48.5 49.5
48.5 50.5
48.5 51.5
48.5 52.5
48.5 53.5
48.5 54.5
48.5 55.5
48.5 56.5
49.5 11.5
49.5 12.5
49.5 13.5
49.5 14.5
49.5 15.5
49.5 29.5
49.5 30.5
49.5 31.5
49.5 32.5
49.5 33.5
49.5 49.5
49.5 50.5
49.5 51.5
49.5 52.5
49.5 53.5
49.5 54.5
49.5 55.5
49.5 56.5
50.5 30.5
50.5 31.5
50.5 32.5
50.5 33.5
50.5 34.5
50.5 50.5
50.5 51.5
50.5 52.5
50.5 53.5
50.5 54.5
50.5 55.5
50.5 56.5
51.5 32.5
51.5 33.5
51.5 34.5
51.5 52.5
51.5 53.5
51.5 54.5
51.5 55.5
54.5 11.5
54.5 12.5
54.5 13.5
54.5 14.5
55.5 10.5
55.5 11.5
55.5 12.5
55.5 13.5
55.5 14.5
55.5 15.5
55.5 31.5
55.5 32.5
55.5 33.5
55.5 58.5
55.5 59.5
56.5 9.5
56.5 10.5
56.5 11.5
56.5 12.5
56.5 13.5
56.5 14.5
56.5 29.5
56.5 30.5
56.5 31.5
56.5 32.5
56.5 33.5
56.5 34.5
56.5 56.5
56.5 57.5
56.5 58.5
56.5 59.5
56.5 60.5
56.5 61.5
56.5 62.5
57.5 9.5
57.5 10.5
57.5 11.5
57.5 12.5
57.5 13.5
57.5 28.5
57.5 29.5
57.5 30.5
57.5 31.5
57.5 32.5
57.5 33.5
57.5 34.5
57.5 55.5
57.5 56.5
57.5 57.5
57.5 58.5
57.5 59.5
57.5 60.5
57.5 61.5
57.5 62.5
57.5 63.5
58.5 10.5
58.5 11.5
58.5 28.5
58.5 29.5
58.5 30.5
58.5 31.5
58.5 32.5
58.5 33.5
58.5 56.5
58.5 57.5
58.5 58.5
58.5 59.5
58.5 60.5
58.5 61.5
58.5 62.5
58.5 63.5
59.5 17.5
59.5 18.5
59.5 19.5
59.5 20.5
59.5 21.5
59.5 28.5
59.5 29.5
59.5 30.5
59.5 31.5
59.5 32.5
59.5 57.5
59.5 58.5
59.5 59.5
59.5 60.5
59.5 61.5
59.5 62.5
59.5 63.5
60.5 16.5
60.5 17.5
60.5 18.5
60.5 19.5
60.5 20.5
60.5 21.5
60.5 38.5
60.5 39.5
60.5 40.5
60.5 41.5
60.5 48.5
60.5 49.5
60.5 50.5
60.5 51.5
61.5 16.5
61.5 17.5
61.5 18.5
61.5 19.5
61.5 20.5
61.5 21.5
61.5 36.5
61.5 37.5
61.5 38.5
61.5 39.5
61.5 40.5
61.5 41.5
61.5 48.5
61.5 49.5
61.5 50.5
61.5 51.5
61.5 52.5
61.5 53.5
62.5 16.5
62.5 17.5
62.5 18.5
62.5 19.5
62.5 20.5
62.5 35.5
62.5 36.5
62.5 37.5
62.5 38.5
62.5 39.5
62.5 40.5
62.5 49.5
62.5 50.5
62.5 51.5
62.5 52.5
62.5 53.5
62.5 54.5
62.5 55.5
63.5 17.5
63.5 18.5
63.5 35.5
63.5 36.5
63.5 37.5
63.5 38.5
63.5 39.5
63.5 51.5
63.5 52.5
63.5 53.5
63.5 54.5
63.5 55.5
