6.5 16.5
6.5 56.5
6.5 57.5
6.5 58.5
7.5 18.5
7.5 19.5
7.5 20.5
7.5 37.5
7.5 38.5
7.5 59.5
7.5 60.5
7.5 61.5
7.5 62.5
7.5 63.5
8.5 21.5
8.5 22.5
8.5 39.5
8.5 40.5
8.5 41.5
10.5 8.5
10.5 9.5
10.5 30.5
10.5 31.5
10.5 48.5
10.5 49.5
11.5 10.5
11.5 11.5
11.5 12.5
11.5 13.5
11.5 32.5
11.5 33.5
11.5 34.5
11.5 52.5
11.5 53.5
11.5 54.5
12.5 14.5
12.5 15.5
16.5 56.5
17.5 15.5
17.5 16.5
17.5 32.5
17.5 33.5
17.5 52.5
17.5 53.5
17.5 54.5
18.5 18.5
18.5 19.5
18.5 20.5
18.5 21.5
18.5 29.5
18.5 30.5
18.5 49.5
18.5 50.5
20.5 40.5
20.5 41.5
20.5 42.5
20.5 60.5
20.5 61.5
21.5 10.5
21.5 11.5
21.5 12.5
21.5 37.5
21.5 38.5
21.5 39.5
21.5 58.5
21.5 59.5
26.5 15.5
26.5 36.5
27.5 17.5
27.5 18.5
27.5 19.5
27.5 20.5
27.5 38.5
27.5 39.5
27.5 40.5
27.5 57.5
27.5 58.5
27.5 59.5
28.5 21.5
28.5 22.5
28.5 23.5
28.5 42.5
28.5 43.5
28.5 60.5
28.5 61.5
30.5 7.5
30.5 8.5
30.5 31.5
30.5 32.5
30.5 33.5
30.5 50.5
30.5 51.5
31.5 9.5
31.5 10.5
31.5 11.5
31.5 12.5
31.5 13.5
31.5 34.5
31.5 35.5
31.5 36.5
31.5 53.5
31.5 54.5
32.5 14.5
32.5 15.5
32.5 56.5
36.5 37.5
36.5 38.5
37.5 12.5
37.5 13.5
37.5 40.5
37.5 41.5
37.5 42.5
37.5 51.5
37.5 52.5
37.5 53.5
37.5 54.5
38.5 8.5
38.5 9.5
40.5 18.5
40.5 19.5
40.5 20.5
40.5 21.5
40.5 30.5
40.5 31.5
40.5 32.5
40.5 33.5
40.5 59.5
40.5 60.5
40.5 61.5
41.5 15.5
41.5 16.5
41.5 17.5
41.5 34.5
41.5 35.5
41.5 36.5
41.5 56.5
41.5 57.5
46.5 15.5
46.5 57.5
46.5 58.5
47.5 11.5
47.5 12.5
47.5 13.5
47.5 36.5
47.5 37.5
47.5 38.5
47.5 39.5
47.5 60.5
47.5 61.5
48.5 8.5
48.5 9.5
48.5 10.5
48.5 40.5
48.5 41.5
48.5 42.5
49.5 49.5
50.5 29.5
50.5 51.5
50.5 52.5
50.5 53.5
51.5 18.5
51.5 19.5
51.5 20.5
51.5 31.5
51.5 32.5
51.5 54.5
51.5 55.5
52.5 15.5
52.5 16.5
52.5 34.5
52.5 35.5
56.5 56.5
57.5 14.5
57.5 15.5
57.5 16.5
57.5 37.5
57.5 38.5
57.5 53.5
57.5 54.5
58.5 17.5
58.5 18.5
58.5 19.5
58.5 20.5
58.5 40.5
58.5 41.5
58.5 50.5
58.5 51.5
59.5 21.5
59.5 22.5
60.5 29.5
60.5 30.5
60.5 60.5
60.5 61.5
60.5 62.5
61.5 7.5
61.5 8.5
61.5 9.5
61.5 31.5
61.5 32.5
61.5 33.5
61.5 34.5
61.5 57.5
61.5 58.5
61.5 59.5
62.5 10.5
62.5 11.5
62.5 12.5
62.5 13.5
62.5 36.5
