6.5 9.5
6.5 10.5
6.5 22.5
6.5 35.5
6.5 49.5
6.5 61.5
7.5 8.5
7.5 9.5
7.5 21.5
7.5 22.5
7.5 33.5
7.5 34.5
7.5 35.5
7.5 49.5
7.5 50.5
7.5 51.5
7.5 59.5
7.5 60.5
8.5 7.5
8.5 8.5
8.5 20.5
8.5 21.5
8.5 32.5
8.5 33.5
8.5 34.5
8.5 50.5
8.5 51.5
8.5 52.5
8.5 58.5
8.5 59.5
9.5 7.5
9.5 20.5
9.5 32.5
9.5 51.5
9.5 52.5
9.5 58.5
10.5 15.5
10.5 26.5
10.5 27.5
10.5 39.5
11.5 13.5
11.5 14.5
11.5 15.5
11.5 26.5
11.5 38.5
11.5 39.5
11.5 44.5
11.5 45.5
11.5 64.5
12.5 12.5
12.5 13.5
12.5 14.5
12.5 25.5
12.5 26.5
12.5 37.5
12.5 38.5
12.5 45.5
12.5 46.5
12.5 47.5
12.5 63.5
12.5 64.5
13.5 11.5
13.5 12.5
13.5 25.5
13.5 37.5
13.5 46.5
13.5 47.5
13.5 62.5
13.5 63.5
14.5 48.5
14.5 61.5
18.5 25.5
18.5 26.5
18.5 36.5
19.5 12.5
19.5 13.5
19.5 26.5
19.5 27.5
19.5 37.5
19.5 48.5
19.5 49.5
19.5 62.5
19.5 63.5
20.5 13.5
20.5 14.5
20.5 15.5
20.5 26.5
20.5 27.5
20.5 37.5
20.5 38.5
20.5 49.5
20.5 50.5
20.5 63.5
20.5 64.5
21.5 14.5
21.5 15.5
21.5 16.5
21.5 27.5
21.5 28.5
21.5 38.5
21.5 39.5
21.5 49.5
21.5 50.5
21.5 51.5
21.5 64.5
21.5 65.5
22.5 21.5
22.5 33.5
22.5 39.5
22.5 50.5
22.5 51.5
23.5 7.5
23.5 8.5
23.5 21.5
23.5 22.5
23.5 33.5
23.5 44.5
23.5 56.5
23.5 57.5
23.5 58.5
24.5 8.5
24.5 9.5
24.5 22.5
24.5 23.5
24.5 33.5
24.5 34.5
24.5 44.5
24.5 45.5
24.5 57.5
24.5 58.5
24.5 59.5
25.5 9.5
25.5 10.5
25.5 22.5
25.5 23.5
25.5 34.5
25.5 45.5
25.5 46.5
25.5 58.5
25.5 59.5
25.5 60.5
26.5 23.5
26.5 35.5
26.5 46.5
26.5 60.5
30.5 10.5
30.5 11.5
31.5 9.5
31.5 10.5
31.5 24.5
31.5 36.5
31.5 46.5
31.5 59.5
31.5 60.5
32.5 7.5
32.5 8.5
32.5 9.5
32.5 24.5
32.5 25.5
32.5 36.5
32.5 37.5
32.5 44.5
32.5 45.5
32.5 46.5
32.5 58.5
32.5 59.5
33.5 7.5
33.5 24.5
33.5 25.5
33.5 37.5
33.5 38.5
33.5 43.5
33.5 44.5
33.5 57.5
33.5 58.5
34.5 25.5
34.5 26.5
34.5 43.5
34.5 56.5
35.5 13.5
35.5 14.5
35.5 15.5
35.5 26.5
35.5 31.5
35.5 50.5
35.5 51.5
35.5 64.5
35.5 65.5
36.5 12.5
36.5 13.5
36.5 14.5
36.5 20.5
36.5 31.5
36.5 32.5
36.5 33.5
36.5 49.5
36.5 50.5
36.5 63.5
36.5 64.5
37.5 12.5
37.5 13.5
37.5 20.5
37.5 21.5
37.5 32.5
37.5 33.5
37.5 47.5
37.5 48.5
37.5 49.5
37.5 62.5
37.5 63.5
38.5 21.5
38.5 33.5
38.5 34.5
38.5 61.5
38.5 62.5
39.5 21.5
43.5 9.5
43.5 10.5
43.5 34.5
43.5 46.5
44.5 8.5
44.5 9.5
44.5 21.5
44.5 32.5
44.5 33.5
44.5 34.5
44.5 44.5
44.5 45.5
44.5 46.5
44.5 59.5
44.5 60.5
45.5 7.5
45.5 8.5
45.5 20.5
45.5 21.5
45.5 31.5
45.5 32.5
45.5 33.5
45.5 44.5
45.5 45.5
45.5 58.5
45.5 59.5
46.5 6.5
46.5 7.5
46.5 20.5
46.5 31.5
46.5 43.5
46.5 44.5
46.5 57.5
46.5 58.5
47.5 19.5
47.5 37.5
47.5 38.5
47.5 51.5
48.5 13.5
48.5 14.5
48.5 25.5
48.5 26.5
48.5 37.5
48.5 50.5
48.5 51.5
48.5 64.5
48.5 65.5
49.5 12.5
49.5 13.5
49.5 24.5
49.5 25.5
49.5 36.5
49.5 37.5
49.5 49.5
49.5 50.5
49.5 63.5
49.5 64.5
50.5 10.5
50.5 11.5
50.5 12.5
50.5 23.5
50.5 24.5
50.5 36.5
50.5 48.5
50.5 49.5
50.5 62.5
50.5 63.5
51.5 47.5
51.5 61.5
51.5 62.5
55.5 10.5
55.5 23.5
55.5 24.5
55.5 34.5
56.5 9.5
56.5 10.5
56.5 24.5
56.5 25.5
56.5 33.5
56.5 34.5
56.5 45.5
56.5 46.5
56.5 47.5
56.5 60.5
57.5 8.5
57.5 9.5
57.5 25.5
57.5 26.5
57.5 33.5
57.5 44.5
57.5 45.5
57.5 46.5
57.5 58.5
57.5 59.5
58.5 8.5
58.5 9.5
58.5 26.5
58.5 27.5
58.5 32.5
58.5 33.5
58.5 43.5
58.5 57.5
58.5 58.5
59.5 8.5
59.5 38.5
59.5 51.5
59.5 52.5
59.5 57.5
60.5 14.5
60.5 19.5
60.5 20.5
60.5 37.5
60.5 38.5
60.5 50.5
60.5 51.5
60.5 65.5
61.5 13.5
61.5 14.5
61.5 20.5
61.5 21.5
61.5 22.5
61.5 36.5
61.5 37.5
61.5 48.5
61.5 49.5
61.5 50.5
61.5 62.5
61.5 63.5
61.5 64.5
62.5 13.5
62.5 21.5
62.5 22.5
62.5 23.5
62.5 36.5
62.5 48.5
62.5 61.5
62.5 62.5
62.5 63.5
63.5 12.5
