7.5 13.5
7.5 27.5
7.5 42.5
7.5 43.5
7.5 57.5
8.5 13.5
8.5 14.5
8.5 26.5
8.5 27.5
8.5 42.5
8.5 57.5
9.5 14.5
9.5 15.5
9.5 26.5
9.5 41.5
9.5 42.5
9.5 56.5
9.5 57.5
10.5 14.5
10.5 15.5
10.5 25.5
10.5 26.5
10.5 41.5
10.5 42.5
10.5 56.5
10.5 57.5
11.5 15.5
11.5 16.5
11.5 24.5
11.5 25.5
11.5 40.5
11.5 41.5
11.5 56.5
11.5 57.5
12.5 15.5
12.5 16.5
12.5 24.5
12.5 25.5
12.5 40.5
12.5 41.5
12.5 55.5
12.5 56.5
13.5 16.5
13.5 17.5
13.5 24.5
13.5 39.5
13.5 40.5
13.5 55.5
13.5 56.5
14.5 17.5
14.5 39.5
14.5 48.5
14.5 55.5
15.5 8.5
15.5 32.5
15.5 47.5
15.5 48.5
15.5 62.5
16.5 8.5
16.5 9.5
16.5 31.5
16.5 32.5
16.5 47.5
16.5 48.5
16.5 62.5
17.5 8.5
17.5 9.5
17.5 10.5
17.5 30.5
17.5 31.5
17.5 32.5
17.5 46.5
17.5 47.5
17.5 61.5
17.5 62.5
18.5 9.5
18.5 10.5
18.5 30.5
18.5 31.5
18.5 46.5
18.5 47.5
18.5 61.5
18.5 62.5
19.5 10.5
19.5 11.5
19.5 29.5
19.5 30.5
19.5 31.5
19.5 46.5
19.5 47.5
19.5 60.5
19.5 61.5
20.5 10.5
20.5 11.5
20.5 29.5
20.5 30.5
20.5 45.5
20.5 46.5
20.5 60.5
20.5 61.5
21.5 11.5
21.5 29.5
21.5 45.5
21.5 60.5
28.5 13.5
28.5 27.5
28.5 28.5
29.5 13.5
29.5 14.5
29.5 26.5
29.5 27.5
29.5 45.5
29.5 60.5
30.5 13.5
30.5 14.5
30.5 25.5
30.5 26.5
30.5 27.5
30.5 45.5
30.5 46.5
30.5 60.5
30.5 61.5
31.5 14.5
31.5 15.5
31.5 24.5
31.5 25.5
31.5 26.5
31.5 45.5
31.5 46.5
31.5 47.5
31.5 60.5
31.5 61.5
32.5 14.5
32.5 15.5
32.5 24.5
32.5 25.5
32.5 46.5
32.5 47.5
32.5 61.5
32.5 62.5
33.5 15.5
33.5 16.5
33.5 23.5
33.5 24.5
33.5 46.5
33.5 47.5
33.5 61.5
33.5 62.5
34.5 16.5
34.5 23.5
34.5 47.5
34.5 48.5
34.5 62.5
35.5 7.5
35.5 33.5
35.5 40.5
35.5 54.5
36.5 7.5
36.5 8.5
36.5 32.5
36.5 33.5
36.5 40.5
36.5 54.5
36.5 55.5
37.5 8.5
37.5 9.5
37.5 31.5
37.5 32.5
37.5 33.5
37.5 40.5
37.5 41.5
37.5 55.5
37.5 56.5
38.5 8.5
38.5 9.5
38.5 10.5
38.5 30.5
38.5 31.5
38.5 32.5
38.5 41.5
38.5 55.5
38.5 56.5
39.5 9.5
39.5 10.5
39.5 29.5
39.5 30.5
39.5 31.5
39.5 41.5
39.5 42.5
39.5 56.5
39.5 57.5
40.5 10.5
40.5 29.5
40.5 30.5
40.5 42.5
40.5 56.5
40.5 57.5
41.5 11.5
41.5 29.5
41.5 42.5
41.5 57.5
48.5 10.5
48.5 11.5
48.5 57.5
49.5 10.5
49.5 27.5
49.5 28.5
49.5 45.5
49.5 56.5
49.5 57.5
50.5 9.5
50.5 10.5
50.5 26.5
50.5 27.5
50.5 45.5
50.5 55.5
50.5 56.5
51.5 9.5
51.5 10.5
51.5 25.5
51.5 26.5
51.5 27.5
51.5 45.5
51.5 46.5
51.5 55.5
51.5 56.5
52.5 8.5
52.5 9.5
52.5 25.5
52.5 26.5
52.5 46.5
52.5 54.5
52.5 55.5
53.5 8.5
53.5 9.5
53.5 24.5
53.5 25.5
53.5 26.5
53.5 46.5
53.5 47.5
53.5 54.5
53.5 55.5
54.5 7.5
54.5 8.5
54.5 24.5
54.5 25.5
54.5 47.5
54.5 53.5
54.5 54.5
55.5 7.5
55.5 16.5
55.5 23.5
55.5 24.5
55.5 62.5
56.5 15.5
56.5 16.5
56.5 33.5
56.5 40.5
56.5 61.5
56.5 62.5
57.5 15.5
57.5 16.5
57.5 32.5
57.5 33.5
57.5 40.5
57.5 41.5
57.5 61.5
57.5 62.5
58.5 14.5
58.5 15.5
58.5 31.5
58.5 32.5
58.5 40.5
58.5 41.5
58.5 60.5
58.5 61.5
59.5 14.5
59.5 15.5
59.5 31.5
59.5 32.5
59.5 41.5
59.5 42.5
59.5 60.5
59.5 61.5
60.5 13.5
60.5 14.5
60.5 30.5
60.5 31.5
60.5 41.5
60.5 42.5
60.5 59.5
60.5 60.5
61.5 13.5
61.5 14.5
61.5 30.5
61.5 42.5
61.5 59.5
62.5 13.5
62.5 29.5
62.5 30.5
