5.5 36.5
5.5 48.5
5.5 59.5
6.5 25.5
6.5 36.5
7.5 11.5
7.5 25.5
7.5 35.5
7.5 60.5
8.5 10.5
8.5 26.5
8.5 35.5
8.5 47.5
8.5 60.5
9.5 10.5
9.5 26.5
9.5 35.5
9.5 61.5
10.5 9.5
10.5 26.5
10.5 34.5
10.5 46.5
10.5 61.5
11.5 9.5
11.5 27.5
11.5 34.5
11.5 46.5
11.5 51.5
11.5 62.5
12.5 8.5
12.5 9.5
12.5 20.5
12.5 27.5
12.5 33.5
12.5 41.5
12.5 51.5
12.5 55.5
12.5 62.5
13.5 8.5
13.5 16.5
13.5 27.5
13.5 33.5
13.5 45.5
13.5 55.5
13.5 62.5
14.5 7.5
14.5 21.5
14.5 33.5
14.5 40.5
14.5 45.5
14.5 63.5
15.5 7.5
15.5 15.5
15.5 21.5
15.5 28.5
15.5 50.5
15.5 56.5
15.5 63.5
16.5 22.5
16.5 39.5
16.5 44.5
16.5 50.5
16.5 64.5
17.5 6.5
17.5 14.5
17.5 22.5
17.5 39.5
17.5 50.5
17.5 57.5
18.5 22.5
18.5 38.5
18.5 49.5
18.5 57.5
19.5 13.5
19.5 23.5
19.5 38.5
19.5 49.5
19.5 58.5
20.5 23.5
20.5 37.5
20.5 49.5
20.5 58.5
21.5 12.5
21.5 23.5
21.5 49.5
22.5 36.5
22.5 59.5
23.5 11.5
23.5 24.5
23.5 48.5
24.5 36.5
24.5 48.5
24.5 60.5
25.5 11.5
25.5 24.5
26.5 11.5
26.5 24.5
26.5 48.5
27.5 24.5
27.5 37.5
27.5 60.5
28.5 10.5
28.5 25.5
28.5 37.5
28.5 49.5
29.5 10.5
29.5 25.5
29.5 37.5
29.5 61.5
30.5 9.5
30.5 25.5
30.5 50.5
30.5 61.5
31.5 9.5
31.5 25.5
31.5 38.5
31.5 62.5
32.5 25.5
32.5 38.5
32.5 44.5
32.5 51.5
32.5 56.5
32.5 62.5
33.5 8.5
33.5 15.5
33.5 19.5
33.5 26.5
33.5 32.5
33.5 38.5
33.5 44.5
33.5 63.5
34.5 8.5
34.5 26.5
34.5 32.5
34.5 52.5
34.5 57.5
34.5 63.5
35.5 7.5
35.5 14.5
35.5 20.5
35.5 26.5
35.5 32.5
35.5 45.5
35.5 57.5
36.5 7.5
36.5 14.5
36.5 20.5
36.5 39.5
36.5 45.5
36.5 53.5
36.5 58.5
36.5 64.5
37.5 13.5
37.5 33.5
37.5 39.5
37.5 45.5
37.5 46.5
37.5 58.5
38.5 13.5
38.5 21.5
38.5 33.5
38.5 46.5
39.5 12.5
39.5 21.5
39.5 33.5
39.5 46.5
39.5 59.5
40.5 12.5
40.5 46.5
41.5 12.5
41.5 22.5
41.5 47.5
41.5 60.5
42.5 11.5
42.5 34.5
42.5 47.5
43.5 11.5
43.5 34.5
44.5 23.5
46.5 11.5
46.5 34.5
46.5 47.5
46.5 61.5
47.5 11.5
47.5 34.5
47.5 48.5
47.5 61.5
48.5 22.5
48.5 48.5
49.5 10.5
49.5 22.5
49.5 33.5
49.5 49.5
49.5 62.5
50.5 10.5
50.5 33.5
50.5 49.5
50.5 62.5
51.5 10.5
51.5 21.5
51.5 33.5
51.5 50.5
51.5 62.5
52.5 9.5
52.5 16.5
52.5 21.5
52.5 27.5
52.5 32.5
52.5 50.5
52.5 57.5
52.5 63.5
53.5 9.5
53.5 32.5
53.5 51.5
53.5 57.5
53.5 63.5
54.5 9.5
54.5 15.5
54.5 20.5
54.5 26.5
54.5 32.5
54.5 43.5
54.5 51.5
54.5 63.5
55.5 15.5
55.5 20.5
55.5 26.5
55.5 38.5
55.5 44.5
55.5 52.5
55.5 58.5
56.5 8.5
56.5 15.5
56.5 20.5
56.5 26.5
56.5 31.5
56.5 38.5
56.5 44.5
56.5 58.5
56.5 64.5
57.5 8.5
57.5 14.5
57.5 31.5
57.5 37.5
57.5 45.5
57.5 53.5
57.5 58.5
58.5 14.5
58.5 25.5
58.5 37.5
58.5 45.5
58.5 59.5
59.5 14.5
59.5 25.5
59.5 37.5
59.5 46.5
59.5 59.5
60.5 13.5
60.5 46.5
60.5 59.5
61.5 13.5
61.5 24.5
61.5 36.5
61.5 47.5
62.5 13.5
62.5 24.5
62.5 36.5
62.5 60.5
63.5 48.5
64.5 12.5
