5.5 16.5
6.5 14.5
6.5 15.5
6.5 36.5
6.5 37.5
7.5 11.5
7.5 12.5
7.5 13.5
7.5 33.5
7.5 34.5
7.5 35.5
7.5 56.5
7.5 57.5
7.5 58.5
8.5 9.5
8.5 10.5
8.5 11.5
8.5 30.5
8.5 31.5
8.5 32.5
8.5 33.5
8.5 53.5
8.5 54.5
8.5 55.5
9.5 7.5
9.5 8.5
9.5 9.5
9.5 28.5
9.5 29.5
9.5 30.5
9.5 50.5
9.5 51.5
9.5 52.5
10.5 6.5
10.5 7.5
10.5 24.5
10.5 25.5
10.5 26.5
10.5 44.5
10.5 47.5
10.5 48.5
10.5 49.5
10.5 65.5
11.5 21.5
11.5 22.5
11.5 41.5
11.5 42.5
11.5 45.5
11.5 46.5
11.5 62.5
11.5 63.5
12.5 18.5
12.5 19.5
12.5 20.5
12.5 39.5
12.5 40.5
12.5 60.5
12.5 61.5
13.5 16.5
13.5 17.5
13.5 18.5
13.5 37.5
13.5 38.5
13.5 57.5
13.5 58.5
14.5 14.5
14.5 15.5
14.5 35.5
14.5 36.5
14.5 55.5
14.5 56.5
15.5 12.5
15.5 33.5
15.5 53.5
18.5 33.5
18.5 53.5
19.5 13.5
19.5 14.5
19.5 35.5
19.5 36.5
19.5 55.5
19.5 56.5
19.5 57.5
19.5 58.5
20.5 16.5
20.5 17.5
20.5 18.5
20.5 38.5
20.5 39.5
20.5 59.5
20.5 60.5
20.5 61.5
20.5 62.5
21.5 19.5
21.5 20.5
21.5 21.5
21.5 22.5
21.5 41.5
21.5 42.5
21.5 63.5
21.5 64.5
21.5 65.5
22.5 24.5
22.5 25.5
22.5 26.5
22.5 44.5
22.5 46.5
22.5 47.5
23.5 6.5
23.5 7.5
23.5 8.5
23.5 28.5
23.5 29.5
23.5 30.5
23.5 31.5
23.5 49.5
23.5 50.5
24.5 9.5
24.5 10.5
24.5 11.5
24.5 32.5
24.5 33.5
24.5 34.5
24.5 52.5
24.5 53.5
24.5 54.5
25.5 12.5
25.5 13.5
25.5 14.5
25.5 36.5
25.5 37.5
25.5 38.5
25.5 56.5
25.5 57.5
26.5 15.5
26.5 16.5
26.5 59.5
26.5 60.5
29.5 38.5
29.5 39.5
29.5 53.5
30.5 15.5
30.5 16.5
30.5 35.5
30.5 36.5
30.5 37.5
30.5 55.5
30.5 56.5
31.5 13.5
31.5 14.5
31.5 32.5
31.5 33.5
31.5 34.5
31.5 56.5
31.5 57.5
31.5 58.5
32.5 11.5
32.5 12.5
32.5 29.5
32.5 30.5
32.5 31.5
32.5 58.5
32.5 59.5
32.5 60.5
33.5 9.5
33.5 10.5
33.5 27.5
33.5 28.5
33.5 46.5
33.5 60.5
33.5 61.5
33.5 62.5
34.5 7.5
34.5 8.5
34.5 23.5
34.5 24.5
34.5 43.5
34.5 44.5
34.5 45.5
34.5 48.5
34.5 63.5
34.5 64.5
35.5 5.5
35.5 6.5
35.5 20.5
35.5 21.5
35.5 41.5
35.5 42.5
35.5 43.5
35.5 49.5
35.5 50.5
35.5 65.5
36.5 17.5
36.5 18.5
36.5 19.5
36.5 38.5
36.5 39.5
36.5 40.5
36.5 51.5
36.5 52.5
37.5 15.5
37.5 16.5
37.5 36.5
37.5 37.5
37.5 38.5
37.5 52.5
37.5 53.5
38.5 12.5
38.5 13.5
38.5 34.5
38.5 35.5
38.5 54.5
38.5 55.5
39.5 56.5
40.5 58.5
42.5 11.5
42.5 34.5
43.5 13.5
43.5 14.5
43.5 15.5
43.5 36.5
43.5 37.5
43.5 57.5
44.5 15.5
44.5 16.5
44.5 17.5
44.5 38.5
44.5 39.5
44.5 54.5
44.5 55.5
45.5 17.5
45.5 18.5
45.5 19.5
45.5 20.5
45.5 40.5
45.5 41.5
45.5 51.5
45.5 52.5
46.5 20.5
46.5 21.5
46.5 22.5
46.5 26.5
46.5 43.5
46.5 48.5
46.5 49.5
47.5 5.5
47.5 6.5
47.5 23.5
47.5 24.5
47.5 27.5
47.5 28.5
47.5 29.5
47.5 46.5
47.5 65.5
48.5 7.5
48.5 8.5
48.5 30.5
48.5 31.5
48.5 32.5
48.5 60.5
48.5 61.5
48.5 62.5
49.5 9.5
49.5 10.5
49.5 32.5
49.5 33.5
49.5 34.5
49.5 56.5
49.5 57.5
49.5 58.5
49.5 59.5
50.5 11.5
50.5 12.5
50.5 35.5
50.5 36.5
50.5 52.5
50.5 53.5
50.5 54.5
51.5 13.5
51.5 14.5
51.5 38.5
52.5 16.5
53.5 18.5
54.5 59.5
55.5 32.5
55.5 55.5
55.5 56.5
55.5 57.5
56.5 13.5
56.5 34.5
56.5 35.5
56.5 36.5
56.5 52.5
56.5 53.5
56.5 54.5
56.5 55.5
57.5 15.5
57.5 16.5
57.5 37.5
57.5 38.5
57.5 39.5
57.5 49.5
57.5 50.5
57.5 51.5
57.5 52.5
58.5 17.5
58.5 18.5
58.5 19.5
58.5 40.5
58.5 41.5
58.5 42.5
58.5 47.5
58.5 48.5
58.5 49.5
58.5 66.5
59.5 5.5
59.5 20.5
59.5 21.5
59.5 44.5
59.5 45.5
59.5 63.5
59.5 64.5
60.5 7.5
60.5 8.5
60.5 22.5
60.5 23.5
60.5 25.5
60.5 26.5
60.5 60.5
60.5 61.5
60.5 62.5
61.5 9.5
61.5 10.5
61.5 11.5
61.5 28.5
61.5 29.5
61.5 30.5
61.5 57.5
61.5 58.5
61.5 59.5
62.5 12.5
62.5 13.5
62.5 14.5
62.5 31.5
62.5 32.5
62.5 33.5
62.5 55.5
62.5 56.5
63.5 15.5
63.5 16.5
63.5 34.5
63.5 35.5
63.5 36.5
63.5 53.5
