4.5 27.5
4.5 28.5
4.5 44.5
4.5 45.5
5.5 10.5
5.5 11.5
5.5 28.5
5.5 29.5
5.5 42.5
5.5 43.5
5.5 44.5
5.5 61.5
5.5 62.5
6.5 12.5
6.5 13.5
6.5 14.5
6.5 15.5
6.5 29.5
6.5 30.5
6.5 31.5
6.5 40.5
6.5 41.5
6.5 42.5
6.5 58.5
6.5 59.5
6.5 60.5
7.5 14.5
7.5 15.5
7.5 16.5
7.5 17.5
7.5 18.5
7.5 20.5
7.5 21.5
7.5 31.5
7.5 32.5
7.5 38.5
7.5 39.5
7.5 40.5
7.5 55.5
7.5 56.5
7.5 57.5
7.5 68.5
8.5 18.5
8.5 19.5
8.5 20.5
8.5 22.5
8.5 23.5
8.5 32.5
8.5 33.5
8.5 37.5
8.5 38.5
8.5 50.5
8.5 53.5
8.5 54.5
8.5 55.5
9.5 6.5
9.5 7.5
9.5 23.5
9.5 24.5
9.5 34.5
9.5 35.5
9.5 36.5
9.5 47.5
9.5 48.5
9.5 49.5
9.5 50.5
9.5 51.5
9.5 52.5
9.5 66.5
10.5 8.5
10.5 9.5
10.5 10.5
10.5 24.5
10.5 25.5
10.5 26.5
10.5 35.5
10.5 45.5
10.5 46.5
10.5 47.5
10.5 63.5
10.5 64.5
10.5 65.5
11.5 10.5
11.5 11.5
11.5 12.5
11.5 26.5
11.5 27.5
11.5 44.5
11.5 45.5
11.5 60.5
11.5 61.5
11.5 62.5
12.5 13.5
12.5 14.5
12.5 28.5
12.5 29.5
12.5 42.5
12.5 43.5
12.5 57.5
12.5 58.5
12.5 59.5
12.5 60.5
13.5 29.5
13.5 30.5
13.5 40.5
13.5 41.5
13.5 55.5
13.5 56.5
14.5 10.5
15.5 11.5
15.5 12.5
15.5 30.5
15.5 31.5
15.5 45.5
15.5 46.5
16.5 13.5
16.5 14.5
16.5 27.5
16.5 28.5
16.5 29.5
16.5 43.5
16.5 44.5
16.5 59.5
16.5 60.5
16.5 61.5
17.5 15.5
17.5 16.5
17.5 24.5
17.5 25.5
17.5 26.5
17.5 27.5
17.5 40.5
17.5 41.5
17.5 42.5
17.5 56.5
17.5 57.5
17.5 58.5
17.5 59.5
18.5 17.5
18.5 18.5
18.5 22.5
18.5 23.5
18.5 24.5
18.5 38.5
18.5 39.5
18.5 40.5
18.5 51.5
18.5 54.5
18.5 55.5
18.5 56.5
19.5 5.5
19.5 6.5
19.5 7.5
19.5 19.5
19.5 20.5
19.5 21.5
19.5 34.5
19.5 35.5
19.5 36.5
19.5 37.5
19.5 38.5
19.5 49.5
19.5 50.5
19.5 52.5
19.5 53.5
19.5 54.5
19.5 66.5
20.5 7.5
20.5 8.5
20.5 9.5
20.5 10.5
20.5 31.5
20.5 32.5
20.5 33.5
20.5 35.5
20.5 46.5
20.5 47.5
20.5 48.5
20.5 50.5
20.5 63.5
20.5 64.5
21.5 9.5
21.5 10.5
21.5 11.5
21.5 12.5
21.5 13.5
21.5 29.5
21.5 30.5
21.5 31.5
21.5 45.5
21.5 46.5
21.5 61.5
21.5 62.5
22.5 12.5
22.5 13.5
22.5 14.5
22.5 15.5
22.5 27.5
22.5 28.5
22.5 43.5
22.5 44.5
22.5 59.5
22.5 60.5
23.5 16.5
23.5 25.5
23.5 41.5
23.5 42.5
23.5 57.5
23.5 58.5
24.5 55.5
25.5 16.5
25.5 26.5
25.5 41.5
25.5 62.5
26.5 13.5
26.5 14.5
26.5 15.5
26.5 27.5
26.5 28.5
26.5 29.5
26.5 42.5
26.5 43.5
26.5 59.5
26.5 60.5
27.5 10.5
27.5 11.5
27.5 12.5
27.5 29.5
27.5 30.5
27.5 31.5
27.5 44.5
27.5 45.5
27.5 57.5
27.5 58.5
28.5 7.5
28.5 8.5
28.5 9.5
28.5 20.5
28.5 21.5
28.5 22.5
28.5 31.5
28.5 32.5
28.5 46.5
28.5 47.5
28.5 55.5
28.5 56.5
29.5 5.5
29.5 6.5
29.5 18.5
29.5 19.5
29.5 23.5
29.5 24.5
29.5 33.5
29.5 34.5
29.5 35.5
29.5 36.5
29.5 48.5
29.5 49.5
29.5 53.5
29.5 54.5
29.5 64.5
29.5 65.5
30.5 15.5
30.5 16.5
30.5 17.5
30.5 24.5
30.5 25.5
30.5 35.5
30.5 37.5
30.5 38.5
30.5 39.5
30.5 50.5
30.5 51.5
30.5 52.5
30.5 62.5
30.5 63.5
30.5 64.5
31.5 13.5
31.5 14.5
31.5 15.5
31.5 26.5
31.5 27.5
31.5 39.5
31.5 40.5
31.5 41.5
31.5 42.5
31.5 60.5
31.5 61.5
31.5 62.5
32.5 11.5
32.5 12.5
32.5 13.5
32.5 27.5
32.5 28.5
32.5 42.5
32.5 43.5
32.5 44.5
32.5 59.5
32.5 60.5
33.5 29.5
33.5 30.5
33.5 45.5
33.5 46.5
33.5 57.5
33.5 58.5
34.5 31.5
35.5 11.5
35.5 12.5
35.5 29.5
35.5 30.5
35.5 61.5
36.5 13.5
36.5 14.5
36.5 15.5
36.5 26.5
36.5 27.5
36.5 28.5
36.5 44.5
36.5 45.5
36.5 59.5
36.5 60.5
37.5 15.5
37.5 16.5
37.5 17.5
37.5 24.5
37.5 25.5
37.5 26.5
37.5 41.5
37.5 42.5
37.5 43.5
37.5 58.5
37.5 59.5
38.5 6.5
38.5 18.5
38.5 19.5
38.5 22.5
38.5 23.5
38.5 24.5
38.5 38.5
38.5 39.5
38.5 40.5
38.5 56.5
38.5 57.5
39.5 7.5
39.5 8.5
39.5 20.5
39.5 21.5
39.5 33.5
39.5 34.5
39.5 35.5
39.5 36.5
39.5 37.5
39.5 55.5
39.5 56.5
40.5 8.5
40.5 9.5
40.5 10.5
40.5 30.5
40.5 31.5
40.5 32.5
40.5 49.5
40.5 50.5
40.5 51.5
40.5 53.5
40.5 54.5
40.5 65.5
40.5 66.5
41.5 10.5
41.5 11.5
41.5 12.5
41.5 27.5
41.5 28.5
41.5 29.5
41.5 45.5
41.5 46.5
41.5 47.5
41.5 48.5
41.5 49.5
41.5 52.5
41.5 53.5
41.5 63.5
41.5 64.5
41.5 65.5
42.5 12.5
42.5 13.5
42.5 24.5
42.5 25.5
42.5 26.5
42.5 43.5
42.5 44.5
42.5 45.5
42.5 46.5
42.5 61.5
42.5 62.5
42.5 63.5
43.5 14.5
43.5 15.5
43.5 40.5
43.5 41.5
43.5 42.5
43.5 59.5
43.5 60.5
43.5 61.5
44.5 57.5
44.5 58.5
44.5 59.5
45.5 10.5
45.5 28.5
45.5 29.5
45.5 30.5
45.5 56.5
46.5 11.5
46.5 12.5
46.5 13.5
46.5 26.5
46.5 27.5
46.5 28.5
46.5 46.5
46.5 47.5
47.5 13.5
47.5 14.5
47.5 15.5
47.5 23.5
47.5 24.5
47.5 25.5
47.5 26.5
47.5 43.5
47.5 44.5
47.5 45.5
47.5 56.5
47.5 57.5
48.5 15.5
48.5 16.5
48.5 17.5
48.5 21.5
48.5 22.5
48.5 23.5
48.5 36.5
48.5 40.5
48.5 41.5
48.5 42.5
48.5 43.5
48.5 58.5
48.5 59.5
48.5 60.5
48.5 61.5
49.5 5.5
49.5 18.5
49.5 19.5
49.5 20.5
49.5 33.5
49.5 34.5
49.5 37.5
49.5 38.5
49.5 39.5
49.5 40.5
49.5 61.5
49.5 62.5
49.5 63.5
50.5 7.5
50.5 8.5
50.5 31.5
50.5 32.5
50.5 33.5
50.5 35.5
50.5 36.5
50.5 37.5
50.5 64.5
50.5 65.5
50.5 66.5
51.5 9.5
51.5 10.5
51.5 11.5
51.5 29.5
51.5 30.5
51.5 31.5
51.5 49.5
51.5 50.5
51.5 51.5
51.5 52.5
51.5 53.5
52.5 11.5
52.5 12.5
52.5 13.5
52.5 27.5
52.5 28.5
52.5 29.5
52.5 46.5
52.5 47.5
52.5 48.5
52.5 49.5
52.5 54.5
52.5 55.5
52.5 56.5
53.5 14.5
53.5 15.5
53.5 25.5
53.5 26.5
53.5 27.5
53.5 44.5
53.5 45.5
53.5 46.5
53.5 56.5
53.5 57.5
53.5 58.5
54.5 24.5
54.5 42.5
54.5 43.5
54.5 44.5
54.5 58.5
54.5 59.5
54.5 60.5
55.5 10.5
55.5 40.5
55.5 61.5
55.5 62.5
56.5 11.5
56.5 12.5
56.5 29.5
56.5 30.5
57.5 13.5
57.5 14.5
57.5 26.5
57.5 27.5
57.5 28.5
58.5 14.5
58.5 15.5
58.5 16.5
58.5 24.5
58.5 25.5
58.5 26.5
58.5 41.5
58.5 42.5
58.5 43.5
58.5 44.5
58.5 45.5
58.5 56.5
58.5 57.5
58.5 58.5
59.5 5.5
59.5 6.5
59.5 16.5
59.5 17.5
59.5 18.5
59.5 22.5
59.5 23.5
59.5 24.5
59.5 35.5
59.5 37.5
59.5 38.5
59.5 39.5
59.5 40.5
59.5 59.5
59.5 60.5
59.5 61.5
60.5 7.5
60.5 8.5
60.5 18.5
60.5 19.5
60.5 21.5
60.5 22.5
60.5 32.5
60.5 33.5
60.5 62.5
60.5 63.5
60.5 64.5
61.5 9.5
61.5 10.5
61.5 19.5
61.5 20.5
61.5 30.5
61.5 31.5
61.5 50.5
61.5 51.5
61.5 52.5
61.5 65.5
61.5 66.5
62.5 11.5
62.5 12.5
62.5 28.5
62.5 29.5
62.5 44.5
62.5 45.5
62.5 46.5
62.5 47.5
62.5 48.5
62.5 49.5
62.5 53.5
62.5 54.5
62.5 55.5
63.5 13.5
63.5 14.5
63.5 26.5
63.5 27.5
63.5 40.5
63.5 41.5
63.5 42.5
63.5 43.5
63.5 56.5
63.5 57.5
64.5 15.5
64.5 25.5
64.5 58.5
64.5 59.5
64.5 60.5
