5.5 40.5
5.5 52.5
5.5 61.5
6.5 9.5
6.5 41.5
6.5 51.5
6.5 62.5
7.5 10.5
7.5 29.5
7.5 42.5
7.5 43.5
7.5 50.5
7.5 62.5
8.5 11.5
8.5 19.5
8.5 31.5
8.5 44.5
8.5 49.5
8.5 55.5
8.5 63.5
9.5 12.5
9.5 18.5
9.5 32.5
9.5 33.5
9.5 35.5
9.5 45.5
9.5 48.5
9.5 57.5
9.5 64.5
10.5 6.5
10.5 17.5
10.5 23.5
10.5 26.5
10.5 34.5
10.5 37.5
10.5 54.5
10.5 58.5
10.5 65.5
11.5 7.5
11.5 22.5
11.5 27.5
11.5 38.5
11.5 39.5
11.5 53.5
11.5 59.5
12.5 8.5
12.5 21.5
12.5 28.5
12.5 40.5
12.5 41.5
12.5 52.5
12.5 59.5
13.5 9.5
13.5 29.5
13.5 60.5
14.5 10.5
14.5 61.5
15.5 21.5
15.5 30.5
16.5 10.5
16.5 20.5
16.5 29.5
16.5 41.5
16.5 51.5
17.5 9.5
17.5 19.5
17.5 29.5
17.5 39.5
17.5 40.5
17.5 50.5
17.5 60.5
17.5 61.5
18.5 8.5
18.5 18.5
18.5 28.5
18.5 38.5
18.5 46.5
18.5 49.5
18.5 62.5
18.5 63.5
19.5 7.5
19.5 28.5
19.5 36.5
19.5 37.5
19.5 45.5
19.5 48.5
19.5 65.5
20.5 14.5
20.5 17.5
20.5 23.5
20.5 27.5
20.5 33.5
20.5 35.5
20.5 44.5
20.5 54.5
20.5 57.5
21.5 12.5
21.5 32.5
21.5 42.5
21.5 43.5
21.5 53.5
21.5 58.5
21.5 59.5
22.5 10.5
22.5 11.5
22.5 22.5
22.5 31.5
22.5 41.5
22.5 52.5
22.5 60.5
23.5 9.5
23.5 40.5
23.5 51.5
24.5 21.5
24.5 30.5
25.5 60.5
26.5 9.5
26.5 21.5
26.5 30.5
26.5 41.5
26.5 51.5
26.5 61.5
27.5 10.5
27.5 11.5
27.5 20.5
27.5 31.5
27.5 42.5
27.5 50.5
27.5 62.5
28.5 11.5
28.5 12.5
28.5 19.5
28.5 32.5
28.5 43.5
28.5 49.5
28.5 63.5
29.5 5.5
29.5 13.5
29.5 18.5
29.5 33.5
29.5 36.5
29.5 44.5
29.5 48.5
29.5 54.5
29.5 56.5
29.5 64.5
30.5 6.5
30.5 15.5
30.5 17.5
30.5 25.5
30.5 34.5
30.5 37.5
30.5 38.5
30.5 45.5
30.5 47.5
30.5 53.5
30.5 57.5
31.5 7.5
31.5 23.5
31.5 24.5
31.5 28.5
31.5 39.5
31.5 52.5
31.5 58.5
31.5 59.5
32.5 8.5
32.5 22.5
32.5 29.5
32.5 40.5
32.5 60.5
33.5 20.5
33.5 21.5
33.5 30.5
33.5 41.5
33.5 61.5
34.5 19.5
34.5 30.5
35.5 61.5
36.5 31.5
36.5 40.5
36.5 60.5
37.5 9.5
37.5 20.5
37.5 30.5
37.5 41.5
37.5 52.5
37.5 59.5
38.5 8.5
38.5 18.5
38.5 19.5
38.5 29.5
38.5 42.5
38.5 53.5
38.5 58.5
39.5 7.5
39.5 13.5
39.5 17.5
39.5 28.5
39.5 33.5
39.5 42.5
39.5 47.5
39.5 54.5
39.5 57.5
39.5 63.5
40.5 6.5
40.5 12.5
40.5 15.5
40.5 24.5
40.5 43.5
40.5 48.5
40.5 62.5
41.5 11.5
41.5 22.5
41.5 23.5
41.5 32.5
41.5 37.5
41.5 44.5
41.5 48.5
41.5 49.5
41.5 61.5
42.5 20.5
42.5 21.5
42.5 32.5
42.5 38.5
42.5 49.5
42.5 61.5
43.5 10.5
43.5 31.5
43.5 39.5
43.5 50.5
43.5 60.5
44.5 9.5
44.5 39.5
44.5 50.5
45.5 40.5
45.5 60.5
46.5 9.5
46.5 19.5
46.5 20.5
46.5 30.5
47.5 8.5
47.5 21.5
47.5 29.5
47.5 50.5
47.5 59.5
48.5 7.5
48.5 22.5
48.5 23.5
48.5 29.5
48.5 40.5
48.5 51.5
48.5 58.5
49.5 6.5
49.5 23.5
49.5 24.5
49.5 28.5
49.5 39.5
49.5 52.5
49.5 58.5
50.5 12.5
50.5 17.5
50.5 25.5
50.5 27.5
50.5 35.5
50.5 37.5
50.5 46.5
50.5 53.5
50.5 57.5
50.5 63.5
51.5 11.5
51.5 18.5
51.5 33.5
51.5 36.5
51.5 43.5
51.5 54.5
51.5 62.5
52.5 10.5
52.5 19.5
52.5 31.5
52.5 32.5
52.5 42.5
52.5 49.5
52.5 61.5
53.5 9.5
53.5 20.5
53.5 30.5
53.5 40.5
53.5 50.5
53.5 60.5
55.5 51.5
56.5 10.5
56.5 20.5
56.5 30.5
56.5 41.5
56.5 50.5
57.5 9.5
57.5 31.5
57.5 42.5
57.5 49.5
58.5 8.5
58.5 21.5
58.5 32.5
58.5 42.5
58.5 48.5
58.5 59.5
59.5 7.5
59.5 22.5
59.5 33.5
59.5 43.5
59.5 48.5
59.5 58.5
60.5 6.5
60.5 14.5
60.5 17.5
60.5 26.5
60.5 34.5
60.5 37.5
60.5 47.5
60.5 54.5
60.5 57.5
61.5 5.5
61.5 13.5
61.5 18.5
61.5 27.5
61.5 38.5
61.5 46.5
61.5 52.5
61.5 53.5
61.5 56.5
61.5 63.5
62.5 11.5
62.5 12.5
62.5 28.5
62.5 39.5
62.5 51.5
62.5 62.5
63.5 10.5
63.5 11.5
63.5 19.5
63.5 29.5
63.5 40.5
63.5 50.5
63.5 61.5
64.5 9.5
64.5 30.5
64.5 49.5
64.5 60.5
