5.5 27.5
6.5 12.5
6.5 13.5
6.5 25.5
6.5 26.5
7.5 10.5
7.5 11.5
7.5 12.5
7.5 23.5
7.5 24.5
7.5 25.5
7.5 59.5
8.5 9.5
8.5 10.5
8.5 22.5
8.5 23.5
8.5 24.5
8.5 37.5
8.5 38.5
8.5 39.5
8.5 40.5
8.5 41.5
8.5 42.5
8.5 43.5
8.5 57.5
8.5 58.5
9.5 7.5
9.5 8.5
9.5 9.5
9.5 17.5
9.5 21.5
9.5 22.5
9.5 37.5
9.5 38.5
9.5 39.5
9.5 55.5
9.5 56.5
9.5 57.5
10.5 16.5
10.5 30.5
10.5 31.5
10.5 32.5
10.5 33.5
10.5 54.5
10.5 55.5
11.5 15.5
11.5 16.5
11.5 28.5
11.5 29.5
11.5 30.5
11.5 31.5
11.5 53.5
11.5 62.5
11.5 63.5
12.5 14.5
12.5 15.5
12.5 27.5
12.5 28.5
12.5 29.5
12.5 45.5
12.5 46.5
12.5 47.5
12.5 48.5
12.5 49.5
12.5 61.5
12.5 62.5
13.5 13.5
13.5 26.5
13.5 43.5
13.5 44.5
13.5 45.5
13.5 46.5
13.5 59.5
13.5 60.5
13.5 61.5
14.5 12.5
14.5 58.5
14.5 59.5
17.5 29.5
18.5 11.5
18.5 12.5
18.5 27.5
18.5 28.5
18.5 43.5
18.5 44.5
18.5 59.5
19.5 10.5
19.5 11.5
19.5 25.5
19.5 26.5
19.5 27.5
19.5 41.5
19.5 42.5
19.5 43.5
19.5 59.5
19.5 60.5
19.5 61.5
20.5 9.5
20.5 10.5
20.5 24.5
20.5 25.5
20.5 26.5
20.5 40.5
20.5 41.5
20.5 42.5
20.5 61.5
20.5 62.5
21.5 8.5
21.5 9.5
21.5 23.5
21.5 24.5
21.5 34.5
21.5 39.5
21.5 40.5
21.5 62.5
21.5 63.5
21.5 64.5
22.5 7.5
22.5 17.5
22.5 18.5
22.5 22.5
22.5 33.5
22.5 34.5
22.5 38.5
22.5 49.5
22.5 64.5
22.5 65.5
23.5 15.5
23.5 16.5
23.5 17.5
23.5 31.5
23.5 32.5
23.5 33.5
23.5 47.5
23.5 48.5
23.5 53.5
23.5 54.5
23.5 55.5
24.5 13.5
24.5 14.5
24.5 15.5
24.5 16.5
24.5 30.5
24.5 31.5
24.5 32.5
24.5 46.5
24.5 47.5
24.5 55.5
24.5 56.5
24.5 57.5
25.5 12.5
25.5 13.5
25.5 14.5
25.5 29.5
25.5 30.5
25.5 31.5
25.5 44.5
25.5 45.5
25.5 46.5
25.5 56.5
25.5 57.5
25.5 58.5
25.5 59.5
26.5 12.5
26.5 29.5
26.5 43.5
26.5 44.5
26.5 59.5
26.5 60.5
30.5 12.5
30.5 43.5
31.5 13.5
31.5 14.5
31.5 28.5
31.5 29.5
31.5 42.5
31.5 43.5
31.5 58.5
31.5 59.5
32.5 14.5
32.5 15.5
32.5 16.5
32.5 29.5
32.5 30.5
32.5 31.5
32.5 40.5
32.5 41.5
32.5 42.5
32.5 59.5
32.5 60.5
32.5 61.5
33.5 16.5
33.5 17.5
33.5 30.5
33.5 31.5
33.5 32.5
33.5 39.5
33.5 40.5
33.5 60.5
33.5 61.5
33.5 62.5
33.5 63.5
34.5 7.5
34.5 17.5
34.5 18.5
34.5 19.5
34.5 32.5
34.5 33.5
34.5 38.5
34.5 39.5
34.5 62.5
34.5 63.5
34.5 64.5
35.5 8.5
35.5 9.5
35.5 23.5
35.5 24.5
35.5 47.5
35.5 48.5
35.5 53.5
35.5 64.5
35.5 65.5
36.5 9.5
36.5 10.5
36.5 24.5
36.5 25.5
36.5 26.5
36.5 45.5
36.5 46.5
36.5 47.5
36.5 54.5
36.5 55.5
37.5 10.5
37.5 11.5
37.5 25.5
37.5 26.5
37.5 27.5
37.5 44.5
37.5 45.5
37.5 46.5
37.5 55.5
37.5 56.5
38.5 11.5
38.5 12.5
38.5 27.5
38.5 28.5
38.5 42.5
38.5 43.5
38.5 44.5
38.5 56.5
38.5 57.5
39.5 13.5
39.5 58.5
42.5 28.5
43.5 12.5
43.5 26.5
43.5 27.5
43.5 43.5
43.5 44.5
43.5 58.5
44.5 13.5
44.5 14.5
44.5 25.5
44.5 26.5
44.5 41.5
44.5 42.5
44.5 43.5
44.5 59.5
44.5 60.5
45.5 14.5
45.5 15.5
45.5 16.5
45.5 24.5
45.5 25.5
45.5 40.5
45.5 41.5
45.5 42.5
45.5 60.5
45.5 61.5
45.5 62.5
46.5 15.5
46.5 16.5
46.5 17.5
46.5 23.5
46.5 24.5
46.5 39.5
46.5 40.5
46.5 41.5
46.5 62.5
46.5 63.5
47.5 17.5
47.5 18.5
47.5 22.5
47.5 34.5
47.5 38.5
47.5 39.5
47.5 48.5
47.5 49.5
47.5 53.5
47.5 54.5
48.5 6.5
48.5 7.5
48.5 31.5
48.5 32.5
48.5 33.5
48.5 47.5
48.5 48.5
48.5 54.5
48.5 55.5
48.5 56.5
49.5 7.5
49.5 8.5
49.5 9.5
49.5 10.5
49.5 29.5
49.5 30.5
49.5 31.5
49.5 32.5
49.5 46.5
49.5 47.5
49.5 56.5
49.5 57.5
50.5 9.5
50.5 10.5
50.5 11.5
50.5 28.5
50.5 29.5
50.5 30.5
50.5 45.5
50.5 46.5
50.5 58.5
51.5 11.5
51.5 12.5
51.5 27.5
51.5 28.5
51.5 44.5
54.5 58.5
55.5 43.5
55.5 44.5
55.5 56.5
55.5 57.5
56.5 10.5
56.5 11.5
56.5 27.5
56.5 28.5
56.5 44.5
56.5 45.5
56.5 55.5
56.5 56.5
57.5 8.5
57.5 9.5
57.5 10.5
57.5 28.5
57.5 29.5
57.5 30.5
57.5 31.5
57.5 45.5
57.5 46.5
57.5 54.5
57.5 55.5
58.5 7.5
58.5 8.5
58.5 30.5
58.5 31.5
58.5 32.5
58.5 33.5
58.5 46.5
58.5 47.5
58.5 53.5
58.5 54.5
59.5 6.5
59.5 21.5
59.5 32.5
59.5 33.5
59.5 34.5
59.5 47.5
59.5 48.5
59.5 52.5
59.5 53.5
59.5 63.5
59.5 64.5
60.5 15.5
60.5 16.5
60.5 17.5
60.5 22.5
60.5 23.5
60.5 38.5
60.5 39.5
60.5 48.5
60.5 61.5
60.5 62.5
60.5 63.5
61.5 13.5
61.5 14.5
61.5 15.5
61.5 16.5
61.5 23.5
61.5 24.5
61.5 25.5
61.5 39.5
61.5 40.5
61.5 41.5
61.5 60.5
61.5 61.5
61.5 62.5
62.5 12.5
62.5 13.5
62.5 14.5
62.5 24.5
62.5 25.5
62.5 26.5
62.5 40.5
62.5 41.5
62.5 42.5
62.5 59.5
62.5 60.5
62.5 61.5
63.5 11.5
63.5 26.5
63.5 27.5
63.5 42.5
63.5 43.5
63.5 58.5
63.5 59.5
