4.5 9.5
4.5 10.5
4.5 21.5
4.5 30.5
4.5 31.5
4.5 32.5
4.5 41.5
4.5 50.5
5.5 10.5
5.5 11.5
5.5 21.5
5.5 22.5
5.5 29.5
5.5 30.5
5.5 40.5
5.5 50.5
5.5 62.5
5.5 63.5
6.5 11.5
6.5 12.5
6.5 16.5
6.5 22.5
6.5 23.5
6.5 27.5
6.5 28.5
6.5 29.5
6.5 39.5
6.5 40.5
6.5 49.5
6.5 59.5
6.5 60.5
6.5 61.5
7.5 12.5
7.5 13.5
7.5 17.5
7.5 23.5
7.5 24.5
7.5 26.5
7.5 27.5
7.5 35.5
7.5 38.5
7.5 39.5
7.5 48.5
7.5 49.5
7.5 54.5
7.5 57.5
7.5 58.5
7.5 59.5
7.5 68.5
8.5 5.5
8.5 6.5
8.5 13.5
8.5 18.5
8.5 25.5
8.5 34.5
8.5 38.5
8.5 45.5
8.5 46.5
8.5 48.5
8.5 53.5
8.5 55.5
8.5 56.5
8.5 65.5
8.5 66.5
9.5 6.5
9.5 7.5
9.5 14.5
9.5 18.5
9.5 19.5
9.5 32.5
9.5 33.5
9.5 37.5
9.5 43.5
9.5 44.5
9.5 45.5
9.5 48.5
9.5 53.5
9.5 64.5
9.5 65.5
10.5 8.5
10.5 15.5
10.5 19.5
10.5 31.5
10.5 32.5
10.5 36.5
10.5 42.5
10.5 43.5
10.5 47.5
10.5 52.5
10.5 62.5
10.5 63.5
11.5 9.5
11.5 20.5
11.5 30.5
11.5 31.5
11.5 35.5
11.5 41.5
11.5 42.5
11.5 51.5
11.5 61.5
11.5 62.5
12.5 10.5
12.5 11.5
12.5 20.5
12.5 21.5
12.5 29.5
12.5 30.5
12.5 40.5
12.5 51.5
12.5 60.5
13.5 11.5
13.5 12.5
13.5 20.5
13.5 21.5
13.5 30.5
13.5 38.5
13.5 39.5
13.5 50.5
13.5 59.5
14.5 21.5
14.5 29.5
14.5 30.5
14.5 51.5
14.5 61.5
15.5 8.5
15.5 9.5
15.5 21.5
15.5 29.5
15.5 42.5
15.5 43.5
15.5 52.5
15.5 60.5
15.5 61.5
16.5 10.5
16.5 11.5
16.5 22.5
16.5 29.5
16.5 40.5
16.5 41.5
16.5 52.5
16.5 59.5
16.5 60.5
17.5 5.5
17.5 12.5
17.5 13.5
17.5 15.5
17.5 22.5
17.5 28.5
17.5 29.5
17.5 35.5
17.5 39.5
17.5 40.5
17.5 52.5
17.5 53.5
17.5 59.5
18.5 6.5
18.5 14.5
18.5 15.5
18.5 16.5
18.5 22.5
18.5 23.5
18.5 28.5
18.5 29.5
18.5 34.5
18.5 37.5
18.5 38.5
18.5 46.5
18.5 47.5
18.5 53.5
18.5 58.5
18.5 59.5
18.5 66.5
18.5 68.5
19.5 7.5
19.5 17.5
19.5 23.5
19.5 28.5
19.5 34.5
19.5 36.5
19.5 37.5
19.5 44.5
19.5 45.5
19.5 48.5
19.5 53.5
19.5 58.5
19.5 65.5
20.5 7.5
20.5 8.5
20.5 18.5
20.5 24.5
20.5 28.5
20.5 33.5
20.5 35.5
20.5 43.5
20.5 44.5
20.5 48.5
20.5 49.5
20.5 54.5
20.5 57.5
20.5 64.5
20.5 65.5
21.5 8.5
21.5 19.5
21.5 24.5
21.5 28.5
21.5 32.5
21.5 42.5
21.5 43.5
21.5 49.5
21.5 54.5
21.5 57.5
21.5 63.5
21.5 64.5
22.5 9.5
22.5 20.5
22.5 25.5
22.5 27.5
22.5 32.5
22.5 41.5
22.5 42.5
22.5 50.5
22.5 56.5
22.5 62.5
22.5 63.5
23.5 8.5
23.5 10.5
23.5 21.5
23.5 25.5
23.5 27.5
23.5 31.5
23.5 40.5
23.5 41.5
23.5 50.5
23.5 51.5
23.5 61.5
23.5 62.5
24.5 9.5
24.5 22.5
24.5 30.5
24.5 40.5
24.5 51.5
24.5 61.5
25.5 9.5
25.5 10.5
25.5 20.5
25.5 21.5
25.5 23.5
25.5 30.5
25.5 31.5
25.5 40.5
25.5 52.5
25.5 60.5
26.5 10.5
26.5 11.5
26.5 19.5
26.5 20.5
26.5 21.5
26.5 31.5
26.5 41.5
26.5 52.5
26.5 59.5
27.5 11.5
27.5 18.5
27.5 19.5
27.5 20.5
27.5 31.5
27.5 32.5
27.5 42.5
27.5 50.5
27.5 51.5
27.5 60.5
27.5 61.5
28.5 11.5
28.5 12.5
28.5 17.5
28.5 18.5
28.5 19.5
28.5 32.5
28.5 36.5
28.5 43.5
28.5 48.5
28.5 49.5
28.5 61.5
28.5 62.5
28.5 68.5
29.5 12.5
29.5 17.5
29.5 18.5
29.5 32.5
29.5 37.5
29.5 44.5
29.5 47.5
29.5 48.5
29.5 56.5
29.5 62.5
29.5 63.5
30.5 5.5
30.5 6.5
30.5 13.5
30.5 16.5
30.5 17.5
30.5 25.5
30.5 26.5
30.5 32.5
30.5 33.5
30.5 37.5
30.5 38.5
30.5 45.5
30.5 46.5
30.5 54.5
30.5 57.5
30.5 63.5
30.5 64.5
31.5 6.5
31.5 7.5
31.5 14.5
31.5 15.5
31.5 16.5
31.5 24.5
31.5 27.5
31.5 33.5
31.5 38.5
31.5 39.5
31.5 52.5
31.5 53.5
31.5 58.5
31.5 65.5
32.5 8.5
32.5 9.5
32.5 22.5
32.5 23.5
32.5 27.5
32.5 28.5
32.5 33.5
32.5 39.5
32.5 40.5
32.5 50.5
32.5 51.5
32.5 59.5
32.5 66.5
33.5 10.5
33.5 21.5
33.5 28.5
33.5 29.5
33.5 40.5
33.5 49.5
33.5 60.5
34.5 11.5
34.5 20.5
34.5 29.5
34.5 30.5
34.5 41.5
34.5 42.5
34.5 52.5
34.5 61.5
35.5 12.5
35.5 19.5
35.5 21.5
35.5 31.5
35.5 41.5
35.5 51.5
35.5 61.5
35.5 62.5
36.5 10.5
36.5 11.5
36.5 21.5
36.5 40.5
36.5 41.5
36.5 50.5
36.5 51.5
36.5 60.5
37.5 8.5
37.5 9.5
37.5 20.5
37.5 30.5
37.5 31.5
37.5 39.5
37.5 40.5
37.5 46.5
37.5 49.5
37.5 50.5
37.5 59.5
37.5 60.5
38.5 7.5
38.5 8.5
38.5 19.5
38.5 29.5
38.5 38.5
38.5 39.5
38.5 45.5
38.5 49.5
38.5 55.5
38.5 58.5
38.5 59.5
38.5 68.5
39.5 5.5
39.5 6.5
39.5 15.5
39.5 16.5
39.5 18.5
39.5 19.5
39.5 25.5
39.5 27.5
39.5 28.5
39.5 34.5
39.5 38.5
39.5 44.5
39.5 48.5
39.5 54.5
39.5 58.5
39.5 65.5
40.5 5.5
40.5 14.5
40.5 15.5
40.5 18.5
40.5 24.5
40.5 26.5
40.5 27.5
40.5 33.5
40.5 34.5
40.5 37.5
40.5 43.5
40.5 44.5
40.5 47.5
40.5 53.5
40.5 57.5
40.5 64.5
41.5 12.5
41.5 13.5
41.5 17.5
41.5 23.5
41.5 33.5
41.5 36.5
41.5 42.5
41.5 43.5
41.5 53.5
41.5 56.5
41.5 63.5
41.5 64.5
42.5 11.5
42.5 12.5
42.5 16.5
42.5 22.5
42.5 32.5
42.5 35.5
42.5 42.5
42.5 52.5
42.5 62.5
42.5 63.5
43.5 9.5
43.5 10.5
43.5 21.5
43.5 31.5
43.5 41.5
43.5 51.5
43.5 61.5
43.5 62.5
44.5 8.5
44.5 9.5
44.5 20.5
44.5 30.5
44.5 40.5
44.5 41.5
44.5 60.5
45.5 20.5
45.5 30.5
45.5 40.5
45.5 52.5
45.5 59.5
46.5 11.5
46.5 12.5
46.5 21.5
46.5 31.5
46.5 40.5
46.5 51.5
46.5 63.5
47.5 9.5
47.5 10.5
47.5 11.5
47.5 21.5
47.5 22.5
47.5 32.5
47.5 41.5
47.5 42.5
47.5 50.5
47.5 61.5
47.5 62.5
48.5 8.5
48.5 9.5
48.5 16.5
48.5 22.5
48.5 23.5
48.5 26.5
48.5 27.5
48.5 33.5
48.5 42.5
48.5 43.5
48.5 49.5
48.5 60.5
48.5 61.5
49.5 6.5
49.5 7.5
49.5 16.5
49.5 17.5
49.5 23.5
49.5 27.5
49.5 28.5
49.5 34.5
49.5 36.5
49.5 37.5
49.5 44.5
49.5 48.5
49.5 55.5
49.5 58.5
49.5 59.5
49.5 66.5
49.5 68.5
50.5 5.5
50.5 14.5
50.5 15.5
50.5 17.5
50.5 18.5
50.5 24.5
50.5 28.5
50.5 29.5
50.5 35.5
50.5 37.5
50.5 38.5
50.5 45.5
50.5 47.5
50.5 53.5
50.5 54.5
50.5 57.5
50.5 58.5
50.5 65.5
51.5 13.5
51.5 14.5
51.5 18.5
51.5 24.5
51.5 29.5
51.5 36.5
51.5 39.5
51.5 46.5
51.5 52.5
51.5 53.5
51.5 56.5
51.5 64.5
52.5 11.5
52.5 12.5
52.5 19.5
52.5 25.5
52.5 29.5
52.5 30.5
52.5 40.5
52.5 51.5
52.5 52.5
52.5 63.5
53.5 10.5
53.5 11.5
53.5 19.5
53.5 20.5
53.5 30.5
53.5 31.5
53.5 39.5
53.5 41.5
53.5 50.5
53.5 61.5
53.5 62.5
54.5 9.5
54.5 20.5
54.5 32.5
54.5 42.5
54.5 49.5
54.5 53.5
54.5 60.5
54.5 61.5
55.5 8.5
55.5 21.5
55.5 29.5
55.5 40.5
55.5 52.5
56.5 9.5
56.5 21.5
56.5 30.5
56.5 41.5
56.5 51.5
56.5 61.5
57.5 10.5
57.5 11.5
57.5 19.5
57.5 20.5
57.5 30.5
57.5 31.5
57.5 41.5
57.5 50.5
57.5 51.5
57.5 60.5
57.5 61.5
57.5 68.5
58.5 5.5
58.5 11.5
58.5 12.5
58.5 18.5
58.5 19.5
58.5 31.5
58.5 36.5
58.5 42.5
58.5 49.5
58.5 50.5
58.5 60.5
58.5 66.5
59.5 6.5
59.5 12.5
59.5 13.5
59.5 17.5
59.5 18.5
59.5 24.5
59.5 31.5
59.5 32.5
59.5 36.5
59.5 42.5
59.5 43.5
59.5 48.5
59.5 49.5
59.5 57.5
59.5 59.5
59.5 60.5
59.5 65.5
60.5 7.5
60.5 14.5
60.5 16.5
60.5 23.5
60.5 26.5
60.5 32.5
60.5 33.5
60.5 37.5
60.5 43.5
60.5 47.5
60.5 48.5
60.5 55.5
60.5 56.5
60.5 59.5
60.5 64.5
61.5 8.5
61.5 15.5
61.5 22.5
61.5 27.5
61.5 33.5
61.5 37.5
61.5 38.5
61.5 43.5
61.5 44.5
61.5 47.5
61.5 54.5
61.5 55.5
61.5 58.5
61.5 63.5
61.5 64.5
62.5 8.5
62.5 9.5
62.5 21.5
62.5 22.5
62.5 27.5
62.5 28.5
62.5 34.5
62.5 38.5
62.5 44.5
62.5 46.5
62.5 53.5
62.5 54.5
62.5 58.5
62.5 63.5
63.5 9.5
63.5 10.5
63.5 20.5
63.5 21.5
63.5 28.5
63.5 38.5
63.5 39.5
63.5 45.5
63.5 52.5
63.5 53.5
63.5 62.5
64.5 10.5
64.5 19.5
64.5 20.5
64.5 29.5
64.5 39.5
64.5 40.5
64.5 51.5
64.5 62.5
