5.5 47.5
5.5 55.5
5.5 56.5
6.5 13.5
6.5 14.5
6.5 15.5
6.5 29.5
6.5 30.5
6.5 31.5
6.5 44.5
6.5 45.5
6.5 57.5
6.5 58.5
6.5 59.5
6.5 60.5
6.5 61.5
7.5 10.5
7.5 11.5
7.5 12.5
7.5 27.5
7.5 28.5
7.5 29.5
7.5 41.5
7.5 42.5
7.5 43.5
7.5 60.5
7.5 61.5
7.5 62.5
7.5 63.5
7.5 64.5
8.5 7.5
8.5 8.5
8.5 9.5
8.5 10.5
8.5 25.5
8.5 26.5
8.5 27.5
8.5 36.5
8.5 38.5
8.5 39.5
8.5 40.5
8.5 41.5
8.5 52.5
8.5 64.5
8.5 65.5
8.5 66.5
9.5 5.5
9.5 6.5
9.5 23.5
9.5 24.5
9.5 25.5
9.5 34.5
9.5 35.5
9.5 36.5
9.5 37.5
9.5 38.5
9.5 49.5
9.5 50.5
9.5 51.5
9.5 52.5
10.5 19.5
10.5 20.5
10.5 21.5
10.5 22.5
10.5 23.5
10.5 32.5
10.5 33.5
10.5 34.5
10.5 47.5
10.5 48.5
10.5 53.5
10.5 54.5
10.5 55.5
10.5 56.5
11.5 13.5
11.5 14.5
11.5 15.5
11.5 16.5
11.5 17.5
11.5 18.5
11.5 19.5
11.5 20.5
11.5 21.5
11.5 31.5
11.5 32.5
11.5 44.5
11.5 45.5
11.5 46.5
11.5 56.5
11.5 57.5
11.5 58.5
12.5 9.5
12.5 10.5
12.5 11.5
12.5 12.5
12.5 13.5
12.5 14.5
12.5 29.5
12.5 30.5
12.5 42.5
12.5 43.5
12.5 44.5
12.5 59.5
12.5 60.5
12.5 61.5
13.5 27.5
13.5 28.5
13.5 40.5
13.5 41.5
14.5 26.5
14.5 61.5
15.5 8.5
15.5 9.5
15.5 41.5
15.5 42.5
15.5 59.5
15.5 60.5
16.5 10.5
16.5 11.5
16.5 27.5
16.5 28.5
16.5 43.5
16.5 44.5
16.5 57.5
16.5 58.5
17.5 11.5
17.5 12.5
17.5 13.5
17.5 29.5
17.5 30.5
17.5 31.5
17.5 44.5
17.5 45.5
17.5 46.5
17.5 55.5
17.5 56.5
18.5 13.5
18.5 14.5
18.5 15.5
18.5 31.5
18.5 32.5
18.5 33.5
18.5 36.5
18.5 37.5
18.5 46.5
18.5 47.5
18.5 48.5
18.5 53.5
18.5 54.5
18.5 66.5
19.5 5.5
19.5 6.5
19.5 15.5
19.5 16.5
19.5 17.5
19.5 33.5
19.5 34.5
19.5 35.5
19.5 38.5
19.5 39.5
19.5 48.5
19.5 49.5
19.5 50.5
19.5 51.5
19.5 52.5
19.5 63.5
19.5 64.5
19.5 65.5
20.5 6.5
20.5 7.5
20.5 17.5
20.5 18.5
20.5 19.5
20.5 36.5
20.5 37.5
20.5 39.5
20.5 40.5
20.5 41.5
20.5 50.5
20.5 51.5
20.5 60.5
20.5 61.5
20.5 62.5
20.5 63.5
21.5 7.5
21.5 8.5
21.5 9.5
21.5 19.5
21.5 20.5
21.5 21.5
21.5 22.5
21.5 23.5
21.5 24.5
21.5 41.5
21.5 42.5
21.5 57.5
21.5 58.5
21.5 59.5
21.5 60.5
22.5 9.5
22.5 10.5
22.5 22.5
22.5 23.5
22.5 24.5
22.5 25.5
22.5 26.5
22.5 27.5
22.5 28.5
22.5 29.5
22.5 43.5
22.5 44.5
22.5 55.5
22.5 56.5
22.5 57.5
23.5 11.5
23.5 12.5
23.5 28.5
23.5 29.5
23.5 30.5
23.5 31.5
23.5 32.5
23.5 44.5
23.5 45.5
24.5 12.5
24.5 13.5
24.5 40.5
25.5 14.5
25.5 41.5
25.5 42.5
25.5 54.5
25.5 55.5
25.5 56.5
26.5 30.5
26.5 31.5
26.5 43.5
26.5 44.5
26.5 56.5
26.5 57.5
26.5 58.5
26.5 59.5
26.5 60.5
27.5 12.5
27.5 13.5
27.5 14.5
27.5 27.5
27.5 28.5
27.5 29.5
27.5 44.5
27.5 45.5
27.5 59.5
27.5 60.5
27.5 61.5
27.5 62.5
27.5 63.5
28.5 9.5
28.5 10.5
28.5 11.5
28.5 12.5
28.5 24.5
28.5 25.5
28.5 26.5
28.5 35.5
28.5 46.5
28.5 47.5
28.5 50.5
28.5 62.5
28.5 63.5
28.5 64.5
28.5 65.5
28.5 66.5
29.5 6.5
29.5 7.5
29.5 8.5
29.5 9.5
29.5 22.5
29.5 23.5
29.5 35.5
29.5 36.5
29.5 37.5
29.5 47.5
29.5 48.5
29.5 51.5
29.5 52.5
29.5 65.5
29.5 66.5
30.5 5.5
30.5 18.5
30.5 19.5
30.5 20.5
30.5 32.5
30.5 33.5
30.5 34.5
30.5 35.5
30.5 38.5
30.5 39.5
30.5 49.5
30.5 50.5
30.5 53.5
30.5 54.5
31.5 15.5
31.5 16.5
31.5 17.5
31.5 30.5
31.5 31.5
31.5 32.5
31.5 40.5
31.5 41.5
31.5 51.5
31.5 54.5
31.5 55.5
31.5 56.5
32.5 12.5
32.5 13.5
32.5 14.5
32.5 27.5
32.5 28.5
32.5 29.5
32.5 30.5
32.5 41.5
32.5 42.5
32.5 43.5
32.5 56.5
32.5 57.5
32.5 58.5
33.5 9.5
33.5 10.5
33.5 11.5
33.5 25.5
33.5 26.5
33.5 27.5
33.5 43.5
33.5 44.5
33.5 45.5
33.5 58.5
33.5 59.5
34.5 45.5
34.5 46.5
34.5 60.5
34.5 61.5
35.5 8.5
35.5 9.5
35.5 25.5
35.5 26.5
36.5 10.5
36.5 11.5
36.5 12.5
36.5 13.5
36.5 27.5
36.5 28.5
36.5 45.5
36.5 46.5
36.5 60.5
36.5 61.5
37.5 13.5
37.5 14.5
37.5 15.5
37.5 16.5
37.5 29.5
37.5 30.5
37.5 31.5
37.5 42.5
37.5 43.5
37.5 57.5
37.5 58.5
37.5 59.5
38.5 16.5
38.5 17.5
38.5 18.5
38.5 19.5
38.5 20.5
38.5 21.5
38.5 31.5
38.5 32.5
38.5 33.5
38.5 39.5
38.5 40.5
38.5 41.5
38.5 55.5
38.5 56.5
38.5 57.5
39.5 6.5
39.5 7.5
39.5 19.5
39.5 20.5
39.5 21.5
39.5 22.5
39.5 23.5
39.5 34.5
39.5 35.5
39.5 37.5
39.5 38.5
39.5 39.5
39.5 52.5
39.5 53.5
39.5 54.5
39.5 55.5
40.5 8.5
40.5 9.5
40.5 24.5
40.5 25.5
40.5 26.5
40.5 35.5
40.5 36.5
40.5 37.5
40.5 47.5
40.5 48.5
40.5 49.5
40.5 50.5
40.5 51.5
40.5 52.5
40.5 64.5
40.5 65.5
40.5 66.5
41.5 10.5
41.5 11.5
41.5 12.5
41.5 26.5
41.5 27.5
41.5 28.5
41.5 44.5
41.5 45.5
41.5 46.5
41.5 47.5
41.5 48.5
41.5 62.5
41.5 63.5
41.5 64.5
42.5 12.5
42.5 13.5
42.5 14.5
42.5 29.5
42.5 30.5
42.5 41.5
42.5 42.5
42.5 43.5
42.5 44.5
42.5 60.5
42.5 61.5
42.5 62.5
43.5 15.5
43.5 58.5
43.5 59.5
43.5 60.5
44.5 15.5
44.5 56.5
44.5 57.5
45.5 13.5
45.5 14.5
45.5 29.5
45.5 30.5
45.5 31.5
45.5 41.5
45.5 42.5
46.5 12.5
46.5 13.5
46.5 26.5
46.5 27.5
46.5 28.5
46.5 29.5
46.5 42.5
46.5 43.5
46.5 44.5
46.5 56.5
46.5 57.5
47.5 11.5
47.5 12.5
47.5 21.5
47.5 24.5
47.5 25.5
47.5 26.5
47.5 36.5
47.5 44.5
47.5 45.5
47.5 46.5
47.5 58.5
47.5 59.5
48.5 9.5
48.5 10.5
48.5 19.5
48.5 20.5
48.5 21.5
48.5 22.5
48.5 23.5
48.5 24.5
48.5 34.5
48.5 35.5
48.5 46.5
48.5 47.5
48.5 48.5
48.5 59.5
48.5 60.5
48.5 61.5
49.5 8.5
49.5 9.5
49.5 18.5
49.5 19.5
49.5 20.5
49.5 21.5
49.5 32.5
49.5 33.5
49.5 34.5
49.5 36.5
49.5 37.5
49.5 48.5
49.5 49.5
49.5 52.5
49.5 61.5
49.5 62.5
49.5 63.5
50.5 7.5
50.5 16.5
50.5 17.5
50.5 31.5
50.5 32.5
50.5 38.5
50.5 39.5
50.5 50.5
50.5 51.5
50.5 53.5
50.5 54.5
50.5 64.5
50.5 65.5
51.5 6.5
51.5 14.5
51.5 15.5
51.5 16.5
51.5 29.5
51.5 30.5
51.5 39.5
51.5 40.5
51.5 41.5
51.5 52.5
51.5 53.5
51.5 55.5
51.5 56.5
51.5 66.5
52.5 13.5
52.5 14.5
52.5 28.5
52.5 29.5
52.5 41.5
52.5 42.5
52.5 43.5
52.5 56.5
52.5 57.5
53.5 12.5
53.5 13.5
53.5 26.5
53.5 27.5
53.5 43.5
53.5 44.5
53.5 45.5
53.5 58.5
53.5 59.5
54.5 11.5
54.5 25.5
54.5 46.5
54.5 47.5
54.5 59.5
54.5 60.5
55.5 29.5
55.5 30.5
55.5 61.5
56.5 12.5
56.5 13.5
56.5 27.5
56.5 28.5
56.5 59.5
56.5 60.5
57.5 14.5
57.5 15.5
57.5 16.5
57.5 25.5
57.5 26.5
57.5 27.5
57.5 43.5
57.5 44.5
57.5 45.5
57.5 46.5
57.5 58.5
57.5 59.5
58.5 16.5
58.5 17.5
58.5 18.5
58.5 19.5
58.5 23.5
58.5 24.5
58.5 25.5
58.5 40.5
58.5 41.5
58.5 42.5
58.5 43.5
58.5 44.5
58.5 56.5
58.5 57.5
59.5 19.5
59.5 20.5
59.5 21.5
59.5 22.5
59.5 23.5
59.5 37.5
59.5 38.5
59.5 39.5
59.5 40.5
59.5 41.5
59.5 53.5
59.5 55.5
59.5 56.5
59.5 65.5
60.5 6.5
60.5 7.5
60.5 8.5
60.5 20.5
60.5 21.5
60.5 33.5
60.5 34.5
60.5 35.5
60.5 36.5
60.5 37.5
60.5 50.5
60.5 51.5
60.5 53.5
60.5 54.5
60.5 63.5
60.5 64.5
61.5 8.5
61.5 9.5
61.5 10.5
61.5 11.5
61.5 29.5
61.5 30.5
61.5 31.5
61.5 32.5
61.5 33.5
61.5 34.5
61.5 48.5
61.5 49.5
61.5 50.5
61.5 52.5
61.5 61.5
61.5 62.5
62.5 10.5
62.5 11.5
62.5 12.5
62.5 13.5
62.5 26.5
62.5 27.5
62.5 28.5
62.5 29.5
62.5 30.5
62.5 46.5
62.5 47.5
62.5 48.5
62.5 59.5
62.5 60.5
62.5 61.5
63.5 13.5
63.5 14.5
63.5 15.5
63.5 16.5
63.5 24.5
63.5 25.5
63.5 44.5
63.5 45.5
63.5 46.5
63.5 58.5
63.5 59.5
64.5 42.5
64.5 43.5
64.5 57.5
