4.5 11.5
4.5 21.5
4.5 39.5
4.5 51.5
5.5 20.5
5.5 30.5
5.5 40.5
6.5 10.5
6.5 20.5
6.5 30.5
6.5 41.5
6.5 50.5
6.5 61.5
7.5 19.5
7.5 31.5
7.5 42.5
7.5 50.5
7.5 60.5
8.5 9.5
8.5 14.5
8.5 19.5
8.5 25.5
8.5 31.5
8.5 35.5
8.5 43.5
8.5 49.5
8.5 59.5
8.5 65.5
9.5 8.5
9.5 18.5
9.5 26.5
9.5 35.5
9.5 36.5
9.5 44.5
9.5 49.5
9.5 55.5
9.5 58.5
9.5 64.5
10.5 8.5
10.5 13.5
10.5 18.5
10.5 24.5
10.5 27.5
10.5 32.5
10.5 36.5
10.5 37.5
10.5 45.5
10.5 54.5
10.5 57.5
10.5 64.5
11.5 7.5
11.5 13.5
11.5 17.5
11.5 23.5
11.5 27.5
11.5 32.5
11.5 37.5
11.5 38.5
11.5 46.5
11.5 48.5
11.5 53.5
11.5 57.5
11.5 63.5
12.5 7.5
12.5 12.5
12.5 22.5
12.5 28.5
12.5 38.5
12.5 39.5
12.5 53.5
12.5 56.5
12.5 63.5
13.5 12.5
13.5 16.5
13.5 28.5
13.5 33.5
13.5 39.5
13.5 40.5
13.5 47.5
13.5 52.5
13.5 62.5
14.5 21.5
14.5 29.5
14.5 40.5
14.5 51.5
15.5 11.5
15.5 20.5
15.5 29.5
15.5 41.5
15.5 61.5
16.5 10.5
16.5 11.5
16.5 30.5
16.5 42.5
16.5 51.5
16.5 61.5
17.5 30.5
17.5 38.5
17.5 61.5
18.5 11.5
18.5 20.5
18.5 29.5
18.5 39.5
18.5 40.5
18.5 52.5
18.5 62.5
19.5 5.5
19.5 21.5
19.5 29.5
19.5 40.5
19.5 41.5
19.5 53.5
19.5 57.5
19.5 62.5
19.5 68.5
20.5 12.5
20.5 15.5
20.5 22.5
20.5 28.5
20.5 42.5
20.5 53.5
20.5 63.5
21.5 6.5
21.5 12.5
21.5 16.5
21.5 22.5
21.5 28.5
21.5 33.5
21.5 36.5
21.5 43.5
21.5 44.5
21.5 47.5
21.5 54.5
21.5 58.5
21.5 63.5
22.5 7.5
22.5 13.5
22.5 17.5
22.5 23.5
22.5 27.5
22.5 33.5
22.5 37.5
22.5 44.5
22.5 45.5
22.5 48.5
22.5 54.5
22.5 58.5
23.5 7.5
23.5 17.5
23.5 18.5
23.5 24.5
23.5 33.5
23.5 37.5
23.5 46.5
23.5 49.5
23.5 55.5
23.5 59.5
23.5 64.5
24.5 8.5
24.5 14.5
24.5 18.5
24.5 26.5
24.5 32.5
24.5 38.5
24.5 49.5
24.5 59.5
25.5 8.5
25.5 9.5
25.5 19.5
25.5 32.5
25.5 39.5
25.5 50.5
25.5 56.5
25.5 60.5
25.5 65.5
26.5 9.5
26.5 20.5
26.5 32.5
26.5 51.5
26.5 60.5
27.5 9.5
27.5 10.5
27.5 21.5
27.5 31.5
27.5 40.5
27.5 52.5
28.5 10.5
28.5 11.5
28.5 22.5
28.5 31.5
28.5 41.5
28.5 52.5
28.5 61.5
29.5 10.5
29.5 21.5
29.5 30.5
29.5 31.5
29.5 41.5
29.5 51.5
29.5 53.5
29.5 61.5
29.5 68.5
30.5 9.5
30.5 20.5
30.5 31.5
30.5 41.5
30.5 50.5
30.5 61.5
31.5 8.5
31.5 19.5
31.5 20.5
31.5 31.5
31.5 49.5
31.5 50.5
31.5 60.5
32.5 7.5
32.5 19.5
32.5 25.5
32.5 27.5
32.5 32.5
32.5 42.5
32.5 48.5
32.5 49.5
32.5 60.5
33.5 6.5
33.5 14.5
33.5 18.5
33.5 24.5
33.5 27.5
33.5 33.5
33.5 37.5
33.5 42.5
33.5 47.5
33.5 48.5
33.5 56.5
33.5 59.5
33.5 64.5
34.5 5.5
34.5 13.5
34.5 14.5
34.5 17.5
34.5 24.5
34.5 28.5
34.5 34.5
34.5 42.5
34.5 47.5
34.5 55.5
34.5 59.5
34.5 64.5
35.5 12.5
35.5 13.5
35.5 16.5
35.5 23.5
35.5 28.5
35.5 35.5
35.5 38.5
35.5 46.5
35.5 54.5
35.5 58.5
36.5 11.5
36.5 12.5
36.5 23.5
36.5 29.5
36.5 36.5
36.5 43.5
36.5 45.5
36.5 53.5
36.5 58.5
36.5 63.5
37.5 10.5
37.5 11.5
37.5 22.5
37.5 29.5
37.5 39.5
37.5 43.5
37.5 44.5
37.5 52.5
37.5 63.5
37.5 68.5
38.5 9.5
38.5 22.5
38.5 30.5
38.5 51.5
38.5 57.5
38.5 62.5
39.5 8.5
39.5 11.5
39.5 21.5
39.5 30.5
39.5 40.5
39.5 50.5
39.5 62.5
40.5 21.5
40.5 30.5
40.5 31.5
40.5 39.5
40.5 49.5
41.5 10.5
41.5 20.5
41.5 22.5
41.5 41.5
41.5 48.5
41.5 61.5
42.5 10.5
42.5 20.5
42.5 21.5
42.5 31.5
42.5 32.5
42.5 40.5
42.5 51.5
42.5 52.5
43.5 9.5
43.5 20.5
43.5 21.5
43.5 31.5
43.5 41.5
43.5 50.5
43.5 51.5
43.5 61.5
44.5 9.5
44.5 15.5
44.5 19.5
44.5 20.5
44.5 32.5
44.5 36.5
44.5 41.5
44.5 49.5
44.5 62.5
45.5 8.5
45.5 19.5
45.5 27.5
45.5 32.5
45.5 37.5
45.5 42.5
45.5 48.5
45.5 57.5
45.5 63.5
46.5 8.5
46.5 14.5
46.5 18.5
46.5 26.5
46.5 27.5
46.5 33.5
46.5 37.5
46.5 47.5
46.5 56.5
46.5 58.5
46.5 64.5
47.5 7.5
47.5 8.5
47.5 13.5
47.5 17.5
47.5 25.5
47.5 28.5
47.5 33.5
47.5 38.5
47.5 43.5
47.5 46.5
47.5 55.5
47.5 59.5
47.5 65.5
47.5 68.5
48.5 7.5
48.5 13.5
48.5 16.5
48.5 23.5
48.5 24.5
48.5 28.5
48.5 38.5
48.5 45.5
48.5 53.5
48.5 54.5
48.5 60.5
48.5 66.5
49.5 7.5
49.5 12.5
49.5 22.5
49.5 29.5
49.5 34.5
49.5 39.5
49.5 52.5
49.5 53.5
49.5 60.5
50.5 12.5
50.5 21.5
50.5 30.5
50.5 39.5
50.5 51.5
50.5 61.5
51.5 11.5
51.5 20.5
51.5 30.5
51.5 40.5
51.5 49.5
51.5 50.5
51.5 62.5
52.5 19.5
52.5 22.5
52.5 31.5
52.5 39.5
52.5 40.5
52.5 48.5
52.5 49.5
52.5 61.5
53.5 10.5
53.5 31.5
53.5 39.5
53.5 50.5
53.5 62.5
54.5 11.5
54.5 21.5
54.5 40.5
54.5 50.5
54.5 51.5
55.5 20.5
55.5 30.5
55.5 40.5
55.5 51.5
55.5 63.5
56.5 12.5
56.5 19.5
56.5 20.5
56.5 30.5
56.5 41.5
56.5 51.5
56.5 52.5
56.5 64.5
57.5 13.5
57.5 19.5
57.5 25.5
57.5 29.5
57.5 34.5
57.5 35.5
57.5 41.5
57.5 46.5
57.5 52.5
57.5 56.5
57.5 57.5
57.5 64.5
58.5 7.5
58.5 13.5
58.5 18.5
58.5 25.5
58.5 29.5
58.5 36.5
58.5 42.5
58.5 46.5
58.5 53.5
58.5 57.5
58.5 58.5
58.5 65.5
59.5 8.5
59.5 14.5
59.5 17.5
59.5 24.5
59.5 33.5
59.5 36.5
59.5 42.5
59.5 47.5
59.5 53.5
59.5 54.5
59.5 58.5
59.5 59.5
60.5 9.5
60.5 17.5
60.5 24.5
60.5 28.5
60.5 33.5
60.5 37.5
60.5 47.5
60.5 54.5
60.5 59.5
60.5 60.5
60.5 66.5
61.5 9.5
61.5 15.5
61.5 16.5
61.5 23.5
61.5 28.5
61.5 32.5
61.5 37.5
61.5 43.5
61.5 60.5
61.5 61.5
62.5 10.5
62.5 22.5
62.5 23.5
62.5 32.5
62.5 38.5
62.5 48.5
62.5 61.5
63.5 11.5
63.5 22.5
63.5 27.5
63.5 38.5
63.5 44.5
63.5 48.5
63.5 62.5
64.5 12.5
64.5 22.5
64.5 31.5
64.5 39.5
64.5 49.5
64.5 63.5
