6.5 11.5
6.5 12.5
6.5 13.5
6.5 14.5
6.5 33.5
6.5 34.5
6.5 35.5
6.5 51.5
6.5 52.5
6.5 53.5
6.5 54.5
6.5 55.5
7.5 9.5
7.5 10.5
7.5 11.5
7.5 12.5
7.5 13.5
7.5 14.5
7.5 15.5
7.5 31.5
7.5 32.5
7.5 33.5
7.5 34.5
7.5 35.5
7.5 50.5
7.5 51.5
7.5 52.5
7.5 53.5
7.5 54.5
8.5 8.5
8.5 9.5
8.5 10.5
8.5 11.5
8.5 12.5
8.5 13.5
8.5 14.5
8.5 29.5
8.5 30.5
8.5 31.5
8.5 32.5
8.5 33.5
8.5 49.5
8.5 50.5
8.5 51.5
8.5 52.5
8.5 53.5
9.5 29.5
9.5 30.5
9.5 40.5
9.5 41.5
9.5 42.5
9.5 60.5
9.5 61.5
9.5 62.5
10.5 19.5
10.5 20.5
10.5 21.5
10.5 22.5
10.5 38.5
10.5 39.5
10.5 40.5
10.5 41.5
10.5 42.5
10.5 57.5
10.5 58.5
10.5 59.5
10.5 60.5
10.5 61.5
10.5 62.5
11.5 17.5
11.5 18.5
11.5 19.5
11.5 20.5
11.5 21.5
11.5 22.5
11.5 36.5
11.5 37.5
11.5 38.5
11.5 39.5
11.5 40.5
11.5 41.5
11.5 56.5
11.5 57.5
11.5 58.5
11.5 59.5
11.5 60.5
12.5 16.5
12.5 17.5
12.5 18.5
12.5 19.5
12.5 20.5
12.5 36.5
12.5 37.5
12.5 38.5
12.5 39.5
12.5 56.5
12.5 57.5
16.5 57.5
16.5 58.5
16.5 59.5
17.5 15.5
17.5 16.5
17.5 17.5
17.5 18.5
17.5 19.5
17.5 36.5
17.5 37.5
17.5 38.5
17.5 39.5
17.5 40.5
17.5 57.5
17.5 58.5
17.5 59.5
17.5 60.5
17.5 61.5
17.5 62.5
18.5 16.5
18.5 17.5
18.5 18.5
18.5 19.5
18.5 20.5
18.5 21.5
18.5 37.5
18.5 38.5
18.5 39.5
18.5 40.5
18.5 41.5
18.5 58.5
18.5 59.5
18.5 60.5
18.5 61.5
18.5 62.5
18.5 63.5
19.5 17.5
19.5 18.5
19.5 19.5
19.5 20.5
19.5 21.5
19.5 22.5
19.5 40.5
19.5 41.5
19.5 60.5
19.5 61.5
19.5 62.5
19.5 63.5
20.5 9.5
20.5 10.5
20.5 29.5
20.5 30.5
20.5 31.5
20.5 32.5
20.5 49.5
20.5 50.5
20.5 51.5
20.5 52.5
21.5 9.5
21.5 10.5
21.5 11.5
21.5 12.5
21.5 13.5
21.5 29.5
21.5 30.5
21.5 31.5
21.5 32.5
21.5 33.5
21.5 34.5
21.5 49.5
21.5 50.5
21.5 51.5
21.5 52.5
21.5 53.5
21.5 54.5
21.5 55.5
22.5 10.5
22.5 11.5
22.5 12.5
22.5 13.5
22.5 14.5
22.5 30.5
22.5 31.5
22.5 32.5
22.5 33.5
22.5 34.5
22.5 51.5
22.5 52.5
22.5 53.5
22.5 54.5
22.5 55.5
22.5 56.5
23.5 12.5
23.5 13.5
23.5 14.5
23.5 15.5
26.5 56.5
26.5 57.5
27.5 15.5
27.5 16.5
27.5 17.5
27.5 30.5
27.5 31.5
27.5 32.5
27.5 33.5
27.5 34.5
27.5 55.5
27.5 56.5
27.5 57.5
27.5 58.5
27.5 59.5
27.5 60.5
28.5 16.5
28.5 17.5
28.5 18.5
28.5 19.5
28.5 20.5
28.5 28.5
28.5 29.5
28.5 30.5
28.5 31.5
28.5 32.5
28.5 57.5
28.5 58.5
28.5 59.5
28.5 60.5
28.5 61.5
28.5 62.5
29.5 18.5
29.5 19.5
29.5 20.5
29.5 21.5
29.5 28.5
29.5 29.5
30.5 8.5
30.5 9.5
30.5 10.5
30.5 11.5
30.5 12.5
30.5 13.5
30.5 36.5
30.5 37.5
30.5 38.5
30.5 39.5
30.5 40.5
30.5 41.5
30.5 48.5
30.5 49.5
30.5 50.5
30.5 51.5
30.5 52.5
30.5 53.5
31.5 10.5
31.5 11.5
31.5 12.5
31.5 13.5
31.5 14.5
31.5 35.5
31.5 36.5
31.5 37.5
31.5 38.5
31.5 39.5
31.5 40.5
31.5 49.5
31.5 50.5
31.5 51.5
31.5 52.5
31.5 53.5
31.5 54.5
32.5 35.5
32.5 36.5
32.5 37.5
32.5 38.5
32.5 39.5
32.5 50.5
32.5 51.5
32.5 52.5
32.5 53.5
32.5 54.5
32.5 55.5
36.5 10.5
36.5 11.5
36.5 12.5
36.5 13.5
36.5 14.5
37.5 9.5
37.5 10.5
37.5 11.5
37.5 12.5
37.5 13.5
37.5 14.5
37.5 31.5
37.5 32.5
37.5 33.5
37.5 34.5
37.5 35.5
37.5 52.5
37.5 53.5
37.5 54.5
37.5 55.5
37.5 56.5
38.5 8.5
38.5 9.5
38.5 10.5
38.5 11.5
38.5 12.5
38.5 29.5
38.5 30.5
38.5 31.5
38.5 32.5
38.5 33.5
38.5 34.5
38.5 35.5
38.5 50.5
38.5 51.5
38.5 52.5
38.5 53.5
38.5 54.5
38.5 55.5
39.5 29.5
39.5 30.5
39.5 31.5
39.5 32.5
39.5 33.5
39.5 34.5
39.5 49.5
39.5 50.5
39.5 51.5
39.5 52.5
39.5 53.5
39.5 62.5
39.5 63.5
40.5 18.5
40.5 19.5
40.5 20.5
40.5 21.5
40.5 22.5
40.5 59.5
40.5 60.5
40.5 61.5
40.5 62.5
40.5 63.5
41.5 16.5
41.5 17.5
41.5 18.5
41.5 19.5
41.5 20.5
41.5 21.5
41.5 22.5
41.5 39.5
41.5 40.5
41.5 41.5
41.5 42.5
41.5 57.5
41.5 58.5
41.5 59.5
41.5 60.5
41.5 61.5
41.5 62.5
42.5 16.5
42.5 17.5
42.5 18.5
42.5 19.5
42.5 20.5
42.5 21.5
42.5 37.5
42.5 38.5
42.5 39.5
42.5 40.5
42.5 41.5
42.5 42.5
42.5 57.5
42.5 58.5
42.5 59.5
43.5 36.5
43.5 37.5
43.5 38.5
43.5 39.5
43.5 40.5
47.5 13.5
47.5 14.5
47.5 15.5
47.5 16.5
47.5 57.5
47.5 58.5
47.5 59.5
47.5 60.5
47.5 61.5
47.5 62.5
48.5 10.5
48.5 11.5
48.5 12.5
48.5 13.5
48.5 14.5
48.5 15.5
48.5 16.5
48.5 36.5
48.5 37.5
48.5 38.5
48.5 39.5
48.5 40.5
48.5 41.5
48.5 57.5
48.5 58.5
48.5 59.5
48.5 60.5
48.5 61.5
48.5 62.5
48.5 63.5
49.5 9.5
49.5 10.5
49.5 11.5
49.5 12.5
49.5 13.5
49.5 14.5
49.5 37.5
49.5 38.5
49.5 39.5
49.5 40.5
49.5 41.5
49.5 42.5
49.5 59.5
49.5 60.5
49.5 61.5
49.5 62.5
49.5 63.5
49.5 64.5
50.5 41.5
50.5 62.5
51.5 19.5
51.5 20.5
51.5 21.5
51.5 22.5
51.5 23.5
51.5 30.5
51.5 31.5
51.5 32.5
51.5 33.5
51.5 49.5
51.5 50.5
51.5 51.5
51.5 52.5
51.5 53.5
52.5 17.5
52.5 18.5
52.5 19.5
52.5 20.5
52.5 21.5
52.5 22.5
52.5 31.5
52.5 32.5
52.5 33.5
52.5 34.5
52.5 35.5
52.5 50.5
52.5 51.5
52.5 52.5
52.5 53.5
52.5 54.5
52.5 55.5
53.5 17.5
53.5 18.5
53.5 19.5
53.5 33.5
53.5 34.5
53.5 35.5
53.5 52.5
53.5 53.5
53.5 54.5
53.5 55.5
53.5 56.5
57.5 16.5
57.5 17.5
57.5 18.5
57.5 19.5
57.5 20.5
57.5 36.5
57.5 37.5
57.5 38.5
58.5 17.5
58.5 18.5
58.5 19.5
58.5 20.5
58.5 21.5
58.5 22.5
58.5 36.5
58.5 37.5
58.5 38.5
58.5 39.5
58.5 40.5
58.5 56.5
58.5 57.5
58.5 58.5
58.5 59.5
58.5 60.5
58.5 61.5
59.5 20.5
59.5 21.5
59.5 22.5
59.5 37.5
59.5 38.5
59.5 39.5
59.5 40.5
59.5 41.5
59.5 57.5
59.5 58.5
59.5 59.5
59.5 60.5
59.5 61.5
59.5 62.5
60.5 9.5
60.5 10.5
60.5 11.5
60.5 12.5
60.5 13.5
60.5 29.5
60.5 30.5
60.5 31.5
60.5 40.5
60.5 41.5
60.5 60.5
60.5 61.5
60.5 62.5
60.5 63.5
61.5 9.5
61.5 10.5
61.5 11.5
61.5 12.5
61.5 13.5
61.5 14.5
61.5 15.5
61.5 30.5
61.5 31.5
61.5 32.5
61.5 33.5
61.5 34.5
61.5 48.5
61.5 49.5
61.5 50.5
61.5 51.5
61.5 52.5
61.5 53.5
62.5 11.5
62.5 12.5
62.5 13.5
62.5 14.5
62.5 15.5
62.5 32.5
62.5 33.5
62.5 34.5
62.5 35.5
62.5 49.5
62.5 50.5
62.5 51.5
62.5 52.5
62.5 53.5
62.5 54.5
62.5 55.5
63.5 35.5
63.5 51.5
63.5 52.5
63.5 53.5
63.5 54.5
63.5 55.5
