4.5 14.5
5.5 15.5
5.5 35.5
5.5 58.5
6.5 15.5
6.5 16.5
6.5 36.5
6.5 57.5
7.5 16.5
7.5 17.5
7.5 37.5
7.5 56.5
8.5 17.5
8.5 18.5
8.5 38.5
8.5 54.5
8.5 55.5
9.5 18.5
9.5 19.5
9.5 39.5
9.5 53.5
9.5 54.5
10.5 19.5
10.5 40.5
10.5 51.5
10.5 52.5
11.5 20.5
11.5 27.5
11.5 41.5
11.5 50.5
11.5 51.5
12.5 7.5
12.5 21.5
12.5 28.5
12.5 42.5
12.5 49.5
12.5 50.5
12.5 65.5
13.5 8.5
13.5 21.5
13.5 22.5
13.5 29.5
13.5 42.5
13.5 43.5
13.5 48.5
13.5 64.5
14.5 9.5
14.5 22.5
14.5 23.5
14.5 30.5
14.5 31.5
14.5 43.5
14.5 47.5
14.5 62.5
14.5 63.5
15.5 9.5
15.5 10.5
15.5 23.5
15.5 24.5
15.5 31.5
15.5 32.5
15.5 61.5
15.5 62.5
16.5 10.5
16.5 11.5
16.5 32.5
16.5 33.5
16.5 60.5
16.5 61.5
17.5 11.5
17.5 12.5
17.5 33.5
17.5 34.5
17.5 58.5
17.5 59.5
18.5 12.5
18.5 34.5
18.5 35.5
18.5 57.5
18.5 58.5
19.5 13.5
19.5 35.5
19.5 36.5
19.5 56.5
19.5 57.5
20.5 13.5
20.5 14.5
20.5 36.5
20.5 37.5
20.5 55.5
21.5 14.5
21.5 15.5
21.5 37.5
21.5 54.5
22.5 15.5
23.5 16.5
24.5 17.5
24.5 37.5
24.5 54.5
25.5 36.5
25.5 55.5
26.5 16.5
26.5 35.5
26.5 36.5
26.5 56.5
27.5 15.5
27.5 34.5
27.5 35.5
27.5 57.5
28.5 14.5
28.5 33.5
28.5 34.5
28.5 57.5
28.5 58.5
29.5 13.5
29.5 32.5
29.5 33.5
29.5 58.5
29.5 59.5
30.5 12.5
30.5 31.5
30.5 32.5
30.5 59.5
30.5 60.5
31.5 11.5
31.5 23.5
31.5 30.5
31.5 31.5
31.5 45.5
31.5 48.5
31.5 60.5
31.5 61.5
32.5 10.5
32.5 22.5
32.5 29.5
32.5 30.5
32.5 44.5
32.5 49.5
32.5 61.5
32.5 62.5
33.5 9.5
33.5 21.5
33.5 22.5
33.5 28.5
33.5 29.5
33.5 43.5
33.5 49.5
33.5 50.5
33.5 62.5
34.5 8.5
34.5 21.5
34.5 27.5
34.5 28.5
34.5 42.5
34.5 50.5
34.5 63.5
35.5 7.5
35.5 20.5
35.5 26.5
35.5 27.5
35.5 41.5
35.5 51.5
35.5 64.5
36.5 6.5
36.5 19.5
36.5 26.5
36.5 40.5
36.5 41.5
36.5 51.5
36.5 52.5
36.5 65.5
37.5 18.5
37.5 39.5
37.5 40.5
37.5 52.5
37.5 53.5
37.5 66.5
38.5 17.5
38.5 18.5
38.5 38.5
38.5 39.5
38.5 53.5
39.5 16.5
39.5 17.5
39.5 37.5
39.5 38.5
39.5 54.5
40.5 16.5
40.5 36.5
40.5 37.5
40.5 54.5
40.5 55.5
41.5 15.5
41.5 36.5
41.5 55.5
41.5 56.5
42.5 14.5
42.5 35.5
42.5 56.5
43.5 13.5
43.5 34.5
43.5 57.5
44.5 33.5
44.5 58.5
45.5 17.5
45.5 58.5
46.5 16.5
47.5 15.5
47.5 38.5
47.5 55.5
48.5 14.5
48.5 15.5
48.5 37.5
48.5 56.5
49.5 13.5
49.5 14.5
49.5 35.5
49.5 36.5
49.5 57.5
50.5 12.5
50.5 13.5
50.5 34.5
50.5 35.5
50.5 58.5
50.5 59.5
51.5 11.5
51.5 12.5
51.5 33.5
51.5 34.5
51.5 59.5
51.5 60.5
52.5 11.5
52.5 24.5
52.5 32.5
52.5 33.5
52.5 60.5
52.5 61.5
53.5 10.5
53.5 23.5
53.5 30.5
53.5 31.5
53.5 47.5
53.5 61.5
53.5 62.5
54.5 9.5
54.5 22.5
54.5 29.5
54.5 30.5
54.5 45.5
54.5 48.5
54.5 62.5
54.5 63.5
55.5 8.5
55.5 21.5
55.5 22.5
55.5 28.5
55.5 29.5
55.5 44.5
55.5 49.5
55.5 50.5
55.5 64.5
56.5 7.5
56.5 20.5
56.5 21.5
56.5 27.5
56.5 43.5
56.5 50.5
56.5 51.5
56.5 65.5
57.5 19.5
57.5 20.5
57.5 26.5
57.5 41.5
57.5 42.5
57.5 52.5
58.5 18.5
58.5 19.5
58.5 40.5
58.5 41.5
58.5 53.5
58.5 54.5
59.5 17.5
59.5 18.5
59.5 39.5
59.5 40.5
59.5 54.5
59.5 55.5
60.5 16.5
60.5 17.5
60.5 38.5
60.5 55.5
60.5 56.5
61.5 16.5
61.5 37.5
61.5 56.5
61.5 57.5
62.5 15.5
62.5 35.5
62.5 36.5
62.5 58.5
63.5 14.5
63.5 34.5
63.5 35.5
63.5 59.5
64.5 13.5
64.5 33.5
