5.5 12.5
5.5 13.5
5.5 31.5
5.5 32.5
5.5 33.5
6.5 10.5
6.5 11.5
6.5 12.5
6.5 13.5
6.5 14.5
6.5 29.5
6.5 30.5
6.5 31.5
6.5 32.5
6.5 33.5
6.5 34.5
6.5 56.5
6.5 57.5
6.5 58.5
6.5 59.5
6.5 60.5
6.5 61.5
7.5 9.5
7.5 10.5
7.5 11.5
7.5 12.5
7.5 13.5
7.5 14.5
7.5 29.5
7.5 30.5
7.5 31.5
7.5 32.5
7.5 33.5
7.5 34.5
7.5 56.5
7.5 57.5
7.5 58.5
7.5 59.5
7.5 60.5
7.5 61.5
7.5 62.5
8.5 8.5
8.5 9.5
8.5 10.5
8.5 11.5
8.5 12.5
8.5 13.5
8.5 29.5
8.5 30.5
8.5 31.5
8.5 32.5
8.5 33.5
8.5 34.5
8.5 51.5
8.5 58.5
8.5 59.5
8.5 60.5
8.5 61.5
8.5 62.5
9.5 9.5
9.5 10.5
9.5 11.5
9.5 17.5
9.5 18.5
9.5 19.5
9.5 20.5
9.5 21.5
9.5 30.5
9.5 31.5
9.5 32.5
9.5 38.5
9.5 39.5
9.5 40.5
9.5 41.5
9.5 49.5
9.5 50.5
9.5 51.5
9.5 52.5
9.5 53.5
9.5 54.5
10.5 16.5
10.5 17.5
10.5 18.5
10.5 19.5
10.5 20.5
10.5 21.5
10.5 36.5
10.5 37.5
10.5 38.5
10.5 39.5
10.5 40.5
10.5 41.5
10.5 49.5
10.5 50.5
10.5 51.5
10.5 52.5
10.5 53.5
10.5 54.5
10.5 55.5
11.5 15.5
11.5 16.5
11.5 17.5
11.5 18.5
11.5 19.5
11.5 20.5
11.5 21.5
11.5 36.5
11.5 37.5
11.5 38.5
11.5 39.5
11.5 40.5
11.5 50.5
11.5 51.5
11.5 52.5
11.5 53.5
11.5 54.5
12.5 15.5
12.5 16.5
12.5 17.5
12.5 18.5
12.5 19.5
12.5 20.5
12.5 36.5
12.5 37.5
12.5 38.5
12.5 39.5
14.5 57.5
14.5 58.5
14.5 59.5
15.5 33.5
15.5 34.5
15.5 56.5
15.5 57.5
15.5 58.5
15.5 59.5
15.5 60.5
15.5 61.5
16.5 12.5
16.5 13.5
16.5 14.5
16.5 15.5
16.5 30.5
16.5 31.5
16.5 32.5
16.5 33.5
16.5 34.5
16.5 35.5
16.5 56.5
16.5 57.5
16.5 58.5
16.5 59.5
16.5 60.5
16.5 61.5
16.5 62.5
17.5 10.5
17.5 11.5
17.5 12.5
17.5 13.5
17.5 14.5
17.5 15.5
17.5 30.5
17.5 31.5
17.5 32.5
17.5 33.5
17.5 34.5
17.5 57.5
17.5 58.5
17.5 59.5
17.5 60.5
17.5 61.5
17.5 62.5
18.5 9.5
18.5 10.5
18.5 11.5
18.5 12.5
18.5 13.5
18.5 14.5
18.5 15.5
18.5 30.5
18.5 31.5
18.5 32.5
18.5 59.5
18.5 60.5
19.5 10.5
19.5 11.5
19.5 12.5
19.5 13.5
19.5 19.5
19.5 20.5
19.5 21.5
19.5 22.5
19.5 37.5
19.5 38.5
19.5 39.5
19.5 40.5
19.5 41.5
19.5 49.5
19.5 50.5
19.5 51.5
19.5 52.5
19.5 53.5
20.5 17.5
20.5 18.5
20.5 19.5
20.5 20.5
20.5 21.5
20.5 22.5
20.5 36.5
20.5 37.5
20.5 38.5
20.5 39.5
20.5 40.5
20.5 41.5
20.5 49.5
20.5 50.5
20.5 51.5
20.5 52.5
20.5 53.5
20.5 54.5
21.5 17.5
21.5 18.5
21.5 19.5
21.5 20.5
21.5 21.5
21.5 36.5
21.5 37.5
21.5 38.5
21.5 39.5
21.5 40.5
21.5 41.5
21.5 49.5
21.5 50.5
21.5 51.5
21.5 52.5
21.5 53.5
21.5 54.5
21.5 55.5
22.5 36.5
22.5 37.5
22.5 38.5
22.5 39.5
22.5 40.5
22.5 41.5
22.5 49.5
22.5 50.5
22.5 51.5
22.5 52.5
22.5 53.5
22.5 54.5
22.5 55.5
23.5 37.5
23.5 38.5
23.5 39.5
23.5 40.5
23.5 50.5
23.5 51.5
23.5 52.5
23.5 53.5
23.5 54.5
25.5 17.5
25.5 18.5
25.5 19.5
25.5 20.5
26.5 16.5
26.5 17.5
26.5 18.5
26.5 19.5
26.5 20.5
26.5 21.5
26.5 30.5
26.5 31.5
26.5 32.5
26.5 33.5
26.5 58.5
26.5 59.5
27.5 16.5
27.5 17.5
27.5 18.5
27.5 19.5
27.5 20.5
27.5 21.5
27.5 29.5
27.5 30.5
27.5 31.5
27.5 32.5
27.5 33.5
27.5 34.5
27.5 56.5
27.5 57.5
27.5 58.5
27.5 59.5
27.5 60.5
27.5 61.5
28.5 16.5
28.5 17.5
28.5 18.5
28.5 19.5
28.5 20.5
28.5 21.5
28.5 29.5
28.5 30.5
28.5 31.5
28.5 32.5
28.5 33.5
28.5 34.5
28.5 56.5
28.5 57.5
28.5 58.5
28.5 59.5
28.5 60.5
28.5 61.5
28.5 62.5
29.5 10.5
29.5 11.5
29.5 12.5
29.5 18.5
29.5 19.5
29.5 20.5
29.5 29.5
29.5 30.5
29.5 31.5
29.5 32.5
29.5 33.5
29.5 34.5
29.5 56.5
29.5 57.5
29.5 58.5
29.5 59.5
29.5 60.5
29.5 61.5
29.5 62.5
30.5 9.5
30.5 10.5
30.5 11.5
30.5 12.5
30.5 13.5
30.5 14.5
30.5 30.5
30.5 31.5
30.5 32.5
30.5 57.5
30.5 58.5
30.5 59.5
30.5 60.5
30.5 61.5
31.5 10.5
31.5 11.5
31.5 12.5
31.5 13.5
31.5 14.5
31.5 37.5
31.5 38.5
31.5 39.5
31.5 40.5
31.5 51.5
32.5 11.5
32.5 12.5
32.5 13.5
32.5 14.5
32.5 35.5
32.5 36.5
32.5 37.5
32.5 38.5
32.5 39.5
32.5 40.5
32.5 41.5
32.5 49.5
32.5 50.5
32.5 51.5
32.5 52.5
32.5 53.5
32.5 54.5
33.5 35.5
33.5 36.5
33.5 37.5
33.5 38.5
33.5 39.5
33.5 40.5
33.5 41.5
33.5 50.5
33.5 51.5
33.5 52.5
33.5 53.5
33.5 54.5
33.5 55.5
34.5 36.5
34.5 37.5
34.5 38.5
34.5 39.5
34.5 51.5
34.5 52.5
34.5 53.5
34.5 54.5
34.5 55.5
36.5 10.5
36.5 11.5
36.5 12.5
36.5 13.5
36.5 14.5
36.5 32.5
36.5 33.5
37.5 9.5
37.5 10.5
37.5 11.5
37.5 12.5
37.5 13.5
37.5 14.5
37.5 29.5
37.5 30.5
37.5 31.5
37.5 32.5
37.5 33.5
37.5 34.5
37.5 35.5
37.5 57.5
37.5 58.5
37.5 59.5
37.5 60.5
37.5 61.5
38.5 8.5
38.5 9.5
38.5 10.5
38.5 11.5
38.5 12.5
38.5 13.5
38.5 29.5
38.5 30.5
38.5 31.5
38.5 32.5
38.5 33.5
38.5 34.5
38.5 57.5
38.5 58.5
38.5 59.5
38.5 60.5
38.5 61.5
38.5 62.5
39.5 9.5
39.5 10.5
39.5 11.5
39.5 17.5
39.5 18.5
39.5 19.5
39.5 20.5
39.5 21.5
39.5 30.5
39.5 31.5
39.5 32.5
39.5 58.5
39.5 59.5
39.5 60.5
39.5 61.5
39.5 62.5
39.5 63.5
40.5 15.5
40.5 16.5
40.5 17.5
40.5 18.5
40.5 19.5
40.5 20.5
40.5 21.5
40.5 37.5
40.5 38.5
40.5 39.5
40.5 40.5
40.5 41.5
40.5 50.5
40.5 51.5
40.5 52.5
40.5 53.5
40.5 60.5
40.5 61.5
40.5 62.5
41.5 15.5
41.5 16.5
41.5 17.5
41.5 18.5
41.5 19.5
41.5 36.5
41.5 37.5
41.5 38.5
41.5 39.5
41.5 40.5
41.5 41.5
41.5 42.5
41.5 49.5
41.5 50.5
41.5 51.5
41.5 52.5
41.5 53.5
41.5 54.5
41.5 55.5
42.5 36.5
42.5 37.5
42.5 38.5
42.5 39.5
42.5 40.5
42.5 41.5
42.5 50.5
42.5 51.5
42.5 52.5
42.5 53.5
42.5 54.5
42.5 55.5
42.5 56.5
43.5 52.5
43.5 53.5
43.5 54.5
43.5 55.5
45.5 11.5
45.5 12.5
45.5 13.5
45.5 14.5
45.5 32.5
45.5 33.5
46.5 10.5
46.5 11.5
46.5 12.5
46.5 13.5
46.5 14.5
46.5 15.5
46.5 30.5
46.5 31.5
46.5 32.5
46.5 33.5
46.5 34.5
46.5 35.5
46.5 52.5
46.5 53.5
46.5 54.5
46.5 55.5
46.5 56.5
47.5 9.5
47.5 10.5
47.5 11.5
47.5 12.5
47.5 13.5
47.5 14.5
47.5 15.5
47.5 29.5
47.5 30.5
47.5 31.5
47.5 32.5
47.5 33.5
47.5 34.5
47.5 35.5
47.5 51.5
47.5 52.5
47.5 53.5
47.5 54.5
47.5 55.5
47.5 56.5
48.5 9.5
48.5 10.5
48.5 11.5
48.5 12.5
48.5 13.5
48.5 14.5
48.5 29.5
48.5 30.5
48.5 31.5
48.5 32.5
48.5 33.5
48.5 34.5
48.5 50.5
48.5 51.5
48.5 52.5
48.5 53.5
48.5 54.5
48.5 55.5
48.5 56.5
49.5 9.5
49.5 10.5
49.5 11.5
49.5 12.5
49.5 13.5
49.5 18.5
49.5 19.5
49.5 20.5
49.5 21.5
49.5 30.5
49.5 31.5
49.5 32.5
49.5 33.5
49.5 50.5
49.5 51.5
49.5 52.5
49.5 53.5
49.5 54.5
49.5 60.5
49.5 61.5
49.5 62.5
50.5 17.5
50.5 18.5
50.5 19.5
50.5 20.5
50.5 21.5
50.5 22.5
50.5 38.5
50.5 39.5
50.5 40.5
50.5 41.5
50.5 42.5
50.5 58.5
50.5 59.5
50.5 60.5
50.5 61.5
50.5 62.5
50.5 63.5
51.5 16.5
51.5 17.5
51.5 18.5
51.5 19.5
51.5 20.5
51.5 21.5
51.5 36.5
51.5 37.5
51.5 38.5
51.5 39.5
51.5 40.5
51.5 41.5
51.5 42.5
51.5 57.5
51.5 58.5
51.5 59.5
51.5 60.5
51.5 61.5
51.5 62.5
52.5 16.5
52.5 17.5
52.5 18.5
52.5 19.5
52.5 20.5
52.5 21.5
52.5 36.5
52.5 37.5
52.5 38.5
52.5 39.5
52.5 40.5
52.5 41.5
52.5 57.5
52.5 58.5
52.5 59.5
52.5 60.5
52.5 61.5
53.5 17.5
53.5 18.5
53.5 19.5
53.5 37.5
53.5 38.5
53.5 39.5
56.5 37.5
56.5 38.5
56.5 39.5
56.5 40.5
56.5 58.5
56.5 59.5
56.5 60.5
57.5 16.5
57.5 17.5
57.5 18.5
57.5 19.5
57.5 20.5
57.5 36.5
57.5 37.5
57.5 38.5
57.5 39.5
57.5 40.5
57.5 41.5
57.5 42.5
57.5 57.5
57.5 58.5
57.5 59.5
57.5 60.5
57.5 61.5
57.5 62.5
58.5 16.5
58.5 17.5
58.5 18.5
58.5 19.5
58.5 20.5
58.5 21.5
58.5 36.5
58.5 37.5
58.5 38.5
58.5 39.5
58.5 40.5
58.5 41.5
58.5 42.5
58.5 58.5
58.5 59.5
58.5 60.5
58.5 61.5
58.5 62.5
59.5 18.5
59.5 19.5
59.5 20.5
59.5 37.5
59.5 38.5
59.5 39.5
59.5 40.5
59.5 41.5
59.5 42.5
59.5 59.5
59.5 60.5
59.5 61.5
59.5 62.5
60.5 9.5
60.5 10.5
60.5 11.5
60.5 12.5
60.5 13.5
60.5 29.5
60.5 30.5
60.5 31.5
60.5 32.5
60.5 33.5
60.5 39.5
60.5 40.5
60.5 41.5
60.5 50.5
60.5 51.5
60.5 52.5
60.5 53.5
60.5 54.5
60.5 55.5
61.5 9.5
61.5 10.5
61.5 11.5
61.5 12.5
61.5 13.5
61.5 14.5
61.5 29.5
61.5 30.5
61.5 31.5
61.5 32.5
61.5 33.5
61.5 34.5
61.5 50.5
61.5 51.5
61.5 52.5
61.5 53.5
61.5 54.5
61.5 55.5
61.5 56.5
62.5 9.5
62.5 10.5
62.5 11.5
62.5 12.5
62.5 13.5
62.5 14.5
62.5 31.5
62.5 32.5
62.5 33.5
62.5 34.5
62.5 35.5
62.5 51.5
62.5 52.5
62.5 53.5
62.5 54.5
62.5 55.5
62.5 56.5
63.5 52.5
63.5 53.5
63.5 54.5
63.5 55.5
