5.5 61.5
6.5 11.5
6.5 23.5
6.5 61.5
7.5 10.5
7.5 23.5
7.5 35.5
7.5 47.5
7.5 61.5
8.5 10.5
8.5 22.5
8.5 34.5
8.5 48.5
8.5 61.5
8.5 62.5
9.5 9.5
9.5 21.5
9.5 22.5
9.5 34.5
9.5 49.5
9.5 62.5
10.5 8.5
10.5 9.5
10.5 21.5
10.5 33.5
10.5 49.5
10.5 50.5
10.5 62.5
11.5 8.5
11.5 15.5
11.5 20.5
11.5 32.5
11.5 50.5
11.5 56.5
11.5 62.5
12.5 7.5
12.5 20.5
12.5 27.5
12.5 32.5
12.5 39.5
12.5 43.5
12.5 51.5
12.5 56.5
13.5 7.5
13.5 14.5
13.5 19.5
13.5 27.5
13.5 31.5
13.5 38.5
13.5 43.5
13.5 57.5
14.5 13.5
14.5 26.5
14.5 38.5
14.5 44.5
14.5 57.5
15.5 13.5
15.5 25.5
15.5 37.5
15.5 45.5
15.5 57.5
16.5 12.5
16.5 24.5
16.5 36.5
16.5 37.5
16.5 46.5
16.5 58.5
17.5 12.5
17.5 24.5
17.5 36.5
17.5 47.5
17.5 58.5
18.5 23.5
18.5 35.5
18.5 47.5
19.5 11.5
19.5 48.5
20.5 59.5
22.5 11.5
22.5 23.5
22.5 36.5
22.5 58.5
23.5 12.5
23.5 24.5
23.5 35.5
23.5 47.5
23.5 58.5
24.5 12.5
24.5 25.5
24.5 34.5
24.5 46.5
24.5 57.5
25.5 13.5
25.5 26.5
25.5 33.5
25.5 46.5
25.5 57.5
26.5 14.5
26.5 27.5
26.5 32.5
26.5 40.5
26.5 45.5
26.5 62.5
27.5 7.5
27.5 14.5
27.5 19.5
27.5 31.5
27.5 39.5
27.5 44.5
27.5 52.5
27.5 56.5
27.5 62.5
28.5 8.5
28.5 15.5
28.5 20.5
28.5 39.5
28.5 44.5
28.5 51.5
28.5 62.5
29.5 9.5
29.5 21.5
29.5 22.5
29.5 38.5
29.5 50.5
29.5 51.5
29.5 61.5
30.5 9.5
30.5 22.5
30.5 23.5
30.5 37.5
30.5 38.5
30.5 50.5
30.5 61.5
31.5 10.5
31.5 23.5
31.5 37.5
31.5 49.5
31.5 61.5
32.5 24.5
32.5 36.5
32.5 49.5
32.5 61.5
33.5 11.5
33.5 48.5
35.5 36.5
36.5 24.5
37.5 11.5
37.5 24.5
37.5 35.5
37.5 48.5
37.5 60.5
38.5 12.5
38.5 25.5
38.5 34.5
38.5 35.5
38.5 48.5
38.5 61.5
39.5 12.5
39.5 25.5
39.5 34.5
39.5 47.5
39.5 61.5
40.5 13.5
40.5 26.5
40.5 33.5
40.5 34.5
40.5 47.5
40.5 62.5
41.5 6.5
41.5 13.5
41.5 26.5
41.5 33.5
41.5 41.5
41.5 46.5
41.5 63.5
42.5 18.5
42.5 27.5
42.5 40.5
42.5 46.5
42.5 52.5
42.5 57.5
43.5 7.5
43.5 14.5
43.5 19.5
43.5 27.5
43.5 32.5
43.5 40.5
43.5 45.5
43.5 52.5
43.5 57.5
44.5 7.5
44.5 8.5
44.5 20.5
44.5 39.5
44.5 51.5
44.5 58.5
45.5 8.5
45.5 20.5
45.5 38.5
45.5 39.5
45.5 51.5
45.5 58.5
46.5 8.5
46.5 21.5
46.5 38.5
46.5 50.5
46.5 59.5
47.5 9.5
47.5 21.5
47.5 22.5
47.5 37.5
47.5 50.5
47.5 59.5
48.5 9.5
48.5 22.5
48.5 36.5
48.5 49.5
48.5 60.5
49.5 10.5
49.5 23.5
49.5 36.5
52.5 23.5
52.5 60.5
53.5 9.5
53.5 23.5
53.5 36.5
53.5 49.5
53.5 59.5
54.5 9.5
54.5 22.5
54.5 35.5
54.5 36.5
54.5 50.5
54.5 58.5
54.5 59.5
55.5 8.5
55.5 21.5
55.5 34.5
55.5 35.5
55.5 50.5
55.5 58.5
56.5 8.5
56.5 21.5
56.5 33.5
56.5 34.5
56.5 51.5
56.5 57.5
56.5 64.5
57.5 7.5
57.5 20.5
57.5 28.5
57.5 32.5
57.5 40.5
57.5 44.5
57.5 57.5
57.5 64.5
58.5 7.5
58.5 14.5
58.5 20.5
58.5 27.5
58.5 31.5
58.5 45.5
58.5 52.5
58.5 56.5
58.5 63.5
59.5 14.5
59.5 19.5
59.5 27.5
59.5 39.5
59.5 45.5
59.5 63.5
60.5 13.5
60.5 26.5
60.5 38.5
60.5 46.5
60.5 62.5
61.5 13.5
61.5 25.5
61.5 37.5
61.5 46.5
61.5 47.5
61.5 62.5
62.5 12.5
62.5 13.5
62.5 24.5
62.5 37.5
62.5 47.5
62.5 61.5
63.5 12.5
63.5 24.5
63.5 36.5
63.5 48.5
63.5 61.5
64.5 23.5
