5.5 17.5
6.5 14.5
6.5 15.5
6.5 37.5
6.5 38.5
6.5 39.5
6.5 53.5
6.5 54.5
7.5 12.5
7.5 33.5
7.5 34.5
7.5 35.5
7.5 56.5
7.5 57.5
8.5 9.5
8.5 10.5
8.5 29.5
8.5 30.5
8.5 31.5
8.5 58.5
8.5 59.5
9.5 7.5
9.5 24.5
9.5 25.5
9.5 26.5
9.5 27.5
9.5 47.5
9.5 61.5
9.5 62.5
10.5 5.5
10.5 20.5
10.5 21.5
10.5 22.5
10.5 45.5
10.5 46.5
10.5 49.5
10.5 64.5
11.5 17.5
11.5 18.5
11.5 19.5
11.5 41.5
11.5 42.5
11.5 43.5
11.5 51.5
11.5 52.5
12.5 14.5
12.5 15.5
12.5 38.5
12.5 39.5
12.5 40.5
12.5 53.5
12.5 54.5
13.5 11.5
13.5 12.5
13.5 35.5
13.5 36.5
13.5 55.5
13.5 56.5
14.5 32.5
14.5 58.5
16.5 10.5
17.5 12.5
17.5 13.5
17.5 33.5
17.5 58.5
18.5 14.5
18.5 15.5
18.5 35.5
18.5 36.5
18.5 56.5
18.5 57.5
19.5 16.5
19.5 17.5
19.5 37.5
19.5 38.5
19.5 55.5
20.5 18.5
20.5 19.5
20.5 20.5
20.5 39.5
20.5 40.5
20.5 41.5
20.5 53.5
21.5 5.5
21.5 21.5
21.5 22.5
21.5 42.5
21.5 43.5
21.5 51.5
21.5 52.5
22.5 7.5
22.5 23.5
22.5 24.5
22.5 26.5
22.5 27.5
22.5 44.5
22.5 45.5
22.5 50.5
22.5 64.5
23.5 8.5
23.5 9.5
23.5 26.5
23.5 29.5
23.5 30.5
23.5 46.5
23.5 47.5
23.5 48.5
23.5 62.5
23.5 63.5
24.5 10.5
24.5 11.5
24.5 31.5
24.5 32.5
24.5 60.5
24.5 61.5
25.5 12.5
25.5 13.5
25.5 33.5
25.5 34.5
25.5 58.5
25.5 59.5
26.5 14.5
26.5 36.5
26.5 37.5
26.5 56.5
26.5 57.5
27.5 15.5
27.5 16.5
27.5 38.5
27.5 39.5
27.5 55.5
28.5 17.5
28.5 18.5
28.5 41.5
28.5 53.5
30.5 19.5
30.5 31.5
31.5 16.5
31.5 33.5
31.5 34.5
31.5 58.5
31.5 59.5
32.5 14.5
32.5 36.5
32.5 37.5
32.5 38.5
32.5 55.5
32.5 56.5
33.5 11.5
33.5 12.5
33.5 39.5
33.5 40.5
33.5 41.5
33.5 52.5
33.5 53.5
34.5 9.5
34.5 10.5
34.5 24.5
34.5 43.5
34.5 44.5
34.5 49.5
34.5 50.5
35.5 7.5
35.5 24.5
35.5 25.5
35.5 26.5
35.5 27.5
35.5 46.5
35.5 47.5
36.5 21.5
36.5 22.5
36.5 23.5
36.5 29.5
36.5 30.5
36.5 63.5
36.5 64.5
37.5 17.5
37.5 18.5
37.5 19.5
37.5 32.5
37.5 33.5
37.5 60.5
37.5 61.5
38.5 14.5
38.5 15.5
38.5 16.5
38.5 34.5
38.5 35.5
38.5 57.5
38.5 58.5
38.5 59.5
39.5 11.5
39.5 12.5
39.5 37.5
39.5 38.5
39.5 54.5
39.5 55.5
40.5 40.5
40.5 52.5
42.5 11.5
43.5 13.5
43.5 14.5
43.5 33.5
43.5 34.5
44.5 15.5
44.5 16.5
44.5 36.5
44.5 37.5
44.5 38.5
44.5 56.5
44.5 57.5
44.5 58.5
45.5 17.5
45.5 18.5
45.5 40.5
45.5 41.5
45.5 51.5
45.5 52.5
45.5 53.5
45.5 54.5
46.5 5.5
46.5 20.5
46.5 21.5
46.5 43.5
46.5 44.5
46.5 47.5
46.5 48.5
46.5 49.5
47.5 7.5
47.5 8.5
47.5 22.5
47.5 23.5
47.5 47.5
48.5 9.5
48.5 10.5
48.5 25.5
48.5 26.5
48.5 27.5
48.5 28.5
48.5 62.5
48.5 63.5
49.5 11.5
49.5 12.5
49.5 30.5
49.5 31.5
49.5 32.5
49.5 33.5
49.5 58.5
49.5 59.5
50.5 14.5
50.5 35.5
50.5 36.5
50.5 37.5
50.5 55.5
50.5 56.5
51.5 16.5
51.5 40.5
51.5 52.5
52.5 18.5
53.5 58.5
54.5 56.5
54.5 57.5
55.5 16.5
55.5 17.5
55.5 18.5
55.5 32.5
55.5 55.5
56.5 12.5
56.5 13.5
56.5 14.5
56.5 34.5
56.5 35.5
56.5 36.5
56.5 53.5
57.5 8.5
57.5 9.5
57.5 10.5
57.5 37.5
57.5 38.5
57.5 39.5
57.5 51.5
57.5 52.5
58.5 5.5
58.5 24.5
58.5 40.5
58.5 41.5
58.5 42.5
58.5 49.5
58.5 50.5
59.5 22.5
59.5 23.5
59.5 26.5
59.5 44.5
59.5 45.5
59.5 47.5
59.5 48.5
59.5 64.5
59.5 65.5
60.5 18.5
60.5 19.5
60.5 20.5
60.5 28.5
60.5 29.5
60.5 46.5
60.5 61.5
60.5 62.5
60.5 63.5
61.5 15.5
61.5 16.5
61.5 31.5
61.5 59.5
61.5 60.5
62.5 12.5
62.5 13.5
62.5 33.5
62.5 34.5
62.5 56.5
62.5 57.5
62.5 58.5
63.5 36.5
63.5 54.5
63.5 55.5
64.5 38.5
64.5 52.5
