8.5 16.5
8.5 56.5
9.5 17.5
9.5 34.5
9.5 35.5
9.5 57.5
10.5 17.5
10.5 18.5
10.5 33.5
10.5 34.5
10.5 58.5
11.5 18.5
11.5 19.5
11.5 32.5
11.5 33.5
11.5 59.5
12.5 19.5
12.5 20.5
12.5 31.5
12.5 32.5
12.5 60.5
13.5 20.5
13.5 21.5
13.5 30.5
13.5 31.5
13.5 61.5
14.5 21.5
14.5 29.5
14.5 62.5
15.5 49.5
16.5 9.5
16.5 10.5
16.5 41.5
16.5 42.5
16.5 50.5
16.5 51.5
17.5 10.5
17.5 11.5
17.5 40.5
17.5 41.5
17.5 51.5
17.5 52.5
18.5 11.5
18.5 12.5
18.5 39.5
18.5 40.5
18.5 52.5
18.5 53.5
19.5 12.5
19.5 13.5
19.5 38.5
19.5 39.5
19.5 53.5
19.5 54.5
20.5 14.5
20.5 37.5
20.5 55.5
21.5 15.5
21.5 36.5
21.5 56.5
28.5 15.5
28.5 36.5
28.5 56.5
29.5 16.5
29.5 37.5
29.5 57.5
29.5 58.5
30.5 16.5
30.5 17.5
30.5 38.5
30.5 58.5
30.5 59.5
31.5 17.5
31.5 18.5
31.5 39.5
31.5 40.5
31.5 59.5
31.5 60.5
32.5 18.5
32.5 19.5
32.5 40.5
32.5 41.5
32.5 60.5
32.5 61.5
33.5 20.5
33.5 41.5
33.5 61.5
33.5 62.5
34.5 21.5
35.5 29.5
35.5 50.5
36.5 9.5
36.5 30.5
36.5 31.5
36.5 50.5
36.5 51.5
37.5 10.5
37.5 31.5
37.5 32.5
37.5 51.5
37.5 52.5
38.5 11.5
38.5 32.5
38.5 33.5
38.5 53.5
39.5 11.5
39.5 12.5
39.5 33.5
39.5 34.5
39.5 54.5
40.5 12.5
40.5 13.5
40.5 34.5
40.5 55.5
41.5 13.5
41.5 14.5
48.5 35.5
48.5 56.5
48.5 57.5
49.5 15.5
49.5 36.5
49.5 37.5
49.5 57.5
49.5 58.5
50.5 16.5
50.5 37.5
50.5 38.5
50.5 58.5
50.5 59.5
51.5 17.5
51.5 38.5
51.5 59.5
51.5 60.5
52.5 17.5
52.5 18.5
52.5 38.5
52.5 39.5
52.5 60.5
52.5 61.5
53.5 18.5
53.5 19.5
53.5 40.5
53.5 62.5
54.5 19.5
54.5 20.5
54.5 41.5
54.5 49.5
55.5 20.5
55.5 28.5
55.5 49.5
55.5 50.5
56.5 29.5
56.5 50.5
56.5 51.5
57.5 9.5
57.5 10.5
57.5 29.5
57.5 30.5
57.5 51.5
57.5 52.5
58.5 10.5
58.5 11.5
58.5 30.5
58.5 31.5
58.5 52.5
58.5 53.5
59.5 11.5
59.5 12.5
59.5 31.5
59.5 32.5
59.5 53.5
59.5 54.5
60.5 12.5
60.5 13.5
60.5 32.5
60.5 33.5
60.5 54.5
60.5 55.5
61.5 13.5
61.5 33.5
62.5 14.5
62.5 34.5
