6.5 8.5
6.5 31.5
6.5 39.5
6.5 51.5
6.5 62.5
7.5 7.5
7.5 20.5
7.5 31.5
7.5 38.5
7.5 52.5
7.5 62.5
8.5 6.5
8.5 19.5
8.5 32.5
8.5 38.5
8.5 53.5
8.5 63.5
9.5 5.5
9.5 18.5
9.5 19.5
9.5 32.5
9.5 37.5
9.5 43.5
9.5 47.5
9.5 53.5
10.5 18.5
10.5 64.5
11.5 13.5
11.5 17.5
11.5 42.5
11.5 48.5
11.5 59.5
12.5 11.5
12.5 12.5
12.5 23.5
12.5 28.5
12.5 41.5
12.5 49.5
12.5 59.5
13.5 10.5
13.5 22.5
13.5 29.5
13.5 41.5
13.5 49.5
13.5 60.5
14.5 9.5
14.5 21.5
14.5 40.5
14.5 50.5
14.5 61.5
18.5 30.5
18.5 50.5
19.5 9.5
19.5 21.5
19.5 31.5
19.5 39.5
19.5 49.5
19.5 60.5
20.5 8.5
20.5 21.5
20.5 31.5
20.5 38.5
20.5 49.5
20.5 59.5
21.5 7.5
21.5 21.5
21.5 32.5
21.5 38.5
21.5 48.5
21.5 58.5
22.5 6.5
22.5 22.5
22.5 37.5
22.5 44.5
22.5 53.5
22.5 57.5
23.5 13.5
23.5 17.5
23.5 22.5
23.5 33.5
23.5 43.5
23.5 53.5
23.5 64.5
24.5 12.5
24.5 27.5
24.5 42.5
24.5 52.5
24.5 63.5
25.5 18.5
25.5 28.5
25.5 42.5
25.5 62.5
26.5 11.5
26.5 28.5
26.5 41.5
26.5 51.5
26.5 61.5
27.5 19.5
27.5 29.5
30.5 41.5
30.5 50.5
30.5 61.5
31.5 9.5
31.5 29.5
31.5 42.5
31.5 50.5
31.5 62.5
32.5 8.5
32.5 30.5
32.5 43.5
32.5 49.5
32.5 63.5
33.5 7.5
33.5 18.5
33.5 31.5
33.5 32.5
33.5 44.5
33.5 49.5
33.5 54.5
34.5 6.5
34.5 18.5
34.5 33.5
34.5 58.5
35.5 13.5
35.5 18.5
35.5 26.5
35.5 38.5
35.5 53.5
35.5 59.5
36.5 12.5
36.5 22.5
36.5 27.5
36.5 39.5
36.5 60.5
37.5 11.5
37.5 22.5
37.5 28.5
37.5 41.5
37.5 52.5
38.5 10.5
38.5 22.5
38.5 29.5
39.5 30.5
41.5 52.5
42.5 42.5
42.5 52.5
42.5 62.5
43.5 10.5
43.5 31.5
43.5 42.5
43.5 52.5
43.5 62.5
44.5 9.5
44.5 10.5
44.5 20.5
44.5 31.5
44.5 43.5
44.5 53.5
44.5 63.5
45.5 8.5
45.5 9.5
45.5 19.5
45.5 32.5
45.5 44.5
45.5 53.5
45.5 63.5
46.5 7.5
46.5 32.5
46.5 37.5
46.5 44.5
46.5 53.5
47.5 14.5
47.5 27.5
47.5 38.5
47.5 49.5
47.5 58.5
47.5 64.5
48.5 13.5
48.5 23.5
48.5 38.5
48.5 49.5
48.5 59.5
49.5 22.5
49.5 28.5
49.5 39.5
49.5 49.5
49.5 59.5
50.5 12.5
50.5 21.5
50.5 29.5
50.5 40.5
50.5 60.5
51.5 11.5
51.5 20.5
51.5 40.5
51.5 60.5
55.5 40.5
55.5 51.5
56.5 9.5
56.5 21.5
56.5 31.5
56.5 41.5
56.5 60.5
57.5 8.5
57.5 22.5
57.5 31.5
57.5 41.5
57.5 42.5
57.5 52.5
57.5 58.5
57.5 59.5
58.5 7.5
58.5 22.5
58.5 23.5
58.5 42.5
58.5 58.5
59.5 12.5
59.5 16.5
59.5 23.5
59.5 32.5
59.5 43.5
59.5 53.5
59.5 57.5
60.5 11.5
60.5 17.5
60.5 28.5
60.5 36.5
60.5 48.5
60.5 64.5
61.5 11.5
61.5 18.5
61.5 28.5
61.5 37.5
61.5 49.5
61.5 63.5
62.5 10.5
62.5 18.5
62.5 38.5
62.5 49.5
62.5 62.5
63.5 19.5
63.5 39.5
63.5 50.5
63.5 61.5
