4.5 12.5
4.5 25.5
4.5 61.5
5.5 11.5
5.5 23.5
5.5 24.5
5.5 32.5
5.5 45.5
5.5 60.5
6.5 10.5
6.5 11.5
6.5 21.5
6.5 22.5
6.5 34.5
6.5 46.5
6.5 47.5
6.5 48.5
6.5 59.5
7.5 9.5
7.5 10.5
7.5 20.5
7.5 21.5
7.5 35.5
7.5 36.5
7.5 48.5
7.5 49.5
7.5 50.5
7.5 58.5
8.5 8.5
8.5 9.5
8.5 15.5
8.5 18.5
8.5 19.5
8.5 29.5
8.5 30.5
8.5 37.5
8.5 38.5
8.5 39.5
8.5 50.5
8.5 51.5
8.5 57.5
8.5 65.5
9.5 8.5
9.5 14.5
9.5 17.5
9.5 27.5
9.5 28.5
9.5 31.5
9.5 39.5
9.5 40.5
9.5 41.5
9.5 52.5
9.5 53.5
9.5 56.5
9.5 64.5
10.5 7.5
10.5 13.5
10.5 25.5
10.5 26.5
10.5 32.5
10.5 41.5
10.5 43.5
10.5 44.5
10.5 54.5
10.5 55.5
10.5 63.5
11.5 13.5
11.5 23.5
11.5 24.5
11.5 33.5
11.5 34.5
11.5 45.5
11.5 46.5
11.5 61.5
11.5 62.5
12.5 12.5
12.5 22.5
12.5 34.5
12.5 35.5
12.5 47.5
12.5 48.5
12.5 60.5
12.5 61.5
13.5 10.5
13.5 11.5
13.5 20.5
13.5 36.5
13.5 50.5
13.5 59.5
13.5 60.5
14.5 11.5
14.5 33.5
14.5 58.5
15.5 12.5
15.5 21.5
15.5 34.5
15.5 35.5
15.5 49.5
15.5 50.5
15.5 58.5
16.5 12.5
16.5 13.5
16.5 22.5
16.5 23.5
16.5 35.5
16.5 36.5
16.5 47.5
16.5 48.5
16.5 59.5
17.5 13.5
17.5 17.5
17.5 24.5
17.5 25.5
17.5 36.5
17.5 37.5
17.5 45.5
17.5 46.5
17.5 60.5
18.5 6.5
18.5 14.5
18.5 18.5
18.5 26.5
18.5 27.5
18.5 28.5
18.5 37.5
18.5 38.5
18.5 43.5
18.5 44.5
18.5 45.5
18.5 53.5
18.5 54.5
18.5 61.5
19.5 7.5
19.5 8.5
19.5 15.5
19.5 19.5
19.5 28.5
19.5 29.5
19.5 30.5
19.5 39.5
19.5 41.5
19.5 42.5
19.5 52.5
19.5 55.5
19.5 62.5
19.5 68.5
20.5 8.5
20.5 9.5
20.5 15.5
20.5 19.5
20.5 20.5
20.5 31.5
20.5 32.5
20.5 40.5
20.5 50.5
20.5 51.5
20.5 56.5
20.5 63.5
21.5 9.5
21.5 10.5
21.5 16.5
21.5 20.5
21.5 21.5
21.5 33.5
21.5 34.5
21.5 41.5
21.5 49.5
21.5 50.5
21.5 57.5
21.5 64.5
22.5 11.5
22.5 22.5
22.5 35.5
22.5 36.5
22.5 48.5
22.5 58.5
23.5 12.5
23.5 23.5
23.5 37.5
23.5 47.5
23.5 59.5
24.5 23.5
24.5 45.5
24.5 50.5
24.5 60.5
25.5 11.5
25.5 12.5
25.5 22.5
25.5 49.5
25.5 61.5
26.5 10.5
26.5 11.5
26.5 21.5
26.5 34.5
26.5 35.5
26.5 36.5
26.5 37.5
26.5 47.5
26.5 59.5
27.5 9.5
27.5 10.5
27.5 20.5
27.5 27.5
27.5 31.5
27.5 32.5
27.5 33.5
27.5 34.5
27.5 46.5
27.5 57.5
27.5 58.5
28.5 8.5
28.5 9.5
28.5 16.5
28.5 19.5
28.5 26.5
28.5 27.5
28.5 29.5
28.5 30.5
28.5 31.5
28.5 44.5
28.5 45.5
28.5 52.5
28.5 53.5
28.5 56.5
28.5 57.5
29.5 7.5
29.5 8.5
29.5 15.5
29.5 18.5
29.5 25.5
29.5 26.5
29.5 27.5
29.5 28.5
29.5 40.5
29.5 41.5
29.5 43.5
29.5 51.5
29.5 54.5
29.5 55.5
29.5 65.5
30.5 6.5
30.5 7.5
30.5 14.5
30.5 24.5
30.5 25.5
30.5 38.5
30.5 39.5
30.5 42.5
30.5 50.5
30.5 53.5
30.5 62.5
30.5 63.5
31.5 5.5
31.5 13.5
31.5 23.5
31.5 24.5
31.5 37.5
31.5 38.5
31.5 48.5
31.5 49.5
31.5 60.5
31.5 61.5
31.5 62.5
32.5 12.5
32.5 22.5
32.5 23.5
32.5 35.5
32.5 36.5
32.5 47.5
32.5 48.5
32.5 59.5
32.5 60.5
33.5 10.5
33.5 11.5
33.5 21.5
33.5 33.5
33.5 34.5
33.5 46.5
33.5 57.5
34.5 9.5
34.5 25.5
34.5 34.5
34.5 46.5
34.5 57.5
35.5 10.5
35.5 11.5
35.5 24.5
35.5 35.5
35.5 47.5
35.5 58.5
36.5 11.5
36.5 12.5
36.5 22.5
36.5 23.5
36.5 35.5
36.5 36.5
36.5 48.5
36.5 59.5
36.5 60.5
37.5 13.5
37.5 21.5
37.5 22.5
37.5 36.5
37.5 37.5
37.5 49.5
37.5 50.5
37.5 60.5
37.5 61.5
38.5 14.5
38.5 15.5
38.5 20.5
38.5 29.5
38.5 37.5
38.5 38.5
38.5 42.5
38.5 50.5
38.5 51.5
38.5 54.5
38.5 61.5
38.5 62.5
39.5 5.5
39.5 15.5
39.5 16.5
39.5 19.5
39.5 27.5
39.5 28.5
39.5 30.5
39.5 38.5
39.5 43.5
39.5 51.5
39.5 52.5
39.5 55.5
39.5 63.5
40.5 7.5
40.5 17.5
40.5 18.5
40.5 26.5
40.5 27.5
40.5 31.5
40.5 39.5
40.5 44.5
40.5 53.5
40.5 56.5
40.5 64.5
41.5 8.5
41.5 9.5
41.5 25.5
41.5 26.5
41.5 31.5
41.5 32.5
41.5 40.5
41.5 44.5
41.5 45.5
41.5 57.5
41.5 65.5
42.5 10.5
42.5 11.5
42.5 24.5
42.5 25.5
42.5 32.5
42.5 33.5
42.5 41.5
42.5 45.5
42.5 46.5
42.5 58.5
43.5 11.5
43.5 12.5
43.5 23.5
43.5 24.5
43.5 33.5
43.5 34.5
43.5 46.5
43.5 47.5
43.5 59.5
44.5 13.5
44.5 22.5
44.5 34.5
44.5 47.5
44.5 48.5
44.5 60.5
44.5 61.5
45.5 21.5
45.5 35.5
45.5 48.5
45.5 60.5
46.5 9.5
46.5 10.5
46.5 24.5
46.5 36.5
46.5 48.5
46.5 59.5
47.5 10.5
47.5 11.5
47.5 22.5
47.5 23.5
47.5 37.5
47.5 47.5
47.5 58.5
48.5 12.5
48.5 13.5
48.5 20.5
48.5 21.5
48.5 35.5
48.5 45.5
48.5 46.5
48.5 54.5
48.5 57.5
48.5 65.5
49.5 5.5
49.5 14.5
49.5 15.5
49.5 19.5
49.5 20.5
49.5 33.5
49.5 34.5
49.5 44.5
49.5 52.5
49.5 53.5
49.5 56.5
49.5 64.5
50.5 6.5
50.5 16.5
50.5 17.5
50.5 18.5
50.5 29.5
50.5 31.5
50.5 32.5
50.5 41.5
50.5 42.5
50.5 43.5
50.5 51.5
50.5 52.5
50.5 55.5
50.5 63.5
51.5 7.5
51.5 8.5
51.5 16.5
51.5 26.5
51.5 27.5
51.5 28.5
51.5 30.5
51.5 39.5
51.5 41.5
51.5 49.5
51.5 50.5
51.5 54.5
51.5 62.5
52.5 9.5
52.5 24.5
52.5 25.5
52.5 28.5
52.5 37.5
52.5 38.5
52.5 48.5
52.5 49.5
52.5 60.5
52.5 61.5
53.5 10.5
53.5 11.5
53.5 22.5
53.5 23.5
53.5 35.5
53.5 36.5
53.5 47.5
53.5 59.5
53.5 60.5
54.5 12.5
54.5 20.5
54.5 34.5
54.5 45.5
54.5 46.5
54.5 58.5
55.5 12.5
55.5 32.5
55.5 58.5
56.5 11.5
56.5 25.5
56.5 33.5
56.5 34.5
56.5 46.5
56.5 59.5
56.5 60.5
57.5 10.5
57.5 22.5
57.5 23.5
57.5 35.5
57.5 36.5
57.5 47.5
57.5 48.5
57.5 61.5
58.5 9.5
58.5 15.5
58.5 20.5
58.5 21.5
58.5 37.5
58.5 38.5
58.5 42.5
58.5 49.5
58.5 50.5
58.5 62.5
58.5 63.5
59.5 8.5
59.5 18.5
59.5 19.5
59.5 30.5
59.5 39.5
59.5 40.5
59.5 43.5
59.5 50.5
59.5 51.5
59.5 52.5
59.5 63.5
59.5 64.5
60.5 7.5
60.5 14.5
60.5 16.5
60.5 17.5
60.5 27.5
60.5 28.5
60.5 29.5
60.5 41.5
60.5 42.5
60.5 44.5
60.5 52.5
60.5 53.5
60.5 54.5
60.5 55.5
60.5 65.5
61.5 6.5
61.5 13.5
61.5 25.5
61.5 26.5
61.5 30.5
61.5 31.5
61.5 32.5
61.5 45.5
61.5 54.5
61.5 56.5
61.5 57.5
61.5 66.5
62.5 12.5
62.5 23.5
62.5 24.5
62.5 25.5
62.5 33.5
62.5 34.5
62.5 35.5
62.5 46.5
62.5 58.5
62.5 59.5
62.5 60.5
63.5 11.5
63.5 21.5
63.5 22.5
63.5 23.5
63.5 36.5
63.5 37.5
63.5 47.5
63.5 60.5
63.5 61.5
63.5 62.5
64.5 10.5
64.5 20.5
64.5 39.5
64.5 48.5
