5.5 34.5
5.5 35.5
6.5 35.5
6.5 36.5
6.5 37.5
6.5 38.5
6.5 39.5
6.5 55.5
6.5 56.5
6.5 57.5
7.5 13.5
7.5 14.5
7.5 15.5
7.5 16.5
7.5 17.5
7.5 18.5
7.5 38.5
7.5 39.5
7.5 40.5
7.5 41.5
7.5 42.5
7.5 57.5
7.5 58.5
7.5 59.5
8.5 16.5
8.5 17.5
8.5 18.5
8.5 19.5
8.5 20.5
8.5 21.5
8.5 41.5
8.5 42.5
8.5 43.5
8.5 44.5
8.5 59.5
8.5 60.5
8.5 61.5
8.5 62.5
9.5 19.5
9.5 20.5
9.5 21.5
9.5 22.5
9.5 23.5
9.5 48.5
9.5 49.5
9.5 62.5
9.5 63.5
10.5 7.5
10.5 8.5
10.5 27.5
10.5 28.5
10.5 29.5
10.5 30.5
10.5 31.5
10.5 32.5
10.5 49.5
10.5 50.5
10.5 51.5
10.5 52.5
11.5 9.5
11.5 10.5
11.5 11.5
11.5 30.5
11.5 31.5
11.5 32.5
11.5 33.5
11.5 34.5
11.5 35.5
11.5 52.5
11.5 53.5
11.5 54.5
11.5 55.5
12.5 11.5
12.5 12.5
12.5 13.5
12.5 33.5
12.5 34.5
12.5 35.5
12.5 36.5
12.5 55.5
12.5 56.5
12.5 57.5
13.5 13.5
13.5 14.5
13.5 15.5
16.5 36.5
17.5 15.5
17.5 16.5
17.5 32.5
17.5 33.5
17.5 34.5
17.5 53.5
17.5 54.5
17.5 55.5
17.5 56.5
17.5 57.5
18.5 18.5
18.5 19.5
18.5 20.5
18.5 29.5
18.5 30.5
18.5 31.5
18.5 50.5
18.5 51.5
18.5 52.5
18.5 53.5
18.5 54.5
18.5 55.5
19.5 21.5
19.5 22.5
19.5 26.5
19.5 27.5
19.5 48.5
19.5 49.5
19.5 50.5
19.5 51.5
20.5 7.5
20.5 8.5
20.5 9.5
20.5 10.5
20.5 11.5
20.5 39.5
20.5 40.5
20.5 41.5
20.5 42.5
20.5 43.5
20.5 63.5
20.5 64.5
20.5 65.5
21.5 11.5
21.5 12.5
21.5 13.5
21.5 14.5
21.5 15.5
21.5 16.5
21.5 36.5
21.5 37.5
21.5 38.5
21.5 39.5
21.5 40.5
21.5 60.5
21.5 61.5
21.5 62.5
21.5 63.5
22.5 34.5
22.5 35.5
22.5 36.5
22.5 57.5
22.5 58.5
22.5 59.5
22.5 60.5
23.5 54.5
23.5 55.5
23.5 56.5
26.5 13.5
26.5 14.5
26.5 15.5
26.5 16.5
26.5 17.5
27.5 16.5
27.5 17.5
27.5 18.5
27.5 19.5
27.5 20.5
27.5 21.5
27.5 31.5
27.5 32.5
27.5 33.5
27.5 34.5
27.5 35.5
27.5 54.5
27.5 55.5
27.5 56.5
27.5 57.5
27.5 58.5
28.5 20.5
28.5 21.5
28.5 22.5
28.5 23.5
28.5 27.5
28.5 28.5
28.5 29.5
28.5 30.5
28.5 31.5
28.5 32.5
28.5 56.5
28.5 57.5
28.5 58.5
28.5 59.5
28.5 60.5
28.5 61.5
28.5 62.5
28.5 63.5
29.5 6.5
29.5 7.5
29.5 61.5
29.5 62.5
29.5 63.5
29.5 64.5
29.5 65.5
30.5 8.5
30.5 9.5
30.5 10.5
30.5 11.5
31.5 10.5
31.5 11.5
31.5 12.5
31.5 13.5
31.5 14.5
31.5 38.5
31.5 39.5
31.5 40.5
31.5 41.5
31.5 42.5
31.5 43.5
31.5 44.5
31.5 48.5
31.5 49.5
31.5 50.5
31.5 51.5
32.5 14.5
32.5 15.5
32.5 34.5
32.5 35.5
32.5 36.5
32.5 37.5
32.5 38.5
32.5 39.5
32.5 40.5
32.5 50.5
32.5 51.5
32.5 52.5
32.5 53.5
32.5 54.5
32.5 55.5
33.5 54.5
33.5 55.5
33.5 56.5
33.5 57.5
36.5 13.5
36.5 14.5
36.5 33.5
36.5 34.5
37.5 14.5
37.5 15.5
37.5 16.5
37.5 17.5
37.5 18.5
37.5 35.5
37.5 36.5
37.5 37.5
37.5 38.5
37.5 55.5
38.5 17.5
38.5 18.5
38.5 19.5
38.5 20.5
38.5 39.5
38.5 40.5
38.5 41.5
38.5 56.5
38.5 57.5
38.5 58.5
38.5 59.5
38.5 60.5
39.5 20.5
39.5 21.5
39.5 22.5
39.5 42.5
39.5 43.5
39.5 44.5
39.5 59.5
39.5 60.5
39.5 61.5
39.5 62.5
39.5 63.5
40.5 6.5
40.5 7.5
40.5 8.5
40.5 27.5
40.5 28.5
40.5 29.5
40.5 30.5
40.5 31.5
40.5 32.5
40.5 48.5
40.5 49.5
41.5 7.5
41.5 8.5
41.5 9.5
41.5 10.5
41.5 11.5
41.5 30.5
41.5 31.5
41.5 32.5
41.5 33.5
41.5 34.5
41.5 35.5
41.5 50.5
41.5 51.5
41.5 52.5
41.5 53.5
42.5 10.5
42.5 11.5
42.5 12.5
42.5 13.5
42.5 14.5
42.5 35.5
42.5 36.5
42.5 53.5
42.5 54.5
42.5 55.5
42.5 56.5
43.5 13.5
43.5 14.5
43.5 15.5
46.5 54.5
46.5 55.5
47.5 34.5
47.5 35.5
47.5 36.5
47.5 37.5
47.5 38.5
47.5 39.5
47.5 56.5
47.5 57.5
47.5 58.5
48.5 14.5
48.5 15.5
48.5 16.5
48.5 17.5
48.5 18.5
48.5 37.5
48.5 38.5
48.5 39.5
48.5 40.5
48.5 41.5
48.5 42.5
48.5 58.5
48.5 59.5
48.5 60.5
48.5 61.5
49.5 17.5
49.5 18.5
49.5 19.5
49.5 20.5
49.5 21.5
49.5 41.5
49.5 42.5
49.5 43.5
49.5 47.5
49.5 48.5
49.5 61.5
49.5 62.5
49.5 63.5
50.5 21.5
50.5 22.5
50.5 26.5
50.5 27.5
50.5 48.5
50.5 49.5
50.5 50.5
50.5 51.5
51.5 28.5
51.5 29.5
51.5 30.5
51.5 31.5
51.5 50.5
51.5 51.5
51.5 52.5
51.5 53.5
52.5 7.5
52.5 8.5
52.5 9.5
52.5 10.5
52.5 11.5
52.5 30.5
52.5 31.5
52.5 32.5
52.5 33.5
52.5 34.5
52.5 53.5
52.5 54.5
52.5 55.5
53.5 9.5
53.5 10.5
53.5 11.5
53.5 12.5
53.5 13.5
53.5 14.5
53.5 34.5
53.5 35.5
53.5 36.5
53.5 56.5
54.5 13.5
54.5 14.5
54.5 15.5
54.5 16.5
57.5 35.5
57.5 36.5
57.5 37.5
57.5 54.5
57.5 55.5
57.5 56.5
57.5 57.5
58.5 14.5
58.5 15.5
58.5 16.5
58.5 32.5
58.5 33.5
58.5 34.5
58.5 35.5
58.5 51.5
58.5 52.5
58.5 53.5
58.5 54.5
58.5 55.5
59.5 11.5
59.5 12.5
59.5 13.5
59.5 14.5
59.5 29.5
59.5 30.5
59.5 31.5
59.5 32.5
59.5 48.5
59.5 49.5
59.5 50.5
59.5 51.5
60.5 9.5
60.5 10.5
60.5 11.5
60.5 27.5
60.5 28.5
60.5 29.5
60.5 43.5
60.5 44.5
61.5 7.5
61.5 8.5
61.5 20.5
61.5 21.5
61.5 22.5
61.5 23.5
61.5 40.5
61.5 41.5
61.5 42.5
61.5 43.5
61.5 59.5
61.5 60.5
61.5 61.5
61.5 62.5
61.5 63.5
62.5 17.5
62.5 18.5
62.5 19.5
62.5 20.5
62.5 21.5
62.5 37.5
62.5 38.5
62.5 39.5
62.5 40.5
62.5 56.5
62.5 57.5
62.5 58.5
62.5 59.5
62.5 60.5
63.5 15.5
63.5 16.5
63.5 17.5
63.5 18.5
63.5 35.5
63.5 36.5
63.5 37.5
63.5 55.5
63.5 56.5
63.5 57.5
