5.5 24.5
5.5 35.5
6.5 11.5
6.5 12.5
6.5 21.5
6.5 22.5
6.5 34.5
6.5 47.5
7.5 13.5
7.5 14.5
7.5 15.5
7.5 19.5
7.5 20.5
7.5 32.5
7.5 33.5
7.5 44.5
7.5 45.5
7.5 46.5
7.5 60.5
7.5 61.5
7.5 62.5
8.5 17.5
8.5 31.5
8.5 32.5
8.5 39.5
8.5 42.5
8.5 43.5
8.5 44.5
8.5 57.5
8.5 58.5
8.5 59.5
9.5 26.5
9.5 27.5
9.5 28.5
9.5 29.5
9.5 30.5
9.5 31.5
9.5 38.5
9.5 40.5
9.5 41.5
9.5 55.5
9.5 56.5
9.5 57.5
9.5 65.5
10.5 8.5
10.5 9.5
10.5 10.5
10.5 11.5
10.5 12.5
10.5 22.5
10.5 23.5
10.5 24.5
10.5 25.5
10.5 26.5
10.5 37.5
10.5 52.5
10.5 53.5
10.5 54.5
10.5 64.5
11.5 36.5
11.5 48.5
11.5 49.5
11.5 50.5
11.5 51.5
11.5 62.5
11.5 63.5
12.5 35.5
12.5 45.5
12.5 46.5
12.5 47.5
12.5 61.5
12.5 62.5
13.5 10.5
13.5 34.5
13.5 60.5
14.5 11.5
14.5 23.5
14.5 24.5
15.5 11.5
15.5 12.5
15.5 22.5
15.5 23.5
15.5 34.5
15.5 46.5
15.5 59.5
16.5 12.5
16.5 13.5
16.5 21.5
16.5 22.5
16.5 35.5
16.5 47.5
16.5 48.5
16.5 61.5
17.5 13.5
17.5 14.5
17.5 20.5
17.5 21.5
17.5 36.5
17.5 48.5
17.5 49.5
17.5 50.5
17.5 62.5
18.5 5.5
18.5 6.5
18.5 14.5
18.5 15.5
18.5 19.5
18.5 20.5
18.5 37.5
18.5 40.5
18.5 50.5
18.5 51.5
18.5 63.5
18.5 64.5
19.5 7.5
19.5 15.5
19.5 19.5
19.5 28.5
19.5 29.5
19.5 31.5
19.5 38.5
19.5 41.5
19.5 42.5
19.5 52.5
19.5 53.5
19.5 56.5
19.5 65.5
20.5 8.5
20.5 9.5
20.5 16.5
20.5 18.5
20.5 27.5
20.5 28.5
20.5 32.5
20.5 39.5
20.5 42.5
20.5 43.5
20.5 44.5
20.5 54.5
20.5 57.5
20.5 58.5
20.5 66.5
21.5 9.5
21.5 10.5
21.5 26.5
21.5 27.5
21.5 33.5
21.5 44.5
21.5 45.5
21.5 58.5
21.5 59.5
22.5 10.5
22.5 11.5
22.5 25.5
22.5 26.5
22.5 33.5
22.5 34.5
22.5 45.5
22.5 46.5
22.5 47.5
22.5 60.5
22.5 61.5
23.5 12.5
23.5 24.5
23.5 34.5
23.5 35.5
23.5 47.5
23.5 48.5
23.5 62.5
24.5 13.5
24.5 23.5
24.5 35.5
24.5 49.5
25.5 36.5
25.5 59.5
26.5 12.5
26.5 13.5
26.5 22.5
26.5 34.5
26.5 49.5
26.5 60.5
27.5 10.5
27.5 11.5
27.5 23.5
27.5 24.5
27.5 35.5
27.5 36.5
27.5 46.5
27.5 47.5
27.5 48.5
27.5 61.5
27.5 62.5
28.5 8.5
28.5 9.5
28.5 10.5
28.5 25.5
28.5 26.5
28.5 37.5
28.5 44.5
28.5 45.5
28.5 46.5
28.5 62.5
28.5 63.5
29.5 6.5
29.5 7.5
29.5 16.5
29.5 17.5
29.5 27.5
29.5 28.5
29.5 38.5
29.5 42.5
29.5 43.5
29.5 52.5
29.5 53.5
29.5 54.5
29.5 64.5
29.5 65.5
30.5 15.5
30.5 19.5
30.5 20.5
30.5 29.5
30.5 31.5
30.5 32.5
30.5 40.5
30.5 50.5
30.5 51.5
30.5 55.5
30.5 56.5
30.5 57.5
30.5 66.5
31.5 13.5
31.5 14.5
31.5 20.5
31.5 21.5
31.5 22.5
31.5 33.5
31.5 34.5
31.5 49.5
31.5 50.5
31.5 57.5
31.5 58.5
32.5 12.5
32.5 22.5
32.5 23.5
32.5 35.5
32.5 36.5
32.5 47.5
32.5 48.5
32.5 59.5
32.5 60.5
33.5 10.5
33.5 11.5
33.5 24.5
33.5 25.5
33.5 37.5
33.5 46.5
33.5 61.5
33.5 62.5
34.5 9.5
34.5 33.5
34.5 49.5
35.5 10.5
35.5 24.5
35.5 34.5
35.5 48.5
36.5 11.5
36.5 23.5
36.5 35.5
36.5 47.5
36.5 60.5
36.5 61.5
37.5 12.5
37.5 21.5
37.5 22.5
37.5 36.5
37.5 37.5
37.5 46.5
37.5 58.5
37.5 59.5
37.5 60.5
38.5 13.5
38.5 20.5
38.5 21.5
38.5 28.5
38.5 37.5
38.5 38.5
38.5 45.5
38.5 46.5
38.5 53.5
38.5 57.5
38.5 58.5
39.5 6.5
39.5 14.5
39.5 19.5
39.5 20.5
39.5 27.5
39.5 29.5
39.5 38.5
39.5 39.5
39.5 44.5
39.5 45.5
39.5 52.5
39.5 55.5
39.5 56.5
39.5 65.5
39.5 66.5
40.5 7.5
40.5 15.5
40.5 18.5
40.5 19.5
40.5 26.5
40.5 30.5
40.5 31.5
40.5 39.5
40.5 40.5
40.5 43.5
40.5 44.5
40.5 51.5
40.5 54.5
40.5 64.5
41.5 8.5
41.5 16.5
41.5 17.5
41.5 25.5
41.5 26.5
41.5 31.5
41.5 32.5
41.5 40.5
41.5 42.5
41.5 43.5
41.5 50.5
41.5 62.5
41.5 63.5
42.5 9.5
42.5 24.5
42.5 25.5
42.5 32.5
42.5 33.5
42.5 49.5
42.5 61.5
42.5 62.5
43.5 10.5
43.5 23.5
43.5 24.5
43.5 33.5
43.5 34.5
43.5 48.5
43.5 60.5
44.5 11.5
44.5 23.5
44.5 35.5
44.5 36.5
44.5 47.5
44.5 58.5
44.5 59.5
45.5 12.5
45.5 22.5
45.5 36.5
45.5 46.5
46.5 21.5
46.5 58.5
46.5 59.5
47.5 9.5
47.5 23.5
47.5 24.5
47.5 46.5
47.5 47.5
47.5 59.5
47.5 60.5
48.5 10.5
48.5 11.5
48.5 12.5
48.5 22.5
48.5 36.5
48.5 37.5
48.5 48.5
48.5 49.5
48.5 60.5
48.5 61.5
49.5 12.5
49.5 13.5
49.5 14.5
49.5 20.5
49.5 21.5
49.5 33.5
49.5 34.5
49.5 35.5
49.5 49.5
49.5 50.5
49.5 53.5
49.5 62.5
49.5 63.5
50.5 14.5
50.5 15.5
50.5 19.5
50.5 20.5
50.5 30.5
50.5 31.5
50.5 32.5
50.5 40.5
50.5 41.5
50.5 51.5
50.5 52.5
50.5 54.5
50.5 55.5
50.5 63.5
50.5 64.5
51.5 6.5
51.5 7.5
51.5 16.5
51.5 17.5
51.5 18.5
51.5 28.5
51.5 29.5
51.5 39.5
51.5 42.5
51.5 43.5
51.5 55.5
51.5 56.5
51.5 65.5
52.5 8.5
52.5 9.5
52.5 25.5
52.5 26.5
52.5 27.5
52.5 38.5
52.5 43.5
52.5 44.5
52.5 45.5
52.5 57.5
52.5 58.5
53.5 10.5
53.5 22.5
53.5 23.5
53.5 24.5
53.5 37.5
53.5 45.5
53.5 46.5
53.5 58.5
53.5 59.5
54.5 11.5
54.5 12.5
54.5 36.5
54.5 47.5
54.5 59.5
54.5 60.5
56.5 36.5
57.5 12.5
57.5 23.5
57.5 24.5
57.5 25.5
57.5 35.5
57.5 47.5
57.5 59.5
58.5 10.5
58.5 11.5
58.5 25.5
58.5 26.5
58.5 27.5
58.5 33.5
58.5 34.5
58.5 44.5
58.5 45.5
58.5 46.5
58.5 57.5
58.5 58.5
59.5 8.5
59.5 9.5
59.5 18.5
59.5 28.5
59.5 29.5
59.5 32.5
59.5 43.5
59.5 44.5
59.5 55.5
59.5 56.5
59.5 65.5
60.5 7.5
60.5 16.5
60.5 17.5
60.5 19.5
60.5 20.5
60.5 31.5
60.5 39.5
60.5 40.5
60.5 41.5
60.5 52.5
60.5 53.5
60.5 54.5
60.5 55.5
60.5 63.5
60.5 64.5
61.5 14.5
61.5 15.5
61.5 16.5
61.5 20.5
61.5 21.5
61.5 36.5
61.5 37.5
61.5 38.5
61.5 49.5
61.5 50.5
61.5 51.5
61.5 62.5
62.5 12.5
62.5 13.5
62.5 14.5
62.5 22.5
62.5 23.5
62.5 34.5
62.5 35.5
62.5 36.5
62.5 47.5
62.5 48.5
62.5 49.5
62.5 60.5
62.5 61.5
63.5 11.5
63.5 12.5
63.5 23.5
63.5 24.5
63.5 59.5
63.5 60.5
64.5 25.5
