7.5 10.5
7.5 35.5
7.5 47.5
7.5 61.5
8.5 22.5
8.5 36.5
8.5 47.5
8.5 61.5
9.5 9.5
9.5 22.5
9.5 36.5
9.5 46.5
9.5 61.5
10.5 9.5
10.5 22.5
10.5 37.5
10.5 46.5
10.5 62.5
11.5 8.5
11.5 21.5
11.5 37.5
11.5 45.5
11.5 46.5
11.5 62.5
12.5 8.5
12.5 21.5
12.5 37.5
12.5 45.5
12.5 62.5
13.5 7.5
13.5 15.5
13.5 21.5
13.5 38.5
13.5 45.5
13.5 63.5
14.5 15.5
14.5 21.5
14.5 31.5
14.5 38.5
14.5 44.5
14.5 52.5
14.5 63.5
15.5 6.5
15.5 14.5
15.5 26.5
15.5 32.5
15.5 39.5
15.5 44.5
15.5 57.5
16.5 14.5
16.5 26.5
16.5 32.5
16.5 51.5
16.5 58.5
17.5 13.5
17.5 26.5
17.5 33.5
17.5 50.5
17.5 58.5
18.5 13.5
18.5 26.5
18.5 33.5
18.5 50.5
18.5 59.5
19.5 12.5
19.5 25.5
19.5 34.5
19.5 49.5
19.5 59.5
20.5 12.5
20.5 25.5
20.5 34.5
20.5 49.5
21.5 11.5
21.5 25.5
21.5 48.5
21.5 60.5
22.5 35.5
26.5 11.5
26.5 60.5
27.5 10.5
27.5 36.5
27.5 49.5
28.5 10.5
28.5 23.5
28.5 36.5
28.5 49.5
28.5 59.5
29.5 9.5
29.5 10.5
29.5 23.5
29.5 37.5
29.5 50.5
29.5 59.5
30.5 9.5
30.5 37.5
30.5 50.5
30.5 59.5
31.5 8.5
31.5 22.5
31.5 37.5
31.5 50.5
31.5 58.5
32.5 8.5
32.5 22.5
32.5 38.5
32.5 51.5
32.5 58.5
33.5 7.5
33.5 16.5
33.5 38.5
33.5 51.5
34.5 7.5
34.5 15.5
34.5 21.5
34.5 32.5
34.5 38.5
34.5 44.5
34.5 51.5
34.5 57.5
35.5 6.5
35.5 15.5
35.5 21.5
35.5 27.5
35.5 32.5
35.5 44.5
35.5 52.5
35.5 57.5
35.5 63.5
36.5 14.5
36.5 27.5
36.5 39.5
36.5 45.5
36.5 52.5
36.5 63.5
37.5 14.5
37.5 26.5
37.5 33.5
37.5 45.5
37.5 62.5
38.5 13.5
38.5 26.5
38.5 33.5
38.5 46.5
38.5 62.5
39.5 13.5
39.5 26.5
39.5 34.5
39.5 46.5
40.5 12.5
40.5 25.5
40.5 34.5
40.5 46.5
40.5 61.5
41.5 12.5
41.5 25.5
41.5 34.5
41.5 47.5
41.5 61.5
42.5 47.5
43.5 24.5
43.5 35.5
43.5 60.5
47.5 11.5
47.5 35.5
47.5 47.5
47.5 60.5
48.5 11.5
48.5 24.5
48.5 35.5
48.5 47.5
49.5 12.5
49.5 25.5
49.5 34.5
49.5 46.5
49.5 61.5
50.5 12.5
50.5 25.5
50.5 34.5
50.5 46.5
50.5 61.5
51.5 13.5
51.5 26.5
51.5 33.5
51.5 46.5
51.5 62.5
52.5 13.5
52.5 27.5
52.5 33.5
52.5 45.5
52.5 62.5
53.5 14.5
53.5 20.5
53.5 27.5
53.5 45.5
54.5 7.5
54.5 14.5
54.5 20.5
54.5 32.5
54.5 38.5
54.5 44.5
54.5 52.5
54.5 57.5
54.5 63.5
55.5 7.5
55.5 15.5
55.5 21.5
55.5 38.5
55.5 44.5
55.5 52.5
56.5 7.5
56.5 15.5
56.5 21.5
56.5 38.5
56.5 51.5
56.5 58.5
57.5 8.5
57.5 21.5
57.5 22.5
57.5 37.5
57.5 51.5
57.5 58.5
58.5 8.5
58.5 22.5
58.5 37.5
58.5 50.5
58.5 51.5
58.5 59.5
59.5 8.5
59.5 9.5
59.5 22.5
59.5 37.5
59.5 50.5
59.5 59.5
60.5 9.5
60.5 23.5
60.5 37.5
60.5 50.5
60.5 59.5
61.5 9.5
61.5 23.5
61.5 49.5
61.5 60.5
62.5 49.5
62.5 60.5
63.5 10.5
