4.5 10.5
4.5 20.5
4.5 29.5
4.5 41.5
4.5 51.5
4.5 61.5
5.5 10.5
5.5 41.5
5.5 52.5
6.5 9.5
6.5 19.5
6.5 30.5
6.5 40.5
6.5 52.5
6.5 60.5
7.5 9.5
7.5 19.5
7.5 30.5
7.5 40.5
7.5 52.5
7.5 60.5
8.5 9.5
8.5 18.5
8.5 31.5
8.5 40.5
8.5 52.5
8.5 53.5
8.5 60.5
9.5 9.5
9.5 18.5
9.5 31.5
9.5 39.5
9.5 40.5
9.5 53.5
9.5 60.5
10.5 8.5
10.5 13.5
10.5 18.5
10.5 31.5
10.5 32.5
10.5 39.5
10.5 53.5
10.5 60.5
11.5 8.5
11.5 13.5
11.5 17.5
11.5 23.5
11.5 32.5
11.5 39.5
11.5 44.5
11.5 48.5
11.5 53.5
11.5 59.5
12.5 8.5
12.5 17.5
12.5 23.5
12.5 26.5
12.5 32.5
12.5 39.5
12.5 44.5
12.5 48.5
12.5 54.5
12.5 59.5
12.5 64.5
13.5 8.5
13.5 12.5
13.5 16.5
13.5 22.5
13.5 26.5
13.5 33.5
13.5 38.5
13.5 44.5
13.5 48.5
13.5 54.5
13.5 59.5
13.5 64.5
14.5 7.5
14.5 12.5
14.5 16.5
14.5 22.5
14.5 27.5
14.5 33.5
14.5 38.5
14.5 43.5
14.5 48.5
14.5 49.5
14.5 54.5
14.5 59.5
14.5 64.5
15.5 7.5
15.5 21.5
15.5 27.5
15.5 33.5
15.5 38.5
15.5 43.5
15.5 49.5
15.5 55.5
15.5 63.5
16.5 7.5
16.5 11.5
16.5 15.5
16.5 21.5
16.5 27.5
16.5 28.5
16.5 34.5
16.5 37.5
16.5 43.5
16.5 49.5
16.5 55.5
16.5 63.5
17.5 11.5
17.5 15.5
17.5 20.5
17.5 21.5
17.5 28.5
17.5 34.5
17.5 37.5
17.5 43.5
17.5 49.5
17.5 55.5
17.5 58.5
17.5 63.5
18.5 11.5
18.5 20.5
18.5 28.5
18.5 42.5
18.5 49.5
18.5 50.5
18.5 58.5
18.5 63.5
18.5 68.5
19.5 20.5
19.5 29.5
19.5 42.5
19.5 50.5
19.5 62.5
19.5 63.5
20.5 10.5
20.5 19.5
20.5 29.5
20.5 42.5
20.5 50.5
20.5 62.5
21.5 10.5
21.5 19.5
21.5 29.5
21.5 30.5
21.5 42.5
21.5 50.5
21.5 62.5
22.5 18.5
22.5 30.5
22.5 41.5
22.5 51.5
22.5 62.5
23.5 9.5
23.5 18.5
23.5 19.5
23.5 30.5
23.5 41.5
23.5 51.5
23.5 61.5
24.5 9.5
24.5 19.5
24.5 31.5
24.5 41.5
24.5 51.5
24.5 52.5
24.5 61.5
25.5 9.5
25.5 18.5
25.5 30.5
25.5 61.5
26.5 9.5
26.5 18.5
26.5 30.5
26.5 51.5
26.5 62.5
27.5 18.5
27.5 30.5
27.5 40.5
27.5 51.5
27.5 62.5
28.5 18.5
28.5 29.5
28.5 30.5
28.5 40.5
28.5 51.5
29.5 8.5
29.5 17.5
29.5 18.5
29.5 29.5
29.5 40.5
29.5 50.5
29.5 63.5
30.5 8.5
30.5 17.5
30.5 29.5
30.5 39.5
30.5 50.5
30.5 55.5
30.5 58.5
30.5 63.5
31.5 8.5
31.5 12.5
31.5 17.5
31.5 23.5
31.5 29.5
31.5 39.5
31.5 50.5
31.5 55.5
31.5 58.5
31.5 63.5
32.5 8.5
32.5 12.5
32.5 17.5
32.5 23.5
32.5 28.5
32.5 29.5
32.5 34.5
32.5 39.5
32.5 49.5
32.5 58.5
32.5 64.5
33.5 12.5
33.5 17.5
33.5 23.5
33.5 28.5
33.5 34.5
33.5 39.5
33.5 44.5
33.5 49.5
33.5 54.5
33.5 59.5
33.5 64.5
34.5 12.5
34.5 16.5
34.5 17.5
34.5 22.5
34.5 23.5
34.5 28.5
34.5 34.5
34.5 39.5
34.5 44.5
34.5 49.5
34.5 54.5
34.5 59.5
34.5 64.5
35.5 7.5
35.5 16.5
35.5 22.5
35.5 28.5
35.5 33.5
35.5 38.5
35.5 44.5
35.5 48.5
35.5 54.5
35.5 59.5
35.5 65.5
36.5 7.5
36.5 11.5
36.5 16.5
36.5 22.5
36.5 33.5
36.5 38.5
36.5 43.5
36.5 48.5
36.5 53.5
36.5 59.5
36.5 65.5
37.5 7.5
37.5 11.5
37.5 16.5
37.5 22.5
37.5 27.5
37.5 33.5
37.5 38.5
37.5 43.5
37.5 53.5
37.5 59.5
37.5 60.5
37.5 65.5
37.5 68.5
38.5 11.5
38.5 22.5
38.5 27.5
38.5 33.5
38.5 43.5
38.5 47.5
38.5 53.5
38.5 59.5
38.5 60.5
39.5 11.5
39.5 21.5
39.5 22.5
39.5 32.5
39.5 42.5
39.5 47.5
39.5 53.5
39.5 60.5
39.5 66.5
40.5 11.5
40.5 21.5
40.5 32.5
40.5 42.5
40.5 52.5
40.5 60.5
41.5 10.5
41.5 21.5
41.5 32.5
41.5 42.5
41.5 52.5
41.5 60.5
42.5 10.5
42.5 21.5
42.5 32.5
42.5 42.5
42.5 52.5
42.5 60.5
43.5 10.5
43.5 21.5
43.5 41.5
43.5 61.5
44.5 10.5
44.5 21.5
44.5 31.5
44.5 41.5
44.5 51.5
44.5 61.5
45.5 21.5
45.5 31.5
45.5 41.5
45.5 51.5
45.5 61.5
46.5 11.5
46.5 20.5
46.5 31.5
46.5 41.5
46.5 51.5
46.5 61.5
47.5 11.5
47.5 20.5
47.5 31.5
47.5 61.5
48.5 11.5
48.5 19.5
48.5 20.5
48.5 31.5
48.5 42.5
48.5 50.5
48.5 62.5
48.5 68.5
49.5 11.5
49.5 19.5
49.5 30.5
49.5 42.5
49.5 50.5
49.5 62.5
50.5 11.5
50.5 19.5
50.5 30.5
50.5 42.5
50.5 49.5
50.5 62.5
50.5 63.5
51.5 11.5
51.5 18.5
51.5 19.5
51.5 25.5
51.5 30.5
51.5 35.5
51.5 37.5
51.5 42.5
51.5 49.5
51.5 63.5
52.5 12.5
52.5 18.5
52.5 25.5
52.5 30.5
52.5 37.5
52.5 42.5
52.5 43.5
52.5 49.5
52.5 54.5
52.5 63.5
53.5 7.5
53.5 12.5
53.5 18.5
53.5 24.5
53.5 25.5
53.5 30.5
53.5 43.5
53.5 48.5
53.5 54.5
53.5 57.5
53.5 64.5
54.5 7.5
54.5 12.5
54.5 17.5
54.5 24.5
54.5 29.5
54.5 34.5
54.5 38.5
54.5 43.5
54.5 48.5
54.5 54.5
54.5 57.5
54.5 64.5
55.5 7.5
55.5 12.5
55.5 17.5
55.5 23.5
55.5 24.5
55.5 29.5
55.5 34.5
55.5 38.5
55.5 43.5
55.5 48.5
55.5 53.5
55.5 58.5
55.5 64.5
55.5 65.5
56.5 8.5
56.5 12.5
56.5 17.5
56.5 23.5
56.5 29.5
56.5 38.5
56.5 43.5
56.5 53.5
56.5 58.5
56.5 65.5
57.5 8.5
57.5 12.5
57.5 16.5
57.5 23.5
57.5 29.5
57.5 33.5
57.5 39.5
57.5 44.5
57.5 47.5
57.5 53.5
57.5 59.5
57.5 65.5
58.5 8.5
58.5 16.5
58.5 22.5
58.5 23.5
58.5 33.5
58.5 39.5
58.5 44.5
58.5 47.5
58.5 52.5
58.5 59.5
58.5 66.5
59.5 22.5
59.5 33.5
59.5 39.5
59.5 44.5
59.5 52.5
59.5 60.5
59.5 66.5
60.5 9.5
60.5 22.5
60.5 39.5
60.5 52.5
60.5 60.5
61.5 9.5
61.5 21.5
61.5 22.5
61.5 32.5
61.5 40.5
61.5 51.5
61.5 61.5
62.5 21.5
62.5 32.5
62.5 40.5
62.5 51.5
62.5 61.5
63.5 21.5
63.5 40.5
63.5 51.5
63.5 62.5
64.5 10.5
64.5 20.5
64.5 62.5
