8.5 14.5
8.5 29.5
8.5 41.5
9.5 14.5
9.5 29.5
9.5 40.5
9.5 41.5
9.5 59.5
10.5 15.5
10.5 29.5
10.5 30.5
10.5 40.5
10.5 60.5
11.5 15.5
11.5 16.5
11.5 30.5
11.5 39.5
11.5 40.5
11.5 60.5
11.5 61.5
12.5 16.5
12.5 30.5
12.5 31.5
12.5 39.5
12.5 61.5
12.5 62.5
13.5 17.5
13.5 31.5
13.5 39.5
13.5 62.5
14.5 8.5
14.5 31.5
14.5 38.5
14.5 63.5
15.5 9.5
15.5 23.5
16.5 9.5
16.5 10.5
16.5 24.5
16.5 46.5
16.5 47.5
16.5 54.5
17.5 10.5
17.5 24.5
17.5 25.5
17.5 46.5
17.5 55.5
18.5 10.5
18.5 11.5
18.5 25.5
18.5 45.5
18.5 46.5
18.5 55.5
18.5 56.5
19.5 11.5
19.5 26.5
19.5 44.5
19.5 45.5
19.5 56.5
19.5 57.5
20.5 26.5
20.5 44.5
20.5 57.5
21.5 27.5
21.5 44.5
21.5 58.5
28.5 13.5
28.5 58.5
29.5 13.5
29.5 29.5
29.5 42.5
29.5 58.5
30.5 13.5
30.5 14.5
30.5 29.5
30.5 30.5
30.5 41.5
30.5 57.5
31.5 14.5
31.5 30.5
31.5 40.5
31.5 41.5
31.5 56.5
31.5 57.5
32.5 14.5
32.5 15.5
32.5 31.5
32.5 39.5
32.5 40.5
32.5 56.5
33.5 14.5
33.5 15.5
33.5 31.5
33.5 39.5
33.5 55.5
33.5 56.5
34.5 15.5
34.5 23.5
34.5 38.5
34.5 55.5
35.5 7.5
35.5 23.5
35.5 48.5
35.5 63.5
36.5 8.5
36.5 23.5
36.5 24.5
36.5 47.5
36.5 62.5
37.5 8.5
37.5 24.5
37.5 46.5
37.5 47.5
37.5 62.5
38.5 8.5
38.5 9.5
38.5 24.5
38.5 25.5
38.5 45.5
38.5 46.5
38.5 61.5
39.5 9.5
39.5 25.5
39.5 45.5
39.5 61.5
40.5 9.5
40.5 25.5
40.5 44.5
40.5 60.5
41.5 10.5
48.5 44.5
49.5 28.5
49.5 44.5
49.5 45.5
49.5 57.5
50.5 10.5
50.5 28.5
50.5 29.5
50.5 45.5
50.5 56.5
51.5 10.5
51.5 29.5
51.5 45.5
51.5 46.5
51.5 56.5
52.5 9.5
52.5 29.5
52.5 30.5
52.5 46.5
52.5 55.5
53.5 9.5
53.5 30.5
53.5 31.5
53.5 47.5
53.5 54.5
53.5 55.5
54.5 9.5
54.5 31.5
54.5 47.5
54.5 54.5
55.5 8.5
55.5 39.5
56.5 16.5
56.5 39.5
56.5 62.5
57.5 15.5
57.5 16.5
57.5 23.5
57.5 40.5
57.5 61.5
58.5 15.5
58.5 24.5
58.5 40.5
58.5 60.5
58.5 61.5
59.5 15.5
59.5 25.5
59.5 41.5
59.5 60.5
60.5 14.5
60.5 15.5
60.5 25.5
60.5 26.5
60.5 41.5
60.5 59.5
60.5 60.5
61.5 14.5
61.5 26.5
61.5 27.5
61.5 42.5
61.5 59.5
62.5 14.5
