4.5 36.5
5.5 36.5
6.5 11.5
6.5 24.5
6.5 36.5
6.5 37.5
6.5 48.5
6.5 59.5
7.5 10.5
7.5 11.5
7.5 24.5
7.5 37.5
7.5 48.5
7.5 59.5
8.5 10.5
8.5 24.5
8.5 25.5
8.5 37.5
8.5 38.5
8.5 47.5
8.5 48.5
8.5 60.5
9.5 9.5
9.5 10.5
9.5 24.5
9.5 25.5
9.5 37.5
9.5 38.5
9.5 47.5
9.5 60.5
10.5 9.5
10.5 10.5
10.5 25.5
10.5 38.5
10.5 39.5
10.5 47.5
10.5 60.5
10.5 61.5
11.5 8.5
11.5 9.5
11.5 25.5
11.5 26.5
11.5 38.5
11.5 39.5
11.5 46.5
11.5 47.5
11.5 61.5
12.5 8.5
12.5 9.5
12.5 25.5
12.5 26.5
12.5 32.5
12.5 39.5
12.5 40.5
12.5 46.5
12.5 52.5
12.5 61.5
12.5 62.5
13.5 8.5
13.5 26.5
13.5 32.5
13.5 33.5
13.5 39.5
13.5 40.5
13.5 46.5
13.5 52.5
13.5 56.5
13.5 61.5
13.5 62.5
14.5 7.5
14.5 8.5
14.5 15.5
14.5 18.5
14.5 26.5
14.5 27.5
14.5 32.5
14.5 33.5
14.5 40.5
14.5 45.5
14.5 46.5
14.5 51.5
14.5 56.5
14.5 62.5
15.5 7.5
15.5 8.5
15.5 14.5
15.5 19.5
15.5 26.5
15.5 27.5
15.5 33.5
15.5 40.5
15.5 41.5
15.5 45.5
15.5 51.5
15.5 56.5
15.5 57.5
15.5 62.5
15.5 63.5
16.5 7.5
16.5 13.5
16.5 14.5
16.5 19.5
16.5 20.5
16.5 27.5
16.5 33.5
16.5 34.5
16.5 41.5
16.5 45.5
16.5 50.5
16.5 51.5
16.5 56.5
16.5 57.5
16.5 63.5
17.5 6.5
17.5 13.5
17.5 20.5
17.5 21.5
17.5 27.5
17.5 33.5
17.5 34.5
17.5 50.5
17.5 57.5
18.5 6.5
18.5 12.5
18.5 13.5
18.5 20.5
18.5 21.5
18.5 34.5
18.5 35.5
18.5 49.5
18.5 50.5
18.5 57.5
18.5 58.5
19.5 12.5
19.5 21.5
19.5 22.5
19.5 34.5
19.5 35.5
19.5 49.5
19.5 50.5
19.5 58.5
20.5 11.5
20.5 12.5
20.5 21.5
20.5 22.5
20.5 35.5
20.5 49.5
20.5 58.5
20.5 59.5
21.5 11.5
21.5 22.5
21.5 23.5
21.5 35.5
21.5 36.5
21.5 49.5
21.5 58.5
21.5 59.5
22.5 10.5
22.5 11.5
22.5 23.5
22.5 36.5
22.5 48.5
22.5 59.5
23.5 10.5
23.5 23.5
23.5 24.5
23.5 36.5
23.5 48.5
23.5 59.5
24.5 24.5
25.5 48.5
26.5 10.5
26.5 23.5
26.5 36.5
26.5 48.5
26.5 59.5
27.5 10.5
27.5 23.5
27.5 37.5
27.5 47.5
27.5 48.5
27.5 59.5
28.5 10.5
28.5 11.5
28.5 22.5
28.5 23.5
28.5 37.5
28.5 47.5
28.5 59.5
29.5 11.5
29.5 21.5
29.5 22.5
29.5 37.5
29.5 38.5
29.5 46.5
29.5 47.5
29.5 58.5
29.5 59.5
30.5 11.5
30.5 12.5
30.5 21.5
30.5 22.5
30.5 37.5
30.5 38.5
30.5 46.5
30.5 47.5
30.5 58.5
30.5 59.5
31.5 11.5
31.5 12.5
31.5 20.5
31.5 21.5
31.5 22.5
31.5 38.5
31.5 39.5
31.5 46.5
31.5 58.5
32.5 12.5
32.5 20.5
32.5 21.5
32.5 38.5
32.5 39.5
32.5 45.5
32.5 46.5
32.5 52.5
32.5 58.5
32.5 64.5
32.5 68.5
33.5 6.5
33.5 12.5
33.5 13.5
33.5 20.5
33.5 21.5
33.5 28.5
33.5 32.5
33.5 39.5
33.5 45.5
33.5 46.5
33.5 52.5
33.5 57.5
33.5 58.5
33.5 64.5
34.5 6.5
34.5 13.5
34.5 19.5
34.5 20.5
34.5 27.5
34.5 28.5
34.5 32.5
34.5 33.5
34.5 39.5
34.5 40.5
34.5 45.5
34.5 51.5
34.5 52.5
34.5 57.5
34.5 58.5
34.5 63.5
35.5 6.5
35.5 7.5
35.5 13.5
35.5 19.5
35.5 27.5
35.5 28.5
35.5 33.5
35.5 40.5
35.5 45.5
35.5 51.5
35.5 52.5
35.5 57.5
35.5 63.5
36.5 7.5
36.5 13.5
36.5 14.5
36.5 18.5
36.5 19.5
36.5 26.5
36.5 27.5
36.5 33.5
36.5 34.5
36.5 40.5
36.5 44.5
36.5 51.5
36.5 57.5
36.5 63.5
37.5 7.5
37.5 8.5
37.5 14.5
37.5 18.5
37.5 26.5
37.5 27.5
37.5 33.5
37.5 34.5
37.5 44.5
37.5 50.5
37.5 51.5
37.5 57.5
37.5 62.5
37.5 63.5
38.5 7.5
38.5 8.5
38.5 25.5
38.5 26.5
38.5 34.5
38.5 35.5
38.5 50.5
38.5 51.5
38.5 62.5
39.5 8.5
39.5 25.5
39.5 26.5
39.5 34.5
39.5 35.5
39.5 50.5
39.5 51.5
39.5 62.5
40.5 8.5
40.5 9.5
40.5 24.5
40.5 25.5
40.5 35.5
40.5 49.5
40.5 50.5
40.5 61.5
40.5 62.5
41.5 9.5
41.5 24.5
41.5 35.5
41.5 36.5
41.5 49.5
41.5 50.5
41.5 61.5
41.5 62.5
42.5 9.5
42.5 10.5
42.5 23.5
42.5 24.5
42.5 36.5
42.5 49.5
42.5 50.5
42.5 61.5
43.5 10.5
43.5 23.5
43.5 36.5
43.5 49.5
43.5 61.5
44.5 10.5
44.5 49.5
44.5 61.5
46.5 23.5
46.5 36.5
46.5 48.5
47.5 10.5
47.5 23.5
47.5 36.5
47.5 49.5
47.5 61.5
48.5 10.5
48.5 23.5
48.5 24.5
48.5 35.5
48.5 49.5
48.5 61.5
49.5 10.5
49.5 23.5
49.5 24.5
49.5 34.5
49.5 35.5
49.5 49.5
49.5 50.5
49.5 61.5
49.5 62.5
50.5 9.5
50.5 10.5
50.5 24.5
50.5 25.5
50.5 34.5
50.5 35.5
50.5 49.5
50.5 50.5
50.5 62.5
51.5 9.5
51.5 10.5
51.5 24.5
51.5 25.5
51.5 33.5
51.5 34.5
51.5 50.5
51.5 51.5
51.5 62.5
51.5 63.5
52.5 9.5
52.5 18.5
52.5 25.5
52.5 26.5
52.5 33.5
52.5 34.5
52.5 40.5
52.5 50.5
52.5 51.5
52.5 63.5
53.5 8.5
53.5 9.5
53.5 15.5
53.5 19.5
53.5 25.5
53.5 26.5
53.5 32.5
53.5 33.5
53.5 40.5
53.5 45.5
53.5 51.5
53.5 57.5
53.5 63.5
53.5 64.5
54.5 8.5
54.5 9.5
54.5 15.5
54.5 19.5
54.5 26.5
54.5 27.5
54.5 32.5
54.5 39.5
54.5 40.5
54.5 45.5
54.5 51.5
54.5 52.5
54.5 57.5
54.5 64.5
55.5 8.5
55.5 14.5
55.5 15.5
55.5 19.5
55.5 20.5
55.5 26.5
55.5 27.5
55.5 32.5
55.5 39.5
55.5 40.5
55.5 45.5
55.5 46.5
55.5 51.5
55.5 52.5
55.5 57.5
55.5 58.5
55.5 64.5
56.5 8.5
56.5 14.5
56.5 20.5
56.5 27.5
56.5 31.5
56.5 38.5
56.5 39.5
56.5 45.5
56.5 46.5
56.5 52.5
56.5 57.5
56.5 58.5
56.5 65.5
57.5 8.5
57.5 14.5
57.5 20.5
57.5 21.5
57.5 38.5
57.5 39.5
57.5 46.5
57.5 58.5
57.5 59.5
58.5 13.5
58.5 14.5
58.5 21.5
58.5 38.5
58.5 39.5
58.5 46.5
58.5 47.5
58.5 58.5
58.5 59.5
59.5 13.5
59.5 14.5
59.5 21.5
59.5 22.5
59.5 37.5
59.5 38.5
59.5 39.5
59.5 46.5
59.5 47.5
59.5 58.5
59.5 59.5
60.5 13.5
60.5 22.5
60.5 37.5
60.5 38.5
60.5 47.5
60.5 59.5
60.5 60.5
61.5 13.5
61.5 22.5
61.5 23.5
61.5 37.5
61.5 38.5
61.5 47.5
61.5 59.5
61.5 60.5
62.5 12.5
62.5 13.5
62.5 23.5
62.5 37.5
62.5 47.5
62.5 48.5
62.5 60.5
63.5 12.5
63.5 23.5
63.5 36.5
63.5 37.5
63.5 48.5
63.5 60.5
64.5 12.5
64.5 36.5
64.5 48.5
