4.5 41.5
4.5 61.5
5.5 10.5
5.5 20.5
5.5 30.5
5.5 51.5
6.5 11.5
6.5 19.5
6.5 40.5
6.5 52.5
6.5 62.5
7.5 11.5
7.5 29.5
7.5 52.5
7.5 63.5
8.5 12.5
8.5 18.5
8.5 39.5
8.5 53.5
8.5 63.5
9.5 6.5
9.5 12.5
9.5 24.5
9.5 28.5
9.5 34.5
9.5 44.5
9.5 47.5
9.5 54.5
9.5 64.5
10.5 7.5
10.5 13.5
10.5 17.5
10.5 23.5
10.5 38.5
10.5 48.5
10.5 55.5
10.5 59.5
11.5 13.5
11.5 27.5
11.5 33.5
11.5 43.5
11.5 48.5
11.5 59.5
12.5 22.5
12.5 43.5
12.5 49.5
12.5 60.5
13.5 9.5
13.5 21.5
13.5 32.5
13.5 42.5
13.5 49.5
13.5 60.5
14.5 10.5
14.5 31.5
14.5 42.5
14.5 50.5
14.5 61.5
15.5 20.5
15.5 51.5
16.5 10.5
16.5 41.5
16.5 51.5
17.5 31.5
17.5 41.5
17.5 68.5
18.5 9.5
18.5 50.5
18.5 62.5
19.5 9.5
19.5 20.5
19.5 32.5
19.5 40.5
19.5 51.5
20.5 8.5
20.5 19.5
20.5 33.5
20.5 40.5
20.5 52.5
20.5 63.5
21.5 8.5
21.5 18.5
21.5 39.5
21.5 52.5
21.5 57.5
21.5 64.5
22.5 13.5
22.5 17.5
22.5 34.5
22.5 39.5
22.5 53.5
22.5 58.5
23.5 7.5
23.5 23.5
23.5 27.5
23.5 35.5
23.5 44.5
23.5 47.5
23.5 59.5
24.5 12.5
24.5 22.5
24.5 28.5
24.5 38.5
24.5 43.5
24.5 54.5
24.5 59.5
25.5 11.5
25.5 29.5
25.5 48.5
25.5 60.5
26.5 11.5
26.5 21.5
26.5 29.5
26.5 42.5
26.5 49.5
26.5 61.5
27.5 10.5
27.5 20.5
27.5 30.5
27.5 41.5
27.5 50.5
27.5 68.5
28.5 31.5
30.5 50.5
30.5 61.5
31.5 19.5
31.5 30.5
31.5 41.5
31.5 61.5
32.5 9.5
32.5 18.5
32.5 29.5
32.5 42.5
32.5 51.5
32.5 62.5
33.5 8.5
33.5 13.5
33.5 17.5
33.5 28.5
33.5 52.5
33.5 63.5
34.5 7.5
34.5 23.5
34.5 26.5
34.5 38.5
34.5 43.5
34.5 64.5
35.5 12.5
35.5 16.5
35.5 22.5
35.5 25.5
35.5 38.5
35.5 44.5
35.5 47.5
35.5 53.5
35.5 57.5
35.5 65.5
36.5 11.5
36.5 15.5
36.5 21.5
36.5 33.5
36.5 39.5
36.5 48.5
36.5 58.5
37.5 11.5
37.5 20.5
37.5 32.5
37.5 39.5
37.5 49.5
37.5 59.5
38.5 10.5
38.5 19.5
38.5 31.5
38.5 40.5
39.5 18.5
39.5 30.5
39.5 50.5
40.5 41.5
40.5 51.5
41.5 40.5
42.5 9.5
42.5 19.5
42.5 30.5
42.5 50.5
43.5 18.5
43.5 41.5
43.5 60.5
44.5 8.5
44.5 31.5
44.5 49.5
44.5 59.5
45.5 12.5
45.5 17.5
45.5 23.5
45.5 26.5
45.5 32.5
45.5 42.5
45.5 48.5
45.5 58.5
45.5 65.5
46.5 7.5
46.5 12.5
46.5 16.5
46.5 37.5
46.5 47.5
46.5 54.5
46.5 64.5
47.5 11.5
47.5 15.5
47.5 22.5
47.5 27.5
47.5 33.5
47.5 43.5
47.5 53.5
47.5 57.5
47.5 64.5
48.5 11.5
48.5 21.5
48.5 34.5
48.5 38.5
48.5 52.5
48.5 63.5
49.5 21.5
49.5 28.5
49.5 38.5
49.5 51.5
49.5 63.5
50.5 10.5
50.5 20.5
50.5 39.5
50.5 50.5
50.5 62.5
51.5 29.5
51.5 39.5
52.5 9.5
52.5 19.5
52.5 40.5
53.5 30.5
53.5 51.5
53.5 61.5
54.5 20.5
55.5 11.5
55.5 19.5
55.5 40.5
55.5 50.5
55.5 62.5
56.5 7.5
56.5 18.5
56.5 29.5
56.5 41.5
56.5 49.5
56.5 63.5
57.5 7.5
57.5 18.5
57.5 28.5
57.5 42.5
57.5 49.5
57.5 63.5
58.5 13.5
58.5 17.5
58.5 27.5
58.5 33.5
58.5 42.5
58.5 48.5
58.5 55.5
58.5 58.5
58.5 64.5
58.5 68.5
59.5 8.5
59.5 16.5
59.5 23.5
59.5 26.5
59.5 36.5
59.5 43.5
59.5 54.5
60.5 8.5
60.5 22.5
60.5 32.5
60.5 37.5
60.5 44.5
60.5 47.5
60.5 54.5
60.5 59.5
60.5 65.5
61.5 9.5
61.5 21.5
61.5 31.5
61.5 38.5
61.5 53.5
62.5 9.5
62.5 20.5
62.5 31.5
62.5 38.5
62.5 39.5
62.5 53.5
62.5 60.5
63.5 9.5
63.5 30.5
63.5 39.5
63.5 52.5
64.5 30.5
64.5 40.5
64.5 61.5
