7.5 9.5
7.5 10.5
7.5 20.5
7.5 29.5
7.5 40.5
7.5 61.5
8.5 9.5
8.5 10.5
8.5 19.5
8.5 20.5
8.5 29.5
8.5 40.5
8.5 41.5
8.5 48.5
8.5 49.5
8.5 61.5
8.5 62.5
9.5 8.5
9.5 9.5
9.5 10.5
9.5 19.5
9.5 28.5
9.5 29.5
9.5 40.5
9.5 41.5
9.5 48.5
9.5 49.5
9.5 61.5
9.5 62.5
9.5 63.5
10.5 8.5
10.5 9.5
10.5 10.5
10.5 18.5
10.5 19.5
10.5 28.5
10.5 29.5
10.5 41.5
10.5 42.5
10.5 48.5
10.5 49.5
10.5 61.5
10.5 62.5
10.5 63.5
11.5 8.5
11.5 9.5
11.5 18.5
11.5 19.5
11.5 28.5
11.5 29.5
11.5 41.5
11.5 42.5
11.5 47.5
11.5 48.5
11.5 49.5
11.5 61.5
11.5 62.5
11.5 63.5
12.5 7.5
12.5 8.5
12.5 9.5
12.5 18.5
12.5 19.5
12.5 28.5
12.5 29.5
12.5 42.5
12.5 43.5
12.5 47.5
12.5 48.5
12.5 61.5
12.5 62.5
12.5 63.5
13.5 7.5
13.5 8.5
13.5 9.5
13.5 18.5
13.5 23.5
13.5 28.5
13.5 29.5
13.5 42.5
13.5 43.5
13.5 47.5
13.5 48.5
13.5 62.5
13.5 63.5
13.5 64.5
14.5 7.5
14.5 8.5
14.5 13.5
14.5 18.5
14.5 23.5
14.5 28.5
14.5 33.5
14.5 37.5
14.5 38.5
14.5 43.5
14.5 47.5
14.5 48.5
14.5 52.5
14.5 56.5
14.5 62.5
14.5 63.5
14.5 64.5
15.5 12.5
15.5 13.5
15.5 22.5
15.5 23.5
15.5 28.5
15.5 32.5
15.5 33.5
15.5 37.5
15.5 38.5
15.5 52.5
15.5 56.5
15.5 57.5
15.5 63.5
16.5 12.5
16.5 13.5
16.5 22.5
16.5 23.5
16.5 32.5
16.5 33.5
16.5 37.5
16.5 38.5
16.5 39.5
16.5 51.5
16.5 52.5
16.5 56.5
16.5 57.5
16.5 58.5
17.5 12.5
17.5 13.5
17.5 22.5
17.5 23.5
17.5 32.5
17.5 33.5
17.5 37.5
17.5 38.5
17.5 39.5
17.5 51.5
17.5 52.5
17.5 57.5
17.5 58.5
18.5 11.5
18.5 12.5
18.5 13.5
18.5 21.5
18.5 22.5
18.5 23.5
18.5 32.5
18.5 38.5
18.5 39.5
18.5 40.5
18.5 51.5
18.5 52.5
18.5 57.5
18.5 58.5
18.5 59.5
19.5 11.5
19.5 12.5
19.5 21.5
19.5 22.5
19.5 23.5
19.5 31.5
19.5 32.5
19.5 38.5
19.5 39.5
19.5 40.5
19.5 51.5
19.5 58.5
19.5 59.5
20.5 11.5
20.5 12.5
20.5 21.5
20.5 22.5
20.5 31.5
20.5 32.5
20.5 39.5
20.5 40.5
20.5 51.5
20.5 58.5
20.5 59.5
21.5 11.5
21.5 21.5
21.5 22.5
21.5 31.5
21.5 32.5
21.5 39.5
21.5 40.5
21.5 51.5
21.5 59.5
21.5 60.5
27.5 11.5
27.5 20.5
27.5 21.5
27.5 31.5
27.5 41.5
27.5 49.5
27.5 50.5
27.5 60.5
28.5 11.5
28.5 12.5
28.5 20.5
28.5 21.5
28.5 31.5
28.5 32.5
28.5 41.5
28.5 42.5
28.5 49.5
28.5 50.5
28.5 59.5
28.5 60.5
29.5 11.5
29.5 12.5
29.5 19.5
29.5 20.5
29.5 21.5
29.5 31.5
29.5 32.5
29.5 41.5
29.5 42.5
29.5 43.5
29.5 49.5
29.5 50.5
29.5 59.5
29.5 60.5
30.5 12.5
30.5 13.5
30.5 19.5
30.5 20.5
30.5 21.5
30.5 32.5
30.5 41.5
30.5 42.5
30.5 43.5
30.5 49.5
30.5 58.5
30.5 59.5
30.5 60.5
31.5 12.5
31.5 13.5
31.5 19.5
31.5 20.5
31.5 32.5
31.5 33.5
31.5 42.5
31.5 43.5
31.5 48.5
31.5 49.5
31.5 58.5
31.5 59.5
31.5 60.5
32.5 12.5
32.5 13.5
32.5 14.5
32.5 19.5
32.5 20.5
32.5 32.5
32.5 33.5
32.5 42.5
32.5 43.5
32.5 48.5
32.5 49.5
32.5 58.5
32.5 59.5
33.5 13.5
33.5 14.5
33.5 19.5
33.5 20.5
33.5 32.5
33.5 33.5
33.5 42.5
33.5 43.5
33.5 44.5
33.5 48.5
33.5 49.5
33.5 58.5
33.5 59.5
34.5 7.5
34.5 8.5
34.5 14.5
34.5 19.5
34.5 24.5
34.5 25.5
34.5 29.5
34.5 33.5
34.5 37.5
34.5 43.5
34.5 44.5
34.5 48.5
34.5 53.5
34.5 58.5
34.5 59.5
34.5 64.5
35.5 7.5
35.5 8.5
35.5 9.5
35.5 24.5
35.5 25.5
35.5 29.5
35.5 33.5
35.5 37.5
35.5 38.5
35.5 48.5
35.5 52.5
35.5 53.5
35.5 58.5
35.5 63.5
35.5 64.5
36.5 8.5
36.5 9.5
36.5 23.5
36.5 24.5
36.5 25.5
36.5 29.5
36.5 30.5
36.5 37.5
36.5 38.5
36.5 39.5
36.5 52.5
36.5 53.5
36.5 63.5
36.5 64.5
37.5 8.5
37.5 9.5
37.5 10.5
37.5 23.5
37.5 24.5
37.5 25.5
37.5 29.5
37.5 30.5
37.5 37.5
37.5 38.5
37.5 39.5
37.5 52.5
37.5 53.5
37.5 63.5
37.5 64.5
38.5 8.5
38.5 9.5
38.5 10.5
38.5 23.5
38.5 24.5
38.5 29.5
38.5 30.5
38.5 38.5
38.5 39.5
38.5 51.5
38.5 52.5
38.5 53.5
38.5 62.5
38.5 63.5
38.5 64.5
39.5 9.5
39.5 10.5
39.5 23.5
39.5 24.5
39.5 29.5
39.5 30.5
39.5 38.5
39.5 39.5
39.5 40.5
39.5 51.5
39.5 52.5
39.5 53.5
39.5 62.5
39.5 63.5
39.5 64.5
40.5 9.5
40.5 10.5
40.5 23.5
40.5 24.5
40.5 30.5
40.5 39.5
40.5 40.5
40.5 51.5
40.5 52.5
40.5 62.5
40.5 63.5
41.5 10.5
41.5 23.5
41.5 30.5
41.5 39.5
41.5 40.5
41.5 51.5
41.5 52.5
41.5 62.5
41.5 63.5
42.5 23.5
42.5 30.5
42.5 40.5
42.5 62.5
47.5 10.5
47.5 41.5
47.5 52.5
47.5 61.5
48.5 9.5
48.5 10.5
48.5 22.5
48.5 23.5
48.5 32.5
48.5 41.5
48.5 42.5
48.5 52.5
48.5 60.5
48.5 61.5
49.5 9.5
49.5 10.5
49.5 22.5
49.5 23.5
49.5 32.5
49.5 41.5
49.5 42.5
49.5 52.5
49.5 53.5
49.5 60.5
49.5 61.5
50.5 8.5
50.5 9.5
50.5 10.5
50.5 22.5
50.5 23.5
50.5 24.5
50.5 32.5
50.5 33.5
50.5 41.5
50.5 42.5
50.5 43.5
50.5 52.5
50.5 53.5
50.5 59.5
50.5 60.5
50.5 61.5
51.5 8.5
51.5 9.5
51.5 10.5
51.5 23.5
51.5 24.5
51.5 32.5
51.5 33.5
51.5 42.5
51.5 43.5
51.5 52.5
51.5 53.5
51.5 59.5
51.5 60.5
51.5 61.5
52.5 8.5
52.5 9.5
52.5 23.5
52.5 24.5
52.5 32.5
52.5 33.5
52.5 42.5
52.5 43.5
52.5 52.5
52.5 53.5
52.5 54.5
52.5 59.5
52.5 60.5
53.5 7.5
53.5 8.5
53.5 9.5
53.5 23.5
53.5 24.5
53.5 33.5
53.5 42.5
53.5 43.5
53.5 44.5
53.5 53.5
53.5 54.5
53.5 58.5
53.5 59.5
53.5 60.5
54.5 7.5
54.5 8.5
54.5 14.5
54.5 19.5
54.5 24.5
54.5 33.5
54.5 34.5
54.5 38.5
54.5 43.5
54.5 44.5
54.5 48.5
54.5 53.5
54.5 54.5
54.5 58.5
54.5 59.5
55.5 7.5
55.5 13.5
55.5 14.5
55.5 18.5
55.5 19.5
55.5 24.5
55.5 29.5
55.5 33.5
55.5 34.5
55.5 38.5
55.5 43.5
55.5 44.5
55.5 48.5
55.5 49.5
55.5 54.5
55.5 58.5
55.5 59.5
55.5 64.5
55.5 65.5
56.5 13.5
56.5 14.5
56.5 18.5
56.5 19.5
56.5 20.5
56.5 29.5
56.5 30.5
56.5 34.5
56.5 38.5
56.5 39.5
56.5 48.5
56.5 49.5
56.5 64.5
56.5 65.5
57.5 12.5
57.5 13.5
57.5 18.5
57.5 19.5
57.5 20.5
57.5 29.5
57.5 30.5
57.5 38.5
57.5 39.5
57.5 49.5
57.5 50.5
57.5 63.5
57.5 64.5
57.5 65.5
58.5 12.5
58.5 13.5
58.5 18.5
58.5 19.5
58.5 20.5
58.5 29.5
58.5 30.5
58.5 38.5
58.5 39.5
58.5 40.5
58.5 49.5
58.5 50.5
58.5 63.5
58.5 64.5
59.5 11.5
59.5 12.5
59.5 13.5
59.5 19.5
59.5 20.5
59.5 29.5
59.5 30.5
59.5 31.5
59.5 39.5
59.5 40.5
59.5 49.5
59.5 50.5
59.5 62.5
59.5 63.5
59.5 64.5
60.5 11.5
60.5 12.5
60.5 19.5
60.5 20.5
60.5 30.5
60.5 31.5
60.5 39.5
60.5 40.5
60.5 49.5
60.5 50.5
60.5 62.5
60.5 63.5
60.5 64.5
61.5 11.5
61.5 12.5
61.5 19.5
61.5 20.5
61.5 30.5
61.5 31.5
61.5 40.5
61.5 50.5
61.5 62.5
61.5 63.5
62.5 11.5
62.5 20.5
62.5 31.5
62.5 40.5
62.5 41.5
62.5 50.5
62.5 62.5
62.5 63.5
63.5 62.5
