7.5 12.5
7.5 29.5
7.5 44.5
7.5 58.5
8.5 10.5
8.5 11.5
8.5 30.5
8.5 45.5
8.5 56.5
9.5 8.5
9.5 9.5
9.5 31.5
9.5 47.5
9.5 54.5
10.5 32.5
11.5 63.5
12.5 17.5
12.5 39.5
12.5 40.5
12.5 62.5
13.5 16.5
13.5 25.5
13.5 41.5
13.5 42.5
13.5 60.5
13.5 61.5
14.5 14.5
14.5 26.5
14.5 59.5
15.5 27.5
20.5 14.5
20.5 26.5
20.5 41.5
20.5 57.5
21.5 15.5
21.5 16.5
21.5 25.5
21.5 39.5
21.5 40.5
21.5 54.5
21.5 55.5
22.5 17.5
22.5 24.5
22.5 38.5
23.5 8.5
23.5 47.5
24.5 10.5
24.5 31.5
24.5 46.5
24.5 63.5
25.5 11.5
25.5 29.5
25.5 30.5
25.5 45.5
25.5 60.5
25.5 61.5
31.5 14.5
31.5 28.5
31.5 44.5
31.5 59.5
31.5 60.5
32.5 16.5
32.5 25.5
32.5 26.5
32.5 45.5
32.5 61.5
33.5 24.5
33.5 46.5
33.5 47.5
33.5 63.5
34.5 48.5
35.5 7.5
35.5 8.5
35.5 54.5
36.5 9.5
36.5 10.5
36.5 11.5
36.5 31.5
36.5 38.5
36.5 55.5
36.5 56.5
37.5 30.5
37.5 39.5
37.5 40.5
37.5 57.5
38.5 41.5
38.5 42.5
43.5 12.5
44.5 13.5
44.5 14.5
44.5 26.5
44.5 58.5
45.5 14.5
45.5 15.5
45.5 25.5
45.5 40.5
45.5 41.5
45.5 57.5
46.5 16.5
46.5 24.5
46.5 38.5
46.5 39.5
46.5 56.5
47.5 23.5
47.5 63.5
48.5 6.5
48.5 62.5
49.5 7.5
49.5 8.5
49.5 30.5
49.5 46.5
49.5 47.5
49.5 48.5
49.5 62.5
50.5 9.5
50.5 28.5
50.5 29.5
50.5 44.5
50.5 61.5
51.5 10.5
51.5 27.5
56.5 26.5
56.5 44.5
56.5 60.5
57.5 11.5
57.5 24.5
57.5 45.5
57.5 46.5
57.5 61.5
58.5 8.5
58.5 9.5
58.5 22.5
58.5 48.5
58.5 62.5
59.5 32.5
59.5 63.5
60.5 30.5
60.5 31.5
60.5 39.5
61.5 15.5
61.5 28.5
61.5 29.5
61.5 40.5
61.5 55.5
61.5 56.5
62.5 13.5
62.5 41.5
62.5 57.5
