6.5 10.5
6.5 30.5
7.5 30.5
7.5 60.5
8.5 9.5
8.5 31.5
8.5 40.5
8.5 60.5
9.5 9.5
9.5 31.5
9.5 40.5
9.5 52.5
9.5 60.5
10.5 8.5
10.5 18.5
10.5 31.5
10.5 32.5
10.5 40.5
10.5 52.5
11.5 8.5
11.5 18.5
11.5 32.5
11.5 39.5
11.5 53.5
11.5 59.5
12.5 18.5
12.5 32.5
12.5 39.5
12.5 53.5
12.5 59.5
13.5 7.5
13.5 18.5
13.5 33.5
13.5 39.5
13.5 53.5
13.5 59.5
14.5 7.5
14.5 12.5
14.5 33.5
14.5 39.5
14.5 59.5
15.5 12.5
15.5 22.5
15.5 27.5
15.5 33.5
15.5 44.5
15.5 54.5
16.5 12.5
16.5 17.5
16.5 22.5
16.5 27.5
16.5 44.5
16.5 49.5
16.5 63.5
17.5 12.5
17.5 17.5
17.5 22.5
17.5 28.5
17.5 43.5
17.5 49.5
17.5 63.5
18.5 11.5
18.5 28.5
18.5 43.5
18.5 50.5
19.5 11.5
19.5 21.5
19.5 29.5
19.5 43.5
19.5 50.5
19.5 62.5
20.5 11.5
20.5 21.5
20.5 29.5
20.5 42.5
20.5 50.5
20.5 62.5
21.5 11.5
21.5 21.5
21.5 42.5
21.5 51.5
21.5 62.5
22.5 21.5
22.5 30.5
22.5 51.5
27.5 9.5
27.5 31.5
27.5 51.5
28.5 9.5
28.5 21.5
28.5 31.5
28.5 42.5
28.5 51.5
28.5 60.5
29.5 21.5
29.5 31.5
29.5 42.5
29.5 60.5
30.5 8.5
30.5 22.5
30.5 50.5
31.5 8.5
31.5 22.5
31.5 32.5
31.5 43.5
31.5 50.5
32.5 8.5
32.5 22.5
32.5 32.5
32.5 43.5
32.5 59.5
33.5 7.5
33.5 23.5
33.5 32.5
33.5 43.5
33.5 49.5
33.5 59.5
34.5 7.5
34.5 23.5
34.5 32.5
34.5 44.5
34.5 49.5
34.5 54.5
35.5 7.5
35.5 13.5
35.5 18.5
35.5 38.5
35.5 44.5
35.5 54.5
35.5 63.5
36.5 13.5
36.5 18.5
36.5 28.5
36.5 38.5
36.5 48.5
36.5 58.5
36.5 63.5
37.5 12.5
37.5 28.5
37.5 38.5
37.5 53.5
38.5 12.5
38.5 19.5
38.5 39.5
38.5 53.5
38.5 62.5
39.5 11.5
39.5 19.5
39.5 29.5
39.5 39.5
39.5 53.5
39.5 62.5
40.5 11.5
40.5 29.5
40.5 39.5
40.5 52.5
40.5 62.5
41.5 11.5
41.5 20.5
41.5 39.5
41.5 52.5
42.5 10.5
42.5 52.5
42.5 61.5
43.5 61.5
46.5 21.5
47.5 40.5
48.5 9.5
48.5 29.5
48.5 40.5
48.5 61.5
49.5 9.5
49.5 22.5
49.5 29.5
49.5 39.5
49.5 50.5
50.5 9.5
50.5 22.5
50.5 29.5
50.5 39.5
50.5 50.5
50.5 62.5
51.5 8.5
51.5 22.5
51.5 39.5
51.5 62.5
52.5 8.5
52.5 23.5
52.5 28.5
52.5 39.5
52.5 49.5
53.5 8.5
53.5 23.5
53.5 28.5
53.5 39.5
53.5 49.5
53.5 63.5
54.5 7.5
54.5 13.5
54.5 23.5
54.5 28.5
54.5 33.5
54.5 38.5
54.5 44.5
54.5 49.5
54.5 63.5
55.5 7.5
55.5 13.5
55.5 18.5
55.5 38.5
55.5 44.5
55.5 58.5
56.5 18.5
56.5 32.5
56.5 38.5
56.5 53.5
56.5 58.5
56.5 64.5
57.5 12.5
57.5 32.5
57.5 43.5
57.5 53.5
57.5 59.5
58.5 12.5
58.5 19.5
58.5 32.5
58.5 43.5
58.5 52.5
58.5 59.5
59.5 12.5
59.5 19.5
59.5 32.5
59.5 43.5
59.5 52.5
59.5 59.5
60.5 11.5
60.5 19.5
60.5 32.5
60.5 52.5
60.5 60.5
61.5 11.5
61.5 20.5
61.5 32.5
61.5 42.5
61.5 60.5
62.5 20.5
62.5 42.5
62.5 51.5
