4.5 58.5
5.5 29.5
5.5 42.5
5.5 43.5
5.5 58.5
5.5 59.5
6.5 11.5
6.5 12.5
6.5 28.5
6.5 29.5
6.5 43.5
6.5 44.5
6.5 59.5
6.5 60.5
7.5 12.5
7.5 13.5
7.5 27.5
7.5 28.5
7.5 44.5
7.5 45.5
7.5 60.5
8.5 13.5
8.5 14.5
8.5 25.5
8.5 26.5
8.5 27.5
8.5 44.5
8.5 45.5
8.5 46.5
8.5 60.5
8.5 61.5
9.5 14.5
9.5 15.5
9.5 24.5
9.5 25.5
9.5 26.5
9.5 45.5
9.5 46.5
9.5 47.5
9.5 61.5
9.5 62.5
10.5 15.5
10.5 16.5
10.5 23.5
10.5 24.5
10.5 34.5
10.5 35.5
10.5 38.5
10.5 46.5
10.5 47.5
10.5 48.5
10.5 52.5
10.5 62.5
10.5 63.5
11.5 6.5
11.5 16.5
11.5 17.5
11.5 22.5
11.5 23.5
11.5 33.5
11.5 34.5
11.5 38.5
11.5 39.5
11.5 47.5
11.5 48.5
11.5 49.5
11.5 53.5
11.5 54.5
11.5 63.5
11.5 68.5
12.5 7.5
12.5 8.5
12.5 17.5
12.5 18.5
12.5 21.5
12.5 22.5
12.5 32.5
12.5 33.5
12.5 39.5
12.5 48.5
12.5 49.5
12.5 53.5
12.5 54.5
12.5 55.5
12.5 64.5
13.5 8.5
13.5 9.5
13.5 18.5
13.5 21.5
13.5 31.5
13.5 32.5
13.5 33.5
13.5 39.5
13.5 40.5
13.5 50.5
13.5 54.5
13.5 55.5
13.5 56.5
13.5 65.5
14.5 9.5
14.5 10.5
14.5 30.5
14.5 31.5
14.5 32.5
14.5 40.5
14.5 41.5
14.5 55.5
14.5 56.5
14.5 57.5
15.5 10.5
15.5 11.5
15.5 29.5
15.5 30.5
15.5 31.5
15.5 40.5
15.5 41.5
15.5 56.5
15.5 57.5
15.5 58.5
16.5 11.5
16.5 12.5
16.5 28.5
16.5 29.5
16.5 30.5
16.5 41.5
16.5 42.5
16.5 57.5
16.5 58.5
16.5 59.5
17.5 12.5
17.5 13.5
17.5 27.5
17.5 28.5
17.5 29.5
17.5 42.5
17.5 59.5
17.5 60.5
18.5 14.5
18.5 27.5
18.5 28.5
18.5 42.5
18.5 43.5
18.5 60.5
19.5 26.5
19.5 43.5
20.5 13.5
20.5 44.5
20.5 56.5
21.5 12.5
21.5 42.5
21.5 57.5
22.5 11.5
22.5 12.5
22.5 29.5
22.5 30.5
22.5 42.5
22.5 43.5
22.5 57.5
22.5 58.5
22.5 59.5
23.5 10.5
23.5 11.5
23.5 27.5
23.5 28.5
23.5 29.5
23.5 43.5
23.5 44.5
23.5 58.5
23.5 59.5
23.5 60.5
24.5 9.5
24.5 10.5
24.5 25.5
24.5 26.5
24.5 27.5
24.5 28.5
24.5 44.5
24.5 45.5
24.5 59.5
24.5 60.5
24.5 61.5
25.5 8.5
25.5 9.5
25.5 10.5
25.5 18.5
25.5 24.5
25.5 25.5
25.5 26.5
25.5 45.5
25.5 46.5
25.5 60.5
25.5 61.5
25.5 62.5
26.5 7.5
26.5 8.5
26.5 9.5
26.5 17.5
26.5 18.5
26.5 23.5
26.5 24.5
26.5 25.5
26.5 46.5
26.5 47.5
26.5 51.5
26.5 52.5
26.5 61.5
26.5 62.5
26.5 63.5
27.5 7.5
27.5 8.5
27.5 16.5
27.5 17.5
27.5 21.5
27.5 22.5
27.5 23.5
27.5 36.5
27.5 38.5
27.5 47.5
27.5 48.5
27.5 52.5
27.5 53.5
27.5 63.5
27.5 64.5
28.5 6.5
28.5 7.5
28.5 15.5
28.5 16.5
28.5 17.5
28.5 21.5
28.5 34.5
28.5 35.5
28.5 38.5
28.5 39.5
28.5 48.5
28.5 53.5
28.5 54.5
28.5 64.5
28.5 65.5
29.5 15.5
29.5 16.5
29.5 32.5
29.5 33.5
29.5 34.5
29.5 39.5
29.5 40.5
29.5 41.5
29.5 49.5
29.5 54.5
29.5 55.5
30.5 14.5
30.5 15.5
30.5 30.5
30.5 31.5
30.5 32.5
30.5 40.5
30.5 41.5
30.5 42.5
30.5 55.5
30.5 56.5
31.5 13.5
31.5 14.5
31.5 29.5
31.5 30.5
31.5 31.5
31.5 41.5
31.5 42.5
31.5 43.5
31.5 56.5
31.5 57.5
32.5 12.5
32.5 13.5
32.5 28.5
32.5 29.5
32.5 43.5
32.5 44.5
32.5 57.5
32.5 58.5
33.5 12.5
33.5 26.5
33.5 27.5
33.5 44.5
33.5 58.5
33.5 59.5
34.5 11.5
34.5 45.5
36.5 13.5
36.5 14.5
36.5 26.5
36.5 27.5
36.5 43.5
36.5 59.5
37.5 12.5
37.5 13.5
37.5 27.5
37.5 28.5
37.5 43.5
37.5 44.5
37.5 57.5
37.5 58.5
37.5 59.5
38.5 11.5
38.5 12.5
38.5 28.5
38.5 29.5
38.5 44.5
38.5 45.5
38.5 56.5
38.5 57.5
38.5 58.5
39.5 11.5
39.5 12.5
39.5 29.5
39.5 30.5
39.5 31.5
39.5 45.5
39.5 46.5
39.5 55.5
39.5 56.5
39.5 57.5
40.5 10.5
40.5 11.5
40.5 30.5
40.5 31.5
40.5 32.5
40.5 46.5
40.5 47.5
40.5 54.5
40.5 55.5
41.5 9.5
41.5 10.5
41.5 18.5
41.5 21.5
41.5 31.5
41.5 32.5
41.5 33.5
41.5 37.5
41.5 38.5
41.5 47.5
41.5 48.5
41.5 53.5
41.5 54.5
41.5 64.5
41.5 65.5
42.5 8.5
42.5 9.5
42.5 17.5
42.5 18.5
42.5 22.5
42.5 23.5
42.5 32.5
42.5 33.5
42.5 34.5
42.5 38.5
42.5 39.5
42.5 48.5
42.5 49.5
42.5 52.5
42.5 53.5
42.5 63.5
42.5 64.5
43.5 8.5
43.5 16.5
43.5 17.5
43.5 22.5
43.5 23.5
43.5 24.5
43.5 34.5
43.5 35.5
43.5 39.5
43.5 40.5
43.5 49.5
43.5 51.5
43.5 62.5
43.5 63.5
44.5 7.5
44.5 15.5
44.5 16.5
44.5 23.5
44.5 24.5
44.5 25.5
44.5 35.5
44.5 40.5
44.5 41.5
44.5 60.5
44.5 61.5
44.5 62.5
45.5 15.5
45.5 16.5
45.5 24.5
45.5 25.5
45.5 26.5
45.5 40.5
45.5 41.5
45.5 42.5
45.5 59.5
45.5 60.5
45.5 61.5
46.5 14.5
46.5 15.5
46.5 25.5
46.5 26.5
46.5 27.5
46.5 41.5
46.5 42.5
46.5 43.5
46.5 58.5
46.5 59.5
46.5 60.5
47.5 13.5
47.5 14.5
47.5 26.5
47.5 27.5
47.5 43.5
47.5 44.5
47.5 57.5
47.5 58.5
47.5 59.5
48.5 13.5
48.5 27.5
48.5 28.5
48.5 44.5
48.5 57.5
49.5 12.5
49.5 29.5
51.5 12.5
51.5 42.5
51.5 43.5
51.5 59.5
52.5 12.5
52.5 13.5
52.5 26.5
52.5 27.5
52.5 43.5
52.5 44.5
52.5 58.5
52.5 59.5
53.5 13.5
53.5 14.5
53.5 27.5
53.5 28.5
53.5 43.5
53.5 44.5
53.5 45.5
53.5 57.5
53.5 58.5
54.5 14.5
54.5 15.5
54.5 28.5
54.5 29.5
54.5 44.5
54.5 45.5
54.5 56.5
54.5 57.5
54.5 68.5
55.5 14.5
55.5 15.5
55.5 29.5
55.5 30.5
55.5 31.5
55.5 45.5
55.5 46.5
55.5 55.5
55.5 56.5
55.5 57.5
56.5 6.5
56.5 15.5
56.5 16.5
56.5 21.5
56.5 30.5
56.5 31.5
56.5 32.5
56.5 36.5
56.5 46.5
56.5 47.5
56.5 54.5
56.5 55.5
56.5 56.5
56.5 65.5
57.5 7.5
57.5 16.5
57.5 17.5
57.5 21.5
57.5 22.5
57.5 31.5
57.5 32.5
57.5 33.5
57.5 36.5
57.5 37.5
57.5 47.5
57.5 48.5
57.5 54.5
57.5 55.5
57.5 64.5
58.5 7.5
58.5 8.5
58.5 17.5
58.5 18.5
58.5 22.5
58.5 23.5
58.5 33.5
58.5 37.5
58.5 38.5
58.5 48.5
58.5 49.5
58.5 53.5
58.5 54.5
58.5 63.5
58.5 64.5
59.5 8.5
59.5 9.5
59.5 18.5
59.5 23.5
59.5 24.5
59.5 34.5
59.5 38.5
59.5 39.5
59.5 40.5
59.5 49.5
59.5 52.5
59.5 53.5
59.5 62.5
59.5 63.5
60.5 9.5
60.5 10.5
60.5 19.5
60.5 24.5
60.5 25.5
60.5 39.5
60.5 40.5
60.5 41.5
60.5 50.5
60.5 52.5
60.5 61.5
60.5 62.5
61.5 9.5
61.5 10.5
61.5 11.5
61.5 25.5
61.5 26.5
61.5 40.5
61.5 41.5
61.5 42.5
61.5 60.5
61.5 61.5
62.5 10.5
62.5 11.5
62.5 12.5
62.5 26.5
62.5 27.5
62.5 41.5
62.5 42.5
62.5 43.5
62.5 59.5
62.5 60.5
63.5 11.5
63.5 12.5
63.5 13.5
63.5 27.5
63.5 28.5
63.5 43.5
63.5 44.5
63.5 58.5
63.5 59.5
64.5 12.5
64.5 13.5
64.5 28.5
64.5 44.5
64.5 57.5
64.5 58.5
