5.5 17.5
6.5 15.5
6.5 16.5
6.5 37.5
6.5 38.5
6.5 58.5
7.5 13.5
7.5 14.5
7.5 15.5
7.5 34.5
7.5 35.5
7.5 36.5
7.5 56.5
7.5 57.5
8.5 12.5
8.5 13.5
8.5 14.5
8.5 32.5
8.5 33.5
8.5 34.5
8.5 54.5
8.5 55.5
8.5 56.5
9.5 11.5
9.5 12.5
9.5 13.5
9.5 29.5
9.5 30.5
9.5 31.5
9.5 32.5
9.5 53.5
9.5 54.5
9.5 55.5
10.5 9.5
10.5 10.5
10.5 11.5
10.5 23.5
10.5 27.5
10.5 28.5
10.5 29.5
10.5 51.5
10.5 52.5
10.5 53.5
11.5 8.5
11.5 9.5
11.5 10.5
11.5 22.5
11.5 26.5
11.5 50.5
11.5 51.5
11.5 52.5
11.5 65.5
11.5 66.5
12.5 7.5
12.5 8.5
12.5 20.5
12.5 21.5
12.5 44.5
12.5 45.5
12.5 49.5
12.5 50.5
12.5 63.5
12.5 64.5
12.5 65.5
13.5 19.5
13.5 20.5
13.5 40.5
13.5 41.5
13.5 42.5
13.5 43.5
13.5 44.5
13.5 48.5
13.5 62.5
13.5 63.5
14.5 18.5
14.5 19.5
14.5 37.5
14.5 38.5
14.5 39.5
14.5 40.5
14.5 41.5
14.5 60.5
14.5 61.5
14.5 62.5
15.5 17.5
15.5 18.5
15.5 35.5
15.5 36.5
15.5 37.5
15.5 38.5
15.5 39.5
15.5 58.5
15.5 59.5
15.5 60.5
16.5 16.5
16.5 33.5
16.5 34.5
16.5 35.5
16.5 57.5
16.5 58.5
16.5 59.5
17.5 15.5
17.5 56.5
17.5 57.5
21.5 14.5
21.5 15.5
22.5 15.5
22.5 16.5
22.5 35.5
22.5 36.5
22.5 37.5
22.5 38.5
22.5 55.5
22.5 56.5
23.5 16.5
23.5 17.5
23.5 18.5
23.5 32.5
23.5 33.5
23.5 34.5
23.5 35.5
23.5 36.5
23.5 57.5
23.5 58.5
23.5 59.5
24.5 18.5
24.5 19.5
24.5 20.5
24.5 30.5
24.5 31.5
24.5 32.5
24.5 33.5
24.5 34.5
24.5 59.5
24.5 60.5
24.5 61.5
24.5 62.5
25.5 19.5
25.5 20.5
25.5 21.5
25.5 28.5
25.5 29.5
25.5 30.5
25.5 31.5
25.5 61.5
25.5 62.5
25.5 63.5
25.5 64.5
26.5 21.5
26.5 22.5
26.5 26.5
26.5 27.5
26.5 28.5
26.5 64.5
26.5 65.5
26.5 66.5
27.5 7.5
27.5 23.5
27.5 45.5
28.5 8.5
28.5 9.5
28.5 10.5
28.5 42.5
28.5 43.5
28.5 44.5
28.5 47.5
28.5 48.5
28.5 49.5
29.5 10.5
29.5 11.5
29.5 12.5
29.5 40.5
29.5 41.5
29.5 42.5
29.5 49.5
29.5 50.5
29.5 51.5
29.5 52.5
29.5 53.5
30.5 12.5
30.5 13.5
30.5 14.5
30.5 38.5
30.5 39.5
30.5 40.5
30.5 51.5
30.5 52.5
30.5 53.5
30.5 54.5
30.5 55.5
31.5 14.5
31.5 15.5
31.5 16.5
31.5 36.5
31.5 37.5
31.5 38.5
31.5 54.5
31.5 55.5
31.5 56.5
31.5 57.5
31.5 58.5
32.5 16.5
32.5 17.5
32.5 34.5
32.5 35.5
32.5 36.5
32.5 58.5
32.5 59.5
33.5 33.5
36.5 13.5
37.5 14.5
37.5 15.5
38.5 15.5
38.5 16.5
38.5 17.5
38.5 34.5
38.5 35.5
38.5 36.5
38.5 54.5
38.5 55.5
38.5 56.5
39.5 17.5
39.5 18.5
39.5 19.5
39.5 32.5
39.5 33.5
39.5 34.5
39.5 35.5
39.5 55.5
39.5 56.5
39.5 57.5
39.5 58.5
39.5 59.5
40.5 19.5
40.5 20.5
40.5 30.5
40.5 31.5
40.5 32.5
40.5 33.5
40.5 58.5
40.5 59.5
40.5 60.5
40.5 61.5
41.5 20.5
41.5 21.5
41.5 22.5
41.5 28.5
41.5 29.5
41.5 30.5
41.5 60.5
41.5 61.5
41.5 62.5
41.5 63.5
41.5 64.5
42.5 6.5
42.5 7.5
42.5 22.5
42.5 23.5
42.5 26.5
42.5 27.5
42.5 28.5
42.5 64.5
42.5 65.5
43.5 8.5
43.5 9.5
43.5 10.5
43.5 41.5
43.5 42.5
43.5 46.5
43.5 47.5
44.5 10.5
44.5 11.5
44.5 12.5
44.5 39.5
44.5 40.5
44.5 41.5
44.5 47.5
44.5 48.5
44.5 49.5
45.5 11.5
45.5 12.5
45.5 13.5
45.5 14.5
45.5 37.5
45.5 38.5
45.5 39.5
45.5 49.5
45.5 50.5
45.5 51.5
45.5 52.5
46.5 13.5
46.5 14.5
46.5 15.5
46.5 36.5
46.5 37.5
46.5 51.5
46.5 52.5
46.5 53.5
46.5 54.5
47.5 16.5
47.5 17.5
47.5 34.5
47.5 35.5
47.5 54.5
47.5 55.5
47.5 56.5
48.5 33.5
48.5 57.5
51.5 12.5
52.5 13.5
52.5 14.5
52.5 35.5
52.5 36.5
52.5 57.5
53.5 15.5
53.5 16.5
53.5 17.5
53.5 33.5
53.5 34.5
53.5 35.5
53.5 54.5
53.5 55.5
53.5 56.5
54.5 16.5
54.5 17.5
54.5 18.5
54.5 19.5
54.5 32.5
54.5 33.5
54.5 52.5
54.5 53.5
54.5 54.5
55.5 18.5
55.5 19.5
55.5 20.5
55.5 30.5
55.5 31.5
55.5 32.5
55.5 50.5
55.5 51.5
55.5 52.5
56.5 20.5
56.5 21.5
56.5 22.5
56.5 29.5
56.5 30.5
56.5 48.5
56.5 49.5
56.5 50.5
57.5 6.5
57.5 7.5
57.5 22.5
57.5 23.5
57.5 27.5
57.5 28.5
57.5 43.5
57.5 44.5
57.5 46.5
57.5 47.5
57.5 48.5
57.5 63.5
57.5 64.5
58.5 7.5
58.5 8.5
58.5 9.5
58.5 26.5
58.5 40.5
58.5 41.5
58.5 42.5
58.5 61.5
58.5 62.5
58.5 63.5
59.5 9.5
59.5 10.5
59.5 11.5
59.5 38.5
59.5 39.5
59.5 40.5
59.5 59.5
59.5 60.5
59.5 61.5
60.5 11.5
60.5 12.5
60.5 13.5
60.5 36.5
60.5 37.5
60.5 38.5
60.5 39.5
60.5 57.5
60.5 58.5
60.5 59.5
60.5 60.5
61.5 13.5
61.5 14.5
61.5 15.5
61.5 34.5
61.5 35.5
61.5 36.5
61.5 56.5
61.5 57.5
61.5 58.5
62.5 15.5
62.5 16.5
62.5 33.5
62.5 34.5
62.5 55.5
62.5 56.5
63.5 54.5
