6.5 41.5
6.5 63.5
7.5 10.5
7.5 20.5
7.5 32.5
7.5 41.5
7.5 52.5
7.5 53.5
7.5 63.5
8.5 9.5
8.5 10.5
8.5 20.5
8.5 32.5
8.5 41.5
8.5 42.5
8.5 52.5
8.5 53.5
8.5 63.5
8.5 64.5
9.5 8.5
9.5 9.5
9.5 19.5
9.5 20.5
9.5 32.5
9.5 33.5
9.5 41.5
9.5 42.5
9.5 52.5
9.5 53.5
9.5 54.5
9.5 63.5
9.5 64.5
10.5 8.5
10.5 9.5
10.5 18.5
10.5 19.5
10.5 20.5
10.5 32.5
10.5 33.5
10.5 42.5
10.5 43.5
10.5 53.5
10.5 54.5
10.5 64.5
11.5 7.5
11.5 8.5
11.5 18.5
11.5 19.5
11.5 32.5
11.5 33.5
11.5 42.5
11.5 43.5
11.5 54.5
11.5 59.5
11.5 64.5
11.5 65.5
12.5 13.5
12.5 18.5
12.5 24.5
12.5 33.5
12.5 34.5
12.5 38.5
12.5 43.5
12.5 48.5
12.5 59.5
12.5 60.5
13.5 12.5
13.5 13.5
13.5 23.5
13.5 24.5
13.5 28.5
13.5 29.5
13.5 34.5
13.5 38.5
13.5 48.5
13.5 49.5
13.5 59.5
13.5 60.5
14.5 12.5
14.5 13.5
14.5 22.5
14.5 23.5
14.5 28.5
14.5 29.5
14.5 38.5
14.5 39.5
14.5 48.5
14.5 49.5
14.5 59.5
14.5 60.5
14.5 61.5
15.5 11.5
15.5 12.5
15.5 22.5
15.5 23.5
15.5 29.5
15.5 30.5
15.5 38.5
15.5 39.5
15.5 48.5
15.5 49.5
15.5 60.5
15.5 61.5
16.5 11.5
16.5 12.5
16.5 21.5
16.5 22.5
16.5 29.5
16.5 30.5
16.5 39.5
16.5 49.5
16.5 61.5
17.5 21.5
17.5 30.5
17.5 31.5
17.5 39.5
17.5 40.5
18.5 40.5
21.5 60.5
22.5 9.5
22.5 21.5
22.5 31.5
22.5 51.5
22.5 59.5
22.5 60.5
23.5 8.5
23.5 9.5
23.5 21.5
23.5 22.5
23.5 31.5
23.5 32.5
23.5 41.5
23.5 51.5
23.5 52.5
23.5 59.5
23.5 60.5
24.5 7.5
24.5 8.5
24.5 9.5
24.5 21.5
24.5 22.5
24.5 32.5
24.5 33.5
24.5 41.5
24.5 42.5
24.5 51.5
24.5 52.5
24.5 58.5
24.5 59.5
24.5 60.5
25.5 7.5
25.5 8.5
25.5 21.5
25.5 22.5
25.5 23.5
25.5 32.5
25.5 33.5
25.5 42.5
25.5 43.5
25.5 51.5
25.5 52.5
25.5 53.5
25.5 58.5
25.5 59.5
26.5 6.5
26.5 7.5
26.5 22.5
26.5 23.5
26.5 32.5
26.5 33.5
26.5 42.5
26.5 43.5
26.5 52.5
26.5 53.5
26.5 58.5
26.5 65.5
27.5 6.5
27.5 13.5
27.5 22.5
27.5 23.5
27.5 27.5
27.5 28.5
27.5 33.5
27.5 34.5
27.5 43.5
27.5 47.5
27.5 53.5
27.5 64.5
27.5 65.5
28.5 12.5
28.5 13.5
28.5 18.5
28.5 27.5
28.5 28.5
28.5 38.5
28.5 39.5
28.5 47.5
28.5 48.5
28.5 63.5
28.5 64.5
28.5 65.5
29.5 11.5
29.5 12.5
29.5 13.5
29.5 18.5
29.5 19.5
29.5 28.5
29.5 29.5
29.5 38.5
29.5 39.5
29.5 48.5
29.5 49.5
29.5 62.5
29.5 63.5
29.5 64.5
30.5 10.5
30.5 11.5
30.5 12.5
30.5 18.5
30.5 19.5
30.5 28.5
30.5 29.5
30.5 39.5
30.5 40.5
30.5 48.5
30.5 49.5
30.5 62.5
30.5 63.5
31.5 10.5
31.5 11.5
31.5 18.5
31.5 19.5
31.5 28.5
31.5 29.5
31.5 39.5
31.5 40.5
31.5 49.5
31.5 50.5
31.5 62.5
32.5 10.5
32.5 11.5
32.5 19.5
32.5 29.5
32.5 40.5
32.5 50.5
36.5 62.5
37.5 9.5
37.5 29.5
37.5 41.5
37.5 42.5
37.5 50.5
37.5 62.5
37.5 63.5
38.5 8.5
38.5 9.5
38.5 21.5
38.5 28.5
38.5 29.5
38.5 42.5
38.5 43.5
38.5 49.5
38.5 50.5
38.5 62.5
38.5 63.5
38.5 64.5
39.5 7.5
39.5 8.5
39.5 9.5
39.5 21.5
39.5 22.5
39.5 28.5
39.5 29.5
39.5 42.5
39.5 43.5
39.5 49.5
39.5 50.5
39.5 63.5
39.5 64.5
40.5 7.5
40.5 8.5
40.5 21.5
40.5 22.5
40.5 27.5
40.5 28.5
40.5 43.5
40.5 44.5
40.5 49.5
40.5 50.5
40.5 63.5
40.5 64.5
40.5 65.5
41.5 6.5
41.5 7.5
41.5 8.5
41.5 22.5
41.5 27.5
41.5 28.5
41.5 44.5
41.5 49.5
41.5 64.5
41.5 65.5
42.5 6.5
42.5 7.5
42.5 13.5
42.5 22.5
42.5 27.5
42.5 33.5
42.5 38.5
42.5 53.5
42.5 64.5
42.5 65.5
43.5 12.5
43.5 13.5
43.5 18.5
43.5 32.5
43.5 33.5
43.5 38.5
43.5 39.5
43.5 53.5
43.5 58.5
43.5 59.5
44.5 11.5
44.5 12.5
44.5 13.5
44.5 18.5
44.5 19.5
44.5 31.5
44.5 32.5
44.5 33.5
44.5 38.5
44.5 39.5
44.5 40.5
44.5 52.5
44.5 53.5
44.5 58.5
44.5 59.5
45.5 11.5
45.5 12.5
45.5 18.5
45.5 19.5
45.5 31.5
45.5 32.5
45.5 33.5
45.5 39.5
45.5 40.5
45.5 52.5
45.5 53.5
45.5 58.5
45.5 59.5
45.5 60.5
46.5 10.5
46.5 11.5
46.5 12.5
46.5 19.5
46.5 31.5
46.5 32.5
46.5 40.5
46.5 41.5
46.5 52.5
46.5 53.5
46.5 59.5
46.5 60.5
47.5 10.5
47.5 11.5
47.5 31.5
47.5 40.5
47.5 41.5
47.5 52.5
47.5 60.5
47.5 61.5
48.5 61.5
51.5 20.5
52.5 11.5
52.5 19.5
52.5 20.5
52.5 30.5
52.5 42.5
52.5 50.5
53.5 11.5
53.5 12.5
53.5 19.5
53.5 29.5
53.5 30.5
53.5 42.5
53.5 43.5
53.5 50.5
53.5 62.5
54.5 11.5
54.5 12.5
54.5 13.5
54.5 18.5
54.5 19.5
54.5 28.5
54.5 29.5
54.5 30.5
54.5 42.5
54.5 43.5
54.5 44.5
54.5 49.5
54.5 50.5
54.5 61.5
54.5 62.5
54.5 63.5
55.5 12.5
55.5 13.5
55.5 18.5
55.5 19.5
55.5 28.5
55.5 29.5
55.5 42.5
55.5 43.5
55.5 44.5
55.5 49.5
55.5 62.5
55.5 63.5
56.5 13.5
56.5 14.5
56.5 18.5
56.5 27.5
56.5 28.5
56.5 29.5
56.5 43.5
56.5 44.5
56.5 48.5
56.5 49.5
56.5 62.5
56.5 63.5
56.5 64.5
57.5 6.5
57.5 7.5
57.5 8.5
57.5 22.5
57.5 23.5
57.5 27.5
57.5 28.5
57.5 48.5
57.5 63.5
57.5 64.5
58.5 7.5
58.5 8.5
58.5 22.5
58.5 23.5
58.5 33.5
58.5 38.5
58.5 53.5
58.5 54.5
58.5 58.5
58.5 63.5
58.5 64.5
59.5 7.5
59.5 8.5
59.5 9.5
59.5 22.5
59.5 32.5
59.5 33.5
59.5 38.5
59.5 39.5
59.5 52.5
59.5 53.5
59.5 58.5
59.5 59.5
60.5 8.5
60.5 9.5
60.5 10.5
60.5 21.5
60.5 22.5
60.5 31.5
60.5 32.5
60.5 38.5
60.5 39.5
60.5 52.5
60.5 53.5
60.5 58.5
60.5 59.5
61.5 9.5
61.5 10.5
61.5 21.5
61.5 22.5
61.5 31.5
61.5 32.5
61.5 38.5
61.5 39.5
61.5 51.5
61.5 52.5
61.5 59.5
61.5 60.5
62.5 21.5
62.5 31.5
62.5 39.5
62.5 51.5
62.5 52.5
62.5 59.5
62.5 60.5
63.5 30.5
63.5 60.5
