5.5 13.5
5.5 58.5
6.5 14.5
6.5 15.5
6.5 59.5
6.5 60.5
7.5 16.5
7.5 17.5
7.5 26.5
7.5 27.5
7.5 28.5
7.5 41.5
7.5 42.5
7.5 43.5
7.5 44.5
7.5 61.5
7.5 62.5
8.5 18.5
8.5 19.5
8.5 23.5
8.5 24.5
8.5 25.5
8.5 26.5
8.5 43.5
8.5 44.5
8.5 45.5
8.5 46.5
8.5 47.5
8.5 48.5
8.5 63.5
8.5 64.5
9.5 7.5
9.5 8.5
9.5 52.5
9.5 53.5
10.5 9.5
10.5 10.5
10.5 11.5
10.5 54.5
10.5 55.5
11.5 12.5
11.5 13.5
11.5 30.5
11.5 31.5
11.5 32.5
11.5 37.5
11.5 38.5
11.5 55.5
11.5 56.5
11.5 57.5
12.5 28.5
12.5 29.5
12.5 39.5
12.5 40.5
12.5 41.5
12.5 57.5
12.5 58.5
13.5 42.5
13.5 43.5
16.5 12.5
16.5 13.5
16.5 28.5
17.5 14.5
17.5 15.5
17.5 16.5
17.5 29.5
17.5 30.5
17.5 41.5
17.5 42.5
17.5 56.5
17.5 57.5
17.5 58.5
18.5 16.5
18.5 17.5
18.5 18.5
18.5 31.5
18.5 39.5
18.5 40.5
18.5 54.5
18.5 55.5
19.5 6.5
19.5 22.5
19.5 23.5
19.5 32.5
19.5 33.5
19.5 37.5
19.5 38.5
20.5 8.5
20.5 24.5
20.5 25.5
20.5 48.5
20.5 49.5
20.5 62.5
20.5 63.5
21.5 9.5
21.5 10.5
21.5 25.5
21.5 26.5
21.5 45.5
21.5 46.5
21.5 47.5
21.5 61.5
21.5 62.5
22.5 11.5
22.5 12.5
22.5 27.5
22.5 28.5
22.5 42.5
22.5 43.5
22.5 59.5
22.5 60.5
23.5 13.5
26.5 29.5
26.5 45.5
26.5 46.5
26.5 59.5
27.5 13.5
27.5 27.5
27.5 28.5
27.5 42.5
27.5 43.5
27.5 44.5
27.5 60.5
28.5 14.5
28.5 15.5
28.5 25.5
28.5 26.5
28.5 40.5
28.5 41.5
28.5 42.5
28.5 61.5
28.5 62.5
29.5 16.5
29.5 17.5
29.5 24.5
29.5 25.5
29.5 38.5
29.5 39.5
29.5 54.5
29.5 63.5
30.5 18.5
30.5 23.5
30.5 34.5
30.5 49.5
30.5 50.5
30.5 55.5
30.5 64.5
31.5 8.5
31.5 9.5
31.5 32.5
31.5 33.5
31.5 47.5
31.5 48.5
31.5 49.5
31.5 56.5
31.5 57.5
32.5 10.5
32.5 11.5
32.5 30.5
32.5 31.5
32.5 46.5
32.5 47.5
32.5 57.5
32.5 58.5
33.5 12.5
33.5 13.5
33.5 29.5
33.5 30.5
33.5 44.5
33.5 45.5
33.5 58.5
33.5 59.5
37.5 44.5
37.5 58.5
38.5 11.5
38.5 12.5
38.5 13.5
38.5 14.5
38.5 28.5
38.5 29.5
38.5 30.5
38.5 46.5
38.5 47.5
38.5 56.5
38.5 57.5
39.5 8.5
39.5 9.5
39.5 10.5
39.5 11.5
39.5 31.5
39.5 32.5
39.5 33.5
39.5 49.5
39.5 54.5
39.5 55.5
40.5 34.5
40.5 63.5
40.5 64.5
40.5 65.5
41.5 19.5
41.5 23.5
41.5 39.5
41.5 40.5
41.5 41.5
41.5 60.5
41.5 61.5
41.5 62.5
42.5 16.5
42.5 17.5
42.5 25.5
42.5 26.5
42.5 42.5
42.5 43.5
42.5 44.5
42.5 58.5
43.5 14.5
43.5 15.5
43.5 27.5
43.5 28.5
44.5 12.5
46.5 57.5
46.5 58.5
47.5 12.5
47.5 27.5
47.5 43.5
47.5 44.5
47.5 45.5
47.5 59.5
47.5 60.5
47.5 61.5
48.5 14.5
48.5 15.5
48.5 28.5
48.5 29.5
48.5 45.5
48.5 46.5
48.5 47.5
48.5 48.5
48.5 61.5
48.5 62.5
48.5 63.5
49.5 17.5
49.5 18.5
49.5 30.5
49.5 31.5
49.5 32.5
49.5 49.5
49.5 50.5
49.5 53.5
50.5 8.5
50.5 22.5
50.5 33.5
50.5 54.5
51.5 10.5
51.5 11.5
51.5 23.5
51.5 24.5
51.5 37.5
51.5 38.5
51.5 39.5
51.5 40.5
51.5 55.5
51.5 56.5
52.5 12.5
52.5 13.5
52.5 25.5
52.5 26.5
52.5 41.5
52.5 42.5
52.5 43.5
52.5 57.5
56.5 13.5
56.5 57.5
57.5 14.5
57.5 26.5
57.5 41.5
57.5 42.5
57.5 56.5
58.5 15.5
58.5 16.5
58.5 24.5
58.5 25.5
58.5 39.5
58.5 40.5
58.5 41.5
58.5 55.5
59.5 16.5
59.5 17.5
59.5 23.5
59.5 24.5
59.5 37.5
59.5 38.5
59.5 54.5
60.5 7.5
60.5 8.5
60.5 18.5
60.5 22.5
60.5 32.5
60.5 36.5
60.5 48.5
60.5 49.5
60.5 53.5
60.5 63.5
61.5 8.5
61.5 9.5
61.5 10.5
61.5 30.5
61.5 31.5
61.5 46.5
61.5 47.5
61.5 61.5
61.5 62.5
62.5 10.5
62.5 11.5
62.5 29.5
62.5 30.5
62.5 44.5
62.5 45.5
62.5 46.5
62.5 59.5
62.5 60.5
63.5 12.5
63.5 13.5
63.5 27.5
63.5 28.5
63.5 43.5
63.5 44.5
63.5 58.5
63.5 59.5
64.5 26.5
64.5 41.5
64.5 42.5
