6.5 11.5
6.5 12.5
6.5 13.5
6.5 42.5
6.5 57.5
6.5 58.5
6.5 59.5
7.5 12.5
7.5 13.5
7.5 14.5
7.5 15.5
7.5 27.5
7.5 28.5
7.5 29.5
7.5 42.5
7.5 43.5
7.5 44.5
7.5 45.5
7.5 58.5
7.5 59.5
7.5 60.5
7.5 61.5
8.5 13.5
8.5 14.5
8.5 15.5
8.5 16.5
8.5 26.5
8.5 27.5
8.5 28.5
8.5 43.5
8.5 44.5
8.5 45.5
8.5 46.5
8.5 47.5
8.5 59.5
8.5 60.5
8.5 61.5
8.5 62.5
9.5 15.5
9.5 16.5
9.5 17.5
9.5 24.5
9.5 25.5
9.5 26.5
9.5 27.5
9.5 45.5
9.5 46.5
9.5 47.5
9.5 48.5
9.5 61.5
9.5 62.5
9.5 63.5
9.5 64.5
10.5 5.5
10.5 6.5
10.5 7.5
10.5 8.5
10.5 16.5
10.5 17.5
10.5 18.5
10.5 23.5
10.5 24.5
10.5 25.5
10.5 26.5
10.5 47.5
10.5 48.5
10.5 49.5
10.5 52.5
10.5 53.5
10.5 63.5
10.5 64.5
10.5 65.5
11.5 6.5
11.5 7.5
11.5 8.5
11.5 9.5
11.5 18.5
11.5 19.5
11.5 22.5
11.5 23.5
11.5 24.5
11.5 33.5
11.5 34.5
11.5 37.5
11.5 38.5
11.5 39.5
11.5 52.5
11.5 53.5
11.5 54.5
11.5 55.5
11.5 56.5
12.5 7.5
12.5 8.5
12.5 9.5
12.5 10.5
12.5 11.5
12.5 22.5
12.5 31.5
12.5 32.5
12.5 33.5
12.5 34.5
12.5 38.5
12.5 39.5
12.5 40.5
12.5 41.5
12.5 54.5
12.5 55.5
12.5 56.5
12.5 57.5
12.5 58.5
13.5 8.5
13.5 9.5
13.5 10.5
13.5 11.5
13.5 12.5
13.5 30.5
13.5 31.5
13.5 32.5
13.5 33.5
13.5 39.5
13.5 40.5
13.5 41.5
13.5 42.5
13.5 56.5
13.5 57.5
13.5 58.5
13.5 59.5
14.5 10.5
14.5 11.5
14.5 12.5
14.5 13.5
14.5 28.5
14.5 29.5
14.5 30.5
14.5 31.5
14.5 32.5
14.5 40.5
14.5 41.5
14.5 42.5
14.5 43.5
14.5 58.5
14.5 59.5
14.5 60.5
15.5 11.5
15.5 12.5
15.5 13.5
15.5 27.5
15.5 28.5
15.5 29.5
15.5 30.5
15.5 31.5
15.5 41.5
15.5 42.5
15.5 43.5
16.5 27.5
16.5 28.5
16.5 29.5
16.5 43.5
18.5 56.5
18.5 57.5
18.5 58.5
18.5 59.5
19.5 12.5
19.5 13.5
19.5 14.5
19.5 42.5
19.5 43.5
19.5 57.5
19.5 58.5
19.5 59.5
19.5 60.5
19.5 61.5
19.5 62.5
20.5 10.5
20.5 11.5
20.5 12.5
20.5 13.5
20.5 27.5
20.5 28.5
20.5 29.5
20.5 42.5
20.5 43.5
20.5 44.5
20.5 45.5
20.5 59.5
20.5 60.5
20.5 61.5
20.5 62.5
20.5 63.5
21.5 8.5
21.5 9.5
21.5 10.5
21.5 11.5
21.5 12.5
21.5 28.5
21.5 29.5
21.5 30.5
21.5 31.5
21.5 43.5
21.5 44.5
21.5 45.5
21.5 46.5
21.5 47.5
21.5 52.5
21.5 61.5
21.5 62.5
21.5 63.5
21.5 64.5
21.5 65.5
22.5 7.5
22.5 8.5
22.5 9.5
22.5 10.5
22.5 11.5
22.5 29.5
22.5 30.5
22.5 31.5
22.5 32.5
22.5 45.5
22.5 46.5
22.5 47.5
22.5 48.5
22.5 52.5
22.5 53.5
22.5 54.5
23.5 6.5
23.5 7.5
23.5 8.5
23.5 9.5
23.5 17.5
23.5 18.5
23.5 19.5
23.5 22.5
23.5 23.5
23.5 31.5
23.5 32.5
23.5 33.5
23.5 47.5
23.5 48.5
23.5 49.5
23.5 53.5
23.5 54.5
23.5 55.5
24.5 15.5
24.5 16.5
24.5 17.5
24.5 18.5
24.5 22.5
24.5 23.5
24.5 24.5
24.5 25.5
24.5 36.5
24.5 37.5
24.5 38.5
24.5 39.5
24.5 54.5
24.5 55.5
24.5 56.5
24.5 57.5
25.5 14.5
25.5 15.5
25.5 16.5
25.5 17.5
25.5 24.5
25.5 25.5
25.5 26.5
25.5 37.5
25.5 38.5
25.5 39.5
25.5 40.5
25.5 41.5
25.5 55.5
25.5 56.5
25.5 57.5
25.5 58.5
26.5 13.5
26.5 14.5
26.5 15.5
26.5 25.5
26.5 26.5
26.5 27.5
26.5 39.5
26.5 40.5
26.5 41.5
26.5 42.5
26.5 43.5
26.5 57.5
26.5 58.5
27.5 12.5
27.5 13.5
27.5 14.5
27.5 27.5
27.5 28.5
27.5 43.5
27.5 44.5
28.5 12.5
30.5 28.5
30.5 57.5
30.5 58.5
30.5 59.5
31.5 12.5
31.5 13.5
31.5 14.5
31.5 26.5
31.5 27.5
31.5 28.5
31.5 41.5
31.5 42.5
31.5 43.5
31.5 44.5
31.5 58.5
31.5 59.5
31.5 60.5
31.5 61.5
32.5 10.5
32.5 11.5
32.5 12.5
32.5 13.5
32.5 24.5
32.5 25.5
32.5 26.5
32.5 27.5
32.5 39.5
32.5 40.5
32.5 41.5
32.5 42.5
32.5 43.5
32.5 44.5
32.5 59.5
32.5 60.5
32.5 61.5
32.5 62.5
33.5 9.5
33.5 10.5
33.5 11.5
33.5 12.5
33.5 23.5
33.5 24.5
33.5 25.5
33.5 26.5
33.5 38.5
33.5 39.5
33.5 40.5
33.5 41.5
33.5 42.5
33.5 60.5
33.5 61.5
33.5 62.5
33.5 63.5
34.5 8.5
34.5 9.5
34.5 10.5
34.5 19.5
34.5 20.5
34.5 22.5
34.5 23.5
34.5 24.5
34.5 33.5
34.5 34.5
34.5 37.5
34.5 38.5
34.5 39.5
34.5 40.5
34.5 41.5
34.5 49.5
34.5 50.5
34.5 52.5
34.5 53.5
34.5 62.5
34.5 63.5
34.5 64.5
35.5 7.5
35.5 8.5
35.5 16.5
35.5 17.5
35.5 18.5
35.5 19.5
35.5 31.5
35.5 32.5
35.5 33.5
35.5 34.5
35.5 37.5
35.5 38.5
35.5 47.5
35.5 48.5
35.5 49.5
35.5 53.5
35.5 54.5
35.5 55.5
36.5 14.5
36.5 15.5
36.5 16.5
36.5 17.5
36.5 18.5
36.5 30.5
36.5 31.5
36.5 32.5
36.5 33.5
36.5 46.5
36.5 47.5
36.5 48.5
36.5 54.5
36.5 55.5
36.5 56.5
36.5 57.5
37.5 13.5
37.5 14.5
37.5 15.5
37.5 16.5
37.5 17.5
37.5 28.5
37.5 29.5
37.5 30.5
37.5 31.5
37.5 32.5
37.5 45.5
37.5 46.5
37.5 47.5
37.5 55.5
37.5 56.5
37.5 57.5
37.5 58.5
38.5 12.5
38.5 13.5
38.5 14.5
38.5 28.5
38.5 29.5
38.5 30.5
38.5 44.5
38.5 45.5
38.5 46.5
38.5 56.5
38.5 57.5
38.5 58.5
38.5 59.5
39.5 43.5
39.5 44.5
39.5 59.5
42.5 12.5
42.5 13.5
42.5 14.5
42.5 28.5
42.5 29.5
42.5 43.5
42.5 58.5
42.5 59.5
43.5 12.5
43.5 13.5
43.5 14.5
43.5 15.5
43.5 16.5
43.5 29.5
43.5 30.5
43.5 31.5
43.5 43.5
43.5 44.5
43.5 45.5
43.5 56.5
43.5 57.5
43.5 58.5
44.5 13.5
44.5 14.5
44.5 15.5
44.5 16.5
44.5 17.5
44.5 30.5
44.5 31.5
44.5 32.5
44.5 33.5
44.5 44.5
44.5 45.5
44.5 46.5
44.5 55.5
44.5 56.5
44.5 57.5
45.5 14.5
45.5 15.5
45.5 16.5
45.5 17.5
45.5 18.5
45.5 31.5
45.5 32.5
45.5 33.5
45.5 34.5
45.5 45.5
45.5 46.5
45.5 47.5
45.5 48.5
45.5 54.5
45.5 55.5
45.5 56.5
46.5 6.5
46.5 7.5
46.5 16.5
46.5 17.5
46.5 18.5
46.5 19.5
46.5 22.5
46.5 23.5
46.5 24.5
46.5 33.5
46.5 34.5
46.5 35.5
46.5 37.5
46.5 38.5
46.5 46.5
46.5 47.5
46.5 48.5
46.5 53.5
46.5 54.5
46.5 55.5
47.5 6.5
47.5 7.5
47.5 8.5
47.5 9.5
47.5 18.5
47.5 19.5
47.5 22.5
47.5 23.5
47.5 24.5
47.5 25.5
47.5 26.5
47.5 38.5
47.5 39.5
47.5 40.5
47.5 48.5
47.5 49.5
47.5 52.5
47.5 53.5
47.5 63.5
47.5 64.5
47.5 65.5
48.5 7.5
48.5 8.5
48.5 9.5
48.5 10.5
48.5 23.5
48.5 24.5
48.5 25.5
48.5 26.5
48.5 27.5
48.5 39.5
48.5 40.5
48.5 41.5
48.5 61.5
48.5 62.5
48.5 63.5
48.5 64.5
48.5 65.5
49.5 8.5
49.5 9.5
49.5 10.5
49.5 11.5
49.5 24.5
49.5 25.5
49.5 26.5
49.5 27.5
49.5 28.5
49.5 40.5
49.5 41.5
49.5 42.5
49.5 43.5
49.5 59.5
49.5 60.5
49.5 61.5
49.5 62.5
49.5 63.5
49.5 64.5
50.5 10.5
50.5 11.5
50.5 12.5
50.5 26.5
50.5 27.5
50.5 28.5
50.5 29.5
50.5 41.5
50.5 42.5
50.5 43.5
50.5 44.5
50.5 58.5
50.5 59.5
50.5 60.5
50.5 61.5
50.5 62.5
51.5 11.5
51.5 12.5
51.5 13.5
51.5 43.5
51.5 44.5
51.5 57.5
51.5 58.5
51.5 59.5
51.5 60.5
54.5 43.5
54.5 44.5
55.5 11.5
55.5 12.5
55.5 13.5
55.5 26.5
55.5 27.5
55.5 28.5
55.5 29.5
55.5 30.5
55.5 40.5
55.5 41.5
55.5 42.5
55.5 43.5
56.5 9.5
56.5 10.5
56.5 11.5
56.5 12.5
56.5 28.5
56.5 29.5
56.5 30.5
56.5 31.5
56.5 32.5
56.5 38.5
56.5 39.5
56.5 40.5
56.5 41.5
56.5 42.5
56.5 57.5
56.5 58.5
56.5 59.5
56.5 60.5
56.5 61.5
57.5 8.5
57.5 9.5
57.5 10.5
57.5 11.5
57.5 29.5
57.5 30.5
57.5 31.5
57.5 32.5
57.5 33.5
57.5 37.5
57.5 38.5
57.5 39.5
57.5 40.5
57.5 55.5
57.5 56.5
57.5 57.5
57.5 58.5
57.5 59.5
57.5 60.5
58.5 7.5
58.5 8.5
58.5 9.5
58.5 10.5
58.5 32.5
58.5 33.5
58.5 34.5
58.5 37.5
58.5 38.5
58.5 53.5
58.5 54.5
58.5 55.5
58.5 56.5
58.5 57.5
58.5 58.5
59.5 6.5
59.5 7.5
59.5 8.5
59.5 9.5
59.5 17.5
59.5 18.5
59.5 21.5
59.5 22.5
59.5 23.5
59.5 24.5
59.5 46.5
59.5 47.5
59.5 48.5
59.5 49.5
59.5 52.5
59.5 53.5
59.5 54.5
59.5 55.5
60.5 6.5
60.5 7.5
60.5 15.5
60.5 16.5
60.5 17.5
60.5 22.5
60.5 23.5
60.5 24.5
60.5 25.5
60.5 26.5
60.5 44.5
60.5 45.5
60.5 46.5
60.5 47.5
60.5 48.5
60.5 63.5
60.5 64.5
60.5 65.5
60.5 66.5
61.5 14.5
61.5 15.5
61.5 16.5
61.5 24.5
61.5 25.5
61.5 26.5
61.5 27.5
61.5 28.5
61.5 43.5
61.5 44.5
61.5 45.5
61.5 46.5
61.5 47.5
61.5 61.5
61.5 62.5
61.5 63.5
61.5 64.5
62.5 13.5
62.5 14.5
62.5 15.5
62.5 27.5
62.5 28.5
62.5 29.5
62.5 42.5
62.5 43.5
62.5 44.5
62.5 45.5
62.5 59.5
62.5 60.5
62.5 61.5
62.5 62.5
62.5 63.5
63.5 12.5
63.5 13.5
63.5 14.5
63.5 58.5
63.5 59.5
63.5 60.5
63.5 61.5
