5.5 42.5
5.5 59.5
6.5 28.5
6.5 43.5
6.5 44.5
6.5 58.5
7.5 13.5
7.5 14.5
7.5 29.5
7.5 44.5
7.5 45.5
7.5 57.5
7.5 58.5
8.5 14.5
8.5 15.5
8.5 29.5
8.5 30.5
8.5 45.5
8.5 46.5
8.5 56.5
8.5 57.5
9.5 15.5
9.5 16.5
9.5 30.5
9.5 46.5
9.5 47.5
9.5 55.5
9.5 56.5
10.5 16.5
10.5 17.5
10.5 31.5
10.5 36.5
10.5 47.5
10.5 48.5
10.5 54.5
10.5 55.5
11.5 17.5
11.5 18.5
11.5 22.5
11.5 32.5
11.5 37.5
11.5 48.5
11.5 49.5
11.5 54.5
12.5 8.5
12.5 9.5
12.5 18.5
12.5 23.5
12.5 33.5
12.5 38.5
12.5 53.5
12.5 64.5
13.5 9.5
13.5 10.5
13.5 24.5
13.5 39.5
13.5 40.5
13.5 63.5
14.5 10.5
14.5 25.5
14.5 40.5
14.5 41.5
14.5 62.5
15.5 11.5
15.5 26.5
15.5 41.5
15.5 42.5
15.5 61.5
16.5 12.5
16.5 27.5
16.5 43.5
16.5 60.5
17.5 13.5
17.5 28.5
17.5 44.5
17.5 59.5
18.5 14.5
18.5 58.5
21.5 12.5
21.5 28.5
21.5 42.5
21.5 57.5
22.5 13.5
22.5 27.5
22.5 43.5
22.5 44.5
22.5 59.5
23.5 14.5
23.5 26.5
23.5 44.5
23.5 45.5
23.5 60.5
24.5 15.5
24.5 25.5
24.5 45.5
24.5 46.5
24.5 62.5
25.5 15.5
25.5 16.5
25.5 24.5
25.5 46.5
25.5 47.5
25.5 63.5
26.5 7.5
26.5 16.5
26.5 17.5
26.5 23.5
26.5 35.5
26.5 38.5
26.5 47.5
26.5 52.5
26.5 53.5
26.5 65.5
27.5 8.5
27.5 17.5
27.5 22.5
27.5 34.5
27.5 39.5
27.5 48.5
27.5 54.5
27.5 55.5
28.5 8.5
28.5 9.5
28.5 21.5
28.5 32.5
28.5 33.5
28.5 39.5
28.5 55.5
28.5 56.5
28.5 57.5
29.5 9.5
29.5 10.5
29.5 31.5
29.5 32.5
29.5 40.5
29.5 57.5
29.5 58.5
30.5 10.5
30.5 11.5
30.5 30.5
30.5 31.5
30.5 41.5
30.5 59.5
30.5 60.5
31.5 11.5
31.5 12.5
31.5 29.5
31.5 30.5
31.5 41.5
31.5 42.5
32.5 12.5
32.5 28.5
32.5 42.5
33.5 27.5
33.5 43.5
35.5 57.5
35.5 58.5
36.5 13.5
36.5 43.5
36.5 58.5
36.5 59.5
37.5 12.5
37.5 30.5
37.5 44.5
37.5 59.5
37.5 60.5
38.5 11.5
38.5 28.5
38.5 29.5
38.5 44.5
38.5 60.5
38.5 61.5
39.5 10.5
39.5 27.5
39.5 28.5
39.5 45.5
39.5 61.5
39.5 62.5
40.5 9.5
40.5 26.5
40.5 27.5
40.5 46.5
40.5 62.5
40.5 63.5
41.5 8.5
41.5 25.5
41.5 26.5
41.5 46.5
41.5 52.5
41.5 63.5
41.5 64.5
42.5 7.5
42.5 18.5
42.5 19.5
42.5 24.5
42.5 34.5
42.5 38.5
42.5 47.5
42.5 53.5
43.5 6.5
43.5 17.5
43.5 18.5
43.5 23.5
43.5 33.5
43.5 39.5
43.5 48.5
43.5 54.5
44.5 16.5
44.5 17.5
44.5 32.5
44.5 40.5
44.5 55.5
45.5 15.5
45.5 31.5
45.5 41.5
45.5 56.5
46.5 14.5
46.5 30.5
46.5 31.5
46.5 42.5
46.5 57.5
47.5 13.5
47.5 43.5
47.5 58.5
48.5 12.5
48.5 44.5
48.5 59.5
51.5 28.5
51.5 43.5
51.5 59.5
52.5 12.5
52.5 29.5
52.5 42.5
52.5 58.5
53.5 13.5
53.5 30.5
53.5 42.5
53.5 57.5
54.5 14.5
54.5 15.5
54.5 30.5
54.5 41.5
54.5 56.5
55.5 15.5
55.5 16.5
55.5 31.5
55.5 40.5
55.5 55.5
55.5 56.5
56.5 6.5
56.5 16.5
56.5 17.5
56.5 32.5
56.5 39.5
56.5 40.5
56.5 49.5
56.5 54.5
56.5 55.5
56.5 65.5
57.5 7.5
57.5 18.5
57.5 22.5
57.5 32.5
57.5 39.5
57.5 48.5
57.5 54.5
57.5 64.5
58.5 8.5
58.5 19.5
58.5 23.5
58.5 24.5
58.5 33.5
58.5 38.5
58.5 47.5
58.5 48.5
58.5 53.5
58.5 63.5
59.5 9.5
59.5 24.5
59.5 25.5
59.5 34.5
59.5 47.5
59.5 52.5
59.5 62.5
60.5 9.5
60.5 10.5
60.5 25.5
60.5 26.5
60.5 46.5
60.5 61.5
60.5 62.5
61.5 10.5
61.5 11.5
61.5 26.5
61.5 27.5
61.5 45.5
61.5 60.5
61.5 61.5
62.5 11.5
62.5 28.5
62.5 44.5
62.5 45.5
62.5 59.5
62.5 60.5
63.5 12.5
63.5 29.5
63.5 44.5
63.5 59.5
64.5 13.5
64.5 30.5
64.5 43.5
64.5 58.5
