6.5 14.5
6.5 15.5
6.5 16.5
6.5 34.5
6.5 35.5
6.5 36.5
6.5 37.5
6.5 55.5
6.5 56.5
7.5 16.5
7.5 17.5
7.5 18.5
7.5 30.5
7.5 31.5
7.5 32.5
7.5 33.5
7.5 34.5
7.5 57.5
7.5 58.5
7.5 59.5
7.5 60.5
8.5 18.5
8.5 19.5
8.5 20.5
8.5 21.5
8.5 28.5
8.5 29.5
8.5 30.5
8.5 31.5
8.5 60.5
8.5 61.5
8.5 62.5
9.5 6.5
9.5 21.5
9.5 22.5
9.5 26.5
9.5 27.5
9.5 44.5
9.5 47.5
9.5 48.5
9.5 63.5
9.5 64.5
9.5 65.5
10.5 7.5
10.5 8.5
10.5 9.5
10.5 10.5
10.5 40.5
10.5 41.5
10.5 42.5
10.5 43.5
10.5 49.5
10.5 50.5
10.5 51.5
10.5 52.5
11.5 9.5
11.5 10.5
11.5 11.5
11.5 12.5
11.5 13.5
11.5 14.5
11.5 37.5
11.5 38.5
11.5 39.5
11.5 40.5
11.5 41.5
11.5 51.5
11.5 52.5
11.5 53.5
11.5 54.5
12.5 13.5
12.5 14.5
12.5 15.5
12.5 16.5
12.5 35.5
12.5 36.5
12.5 37.5
12.5 38.5
12.5 54.5
12.5 55.5
12.5 56.5
12.5 57.5
13.5 34.5
13.5 58.5
17.5 13.5
17.5 14.5
17.5 15.5
17.5 16.5
17.5 36.5
17.5 37.5
17.5 38.5
17.5 55.5
17.5 56.5
17.5 57.5
17.5 58.5
17.5 59.5
18.5 9.5
18.5 10.5
18.5 11.5
18.5 12.5
18.5 13.5
18.5 14.5
18.5 32.5
18.5 33.5
18.5 34.5
18.5 35.5
18.5 36.5
18.5 59.5
18.5 60.5
18.5 61.5
18.5 62.5
18.5 63.5
19.5 6.5
19.5 7.5
19.5 8.5
19.5 9.5
19.5 10.5
19.5 29.5
19.5 30.5
19.5 31.5
19.5 32.5
19.5 33.5
20.5 24.5
20.5 27.5
20.5 28.5
20.5 29.5
20.5 44.5
20.5 45.5
20.5 49.5
20.5 50.5
20.5 51.5
20.5 52.5
21.5 20.5
21.5 21.5
21.5 22.5
21.5 23.5
21.5 40.5
21.5 41.5
21.5 42.5
21.5 43.5
21.5 52.5
21.5 53.5
21.5 54.5
21.5 55.5
22.5 16.5
22.5 17.5
22.5 18.5
22.5 19.5
22.5 20.5
22.5 37.5
22.5 38.5
22.5 39.5
22.5 40.5
22.5 56.5
22.5 57.5
22.5 58.5
23.5 14.5
23.5 15.5
23.5 16.5
23.5 17.5
23.5 35.5
23.5 36.5
23.5 37.5
26.5 55.5
26.5 56.5
26.5 57.5
27.5 14.5
27.5 15.5
27.5 16.5
27.5 35.5
27.5 57.5
27.5 58.5
27.5 59.5
27.5 60.5
28.5 17.5
28.5 18.5
28.5 19.5
28.5 20.5
28.5 21.5
28.5 36.5
28.5 37.5
28.5 38.5
28.5 39.5
28.5 40.5
28.5 59.5
28.5 60.5
28.5 61.5
28.5 62.5
29.5 22.5
29.5 23.5
29.5 24.5
29.5 38.5
29.5 39.5
29.5 40.5
29.5 41.5
29.5 42.5
29.5 43.5
29.5 62.5
29.5 63.5
29.5 64.5
30.5 8.5
30.5 9.5
30.5 10.5
30.5 11.5
30.5 12.5
30.5 28.5
30.5 29.5
30.5 43.5
30.5 44.5
30.5 45.5
31.5 12.5
31.5 13.5
31.5 14.5
31.5 15.5
31.5 16.5
31.5 30.5
31.5 31.5
31.5 32.5
31.5 49.5
31.5 50.5
31.5 51.5
31.5 52.5
32.5 33.5
32.5 34.5
32.5 51.5
32.5 52.5
32.5 53.5
32.5 54.5
32.5 55.5
33.5 36.5
33.5 37.5
33.5 54.5
33.5 55.5
33.5 56.5
33.5 57.5
33.5 58.5
35.5 13.5
36.5 14.5
36.5 15.5
36.5 16.5
36.5 17.5
37.5 16.5
37.5 17.5
37.5 18.5
37.5 19.5
37.5 20.5
37.5 34.5
37.5 35.5
37.5 36.5
37.5 37.5
38.5 6.5
38.5 19.5
38.5 20.5
38.5 21.5
38.5 22.5
38.5 30.5
38.5 31.5
38.5 32.5
38.5 33.5
38.5 34.5
38.5 35.5
38.5 56.5
38.5 57.5
38.5 58.5
38.5 59.5
38.5 60.5
39.5 8.5
39.5 9.5
39.5 22.5
39.5 23.5
39.5 24.5
39.5 27.5
39.5 28.5
39.5 29.5
39.5 30.5
39.5 31.5
39.5 61.5
39.5 62.5
39.5 63.5
39.5 64.5
40.5 10.5
40.5 11.5
40.5 12.5
41.5 12.5
41.5 13.5
41.5 14.5
41.5 41.5
41.5 42.5
41.5 43.5
41.5 44.5
41.5 48.5
41.5 49.5
41.5 50.5
41.5 51.5
41.5 52.5
42.5 14.5
42.5 15.5
42.5 16.5
42.5 37.5
42.5 38.5
42.5 39.5
42.5 40.5
42.5 41.5
42.5 52.5
42.5 53.5
42.5 54.5
42.5 55.5
42.5 56.5
42.5 57.5
43.5 34.5
43.5 35.5
43.5 36.5
43.5 37.5
46.5 16.5
47.5 11.5
47.5 12.5
47.5 13.5
47.5 14.5
47.5 15.5
47.5 33.5
47.5 34.5
47.5 35.5
47.5 54.5
47.5 55.5
47.5 56.5
48.5 8.5
48.5 9.5
48.5 10.5
48.5 11.5
48.5 12.5
48.5 13.5
48.5 35.5
48.5 36.5
48.5 37.5
48.5 38.5
48.5 39.5
48.5 56.5
48.5 57.5
48.5 58.5
48.5 59.5
49.5 6.5
49.5 7.5
49.5 8.5
49.5 9.5
49.5 38.5
49.5 39.5
49.5 40.5
49.5 41.5
49.5 42.5
49.5 58.5
49.5 59.5
49.5 60.5
49.5 61.5
49.5 62.5
50.5 26.5
50.5 27.5
50.5 43.5
50.5 61.5
50.5 62.5
50.5 63.5
50.5 64.5
51.5 19.5
51.5 20.5
51.5 21.5
51.5 22.5
51.5 28.5
51.5 29.5
51.5 30.5
51.5 31.5
51.5 47.5
51.5 48.5
51.5 49.5
52.5 16.5
52.5 17.5
52.5 18.5
52.5 19.5
52.5 20.5
52.5 30.5
52.5 31.5
52.5 32.5
52.5 33.5
52.5 34.5
52.5 50.5
52.5 51.5
52.5 52.5
53.5 13.5
53.5 14.5
53.5 15.5
53.5 16.5
53.5 34.5
53.5 35.5
53.5 36.5
53.5 52.5
53.5 53.5
53.5 54.5
54.5 55.5
54.5 56.5
57.5 16.5
57.5 17.5
57.5 33.5
57.5 34.5
57.5 35.5
58.5 11.5
58.5 12.5
58.5 13.5
58.5 14.5
58.5 15.5
58.5 36.5
58.5 37.5
58.5 38.5
58.5 39.5
58.5 52.5
58.5 53.5
58.5 54.5
58.5 55.5
58.5 56.5
58.5 57.5
59.5 8.5
59.5 9.5
59.5 10.5
59.5 11.5
59.5 12.5
59.5 40.5
59.5 41.5
59.5 42.5
59.5 46.5
59.5 47.5
59.5 48.5
59.5 49.5
59.5 50.5
59.5 51.5
59.5 52.5
59.5 53.5
60.5 6.5
60.5 7.5
60.5 24.5
60.5 27.5
60.5 28.5
61.5 19.5
61.5 20.5
61.5 21.5
61.5 22.5
61.5 29.5
61.5 30.5
61.5 31.5
61.5 32.5
61.5 62.5
61.5 63.5
61.5 64.5
62.5 16.5
62.5 17.5
62.5 18.5
62.5 19.5
62.5 32.5
62.5 33.5
62.5 34.5
62.5 35.5
62.5 56.5
62.5 57.5
62.5 58.5
62.5 59.5
62.5 60.5
63.5 13.5
63.5 14.5
63.5 15.5
63.5 53.5
