4.5 11.5
4.5 23.5
4.5 35.5
4.5 46.5
4.5 63.5
5.5 10.5
5.5 11.5
5.5 22.5
5.5 34.5
5.5 35.5
5.5 62.5
6.5 10.5
6.5 22.5
6.5 27.5
6.5 34.5
6.5 35.5
6.5 47.5
6.5 60.5
6.5 61.5
7.5 9.5
7.5 10.5
7.5 18.5
7.5 22.5
7.5 27.5
7.5 34.5
7.5 48.5
7.5 59.5
7.5 60.5
8.5 9.5
8.5 17.5
8.5 21.5
8.5 27.5
8.5 33.5
8.5 34.5
8.5 48.5
8.5 58.5
8.5 59.5
9.5 8.5
9.5 9.5
9.5 17.5
9.5 21.5
9.5 26.5
9.5 33.5
9.5 34.5
9.5 49.5
9.5 57.5
9.5 58.5
10.5 8.5
10.5 16.5
10.5 21.5
10.5 26.5
10.5 32.5
10.5 33.5
10.5 42.5
10.5 49.5
10.5 56.5
10.5 57.5
10.5 66.5
11.5 7.5
11.5 8.5
11.5 15.5
11.5 16.5
11.5 26.5
11.5 32.5
11.5 33.5
11.5 41.5
11.5 43.5
11.5 50.5
11.5 55.5
11.5 56.5
11.5 65.5
12.5 7.5
12.5 15.5
12.5 20.5
12.5 26.5
12.5 32.5
12.5 40.5
12.5 44.5
12.5 50.5
12.5 54.5
12.5 55.5
12.5 64.5
13.5 6.5
13.5 7.5
13.5 14.5
13.5 15.5
13.5 20.5
13.5 26.5
13.5 31.5
13.5 32.5
13.5 39.5
13.5 44.5
13.5 45.5
13.5 51.5
13.5 53.5
13.5 54.5
13.5 63.5
14.5 6.5
14.5 14.5
14.5 25.5
14.5 31.5
14.5 32.5
14.5 38.5
14.5 39.5
14.5 45.5
14.5 52.5
14.5 62.5
14.5 63.5
15.5 13.5
15.5 14.5
15.5 25.5
15.5 31.5
15.5 37.5
15.5 38.5
15.5 45.5
15.5 46.5
15.5 52.5
15.5 61.5
15.5 62.5
16.5 13.5
16.5 25.5
16.5 37.5
16.5 46.5
16.5 47.5
16.5 60.5
16.5 61.5
17.5 12.5
17.5 13.5
17.5 25.5
17.5 36.5
17.5 47.5
17.5 59.5
17.5 60.5
18.5 11.5
18.5 12.5
18.5 25.5
18.5 35.5
18.5 37.5
18.5 48.5
18.5 58.5
18.5 59.5
18.5 62.5
19.5 11.5
19.5 24.5
19.5 34.5
19.5 36.5
19.5 46.5
19.5 48.5
19.5 58.5
19.5 61.5
20.5 11.5
20.5 12.5
20.5 24.5
20.5 25.5
20.5 34.5
20.5 36.5
20.5 46.5
20.5 47.5
20.5 49.5
20.5 60.5
20.5 61.5
21.5 12.5
21.5 13.5
21.5 24.5
21.5 35.5
21.5 36.5
21.5 47.5
21.5 59.5
21.5 60.5
22.5 13.5
22.5 23.5
22.5 24.5
22.5 35.5
22.5 47.5
22.5 48.5
22.5 59.5
23.5 13.5
23.5 14.5
23.5 23.5
23.5 35.5
23.5 41.5
23.5 48.5
23.5 58.5
24.5 6.5
24.5 13.5
24.5 14.5
24.5 22.5
24.5 34.5
24.5 41.5
24.5 42.5
24.5 48.5
24.5 49.5
24.5 57.5
24.5 58.5
24.5 66.5
25.5 7.5
25.5 14.5
25.5 21.5
25.5 30.5
25.5 34.5
25.5 40.5
25.5 43.5
25.5 49.5
25.5 56.5
25.5 57.5
25.5 65.5
25.5 66.5
26.5 7.5
26.5 14.5
26.5 15.5
26.5 21.5
26.5 29.5
26.5 33.5
26.5 34.5
26.5 40.5
26.5 43.5
26.5 50.5
26.5 55.5
26.5 56.5
26.5 64.5
26.5 65.5
27.5 8.5
27.5 15.5
27.5 20.5
27.5 28.5
27.5 33.5
27.5 39.5
27.5 44.5
27.5 50.5
27.5 55.5
27.5 64.5
28.5 8.5
28.5 15.5
28.5 16.5
28.5 19.5
28.5 27.5
28.5 28.5
28.5 33.5
28.5 39.5
28.5 44.5
28.5 51.5
28.5 54.5
28.5 63.5
28.5 64.5
29.5 9.5
29.5 16.5
29.5 19.5
29.5 26.5
29.5 27.5
29.5 32.5
29.5 38.5
29.5 39.5
29.5 45.5
29.5 51.5
29.5 53.5
29.5 62.5
29.5 63.5
30.5 9.5
30.5 10.5
30.5 18.5
30.5 25.5
30.5 26.5
30.5 32.5
30.5 38.5
30.5 45.5
30.5 46.5
30.5 52.5
30.5 53.5
30.5 61.5
30.5 62.5
31.5 10.5
31.5 17.5
31.5 25.5
31.5 37.5
31.5 38.5
31.5 46.5
31.5 61.5
32.5 10.5
32.5 11.5
32.5 24.5
32.5 25.5
32.5 31.5
32.5 37.5
32.5 47.5
32.5 60.5
32.5 61.5
33.5 11.5
33.5 23.5
33.5 24.5
33.5 37.5
33.5 47.5
33.5 59.5
33.5 60.5
34.5 9.5
34.5 11.5
34.5 22.5
34.5 23.5
34.5 36.5
34.5 48.5
34.5 58.5
34.5 59.5
34.5 62.5
35.5 10.5
35.5 12.5
35.5 22.5
35.5 27.5
35.5 36.5
35.5 48.5
35.5 58.5
35.5 61.5
36.5 10.5
36.5 11.5
36.5 21.5
36.5 25.5
36.5 26.5
36.5 36.5
36.5 47.5
36.5 57.5
36.5 60.5
36.5 61.5
37.5 11.5
37.5 24.5
37.5 25.5
37.5 35.5
37.5 37.5
37.5 47.5
37.5 60.5
38.5 5.5
38.5 12.5
38.5 23.5
38.5 24.5
38.5 37.5
38.5 46.5
38.5 59.5
38.5 60.5
39.5 6.5
39.5 12.5
39.5 13.5
39.5 22.5
39.5 23.5
39.5 31.5
39.5 38.5
39.5 46.5
39.5 52.5
39.5 58.5
39.5 59.5
40.5 6.5
40.5 13.5
40.5 20.5
40.5 21.5
40.5 22.5
40.5 32.5
40.5 38.5
40.5 45.5
40.5 57.5
40.5 58.5
41.5 7.5
41.5 14.5
41.5 19.5
41.5 20.5
41.5 30.5
41.5 31.5
41.5 32.5
41.5 38.5
41.5 39.5
41.5 45.5
41.5 51.5
41.5 57.5
41.5 66.5
42.5 7.5
42.5 8.5
42.5 15.5
42.5 18.5
42.5 19.5
42.5 29.5
42.5 30.5
42.5 33.5
42.5 39.5
42.5 44.5
42.5 51.5
42.5 56.5
42.5 57.5
42.5 65.5
43.5 8.5
43.5 15.5
43.5 17.5
43.5 18.5
43.5 28.5
43.5 29.5
43.5 33.5
43.5 39.5
43.5 44.5
43.5 50.5
43.5 55.5
43.5 56.5
43.5 64.5
43.5 65.5
44.5 8.5
44.5 9.5
44.5 16.5
44.5 26.5
44.5 27.5
44.5 34.5
44.5 40.5
44.5 43.5
44.5 50.5
44.5 55.5
44.5 63.5
44.5 64.5
44.5 68.5
45.5 9.5
45.5 17.5
45.5 25.5
45.5 26.5
45.5 34.5
45.5 40.5
45.5 43.5
45.5 49.5
45.5 54.5
45.5 62.5
45.5 63.5
46.5 10.5
46.5 24.5
46.5 25.5
46.5 35.5
46.5 41.5
46.5 49.5
46.5 53.5
46.5 62.5
47.5 10.5
47.5 11.5
47.5 23.5
47.5 24.5
47.5 35.5
47.5 36.5
47.5 41.5
47.5 42.5
47.5 48.5
47.5 49.5
47.5 61.5
48.5 11.5
48.5 13.5
48.5 21.5
48.5 22.5
48.5 23.5
48.5 36.5
48.5 48.5
48.5 60.5
49.5 12.5
49.5 21.5
49.5 22.5
49.5 37.5
49.5 47.5
49.5 48.5
49.5 59.5
49.5 60.5
50.5 12.5
50.5 22.5
50.5 23.5
50.5 35.5
50.5 37.5
50.5 47.5
50.5 58.5
50.5 59.5
51.5 11.5
51.5 23.5
51.5 24.5
51.5 38.5
51.5 49.5
51.5 58.5
52.5 10.5
52.5 24.5
52.5 36.5
52.5 46.5
52.5 48.5
52.5 59.5
53.5 9.5
53.5 18.5
53.5 24.5
53.5 25.5
53.5 31.5
53.5 37.5
53.5 47.5
53.5 60.5
53.5 61.5
54.5 8.5
54.5 9.5
54.5 17.5
54.5 19.5
54.5 25.5
54.5 26.5
54.5 32.5
54.5 37.5
54.5 46.5
54.5 61.5
54.5 62.5
55.5 8.5
55.5 16.5
55.5 19.5
55.5 26.5
55.5 32.5
55.5 38.5
55.5 44.5
55.5 45.5
55.5 53.5
55.5 54.5
55.5 62.5
55.5 63.5
56.5 7.5
56.5 15.5
56.5 16.5
56.5 20.5
56.5 26.5
56.5 27.5
56.5 32.5
56.5 39.5
56.5 43.5
56.5 44.5
56.5 52.5
56.5 53.5
56.5 54.5
56.5 64.5
56.5 65.5
57.5 6.5
57.5 14.5
57.5 15.5
57.5 20.5
57.5 27.5
57.5 28.5
57.5 32.5
57.5 33.5
57.5 39.5
57.5 42.5
57.5 43.5
57.5 51.5
57.5 52.5
57.5 55.5
57.5 56.5
57.5 65.5
57.5 66.5
58.5 5.5
58.5 14.5
58.5 21.5
58.5 28.5
58.5 33.5
58.5 40.5
58.5 41.5
58.5 50.5
58.5 51.5
58.5 56.5
58.5 57.5
59.5 5.5
59.5 13.5
59.5 14.5
59.5 21.5
59.5 29.5
59.5 33.5
59.5 40.5
59.5 49.5
59.5 50.5
59.5 57.5
59.5 58.5
59.5 68.5
60.5 12.5
60.5 13.5
60.5 22.5
60.5 33.5
60.5 34.5
60.5 48.5
60.5 49.5
60.5 58.5
60.5 59.5
61.5 11.5
61.5 12.5
61.5 22.5
61.5 34.5
61.5 47.5
61.5 48.5
61.5 59.5
61.5 60.5
62.5 11.5
62.5 12.5
62.5 23.5
62.5 34.5
62.5 46.5
62.5 47.5
62.5 60.5
62.5 61.5
63.5 10.5
63.5 11.5
63.5 23.5
63.5 35.5
63.5 45.5
63.5 61.5
63.5 62.5
64.5 10.5
64.5 24.5
64.5 35.5
64.5 44.5
