6.5 34.5
7.5 10.5
7.5 34.5
7.5 48.5
8.5 10.5
8.5 24.5
8.5 33.5
8.5 34.5
8.5 49.5
8.5 62.5
9.5 9.5
9.5 24.5
9.5 25.5
9.5 33.5
9.5 34.5
9.5 49.5
9.5 62.5
10.5 9.5
10.5 25.5
10.5 33.5
10.5 49.5
10.5 50.5
10.5 62.5
11.5 8.5
11.5 9.5
11.5 25.5
11.5 33.5
11.5 50.5
11.5 63.5
12.5 8.5
12.5 26.5
12.5 32.5
12.5 33.5
12.5 50.5
12.5 51.5
12.5 63.5
13.5 8.5
13.5 26.5
13.5 32.5
13.5 39.5
13.5 44.5
13.5 51.5
13.5 63.5
14.5 7.5
14.5 14.5
14.5 19.5
14.5 32.5
14.5 39.5
14.5 44.5
14.5 51.5
14.5 57.5
14.5 64.5
15.5 7.5
15.5 13.5
15.5 19.5
15.5 20.5
15.5 38.5
15.5 45.5
15.5 57.5
15.5 64.5
16.5 13.5
16.5 20.5
16.5 38.5
16.5 45.5
16.5 57.5
16.5 58.5
17.5 12.5
17.5 13.5
17.5 20.5
17.5 21.5
17.5 37.5
17.5 38.5
17.5 45.5
17.5 46.5
17.5 58.5
18.5 12.5
18.5 21.5
18.5 37.5
18.5 38.5
18.5 46.5
18.5 58.5
18.5 59.5
19.5 11.5
19.5 12.5
19.5 21.5
19.5 22.5
19.5 37.5
19.5 46.5
19.5 59.5
20.5 11.5
20.5 22.5
20.5 37.5
20.5 47.5
20.5 59.5
21.5 11.5
21.5 22.5
21.5 47.5
22.5 10.5
27.5 23.5
27.5 37.5
27.5 47.5
27.5 60.5
28.5 9.5
28.5 24.5
28.5 37.5
28.5 47.5
28.5 61.5
29.5 8.5
29.5 9.5
29.5 24.5
29.5 37.5
29.5 38.5
29.5 46.5
29.5 61.5
30.5 8.5
30.5 24.5
30.5 25.5
30.5 38.5
30.5 46.5
30.5 61.5
30.5 62.5
31.5 8.5
31.5 24.5
31.5 25.5
31.5 38.5
31.5 39.5
31.5 46.5
31.5 62.5
32.5 7.5
32.5 25.5
32.5 26.5
32.5 39.5
32.5 45.5
32.5 46.5
32.5 62.5
33.5 7.5
33.5 25.5
33.5 26.5
33.5 39.5
33.5 45.5
33.5 63.5
34.5 6.5
34.5 7.5
34.5 26.5
34.5 33.5
34.5 45.5
34.5 56.5
34.5 63.5
35.5 6.5
35.5 13.5
35.5 19.5
35.5 26.5
35.5 33.5
35.5 40.5
35.5 50.5
35.5 56.5
36.5 13.5
36.5 19.5
36.5 33.5
36.5 50.5
36.5 56.5
36.5 57.5
37.5 12.5
37.5 13.5
37.5 20.5
37.5 33.5
37.5 34.5
37.5 50.5
37.5 57.5
38.5 12.5
38.5 20.5
38.5 34.5
38.5 49.5
38.5 50.5
38.5 57.5
38.5 58.5
39.5 12.5
39.5 20.5
39.5 21.5
39.5 34.5
39.5 35.5
39.5 49.5
39.5 57.5
39.5 58.5
40.5 11.5
40.5 12.5
40.5 21.5
40.5 34.5
40.5 35.5
40.5 49.5
40.5 58.5
41.5 11.5
41.5 21.5
41.5 22.5
41.5 35.5
41.5 49.5
41.5 58.5
42.5 11.5
42.5 22.5
42.5 35.5
42.5 59.5
43.5 22.5
48.5 10.5
48.5 36.5
48.5 47.5
48.5 60.5
49.5 10.5
49.5 37.5
49.5 46.5
49.5 60.5
50.5 9.5
50.5 10.5
50.5 22.5
50.5 37.5
50.5 46.5
50.5 61.5
51.5 9.5
51.5 21.5
51.5 22.5
51.5 37.5
51.5 38.5
51.5 45.5
51.5 46.5
51.5 61.5
52.5 8.5
52.5 9.5
52.5 21.5
52.5 38.5
52.5 45.5
52.5 61.5
52.5 62.5
53.5 8.5
53.5 9.5
53.5 21.5
53.5 38.5
53.5 45.5
53.5 62.5
54.5 8.5
54.5 20.5
54.5 32.5
54.5 39.5
54.5 44.5
54.5 62.5
54.5 63.5
55.5 8.5
55.5 15.5
55.5 20.5
55.5 27.5
55.5 32.5
55.5 50.5
55.5 56.5
55.5 63.5
56.5 14.5
56.5 26.5
56.5 33.5
56.5 50.5
56.5 56.5
57.5 14.5
57.5 26.5
57.5 33.5
57.5 49.5
57.5 50.5
57.5 57.5
58.5 13.5
58.5 14.5
58.5 25.5
58.5 26.5
58.5 33.5
58.5 34.5
58.5 49.5
58.5 50.5
58.5 57.5
59.5 13.5
59.5 25.5
59.5 34.5
59.5 49.5
59.5 58.5
60.5 13.5
60.5 25.5
60.5 34.5
60.5 48.5
60.5 49.5
60.5 58.5
61.5 12.5
61.5 24.5
61.5 25.5
61.5 48.5
61.5 59.5
62.5 12.5
62.5 24.5
62.5 35.5
62.5 48.5
62.5 59.5
