5.5 10.5
5.5 51.5
6.5 9.5
6.5 19.5
6.5 30.5
6.5 51.5
6.5 60.5
7.5 9.5
7.5 19.5
7.5 31.5
7.5 41.5
7.5 52.5
7.5 59.5
7.5 60.5
8.5 8.5
8.5 32.5
8.5 42.5
8.5 52.5
8.5 59.5
9.5 13.5
9.5 18.5
9.5 24.5
9.5 33.5
9.5 37.5
9.5 43.5
9.5 53.5
9.5 58.5
10.5 7.5
10.5 13.5
10.5 18.5
10.5 27.5
10.5 33.5
10.5 37.5
10.5 44.5
10.5 47.5
10.5 58.5
11.5 13.5
11.5 23.5
11.5 28.5
11.5 38.5
11.5 48.5
11.5 54.5
11.5 64.5
12.5 12.5
12.5 17.5
12.5 23.5
12.5 39.5
12.5 49.5
12.5 63.5
13.5 12.5
13.5 22.5
13.5 29.5
13.5 39.5
13.5 50.5
13.5 62.5
14.5 12.5
14.5 22.5
14.5 30.5
14.5 40.5
14.5 51.5
14.5 61.5
15.5 12.5
16.5 21.5
17.5 51.5
17.5 61.5
18.5 11.5
18.5 21.5
18.5 31.5
18.5 40.5
18.5 50.5
18.5 62.5
19.5 10.5
19.5 31.5
19.5 41.5
19.5 49.5
19.5 62.5
20.5 9.5
20.5 22.5
20.5 32.5
20.5 41.5
20.5 48.5
20.5 63.5
21.5 8.5
21.5 22.5
21.5 32.5
21.5 36.5
21.5 42.5
21.5 47.5
21.5 63.5
22.5 8.5
22.5 27.5
22.5 42.5
22.5 46.5
22.5 54.5
22.5 58.5
22.5 64.5
23.5 7.5
23.5 14.5
23.5 18.5
23.5 23.5
23.5 37.5
23.5 45.5
23.5 53.5
23.5 58.5
24.5 13.5
24.5 18.5
24.5 28.5
24.5 37.5
24.5 52.5
24.5 53.5
24.5 59.5
25.5 12.5
25.5 28.5
25.5 38.5
25.5 51.5
25.5 52.5
25.5 60.5
26.5 11.5
26.5 19.5
26.5 29.5
26.5 50.5
26.5 60.5
27.5 10.5
27.5 29.5
27.5 39.5
27.5 49.5
27.5 61.5
28.5 20.5
29.5 39.5
30.5 11.5
30.5 20.5
30.5 29.5
30.5 50.5
31.5 10.5
31.5 29.5
31.5 38.5
31.5 50.5
32.5 9.5
32.5 19.5
32.5 28.5
32.5 38.5
32.5 49.5
32.5 62.5
33.5 8.5
33.5 9.5
33.5 28.5
33.5 43.5
33.5 49.5
33.5 63.5
34.5 8.5
34.5 18.5
34.5 23.5
34.5 27.5
34.5 33.5
34.5 37.5
34.5 43.5
34.5 48.5
34.5 55.5
34.5 57.5
34.5 64.5
35.5 7.5
35.5 14.5
35.5 27.5
35.5 33.5
35.5 37.5
35.5 43.5
35.5 48.5
35.5 54.5
35.5 58.5
35.5 65.5
36.5 13.5
36.5 17.5
36.5 22.5
36.5 32.5
36.5 42.5
36.5 47.5
36.5 59.5
37.5 13.5
37.5 22.5
37.5 32.5
37.5 42.5
37.5 53.5
37.5 60.5
38.5 12.5
38.5 21.5
38.5 31.5
38.5 42.5
38.5 52.5
38.5 61.5
39.5 11.5
39.5 21.5
39.5 31.5
39.5 52.5
40.5 41.5
40.5 51.5
42.5 11.5
42.5 42.5
43.5 10.5
43.5 31.5
43.5 41.5
43.5 52.5
43.5 60.5
44.5 9.5
44.5 21.5
44.5 32.5
44.5 41.5
44.5 59.5
44.5 60.5
45.5 9.5
45.5 22.5
45.5 33.5
45.5 40.5
45.5 53.5
45.5 58.5
45.5 59.5
46.5 8.5
46.5 34.5
46.5 40.5
46.5 65.5
47.5 7.5
47.5 17.5
47.5 23.5
47.5 27.5
47.5 35.5
47.5 39.5
47.5 45.5
47.5 49.5
47.5 54.5
47.5 64.5
48.5 13.5
48.5 18.5
48.5 24.5
48.5 28.5
48.5 49.5
48.5 63.5
49.5 12.5
49.5 18.5
49.5 29.5
49.5 44.5
49.5 62.5
49.5 63.5
50.5 11.5
50.5 19.5
50.5 30.5
50.5 50.5
50.5 61.5
50.5 62.5
51.5 11.5
51.5 19.5
51.5 31.5
51.5 32.5
51.5 43.5
51.5 50.5
52.5 10.5
52.5 20.5
53.5 42.5
54.5 10.5
54.5 51.5
54.5 61.5
55.5 20.5
55.5 31.5
55.5 42.5
55.5 51.5
55.5 60.5
56.5 9.5
56.5 32.5
56.5 41.5
56.5 52.5
56.5 59.5
56.5 60.5
57.5 9.5
57.5 21.5
57.5 33.5
57.5 40.5
57.5 52.5
57.5 59.5
58.5 8.5
58.5 22.5
58.5 26.5
58.5 34.5
58.5 39.5
58.5 53.5
58.5 58.5
59.5 8.5
59.5 14.5
59.5 16.5
59.5 27.5
59.5 35.5
59.5 38.5
59.5 53.5
59.5 57.5
59.5 64.5
60.5 13.5
60.5 17.5
60.5 28.5
60.5 44.5
60.5 48.5
60.5 63.5
61.5 7.5
61.5 18.5
61.5 28.5
61.5 29.5
61.5 43.5
61.5 49.5
61.5 63.5
62.5 12.5
62.5 18.5
62.5 29.5
62.5 42.5
62.5 49.5
62.5 62.5
63.5 11.5
63.5 19.5
63.5 30.5
63.5 41.5
63.5 42.5
63.5 50.5
63.5 61.5
64.5 10.5
64.5 41.5
64.5 50.5
64.5 60.5
