4.5 8.5
5.5 9.5
5.5 22.5
5.5 35.5
5.5 49.5
6.5 10.5
6.5 11.5
6.5 23.5
6.5 36.5
6.5 47.5
6.5 48.5
6.5 61.5
7.5 11.5
7.5 12.5
7.5 24.5
7.5 37.5
7.5 46.5
7.5 47.5
7.5 59.5
7.5 60.5
8.5 5.5
8.5 12.5
8.5 13.5
8.5 17.5
8.5 24.5
8.5 25.5
8.5 38.5
8.5 45.5
8.5 46.5
8.5 58.5
9.5 6.5
9.5 14.5
9.5 18.5
9.5 25.5
9.5 26.5
9.5 39.5
9.5 44.5
9.5 45.5
9.5 53.5
9.5 56.5
9.5 57.5
10.5 7.5
10.5 15.5
10.5 18.5
10.5 26.5
10.5 40.5
10.5 43.5
10.5 44.5
10.5 52.5
10.5 55.5
10.5 56.5
10.5 65.5
10.5 66.5
11.5 7.5
11.5 19.5
11.5 27.5
11.5 29.5
11.5 30.5
11.5 41.5
11.5 42.5
11.5 51.5
11.5 54.5
11.5 64.5
11.5 65.5
12.5 8.5
12.5 20.5
12.5 28.5
12.5 31.5
12.5 32.5
12.5 33.5
12.5 50.5
12.5 63.5
12.5 64.5
13.5 9.5
13.5 20.5
13.5 33.5
13.5 34.5
13.5 35.5
13.5 36.5
13.5 49.5
13.5 62.5
13.5 63.5
14.5 10.5
14.5 21.5
14.5 37.5
14.5 38.5
14.5 48.5
14.5 61.5
14.5 62.5
15.5 11.5
15.5 22.5
15.5 60.5
16.5 22.5
16.5 59.5
17.5 10.5
17.5 22.5
17.5 48.5
18.5 11.5
18.5 21.5
18.5 37.5
18.5 49.5
18.5 63.5
19.5 12.5
19.5 20.5
19.5 35.5
19.5 36.5
19.5 50.5
19.5 60.5
19.5 61.5
20.5 6.5
20.5 13.5
20.5 18.5
20.5 19.5
20.5 33.5
20.5 34.5
20.5 44.5
20.5 51.5
20.5 58.5
20.5 59.5
20.5 60.5
21.5 7.5
21.5 17.5
21.5 18.5
21.5 32.5
21.5 33.5
21.5 42.5
21.5 45.5
21.5 52.5
21.5 56.5
21.5 57.5
22.5 7.5
22.5 8.5
22.5 14.5
22.5 16.5
22.5 28.5
22.5 30.5
22.5 31.5
22.5 41.5
22.5 45.5
22.5 52.5
22.5 55.5
22.5 66.5
23.5 8.5
23.5 15.5
23.5 26.5
23.5 27.5
23.5 29.5
23.5 40.5
23.5 46.5
23.5 53.5
23.5 65.5
24.5 9.5
24.5 24.5
24.5 25.5
24.5 28.5
24.5 39.5
24.5 47.5
24.5 63.5
25.5 10.5
25.5 22.5
25.5 23.5
25.5 37.5
25.5 38.5
25.5 47.5
25.5 61.5
25.5 62.5
26.5 11.5
26.5 20.5
26.5 21.5
26.5 36.5
26.5 37.5
26.5 48.5
26.5 60.5
27.5 9.5
27.5 11.5
27.5 35.5
27.5 36.5
27.5 49.5
27.5 58.5
28.5 10.5
28.5 24.5
28.5 34.5
28.5 47.5
29.5 10.5
29.5 23.5
29.5 48.5
29.5 60.5
30.5 11.5
30.5 22.5
30.5 23.5
30.5 34.5
30.5 35.5
30.5 49.5
30.5 59.5
30.5 60.5
31.5 12.5
31.5 21.5
31.5 22.5
31.5 36.5
31.5 50.5
31.5 58.5
31.5 59.5
32.5 12.5
32.5 13.5
32.5 20.5
32.5 21.5
32.5 37.5
32.5 51.5
32.5 57.5
33.5 6.5
33.5 13.5
33.5 20.5
33.5 38.5
33.5 39.5
33.5 43.5
33.5 52.5
33.5 56.5
33.5 65.5
34.5 7.5
34.5 14.5
34.5 19.5
34.5 28.5
34.5 31.5
34.5 39.5
34.5 40.5
34.5 44.5
34.5 53.5
34.5 55.5
34.5 64.5
35.5 7.5
35.5 8.5
35.5 15.5
35.5 18.5
35.5 27.5
35.5 28.5
35.5 32.5
35.5 41.5
35.5 45.5
35.5 46.5
35.5 54.5
35.5 63.5
36.5 8.5
36.5 9.5
36.5 15.5
36.5 17.5
36.5 26.5
36.5 33.5
36.5 42.5
36.5 46.5
36.5 47.5
36.5 62.5
37.5 9.5
37.5 10.5
37.5 16.5
37.5 25.5
37.5 34.5
37.5 47.5
37.5 48.5
37.5 61.5
38.5 10.5
38.5 24.5
38.5 35.5
38.5 49.5
38.5 60.5
39.5 11.5
39.5 23.5
39.5 36.5
39.5 50.5
39.5 59.5
40.5 12.5
40.5 22.5
40.5 37.5
40.5 47.5
40.5 61.5
41.5 12.5
41.5 26.5
41.5 38.5
41.5 48.5
41.5 60.5
42.5 11.5
42.5 25.5
42.5 37.5
42.5 48.5
42.5 49.5
42.5 60.5
43.5 10.5
43.5 24.5
43.5 36.5
43.5 49.5
43.5 59.5
44.5 9.5
44.5 23.5
44.5 35.5
44.5 49.5
44.5 50.5
44.5 58.5
45.5 7.5
45.5 8.5
45.5 22.5
45.5 34.5
45.5 42.5
45.5 50.5
45.5 57.5
45.5 58.5
45.5 66.5
46.5 6.5
46.5 7.5
46.5 18.5
46.5 21.5
46.5 29.5
46.5 33.5
46.5 41.5
46.5 43.5
46.5 51.5
46.5 57.5
46.5 65.5
47.5 5.5
47.5 16.5
47.5 17.5
47.5 20.5
47.5 28.5
47.5 32.5
47.5 40.5
47.5 44.5
47.5 51.5
47.5 52.5
47.5 56.5
47.5 64.5
47.5 65.5
48.5 14.5
48.5 15.5
48.5 19.5
48.5 27.5
48.5 31.5
48.5 39.5
48.5 40.5
48.5 45.5
48.5 52.5
48.5 56.5
48.5 63.5
48.5 64.5
49.5 12.5
49.5 13.5
49.5 26.5
49.5 38.5
49.5 39.5
49.5 46.5
49.5 53.5
49.5 55.5
49.5 62.5
49.5 63.5
50.5 10.5
50.5 11.5
50.5 26.5
50.5 37.5
50.5 38.5
50.5 46.5
50.5 61.5
50.5 62.5
51.5 9.5
51.5 25.5
51.5 36.5
51.5 37.5
51.5 47.5
51.5 60.5
51.5 61.5
52.5 24.5
52.5 36.5
52.5 48.5
52.5 59.5
52.5 60.5
53.5 9.5
53.5 23.5
53.5 35.5
53.5 49.5
53.5 59.5
54.5 10.5
54.5 24.5
54.5 34.5
55.5 11.5
55.5 24.5
55.5 35.5
55.5 58.5
55.5 59.5
56.5 12.5
56.5 13.5
56.5 25.5
56.5 36.5
56.5 37.5
56.5 49.5
56.5 60.5
57.5 5.5
57.5 13.5
57.5 14.5
57.5 26.5
57.5 37.5
57.5 38.5
57.5 50.5
57.5 61.5
57.5 62.5
58.5 6.5
58.5 14.5
58.5 15.5
58.5 26.5
58.5 30.5
58.5 39.5
58.5 42.5
58.5 51.5
58.5 63.5
58.5 64.5
59.5 7.5
59.5 15.5
59.5 16.5
59.5 19.5
59.5 27.5
59.5 31.5
59.5 40.5
59.5 43.5
59.5 44.5
59.5 52.5
59.5 56.5
59.5 64.5
59.5 65.5
60.5 8.5
60.5 17.5
60.5 20.5
60.5 28.5
60.5 32.5
60.5 44.5
60.5 45.5
60.5 53.5
60.5 57.5
60.5 66.5
61.5 9.5
61.5 21.5
61.5 33.5
61.5 46.5
61.5 47.5
61.5 58.5
62.5 10.5
62.5 22.5
62.5 34.5
62.5 48.5
62.5 59.5
63.5 23.5
63.5 35.5
63.5 49.5
63.5 50.5
63.5 60.5
64.5 23.5
64.5 24.5
64.5 36.5
64.5 61.5
