4.5 19.5
4.5 40.5
4.5 51.5
4.5 61.5
5.5 10.5
5.5 20.5
5.5 30.5
5.5 40.5
5.5 41.5
5.5 51.5
5.5 60.5
5.5 61.5
6.5 10.5
6.5 20.5
6.5 30.5
6.5 41.5
6.5 50.5
6.5 60.5
7.5 10.5
7.5 20.5
7.5 21.5
7.5 30.5
7.5 41.5
7.5 50.5
7.5 60.5
7.5 68.5
8.5 9.5
8.5 21.5
8.5 30.5
8.5 41.5
8.5 42.5
8.5 50.5
8.5 60.5
9.5 9.5
9.5 15.5
9.5 21.5
9.5 22.5
9.5 30.5
9.5 35.5
9.5 36.5
9.5 42.5
9.5 49.5
9.5 50.5
9.5 59.5
9.5 60.5
9.5 65.5
10.5 9.5
10.5 13.5
10.5 15.5
10.5 22.5
10.5 29.5
10.5 30.5
10.5 35.5
10.5 42.5
10.5 43.5
10.5 49.5
10.5 54.5
10.5 59.5
10.5 60.5
11.5 9.5
11.5 13.5
11.5 16.5
11.5 22.5
11.5 23.5
11.5 29.5
11.5 30.5
11.5 37.5
11.5 42.5
11.5 43.5
11.5 49.5
11.5 54.5
11.5 59.5
11.5 64.5
12.5 8.5
12.5 13.5
12.5 16.5
12.5 22.5
12.5 23.5
12.5 29.5
12.5 34.5
12.5 37.5
12.5 43.5
12.5 49.5
12.5 54.5
12.5 59.5
12.5 64.5
13.5 8.5
13.5 12.5
13.5 13.5
13.5 16.5
13.5 17.5
13.5 23.5
13.5 29.5
13.5 34.5
13.5 37.5
13.5 38.5
13.5 43.5
13.5 44.5
13.5 48.5
13.5 53.5
13.5 54.5
13.5 59.5
13.5 64.5
14.5 8.5
14.5 12.5
14.5 17.5
14.5 23.5
14.5 24.5
14.5 29.5
14.5 34.5
14.5 38.5
14.5 44.5
14.5 48.5
14.5 53.5
14.5 54.5
14.5 58.5
14.5 59.5
14.5 63.5
15.5 8.5
15.5 12.5
15.5 17.5
15.5 18.5
15.5 24.5
15.5 29.5
15.5 33.5
15.5 34.5
15.5 38.5
15.5 39.5
15.5 44.5
15.5 48.5
15.5 53.5
15.5 58.5
15.5 63.5
16.5 7.5
16.5 12.5
16.5 17.5
16.5 18.5
16.5 24.5
16.5 25.5
16.5 28.5
16.5 29.5
16.5 33.5
16.5 38.5
16.5 39.5
16.5 44.5
16.5 45.5
16.5 48.5
16.5 53.5
16.5 58.5
16.5 63.5
17.5 7.5
17.5 12.5
17.5 18.5
17.5 19.5
17.5 25.5
17.5 28.5
17.5 33.5
17.5 39.5
17.5 45.5
17.5 47.5
17.5 52.5
17.5 53.5
17.5 58.5
17.5 62.5
17.5 63.5
18.5 7.5
18.5 11.5
18.5 12.5
18.5 18.5
18.5 19.5
18.5 25.5
18.5 28.5
18.5 33.5
18.5 39.5
18.5 40.5
18.5 45.5
18.5 47.5
18.5 52.5
18.5 53.5
18.5 58.5
18.5 62.5
18.5 68.5
19.5 11.5
19.5 12.5
19.5 19.5
19.5 26.5
19.5 28.5
19.5 32.5
19.5 40.5
19.5 52.5
19.5 53.5
19.5 62.5
20.5 11.5
20.5 19.5
20.5 20.5
20.5 26.5
20.5 28.5
20.5 32.5
20.5 40.5
20.5 52.5
20.5 62.5
21.5 6.5
21.5 11.5
21.5 19.5
21.5 20.5
21.5 32.5
21.5 40.5
21.5 41.5
21.5 52.5
21.5 61.5
22.5 11.5
22.5 20.5
22.5 31.5
22.5 32.5
22.5 40.5
22.5 41.5
22.5 52.5
22.5 61.5
23.5 10.5
23.5 11.5
23.5 20.5
23.5 21.5
23.5 31.5
23.5 40.5
23.5 41.5
23.5 51.5
23.5 52.5
23.5 61.5
24.5 10.5
24.5 11.5
24.5 20.5
24.5 21.5
24.5 31.5
24.5 41.5
24.5 42.5
24.5 51.5
24.5 52.5
24.5 61.5
25.5 10.5
25.5 21.5
25.5 22.5
25.5 31.5
25.5 32.5
25.5 41.5
25.5 42.5
25.5 51.5
25.5 52.5
25.5 60.5
25.5 61.5
26.5 10.5
26.5 21.5
26.5 22.5
26.5 32.5
26.5 41.5
26.5 42.5
26.5 51.5
26.5 61.5
27.5 10.5
27.5 21.5
27.5 22.5
27.5 32.5
27.5 42.5
27.5 51.5
27.5 61.5
28.5 10.5
28.5 21.5
28.5 22.5
28.5 32.5
28.5 42.5
28.5 50.5
28.5 51.5
28.5 56.5
28.5 62.5
28.5 68.5
29.5 9.5
29.5 10.5
29.5 22.5
29.5 33.5
29.5 37.5
29.5 42.5
29.5 43.5
29.5 50.5
29.5 51.5
29.5 56.5
29.5 62.5
30.5 9.5
30.5 16.5
30.5 22.5
30.5 23.5
30.5 28.5
30.5 33.5
30.5 37.5
30.5 43.5
30.5 50.5
30.5 58.5
30.5 62.5
31.5 9.5
31.5 14.5
31.5 16.5
31.5 22.5
31.5 23.5
31.5 28.5
31.5 33.5
31.5 38.5
31.5 43.5
31.5 44.5
31.5 50.5
31.5 55.5
31.5 58.5
31.5 62.5
32.5 8.5
32.5 9.5
32.5 14.5
32.5 17.5
32.5 22.5
32.5 23.5
32.5 28.5
32.5 33.5
32.5 34.5
32.5 38.5
32.5 43.5
32.5 44.5
32.5 49.5
32.5 50.5
32.5 55.5
32.5 58.5
32.5 62.5
33.5 8.5
33.5 9.5
33.5 14.5
33.5 17.5
33.5 23.5
33.5 24.5
33.5 28.5
33.5 29.5
33.5 34.5
33.5 38.5
33.5 44.5
33.5 49.5
33.5 50.5
33.5 55.5
33.5 58.5
33.5 63.5
34.5 8.5
34.5 13.5
34.5 17.5
34.5 23.5
34.5 24.5
34.5 29.5
34.5 34.5
34.5 38.5
34.5 39.5
34.5 44.5
34.5 45.5
34.5 49.5
34.5 54.5
34.5 55.5
34.5 59.5
34.5 63.5
35.5 8.5
35.5 13.5
35.5 17.5
35.5 18.5
35.5 24.5
35.5 29.5
35.5 34.5
35.5 39.5
35.5 45.5
35.5 49.5
35.5 54.5
35.5 59.5
35.5 63.5
36.5 7.5
36.5 8.5
36.5 13.5
36.5 18.5
36.5 24.5
36.5 29.5
36.5 30.5
36.5 34.5
36.5 39.5
36.5 40.5
36.5 45.5
36.5 48.5
36.5 49.5
36.5 54.5
36.5 59.5
36.5 63.5
37.5 7.5
37.5 12.5
37.5 13.5
37.5 18.5
37.5 24.5
37.5 25.5
37.5 29.5
37.5 30.5
37.5 35.5
37.5 39.5
37.5 40.5
37.5 45.5
37.5 48.5
37.5 53.5
37.5 54.5
37.5 59.5
37.5 63.5
38.5 7.5
38.5 12.5
38.5 18.5
38.5 19.5
38.5 25.5
38.5 30.5
38.5 35.5
38.5 40.5
38.5 46.5
38.5 48.5
38.5 53.5
38.5 54.5
38.5 59.5
39.5 7.5
39.5 12.5
39.5 19.5
39.5 25.5
39.5 30.5
39.5 35.5
39.5 40.5
39.5 41.5
39.5 46.5
39.5 48.5
39.5 53.5
39.5 59.5
39.5 60.5
39.5 64.5
40.5 12.5
40.5 19.5
40.5 20.5
40.5 30.5
40.5 31.5
40.5 40.5
40.5 41.5
40.5 53.5
40.5 60.5
40.5 64.5
41.5 11.5
41.5 12.5
41.5 19.5
41.5 20.5
41.5 31.5
41.5 41.5
41.5 52.5
41.5 53.5
41.5 60.5
42.5 11.5
42.5 20.5
42.5 31.5
42.5 41.5
42.5 52.5
42.5 60.5
43.5 11.5
43.5 20.5
43.5 31.5
43.5 32.5
43.5 42.5
43.5 51.5
43.5 52.5
43.5 60.5
44.5 10.5
44.5 11.5
44.5 20.5
44.5 21.5
44.5 32.5
44.5 42.5
44.5 51.5
44.5 52.5
44.5 61.5
45.5 10.5
45.5 21.5
45.5 31.5
45.5 32.5
45.5 42.5
45.5 51.5
45.5 61.5
46.5 10.5
46.5 21.5
46.5 31.5
46.5 32.5
46.5 42.5
46.5 51.5
46.5 52.5
46.5 61.5
47.5 10.5
47.5 11.5
47.5 21.5
47.5 30.5
47.5 31.5
47.5 42.5
47.5 43.5
47.5 51.5
47.5 52.5
47.5 60.5
47.5 61.5
47.5 68.5
48.5 11.5
48.5 21.5
48.5 22.5
48.5 30.5
48.5 31.5
48.5 42.5
48.5 43.5
48.5 48.5
48.5 52.5
48.5 60.5
49.5 11.5
49.5 12.5
49.5 21.5
49.5 22.5
49.5 30.5
49.5 42.5
49.5 43.5
49.5 48.5
49.5 52.5
49.5 53.5
49.5 59.5
49.5 60.5
49.5 64.5
50.5 7.5
50.5 12.5
50.5 16.5
50.5 22.5
50.5 29.5
50.5 30.5
50.5 37.5
50.5 42.5
50.5 43.5
50.5 48.5
50.5 53.5
50.5 59.5
50.5 64.5
51.5 7.5
51.5 12.5
51.5 22.5
51.5 29.5
51.5 30.5
51.5 35.5
51.5 37.5
51.5 43.5
51.5 48.5
51.5 53.5
51.5 59.5
51.5 64.5
52.5 7.5
52.5 8.5
52.5 12.5
52.5 13.5
52.5 17.5
52.5 22.5
52.5 23.5
52.5 29.5
52.5 35.5
52.5 37.5
52.5 43.5
52.5 48.5
52.5 49.5
52.5 53.5
52.5 58.5
52.5 63.5
52.5 64.5
53.5 8.5
53.5 13.5
53.5 17.5
53.5 22.5
53.5 23.5
53.5 28.5
53.5 29.5
53.5 34.5
53.5 38.5
53.5 43.5
53.5 48.5
53.5 49.5
53.5 53.5
53.5 54.5
53.5 58.5
53.5 63.5
53.5 64.5
54.5 8.5
54.5 13.5
54.5 17.5
54.5 18.5
54.5 23.5
54.5 28.5
54.5 34.5
54.5 38.5
54.5 43.5
54.5 49.5
54.5 54.5
54.5 58.5
54.5 63.5
55.5 8.5
55.5 13.5
55.5 18.5
55.5 23.5
55.5 28.5
55.5 33.5
55.5 34.5
55.5 38.5
55.5 43.5
55.5 44.5
55.5 49.5
55.5 54.5
55.5 57.5
55.5 63.5
56.5 8.5
56.5 9.5
56.5 14.5
56.5 18.5
56.5 23.5
56.5 24.5
56.5 27.5
56.5 28.5
56.5 33.5
56.5 38.5
56.5 39.5
56.5 43.5
56.5 44.5
56.5 49.5
56.5 54.5
56.5 57.5
56.5 62.5
56.5 63.5
57.5 8.5
57.5 9.5
57.5 14.5
57.5 18.5
57.5 19.5
57.5 24.5
57.5 27.5
57.5 32.5
57.5 33.5
57.5 38.5
57.5 39.5
57.5 44.5
57.5 49.5
57.5 57.5
57.5 62.5
57.5 63.5
57.5 68.5
58.5 9.5
58.5 14.5
58.5 19.5
58.5 24.5
58.5 27.5
58.5 32.5
58.5 39.5
58.5 44.5
58.5 49.5
58.5 55.5
58.5 56.5
58.5 62.5
58.5 63.5
59.5 9.5
59.5 15.5
59.5 19.5
59.5 24.5
59.5 26.5
59.5 32.5
59.5 39.5
59.5 44.5
59.5 49.5
59.5 55.5
59.5 56.5
59.5 62.5
60.5 9.5
60.5 10.5
60.5 15.5
60.5 19.5
60.5 20.5
60.5 31.5
60.5 32.5
60.5 39.5
60.5 44.5
60.5 49.5
60.5 50.5
60.5 61.5
60.5 62.5
61.5 9.5
61.5 10.5
61.5 20.5
61.5 31.5
61.5 39.5
61.5 40.5
61.5 49.5
61.5 50.5
61.5 61.5
61.5 62.5
62.5 10.5
62.5 20.5
62.5 30.5
62.5 31.5
62.5 40.5
62.5 49.5
62.5 50.5
62.5 61.5
62.5 62.5
63.5 10.5
63.5 20.5
63.5 30.5
63.5 40.5
63.5 50.5
63.5 61.5
64.5 10.5
64.5 21.5
64.5 30.5
64.5 40.5
64.5 50.5
64.5 61.5
