4.5 9.5
4.5 21.5
4.5 41.5
5.5 10.5
5.5 20.5
5.5 31.5
5.5 40.5
5.5 49.5
6.5 11.5
6.5 19.5
6.5 29.5
6.5 40.5
6.5 50.5
6.5 60.5
7.5 5.5
7.5 11.5
7.5 12.5
7.5 18.5
7.5 28.5
7.5 39.5
7.5 46.5
7.5 50.5
7.5 61.5
7.5 62.5
8.5 6.5
8.5 12.5
8.5 17.5
8.5 24.5
8.5 27.5
8.5 34.5
8.5 38.5
8.5 51.5
8.5 63.5
8.5 64.5
8.5 65.5
9.5 7.5
9.5 13.5
9.5 16.5
9.5 23.5
9.5 26.5
9.5 33.5
9.5 34.5
9.5 38.5
9.5 44.5
9.5 47.5
9.5 52.5
9.5 66.5
10.5 7.5
10.5 8.5
10.5 14.5
10.5 22.5
10.5 25.5
10.5 32.5
10.5 33.5
10.5 37.5
10.5 43.5
10.5 53.5
10.5 54.5
10.5 55.5
10.5 56.5
11.5 8.5
11.5 21.5
11.5 31.5
11.5 32.5
11.5 36.5
11.5 42.5
11.5 43.5
11.5 48.5
11.5 57.5
11.5 58.5
11.5 59.5
12.5 9.5
12.5 20.5
12.5 31.5
12.5 42.5
12.5 60.5
12.5 61.5
12.5 62.5
13.5 10.5
13.5 19.5
13.5 30.5
13.5 41.5
13.5 49.5
14.5 11.5
14.5 18.5
14.5 29.5
14.5 40.5
15.5 19.5
15.5 63.5
16.5 9.5
16.5 21.5
16.5 31.5
16.5 42.5
16.5 49.5
16.5 61.5
16.5 62.5
16.5 68.5
17.5 8.5
17.5 22.5
17.5 28.5
17.5 29.5
17.5 40.5
17.5 49.5
17.5 59.5
17.5 60.5
18.5 6.5
18.5 7.5
18.5 13.5
18.5 23.5
18.5 26.5
18.5 27.5
18.5 39.5
18.5 57.5
18.5 58.5
18.5 66.5
19.5 5.5
19.5 12.5
19.5 25.5
19.5 34.5
19.5 38.5
19.5 47.5
19.5 56.5
19.5 57.5
19.5 65.5
20.5 11.5
20.5 15.5
20.5 16.5
20.5 33.5
20.5 37.5
20.5 45.5
20.5 48.5
20.5 52.5
20.5 54.5
20.5 64.5
21.5 10.5
21.5 11.5
21.5 17.5
21.5 18.5
21.5 19.5
21.5 32.5
21.5 43.5
21.5 44.5
21.5 48.5
21.5 52.5
21.5 63.5
22.5 10.5
22.5 19.5
22.5 20.5
22.5 21.5
22.5 30.5
22.5 31.5
22.5 42.5
22.5 43.5
22.5 52.5
22.5 62.5
23.5 9.5
23.5 29.5
23.5 40.5
23.5 41.5
23.5 52.5
24.5 8.5
24.5 29.5
24.5 39.5
24.5 52.5
25.5 7.5
25.5 30.5
25.5 51.5
25.5 60.5
26.5 9.5
26.5 18.5
26.5 19.5
26.5 31.5
26.5 43.5
26.5 61.5
27.5 8.5
27.5 19.5
27.5 20.5
27.5 41.5
27.5 52.5
27.5 63.5
28.5 7.5
28.5 20.5
28.5 21.5
28.5 27.5
28.5 32.5
28.5 39.5
28.5 40.5
28.5 48.5
28.5 53.5
28.5 64.5
29.5 6.5
29.5 21.5
29.5 22.5
29.5 27.5
29.5 33.5
29.5 37.5
29.5 38.5
29.5 47.5
29.5 53.5
29.5 66.5
30.5 5.5
30.5 14.5
30.5 22.5
30.5 23.5
30.5 28.5
30.5 34.5
30.5 35.5
30.5 36.5
30.5 45.5
30.5 46.5
30.5 49.5
30.5 54.5
30.5 57.5
30.5 58.5
31.5 11.5
31.5 12.5
31.5 15.5
31.5 23.5
31.5 24.5
31.5 28.5
31.5 44.5
31.5 49.5
31.5 59.5
31.5 60.5
31.5 61.5
32.5 10.5
32.5 17.5
32.5 29.5
32.5 42.5
32.5 43.5
32.5 62.5
32.5 63.5
33.5 8.5
33.5 9.5
33.5 18.5
33.5 29.5
33.5 41.5
33.5 50.5
34.5 10.5
34.5 19.5
34.5 30.5
34.5 39.5
34.5 50.5
35.5 10.5
35.5 20.5
35.5 30.5
35.5 61.5
35.5 62.5
36.5 9.5
36.5 29.5
36.5 42.5
36.5 51.5
36.5 59.5
36.5 60.5
37.5 9.5
37.5 21.5
37.5 30.5
37.5 41.5
37.5 52.5
37.5 57.5
37.5 58.5
37.5 66.5
38.5 8.5
38.5 19.5
38.5 20.5
38.5 31.5
38.5 32.5
38.5 39.5
38.5 40.5
38.5 54.5
38.5 56.5
38.5 65.5
39.5 8.5
39.5 17.5
39.5 18.5
39.5 24.5
39.5 33.5
39.5 38.5
39.5 55.5
39.5 64.5
40.5 8.5
40.5 14.5
40.5 16.5
40.5 23.5
40.5 24.5
40.5 34.5
40.5 36.5
40.5 37.5
40.5 45.5
40.5 63.5
41.5 7.5
41.5 13.5
41.5 22.5
41.5 26.5
41.5 27.5
41.5 35.5
41.5 44.5
41.5 48.5
41.5 49.5
41.5 50.5
41.5 51.5
41.5 52.5
41.5 53.5
41.5 62.5
42.5 7.5
42.5 12.5
42.5 28.5
42.5 29.5
42.5 42.5
42.5 43.5
42.5 61.5
43.5 11.5
43.5 31.5
43.5 41.5
43.5 63.5
44.5 10.5
44.5 62.5
45.5 9.5
45.5 19.5
45.5 51.5
45.5 62.5
46.5 31.5
46.5 52.5
46.5 61.5
47.5 11.5
47.5 18.5
47.5 29.5
47.5 30.5
47.5 41.5
47.5 52.5
47.5 53.5
47.5 60.5
48.5 11.5
48.5 17.5
48.5 24.5
48.5 27.5
48.5 28.5
48.5 42.5
48.5 53.5
48.5 59.5
48.5 60.5
49.5 11.5
49.5 12.5
49.5 16.5
49.5 23.5
49.5 26.5
49.5 27.5
49.5 35.5
49.5 37.5
49.5 43.5
49.5 46.5
49.5 54.5
49.5 59.5
50.5 6.5
50.5 12.5
50.5 22.5
50.5 24.5
50.5 25.5
50.5 34.5
50.5 38.5
50.5 44.5
50.5 47.5
50.5 54.5
50.5 55.5
50.5 58.5
50.5 65.5
51.5 7.5
51.5 12.5
51.5 15.5
51.5 21.5
51.5 33.5
51.5 38.5
51.5 39.5
51.5 45.5
51.5 48.5
51.5 55.5
51.5 64.5
52.5 8.5
52.5 20.5
52.5 32.5
52.5 39.5
52.5 40.5
52.5 49.5
52.5 50.5
52.5 63.5
53.5 19.5
53.5 31.5
53.5 40.5
53.5 51.5
53.5 62.5
54.5 18.5
54.5 30.5
54.5 41.5
54.5 52.5
54.5 61.5
55.5 29.5
55.5 42.5
55.5 53.5
55.5 60.5
56.5 21.5
56.5 50.5
56.5 60.5
57.5 8.5
57.5 19.5
57.5 20.5
57.5 30.5
57.5 41.5
57.5 51.5
57.5 61.5
58.5 7.5
58.5 18.5
58.5 29.5
58.5 41.5
58.5 42.5
58.5 52.5
58.5 62.5
59.5 6.5
59.5 17.5
59.5 25.5
59.5 28.5
59.5 42.5
59.5 43.5
59.5 47.5
59.5 53.5
59.5 54.5
59.5 63.5
59.5 64.5
60.5 5.5
60.5 13.5
60.5 14.5
60.5 16.5
60.5 24.5
60.5 27.5
60.5 36.5
60.5 44.5
60.5 48.5
60.5 55.5
60.5 58.5
60.5 65.5
61.5 10.5
61.5 11.5
61.5 12.5
61.5 23.5
61.5 33.5
61.5 37.5
61.5 45.5
61.5 48.5
61.5 49.5
61.5 59.5
62.5 8.5
62.5 9.5
62.5 21.5
62.5 22.5
62.5 32.5
62.5 38.5
62.5 39.5
62.5 49.5
62.5 60.5
63.5 21.5
63.5 31.5
63.5 40.5
63.5 50.5
63.5 61.5
64.5 30.5
64.5 41.5
64.5 51.5
64.5 62.5
