4.5 22.5
4.5 37.5
4.5 49.5
5.5 11.5
5.5 23.5
5.5 37.5
5.5 49.5
5.5 60.5
6.5 23.5
6.5 38.5
6.5 50.5
6.5 61.5
7.5 10.5
7.5 23.5
7.5 24.5
7.5 38.5
7.5 50.5
7.5 61.5
8.5 9.5
8.5 24.5
8.5 31.5
8.5 38.5
8.5 39.5
8.5 44.5
8.5 51.5
8.5 62.5
9.5 9.5
9.5 25.5
9.5 39.5
9.5 51.5
9.5 62.5
10.5 8.5
10.5 17.5
10.5 25.5
10.5 32.5
10.5 39.5
10.5 45.5
10.5 56.5
10.5 63.5
11.5 7.5
11.5 14.5
11.5 18.5
11.5 26.5
11.5 32.5
11.5 40.5
11.5 45.5
11.5 52.5
11.5 57.5
11.5 64.5
12.5 13.5
12.5 18.5
12.5 26.5
12.5 33.5
12.5 40.5
12.5 46.5
12.5 52.5
12.5 57.5
12.5 64.5
13.5 6.5
13.5 13.5
13.5 19.5
13.5 27.5
13.5 33.5
13.5 46.5
13.5 58.5
13.5 65.5
14.5 12.5
14.5 13.5
14.5 20.5
14.5 33.5
14.5 46.5
14.5 53.5
14.5 58.5
15.5 12.5
15.5 20.5
15.5 34.5
15.5 47.5
15.5 58.5
16.5 11.5
16.5 21.5
16.5 34.5
16.5 47.5
16.5 59.5
17.5 11.5
17.5 22.5
17.5 34.5
17.5 48.5
17.5 59.5
18.5 10.5
18.5 22.5
18.5 35.5
18.5 48.5
18.5 60.5
19.5 11.5
19.5 23.5
19.5 35.5
20.5 11.5
20.5 46.5
20.5 59.5
21.5 10.5
21.5 22.5
21.5 35.5
21.5 47.5
21.5 60.5
22.5 9.5
22.5 10.5
22.5 23.5
22.5 34.5
22.5 48.5
22.5 60.5
23.5 9.5
23.5 24.5
23.5 33.5
23.5 49.5
23.5 61.5
24.5 8.5
24.5 24.5
24.5 33.5
24.5 43.5
24.5 50.5
24.5 61.5
25.5 8.5
25.5 25.5
25.5 32.5
25.5 41.5
25.5 44.5
25.5 51.5
25.5 55.5
25.5 62.5
26.5 7.5
26.5 16.5
26.5 19.5
26.5 25.5
26.5 31.5
26.5 40.5
26.5 45.5
26.5 52.5
26.5 56.5
27.5 6.5
27.5 15.5
27.5 26.5
27.5 30.5
27.5 39.5
27.5 45.5
27.5 53.5
27.5 57.5
27.5 63.5
28.5 6.5
28.5 14.5
28.5 15.5
28.5 20.5
28.5 27.5
28.5 30.5
28.5 38.5
28.5 39.5
28.5 46.5
28.5 57.5
29.5 5.5
29.5 14.5
29.5 20.5
29.5 29.5
29.5 37.5
29.5 38.5
29.5 47.5
29.5 58.5
30.5 13.5
30.5 21.5
30.5 37.5
30.5 47.5
30.5 59.5
31.5 12.5
31.5 13.5
31.5 21.5
31.5 36.5
31.5 48.5
32.5 11.5
32.5 12.5
32.5 22.5
32.5 35.5
32.5 49.5
32.5 60.5
33.5 11.5
33.5 22.5
33.5 35.5
33.5 59.5
34.5 10.5
34.5 23.5
34.5 49.5
34.5 59.5
35.5 23.5
35.5 35.5
35.5 49.5
36.5 23.5
36.5 35.5
36.5 36.5
36.5 58.5
37.5 12.5
37.5 36.5
37.5 37.5
37.5 50.5
37.5 58.5
38.5 11.5
38.5 24.5
38.5 37.5
38.5 50.5
38.5 57.5
39.5 9.5
39.5 10.5
39.5 24.5
39.5 38.5
39.5 44.5
39.5 51.5
39.5 57.5
39.5 63.5
40.5 8.5
40.5 9.5
40.5 25.5
40.5 30.5
40.5 39.5
40.5 51.5
40.5 63.5
41.5 7.5
41.5 8.5
41.5 25.5
41.5 31.5
41.5 39.5
41.5 40.5
41.5 45.5
41.5 56.5
41.5 62.5
42.5 6.5
42.5 16.5
42.5 18.5
42.5 25.5
42.5 31.5
42.5 40.5
42.5 41.5
42.5 46.5
42.5 52.5
42.5 62.5
43.5 5.5
43.5 15.5
43.5 19.5
43.5 26.5
43.5 32.5
43.5 41.5
43.5 46.5
43.5 61.5
44.5 14.5
44.5 20.5
44.5 26.5
44.5 32.5
44.5 33.5
44.5 46.5
44.5 47.5
44.5 61.5
45.5 12.5
45.5 13.5
45.5 33.5
45.5 47.5
45.5 60.5
46.5 11.5
46.5 21.5
46.5 27.5
46.5 34.5
46.5 47.5
46.5 60.5
46.5 68.5
47.5 10.5
47.5 22.5
47.5 34.5
47.5 48.5
48.5 9.5
48.5 23.5
48.5 35.5
48.5 59.5
49.5 35.5
49.5 49.5
49.5 60.5
50.5 11.5
50.5 36.5
50.5 60.5
51.5 10.5
51.5 23.5
51.5 48.5
51.5 59.5
52.5 10.5
52.5 22.5
52.5 35.5
52.5 47.5
52.5 59.5
53.5 10.5
53.5 22.5
53.5 36.5
53.5 46.5
53.5 59.5
54.5 9.5
54.5 16.5
54.5 21.5
54.5 22.5
54.5 36.5
54.5 37.5
54.5 46.5
54.5 53.5
54.5 58.5
55.5 9.5
55.5 21.5
55.5 37.5
55.5 38.5
55.5 45.5
55.5 52.5
55.5 58.5
55.5 64.5
56.5 8.5
56.5 15.5
56.5 21.5
56.5 38.5
56.5 39.5
56.5 44.5
56.5 52.5
57.5 8.5
57.5 15.5
57.5 20.5
57.5 40.5
57.5 51.5
57.5 57.5
57.5 63.5
57.5 68.5
58.5 7.5
58.5 14.5
58.5 20.5
58.5 28.5
58.5 31.5
58.5 41.5
58.5 43.5
58.5 51.5
58.5 57.5
58.5 63.5
59.5 7.5
59.5 14.5
59.5 19.5
59.5 27.5
59.5 32.5
59.5 33.5
59.5 50.5
59.5 63.5
60.5 13.5
60.5 19.5
60.5 26.5
60.5 33.5
60.5 34.5
60.5 50.5
60.5 56.5
60.5 62.5
61.5 13.5
61.5 25.5
61.5 34.5
61.5 49.5
61.5 62.5
62.5 12.5
62.5 24.5
62.5 35.5
62.5 49.5
63.5 12.5
63.5 24.5
63.5 36.5
63.5 48.5
63.5 61.5
64.5 23.5
64.5 48.5
64.5 61.5
