5.5 60.5
6.5 9.5
6.5 10.5
6.5 31.5
6.5 32.5
6.5 42.5
6.5 51.5
6.5 59.5
6.5 60.5
7.5 9.5
7.5 21.5
7.5 22.5
7.5 32.5
7.5 33.5
7.5 42.5
7.5 43.5
7.5 52.5
7.5 59.5
8.5 8.5
8.5 9.5
8.5 22.5
8.5 23.5
8.5 32.5
8.5 33.5
8.5 43.5
8.5 52.5
8.5 53.5
8.5 58.5
8.5 59.5
9.5 8.5
9.5 23.5
9.5 24.5
9.5 33.5
9.5 43.5
9.5 44.5
9.5 53.5
9.5 57.5
9.5 58.5
9.5 64.5
10.5 7.5
10.5 8.5
10.5 13.5
10.5 17.5
10.5 24.5
10.5 28.5
10.5 33.5
10.5 38.5
10.5 44.5
10.5 48.5
10.5 54.5
10.5 63.5
10.5 64.5
11.5 12.5
11.5 13.5
11.5 17.5
11.5 18.5
11.5 28.5
11.5 38.5
11.5 39.5
11.5 48.5
11.5 49.5
11.5 62.5
11.5 63.5
12.5 12.5
12.5 18.5
12.5 19.5
12.5 29.5
12.5 38.5
12.5 39.5
12.5 40.5
12.5 49.5
12.5 50.5
12.5 62.5
12.5 63.5
13.5 11.5
13.5 19.5
13.5 20.5
13.5 29.5
13.5 39.5
13.5 40.5
13.5 50.5
13.5 62.5
14.5 10.5
14.5 30.5
14.5 40.5
14.5 50.5
14.5 51.5
17.5 20.5
17.5 61.5
18.5 11.5
18.5 20.5
18.5 21.5
18.5 29.5
18.5 40.5
18.5 51.5
18.5 52.5
18.5 60.5
18.5 61.5
19.5 11.5
19.5 12.5
19.5 21.5
19.5 22.5
19.5 28.5
19.5 29.5
19.5 40.5
19.5 41.5
19.5 52.5
19.5 59.5
19.5 60.5
20.5 12.5
20.5 22.5
20.5 23.5
20.5 28.5
20.5 41.5
20.5 42.5
20.5 52.5
20.5 53.5
20.5 59.5
21.5 13.5
21.5 17.5
21.5 23.5
21.5 27.5
21.5 36.5
21.5 42.5
21.5 43.5
21.5 53.5
21.5 58.5
21.5 59.5
22.5 7.5
22.5 8.5
22.5 13.5
22.5 17.5
22.5 18.5
22.5 32.5
22.5 37.5
22.5 47.5
22.5 53.5
22.5 54.5
22.5 58.5
22.5 64.5
22.5 65.5
23.5 8.5
23.5 18.5
23.5 31.5
23.5 32.5
23.5 37.5
23.5 38.5
23.5 48.5
23.5 63.5
23.5 64.5
24.5 8.5
24.5 9.5
24.5 18.5
24.5 19.5
24.5 31.5
24.5 38.5
24.5 48.5
24.5 49.5
24.5 62.5
24.5 63.5
24.5 64.5
25.5 9.5
25.5 10.5
25.5 19.5
25.5 30.5
25.5 31.5
25.5 39.5
25.5 49.5
25.5 50.5
25.5 62.5
25.5 63.5
26.5 10.5
26.5 20.5
26.5 30.5
26.5 50.5
26.5 61.5
26.5 62.5
29.5 40.5
30.5 9.5
30.5 10.5
30.5 20.5
30.5 29.5
30.5 30.5
30.5 39.5
30.5 49.5
30.5 50.5
30.5 61.5
31.5 8.5
31.5 9.5
31.5 19.5
31.5 29.5
31.5 38.5
31.5 39.5
31.5 49.5
31.5 61.5
31.5 62.5
32.5 7.5
32.5 8.5
32.5 18.5
32.5 19.5
32.5 28.5
32.5 29.5
32.5 38.5
32.5 48.5
32.5 49.5
32.5 62.5
32.5 63.5
33.5 6.5
33.5 7.5
33.5 18.5
33.5 28.5
33.5 29.5
33.5 37.5
33.5 43.5
33.5 48.5
33.5 63.5
33.5 64.5
34.5 6.5
34.5 13.5
34.5 17.5
34.5 18.5
34.5 23.5
34.5 28.5
34.5 33.5
34.5 42.5
34.5 43.5
34.5 47.5
34.5 48.5
34.5 64.5
35.5 12.5
35.5 13.5
35.5 17.5
35.5 22.5
35.5 23.5
35.5 32.5
35.5 33.5
35.5 42.5
35.5 47.5
35.5 53.5
35.5 58.5
36.5 11.5
36.5 12.5
36.5 22.5
36.5 23.5
36.5 32.5
36.5 41.5
36.5 42.5
36.5 52.5
36.5 53.5
36.5 58.5
36.5 59.5
37.5 10.5
37.5 11.5
37.5 21.5
37.5 22.5
37.5 31.5
37.5 32.5
37.5 41.5
37.5 52.5
37.5 59.5
38.5 10.5
38.5 21.5
38.5 22.5
38.5 31.5
38.5 40.5
38.5 41.5
38.5 51.5
38.5 52.5
38.5 59.5
38.5 60.5
39.5 21.5
39.5 51.5
39.5 60.5
42.5 9.5
42.5 10.5
42.5 31.5
42.5 40.5
43.5 10.5
43.5 11.5
43.5 20.5
43.5 31.5
43.5 32.5
43.5 39.5
43.5 50.5
43.5 61.5
44.5 11.5
44.5 12.5
44.5 19.5
44.5 20.5
44.5 32.5
44.5 38.5
44.5 39.5
44.5 49.5
44.5 50.5
44.5 62.5
45.5 11.5
45.5 12.5
45.5 18.5
45.5 19.5
45.5 32.5
45.5 33.5
45.5 37.5
45.5 38.5
45.5 48.5
45.5 49.5
45.5 62.5
45.5 63.5
46.5 6.5
46.5 12.5
46.5 13.5
46.5 17.5
46.5 18.5
46.5 33.5
46.5 37.5
46.5 48.5
46.5 49.5
46.5 63.5
46.5 64.5
47.5 7.5
47.5 17.5
47.5 24.5
47.5 28.5
47.5 43.5
47.5 44.5
47.5 54.5
47.5 58.5
48.5 7.5
48.5 8.5
48.5 23.5
48.5 28.5
48.5 29.5
48.5 42.5
48.5 43.5
48.5 53.5
48.5 54.5
48.5 58.5
48.5 59.5
49.5 7.5
49.5 8.5
49.5 22.5
49.5 23.5
49.5 29.5
49.5 41.5
49.5 42.5
49.5 52.5
49.5 53.5
49.5 59.5
49.5 60.5
50.5 8.5
50.5 9.5
50.5 21.5
50.5 22.5
50.5 29.5
50.5 30.5
50.5 40.5
50.5 41.5
50.5 52.5
50.5 60.5
51.5 9.5
51.5 21.5
51.5 30.5
51.5 51.5
51.5 61.5
54.5 40.5
55.5 10.5
55.5 20.5
55.5 30.5
55.5 41.5
55.5 51.5
55.5 61.5
55.5 62.5
56.5 10.5
56.5 11.5
56.5 19.5
56.5 20.5
56.5 29.5
56.5 41.5
56.5 42.5
56.5 52.5
56.5 62.5
56.5 63.5
57.5 11.5
57.5 12.5
57.5 18.5
57.5 19.5
57.5 28.5
57.5 29.5
57.5 41.5
57.5 42.5
57.5 53.5
57.5 63.5
57.5 64.5
58.5 11.5
58.5 12.5
58.5 18.5
58.5 19.5
58.5 28.5
58.5 42.5
58.5 43.5
58.5 53.5
58.5 54.5
58.5 63.5
58.5 64.5
59.5 12.5
59.5 13.5
59.5 17.5
59.5 18.5
59.5 27.5
59.5 33.5
59.5 37.5
59.5 43.5
59.5 47.5
59.5 48.5
59.5 54.5
59.5 58.5
60.5 7.5
60.5 13.5
60.5 17.5
60.5 23.5
60.5 24.5
60.5 32.5
60.5 33.5
60.5 38.5
60.5 48.5
60.5 49.5
60.5 58.5
60.5 59.5
61.5 7.5
61.5 8.5
61.5 22.5
61.5 23.5
61.5 32.5
61.5 33.5
61.5 38.5
61.5 48.5
61.5 49.5
61.5 59.5
61.5 60.5
62.5 8.5
62.5 9.5
62.5 21.5
62.5 22.5
62.5 32.5
62.5 39.5
62.5 49.5
62.5 50.5
62.5 60.5
62.5 61.5
63.5 9.5
63.5 21.5
63.5 31.5
63.5 32.5
63.5 39.5
63.5 50.5
63.5 61.5
64.5 9.5
64.5 10.5
