8.5 14.5
8.5 30.5
8.5 44.5
8.5 56.5
9.5 15.5
9.5 30.5
9.5 45.5
9.5 55.5
9.5 56.5
10.5 15.5
10.5 16.5
10.5 31.5
10.5 46.5
10.5 54.5
10.5 55.5
11.5 16.5
11.5 31.5
11.5 46.5
11.5 53.5
12.5 32.5
13.5 23.5
13.5 62.5
14.5 9.5
14.5 24.5
14.5 39.5
14.5 61.5
15.5 10.5
15.5 24.5
15.5 40.5
15.5 60.5
16.5 25.5
16.5 41.5
16.5 59.5
17.5 26.5
17.5 41.5
23.5 10.5
23.5 59.5
24.5 9.5
24.5 26.5
24.5 43.5
24.5 60.5
24.5 61.5
25.5 9.5
25.5 24.5
25.5 25.5
25.5 44.5
25.5 61.5
25.5 62.5
26.5 8.5
26.5 23.5
26.5 24.5
26.5 45.5
26.5 46.5
26.5 62.5
26.5 63.5
27.5 22.5
28.5 53.5
29.5 15.5
29.5 31.5
29.5 38.5
29.5 54.5
30.5 14.5
30.5 15.5
30.5 30.5
30.5 39.5
30.5 55.5
30.5 56.5
31.5 13.5
31.5 14.5
31.5 29.5
31.5 40.5
31.5 56.5
31.5 57.5
32.5 28.5
32.5 41.5
38.5 12.5
38.5 43.5
39.5 11.5
39.5 27.5
39.5 44.5
39.5 56.5
39.5 57.5
40.5 10.5
40.5 26.5
40.5 45.5
40.5 55.5
40.5 56.5
41.5 9.5
41.5 26.5
41.5 45.5
41.5 46.5
41.5 54.5
41.5 55.5
42.5 25.5
42.5 54.5
44.5 17.5
44.5 18.5
44.5 32.5
44.5 38.5
44.5 62.5
45.5 16.5
45.5 17.5
45.5 39.5
45.5 61.5
45.5 62.5
46.5 15.5
46.5 31.5
46.5 40.5
46.5 61.5
47.5 31.5
47.5 41.5
47.5 60.5
48.5 30.5
48.5 42.5
54.5 14.5
55.5 15.5
55.5 16.5
55.5 44.5
55.5 57.5
56.5 16.5
56.5 17.5
56.5 30.5
56.5 45.5
56.5 56.5
57.5 17.5
57.5 18.5
57.5 31.5
57.5 46.5
57.5 47.5
57.5 55.5
58.5 48.5
58.5 54.5
59.5 8.5
59.5 25.5
59.5 62.5
60.5 9.5
60.5 25.5
60.5 62.5
61.5 10.5
61.5 26.5
61.5 39.5
61.5 61.5
62.5 11.5
62.5 26.5
62.5 40.5
62.5 41.5
62.5 60.5
63.5 27.5
63.5 42.5
63.5 59.5
