4.5 12.5
4.5 28.5
4.5 43.5
4.5 59.5
5.5 11.5
5.5 27.5
5.5 43.5
5.5 59.5
6.5 11.5
6.5 27.5
6.5 42.5
6.5 58.5
7.5 10.5
7.5 26.5
7.5 42.5
7.5 57.5
8.5 10.5
8.5 26.5
8.5 41.5
8.5 42.5
8.5 57.5
9.5 9.5
9.5 10.5
9.5 25.5
9.5 34.5
9.5 41.5
9.5 56.5
10.5 9.5
10.5 18.5
10.5 25.5
10.5 40.5
10.5 41.5
10.5 56.5
10.5 64.5
11.5 8.5
11.5 9.5
11.5 18.5
11.5 24.5
11.5 33.5
11.5 40.5
11.5 49.5
11.5 55.5
11.5 64.5
12.5 8.5
12.5 17.5
12.5 24.5
12.5 33.5
12.5 39.5
12.5 40.5
12.5 49.5
12.5 54.5
12.5 63.5
13.5 8.5
13.5 17.5
13.5 23.5
13.5 32.5
13.5 39.5
13.5 48.5
13.5 54.5
13.5 63.5
14.5 7.5
14.5 16.5
14.5 23.5
14.5 32.5
14.5 39.5
14.5 47.5
14.5 53.5
14.5 62.5
15.5 7.5
15.5 15.5
15.5 16.5
15.5 22.5
15.5 31.5
15.5 38.5
15.5 47.5
15.5 53.5
15.5 62.5
16.5 15.5
16.5 22.5
16.5 31.5
16.5 38.5
16.5 46.5
16.5 52.5
16.5 61.5
17.5 14.5
17.5 15.5
17.5 30.5
17.5 46.5
17.5 61.5
18.5 14.5
18.5 30.5
18.5 45.5
18.5 60.5
19.5 13.5
19.5 14.5
19.5 29.5
19.5 45.5
19.5 60.5
20.5 13.5
20.5 29.5
20.5 44.5
20.5 59.5
21.5 13.5
21.5 28.5
21.5 43.5
21.5 59.5
22.5 12.5
22.5 28.5
22.5 43.5
22.5 58.5
23.5 42.5
23.5 58.5
24.5 12.5
24.5 27.5
25.5 12.5
25.5 44.5
25.5 59.5
26.5 13.5
26.5 28.5
26.5 43.5
26.5 58.5
27.5 13.5
27.5 29.5
27.5 43.5
27.5 58.5
28.5 14.5
28.5 29.5
28.5 42.5
28.5 57.5
28.5 58.5
29.5 14.5
29.5 30.5
29.5 42.5
29.5 57.5
30.5 14.5
30.5 15.5
30.5 21.5
30.5 31.5
30.5 41.5
30.5 49.5
30.5 56.5
30.5 57.5
31.5 7.5
31.5 15.5
31.5 22.5
31.5 31.5
31.5 32.5
31.5 41.5
31.5 56.5
32.5 15.5
32.5 16.5
32.5 22.5
32.5 32.5
32.5 40.5
32.5 48.5
32.5 56.5
33.5 8.5
33.5 16.5
33.5 23.5
33.5 33.5
33.5 40.5
33.5 48.5
33.5 55.5
33.5 64.5
34.5 8.5
34.5 16.5
34.5 23.5
34.5 24.5
34.5 33.5
34.5 39.5
34.5 47.5
34.5 55.5
34.5 63.5
35.5 9.5
35.5 17.5
35.5 24.5
35.5 34.5
35.5 47.5
35.5 54.5
35.5 63.5
36.5 9.5
36.5 17.5
36.5 24.5
36.5 25.5
36.5 35.5
36.5 38.5
36.5 47.5
36.5 54.5
36.5 62.5
37.5 9.5
37.5 25.5
37.5 46.5
37.5 53.5
37.5 62.5
38.5 10.5
38.5 18.5
38.5 25.5
38.5 26.5
38.5 46.5
38.5 53.5
38.5 61.5
39.5 10.5
39.5 26.5
39.5 27.5
39.5 45.5
39.5 46.5
39.5 61.5
40.5 11.5
40.5 27.5
40.5 45.5
40.5 60.5
41.5 11.5
41.5 27.5
41.5 28.5
41.5 45.5
41.5 60.5
42.5 28.5
42.5 44.5
42.5 59.5
43.5 12.5
43.5 29.5
43.5 44.5
43.5 59.5
44.5 29.5
44.5 44.5
44.5 58.5
45.5 13.5
45.5 26.5
46.5 27.5
46.5 44.5
46.5 57.5
47.5 12.5
47.5 27.5
47.5 28.5
47.5 43.5
47.5 59.5
48.5 12.5
48.5 28.5
48.5 29.5
48.5 43.5
48.5 58.5
49.5 11.5
49.5 29.5
49.5 42.5
49.5 58.5
50.5 11.5
50.5 30.5
50.5 42.5
50.5 57.5
51.5 10.5
51.5 30.5
51.5 31.5
51.5 41.5
51.5 56.5
52.5 10.5
52.5 18.5
52.5 21.5
52.5 31.5
52.5 32.5
52.5 41.5
52.5 56.5
53.5 9.5
53.5 17.5
53.5 22.5
53.5 32.5
53.5 40.5
53.5 50.5
53.5 55.5
54.5 17.5
54.5 23.5
54.5 33.5
54.5 40.5
54.5 49.5
54.5 55.5
54.5 63.5
55.5 8.5
55.5 16.5
55.5 17.5
55.5 23.5
55.5 34.5
55.5 39.5
55.5 48.5
55.5 54.5
55.5 62.5
56.5 16.5
56.5 24.5
56.5 35.5
56.5 39.5
56.5 47.5
56.5 48.5
56.5 53.5
56.5 62.5
57.5 7.5
57.5 15.5
57.5 16.5
57.5 25.5
57.5 38.5
57.5 47.5
57.5 53.5
57.5 61.5
58.5 15.5
58.5 25.5
58.5 26.5
58.5 46.5
58.5 52.5
58.5 61.5
59.5 14.5
59.5 15.5
59.5 26.5
59.5 45.5
59.5 46.5
59.5 60.5
60.5 14.5
60.5 27.5
60.5 45.5
60.5 60.5
61.5 14.5
61.5 28.5
61.5 44.5
61.5 59.5
62.5 13.5
62.5 29.5
62.5 43.5
63.5 13.5
63.5 29.5
63.5 58.5
64.5 12.5
64.5 30.5
