6.5 14.5
6.5 26.5
7.5 12.5
7.5 13.5
7.5 27.5
7.5 28.5
7.5 43.5
7.5 44.5
7.5 58.5
8.5 10.5
8.5 11.5
8.5 29.5
8.5 30.5
8.5 41.5
8.5 42.5
8.5 56.5
9.5 8.5
9.5 9.5
9.5 10.5
9.5 30.5
9.5 31.5
9.5 38.5
9.5 39.5
9.5 40.5
9.5 55.5
9.5 65.5
10.5 7.5
10.5 8.5
10.5 19.5
10.5 32.5
10.5 33.5
10.5 36.5
10.5 37.5
10.5 53.5
10.5 63.5
10.5 64.5
11.5 6.5
11.5 18.5
11.5 22.5
11.5 34.5
11.5 50.5
11.5 52.5
11.5 62.5
11.5 63.5
12.5 16.5
12.5 17.5
12.5 23.5
12.5 24.5
12.5 47.5
12.5 48.5
12.5 60.5
12.5 61.5
13.5 15.5
13.5 25.5
13.5 26.5
13.5 44.5
13.5 45.5
13.5 59.5
13.5 60.5
14.5 13.5
14.5 14.5
14.5 27.5
14.5 42.5
14.5 57.5
14.5 58.5
15.5 12.5
15.5 29.5
17.5 61.5
18.5 11.5
18.5 28.5
18.5 41.5
18.5 42.5
18.5 59.5
19.5 12.5
19.5 13.5
19.5 27.5
19.5 43.5
19.5 44.5
19.5 45.5
19.5 57.5
19.5 58.5
20.5 14.5
20.5 25.5
20.5 26.5
20.5 45.5
20.5 46.5
20.5 47.5
20.5 55.5
20.5 56.5
21.5 15.5
21.5 16.5
21.5 24.5
21.5 35.5
21.5 48.5
21.5 49.5
21.5 53.5
21.5 54.5
22.5 17.5
22.5 23.5
22.5 33.5
22.5 36.5
22.5 37.5
22.5 50.5
22.5 52.5
22.5 65.5
23.5 6.5
23.5 7.5
23.5 19.5
23.5 21.5
23.5 32.5
23.5 38.5
23.5 39.5
23.5 63.5
23.5 64.5
24.5 8.5
24.5 9.5
24.5 30.5
24.5 31.5
24.5 40.5
24.5 41.5
24.5 61.5
24.5 62.5
25.5 10.5
25.5 11.5
25.5 29.5
25.5 42.5
25.5 59.5
25.5 60.5
26.5 12.5
26.5 13.5
26.5 28.5
26.5 44.5
26.5 57.5
26.5 58.5
27.5 14.5
27.5 26.5
27.5 56.5
29.5 41.5
30.5 10.5
30.5 27.5
30.5 42.5
30.5 43.5
30.5 59.5
30.5 60.5
31.5 12.5
31.5 13.5
31.5 28.5
31.5 44.5
31.5 45.5
31.5 57.5
31.5 58.5
32.5 14.5
32.5 15.5
32.5 29.5
32.5 30.5
32.5 45.5
32.5 46.5
32.5 55.5
32.5 56.5
33.5 16.5
33.5 17.5
33.5 30.5
33.5 31.5
33.5 47.5
33.5 48.5
33.5 53.5
33.5 54.5
34.5 5.5
34.5 6.5
34.5 19.5
34.5 22.5
34.5 32.5
34.5 36.5
34.5 49.5
34.5 52.5
34.5 65.5
34.5 66.5
35.5 7.5
35.5 8.5
35.5 23.5
35.5 24.5
35.5 33.5
35.5 37.5
35.5 38.5
35.5 63.5
35.5 64.5
36.5 9.5
36.5 10.5
36.5 25.5
36.5 39.5
36.5 40.5
36.5 61.5
36.5 62.5
37.5 11.5
37.5 12.5
37.5 26.5
37.5 41.5
37.5 42.5
37.5 59.5
37.5 60.5
38.5 13.5
38.5 14.5
38.5 27.5
38.5 28.5
38.5 43.5
38.5 44.5
38.5 57.5
38.5 58.5
39.5 29.5
39.5 45.5
41.5 11.5
41.5 29.5
41.5 57.5
42.5 12.5
42.5 28.5
42.5 44.5
42.5 58.5
43.5 13.5
43.5 14.5
43.5 26.5
43.5 27.5
43.5 42.5
43.5 43.5
43.5 59.5
44.5 14.5
44.5 15.5
44.5 25.5
44.5 26.5
44.5 40.5
44.5 41.5
44.5 60.5
44.5 61.5
45.5 16.5
45.5 24.5
45.5 25.5
45.5 38.5
45.5 39.5
45.5 61.5
45.5 62.5
46.5 5.5
46.5 17.5
46.5 18.5
46.5 23.5
46.5 24.5
46.5 35.5
46.5 37.5
46.5 49.5
46.5 52.5
46.5 62.5
46.5 63.5
47.5 6.5
47.5 7.5
47.5 18.5
47.5 19.5
47.5 22.5
47.5 33.5
47.5 48.5
47.5 53.5
47.5 64.5
48.5 7.5
48.5 8.5
48.5 20.5
48.5 21.5
48.5 31.5
48.5 32.5
48.5 47.5
48.5 54.5
48.5 65.5
49.5 9.5
49.5 10.5
49.5 29.5
49.5 30.5
49.5 45.5
49.5 46.5
49.5 55.5
50.5 10.5
50.5 11.5
50.5 28.5
50.5 44.5
50.5 45.5
50.5 56.5
51.5 12.5
51.5 13.5
51.5 26.5
51.5 27.5
51.5 43.5
51.5 44.5
51.5 57.5
52.5 14.5
52.5 58.5
53.5 59.5
54.5 26.5
55.5 13.5
55.5 27.5
55.5 28.5
55.5 44.5
55.5 45.5
56.5 10.5
56.5 11.5
56.5 29.5
56.5 30.5
56.5 43.5
56.5 59.5
57.5 8.5
57.5 9.5
57.5 30.5
57.5 31.5
57.5 41.5
57.5 42.5
57.5 57.5
57.5 58.5
58.5 5.5
58.5 6.5
58.5 32.5
58.5 33.5
58.5 39.5
58.5 40.5
58.5 56.5
59.5 18.5
59.5 19.5
59.5 23.5
59.5 33.5
59.5 34.5
59.5 38.5
59.5 39.5
59.5 54.5
59.5 55.5
59.5 65.5
60.5 14.5
60.5 15.5
60.5 16.5
60.5 24.5
60.5 37.5
60.5 50.5
60.5 53.5
60.5 63.5
60.5 64.5
61.5 11.5
61.5 12.5
61.5 13.5
61.5 25.5
61.5 47.5
61.5 48.5
61.5 62.5
62.5 9.5
62.5 27.5
62.5 45.5
62.5 46.5
62.5 60.5
62.5 61.5
63.5 28.5
63.5 43.5
63.5 44.5
63.5 59.5
64.5 41.5
64.5 42.5
64.5 57.5
