5.5 39.5
6.5 12.5
6.5 13.5
6.5 14.5
6.5 35.5
6.5 36.5
6.5 37.5
6.5 59.5
6.5 60.5
7.5 15.5
7.5 16.5
7.5 17.5
7.5 32.5
7.5 33.5
7.5 34.5
7.5 55.5
7.5 56.5
7.5 57.5
8.5 18.5
8.5 19.5
8.5 20.5
8.5 29.5
8.5 30.5
8.5 31.5
8.5 32.5
8.5 51.5
8.5 52.5
8.5 53.5
8.5 54.5
9.5 20.5
9.5 21.5
9.5 22.5
9.5 27.5
9.5 28.5
9.5 45.5
9.5 46.5
9.5 48.5
9.5 49.5
9.5 50.5
10.5 24.5
10.5 25.5
10.5 42.5
10.5 43.5
10.5 44.5
10.5 46.5
10.5 66.5
11.5 6.5
11.5 7.5
11.5 8.5
11.5 9.5
11.5 39.5
11.5 40.5
11.5 41.5
11.5 62.5
11.5 63.5
11.5 64.5
12.5 9.5
12.5 10.5
12.5 11.5
12.5 12.5
12.5 13.5
12.5 36.5
12.5 37.5
12.5 38.5
12.5 58.5
12.5 59.5
12.5 60.5
12.5 61.5
13.5 13.5
13.5 14.5
13.5 15.5
13.5 16.5
13.5 34.5
13.5 35.5
13.5 55.5
13.5 56.5
13.5 57.5
14.5 17.5
14.5 18.5
14.5 32.5
17.5 32.5
17.5 33.5
17.5 54.5
17.5 55.5
18.5 12.5
18.5 13.5
18.5 34.5
18.5 35.5
18.5 36.5
18.5 56.5
18.5 57.5
18.5 58.5
19.5 14.5
19.5 15.5
19.5 16.5
19.5 17.5
19.5 36.5
19.5 37.5
19.5 38.5
19.5 59.5
19.5 60.5
19.5 61.5
20.5 17.5
20.5 18.5
20.5 19.5
20.5 20.5
20.5 39.5
20.5 40.5
20.5 41.5
20.5 61.5
20.5 62.5
20.5 63.5
21.5 21.5
21.5 22.5
21.5 23.5
21.5 25.5
21.5 26.5
21.5 41.5
21.5 42.5
21.5 43.5
21.5 64.5
21.5 65.5
22.5 5.5
22.5 6.5
22.5 24.5
22.5 25.5
22.5 27.5
22.5 28.5
22.5 44.5
22.5 45.5
22.5 47.5
22.5 48.5
22.5 49.5
23.5 7.5
23.5 8.5
23.5 9.5
23.5 29.5
23.5 30.5
23.5 31.5
23.5 46.5
23.5 47.5
23.5 49.5
23.5 50.5
23.5 51.5
23.5 52.5
24.5 10.5
24.5 11.5
24.5 12.5
24.5 31.5
24.5 32.5
24.5 33.5
24.5 52.5
24.5 53.5
24.5 54.5
24.5 55.5
25.5 12.5
25.5 13.5
25.5 14.5
25.5 33.5
25.5 34.5
25.5 35.5
25.5 55.5
25.5 56.5
25.5 57.5
26.5 15.5
26.5 16.5
26.5 17.5
26.5 36.5
26.5 37.5
26.5 58.5
26.5 59.5
26.5 60.5
27.5 19.5
27.5 38.5
30.5 13.5
30.5 14.5
30.5 38.5
30.5 39.5
30.5 58.5
30.5 59.5
31.5 15.5
31.5 16.5
31.5 35.5
31.5 36.5
31.5 37.5
31.5 55.5
31.5 56.5
32.5 17.5
32.5 18.5
32.5 19.5
32.5 32.5
32.5 33.5
32.5 34.5
32.5 52.5
32.5 53.5
32.5 54.5
33.5 19.5
33.5 20.5
33.5 21.5
33.5 29.5
33.5 30.5
33.5 31.5
33.5 32.5
33.5 49.5
33.5 50.5
33.5 51.5
34.5 22.5
34.5 23.5
34.5 24.5
34.5 26.5
34.5 27.5
34.5 28.5
34.5 45.5
34.5 47.5
34.5 48.5
34.5 63.5
34.5 64.5
34.5 65.5
35.5 6.5
35.5 7.5
35.5 8.5
35.5 25.5
35.5 42.5
35.5 43.5
35.5 60.5
35.5 61.5
35.5 62.5
35.5 63.5
36.5 9.5
36.5 10.5
36.5 11.5
36.5 39.5
36.5 40.5
36.5 41.5
36.5 57.5
36.5 58.5
36.5 59.5
36.5 60.5
37.5 11.5
37.5 12.5
37.5 13.5
37.5 14.5
37.5 36.5
37.5 37.5
37.5 38.5
37.5 55.5
37.5 56.5
37.5 57.5
38.5 14.5
38.5 15.5
38.5 16.5
38.5 34.5
38.5 35.5
38.5 53.5
39.5 17.5
39.5 18.5
39.5 32.5
41.5 40.5
41.5 52.5
41.5 53.5
42.5 11.5
42.5 12.5
42.5 37.5
42.5 38.5
42.5 54.5
42.5 55.5
42.5 56.5
43.5 13.5
43.5 14.5
43.5 15.5
43.5 35.5
43.5 36.5
43.5 56.5
43.5 57.5
43.5 58.5
43.5 59.5
44.5 16.5
44.5 17.5
44.5 18.5
44.5 32.5
44.5 33.5
44.5 34.5
44.5 59.5
44.5 60.5
44.5 61.5
45.5 18.5
45.5 19.5
45.5 20.5
45.5 30.5
45.5 31.5
45.5 32.5
45.5 46.5
45.5 61.5
45.5 62.5
45.5 63.5
46.5 21.5
46.5 22.5
46.5 23.5
46.5 28.5
46.5 29.5
46.5 30.5
46.5 43.5
46.5 44.5
46.5 47.5
46.5 48.5
46.5 64.5
46.5 65.5
47.5 5.5
47.5 24.5
47.5 25.5
47.5 27.5
47.5 41.5
47.5 42.5
47.5 43.5
47.5 49.5
47.5 50.5
48.5 7.5
48.5 8.5
48.5 9.5
48.5 39.5
48.5 40.5
48.5 41.5
48.5 51.5
48.5 52.5
49.5 10.5
49.5 11.5
49.5 12.5
49.5 13.5
49.5 38.5
49.5 39.5
49.5 53.5
49.5 54.5
50.5 13.5
50.5 14.5
50.5 15.5
50.5 16.5
50.5 36.5
50.5 37.5
50.5 55.5
50.5 56.5
51.5 16.5
51.5 17.5
51.5 18.5
51.5 34.5
51.5 35.5
51.5 57.5
51.5 58.5
52.5 33.5
54.5 52.5
55.5 11.5
55.5 12.5
55.5 33.5
55.5 34.5
55.5 35.5
55.5 54.5
55.5 55.5
56.5 13.5
56.5 14.5
56.5 15.5
56.5 16.5
56.5 36.5
56.5 37.5
56.5 38.5
56.5 57.5
56.5 58.5
56.5 59.5
57.5 16.5
57.5 17.5
57.5 18.5
57.5 19.5
57.5 38.5
57.5 39.5
57.5 40.5
57.5 60.5
57.5 61.5
58.5 19.5
58.5 20.5
58.5 21.5
58.5 22.5
58.5 41.5
58.5 42.5
58.5 43.5
58.5 63.5
58.5 64.5
59.5 23.5
59.5 24.5
59.5 25.5
59.5 27.5
59.5 28.5
59.5 44.5
59.5 45.5
59.5 46.5
59.5 47.5
59.5 48.5
59.5 49.5
59.5 66.5
60.5 5.5
60.5 6.5
60.5 7.5
60.5 27.5
60.5 29.5
60.5 30.5
60.5 31.5
60.5 49.5
60.5 50.5
60.5 51.5
60.5 52.5
60.5 53.5
61.5 8.5
61.5 9.5
61.5 10.5
61.5 31.5
61.5 32.5
61.5 33.5
61.5 53.5
61.5 54.5
61.5 55.5
61.5 56.5
62.5 10.5
62.5 11.5
62.5 12.5
62.5 13.5
62.5 34.5
62.5 35.5
62.5 36.5
62.5 58.5
62.5 59.5
63.5 13.5
63.5 14.5
63.5 15.5
63.5 37.5
63.5 38.5
64.5 16.5
64.5 17.5
64.5 18.5
