5.5 19.5
6.5 11.5
6.5 29.5
7.5 11.5
7.5 18.5
7.5 40.5
7.5 49.5
8.5 18.5
8.5 28.5
8.5 60.5
9.5 12.5
9.5 17.5
9.5 28.5
9.5 41.5
9.5 48.5
9.5 61.5
10.5 12.5
10.5 17.5
10.5 22.5
10.5 28.5
10.5 42.5
10.5 47.5
10.5 62.5
11.5 7.5
11.5 12.5
11.5 22.5
11.5 27.5
11.5 42.5
11.5 47.5
12.5 7.5
12.5 27.5
12.5 36.5
12.5 43.5
12.5 57.5
13.5 8.5
13.5 21.5
13.5 32.5
13.5 37.5
13.5 52.5
14.5 8.5
14.5 21.5
14.5 31.5
14.5 37.5
14.5 38.5
14.5 52.5
14.5 58.5
15.5 8.5
15.5 20.5
15.5 31.5
15.5 38.5
15.5 51.5
15.5 52.5
15.5 59.5
16.5 20.5
16.5 30.5
16.5 39.5
16.5 51.5
16.5 59.5
17.5 9.5
17.5 51.5
17.5 60.5
20.5 9.5
20.5 39.5
21.5 20.5
21.5 29.5
21.5 40.5
21.5 50.5
21.5 61.5
22.5 8.5
22.5 20.5
22.5 40.5
22.5 49.5
23.5 8.5
23.5 21.5
23.5 28.5
23.5 40.5
23.5 41.5
23.5 49.5
23.5 62.5
24.5 21.5
24.5 28.5
24.5 41.5
24.5 48.5
24.5 62.5
25.5 7.5
25.5 22.5
25.5 28.5
25.5 41.5
25.5 48.5
25.5 62.5
26.5 7.5
26.5 12.5
26.5 16.5
26.5 42.5
26.5 48.5
26.5 63.5
27.5 23.5
27.5 27.5
27.5 32.5
27.5 36.5
27.5 47.5
27.5 63.5
28.5 11.5
28.5 17.5
28.5 27.5
28.5 32.5
28.5 37.5
28.5 53.5
28.5 58.5
29.5 11.5
29.5 17.5
29.5 37.5
29.5 52.5
29.5 58.5
30.5 11.5
30.5 18.5
30.5 31.5
30.5 38.5
30.5 52.5
30.5 58.5
31.5 18.5
31.5 31.5
31.5 51.5
31.5 59.5
32.5 10.5
32.5 19.5
32.5 31.5
32.5 39.5
32.5 51.5
32.5 59.5
33.5 10.5
33.5 19.5
33.5 50.5
36.5 40.5
37.5 9.5
37.5 49.5
37.5 60.5
38.5 20.5
38.5 31.5
38.5 39.5
38.5 49.5
39.5 8.5
39.5 20.5
39.5 32.5
39.5 39.5
39.5 49.5
39.5 59.5
40.5 8.5
40.5 21.5
40.5 32.5
40.5 38.5
40.5 48.5
40.5 58.5
41.5 7.5
41.5 21.5
41.5 33.5
41.5 38.5
41.5 43.5
41.5 48.5
41.5 58.5
41.5 64.5
42.5 7.5
42.5 22.5
42.5 27.5
42.5 43.5
42.5 48.5
42.5 57.5
42.5 64.5
43.5 12.5
43.5 16.5
43.5 22.5
43.5 28.5
43.5 34.5
43.5 43.5
43.5 53.5
43.5 63.5
44.5 12.5
44.5 17.5
44.5 23.5
44.5 28.5
44.5 42.5
44.5 63.5
45.5 11.5
45.5 17.5
45.5 29.5
45.5 42.5
45.5 52.5
45.5 62.5
45.5 63.5
46.5 11.5
46.5 18.5
46.5 29.5
46.5 42.5
46.5 52.5
46.5 62.5
47.5 10.5
47.5 30.5
47.5 51.5
47.5 62.5
48.5 10.5
48.5 19.5
48.5 30.5
48.5 41.5
48.5 51.5
48.5 61.5
51.5 30.5
51.5 41.5
52.5 30.5
52.5 41.5
52.5 51.5
52.5 61.5
53.5 9.5
53.5 31.5
53.5 42.5
53.5 60.5
54.5 9.5
54.5 19.5
54.5 31.5
54.5 42.5
54.5 52.5
54.5 60.5
55.5 8.5
55.5 19.5
55.5 31.5
55.5 32.5
55.5 43.5
55.5 59.5
56.5 8.5
56.5 32.5
56.5 37.5
56.5 43.5
56.5 53.5
56.5 59.5
57.5 8.5
57.5 18.5
57.5 23.5
57.5 27.5
57.5 32.5
57.5 37.5
57.5 48.5
57.5 53.5
57.5 58.5
58.5 14.5
58.5 18.5
58.5 23.5
58.5 27.5
58.5 38.5
58.5 44.5
58.5 48.5
58.5 64.5
59.5 7.5
59.5 13.5
59.5 38.5
59.5 49.5
59.5 64.5
60.5 13.5
60.5 22.5
60.5 28.5
60.5 39.5
60.5 49.5
60.5 63.5
61.5 12.5
61.5 22.5
61.5 28.5
61.5 39.5
61.5 62.5
62.5 12.5
62.5 22.5
62.5 29.5
62.5 50.5
62.5 62.5
63.5 11.5
63.5 29.5
63.5 40.5
