4.5 12.5
4.5 57.5
5.5 13.5
5.5 29.5
5.5 58.5
6.5 13.5
6.5 28.5
6.5 42.5
6.5 59.5
7.5 14.5
7.5 27.5
7.5 42.5
7.5 43.5
7.5 59.5
7.5 60.5
8.5 14.5
8.5 15.5
8.5 26.5
8.5 27.5
8.5 43.5
8.5 44.5
8.5 60.5
8.5 61.5
9.5 6.5
9.5 15.5
9.5 25.5
9.5 26.5
9.5 44.5
9.5 45.5
9.5 61.5
9.5 62.5
10.5 7.5
10.5 16.5
10.5 24.5
10.5 25.5
10.5 46.5
10.5 52.5
10.5 62.5
10.5 63.5
11.5 7.5
11.5 8.5
11.5 16.5
11.5 17.5
11.5 23.5
11.5 24.5
11.5 35.5
11.5 37.5
11.5 47.5
11.5 52.5
11.5 53.5
11.5 63.5
12.5 8.5
12.5 17.5
12.5 22.5
12.5 23.5
12.5 33.5
12.5 34.5
12.5 38.5
12.5 48.5
12.5 53.5
12.5 54.5
12.5 64.5
13.5 9.5
13.5 18.5
13.5 21.5
13.5 22.5
13.5 32.5
13.5 33.5
13.5 39.5
13.5 49.5
13.5 54.5
13.5 55.5
13.5 65.5
14.5 9.5
14.5 10.5
14.5 21.5
14.5 31.5
14.5 32.5
14.5 40.5
14.5 55.5
14.5 56.5
14.5 66.5
15.5 10.5
15.5 29.5
15.5 30.5
15.5 41.5
15.5 56.5
15.5 57.5
16.5 10.5
16.5 11.5
16.5 28.5
16.5 29.5
16.5 42.5
16.5 57.5
16.5 58.5
17.5 11.5
17.5 12.5
17.5 27.5
17.5 28.5
17.5 43.5
17.5 58.5
18.5 12.5
18.5 26.5
18.5 44.5
18.5 59.5
19.5 13.5
19.5 25.5
19.5 45.5
19.5 60.5
20.5 13.5
20.5 42.5
21.5 30.5
21.5 43.5
21.5 57.5
22.5 12.5
22.5 13.5
22.5 28.5
22.5 29.5
22.5 43.5
22.5 44.5
22.5 58.5
23.5 11.5
23.5 12.5
23.5 27.5
23.5 28.5
23.5 44.5
23.5 59.5
24.5 10.5
24.5 11.5
24.5 26.5
24.5 27.5
24.5 35.5
24.5 45.5
24.5 60.5
25.5 9.5
25.5 10.5
25.5 25.5
25.5 26.5
25.5 46.5
25.5 50.5
25.5 61.5
26.5 8.5
26.5 9.5
26.5 21.5
26.5 24.5
26.5 25.5
26.5 34.5
26.5 37.5
26.5 46.5
26.5 47.5
26.5 51.5
26.5 62.5
27.5 7.5
27.5 8.5
27.5 19.5
27.5 20.5
27.5 24.5
27.5 33.5
27.5 38.5
27.5 47.5
27.5 52.5
27.5 53.5
27.5 63.5
28.5 6.5
28.5 7.5
28.5 18.5
28.5 19.5
28.5 23.5
28.5 32.5
28.5 39.5
28.5 48.5
28.5 53.5
28.5 54.5
28.5 64.5
29.5 5.5
29.5 16.5
29.5 17.5
29.5 18.5
29.5 22.5
29.5 32.5
29.5 39.5
29.5 40.5
29.5 49.5
29.5 54.5
29.5 55.5
29.5 65.5
30.5 15.5
30.5 16.5
30.5 31.5
30.5 40.5
30.5 41.5
30.5 55.5
30.5 56.5
31.5 14.5
31.5 15.5
31.5 30.5
31.5 41.5
31.5 56.5
31.5 57.5
32.5 12.5
32.5 13.5
32.5 30.5
32.5 42.5
32.5 57.5
32.5 58.5
33.5 11.5
33.5 12.5
33.5 29.5
33.5 43.5
33.5 58.5
33.5 59.5
34.5 10.5
34.5 28.5
34.5 43.5
34.5 60.5
35.5 44.5
35.5 55.5
36.5 10.5
36.5 28.5
36.5 43.5
36.5 56.5
37.5 11.5
37.5 12.5
37.5 29.5
37.5 42.5
37.5 43.5
37.5 57.5
38.5 12.5
38.5 13.5
38.5 30.5
38.5 42.5
38.5 58.5
38.5 59.5
39.5 14.5
39.5 15.5
39.5 30.5
39.5 41.5
39.5 59.5
39.5 60.5
40.5 15.5
40.5 16.5
40.5 31.5
40.5 40.5
40.5 41.5
40.5 49.5
40.5 50.5
40.5 60.5
40.5 61.5
41.5 5.5
41.5 16.5
41.5 17.5
41.5 32.5
41.5 39.5
41.5 40.5
41.5 48.5
41.5 51.5
41.5 62.5
42.5 6.5
42.5 7.5
42.5 17.5
42.5 18.5
42.5 23.5
42.5 24.5
42.5 32.5
42.5 39.5
42.5 48.5
42.5 52.5
42.5 53.5
42.5 63.5
43.5 7.5
43.5 8.5
43.5 19.5
43.5 24.5
43.5 33.5
43.5 38.5
43.5 47.5
43.5 53.5
43.5 54.5
43.5 64.5
44.5 8.5
44.5 9.5
44.5 20.5
44.5 25.5
44.5 34.5
44.5 37.5
44.5 46.5
44.5 54.5
44.5 55.5
45.5 9.5
45.5 10.5
45.5 26.5
45.5 45.5
45.5 46.5
45.5 55.5
45.5 56.5
46.5 10.5
46.5 11.5
46.5 26.5
46.5 27.5
46.5 44.5
46.5 45.5
46.5 56.5
46.5 57.5
47.5 11.5
47.5 12.5
47.5 27.5
47.5 28.5
47.5 44.5
47.5 58.5
48.5 12.5
48.5 13.5
48.5 28.5
48.5 29.5
48.5 43.5
48.5 59.5
49.5 14.5
49.5 29.5
49.5 42.5
49.5 60.5
50.5 15.5
50.5 30.5
50.5 56.5
51.5 42.5
51.5 57.5
52.5 11.5
52.5 12.5
52.5 26.5
52.5 43.5
52.5 58.5
53.5 12.5
53.5 13.5
53.5 27.5
53.5 28.5
53.5 43.5
53.5 44.5
53.5 59.5
54.5 13.5
54.5 14.5
54.5 28.5
54.5 29.5
54.5 44.5
54.5 45.5
54.5 60.5
54.5 61.5
55.5 14.5
55.5 15.5
55.5 29.5
55.5 30.5
55.5 45.5
55.5 61.5
55.5 62.5
56.5 6.5
56.5 16.5
56.5 31.5
56.5 32.5
56.5 36.5
56.5 46.5
56.5 51.5
56.5 62.5
56.5 63.5
57.5 6.5
57.5 7.5
57.5 17.5
57.5 21.5
57.5 22.5
57.5 32.5
57.5 33.5
57.5 37.5
57.5 46.5
57.5 47.5
57.5 52.5
57.5 63.5
57.5 64.5
58.5 7.5
58.5 8.5
58.5 18.5
58.5 22.5
58.5 23.5
58.5 34.5
58.5 38.5
58.5 47.5
58.5 48.5
58.5 53.5
58.5 54.5
58.5 64.5
59.5 8.5
59.5 9.5
59.5 19.5
59.5 23.5
59.5 24.5
59.5 35.5
59.5 39.5
59.5 48.5
59.5 54.5
59.5 55.5
60.5 9.5
60.5 10.5
60.5 20.5
60.5 24.5
60.5 25.5
60.5 40.5
60.5 49.5
60.5 55.5
60.5 56.5
61.5 10.5
61.5 11.5
61.5 26.5
61.5 41.5
61.5 56.5
61.5 57.5
62.5 11.5
62.5 12.5
62.5 27.5
62.5 42.5
62.5 57.5
62.5 58.5
63.5 12.5
63.5 13.5
63.5 28.5
63.5 43.5
63.5 58.5
63.5 59.5
64.5 13.5
64.5 29.5
64.5 44.5
64.5 60.5
