7.5 13.5
7.5 14.5
7.5 15.5
7.5 26.5
7.5 27.5
7.5 43.5
8.5 14.5
8.5 15.5
8.5 16.5
8.5 25.5
8.5 26.5
8.5 27.5
8.5 43.5
8.5 44.5
8.5 45.5
8.5 55.5
8.5 56.5
8.5 57.5
9.5 15.5
9.5 16.5
9.5 17.5
9.5 24.5
9.5 25.5
9.5 26.5
9.5 44.5
9.5 45.5
9.5 46.5
9.5 54.5
9.5 55.5
9.5 56.5
10.5 16.5
10.5 17.5
10.5 18.5
10.5 24.5
10.5 25.5
10.5 46.5
10.5 53.5
10.5 54.5
10.5 55.5
12.5 8.5
12.5 9.5
12.5 10.5
12.5 31.5
12.5 32.5
12.5 38.5
12.5 39.5
12.5 40.5
12.5 61.5
12.5 62.5
12.5 63.5
13.5 9.5
13.5 10.5
13.5 11.5
13.5 30.5
13.5 31.5
13.5 39.5
13.5 40.5
13.5 41.5
13.5 60.5
13.5 61.5
13.5 62.5
14.5 10.5
14.5 11.5
14.5 12.5
14.5 29.5
14.5 30.5
14.5 31.5
14.5 39.5
14.5 40.5
14.5 41.5
14.5 59.5
14.5 60.5
14.5 61.5
14.5 62.5
15.5 11.5
15.5 12.5
15.5 28.5
15.5 29.5
15.5 30.5
15.5 40.5
15.5 41.5
15.5 58.5
15.5 59.5
15.5 60.5
22.5 14.5
22.5 15.5
22.5 26.5
22.5 27.5
22.5 41.5
22.5 42.5
22.5 56.5
22.5 57.5
23.5 14.5
23.5 15.5
23.5 16.5
23.5 25.5
23.5 26.5
23.5 40.5
23.5 41.5
23.5 55.5
23.5 56.5
23.5 57.5
24.5 14.5
24.5 15.5
24.5 16.5
24.5 24.5
24.5 25.5
24.5 26.5
24.5 39.5
24.5 40.5
24.5 41.5
24.5 54.5
24.5 55.5
24.5 56.5
24.5 57.5
25.5 15.5
25.5 16.5
25.5 17.5
25.5 24.5
25.5 25.5
25.5 39.5
25.5 40.5
25.5 54.5
25.5 55.5
25.5 56.5
26.5 16.5
26.5 17.5
26.5 23.5
26.5 24.5
26.5 39.5
26.5 54.5
26.5 55.5
27.5 9.5
27.5 46.5
27.5 47.5
28.5 9.5
28.5 10.5
28.5 31.5
28.5 32.5
28.5 45.5
28.5 46.5
28.5 47.5
28.5 62.5
29.5 9.5
29.5 10.5
29.5 11.5
29.5 30.5
29.5 31.5
29.5 32.5
29.5 45.5
29.5 46.5
29.5 61.5
29.5 62.5
30.5 10.5
30.5 11.5
30.5 29.5
30.5 30.5
30.5 31.5
30.5 44.5
30.5 45.5
30.5 46.5
30.5 60.5
30.5 61.5
31.5 11.5
31.5 12.5
31.5 28.5
31.5 29.5
31.5 30.5
31.5 44.5
31.5 45.5
31.5 59.5
31.5 60.5
31.5 61.5
32.5 28.5
32.5 29.5
32.5 44.5
32.5 59.5
32.5 60.5
37.5 13.5
38.5 13.5
38.5 14.5
38.5 28.5
38.5 29.5
38.5 42.5
38.5 43.5
39.5 13.5
39.5 14.5
39.5 15.5
39.5 29.5
39.5 30.5
39.5 31.5
39.5 41.5
39.5 42.5
39.5 56.5
39.5 57.5
40.5 14.5
40.5 15.5
40.5 29.5
40.5 30.5
40.5 31.5
40.5 32.5
40.5 40.5
40.5 41.5
40.5 42.5
40.5 55.5
40.5 56.5
40.5 57.5
41.5 15.5
41.5 16.5
41.5 31.5
41.5 32.5
41.5 33.5
41.5 39.5
41.5 40.5
41.5 54.5
41.5 55.5
41.5 56.5
42.5 8.5
42.5 54.5
43.5 8.5
43.5 9.5
43.5 22.5
43.5 23.5
43.5 46.5
43.5 47.5
43.5 48.5
43.5 62.5
44.5 8.5
44.5 9.5
44.5 10.5
44.5 22.5
44.5 23.5
44.5 24.5
44.5 25.5
44.5 45.5
44.5 46.5
44.5 47.5
44.5 60.5
44.5 61.5
44.5 62.5
45.5 9.5
45.5 10.5
45.5 23.5
45.5 24.5
45.5 25.5
45.5 26.5
45.5 44.5
45.5 45.5
45.5 46.5
45.5 59.5
45.5 60.5
45.5 61.5
46.5 9.5
46.5 10.5
46.5 25.5
46.5 26.5
46.5 27.5
46.5 44.5
46.5 45.5
46.5 59.5
46.5 60.5
52.5 42.5
52.5 43.5
53.5 10.5
53.5 25.5
53.5 26.5
53.5 27.5
53.5 41.5
53.5 42.5
53.5 43.5
53.5 55.5
53.5 56.5
53.5 57.5
54.5 9.5
54.5 10.5
54.5 24.5
54.5 25.5
54.5 26.5
54.5 40.5
54.5 41.5
54.5 42.5
54.5 54.5
54.5 55.5
54.5 56.5
55.5 8.5
55.5 9.5
55.5 10.5
55.5 23.5
55.5 24.5
55.5 25.5
55.5 40.5
55.5 41.5
55.5 54.5
55.5 55.5
56.5 8.5
56.5 9.5
56.5 23.5
56.5 24.5
56.5 40.5
56.5 53.5
56.5 54.5
57.5 7.5
57.5 8.5
57.5 23.5
57.5 33.5
57.5 47.5
58.5 16.5
58.5 31.5
58.5 32.5
58.5 33.5
58.5 46.5
58.5 47.5
58.5 60.5
58.5 61.5
58.5 62.5
59.5 14.5
59.5 15.5
59.5 16.5
59.5 30.5
59.5 31.5
59.5 32.5
59.5 45.5
59.5 46.5
59.5 59.5
59.5 60.5
59.5 61.5
60.5 14.5
60.5 15.5
60.5 29.5
60.5 30.5
60.5 31.5
60.5 45.5
60.5 46.5
60.5 58.5
60.5 59.5
60.5 60.5
61.5 13.5
61.5 14.5
61.5 15.5
61.5 29.5
61.5 30.5
61.5 44.5
61.5 58.5
61.5 59.5
62.5 13.5
62.5 14.5
