6.5 34.5
7.5 15.5
7.5 32.5
7.5 52.5
7.5 53.5
7.5 54.5
7.5 55.5
8.5 12.5
8.5 13.5
8.5 30.5
8.5 31.5
8.5 48.5
8.5 49.5
8.5 50.5
8.5 51.5
8.5 52.5
9.5 9.5
9.5 10.5
9.5 11.5
9.5 28.5
9.5 29.5
10.5 8.5
10.5 40.5
10.5 41.5
11.5 21.5
11.5 38.5
11.5 39.5
11.5 63.5
12.5 18.5
12.5 19.5
12.5 36.5
12.5 37.5
12.5 59.5
12.5 60.5
12.5 61.5
13.5 16.5
13.5 17.5
13.5 34.5
13.5 35.5
13.5 56.5
13.5 57.5
13.5 58.5
14.5 14.5
19.5 15.5
19.5 16.5
19.5 35.5
19.5 36.5
19.5 37.5
19.5 55.5
19.5 56.5
20.5 17.5
20.5 18.5
20.5 37.5
20.5 38.5
20.5 39.5
20.5 52.5
20.5 53.5
20.5 54.5
21.5 20.5
21.5 21.5
21.5 40.5
21.5 41.5
21.5 49.5
21.5 50.5
21.5 51.5
22.5 43.5
23.5 8.5
23.5 28.5
23.5 29.5
23.5 63.5
24.5 9.5
24.5 10.5
24.5 11.5
24.5 30.5
24.5 31.5
24.5 32.5
24.5 60.5
24.5 61.5
24.5 62.5
25.5 12.5
25.5 13.5
25.5 33.5
25.5 34.5
25.5 58.5
25.5 59.5
26.5 14.5
26.5 15.5
26.5 36.5
26.5 56.5
31.5 14.5
31.5 34.5
31.5 35.5
31.5 36.5
32.5 16.5
32.5 17.5
32.5 31.5
32.5 32.5
32.5 33.5
32.5 54.5
32.5 55.5
32.5 56.5
33.5 18.5
33.5 19.5
33.5 20.5
33.5 28.5
33.5 29.5
33.5 30.5
33.5 52.5
33.5 53.5
34.5 22.5
34.5 50.5
34.5 51.5
36.5 7.5
36.5 8.5
36.5 9.5
36.5 10.5
36.5 40.5
36.5 41.5
36.5 42.5
36.5 43.5
36.5 61.5
36.5 62.5
37.5 11.5
37.5 12.5
37.5 13.5
37.5 37.5
37.5 38.5
37.5 39.5
37.5 59.5
37.5 60.5
38.5 58.5
38.5 59.5
39.5 56.5
43.5 14.5
43.5 15.5
43.5 35.5
43.5 56.5
44.5 11.5
44.5 12.5
44.5 37.5
44.5 38.5
44.5 39.5
44.5 58.5
45.5 8.5
45.5 9.5
45.5 10.5
45.5 39.5
45.5 40.5
45.5 41.5
45.5 60.5
45.5 61.5
46.5 6.5
46.5 42.5
46.5 43.5
46.5 62.5
46.5 63.5
47.5 21.5
47.5 22.5
47.5 29.5
47.5 30.5
48.5 18.5
48.5 19.5
48.5 31.5
48.5 32.5
48.5 50.5
48.5 51.5
48.5 52.5
49.5 16.5
49.5 17.5
49.5 33.5
49.5 34.5
49.5 53.5
49.5 54.5
49.5 55.5
49.5 56.5
50.5 14.5
50.5 36.5
55.5 16.5
55.5 36.5
55.5 55.5
56.5 13.5
56.5 14.5
56.5 15.5
56.5 34.5
56.5 35.5
56.5 56.5
56.5 57.5
56.5 58.5
56.5 59.5
57.5 11.5
57.5 12.5
57.5 13.5
57.5 32.5
57.5 33.5
57.5 60.5
57.5 61.5
57.5 62.5
58.5 9.5
58.5 10.5
58.5 11.5
58.5 30.5
58.5 31.5
59.5 8.5
59.5 24.5
60.5 22.5
60.5 23.5
60.5 42.5
60.5 48.5
60.5 49.5
61.5 20.5
61.5 21.5
61.5 40.5
61.5 41.5
61.5 50.5
61.5 51.5
61.5 52.5
62.5 18.5
62.5 19.5
62.5 38.5
62.5 39.5
62.5 53.5
62.5 54.5
62.5 55.5
63.5 17.5
63.5 36.5
63.5 37.5
