6.5 12.5
6.5 13.5
6.5 28.5
6.5 43.5
6.5 59.5
6.5 60.5
6.5 61.5
7.5 14.5
7.5 15.5
7.5 16.5
7.5 29.5
7.5 30.5
7.5 44.5
7.5 45.5
7.5 46.5
7.5 61.5
7.5 62.5
7.5 63.5
7.5 64.5
8.5 16.5
8.5 17.5
8.5 18.5
8.5 30.5
8.5 31.5
8.5 32.5
8.5 46.5
8.5 47.5
8.5 48.5
9.5 22.5
9.5 32.5
9.5 33.5
9.5 48.5
9.5 49.5
9.5 53.5
9.5 54.5
10.5 8.5
10.5 9.5
10.5 23.5
10.5 24.5
10.5 38.5
10.5 54.5
10.5 55.5
10.5 56.5
10.5 57.5
11.5 9.5
11.5 10.5
11.5 11.5
11.5 24.5
11.5 25.5
11.5 26.5
11.5 39.5
11.5 40.5
11.5 41.5
11.5 56.5
11.5 57.5
11.5 58.5
11.5 59.5
12.5 12.5
12.5 13.5
12.5 26.5
12.5 27.5
12.5 41.5
12.5 42.5
12.5 43.5
13.5 43.5
13.5 44.5
16.5 11.5
16.5 12.5
16.5 58.5
16.5 59.5
17.5 13.5
17.5 14.5
17.5 15.5
17.5 23.5
17.5 24.5
17.5 25.5
17.5 26.5
17.5 42.5
17.5 43.5
17.5 44.5
17.5 45.5
17.5 59.5
17.5 60.5
17.5 61.5
18.5 16.5
18.5 17.5
18.5 21.5
18.5 22.5
18.5 23.5
18.5 46.5
18.5 47.5
18.5 48.5
18.5 60.5
18.5 61.5
18.5 62.5
19.5 52.5
19.5 63.5
20.5 7.5
20.5 8.5
20.5 9.5
20.5 38.5
20.5 39.5
20.5 53.5
20.5 54.5
21.5 9.5
21.5 10.5
21.5 11.5
21.5 27.5
21.5 28.5
21.5 29.5
21.5 30.5
21.5 31.5
21.5 32.5
21.5 33.5
21.5 39.5
21.5 40.5
21.5 41.5
21.5 42.5
21.5 55.5
21.5 56.5
22.5 42.5
22.5 43.5
22.5 57.5
22.5 58.5
25.5 12.5
26.5 10.5
26.5 11.5
26.5 43.5
26.5 44.5
26.5 55.5
26.5 56.5
26.5 57.5
27.5 9.5
27.5 10.5
27.5 25.5
27.5 26.5
27.5 27.5
27.5 28.5
27.5 44.5
27.5 45.5
27.5 46.5
27.5 52.5
27.5 53.5
27.5 54.5
27.5 55.5
27.5 56.5
28.5 8.5
28.5 9.5
28.5 23.5
28.5 24.5
28.5 25.5
28.5 26.5
28.5 27.5
28.5 46.5
28.5 47.5
28.5 51.5
28.5 52.5
28.5 53.5
29.5 7.5
29.5 8.5
29.5 17.5
29.5 21.5
29.5 22.5
29.5 23.5
29.5 24.5
30.5 15.5
30.5 16.5
30.5 34.5
30.5 38.5
30.5 39.5
30.5 40.5
30.5 61.5
30.5 62.5
30.5 63.5
30.5 64.5
31.5 14.5
31.5 15.5
31.5 31.5
31.5 32.5
31.5 33.5
31.5 40.5
31.5 41.5
31.5 42.5
31.5 58.5
31.5 59.5
31.5 60.5
31.5 61.5
32.5 13.5
32.5 14.5
32.5 30.5
32.5 31.5
32.5 42.5
32.5 43.5
32.5 57.5
33.5 12.5
33.5 13.5
33.5 28.5
33.5 29.5
34.5 11.5
34.5 12.5
36.5 43.5
36.5 57.5
36.5 58.5
37.5 44.5
37.5 45.5
37.5 58.5
37.5 59.5
37.5 60.5
38.5 12.5
38.5 13.5
38.5 27.5
38.5 28.5
38.5 29.5
38.5 45.5
38.5 46.5
38.5 60.5
38.5 61.5
38.5 62.5
39.5 14.5
39.5 15.5
39.5 16.5
39.5 28.5
39.5 29.5
39.5 30.5
39.5 31.5
39.5 46.5
39.5 47.5
39.5 52.5
39.5 63.5
39.5 64.5
40.5 17.5
40.5 30.5
40.5 31.5
40.5 32.5
40.5 33.5
40.5 48.5
40.5 53.5
40.5 54.5
41.5 6.5
41.5 7.5
41.5 8.5
41.5 9.5
41.5 21.5
41.5 22.5
41.5 33.5
41.5 34.5
41.5 38.5
41.5 39.5
41.5 54.5
41.5 55.5
41.5 56.5
42.5 8.5
42.5 9.5
42.5 10.5
42.5 11.5
42.5 23.5
42.5 24.5
42.5 39.5
42.5 40.5
42.5 41.5
42.5 56.5
42.5 57.5
43.5 25.5
43.5 26.5
43.5 41.5
43.5 42.5
43.5 43.5
43.5 57.5
43.5 58.5
44.5 27.5
44.5 43.5
44.5 44.5
47.5 11.5
47.5 12.5
47.5 58.5
47.5 59.5
48.5 9.5
48.5 10.5
48.5 11.5
48.5 59.5
48.5 60.5
48.5 61.5
49.5 8.5
49.5 9.5
49.5 24.5
49.5 25.5
49.5 26.5
49.5 27.5
49.5 28.5
49.5 42.5
49.5 43.5
49.5 44.5
49.5 45.5
49.5 46.5
49.5 61.5
49.5 62.5
50.5 7.5
50.5 18.5
50.5 22.5
50.5 23.5
50.5 24.5
50.5 25.5
50.5 45.5
50.5 46.5
50.5 47.5
50.5 48.5
50.5 62.5
50.5 63.5
50.5 64.5
51.5 16.5
51.5 17.5
51.5 52.5
51.5 53.5
52.5 15.5
52.5 16.5
52.5 33.5
52.5 34.5
52.5 39.5
52.5 40.5
52.5 53.5
52.5 54.5
52.5 55.5
52.5 56.5
53.5 13.5
53.5 14.5
53.5 15.5
53.5 30.5
53.5 31.5
53.5 32.5
53.5 40.5
53.5 41.5
53.5 56.5
53.5 57.5
53.5 58.5
54.5 13.5
54.5 28.5
54.5 29.5
54.5 30.5
54.5 43.5
54.5 59.5
57.5 43.5
58.5 13.5
58.5 14.5
58.5 44.5
58.5 45.5
58.5 57.5
58.5 58.5
58.5 59.5
59.5 10.5
59.5 11.5
59.5 12.5
59.5 28.5
59.5 29.5
59.5 30.5
59.5 31.5
59.5 32.5
59.5 45.5
59.5 46.5
59.5 53.5
59.5 54.5
59.5 55.5
59.5 56.5
59.5 57.5
60.5 8.5
60.5 9.5
60.5 10.5
60.5 32.5
60.5 33.5
60.5 34.5
60.5 47.5
60.5 51.5
60.5 52.5
60.5 53.5
60.5 54.5
61.5 18.5
61.5 22.5
61.5 37.5
61.5 38.5
61.5 39.5
61.5 64.5
62.5 15.5
62.5 16.5
62.5 17.5
62.5 23.5
62.5 24.5
62.5 25.5
62.5 39.5
62.5 40.5
62.5 41.5
62.5 42.5
62.5 61.5
62.5 62.5
62.5 63.5
63.5 14.5
63.5 15.5
63.5 25.5
63.5 26.5
63.5 27.5
63.5 41.5
63.5 42.5
63.5 43.5
63.5 59.5
63.5 60.5
64.5 57.5
