4.5 18.5
4.5 29.5
4.5 62.5
5.5 9.5
5.5 19.5
5.5 30.5
5.5 51.5
5.5 61.5
6.5 14.5
6.5 20.5
6.5 31.5
6.5 52.5
6.5 61.5
7.5 10.5
7.5 21.5
7.5 32.5
7.5 52.5
7.5 60.5
8.5 11.5
8.5 15.5
8.5 22.5
8.5 26.5
8.5 33.5
8.5 53.5
8.5 66.5
9.5 5.5
9.5 11.5
9.5 16.5
9.5 23.5
9.5 27.5
9.5 34.5
9.5 43.5
9.5 53.5
9.5 59.5
10.5 6.5
10.5 12.5
10.5 24.5
10.5 28.5
10.5 46.5
10.5 54.5
10.5 58.5
10.5 65.5
11.5 17.5
11.5 29.5
11.5 42.5
11.5 47.5
11.5 58.5
11.5 64.5
12.5 7.5
12.5 13.5
12.5 18.5
12.5 29.5
12.5 48.5
12.5 55.5
12.5 57.5
13.5 8.5
13.5 18.5
13.5 30.5
13.5 41.5
13.5 49.5
13.5 63.5
14.5 19.5
14.5 31.5
14.5 50.5
14.5 62.5
15.5 9.5
15.5 29.5
15.5 40.5
15.5 50.5
16.5 10.5
16.5 20.5
16.5 30.5
16.5 51.5
16.5 60.5
16.5 61.5
17.5 11.5
17.5 30.5
17.5 39.5
17.5 52.5
18.5 20.5
18.5 31.5
18.5 39.5
18.5 51.5
18.5 61.5
19.5 10.5
19.5 31.5
19.5 50.5
19.5 62.5
20.5 21.5
20.5 32.5
20.5 38.5
20.5 44.5
20.5 49.5
20.5 62.5
21.5 9.5
21.5 14.5
21.5 22.5
21.5 26.5
21.5 32.5
21.5 48.5
21.5 57.5
21.5 63.5
22.5 16.5
22.5 22.5
22.5 33.5
22.5 37.5
22.5 43.5
22.5 55.5
22.5 63.5
23.5 8.5
23.5 13.5
23.5 17.5
23.5 23.5
23.5 27.5
23.5 37.5
23.5 42.5
23.5 45.5
23.5 54.5
23.5 58.5
23.5 64.5
24.5 13.5
24.5 28.5
24.5 34.5
24.5 44.5
24.5 53.5
25.5 7.5
25.5 18.5
25.5 24.5
25.5 28.5
25.5 36.5
25.5 41.5
25.5 52.5
25.5 59.5
25.5 65.5
26.5 12.5
26.5 19.5
26.5 29.5
26.5 40.5
26.5 51.5
27.5 20.5
27.5 50.5
27.5 60.5
28.5 11.5
28.5 30.5
28.5 39.5
28.5 49.5
29.5 10.5
29.5 21.5
29.5 22.5
29.5 38.5
29.5 49.5
29.5 61.5
30.5 21.5
30.5 40.5
30.5 50.5
31.5 20.5
31.5 30.5
31.5 39.5
31.5 44.5
31.5 51.5
31.5 60.5
32.5 12.5
32.5 19.5
32.5 29.5
32.5 39.5
32.5 52.5
33.5 18.5
33.5 25.5
33.5 28.5
33.5 35.5
33.5 46.5
33.5 53.5
33.5 59.5
33.5 64.5
34.5 8.5
34.5 13.5
34.5 17.5
34.5 24.5
34.5 34.5
34.5 38.5
34.5 43.5
34.5 47.5
34.5 54.5
35.5 8.5
35.5 14.5
35.5 16.5
35.5 23.5
35.5 33.5
35.5 43.5
35.5 48.5
35.5 55.5
35.5 63.5
36.5 9.5
36.5 22.5
36.5 26.5
36.5 33.5
36.5 37.5
36.5 48.5
36.5 57.5
36.5 62.5
37.5 9.5
37.5 21.5
37.5 25.5
37.5 32.5
37.5 42.5
37.5 49.5
37.5 62.5
38.5 10.5
38.5 31.5
38.5 42.5
38.5 50.5
38.5 61.5
39.5 10.5
39.5 30.5
39.5 51.5
40.5 9.5
40.5 11.5
40.5 29.5
40.5 51.5
40.5 60.5
41.5 10.5
41.5 20.5
41.5 30.5
41.5 41.5
41.5 42.5
41.5 50.5
41.5 52.5
41.5 61.5
42.5 20.5
42.5 51.5
43.5 11.5
43.5 19.5
43.5 31.5
43.5 57.5
43.5 62.5
44.5 12.5
44.5 19.5
44.5 25.5
44.5 32.5
44.5 40.5
44.5 52.5
44.5 63.5
45.5 6.5
45.5 12.5
45.5 39.5
45.5 45.5
45.5 53.5
45.5 58.5
46.5 13.5
46.5 18.5
46.5 24.5
46.5 27.5
46.5 33.5
46.5 38.5
46.5 45.5
46.5 46.5
46.5 53.5
46.5 64.5
47.5 7.5
47.5 28.5
47.5 34.5
47.5 37.5
47.5 44.5
47.5 47.5
47.5 54.5
47.5 59.5
48.5 8.5
48.5 14.5
48.5 17.5
48.5 23.5
48.5 28.5
48.5 43.5
48.5 48.5
48.5 55.5
49.5 15.5
49.5 29.5
49.5 42.5
49.5 49.5
49.5 60.5
50.5 9.5
50.5 16.5
50.5 22.5
50.5 29.5
50.5 41.5
50.5 50.5
50.5 56.5
51.5 10.5
51.5 30.5
51.5 40.5
51.5 51.5
51.5 61.5
52.5 21.5
52.5 39.5
52.5 52.5
52.5 60.5
53.5 11.5
53.5 31.5
53.5 41.5
53.5 53.5
53.5 62.5
54.5 10.5
54.5 12.5
54.5 20.5
54.5 52.5
55.5 11.5
55.5 21.5
55.5 40.5
55.5 51.5
55.5 62.5
56.5 11.5
56.5 22.5
56.5 30.5
56.5 50.5
56.5 63.5
57.5 12.5
57.5 23.5
57.5 39.5
57.5 49.5
57.5 57.5
58.5 6.5
58.5 12.5
58.5 16.5
58.5 24.5
58.5 29.5
58.5 34.5
58.5 39.5
58.5 44.5
58.5 48.5
58.5 55.5
58.5 64.5
59.5 13.5
59.5 17.5
59.5 34.5
59.5 38.5
59.5 47.5
59.5 54.5
59.5 58.5
59.5 65.5
60.5 7.5
60.5 13.5
60.5 18.5
60.5 28.5
60.5 33.5
60.5 38.5
60.5 43.5
60.5 46.5
60.5 54.5
60.5 59.5
61.5 14.5
61.5 19.5
61.5 33.5
61.5 37.5
61.5 53.5
61.5 59.5
62.5 8.5
62.5 20.5
62.5 33.5
62.5 42.5
62.5 52.5
62.5 60.5
63.5 21.5
63.5 32.5
63.5 52.5
63.5 60.5
64.5 9.5
64.5 32.5
64.5 41.5
64.5 51.5
64.5 61.5
