5.5 35.5
6.5 11.5
6.5 23.5
6.5 36.5
6.5 47.5
6.5 48.5
6.5 60.5
7.5 12.5
7.5 13.5
7.5 21.5
7.5 22.5
7.5 36.5
7.5 37.5
7.5 48.5
7.5 49.5
7.5 50.5
7.5 60.5
7.5 61.5
7.5 62.5
8.5 13.5
8.5 14.5
8.5 19.5
8.5 20.5
8.5 21.5
8.5 37.5
8.5 50.5
8.5 51.5
8.5 63.5
9.5 15.5
9.5 27.5
9.5 28.5
9.5 32.5
9.5 42.5
9.5 43.5
9.5 55.5
10.5 6.5
10.5 7.5
10.5 8.5
10.5 26.5
10.5 27.5
10.5 33.5
10.5 43.5
10.5 44.5
10.5 45.5
10.5 56.5
10.5 57.5
11.5 7.5
11.5 8.5
11.5 9.5
11.5 10.5
11.5 25.5
11.5 26.5
11.5 33.5
11.5 34.5
11.5 45.5
11.5 46.5
11.5 57.5
11.5 58.5
12.5 9.5
12.5 10.5
12.5 11.5
12.5 24.5
12.5 34.5
15.5 58.5
16.5 23.5
16.5 24.5
16.5 34.5
16.5 46.5
16.5 57.5
16.5 58.5
17.5 10.5
17.5 11.5
17.5 12.5
17.5 13.5
17.5 22.5
17.5 23.5
17.5 34.5
17.5 44.5
17.5 45.5
17.5 46.5
17.5 56.5
17.5 57.5
18.5 12.5
18.5 13.5
18.5 14.5
18.5 15.5
18.5 20.5
18.5 21.5
18.5 22.5
18.5 33.5
18.5 43.5
18.5 44.5
18.5 55.5
18.5 56.5
19.5 15.5
19.5 32.5
19.5 51.5
19.5 62.5
19.5 63.5
20.5 27.5
20.5 28.5
20.5 38.5
20.5 39.5
20.5 49.5
20.5 50.5
20.5 61.5
20.5 62.5
21.5 6.5
21.5 7.5
21.5 25.5
21.5 26.5
21.5 27.5
21.5 37.5
21.5 38.5
21.5 49.5
21.5 60.5
21.5 61.5
22.5 7.5
22.5 8.5
22.5 9.5
22.5 24.5
22.5 25.5
22.5 36.5
22.5 37.5
22.5 48.5
22.5 60.5
23.5 9.5
23.5 10.5
23.5 11.5
26.5 36.5
26.5 48.5
26.5 60.5
27.5 25.5
27.5 26.5
27.5 37.5
27.5 38.5
27.5 49.5
27.5 50.5
27.5 61.5
27.5 62.5
28.5 11.5
28.5 12.5
28.5 13.5
28.5 14.5
28.5 26.5
28.5 27.5
28.5 38.5
28.5 39.5
28.5 50.5
28.5 51.5
28.5 62.5
28.5 63.5
29.5 12.5
29.5 13.5
29.5 14.5
29.5 27.5
29.5 28.5
29.5 39.5
30.5 19.5
30.5 20.5
30.5 28.5
30.5 33.5
30.5 44.5
30.5 45.5
30.5 56.5
30.5 57.5
31.5 6.5
31.5 7.5
31.5 20.5
31.5 21.5
31.5 22.5
31.5 33.5
31.5 34.5
31.5 45.5
31.5 46.5
31.5 57.5
31.5 58.5
31.5 59.5
32.5 8.5
32.5 9.5
32.5 21.5
32.5 22.5
32.5 23.5
32.5 34.5
32.5 46.5
32.5 47.5
32.5 59.5
33.5 23.5
33.5 34.5
33.5 35.5
34.5 35.5
36.5 10.5
36.5 47.5
36.5 59.5
36.5 60.5
37.5 8.5
37.5 9.5
37.5 45.5
37.5 46.5
37.5 57.5
37.5 58.5
37.5 59.5
38.5 7.5
38.5 8.5
38.5 20.5
38.5 21.5
38.5 22.5
38.5 23.5
38.5 36.5
38.5 37.5
38.5 44.5
38.5 45.5
38.5 56.5
38.5 57.5
39.5 7.5
39.5 19.5
39.5 20.5
39.5 37.5
39.5 38.5
39.5 43.5
40.5 13.5
40.5 14.5
40.5 49.5
40.5 50.5
40.5 51.5
40.5 63.5
40.5 64.5
41.5 12.5
41.5 13.5
41.5 26.5
41.5 27.5
41.5 32.5
41.5 33.5
41.5 48.5
41.5 49.5
41.5 50.5
41.5 62.5
41.5 63.5
42.5 11.5
42.5 12.5
42.5 24.5
42.5 25.5
42.5 26.5
42.5 33.5
42.5 34.5
42.5 35.5
42.5 47.5
42.5 48.5
42.5 61.5
46.5 11.5
46.5 35.5
46.5 47.5
46.5 48.5
46.5 61.5
47.5 9.5
47.5 10.5
47.5 22.5
47.5 23.5
47.5 35.5
47.5 36.5
47.5 45.5
47.5 46.5
47.5 47.5
47.5 62.5
47.5 63.5
48.5 8.5
48.5 9.5
48.5 21.5
48.5 22.5
48.5 36.5
48.5 37.5
48.5 43.5
48.5 44.5
48.5 45.5
48.5 63.5
48.5 64.5
49.5 7.5
49.5 21.5
49.5 22.5
49.5 38.5
49.5 43.5
50.5 15.5
50.5 16.5
50.5 20.5
50.5 27.5
50.5 31.5
50.5 51.5
50.5 52.5
50.5 53.5
50.5 57.5
50.5 58.5
51.5 13.5
51.5 14.5
51.5 15.5
51.5 26.5
51.5 27.5
51.5 32.5
51.5 33.5
51.5 49.5
51.5 50.5
51.5 51.5
51.5 52.5
51.5 58.5
51.5 59.5
52.5 11.5
52.5 12.5
52.5 13.5
52.5 14.5
52.5 25.5
52.5 26.5
52.5 32.5
52.5 33.5
52.5 48.5
52.5 49.5
52.5 50.5
52.5 59.5
52.5 60.5
53.5 25.5
53.5 34.5
54.5 24.5
57.5 11.5
57.5 12.5
57.5 34.5
57.5 61.5
57.5 62.5
58.5 8.5
58.5 9.5
58.5 10.5
58.5 11.5
58.5 25.5
58.5 32.5
58.5 33.5
58.5 45.5
58.5 46.5
58.5 47.5
58.5 48.5
58.5 62.5
58.5 63.5
59.5 26.5
59.5 31.5
59.5 32.5
59.5 44.5
59.5 45.5
59.5 46.5
60.5 27.5
60.5 57.5
60.5 58.5
61.5 14.5
61.5 15.5
61.5 16.5
61.5 21.5
61.5 22.5
61.5 37.5
61.5 38.5
61.5 51.5
61.5 52.5
61.5 58.5
61.5 59.5
61.5 60.5
62.5 12.5
62.5 13.5
62.5 14.5
62.5 22.5
62.5 23.5
62.5 36.5
62.5 37.5
62.5 50.5
62.5 51.5
62.5 60.5
63.5 24.5
63.5 35.5
63.5 36.5
63.5 49.5
