5.5 24.5
5.5 35.5
5.5 60.5
6.5 11.5
6.5 24.5
6.5 34.5
6.5 35.5
6.5 48.5
6.5 59.5
7.5 10.5
7.5 25.5
7.5 34.5
7.5 49.5
7.5 50.5
7.5 57.5
7.5 58.5
8.5 9.5
8.5 10.5
8.5 26.5
8.5 33.5
8.5 34.5
8.5 50.5
8.5 51.5
8.5 56.5
8.5 57.5
9.5 8.5
9.5 26.5
9.5 27.5
9.5 32.5
9.5 33.5
9.5 52.5
10.5 7.5
10.5 27.5
10.5 32.5
10.5 45.5
10.5 63.5
10.5 64.5
11.5 14.5
11.5 15.5
11.5 20.5
11.5 41.5
11.5 46.5
11.5 62.5
11.5 63.5
12.5 13.5
12.5 14.5
12.5 21.5
12.5 40.5
12.5 46.5
12.5 47.5
12.5 61.5
12.5 62.5
13.5 12.5
13.5 13.5
13.5 22.5
13.5 23.5
13.5 39.5
13.5 47.5
13.5 48.5
13.5 60.5
13.5 61.5
14.5 11.5
14.5 23.5
14.5 24.5
14.5 38.5
14.5 48.5
15.5 37.5
17.5 60.5
18.5 11.5
18.5 50.5
18.5 59.5
18.5 60.5
19.5 12.5
19.5 23.5
19.5 36.5
19.5 50.5
19.5 58.5
19.5 59.5
20.5 13.5
20.5 21.5
20.5 22.5
20.5 37.5
20.5 38.5
20.5 50.5
20.5 51.5
20.5 57.5
20.5 58.5
21.5 14.5
21.5 20.5
21.5 21.5
21.5 39.5
21.5 40.5
21.5 51.5
21.5 57.5
22.5 7.5
22.5 15.5
22.5 19.5
22.5 40.5
22.5 41.5
22.5 51.5
22.5 56.5
23.5 8.5
23.5 27.5
23.5 28.5
23.5 32.5
23.5 45.5
23.5 64.5
24.5 9.5
24.5 26.5
24.5 27.5
24.5 33.5
24.5 34.5
24.5 46.5
24.5 63.5
24.5 64.5
25.5 10.5
25.5 25.5
25.5 34.5
25.5 35.5
25.5 46.5
25.5 47.5
25.5 62.5
25.5 63.5
26.5 11.5
26.5 24.5
26.5 35.5
26.5 47.5
26.5 48.5
26.5 61.5
26.5 62.5
27.5 60.5
30.5 24.5
31.5 12.5
31.5 13.5
31.5 23.5
31.5 36.5
31.5 47.5
32.5 13.5
32.5 14.5
32.5 22.5
32.5 37.5
32.5 46.5
32.5 59.5
32.5 60.5
33.5 14.5
33.5 15.5
33.5 21.5
33.5 38.5
33.5 45.5
33.5 58.5
33.5 59.5
34.5 15.5
34.5 16.5
34.5 20.5
34.5 39.5
34.5 44.5
34.5 57.5
34.5 58.5
35.5 7.5
35.5 27.5
35.5 28.5
35.5 32.5
35.5 40.5
35.5 51.5
35.5 56.5
36.5 8.5
36.5 9.5
36.5 26.5
36.5 27.5
36.5 33.5
36.5 50.5
36.5 64.5
36.5 65.5
37.5 9.5
37.5 10.5
37.5 25.5
37.5 26.5
37.5 34.5
37.5 49.5
37.5 50.5
37.5 63.5
38.5 11.5
38.5 25.5
38.5 35.5
38.5 48.5
38.5 49.5
38.5 61.5
38.5 62.5
39.5 36.5
39.5 48.5
39.5 60.5
42.5 24.5
43.5 11.5
43.5 12.5
43.5 24.5
43.5 25.5
43.5 37.5
43.5 48.5
43.5 60.5
44.5 12.5
44.5 13.5
44.5 14.5
44.5 25.5
44.5 26.5
44.5 38.5
44.5 46.5
44.5 47.5
44.5 61.5
44.5 62.5
45.5 14.5
45.5 15.5
45.5 26.5
45.5 39.5
45.5 45.5
45.5 46.5
45.5 62.5
45.5 63.5
46.5 20.5
46.5 27.5
46.5 40.5
46.5 44.5
46.5 45.5
46.5 63.5
46.5 64.5
47.5 8.5
47.5 20.5
47.5 21.5
47.5 31.5
47.5 32.5
47.5 51.5
47.5 65.5
48.5 9.5
48.5 21.5
48.5 33.5
48.5 34.5
48.5 51.5
48.5 56.5
49.5 10.5
49.5 22.5
49.5 34.5
49.5 35.5
49.5 36.5
49.5 50.5
49.5 57.5
50.5 11.5
50.5 23.5
50.5 37.5
50.5 49.5
50.5 58.5
51.5 49.5
51.5 59.5
54.5 22.5
54.5 36.5
55.5 13.5
55.5 22.5
55.5 34.5
55.5 35.5
56.5 14.5
56.5 21.5
56.5 32.5
56.5 33.5
56.5 47.5
56.5 60.5
57.5 14.5
57.5 15.5
57.5 21.5
57.5 31.5
57.5 32.5
57.5 46.5
57.5 60.5
57.5 61.5
58.5 15.5
58.5 20.5
58.5 30.5
58.5 45.5
58.5 46.5
58.5 61.5
58.5 62.5
59.5 9.5
59.5 16.5
59.5 20.5
59.5 26.5
59.5 39.5
59.5 40.5
59.5 45.5
59.5 62.5
60.5 9.5
60.5 10.5
60.5 25.5
60.5 38.5
60.5 39.5
60.5 44.5
60.5 51.5
60.5 63.5
61.5 10.5
61.5 11.5
61.5 24.5
61.5 36.5
61.5 37.5
61.5 50.5
61.5 56.5
62.5 11.5
62.5 24.5
62.5 35.5
62.5 36.5
62.5 49.5
62.5 57.5
63.5 12.5
63.5 23.5
63.5 48.5
63.5 58.5
64.5 47.5
64.5 59.5
