5.5 56.5
6.5 13.5
6.5 14.5
6.5 15.5
6.5 16.5
6.5 35.5
6.5 36.5
6.5 53.5
6.5 54.5
6.5 55.5
7.5 9.5
7.5 10.5
7.5 11.5
7.5 12.5
7.5 13.5
7.5 36.5
7.5 37.5
7.5 38.5
7.5 39.5
7.5 40.5
7.5 50.5
7.5 51.5
7.5 52.5
7.5 53.5
8.5 39.5
8.5 40.5
8.5 41.5
8.5 42.5
8.5 48.5
8.5 49.5
8.5 50.5
9.5 43.5
9.5 61.5
9.5 62.5
9.5 63.5
10.5 17.5
10.5 18.5
10.5 19.5
10.5 20.5
10.5 21.5
10.5 22.5
10.5 23.5
10.5 28.5
10.5 29.5
10.5 58.5
10.5 59.5
10.5 60.5
10.5 61.5
11.5 15.5
11.5 16.5
11.5 17.5
11.5 18.5
11.5 19.5
11.5 20.5
11.5 29.5
11.5 30.5
11.5 31.5
11.5 32.5
11.5 33.5
11.5 56.5
11.5 57.5
11.5 58.5
11.5 59.5
12.5 32.5
12.5 33.5
12.5 34.5
12.5 35.5
12.5 36.5
12.5 55.5
12.5 56.5
17.5 11.5
17.5 12.5
17.5 13.5
17.5 14.5
17.5 15.5
17.5 34.5
17.5 35.5
17.5 56.5
17.5 57.5
17.5 58.5
17.5 59.5
18.5 8.5
18.5 9.5
18.5 10.5
18.5 11.5
18.5 12.5
18.5 13.5
18.5 35.5
18.5 36.5
18.5 37.5
18.5 38.5
18.5 39.5
18.5 40.5
18.5 59.5
18.5 60.5
18.5 61.5
18.5 62.5
19.5 8.5
19.5 38.5
19.5 39.5
19.5 40.5
19.5 41.5
19.5 42.5
19.5 62.5
19.5 63.5
19.5 64.5
20.5 48.5
20.5 49.5
21.5 21.5
21.5 22.5
21.5 23.5
21.5 27.5
21.5 28.5
21.5 49.5
21.5 50.5
21.5 51.5
21.5 52.5
21.5 53.5
22.5 17.5
22.5 18.5
22.5 19.5
22.5 20.5
22.5 21.5
22.5 29.5
22.5 30.5
22.5 31.5
22.5 32.5
22.5 52.5
22.5 53.5
22.5 54.5
22.5 55.5
22.5 56.5
23.5 15.5
23.5 16.5
23.5 17.5
23.5 18.5
23.5 32.5
23.5 33.5
23.5 34.5
23.5 35.5
23.5 57.5
27.5 54.5
27.5 55.5
27.5 56.5
27.5 57.5
28.5 11.5
28.5 12.5
28.5 13.5
28.5 14.5
28.5 15.5
28.5 34.5
28.5 35.5
28.5 36.5
28.5 50.5
28.5 51.5
28.5 52.5
28.5 53.5
28.5 54.5
29.5 8.5
29.5 9.5
29.5 10.5
29.5 11.5
29.5 12.5
29.5 31.5
29.5 32.5
29.5 33.5
29.5 34.5
29.5 48.5
29.5 49.5
30.5 29.5
30.5 30.5
30.5 31.5
30.5 32.5
30.5 43.5
30.5 44.5
31.5 40.5
31.5 41.5
31.5 42.5
31.5 59.5
31.5 60.5
31.5 61.5
31.5 62.5
31.5 63.5
32.5 15.5
32.5 16.5
32.5 17.5
32.5 18.5
32.5 19.5
32.5 20.5
32.5 21.5
32.5 22.5
32.5 37.5
32.5 38.5
32.5 39.5
32.5 40.5
32.5 56.5
32.5 57.5
32.5 58.5
32.5 59.5
32.5 60.5
33.5 13.5
33.5 14.5
33.5 15.5
33.5 16.5
33.5 36.5
37.5 36.5
37.5 37.5
37.5 38.5
37.5 39.5
37.5 40.5
37.5 55.5
37.5 56.5
37.5 57.5
38.5 11.5
38.5 12.5
38.5 13.5
38.5 14.5
38.5 15.5
38.5 16.5
38.5 38.5
38.5 39.5
38.5 40.5
38.5 41.5
38.5 42.5
38.5 43.5
38.5 51.5
38.5 52.5
38.5 53.5
38.5 54.5
38.5 55.5
38.5 56.5
39.5 7.5
39.5 8.5
39.5 9.5
39.5 10.5
39.5 11.5
39.5 12.5
39.5 13.5
39.5 42.5
39.5 43.5
39.5 44.5
39.5 49.5
39.5 50.5
39.5 51.5
39.5 52.5
41.5 21.5
41.5 22.5
41.5 23.5
41.5 29.5
41.5 30.5
41.5 31.5
41.5 32.5
41.5 33.5
42.5 18.5
42.5 19.5
42.5 20.5
42.5 32.5
42.5 33.5
42.5 34.5
42.5 35.5
42.5 36.5
42.5 58.5
42.5 59.5
42.5 60.5
42.5 61.5
42.5 62.5
43.5 15.5
43.5 16.5
43.5 17.5
43.5 55.5
43.5 56.5
43.5 57.5
43.5 58.5
43.5 59.5
47.5 14.5
47.5 15.5
47.5 16.5
47.5 17.5
47.5 18.5
47.5 35.5
47.5 36.5
47.5 37.5
48.5 18.5
48.5 19.5
48.5 20.5
48.5 21.5
48.5 22.5
48.5 37.5
48.5 38.5
48.5 39.5
48.5 40.5
48.5 41.5
48.5 56.5
48.5 57.5
49.5 40.5
49.5 41.5
49.5 42.5
49.5 43.5
49.5 57.5
49.5 58.5
49.5 59.5
49.5 60.5
50.5 8.5
50.5 9.5
50.5 10.5
50.5 29.5
50.5 30.5
50.5 31.5
50.5 59.5
50.5 60.5
50.5 61.5
50.5 62.5
51.5 11.5
51.5 12.5
51.5 13.5
51.5 14.5
51.5 15.5
51.5 31.5
51.5 32.5
51.5 33.5
51.5 49.5
51.5 50.5
51.5 62.5
51.5 63.5
52.5 34.5
52.5 35.5
52.5 36.5
52.5 50.5
52.5 51.5
52.5 52.5
52.5 53.5
53.5 53.5
53.5 54.5
53.5 55.5
54.5 55.5
54.5 56.5
56.5 15.5
56.5 16.5
56.5 17.5
57.5 16.5
57.5 17.5
57.5 18.5
57.5 19.5
57.5 32.5
57.5 33.5
57.5 34.5
57.5 35.5
57.5 36.5
58.5 18.5
58.5 19.5
58.5 20.5
58.5 21.5
58.5 29.5
58.5 30.5
58.5 31.5
58.5 32.5
58.5 33.5
58.5 34.5
59.5 21.5
59.5 22.5
59.5 23.5
59.5 28.5
59.5 29.5
59.5 30.5
59.5 31.5
59.5 52.5
59.5 53.5
59.5 54.5
59.5 55.5
59.5 56.5
60.5 7.5
60.5 8.5
60.5 9.5
60.5 49.5
60.5 50.5
60.5 51.5
60.5 52.5
60.5 53.5
61.5 9.5
61.5 10.5
61.5 11.5
61.5 12.5
61.5 42.5
61.5 43.5
61.5 47.5
61.5 48.5
61.5 49.5
61.5 50.5
62.5 12.5
62.5 13.5
62.5 14.5
62.5 15.5
62.5 38.5
62.5 39.5
62.5 40.5
62.5 41.5
62.5 42.5
62.5 62.5
62.5 63.5
62.5 64.5
63.5 15.5
63.5 16.5
63.5 36.5
63.5 37.5
63.5 38.5
63.5 39.5
63.5 58.5
63.5 59.5
63.5 60.5
63.5 61.5
64.5 34.5
64.5 35.5
64.5 36.5
64.5 55.5
64.5 56.5
64.5 57.5
64.5 58.5
