6.5 11.5
6.5 12.5
6.5 24.5
6.5 36.5
6.5 48.5
6.5 60.5
7.5 11.5
7.5 12.5
7.5 24.5
7.5 25.5
7.5 36.5
7.5 37.5
7.5 48.5
7.5 49.5
7.5 60.5
7.5 61.5
8.5 12.5
8.5 13.5
8.5 25.5
8.5 26.5
8.5 36.5
8.5 37.5
8.5 38.5
8.5 48.5
8.5 49.5
8.5 50.5
8.5 61.5
8.5 62.5
9.5 12.5
9.5 13.5
9.5 25.5
9.5 26.5
9.5 27.5
9.5 37.5
9.5 38.5
9.5 49.5
9.5 50.5
9.5 61.5
9.5 62.5
10.5 13.5
10.5 14.5
10.5 26.5
10.5 27.5
10.5 38.5
10.5 39.5
10.5 49.5
10.5 50.5
10.5 51.5
10.5 55.5
10.5 62.5
10.5 63.5
11.5 7.5
11.5 13.5
11.5 14.5
11.5 19.5
11.5 26.5
11.5 27.5
11.5 28.5
11.5 32.5
11.5 33.5
11.5 39.5
11.5 43.5
11.5 44.5
11.5 50.5
11.5 51.5
11.5 55.5
11.5 56.5
11.5 63.5
11.5 64.5
12.5 8.5
12.5 14.5
12.5 15.5
12.5 19.5
12.5 20.5
12.5 27.5
12.5 28.5
12.5 32.5
12.5 33.5
12.5 40.5
12.5 44.5
12.5 45.5
12.5 56.5
12.5 57.5
12.5 63.5
12.5 64.5
13.5 8.5
13.5 9.5
13.5 15.5
13.5 19.5
13.5 20.5
13.5 21.5
13.5 33.5
13.5 34.5
13.5 44.5
13.5 45.5
13.5 56.5
13.5 57.5
13.5 58.5
14.5 8.5
14.5 9.5
14.5 20.5
14.5 21.5
14.5 22.5
14.5 33.5
14.5 34.5
14.5 45.5
14.5 46.5
14.5 57.5
14.5 58.5
14.5 59.5
15.5 8.5
15.5 9.5
15.5 10.5
15.5 21.5
15.5 22.5
15.5 34.5
15.5 35.5
15.5 45.5
15.5 46.5
15.5 58.5
15.5 59.5
16.5 9.5
16.5 10.5
16.5 21.5
16.5 22.5
16.5 23.5
16.5 34.5
16.5 35.5
16.5 46.5
16.5 59.5
16.5 60.5
17.5 9.5
17.5 10.5
17.5 22.5
17.5 23.5
17.5 35.5
18.5 10.5
18.5 23.5
18.5 24.5
19.5 46.5
20.5 36.5
20.5 46.5
20.5 58.5
20.5 59.5
20.5 68.5
21.5 36.5
21.5 37.5
21.5 45.5
21.5 46.5
21.5 57.5
21.5 58.5
21.5 59.5
22.5 11.5
22.5 23.5
22.5 24.5
22.5 36.5
22.5 37.5
22.5 45.5
22.5 46.5
22.5 57.5
22.5 58.5
22.5 59.5
23.5 11.5
23.5 12.5
23.5 23.5
23.5 24.5
23.5 25.5
23.5 37.5
23.5 38.5
23.5 44.5
23.5 45.5
23.5 56.5
23.5 57.5
23.5 58.5
24.5 12.5
24.5 13.5
24.5 24.5
24.5 25.5
24.5 26.5
24.5 37.5
24.5 38.5
24.5 39.5
24.5 44.5
24.5 45.5
24.5 56.5
24.5 57.5
24.5 58.5
25.5 12.5
25.5 13.5
25.5 25.5
25.5 26.5
25.5 27.5
25.5 38.5
25.5 39.5
25.5 44.5
25.5 50.5
25.5 51.5
25.5 56.5
25.5 57.5
25.5 64.5
26.5 13.5
26.5 14.5
26.5 25.5
26.5 26.5
26.5 27.5
26.5 32.5
26.5 39.5
26.5 43.5
26.5 44.5
26.5 49.5
26.5 50.5
26.5 51.5
26.5 56.5
26.5 57.5
26.5 63.5
26.5 64.5
27.5 13.5
27.5 14.5
27.5 19.5
27.5 26.5
27.5 27.5
27.5 28.5
27.5 32.5
27.5 33.5
27.5 49.5
27.5 50.5
27.5 56.5
27.5 62.5
27.5 63.5
28.5 7.5
28.5 8.5
28.5 14.5
28.5 15.5
28.5 19.5
28.5 20.5
28.5 28.5
28.5 33.5
28.5 34.5
28.5 49.5
28.5 50.5
28.5 62.5
28.5 63.5
29.5 7.5
29.5 8.5
29.5 9.5
29.5 15.5
29.5 20.5
29.5 21.5
29.5 33.5
29.5 34.5
29.5 35.5
29.5 48.5
29.5 49.5
29.5 50.5
29.5 61.5
29.5 62.5
30.5 7.5
30.5 8.5
30.5 9.5
30.5 20.5
30.5 21.5
30.5 22.5
30.5 34.5
30.5 35.5
30.5 48.5
30.5 49.5
30.5 61.5
30.5 62.5
31.5 8.5
31.5 9.5
31.5 10.5
31.5 21.5
31.5 22.5
31.5 35.5
31.5 36.5
31.5 48.5
31.5 49.5
31.5 60.5
31.5 61.5
32.5 9.5
32.5 10.5
32.5 11.5
32.5 22.5
32.5 23.5
32.5 36.5
32.5 48.5
32.5 60.5
33.5 10.5
33.5 11.5
33.5 23.5
34.5 11.5
35.5 36.5
35.5 48.5
35.5 60.5
36.5 36.5
36.5 37.5
36.5 48.5
36.5 49.5
36.5 60.5
36.5 61.5
37.5 24.5
37.5 36.5
37.5 37.5
37.5 49.5
37.5 50.5
37.5 60.5
37.5 61.5
38.5 10.5
38.5 11.5
38.5 24.5
38.5 25.5
38.5 36.5
38.5 37.5
38.5 38.5
38.5 49.5
38.5 50.5
38.5 61.5
38.5 62.5
39.5 8.5
39.5 9.5
39.5 10.5
39.5 24.5
39.5 25.5
39.5 37.5
39.5 38.5
39.5 50.5
39.5 51.5
39.5 61.5
39.5 62.5
40.5 7.5
40.5 8.5
40.5 9.5
40.5 10.5
40.5 24.5
40.5 25.5
40.5 26.5
40.5 37.5
40.5 38.5
40.5 39.5
40.5 50.5
40.5 51.5
40.5 62.5
40.5 63.5
41.5 7.5
41.5 8.5
41.5 25.5
41.5 26.5
41.5 31.5
41.5 38.5
41.5 39.5
41.5 44.5
41.5 51.5
41.5 52.5
41.5 56.5
41.5 62.5
41.5 63.5
42.5 6.5
42.5 7.5
42.5 15.5
42.5 19.5
42.5 25.5
42.5 26.5
42.5 27.5
42.5 31.5
42.5 32.5
42.5 39.5
42.5 44.5
42.5 45.5
42.5 51.5
42.5 52.5
42.5 56.5
42.5 57.5
42.5 62.5
42.5 63.5
43.5 14.5
43.5 15.5
43.5 19.5
43.5 20.5
43.5 26.5
43.5 27.5
43.5 32.5
43.5 33.5
43.5 44.5
43.5 45.5
43.5 46.5
43.5 57.5
43.5 58.5
43.5 63.5
44.5 13.5
44.5 14.5
44.5 20.5
44.5 21.5
44.5 32.5
44.5 33.5
44.5 45.5
44.5 46.5
44.5 57.5
44.5 58.5
45.5 12.5
45.5 13.5
45.5 14.5
45.5 20.5
45.5 21.5
45.5 32.5
45.5 33.5
45.5 34.5
45.5 45.5
45.5 46.5
45.5 47.5
45.5 57.5
45.5 58.5
45.5 59.5
46.5 11.5
46.5 12.5
46.5 13.5
46.5 21.5
46.5 22.5
46.5 33.5
46.5 34.5
46.5 46.5
46.5 47.5
46.5 58.5
46.5 59.5
47.5 11.5
47.5 12.5
47.5 21.5
47.5 22.5
47.5 34.5
47.5 35.5
47.5 47.5
47.5 58.5
47.5 59.5
48.5 11.5
48.5 22.5
48.5 34.5
48.5 35.5
48.5 48.5
48.5 59.5
49.5 23.5
52.5 10.5
52.5 23.5
52.5 34.5
52.5 35.5
52.5 47.5
52.5 59.5
53.5 9.5
53.5 10.5
53.5 22.5
53.5 23.5
53.5 34.5
53.5 35.5
53.5 46.5
53.5 47.5
53.5 59.5
54.5 9.5
54.5 10.5
54.5 21.5
54.5 22.5
54.5 33.5
54.5 34.5
54.5 45.5
54.5 46.5
54.5 47.5
54.5 58.5
54.5 59.5
55.5 8.5
55.5 9.5
55.5 10.5
55.5 21.5
55.5 22.5
55.5 33.5
55.5 34.5
55.5 45.5
55.5 46.5
55.5 58.5
55.5 59.5
56.5 8.5
56.5 9.5
56.5 21.5
56.5 22.5
56.5 32.5
56.5 33.5
56.5 44.5
56.5 45.5
56.5 46.5
56.5 58.5
56.5 59.5
57.5 8.5
57.5 9.5
57.5 20.5
57.5 21.5
57.5 27.5
57.5 32.5
57.5 33.5
57.5 39.5
57.5 44.5
57.5 45.5
57.5 53.5
57.5 58.5
57.5 59.5
58.5 7.5
58.5 8.5
58.5 15.5
58.5 16.5
58.5 20.5
58.5 21.5
58.5 27.5
58.5 32.5
58.5 38.5
58.5 39.5
58.5 43.5
58.5 44.5
58.5 52.5
58.5 53.5
58.5 57.5
58.5 58.5
58.5 64.5
59.5 14.5
59.5 15.5
59.5 20.5
59.5 26.5
59.5 27.5
59.5 38.5
59.5 39.5
59.5 43.5
59.5 44.5
59.5 51.5
59.5 52.5
59.5 57.5
59.5 58.5
59.5 63.5
59.5 64.5
60.5 13.5
60.5 14.5
60.5 15.5
60.5 25.5
60.5 26.5
60.5 27.5
60.5 37.5
60.5 38.5
60.5 50.5
60.5 51.5
60.5 52.5
60.5 63.5
60.5 64.5
61.5 13.5
61.5 14.5
61.5 25.5
61.5 26.5
61.5 37.5
61.5 38.5
61.5 49.5
61.5 50.5
61.5 51.5
61.5 62.5
61.5 63.5
61.5 64.5
62.5 12.5
62.5 13.5
62.5 14.5
62.5 25.5
62.5 26.5
62.5 37.5
62.5 38.5
62.5 49.5
62.5 50.5
62.5 51.5
62.5 62.5
62.5 63.5
63.5 12.5
63.5 13.5
63.5 25.5
63.5 37.5
63.5 48.5
63.5 49.5
63.5 50.5
63.5 62.5
63.5 63.5
64.5 12.5
64.5 36.5
64.5 37.5
64.5 48.5
64.5 49.5
64.5 62.5
