7.5 12.5
7.5 13.5
7.5 22.5
7.5 36.5
8.5 13.5
8.5 21.5
8.5 22.5
8.5 36.5
8.5 37.5
8.5 46.5
8.5 59.5
9.5 13.5
9.5 14.5
9.5 21.5
9.5 37.5
9.5 45.5
9.5 46.5
9.5 59.5
10.5 14.5
10.5 20.5
10.5 37.5
10.5 38.5
10.5 45.5
10.5 58.5
10.5 59.5
11.5 38.5
11.5 45.5
11.5 58.5
12.5 7.5
12.5 57.5
13.5 7.5
13.5 8.5
13.5 25.5
13.5 32.5
13.5 51.5
13.5 64.5
14.5 8.5
14.5 9.5
14.5 25.5
14.5 32.5
14.5 50.5
14.5 51.5
14.5 63.5
15.5 9.5
15.5 24.5
15.5 33.5
15.5 50.5
15.5 63.5
16.5 9.5
16.5 24.5
16.5 33.5
16.5 34.5
16.5 49.5
16.5 50.5
16.5 62.5
17.5 34.5
17.5 49.5
17.5 62.5
22.5 23.5
23.5 11.5
23.5 24.5
23.5 34.5
23.5 49.5
23.5 62.5
24.5 11.5
24.5 12.5
24.5 24.5
24.5 25.5
24.5 33.5
24.5 34.5
24.5 50.5
24.5 62.5
25.5 12.5
25.5 25.5
25.5 32.5
25.5 33.5
25.5 51.5
25.5 63.5
26.5 13.5
26.5 26.5
26.5 31.5
26.5 52.5
26.5 63.5
27.5 5.5
27.5 19.5
28.5 6.5
28.5 20.5
28.5 38.5
28.5 39.5
28.5 45.5
28.5 58.5
29.5 7.5
29.5 20.5
29.5 21.5
29.5 37.5
29.5 38.5
29.5 46.5
29.5 58.5
29.5 59.5
30.5 7.5
30.5 8.5
30.5 21.5
30.5 36.5
30.5 37.5
30.5 47.5
30.5 59.5
31.5 8.5
31.5 21.5
31.5 48.5
31.5 60.5
37.5 8.5
37.5 23.5
37.5 34.5
37.5 35.5
37.5 48.5
37.5 61.5
38.5 8.5
38.5 23.5
38.5 24.5
38.5 33.5
38.5 34.5
38.5 47.5
38.5 62.5
39.5 7.5
39.5 8.5
39.5 24.5
39.5 33.5
39.5 46.5
39.5 47.5
39.5 62.5
40.5 7.5
40.5 24.5
40.5 25.5
40.5 32.5
40.5 33.5
40.5 46.5
40.5 63.5
41.5 6.5
41.5 25.5
41.5 32.5
42.5 40.5
42.5 51.5
42.5 57.5
43.5 13.5
43.5 39.5
43.5 51.5
43.5 57.5
44.5 12.5
44.5 19.5
44.5 38.5
44.5 50.5
44.5 58.5
45.5 12.5
45.5 19.5
45.5 20.5
45.5 37.5
45.5 50.5
45.5 58.5
46.5 11.5
46.5 12.5
46.5 20.5
46.5 21.5
46.5 36.5
46.5 59.5
47.5 11.5
47.5 21.5
52.5 49.5
52.5 60.5
53.5 9.5
53.5 37.5
53.5 61.5
54.5 9.5
54.5 23.5
54.5 24.5
54.5 37.5
54.5 38.5
54.5 50.5
54.5 61.5
54.5 62.5
55.5 8.5
55.5 9.5
55.5 24.5
55.5 25.5
55.5 38.5
55.5 39.5
55.5 50.5
55.5 62.5
56.5 8.5
56.5 25.5
56.5 38.5
56.5 39.5
56.5 51.5
56.5 63.5
57.5 8.5
57.5 26.5
57.5 39.5
58.5 32.5
58.5 46.5
58.5 56.5
58.5 57.5
59.5 13.5
59.5 18.5
59.5 32.5
59.5 33.5
59.5 46.5
59.5 57.5
60.5 12.5
60.5 13.5
60.5 19.5
60.5 33.5
60.5 46.5
60.5 47.5
60.5 58.5
61.5 12.5
61.5 20.5
61.5 34.5
61.5 47.5
61.5 59.5
62.5 12.5
62.5 21.5
62.5 34.5
62.5 47.5
63.5 11.5
63.5 22.5
