4.5 10.5
5.5 9.5
5.5 23.5
5.5 47.5
6.5 8.5
6.5 22.5
6.5 23.5
6.5 48.5
6.5 59.5
7.5 8.5
7.5 21.5
7.5 22.5
7.5 38.5
7.5 48.5
7.5 57.5
7.5 58.5
8.5 7.5
8.5 15.5
8.5 20.5
8.5 21.5
8.5 35.5
8.5 36.5
8.5 49.5
8.5 56.5
8.5 57.5
9.5 6.5
9.5 14.5
9.5 19.5
9.5 20.5
9.5 32.5
9.5 33.5
9.5 49.5
9.5 55.5
9.5 56.5
10.5 13.5
10.5 19.5
10.5 28.5
10.5 30.5
10.5 50.5
10.5 54.5
10.5 65.5
11.5 12.5
11.5 13.5
11.5 27.5
11.5 40.5
11.5 41.5
11.5 44.5
11.5 63.5
11.5 64.5
12.5 12.5
12.5 25.5
12.5 38.5
12.5 39.5
12.5 45.5
12.5 62.5
13.5 11.5
13.5 24.5
13.5 36.5
13.5 37.5
13.5 46.5
13.5 60.5
13.5 61.5
14.5 10.5
14.5 23.5
14.5 35.5
14.5 47.5
14.5 59.5
15.5 48.5
17.5 13.5
17.5 24.5
17.5 36.5
17.5 48.5
17.5 58.5
18.5 11.5
18.5 25.5
18.5 35.5
18.5 47.5
18.5 59.5
19.5 9.5
19.5 10.5
19.5 26.5
19.5 34.5
19.5 46.5
19.5 47.5
19.5 60.5
19.5 61.5
20.5 8.5
20.5 9.5
20.5 26.5
20.5 27.5
20.5 33.5
20.5 34.5
20.5 46.5
20.5 61.5
20.5 62.5
21.5 7.5
21.5 17.5
21.5 20.5
21.5 27.5
21.5 32.5
21.5 33.5
21.5 45.5
21.5 53.5
21.5 55.5
21.5 63.5
22.5 6.5
22.5 16.5
22.5 21.5
22.5 28.5
22.5 32.5
22.5 40.5
22.5 44.5
22.5 52.5
22.5 56.5
22.5 64.5
23.5 14.5
23.5 15.5
23.5 21.5
23.5 22.5
23.5 29.5
23.5 31.5
23.5 39.5
23.5 43.5
23.5 51.5
23.5 57.5
24.5 13.5
24.5 14.5
24.5 22.5
24.5 23.5
24.5 38.5
24.5 50.5
24.5 57.5
24.5 58.5
25.5 12.5
25.5 23.5
25.5 37.5
25.5 49.5
25.5 58.5
25.5 59.5
26.5 11.5
26.5 24.5
26.5 36.5
26.5 48.5
26.5 59.5
27.5 25.5
27.5 35.5
27.5 47.5
27.5 60.5
29.5 10.5
29.5 25.5
30.5 11.5
30.5 12.5
30.5 23.5
30.5 24.5
30.5 36.5
30.5 49.5
30.5 60.5
31.5 12.5
31.5 13.5
31.5 22.5
31.5 35.5
31.5 48.5
31.5 61.5
32.5 14.5
32.5 21.5
32.5 34.5
32.5 47.5
32.5 61.5
33.5 6.5
33.5 15.5
33.5 16.5
33.5 20.5
33.5 34.5
33.5 46.5
33.5 62.5
34.5 7.5
34.5 17.5
34.5 19.5
34.5 27.5
34.5 28.5
34.5 33.5
34.5 41.5
34.5 45.5
34.5 56.5
34.5 63.5
35.5 8.5
35.5 26.5
35.5 27.5
35.5 32.5
35.5 40.5
35.5 44.5
35.5 52.5
35.5 56.5
35.5 63.5
36.5 8.5
36.5 9.5
36.5 25.5
36.5 26.5
36.5 32.5
36.5 39.5
36.5 43.5
36.5 51.5
36.5 57.5
36.5 64.5
37.5 9.5
37.5 10.5
37.5 25.5
37.5 31.5
37.5 38.5
37.5 39.5
37.5 50.5
37.5 57.5
37.5 58.5
38.5 10.5
38.5 24.5
38.5 37.5
38.5 38.5
38.5 50.5
38.5 58.5
39.5 11.5
39.5 23.5
39.5 36.5
39.5 37.5
39.5 49.5
39.5 58.5
39.5 59.5
40.5 35.5
40.5 36.5
40.5 48.5
40.5 59.5
42.5 11.5
43.5 12.5
43.5 23.5
43.5 24.5
43.5 35.5
43.5 48.5
43.5 59.5
44.5 13.5
44.5 14.5
44.5 22.5
44.5 23.5
44.5 36.5
44.5 37.5
44.5 47.5
44.5 58.5
45.5 14.5
45.5 15.5
45.5 21.5
45.5 37.5
45.5 38.5
45.5 47.5
45.5 57.5
46.5 16.5
46.5 20.5
46.5 39.5
46.5 40.5
46.5 46.5
46.5 56.5
46.5 64.5
46.5 68.5
47.5 6.5
47.5 17.5
47.5 40.5
47.5 41.5
47.5 45.5
47.5 52.5
47.5 55.5
47.5 63.5
48.5 8.5
48.5 9.5
48.5 27.5
48.5 31.5
48.5 42.5
48.5 45.5
48.5 51.5
48.5 54.5
48.5 62.5
49.5 9.5
49.5 10.5
49.5 26.5
49.5 33.5
49.5 44.5
49.5 50.5
49.5 61.5
50.5 12.5
50.5 25.5
50.5 34.5
50.5 35.5
50.5 49.5
50.5 59.5
50.5 60.5
51.5 24.5
51.5 36.5
51.5 48.5
52.5 37.5
53.5 10.5
53.5 25.5
54.5 11.5
54.5 24.5
54.5 48.5
54.5 59.5
54.5 60.5
55.5 12.5
55.5 23.5
55.5 35.5
55.5 49.5
55.5 60.5
55.5 61.5
56.5 13.5
56.5 22.5
56.5 23.5
56.5 37.5
56.5 50.5
56.5 61.5
56.5 62.5
57.5 14.5
57.5 22.5
57.5 38.5
57.5 39.5
57.5 50.5
57.5 51.5
57.5 55.5
57.5 62.5
57.5 63.5
58.5 7.5
58.5 15.5
58.5 21.5
58.5 40.5
58.5 44.5
58.5 51.5
58.5 56.5
58.5 63.5
58.5 64.5
59.5 8.5
59.5 16.5
59.5 20.5
59.5 28.5
59.5 30.5
59.5 41.5
59.5 42.5
59.5 45.5
59.5 52.5
59.5 56.5
60.5 8.5
60.5 9.5
60.5 17.5
60.5 19.5
60.5 27.5
60.5 31.5
60.5 32.5
60.5 46.5
60.5 57.5
61.5 9.5
61.5 26.5
61.5 33.5
61.5 34.5
61.5 47.5
61.5 58.5
62.5 10.5
62.5 25.5
62.5 34.5
62.5 35.5
62.5 48.5
62.5 59.5
63.5 11.5
63.5 24.5
63.5 36.5
63.5 37.5
63.5 49.5
64.5 12.5
64.5 23.5
