6.5 10.5
7.5 11.5
7.5 22.5
7.5 61.5
8.5 11.5
8.5 21.5
8.5 34.5
9.5 12.5
9.5 20.5
9.5 21.5
9.5 33.5
9.5 48.5
9.5 49.5
9.5 62.5
10.5 13.5
10.5 20.5
10.5 33.5
10.5 50.5
10.5 62.5
11.5 13.5
11.5 19.5
11.5 32.5
11.5 51.5
11.5 63.5
12.5 6.5
13.5 7.5
13.5 26.5
13.5 57.5
14.5 7.5
14.5 25.5
14.5 44.5
14.5 58.5
15.5 8.5
15.5 24.5
15.5 37.5
15.5 45.5
15.5 58.5
16.5 9.5
16.5 24.5
16.5 36.5
16.5 46.5
17.5 35.5
21.5 48.5
21.5 58.5
22.5 22.5
22.5 35.5
22.5 49.5
22.5 58.5
23.5 8.5
23.5 49.5
23.5 57.5
24.5 7.5
24.5 8.5
24.5 21.5
24.5 34.5
24.5 50.5
24.5 57.5
25.5 20.5
25.5 33.5
25.5 51.5
26.5 20.5
26.5 33.5
27.5 13.5
27.5 19.5
27.5 45.5
27.5 62.5
28.5 13.5
28.5 19.5
28.5 27.5
28.5 39.5
29.5 12.5
29.5 26.5
29.5 39.5
29.5 46.5
29.5 61.5
30.5 12.5
30.5 25.5
30.5 38.5
30.5 47.5
30.5 61.5
31.5 11.5
31.5 25.5
31.5 48.5
32.5 11.5
32.5 24.5
32.5 37.5
36.5 49.5
37.5 9.5
37.5 59.5
38.5 9.5
38.5 38.5
38.5 50.5
38.5 58.5
39.5 9.5
39.5 24.5
39.5 38.5
39.5 50.5
39.5 58.5
40.5 8.5
40.5 24.5
40.5 39.5
40.5 51.5
40.5 57.5
41.5 8.5
41.5 25.5
41.5 51.5
41.5 57.5
42.5 8.5
42.5 26.5
42.5 40.5
42.5 45.5
42.5 63.5
43.5 26.5
43.5 32.5
43.5 63.5
44.5 14.5
44.5 19.5
44.5 33.5
44.5 46.5
44.5 62.5
45.5 13.5
45.5 20.5
45.5 34.5
45.5 62.5
46.5 12.5
46.5 34.5
46.5 47.5
46.5 61.5
47.5 12.5
47.5 21.5
47.5 35.5
47.5 61.5
48.5 11.5
53.5 10.5
53.5 35.5
53.5 49.5
54.5 9.5
54.5 21.5
54.5 35.5
54.5 61.5
55.5 8.5
55.5 34.5
55.5 50.5
55.5 62.5
56.5 20.5
56.5 33.5
56.5 63.5
57.5 14.5
57.5 32.5
57.5 51.5
57.5 64.5
58.5 13.5
58.5 26.5
58.5 57.5
59.5 13.5
59.5 26.5
59.5 39.5
59.5 45.5
59.5 57.5
60.5 12.5
60.5 25.5
60.5 38.5
60.5 46.5
60.5 58.5
61.5 25.5
61.5 38.5
61.5 46.5
61.5 59.5
62.5 24.5
62.5 37.5
62.5 47.5
62.5 59.5
63.5 47.5
