7.5 29.5
8.5 11.5
8.5 12.5
8.5 29.5
8.5 30.5
8.5 42.5
9.5 10.5
9.5 11.5
9.5 12.5
9.5 29.5
9.5 30.5
9.5 31.5
9.5 41.5
9.5 42.5
9.5 57.5
9.5 58.5
10.5 10.5
10.5 11.5
10.5 12.5
10.5 30.5
10.5 31.5
10.5 32.5
10.5 40.5
10.5 41.5
10.5 42.5
10.5 56.5
10.5 57.5
10.5 58.5
11.5 9.5
11.5 10.5
11.5 11.5
11.5 30.5
11.5 31.5
11.5 32.5
11.5 40.5
11.5 41.5
11.5 42.5
11.5 55.5
11.5 56.5
11.5 57.5
12.5 8.5
12.5 9.5
12.5 10.5
12.5 11.5
12.5 31.5
12.5 32.5
12.5 33.5
12.5 39.5
12.5 40.5
12.5 41.5
12.5 54.5
12.5 55.5
12.5 56.5
12.5 57.5
13.5 8.5
13.5 9.5
13.5 10.5
13.5 32.5
13.5 33.5
13.5 39.5
13.5 40.5
13.5 54.5
13.5 55.5
13.5 56.5
14.5 8.5
14.5 9.5
14.5 24.5
14.5 39.5
14.5 54.5
14.5 55.5
15.5 16.5
15.5 17.5
15.5 24.5
15.5 25.5
15.5 47.5
15.5 63.5
15.5 64.5
16.5 15.5
16.5 16.5
16.5 17.5
16.5 24.5
16.5 25.5
16.5 26.5
16.5 46.5
16.5 47.5
16.5 62.5
16.5 63.5
16.5 64.5
17.5 15.5
17.5 16.5
17.5 17.5
17.5 24.5
17.5 25.5
17.5 26.5
17.5 45.5
17.5 46.5
17.5 47.5
17.5 61.5
17.5 62.5
17.5 63.5
18.5 14.5
18.5 15.5
18.5 16.5
18.5 25.5
18.5 26.5
18.5 27.5
18.5 44.5
18.5 45.5
18.5 46.5
18.5 60.5
18.5 61.5
18.5 62.5
18.5 63.5
19.5 14.5
19.5 15.5
19.5 25.5
19.5 26.5
19.5 27.5
19.5 44.5
19.5 45.5
19.5 46.5
19.5 60.5
19.5 61.5
19.5 62.5
20.5 13.5
20.5 14.5
20.5 15.5
20.5 26.5
20.5 27.5
20.5 44.5
20.5 45.5
20.5 59.5
20.5 60.5
20.5 61.5
21.5 13.5
21.5 59.5
21.5 60.5
28.5 11.5
28.5 12.5
28.5 28.5
28.5 29.5
28.5 43.5
28.5 44.5
28.5 60.5
29.5 10.5
29.5 11.5
29.5 28.5
29.5 29.5
29.5 30.5
29.5 44.5
29.5 45.5
29.5 60.5
29.5 61.5
30.5 9.5
30.5 10.5
30.5 11.5
30.5 29.5
30.5 30.5
30.5 31.5
30.5 44.5
30.5 45.5
30.5 60.5
30.5 61.5
30.5 62.5
31.5 9.5
31.5 10.5
31.5 11.5
31.5 29.5
31.5 30.5
31.5 31.5
31.5 44.5
31.5 45.5
31.5 46.5
31.5 60.5
31.5 61.5
31.5 62.5
31.5 63.5
32.5 8.5
32.5 9.5
32.5 10.5
32.5 30.5
32.5 31.5
32.5 32.5
32.5 45.5
32.5 46.5
32.5 61.5
32.5 62.5
32.5 63.5
33.5 8.5
33.5 9.5
33.5 30.5
33.5 31.5
33.5 32.5
33.5 45.5
33.5 46.5
33.5 62.5
33.5 63.5
33.5 64.5
34.5 8.5
34.5 31.5
34.5 32.5
34.5 38.5
34.5 39.5
34.5 46.5
34.5 63.5
34.5 64.5
35.5 16.5
35.5 17.5
35.5 24.5
35.5 38.5
35.5 39.5
35.5 53.5
35.5 54.5
36.5 15.5
36.5 16.5
36.5 17.5
36.5 24.5
36.5 25.5
36.5 38.5
36.5 39.5
36.5 40.5
36.5 53.5
36.5 54.5
36.5 55.5
37.5 15.5
37.5 16.5
37.5 17.5
37.5 24.5
37.5 25.5
37.5 26.5
37.5 39.5
37.5 40.5
37.5 54.5
37.5 55.5
37.5 56.5
38.5 14.5
38.5 15.5
38.5 16.5
38.5 17.5
38.5 24.5
38.5 25.5
38.5 26.5
38.5 39.5
38.5 40.5
38.5 41.5
38.5 54.5
38.5 55.5
38.5 56.5
38.5 57.5
39.5 14.5
39.5 15.5
39.5 16.5
39.5 25.5
39.5 26.5
39.5 40.5
39.5 41.5
39.5 55.5
39.5 56.5
39.5 57.5
40.5 13.5
40.5 14.5
40.5 15.5
40.5 16.5
40.5 25.5
40.5 26.5
40.5 27.5
40.5 40.5
40.5 41.5
40.5 56.5
40.5 57.5
40.5 58.5
41.5 13.5
41.5 14.5
41.5 15.5
41.5 26.5
41.5 27.5
41.5 41.5
41.5 57.5
41.5 58.5
42.5 27.5
48.5 41.5
49.5 11.5
49.5 12.5
49.5 13.5
49.5 29.5
49.5 30.5
49.5 40.5
49.5 41.5
49.5 56.5
49.5 57.5
49.5 58.5
50.5 10.5
50.5 11.5
50.5 12.5
50.5 29.5
50.5 30.5
50.5 39.5
50.5 40.5
50.5 41.5
50.5 55.5
50.5 56.5
50.5 57.5
50.5 58.5
51.5 10.5
51.5 11.5
51.5 12.5
51.5 29.5
51.5 30.5
51.5 31.5
51.5 39.5
51.5 40.5
51.5 41.5
51.5 55.5
51.5 56.5
51.5 57.5
52.5 9.5
52.5 10.5
52.5 11.5
52.5 12.5
52.5 30.5
52.5 31.5
52.5 32.5
52.5 39.5
52.5 40.5
52.5 54.5
52.5 55.5
52.5 56.5
52.5 57.5
53.5 9.5
53.5 10.5
53.5 11.5
53.5 30.5
53.5 31.5
53.5 32.5
53.5 38.5
53.5 39.5
53.5 40.5
53.5 54.5
53.5 55.5
53.5 56.5
54.5 8.5
54.5 9.5
54.5 10.5
54.5 31.5
54.5 32.5
54.5 38.5
54.5 39.5
54.5 54.5
54.5 55.5
55.5 9.5
55.5 32.5
55.5 38.5
55.5 46.5
55.5 47.5
56.5 17.5
56.5 18.5
56.5 24.5
56.5 25.5
56.5 45.5
56.5 46.5
56.5 47.5
56.5 62.5
56.5 63.5
57.5 16.5
57.5 17.5
57.5 24.5
57.5 25.5
57.5 26.5
57.5 45.5
57.5 46.5
57.5 47.5
57.5 61.5
57.5 62.5
57.5 63.5
58.5 15.5
58.5 16.5
58.5 17.5
58.5 24.5
58.5 25.5
58.5 26.5
58.5 44.5
58.5 45.5
58.5 46.5
58.5 61.5
58.5 62.5
58.5 63.5
59.5 14.5
59.5 15.5
59.5 16.5
59.5 25.5
59.5 26.5
59.5 27.5
59.5 44.5
59.5 45.5
59.5 46.5
59.5 60.5
59.5 61.5
59.5 62.5
60.5 14.5
60.5 15.5
60.5 26.5
60.5 27.5
60.5 44.5
60.5 45.5
60.5 60.5
60.5 61.5
60.5 62.5
61.5 14.5
61.5 26.5
61.5 27.5
61.5 28.5
61.5 44.5
61.5 45.5
61.5 60.5
61.5 61.5
62.5 60.5
