6.5 50.5
7.5 9.5
7.5 42.5
7.5 50.5
7.5 61.5
8.5 9.5
8.5 29.5
8.5 42.5
8.5 50.5
8.5 61.5
9.5 9.5
9.5 21.5
9.5 29.5
9.5 42.5
9.5 61.5
10.5 9.5
10.5 21.5
10.5 29.5
10.5 42.5
10.5 43.5
10.5 49.5
10.5 62.5
11.5 8.5
11.5 21.5
11.5 28.5
11.5 29.5
11.5 43.5
11.5 49.5
11.5 62.5
12.5 8.5
12.5 22.5
12.5 28.5
12.5 43.5
12.5 49.5
12.5 62.5
13.5 8.5
13.5 22.5
13.5 28.5
13.5 43.5
13.5 49.5
13.5 57.5
13.5 62.5
14.5 8.5
14.5 17.5
14.5 22.5
14.5 28.5
14.5 44.5
14.5 53.5
14.5 63.5
15.5 7.5
15.5 13.5
15.5 17.5
15.5 27.5
15.5 33.5
15.5 38.5
15.5 44.5
15.5 53.5
15.5 58.5
15.5 63.5
16.5 7.5
16.5 13.5
16.5 18.5
16.5 27.5
16.5 33.5
16.5 38.5
16.5 53.5
16.5 58.5
16.5 63.5
17.5 12.5
17.5 18.5
17.5 33.5
17.5 39.5
17.5 53.5
17.5 58.5
18.5 12.5
18.5 18.5
18.5 32.5
18.5 39.5
18.5 52.5
18.5 53.5
18.5 59.5
19.5 11.5
19.5 12.5
19.5 19.5
19.5 32.5
19.5 39.5
19.5 40.5
19.5 52.5
19.5 59.5
20.5 11.5
20.5 19.5
20.5 32.5
20.5 40.5
20.5 52.5
20.5 59.5
21.5 11.5
21.5 19.5
21.5 31.5
21.5 40.5
21.5 52.5
21.5 60.5
22.5 10.5
22.5 31.5
22.5 40.5
22.5 60.5
23.5 10.5
23.5 31.5
26.5 20.5
26.5 51.5
27.5 10.5
27.5 30.5
27.5 42.5
27.5 51.5
27.5 60.5
28.5 10.5
28.5 21.5
28.5 30.5
28.5 42.5
28.5 60.5
29.5 11.5
29.5 21.5
29.5 29.5
29.5 30.5
29.5 42.5
29.5 43.5
29.5 50.5
29.5 60.5
30.5 11.5
30.5 22.5
30.5 29.5
30.5 43.5
30.5 50.5
30.5 59.5
31.5 11.5
31.5 22.5
31.5 29.5
31.5 43.5
31.5 50.5
31.5 59.5
32.5 11.5
32.5 22.5
32.5 28.5
32.5 29.5
32.5 43.5
32.5 44.5
32.5 50.5
32.5 59.5
33.5 12.5
33.5 17.5
33.5 23.5
33.5 28.5
33.5 44.5
33.5 49.5
33.5 59.5
34.5 7.5
34.5 12.5
34.5 17.5
34.5 23.5
34.5 28.5
34.5 38.5
34.5 44.5
34.5 49.5
34.5 54.5
34.5 63.5
35.5 7.5
35.5 12.5
35.5 18.5
35.5 28.5
35.5 33.5
35.5 38.5
35.5 49.5
35.5 54.5
35.5 58.5
35.5 63.5
36.5 18.5
36.5 33.5
36.5 39.5
36.5 54.5
36.5 58.5
36.5 63.5
37.5 8.5
37.5 18.5
37.5 32.5
37.5 33.5
37.5 39.5
37.5 53.5
37.5 63.5
38.5 8.5
38.5 18.5
38.5 19.5
38.5 32.5
38.5 39.5
38.5 40.5
38.5 53.5
38.5 62.5
39.5 19.5
39.5 32.5
39.5 40.5
39.5 53.5
39.5 62.5
40.5 9.5
40.5 19.5
40.5 31.5
40.5 40.5
40.5 41.5
40.5 53.5
40.5 62.5
41.5 9.5
41.5 19.5
41.5 31.5
41.5 41.5
41.5 52.5
41.5 62.5
42.5 20.5
42.5 52.5
43.5 10.5
46.5 30.5
47.5 10.5
47.5 30.5
47.5 42.5
47.5 51.5
48.5 21.5
48.5 30.5
48.5 42.5
48.5 51.5
49.5 9.5
49.5 21.5
49.5 29.5
49.5 43.5
49.5 51.5
49.5 60.5
50.5 9.5
50.5 21.5
50.5 22.5
50.5 29.5
50.5 43.5
50.5 50.5
50.5 60.5
51.5 9.5
51.5 22.5
51.5 29.5
51.5 43.5
51.5 44.5
51.5 50.5
51.5 60.5
52.5 8.5
52.5 22.5
52.5 29.5
52.5 44.5
52.5 50.5
52.5 60.5
53.5 8.5
53.5 22.5
53.5 28.5
53.5 34.5
53.5 44.5
53.5 49.5
53.5 60.5
54.5 8.5
54.5 22.5
54.5 23.5
54.5 28.5
54.5 34.5
54.5 39.5
54.5 49.5
54.5 64.5
55.5 12.5
55.5 17.5
55.5 23.5
55.5 28.5
55.5 34.5
55.5 39.5
55.5 45.5
55.5 49.5
55.5 54.5
55.5 59.5
56.5 12.5
56.5 17.5
56.5 23.5
56.5 33.5
56.5 39.5
56.5 54.5
56.5 59.5
57.5 12.5
57.5 18.5
57.5 33.5
57.5 40.5
57.5 54.5
57.5 63.5
58.5 12.5
58.5 18.5
58.5 33.5
58.5 40.5
58.5 53.5
58.5 54.5
58.5 63.5
59.5 11.5
59.5 12.5
59.5 18.5
59.5 33.5
59.5 40.5
59.5 53.5
59.5 63.5
60.5 11.5
60.5 19.5
60.5 32.5
60.5 33.5
60.5 40.5
60.5 41.5
60.5 53.5
60.5 63.5
61.5 11.5
61.5 19.5
61.5 32.5
61.5 33.5
61.5 41.5
61.5 53.5
62.5 11.5
62.5 19.5
62.5 32.5
62.5 41.5
62.5 62.5
63.5 11.5
63.5 20.5
63.5 32.5
63.5 62.5
64.5 20.5
64.5 32.5
