6.5 12.5
6.5 13.5
6.5 14.5
6.5 15.5
6.5 24.5
6.5 25.5
6.5 26.5
6.5 27.5
6.5 28.5
6.5 42.5
6.5 43.5
6.5 44.5
6.5 45.5
6.5 58.5
6.5 59.5
6.5 60.5
6.5 61.5
7.5 13.5
7.5 14.5
7.5 15.5
7.5 16.5
7.5 17.5
7.5 22.5
7.5 23.5
7.5 24.5
7.5 25.5
7.5 26.5
7.5 27.5
7.5 42.5
7.5 43.5
7.5 44.5
7.5 45.5
7.5 46.5
7.5 47.5
7.5 59.5
7.5 60.5
7.5 61.5
7.5 62.5
8.5 14.5
8.5 15.5
8.5 16.5
8.5 17.5
8.5 22.5
8.5 23.5
8.5 24.5
8.5 25.5
8.5 43.5
8.5 44.5
8.5 45.5
8.5 46.5
8.5 47.5
8.5 60.5
8.5 61.5
8.5 62.5
8.5 63.5
9.5 7.5
9.5 8.5
9.5 9.5
9.5 32.5
9.5 45.5
9.5 46.5
9.5 47.5
9.5 53.5
9.5 54.5
9.5 62.5
9.5 63.5
9.5 64.5
10.5 7.5
10.5 8.5
10.5 9.5
10.5 10.5
10.5 11.5
10.5 29.5
10.5 30.5
10.5 31.5
10.5 32.5
10.5 33.5
10.5 37.5
10.5 38.5
10.5 39.5
10.5 52.5
10.5 53.5
10.5 54.5
10.5 55.5
10.5 56.5
11.5 8.5
11.5 9.5
11.5 10.5
11.5 11.5
11.5 12.5
11.5 28.5
11.5 29.5
11.5 30.5
11.5 31.5
11.5 32.5
11.5 38.5
11.5 39.5
11.5 40.5
11.5 53.5
11.5 54.5
11.5 55.5
11.5 56.5
11.5 57.5
11.5 58.5
12.5 11.5
12.5 12.5
12.5 27.5
12.5 28.5
12.5 29.5
12.5 30.5
12.5 38.5
12.5 39.5
12.5 40.5
12.5 41.5
12.5 54.5
12.5 55.5
12.5 56.5
12.5 57.5
12.5 58.5
13.5 40.5
13.5 41.5
13.5 42.5
13.5 56.5
13.5 57.5
13.5 58.5
15.5 12.5
16.5 9.5
16.5 10.5
16.5 11.5
16.5 12.5
16.5 26.5
16.5 27.5
16.5 28.5
17.5 7.5
17.5 8.5
17.5 9.5
17.5 10.5
17.5 11.5
17.5 24.5
17.5 25.5
17.5 26.5
17.5 27.5
17.5 28.5
17.5 40.5
17.5 41.5
17.5 42.5
17.5 55.5
17.5 56.5
17.5 57.5
17.5 58.5
17.5 59.5
18.5 7.5
18.5 8.5
18.5 9.5
18.5 23.5
18.5 24.5
18.5 25.5
18.5 26.5
18.5 27.5
18.5 38.5
18.5 39.5
18.5 40.5
18.5 41.5
18.5 53.5
18.5 54.5
18.5 55.5
18.5 56.5
18.5 57.5
19.5 15.5
19.5 16.5
19.5 17.5
19.5 18.5
19.5 23.5
19.5 24.5
19.5 25.5
19.5 37.5
19.5 38.5
19.5 39.5
19.5 40.5
19.5 62.5
19.5 63.5
20.5 13.5
20.5 14.5
20.5 15.5
20.5 16.5
20.5 17.5
20.5 18.5
20.5 30.5
20.5 31.5
20.5 32.5
20.5 44.5
20.5 45.5
20.5 46.5
20.5 47.5
20.5 48.5
20.5 60.5
20.5 61.5
20.5 62.5
20.5 63.5
21.5 12.5
21.5 13.5
21.5 14.5
21.5 15.5
21.5 16.5
21.5 28.5
21.5 29.5
21.5 30.5
21.5 31.5
21.5 42.5
21.5 43.5
21.5 44.5
21.5 45.5
21.5 46.5
21.5 47.5
21.5 59.5
21.5 60.5
21.5 61.5
22.5 12.5
22.5 13.5
22.5 14.5
22.5 27.5
22.5 28.5
22.5 29.5
22.5 30.5
22.5 42.5
22.5 43.5
22.5 44.5
25.5 59.5
25.5 60.5
26.5 9.5
26.5 10.5
26.5 11.5
26.5 12.5
26.5 13.5
26.5 26.5
26.5 27.5
26.5 42.5
26.5 43.5
26.5 44.5
26.5 45.5
26.5 46.5
26.5 59.5
26.5 60.5
26.5 61.5
27.5 7.5
27.5 8.5
27.5 9.5
27.5 10.5
27.5 11.5
27.5 12.5
27.5 24.5
27.5 25.5
27.5 26.5
27.5 27.5
27.5 42.5
27.5 43.5
27.5 44.5
27.5 45.5
27.5 46.5
27.5 47.5
27.5 60.5
27.5 61.5
27.5 62.5
28.5 6.5
28.5 7.5
28.5 8.5
28.5 9.5
28.5 10.5
28.5 23.5
28.5 24.5
28.5 25.5
28.5 26.5
28.5 43.5
28.5 44.5
28.5 45.5
28.5 46.5
28.5 47.5
28.5 48.5
28.5 61.5
28.5 62.5
28.5 63.5
29.5 17.5
29.5 22.5
29.5 23.5
29.5 24.5
29.5 44.5
29.5 45.5
29.5 46.5
29.5 47.5
29.5 48.5
29.5 53.5
29.5 54.5
29.5 55.5
29.5 56.5
30.5 13.5
30.5 14.5
30.5 15.5
30.5 16.5
30.5 17.5
30.5 18.5
30.5 29.5
30.5 30.5
30.5 31.5
30.5 32.5
30.5 37.5
30.5 38.5
30.5 39.5
30.5 53.5
30.5 54.5
30.5 55.5
30.5 56.5
30.5 57.5
31.5 12.5
31.5 13.5
31.5 14.5
31.5 15.5
31.5 16.5
31.5 17.5
31.5 28.5
31.5 29.5
31.5 30.5
31.5 31.5
31.5 38.5
31.5 39.5
31.5 40.5
31.5 54.5
31.5 55.5
31.5 56.5
31.5 57.5
31.5 58.5
32.5 12.5
32.5 13.5
32.5 14.5
32.5 27.5
32.5 28.5
32.5 29.5
32.5 30.5
32.5 39.5
32.5 40.5
32.5 41.5
32.5 42.5
32.5 55.5
32.5 56.5
32.5 57.5
32.5 58.5
32.5 59.5
33.5 41.5
33.5 42.5
36.5 9.5
36.5 10.5
36.5 11.5
36.5 12.5
36.5 25.5
36.5 26.5
36.5 27.5
36.5 28.5
36.5 57.5
36.5 58.5
37.5 8.5
37.5 9.5
37.5 10.5
37.5 11.5
37.5 12.5
37.5 23.5
37.5 24.5
37.5 25.5
37.5 26.5
37.5 27.5
37.5 40.5
37.5 41.5
37.5 42.5
37.5 54.5
37.5 55.5
37.5 56.5
37.5 57.5
37.5 58.5
38.5 7.5
38.5 8.5
38.5 9.5
38.5 10.5
38.5 11.5
38.5 22.5
38.5 23.5
38.5 24.5
38.5 25.5
38.5 38.5
38.5 39.5
38.5 40.5
38.5 41.5
38.5 42.5
38.5 52.5
38.5 53.5
38.5 54.5
38.5 55.5
39.5 7.5
39.5 8.5
39.5 9.5
39.5 17.5
39.5 37.5
39.5 38.5
39.5 39.5
39.5 40.5
39.5 41.5
40.5 14.5
40.5 15.5
40.5 16.5
40.5 17.5
40.5 28.5
40.5 29.5
40.5 30.5
40.5 31.5
40.5 32.5
40.5 33.5
40.5 38.5
40.5 45.5
40.5 46.5
40.5 47.5
40.5 48.5
40.5 59.5
40.5 60.5
40.5 61.5
40.5 62.5
40.5 63.5
40.5 64.5
41.5 13.5
41.5 14.5
41.5 15.5
41.5 16.5
41.5 27.5
41.5 28.5
41.5 29.5
41.5 30.5
41.5 31.5
41.5 32.5
41.5 43.5
41.5 44.5
41.5 45.5
41.5 46.5
41.5 58.5
41.5 59.5
41.5 60.5
41.5 61.5
41.5 62.5
41.5 63.5
42.5 12.5
42.5 13.5
42.5 14.5
42.5 27.5
42.5 28.5
42.5 29.5
42.5 30.5
42.5 42.5
42.5 43.5
42.5 44.5
42.5 58.5
42.5 59.5
42.5 60.5
42.5 61.5
42.5 62.5
46.5 12.5
46.5 13.5
46.5 14.5
46.5 15.5
46.5 25.5
46.5 26.5
46.5 27.5
46.5 42.5
46.5 43.5
46.5 44.5
46.5 45.5
46.5 46.5
46.5 56.5
46.5 57.5
47.5 13.5
47.5 14.5
47.5 15.5
47.5 16.5
47.5 23.5
47.5 24.5
47.5 25.5
47.5 26.5
47.5 27.5
47.5 28.5
47.5 42.5
47.5 43.5
47.5 44.5
47.5 45.5
47.5 46.5
47.5 47.5
47.5 48.5
47.5 53.5
47.5 54.5
47.5 55.5
47.5 56.5
47.5 57.5
47.5 58.5
48.5 14.5
48.5 15.5
48.5 16.5
48.5 17.5
48.5 22.5
48.5 23.5
48.5 24.5
48.5 25.5
48.5 26.5
48.5 27.5
48.5 44.5
48.5 45.5
48.5 46.5
48.5 47.5
48.5 48.5
48.5 52.5
48.5 53.5
48.5 54.5
48.5 55.5
48.5 56.5
48.5 57.5
48.5 58.5
49.5 15.5
49.5 16.5
49.5 17.5
49.5 22.5
49.5 23.5
49.5 24.5
49.5 25.5
49.5 53.5
49.5 54.5
49.5 55.5
49.5 56.5
50.5 8.5
50.5 9.5
50.5 32.5
50.5 38.5
50.5 39.5
51.5 7.5
51.5 8.5
51.5 9.5
51.5 10.5
51.5 11.5
51.5 29.5
51.5 30.5
51.5 31.5
51.5 32.5
51.5 33.5
51.5 38.5
51.5 39.5
51.5 40.5
51.5 41.5
51.5 60.5
51.5 61.5
51.5 62.5
51.5 63.5
52.5 8.5
52.5 9.5
52.5 10.5
52.5 11.5
52.5 12.5
52.5 28.5
52.5 29.5
52.5 30.5
52.5 31.5
52.5 32.5
52.5 38.5
52.5 39.5
52.5 40.5
52.5 41.5
52.5 42.5
52.5 58.5
52.5 59.5
52.5 60.5
52.5 61.5
52.5 62.5
52.5 63.5
53.5 9.5
53.5 10.5
53.5 11.5
53.5 12.5
53.5 13.5
53.5 27.5
53.5 28.5
53.5 29.5
53.5 30.5
53.5 31.5
53.5 40.5
53.5 41.5
53.5 42.5
53.5 57.5
53.5 58.5
53.5 59.5
53.5 60.5
57.5 13.5
57.5 14.5
57.5 25.5
57.5 26.5
57.5 27.5
57.5 28.5
57.5 42.5
57.5 43.5
57.5 44.5
57.5 45.5
57.5 54.5
57.5 55.5
57.5 56.5
57.5 57.5
57.5 58.5
58.5 12.5
58.5 13.5
58.5 14.5
58.5 15.5
58.5 16.5
58.5 17.5
58.5 23.5
58.5 24.5
58.5 25.5
58.5 26.5
58.5 27.5
58.5 28.5
58.5 43.5
58.5 44.5
58.5 45.5
58.5 46.5
58.5 47.5
58.5 53.5
58.5 54.5
58.5 55.5
58.5 56.5
58.5 57.5
58.5 58.5
59.5 14.5
59.5 15.5
59.5 16.5
59.5 17.5
59.5 18.5
59.5 22.5
59.5 23.5
59.5 24.5
59.5 25.5
59.5 26.5
59.5 44.5
59.5 45.5
59.5 46.5
59.5 47.5
59.5 48.5
59.5 52.5
59.5 53.5
59.5 54.5
59.5 55.5
59.5 56.5
60.5 7.5
60.5 8.5
60.5 62.5
60.5 63.5
61.5 7.5
61.5 8.5
61.5 9.5
61.5 10.5
61.5 11.5
61.5 29.5
61.5 30.5
61.5 31.5
61.5 32.5
61.5 33.5
61.5 38.5
61.5 39.5
61.5 40.5
61.5 41.5
61.5 60.5
61.5 61.5
61.5 62.5
61.5 63.5
62.5 10.5
62.5 11.5
62.5 12.5
62.5 28.5
62.5 29.5
62.5 30.5
62.5 31.5
62.5 32.5
62.5 39.5
62.5 40.5
62.5 41.5
62.5 42.5
62.5 43.5
62.5 58.5
62.5 59.5
62.5 60.5
62.5 61.5
62.5 62.5
63.5 28.5
63.5 29.5
63.5 41.5
63.5 42.5
63.5 43.5
63.5 58.5
63.5 59.5
