6.5 11.5
6.5 48.5
6.5 49.5
6.5 59.5
7.5 12.5
7.5 13.5
7.5 22.5
7.5 34.5
7.5 35.5
7.5 36.5
7.5 49.5
7.5 50.5
7.5 58.5
7.5 59.5
8.5 13.5
8.5 14.5
8.5 20.5
8.5 21.5
8.5 35.5
8.5 36.5
8.5 37.5
8.5 38.5
8.5 50.5
8.5 51.5
8.5 57.5
8.5 58.5
9.5 14.5
9.5 15.5
9.5 19.5
9.5 20.5
9.5 37.5
9.5 38.5
9.5 39.5
9.5 40.5
9.5 44.5
9.5 51.5
9.5 52.5
9.5 56.5
9.5 64.5
10.5 8.5
10.5 9.5
10.5 18.5
10.5 44.5
10.5 45.5
10.5 55.5
10.5 62.5
10.5 63.5
11.5 9.5
11.5 26.5
11.5 27.5
11.5 28.5
11.5 31.5
11.5 32.5
11.5 45.5
11.5 46.5
11.5 60.5
11.5 61.5
11.5 62.5
12.5 10.5
12.5 22.5
12.5 23.5
12.5 24.5
12.5 25.5
12.5 26.5
12.5 27.5
12.5 32.5
12.5 33.5
12.5 46.5
12.5 47.5
12.5 59.5
12.5 60.5
13.5 11.5
13.5 22.5
13.5 23.5
13.5 34.5
13.5 47.5
13.5 48.5
14.5 35.5
16.5 11.5
16.5 48.5
16.5 59.5
16.5 60.5
17.5 9.5
17.5 10.5
17.5 23.5
17.5 24.5
17.5 36.5
17.5 37.5
17.5 44.5
17.5 45.5
17.5 46.5
17.5 60.5
17.5 61.5
17.5 62.5
18.5 8.5
18.5 9.5
18.5 24.5
18.5 25.5
18.5 26.5
18.5 39.5
18.5 40.5
18.5 62.5
18.5 63.5
19.5 7.5
19.5 8.5
19.5 27.5
19.5 28.5
19.5 50.5
19.5 51.5
19.5 64.5
20.5 13.5
20.5 14.5
20.5 18.5
20.5 19.5
20.5 20.5
20.5 31.5
20.5 32.5
20.5 33.5
20.5 34.5
20.5 35.5
20.5 36.5
20.5 47.5
20.5 48.5
20.5 49.5
20.5 50.5
20.5 55.5
20.5 56.5
21.5 12.5
21.5 13.5
21.5 20.5
21.5 21.5
21.5 47.5
21.5 56.5
21.5 57.5
21.5 58.5
22.5 11.5
22.5 12.5
22.5 21.5
22.5 22.5
22.5 58.5
22.5 59.5
23.5 11.5
23.5 23.5
24.5 35.5
24.5 47.5
25.5 35.5
25.5 36.5
25.5 45.5
25.5 46.5
26.5 11.5
26.5 23.5
26.5 36.5
26.5 37.5
26.5 44.5
26.5 45.5
26.5 46.5
26.5 60.5
27.5 10.5
27.5 11.5
27.5 22.5
27.5 23.5
27.5 37.5
27.5 38.5
27.5 43.5
27.5 44.5
27.5 45.5
27.5 57.5
27.5 58.5
27.5 59.5
28.5 9.5
28.5 10.5
28.5 21.5
28.5 22.5
28.5 38.5
28.5 39.5
28.5 43.5
28.5 56.5
28.5 57.5
28.5 58.5
29.5 8.5
29.5 9.5
29.5 20.5
29.5 27.5
29.5 31.5
29.5 32.5
29.5 55.5
29.5 56.5
29.5 64.5
30.5 7.5
30.5 8.5
30.5 19.5
30.5 26.5
30.5 32.5
30.5 33.5
30.5 49.5
30.5 50.5
30.5 51.5
30.5 62.5
30.5 63.5
31.5 7.5
31.5 15.5
31.5 16.5
31.5 25.5
31.5 26.5
31.5 33.5
31.5 34.5
31.5 47.5
31.5 48.5
31.5 49.5
31.5 50.5
31.5 61.5
31.5 62.5
32.5 13.5
32.5 14.5
32.5 24.5
32.5 25.5
32.5 34.5
32.5 35.5
32.5 46.5
32.5 47.5
32.5 60.5
33.5 11.5
33.5 12.5
33.5 13.5
34.5 11.5
35.5 35.5
35.5 60.5
36.5 24.5
36.5 25.5
36.5 34.5
36.5 47.5
36.5 48.5
36.5 60.5
36.5 61.5
37.5 25.5
37.5 26.5
37.5 33.5
37.5 48.5
37.5 49.5
37.5 50.5
37.5 61.5
37.5 62.5
38.5 11.5
38.5 12.5
38.5 13.5
38.5 14.5
38.5 15.5
38.5 26.5
38.5 27.5
38.5 32.5
38.5 49.5
38.5 50.5
38.5 51.5
38.5 62.5
38.5 63.5
39.5 14.5
39.5 15.5
39.5 16.5
39.5 17.5
39.5 20.5
39.5 28.5
39.5 31.5
39.5 51.5
39.5 52.5
39.5 56.5
39.5 63.5
39.5 64.5
40.5 21.5
40.5 22.5
40.5 37.5
40.5 38.5
40.5 43.5
40.5 56.5
40.5 57.5
40.5 64.5
41.5 6.5
41.5 7.5
41.5 22.5
41.5 23.5
41.5 36.5
41.5 37.5
41.5 38.5
41.5 43.5
41.5 44.5
41.5 45.5
41.5 57.5
41.5 58.5
42.5 7.5
42.5 8.5
42.5 9.5
42.5 10.5
42.5 24.5
42.5 36.5
42.5 37.5
42.5 44.5
42.5 45.5
42.5 46.5
42.5 58.5
42.5 59.5
43.5 11.5
43.5 12.5
43.5 35.5
43.5 36.5
43.5 46.5
43.5 47.5
43.5 60.5
44.5 48.5
45.5 24.5
46.5 23.5
46.5 24.5
47.5 11.5
47.5 12.5
47.5 13.5
47.5 22.5
47.5 23.5
47.5 35.5
47.5 36.5
47.5 48.5
47.5 59.5
47.5 60.5
48.5 12.5
48.5 13.5
48.5 14.5
48.5 15.5
48.5 21.5
48.5 22.5
48.5 33.5
48.5 34.5
48.5 35.5
48.5 46.5
48.5 47.5
48.5 58.5
48.5 59.5
49.5 15.5
49.5 16.5
49.5 20.5
49.5 28.5
49.5 32.5
49.5 33.5
49.5 34.5
49.5 44.5
49.5 45.5
49.5 57.5
49.5 58.5
50.5 6.5
50.5 27.5
50.5 28.5
50.5 32.5
50.5 33.5
50.5 43.5
50.5 52.5
50.5 53.5
50.5 56.5
50.5 57.5
51.5 7.5
51.5 8.5
51.5 9.5
51.5 26.5
51.5 27.5
51.5 39.5
51.5 40.5
51.5 50.5
51.5 51.5
51.5 52.5
51.5 63.5
51.5 64.5
52.5 9.5
52.5 10.5
52.5 11.5
52.5 25.5
52.5 26.5
52.5 37.5
52.5 38.5
52.5 48.5
52.5 49.5
52.5 50.5
52.5 62.5
52.5 63.5
53.5 12.5
53.5 24.5
53.5 25.5
53.5 36.5
53.5 37.5
53.5 61.5
53.5 62.5
56.5 48.5
57.5 11.5
57.5 12.5
57.5 13.5
57.5 14.5
57.5 25.5
57.5 36.5
57.5 37.5
57.5 49.5
57.5 50.5
57.5 60.5
57.5 61.5
58.5 13.5
58.5 14.5
58.5 15.5
58.5 16.5
58.5 26.5
58.5 27.5
58.5 37.5
58.5 38.5
58.5 50.5
58.5 51.5
58.5 59.5
58.5 60.5
59.5 19.5
59.5 27.5
59.5 28.5
59.5 38.5
59.5 39.5
59.5 52.5
59.5 53.5
59.5 58.5
60.5 6.5
60.5 7.5
60.5 20.5
60.5 21.5
60.5 22.5
60.5 32.5
60.5 39.5
60.5 40.5
60.5 44.5
60.5 45.5
60.5 57.5
60.5 65.5
61.5 7.5
61.5 8.5
61.5 9.5
61.5 21.5
61.5 22.5
61.5 23.5
61.5 33.5
61.5 34.5
61.5 45.5
61.5 46.5
61.5 47.5
61.5 63.5
61.5 64.5
62.5 9.5
62.5 10.5
62.5 11.5
62.5 24.5
62.5 34.5
62.5 35.5
62.5 46.5
62.5 47.5
62.5 48.5
62.5 61.5
62.5 62.5
62.5 63.5
63.5 11.5
63.5 35.5
63.5 36.5
63.5 48.5
63.5 60.5
63.5 61.5
