4.5 24.5
4.5 58.5
5.5 10.5
5.5 11.5
5.5 22.5
5.5 23.5
5.5 37.5
5.5 38.5
5.5 47.5
5.5 59.5
5.5 60.5
6.5 8.5
6.5 9.5
6.5 21.5
6.5 22.5
6.5 35.5
6.5 36.5
6.5 48.5
6.5 49.5
6.5 61.5
6.5 62.5
7.5 6.5
7.5 7.5
7.5 19.5
7.5 20.5
7.5 33.5
7.5 34.5
7.5 35.5
7.5 49.5
7.5 50.5
7.5 63.5
7.5 64.5
8.5 5.5
8.5 14.5
8.5 15.5
8.5 18.5
8.5 27.5
8.5 28.5
8.5 31.5
8.5 32.5
8.5 33.5
8.5 51.5
8.5 55.5
8.5 56.5
8.5 65.5
9.5 12.5
9.5 13.5
9.5 14.5
9.5 26.5
9.5 27.5
9.5 30.5
9.5 31.5
9.5 41.5
9.5 43.5
9.5 52.5
9.5 53.5
9.5 56.5
9.5 57.5
9.5 58.5
10.5 10.5
10.5 11.5
10.5 12.5
10.5 24.5
10.5 25.5
10.5 29.5
10.5 39.5
10.5 40.5
10.5 44.5
10.5 45.5
10.5 58.5
10.5 59.5
11.5 9.5
11.5 23.5
11.5 24.5
11.5 37.5
11.5 38.5
11.5 46.5
11.5 47.5
11.5 60.5
12.5 22.5
12.5 36.5
12.5 37.5
12.5 48.5
13.5 12.5
13.5 34.5
13.5 35.5
13.5 59.5
14.5 11.5
14.5 59.5
14.5 60.5
15.5 10.5
15.5 23.5
15.5 24.5
15.5 34.5
15.5 47.5
15.5 60.5
16.5 9.5
16.5 10.5
16.5 22.5
16.5 23.5
16.5 35.5
16.5 36.5
16.5 48.5
16.5 49.5
16.5 60.5
16.5 61.5
17.5 8.5
17.5 9.5
17.5 16.5
17.5 21.5
17.5 22.5
17.5 36.5
17.5 37.5
17.5 49.5
17.5 50.5
17.5 61.5
17.5 62.5
18.5 7.5
18.5 8.5
18.5 15.5
18.5 20.5
18.5 21.5
18.5 38.5
18.5 39.5
18.5 51.5
18.5 52.5
18.5 62.5
19.5 7.5
19.5 14.5
19.5 15.5
19.5 19.5
19.5 20.5
19.5 28.5
19.5 29.5
19.5 39.5
19.5 40.5
19.5 44.5
19.5 53.5
19.5 55.5
19.5 56.5
19.5 62.5
19.5 63.5
20.5 6.5
20.5 13.5
20.5 14.5
20.5 18.5
20.5 26.5
20.5 27.5
20.5 30.5
20.5 31.5
20.5 41.5
20.5 45.5
20.5 46.5
20.5 56.5
20.5 57.5
20.5 63.5
21.5 13.5
21.5 25.5
21.5 26.5
21.5 32.5
21.5 33.5
21.5 46.5
21.5 47.5
21.5 57.5
21.5 58.5
21.5 64.5
22.5 12.5
22.5 24.5
22.5 33.5
22.5 34.5
22.5 35.5
22.5 47.5
22.5 48.5
22.5 58.5
22.5 59.5
23.5 11.5
23.5 12.5
23.5 23.5
23.5 35.5
23.5 36.5
23.5 49.5
23.5 59.5
23.5 60.5
24.5 11.5
24.5 22.5
24.5 38.5
25.5 47.5
26.5 10.5
26.5 23.5
26.5 33.5
26.5 48.5
26.5 49.5
26.5 60.5
26.5 61.5
27.5 11.5
27.5 12.5
27.5 22.5
27.5 35.5
27.5 36.5
27.5 49.5
27.5 50.5
27.5 58.5
27.5 59.5
27.5 60.5
28.5 12.5
28.5 13.5
28.5 20.5
28.5 21.5
28.5 37.5
28.5 38.5
28.5 50.5
28.5 51.5
28.5 57.5
28.5 58.5
29.5 14.5
29.5 15.5
29.5 19.5
29.5 29.5
29.5 39.5
29.5 40.5
29.5 43.5
29.5 51.5
29.5 52.5
29.5 56.5
29.5 57.5
30.5 5.5
30.5 6.5
30.5 16.5
30.5 17.5
30.5 18.5
30.5 27.5
30.5 28.5
30.5 30.5
30.5 31.5
30.5 42.5
30.5 44.5
30.5 45.5
30.5 53.5
30.5 55.5
30.5 65.5
31.5 7.5
31.5 8.5
31.5 9.5
31.5 24.5
31.5 25.5
31.5 26.5
31.5 32.5
31.5 33.5
31.5 45.5
31.5 46.5
31.5 62.5
31.5 63.5
31.5 64.5
32.5 9.5
32.5 10.5
32.5 11.5
32.5 22.5
32.5 23.5
32.5 24.5
32.5 33.5
32.5 34.5
32.5 47.5
32.5 48.5
32.5 60.5
32.5 61.5
32.5 62.5
33.5 12.5
33.5 21.5
33.5 22.5
33.5 35.5
33.5 36.5
33.5 49.5
33.5 59.5
34.5 37.5
35.5 11.5
35.5 46.5
35.5 62.5
36.5 10.5
36.5 11.5
36.5 25.5
36.5 34.5
36.5 47.5
36.5 48.5
36.5 61.5
37.5 9.5
37.5 22.5
37.5 23.5
37.5 24.5
37.5 35.5
37.5 36.5
37.5 49.5
37.5 59.5
37.5 60.5
38.5 7.5
38.5 8.5
38.5 21.5
38.5 22.5
38.5 36.5
38.5 37.5
38.5 38.5
38.5 50.5
38.5 51.5
38.5 58.5
38.5 59.5
39.5 6.5
39.5 7.5
39.5 16.5
39.5 17.5
39.5 19.5
39.5 20.5
39.5 21.5
39.5 29.5
39.5 38.5
39.5 39.5
39.5 42.5
39.5 51.5
39.5 52.5
39.5 57.5
39.5 58.5
39.5 66.5
40.5 5.5
40.5 6.5
40.5 15.5
40.5 16.5
40.5 18.5
40.5 19.5
40.5 27.5
40.5 28.5
40.5 30.5
40.5 31.5
40.5 40.5
40.5 43.5
40.5 44.5
40.5 53.5
40.5 56.5
40.5 64.5
40.5 65.5
41.5 13.5
41.5 14.5
41.5 26.5
41.5 31.5
41.5 32.5
41.5 44.5
41.5 45.5
41.5 46.5
41.5 54.5
41.5 55.5
41.5 63.5
41.5 64.5
42.5 12.5
42.5 13.5
42.5 25.5
42.5 33.5
42.5 34.5
42.5 46.5
42.5 47.5
42.5 62.5
42.5 63.5
43.5 11.5
43.5 12.5
43.5 24.5
43.5 34.5
43.5 35.5
43.5 48.5
43.5 49.5
43.5 61.5
44.5 10.5
44.5 23.5
44.5 36.5
44.5 50.5
44.5 60.5
46.5 23.5
46.5 35.5
46.5 45.5
47.5 9.5
47.5 10.5
47.5 24.5
47.5 34.5
47.5 47.5
47.5 48.5
47.5 60.5
47.5 61.5
47.5 62.5
48.5 11.5
48.5 12.5
48.5 13.5
48.5 25.5
48.5 32.5
48.5 33.5
48.5 49.5
48.5 50.5
48.5 62.5
48.5 63.5
48.5 64.5
49.5 13.5
49.5 14.5
49.5 15.5
49.5 26.5
49.5 31.5
49.5 32.5
49.5 40.5
49.5 41.5
49.5 51.5
49.5 52.5
49.5 65.5
49.5 66.5
50.5 6.5
50.5 16.5
50.5 17.5
50.5 18.5
50.5 19.5
50.5 27.5
50.5 30.5
50.5 31.5
50.5 39.5
50.5 42.5
50.5 43.5
50.5 54.5
50.5 56.5
50.5 57.5
51.5 8.5
51.5 19.5
51.5 20.5
51.5 21.5
51.5 28.5
51.5 29.5
51.5 37.5
51.5 38.5
51.5 44.5
51.5 45.5
51.5 58.5
51.5 59.5
52.5 9.5
52.5 10.5
52.5 21.5
52.5 22.5
52.5 36.5
52.5 37.5
52.5 46.5
52.5 47.5
52.5 60.5
52.5 61.5
53.5 11.5
53.5 23.5
53.5 24.5
53.5 35.5
53.5 36.5
53.5 47.5
53.5 48.5
54.5 25.5
54.5 34.5
54.5 58.5
55.5 11.5
55.5 59.5
56.5 10.5
56.5 11.5
56.5 46.5
56.5 47.5
56.5 60.5
56.5 61.5
57.5 9.5
57.5 22.5
57.5 23.5
57.5 24.5
57.5 35.5
57.5 36.5
57.5 47.5
57.5 48.5
57.5 61.5
57.5 62.5
58.5 7.5
58.5 8.5
58.5 20.5
58.5 21.5
58.5 22.5
58.5 32.5
58.5 33.5
58.5 34.5
58.5 49.5
58.5 50.5
58.5 62.5
58.5 63.5
59.5 6.5
59.5 7.5
59.5 16.5
59.5 17.5
59.5 18.5
59.5 19.5
59.5 28.5
59.5 29.5
59.5 30.5
59.5 31.5
59.5 40.5
59.5 41.5
59.5 42.5
59.5 50.5
59.5 51.5
59.5 54.5
59.5 55.5
59.5 63.5
59.5 64.5
60.5 5.5
60.5 14.5
60.5 15.5
60.5 26.5
60.5 27.5
60.5 38.5
60.5 39.5
60.5 43.5
60.5 51.5
60.5 52.5
60.5 55.5
60.5 56.5
60.5 65.5
61.5 12.5
61.5 13.5
61.5 14.5
61.5 25.5
61.5 26.5
61.5 36.5
61.5 37.5
61.5 44.5
61.5 45.5
61.5 53.5
61.5 57.5
61.5 58.5
62.5 10.5
62.5 11.5
62.5 23.5
62.5 24.5
62.5 35.5
62.5 46.5
62.5 58.5
62.5 59.5
63.5 9.5
63.5 47.5
63.5 48.5
63.5 59.5
63.5 60.5
64.5 49.5
64.5 61.5
