6.5 36.5
6.5 48.5
6.5 61.5
6.5 62.5
7.5 11.5
7.5 12.5
7.5 24.5
7.5 25.5
7.5 36.5
7.5 37.5
7.5 48.5
7.5 49.5
7.5 50.5
7.5 61.5
7.5 62.5
7.5 63.5
8.5 12.5
8.5 13.5
8.5 14.5
8.5 24.5
8.5 25.5
8.5 26.5
8.5 36.5
8.5 37.5
8.5 38.5
8.5 49.5
8.5 50.5
8.5 51.5
8.5 62.5
8.5 63.5
9.5 13.5
9.5 14.5
9.5 15.5
9.5 25.5
9.5 26.5
9.5 27.5
9.5 37.5
9.5 38.5
9.5 50.5
9.5 51.5
9.5 52.5
9.5 62.5
9.5 63.5
9.5 64.5
10.5 14.5
10.5 15.5
10.5 26.5
10.5 27.5
10.5 37.5
10.5 38.5
10.5 39.5
10.5 44.5
10.5 51.5
10.5 52.5
10.5 64.5
11.5 7.5
11.5 8.5
11.5 19.5
11.5 20.5
11.5 21.5
11.5 32.5
11.5 43.5
11.5 44.5
11.5 45.5
11.5 57.5
11.5 58.5
12.5 8.5
12.5 9.5
12.5 10.5
12.5 20.5
12.5 21.5
12.5 22.5
12.5 32.5
12.5 33.5
12.5 44.5
12.5 45.5
12.5 46.5
12.5 57.5
12.5 58.5
12.5 59.5
13.5 9.5
13.5 10.5
13.5 21.5
13.5 22.5
13.5 23.5
13.5 33.5
13.5 34.5
13.5 45.5
13.5 46.5
13.5 47.5
13.5 58.5
13.5 59.5
13.5 60.5
14.5 10.5
14.5 11.5
14.5 23.5
14.5 34.5
14.5 35.5
14.5 46.5
14.5 47.5
14.5 59.5
14.5 60.5
15.5 47.5
18.5 23.5
18.5 24.5
19.5 11.5
19.5 12.5
19.5 13.5
19.5 24.5
19.5 25.5
19.5 33.5
19.5 34.5
19.5 35.5
19.5 47.5
19.5 48.5
19.5 59.5
19.5 60.5
20.5 12.5
20.5 13.5
20.5 24.5
20.5 25.5
20.5 26.5
20.5 32.5
20.5 33.5
20.5 34.5
20.5 47.5
20.5 48.5
20.5 49.5
20.5 50.5
20.5 57.5
20.5 58.5
20.5 59.5
21.5 12.5
21.5 13.5
21.5 14.5
21.5 25.5
21.5 26.5
21.5 27.5
21.5 32.5
21.5 33.5
21.5 48.5
21.5 49.5
21.5 50.5
21.5 51.5
21.5 57.5
21.5 58.5
22.5 14.5
22.5 19.5
22.5 31.5
22.5 32.5
22.5 50.5
22.5 51.5
22.5 56.5
22.5 57.5
23.5 7.5
23.5 8.5
23.5 19.5
23.5 20.5
23.5 21.5
23.5 38.5
23.5 43.5
23.5 63.5
23.5 64.5
24.5 7.5
24.5 8.5
24.5 9.5
24.5 20.5
24.5 21.5
24.5 22.5
24.5 36.5
24.5 37.5
24.5 38.5
24.5 43.5
24.5 44.5
24.5 45.5
24.5 62.5
24.5 63.5
24.5 64.5
25.5 8.5
25.5 9.5
25.5 10.5
25.5 21.5
25.5 22.5
25.5 23.5
25.5 36.5
25.5 37.5
25.5 44.5
25.5 45.5
25.5 46.5
25.5 61.5
25.5 62.5
25.5 63.5
26.5 9.5
26.5 10.5
26.5 23.5
26.5 35.5
26.5 36.5
26.5 45.5
26.5 46.5
26.5 47.5
26.5 60.5
26.5 61.5
26.5 62.5
30.5 23.5
30.5 24.5
31.5 9.5
31.5 10.5
31.5 23.5
31.5 24.5
31.5 25.5
31.5 33.5
31.5 34.5
31.5 35.5
31.5 46.5
31.5 47.5
31.5 59.5
31.5 60.5
32.5 8.5
32.5 9.5
32.5 24.5
32.5 25.5
32.5 26.5
32.5 27.5
32.5 32.5
32.5 33.5
32.5 34.5
32.5 44.5
32.5 45.5
32.5 46.5
32.5 58.5
32.5 59.5
32.5 60.5
33.5 7.5
33.5 8.5
33.5 26.5
33.5 27.5
33.5 32.5
33.5 33.5
33.5 44.5
33.5 45.5
33.5 57.5
33.5 58.5
33.5 59.5
34.5 32.5
34.5 43.5
34.5 44.5
34.5 51.5
34.5 56.5
34.5 57.5
34.5 58.5
35.5 13.5
35.5 14.5
35.5 15.5
35.5 20.5
35.5 21.5
35.5 37.5
35.5 38.5
35.5 39.5
35.5 50.5
35.5 51.5
36.5 12.5
36.5 13.5
36.5 14.5
36.5 20.5
36.5 21.5
36.5 22.5
36.5 36.5
36.5 37.5
36.5 38.5
36.5 49.5
36.5 50.5
36.5 51.5
36.5 63.5
36.5 64.5
36.5 65.5
37.5 11.5
37.5 12.5
37.5 13.5
37.5 21.5
37.5 22.5
37.5 23.5
37.5 36.5
37.5 37.5
37.5 48.5
37.5 49.5
37.5 50.5
37.5 62.5
37.5 63.5
37.5 64.5
38.5 22.5
38.5 23.5
38.5 48.5
38.5 61.5
38.5 62.5
38.5 63.5
39.5 61.5
42.5 11.5
42.5 35.5
42.5 47.5
42.5 48.5
43.5 9.5
43.5 10.5
43.5 11.5
43.5 24.5
43.5 25.5
43.5 26.5
43.5 34.5
43.5 35.5
43.5 46.5
43.5 47.5
43.5 48.5
43.5 61.5
44.5 9.5
44.5 10.5
44.5 11.5
44.5 25.5
44.5 26.5
44.5 27.5
44.5 33.5
44.5 34.5
44.5 45.5
44.5 46.5
44.5 47.5
44.5 61.5
44.5 62.5
44.5 63.5
45.5 8.5
45.5 9.5
45.5 10.5
45.5 25.5
45.5 26.5
45.5 27.5
45.5 32.5
45.5 33.5
45.5 34.5
45.5 45.5
45.5 46.5
45.5 62.5
45.5 63.5
45.5 64.5
46.5 8.5
46.5 9.5
46.5 10.5
46.5 26.5
46.5 27.5
46.5 32.5
46.5 39.5
46.5 40.5
46.5 44.5
46.5 45.5
46.5 63.5
46.5 64.5
46.5 65.5
47.5 8.5
47.5 38.5
47.5 39.5
47.5 40.5
47.5 51.5
47.5 52.5
47.5 56.5
47.5 57.5
47.5 65.5
48.5 14.5
48.5 15.5
48.5 20.5
48.5 21.5
48.5 37.5
48.5 38.5
48.5 39.5
48.5 50.5
48.5 51.5
48.5 57.5
48.5 58.5
48.5 59.5
49.5 13.5
49.5 14.5
49.5 15.5
49.5 20.5
49.5 21.5
49.5 22.5
49.5 36.5
49.5 37.5
49.5 38.5
49.5 49.5
49.5 50.5
49.5 51.5
49.5 57.5
49.5 58.5
49.5 59.5
50.5 12.5
50.5 13.5
50.5 14.5
50.5 21.5
50.5 22.5
50.5 23.5
50.5 36.5
50.5 37.5
50.5 49.5
50.5 50.5
50.5 58.5
50.5 59.5
50.5 60.5
51.5 12.5
51.5 13.5
51.5 23.5
51.5 60.5
55.5 23.5
55.5 36.5
55.5 37.5
55.5 38.5
55.5 47.5
55.5 48.5
55.5 59.5
55.5 60.5
56.5 12.5
56.5 13.5
56.5 21.5
56.5 22.5
56.5 23.5
56.5 37.5
56.5 38.5
56.5 39.5
56.5 46.5
56.5 47.5
56.5 58.5
56.5 59.5
56.5 60.5
57.5 13.5
57.5 14.5
57.5 21.5
57.5 22.5
57.5 38.5
57.5 39.5
57.5 40.5
57.5 45.5
57.5 46.5
57.5 47.5
57.5 57.5
57.5 58.5
57.5 59.5
58.5 14.5
58.5 15.5
58.5 20.5
58.5 21.5
58.5 39.5
58.5 40.5
58.5 45.5
58.5 46.5
59.5 15.5
59.5 20.5
59.5 26.5
59.5 27.5
59.5 31.5
59.5 32.5
59.5 51.5
59.5 52.5
59.5 63.5
59.5 64.5
60.5 8.5
60.5 9.5
60.5 25.5
60.5 26.5
60.5 31.5
60.5 32.5
60.5 33.5
60.5 34.5
60.5 50.5
60.5 51.5
60.5 62.5
60.5 63.5
61.5 8.5
61.5 9.5
61.5 10.5
61.5 25.5
61.5 26.5
61.5 32.5
61.5 33.5
61.5 34.5
61.5 35.5
61.5 49.5
61.5 50.5
61.5 61.5
61.5 62.5
62.5 9.5
62.5 10.5
62.5 11.5
62.5 24.5
62.5 25.5
62.5 33.5
62.5 34.5
62.5 35.5
62.5 61.5
63.5 10.5
63.5 11.5
63.5 12.5
63.5 24.5
