3.5 25.5
3.5 37.5
4.5 12.5
4.5 24.5
4.5 25.5
4.5 36.5
4.5 37.5
4.5 48.5
4.5 49.5
4.5 61.5
4.5 62.5
5.5 10.5
5.5 11.5
5.5 12.5
5.5 23.5
5.5 24.5
5.5 35.5
5.5 36.5
5.5 49.5
5.5 50.5
5.5 62.5
5.5 63.5
6.5 9.5
6.5 10.5
6.5 22.5
6.5 23.5
6.5 34.5
6.5 35.5
6.5 50.5
6.5 51.5
6.5 63.5
6.5 64.5
7.5 8.5
7.5 9.5
7.5 17.5
7.5 21.5
7.5 22.5
7.5 29.5
7.5 33.5
7.5 34.5
7.5 51.5
7.5 52.5
7.5 63.5
7.5 64.5
8.5 7.5
8.5 8.5
8.5 16.5
8.5 17.5
8.5 20.5
8.5 21.5
8.5 28.5
8.5 32.5
8.5 33.5
8.5 40.5
8.5 41.5
8.5 44.5
8.5 45.5
8.5 52.5
8.5 53.5
8.5 57.5
8.5 65.5
9.5 14.5
9.5 15.5
9.5 16.5
9.5 27.5
9.5 28.5
9.5 39.5
9.5 40.5
9.5 45.5
9.5 46.5
9.5 54.5
9.5 57.5
9.5 58.5
9.5 59.5
9.5 66.5
10.5 13.5
10.5 14.5
10.5 15.5
10.5 26.5
10.5 27.5
10.5 38.5
10.5 39.5
10.5 46.5
10.5 47.5
10.5 58.5
10.5 59.5
10.5 60.5
11.5 12.5
11.5 13.5
11.5 14.5
11.5 25.5
11.5 26.5
11.5 37.5
11.5 38.5
11.5 47.5
11.5 48.5
11.5 59.5
11.5 60.5
11.5 61.5
12.5 11.5
12.5 12.5
12.5 24.5
12.5 25.5
12.5 36.5
12.5 37.5
12.5 48.5
12.5 49.5
12.5 61.5
13.5 62.5
15.5 11.5
15.5 24.5
15.5 37.5
15.5 60.5
16.5 12.5
16.5 13.5
16.5 25.5
16.5 36.5
16.5 37.5
16.5 48.5
16.5 49.5
16.5 61.5
17.5 13.5
17.5 14.5
17.5 25.5
17.5 26.5
17.5 35.5
17.5 36.5
17.5 49.5
17.5 50.5
17.5 61.5
17.5 62.5
17.5 63.5
18.5 13.5
18.5 14.5
18.5 15.5
18.5 26.5
18.5 27.5
18.5 34.5
18.5 35.5
18.5 50.5
18.5 51.5
18.5 62.5
18.5 63.5
18.5 64.5
19.5 7.5
19.5 14.5
19.5 15.5
19.5 16.5
19.5 27.5
19.5 28.5
19.5 33.5
19.5 34.5
19.5 51.5
19.5 52.5
19.5 56.5
19.5 63.5
19.5 64.5
19.5 65.5
20.5 7.5
20.5 8.5
20.5 15.5
20.5 16.5
20.5 20.5
20.5 21.5
20.5 28.5
20.5 32.5
20.5 33.5
20.5 41.5
20.5 44.5
20.5 45.5
20.5 52.5
20.5 53.5
20.5 57.5
20.5 65.5
21.5 8.5
21.5 9.5
21.5 17.5
21.5 21.5
21.5 22.5
21.5 29.5
21.5 32.5
21.5 39.5
21.5 40.5
21.5 45.5
21.5 46.5
21.5 54.5
21.5 57.5
21.5 58.5
22.5 9.5
22.5 10.5
22.5 21.5
22.5 22.5
22.5 23.5
22.5 38.5
22.5 39.5
22.5 40.5
22.5 46.5
22.5 47.5
22.5 58.5
22.5 59.5
23.5 10.5
23.5 11.5
23.5 22.5
23.5 23.5
23.5 24.5
23.5 38.5
23.5 39.5
23.5 47.5
23.5 48.5
23.5 59.5
23.5 60.5
24.5 11.5
24.5 23.5
24.5 24.5
24.5 37.5
24.5 38.5
24.5 48.5
24.5 49.5
24.5 60.5
24.5 61.5
25.5 12.5
25.5 24.5
25.5 25.5
25.5 36.5
25.5 37.5
25.5 49.5
27.5 61.5
28.5 11.5
28.5 25.5
28.5 36.5
28.5 48.5
28.5 49.5
28.5 60.5
28.5 61.5
29.5 12.5
29.5 13.5
29.5 23.5
29.5 24.5
29.5 36.5
29.5 37.5
29.5 49.5
29.5 50.5
29.5 59.5
29.5 60.5
30.5 13.5
30.5 14.5
30.5 22.5
30.5 23.5
30.5 37.5
30.5 38.5
30.5 50.5
30.5 51.5
30.5 59.5
30.5 60.5
31.5 14.5
31.5 15.5
31.5 21.5
31.5 22.5
31.5 38.5
31.5 39.5
31.5 51.5
31.5 52.5
31.5 58.5
31.5 59.5
32.5 7.5
32.5 15.5
32.5 16.5
32.5 20.5
32.5 21.5
32.5 29.5
32.5 32.5
32.5 39.5
32.5 40.5
32.5 43.5
32.5 44.5
32.5 51.5
32.5 52.5
32.5 53.5
32.5 57.5
32.5 58.5
32.5 65.5
33.5 8.5
33.5 16.5
33.5 17.5
33.5 19.5
33.5 20.5
33.5 28.5
33.5 29.5
33.5 32.5
33.5 33.5
33.5 40.5
33.5 44.5
33.5 45.5
33.5 53.5
33.5 57.5
33.5 64.5
33.5 65.5
34.5 8.5
34.5 9.5
34.5 10.5
34.5 26.5
34.5 27.5
34.5 28.5
34.5 33.5
34.5 34.5
34.5 41.5
34.5 45.5
34.5 46.5
34.5 54.5
34.5 56.5
34.5 63.5
34.5 64.5
35.5 9.5
35.5 10.5
35.5 11.5
35.5 25.5
35.5 26.5
35.5 27.5
35.5 34.5
35.5 35.5
35.5 46.5
35.5 47.5
35.5 62.5
35.5 63.5
36.5 10.5
36.5 11.5
36.5 25.5
36.5 26.5
36.5 35.5
36.5 47.5
36.5 48.5
36.5 62.5
37.5 11.5
37.5 12.5
37.5 24.5
37.5 25.5
37.5 35.5
37.5 36.5
37.5 48.5
37.5 49.5
37.5 61.5
37.5 62.5
38.5 13.5
38.5 37.5
38.5 50.5
40.5 11.5
40.5 25.5
40.5 37.5
40.5 60.5
41.5 12.5
41.5 13.5
41.5 24.5
41.5 25.5
41.5 36.5
41.5 48.5
41.5 49.5
41.5 61.5
41.5 62.5
42.5 12.5
42.5 13.5
42.5 14.5
42.5 23.5
42.5 24.5
42.5 35.5
42.5 36.5
42.5 47.5
42.5 48.5
42.5 49.5
42.5 62.5
42.5 63.5
43.5 13.5
43.5 14.5
43.5 15.5
43.5 22.5
43.5 23.5
43.5 34.5
43.5 35.5
43.5 46.5
43.5 47.5
43.5 48.5
43.5 62.5
43.5 63.5
43.5 64.5
44.5 14.5
44.5 15.5
44.5 16.5
44.5 21.5
44.5 22.5
44.5 33.5
44.5 34.5
44.5 41.5
44.5 45.5
44.5 46.5
44.5 54.5
44.5 63.5
44.5 64.5
45.5 7.5
45.5 16.5
45.5 17.5
45.5 20.5
45.5 21.5
45.5 28.5
45.5 29.5
45.5 32.5
45.5 33.5
45.5 40.5
45.5 41.5
45.5 44.5
45.5 45.5
45.5 53.5
45.5 57.5
45.5 64.5
45.5 65.5
46.5 8.5
46.5 9.5
46.5 17.5
46.5 27.5
46.5 28.5
46.5 32.5
46.5 39.5
46.5 40.5
46.5 52.5
46.5 57.5
46.5 58.5
46.5 66.5
47.5 9.5
47.5 10.5
47.5 26.5
47.5 27.5
47.5 38.5
47.5 39.5
47.5 51.5
47.5 52.5
47.5 58.5
47.5 59.5
48.5 10.5
48.5 11.5
48.5 12.5
48.5 25.5
48.5 26.5
48.5 37.5
48.5 38.5
48.5 50.5
48.5 51.5
48.5 59.5
48.5 60.5
49.5 12.5
49.5 13.5
49.5 24.5
49.5 25.5
49.5 36.5
49.5 37.5
49.5 49.5
49.5 50.5
49.5 60.5
49.5 61.5
50.5 13.5
50.5 24.5
50.5 36.5
50.5 61.5
53.5 12.5
53.5 24.5
53.5 25.5
53.5 36.5
53.5 37.5
53.5 49.5
53.5 60.5
53.5 61.5
54.5 12.5
54.5 13.5
54.5 14.5
54.5 25.5
54.5 26.5
54.5 37.5
54.5 38.5
54.5 39.5
54.5 48.5
54.5 61.5
54.5 62.5
55.5 13.5
55.5 14.5
55.5 15.5
55.5 26.5
55.5 27.5
55.5 38.5
55.5 39.5
55.5 40.5
55.5 47.5
55.5 48.5
55.5 62.5
55.5 63.5
56.5 7.5
56.5 14.5
56.5 15.5
56.5 16.5
56.5 27.5
56.5 28.5
56.5 39.5
56.5 40.5
56.5 41.5
56.5 46.5
56.5 47.5
56.5 63.5
56.5 64.5
57.5 8.5
57.5 15.5
57.5 16.5
57.5 20.5
57.5 21.5
57.5 28.5
57.5 32.5
57.5 41.5
57.5 42.5
57.5 45.5
57.5 46.5
57.5 53.5
57.5 56.5
57.5 57.5
57.5 64.5
57.5 65.5
58.5 9.5
58.5 17.5
58.5 21.5
58.5 22.5
58.5 29.5
58.5 33.5
58.5 34.5
58.5 42.5
58.5 45.5
58.5 52.5
58.5 57.5
58.5 58.5
58.5 66.5
59.5 9.5
59.5 10.5
59.5 22.5
59.5 23.5
59.5 34.5
59.5 35.5
59.5 51.5
59.5 52.5
59.5 58.5
59.5 59.5
60.5 10.5
60.5 11.5
60.5 22.5
60.5 23.5
60.5 24.5
60.5 35.5
60.5 36.5
60.5 50.5
60.5 51.5
60.5 59.5
60.5 60.5
61.5 12.5
61.5 24.5
61.5 36.5
61.5 37.5
61.5 49.5
61.5 50.5
61.5 60.5
61.5 61.5
62.5 13.5
62.5 25.5
62.5 49.5
62.5 62.5
