6.5 32.5
6.5 41.5
6.5 42.5
6.5 56.5
6.5 57.5
7.5 16.5
7.5 17.5
7.5 31.5
7.5 32.5
7.5 33.5
7.5 41.5
7.5 42.5
7.5 56.5
7.5 57.5
7.5 58.5
8.5 16.5
8.5 17.5
8.5 31.5
8.5 32.5
8.5 42.5
8.5 57.5
11.5 27.5
11.5 46.5
11.5 47.5
11.5 62.5
12.5 10.5
12.5 11.5
12.5 12.5
12.5 26.5
12.5 27.5
12.5 28.5
12.5 46.5
12.5 47.5
12.5 48.5
12.5 61.5
12.5 62.5
12.5 63.5
13.5 10.5
13.5 11.5
13.5 26.5
13.5 27.5
13.5 47.5
13.5 62.5
21.5 47.5
21.5 57.5
22.5 10.5
22.5 11.5
22.5 31.5
22.5 32.5
22.5 46.5
22.5 47.5
22.5 48.5
22.5 56.5
22.5 57.5
22.5 58.5
23.5 10.5
23.5 11.5
23.5 30.5
23.5 31.5
23.5 32.5
23.5 46.5
23.5 47.5
23.5 56.5
23.5 57.5
26.5 42.5
27.5 15.5
27.5 16.5
27.5 17.5
27.5 26.5
27.5 27.5
27.5 41.5
27.5 42.5
27.5 61.5
27.5 62.5
27.5 63.5
28.5 15.5
28.5 16.5
28.5 17.5
28.5 25.5
28.5 26.5
28.5 27.5
28.5 41.5
28.5 42.5
28.5 61.5
28.5 62.5
28.5 63.5
37.5 10.5
37.5 11.5
37.5 25.5
37.5 26.5
37.5 41.5
37.5 42.5
37.5 61.5
37.5 62.5
37.5 63.5
38.5 10.5
38.5 11.5
38.5 25.5
38.5 26.5
38.5 27.5
38.5 41.5
38.5 42.5
38.5 61.5
38.5 62.5
38.5 63.5
39.5 26.5
39.5 61.5
39.5 62.5
42.5 15.5
42.5 16.5
42.5 31.5
42.5 32.5
42.5 46.5
42.5 47.5
42.5 48.5
42.5 56.5
42.5 57.5
43.5 15.5
43.5 16.5
43.5 17.5
43.5 31.5
43.5 32.5
43.5 46.5
43.5 47.5
43.5 48.5
43.5 56.5
43.5 57.5
44.5 16.5
44.5 32.5
44.5 56.5
52.5 10.5
52.5 11.5
52.5 32.5
52.5 47.5
52.5 61.5
52.5 62.5
53.5 10.5
53.5 11.5
53.5 12.5
53.5 31.5
53.5 32.5
53.5 33.5
53.5 46.5
53.5 47.5
53.5 48.5
53.5 61.5
53.5 62.5
54.5 11.5
54.5 31.5
54.5 32.5
54.5 46.5
54.5 47.5
54.5 62.5
57.5 16.5
57.5 42.5
57.5 57.5
58.5 15.5
58.5 16.5
58.5 17.5
58.5 26.5
58.5 27.5
58.5 41.5
58.5 42.5
58.5 43.5
58.5 56.5
58.5 57.5
58.5 58.5
59.5 16.5
59.5 17.5
59.5 26.5
59.5 27.5
59.5 41.5
59.5 42.5
59.5 56.5
59.5 57.5
