8.5 20.5
8.5 27.5
8.5 35.5
8.5 44.5
8.5 64.5
9.5 20.5
9.5 26.5
9.5 35.5
9.5 44.5
9.5 53.5
9.5 64.5
10.5 12.5
10.5 53.5
14.5 17.5
14.5 30.5
14.5 38.5
15.5 17.5
15.5 38.5
15.5 56.5
15.5 61.5
16.5 17.5
16.5 29.5
16.5 38.5
16.5 47.5
16.5 56.5
16.5 61.5
17.5 9.5
17.5 47.5
28.5 20.5
28.5 26.5
28.5 38.5
28.5 45.5
29.5 20.5
29.5 26.5
29.5 45.5
29.5 55.5
29.5 64.5
30.5 8.5
30.5 26.5
30.5 55.5
30.5 64.5
35.5 17.5
35.5 35.5
35.5 60.5
36.5 11.5
36.5 17.5
36.5 29.5
36.5 35.5
36.5 47.5
36.5 60.5
37.5 29.5
37.5 47.5
37.5 61.5
48.5 9.5
48.5 29.5
48.5 38.5
48.5 63.5
49.5 17.5
49.5 29.5
49.5 38.5
49.5 47.5
49.5 52.5
49.5 63.5
50.5 17.5
50.5 29.5
50.5 38.5
50.5 47.5
50.5 52.5
55.5 11.5
55.5 26.5
55.5 55.5
56.5 11.5
56.5 20.5
56.5 26.5
56.5 35.5
56.5 44.5
56.5 55.5
57.5 11.5
57.5 20.5
57.5 35.5
57.5 44.5
57.5 55.5
57.5 61.5
