3.5 45.5
4.5 54.5
5.5 14.5
6.5 30.5
6.5 37.5
6.5 41.5
7.5 30.5
7.5 51.5
7.5 61.5
8.5 9.5
8.5 10.5
9.5 10.5
11.5 22.5
14.5 32.5
14.5 61.5
15.5 32.5
15.5 46.5
15.5 47.5
15.5 48.5
17.5 16.5
17.5 65.5
18.5 54.5
18.5 65.5
19.5 24.5
19.5 29.5
19.5 40.5
23.5 15.5
24.5 15.5
24.5 55.5
25.5 15.5
25.5 41.5
25.5 62.5
26.5 30.5
26.5 42.5
27.5 30.5
29.5 47.5
29.5 65.5
30.5 18.5
31.5 18.5
31.5 26.5
31.5 39.5
32.5 9.5
32.5 26.5
34.5 54.5
36.5 43.5
36.5 62.5
37.5 35.5
37.5 50.5
38.5 10.5
38.5 50.5
39.5 41.5
40.5 12.5
40.5 15.5
40.5 22.5
40.5 30.5
40.5 31.5
40.5 57.5
41.5 65.5
46.5 16.5
46.5 21.5
46.5 33.5
46.5 42.5
46.5 56.5
47.5 16.5
47.5 34.5
48.5 48.5
49.5 48.5
49.5 64.5
50.5 11.5
50.5 24.5
50.5 39.5
50.5 48.5
50.5 60.5
51.5 24.5
51.5 30.5
52.5 24.5
52.5 31.5
56.5 12.5
56.5 49.5
57.5 17.5
57.5 23.5
58.5 56.5
60.5 8.5
60.5 26.5
60.5 43.5
61.5 9.5
