4.5 38.5
4.5 48.5
5.5 38.5
5.5 39.5
5.5 47.5
5.5 48.5
6.5 10.5
6.5 26.5
6.5 60.5
7.5 10.5
7.5 60.5
9.5 33.5
9.5 34.5
9.5 52.5
10.5 15.5
10.5 16.5
10.5 23.5
10.5 64.5
16.5 34.5
16.5 52.5
18.5 11.5
19.5 23.5
19.5 47.5
20.5 38.5
20.5 39.5
20.5 47.5
24.5 14.5
24.5 61.5
25.5 15.5
25.5 22.5
27.5 9.5
27.5 64.5
28.5 10.5
28.5 33.5
28.5 52.5
28.5 64.5
30.5 25.5
34.5 9.5
34.5 48.5
34.5 49.5
36.5 33.5
36.5 34.5
36.5 59.5
37.5 22.5
38.5 53.5
39.5 15.5
39.5 39.5
39.5 63.5
40.5 26.5
41.5 26.5
45.5 51.5
46.5 59.5
47.5 23.5
48.5 10.5
48.5 40.5
49.5 10.5
49.5 27.5
49.5 48.5
49.5 64.5
55.5 23.5
56.5 35.5
56.5 36.5
56.5 51.5
56.5 59.5
56.5 60.5
57.5 35.5
58.5 15.5
59.5 27.5
60.5 27.5
60.5 64.5
60.5 65.5
61.5 39.5
61.5 40.5
61.5 47.5
62.5 39.5
