2.5 14.5
2.5 15.5
3.5 13.5
3.5 14.5
3.5 15.5
3.5 20.5
3.5 29.5
3.5 30.5
3.5 39.5
3.5 40.5
4.5 13.5
4.5 14.5
4.5 20.5
4.5 21.5
4.5 29.5
4.5 30.5
4.5 31.5
4.5 39.5
4.5 40.5
4.5 41.5
4.5 49.5
4.5 50.5
4.5 51.5
5.5 30.5
5.5 31.5
5.5 50.5
5.5 51.5
5.5 52.5
5.5 59.5
5.5 60.5
6.5 10.5
6.5 11.5
6.5 23.5
6.5 34.5
6.5 59.5
6.5 60.5
6.5 61.5
7.5 10.5
7.5 11.5
7.5 23.5
7.5 24.5
7.5 33.5
7.5 34.5
7.5 35.5
7.5 43.5
7.5 44.5
7.5 54.5
7.5 60.5
8.5 23.5
8.5 24.5
8.5 34.5
8.5 35.5
8.5 44.5
8.5 45.5
8.5 54.5
9.5 45.5
9.5 64.5
9.5 65.5
10.5 64.5
10.5 65.5
11.5 23.5
12.5 15.5
12.5 23.5
13.5 15.5
13.5 16.5
13.5 60.5
13.5 61.5
14.5 15.5
14.5 21.5
14.5 34.5
14.5 35.5
14.5 41.5
14.5 42.5
14.5 54.5
14.5 55.5
14.5 60.5
14.5 61.5
15.5 20.5
15.5 21.5
15.5 30.5
15.5 31.5
15.5 34.5
15.5 41.5
15.5 42.5
15.5 60.5
15.5 61.5
16.5 11.5
16.5 12.5
16.5 30.5
16.5 31.5
16.5 65.5
17.5 11.5
17.5 12.5
17.5 50.5
17.5 64.5
17.5 65.5
18.5 11.5
18.5 12.5
18.5 43.5
18.5 44.5
18.5 45.5
18.5 50.5
18.5 51.5
18.5 52.5
19.5 11.5
19.5 29.5
19.5 44.5
19.5 45.5
19.5 51.5
19.5 52.5
20.5 23.5
20.5 24.5
20.5 28.5
20.5 29.5
21.5 28.5
21.5 29.5
21.5 64.5
22.5 14.5
22.5 15.5
22.5 29.5
22.5 63.5
22.5 64.5
23.5 14.5
23.5 15.5
23.5 40.5
23.5 52.5
23.5 53.5
23.5 63.5
23.5 64.5
24.5 14.5
24.5 15.5
24.5 20.5
24.5 21.5
24.5 32.5
24.5 33.5
24.5 40.5
24.5 52.5
24.5 53.5
25.5 9.5
25.5 10.5
25.5 21.5
25.5 32.5
25.5 33.5
25.5 40.5
25.5 53.5
25.5 60.5
26.5 53.5
26.5 58.5
26.5 59.5
26.5 60.5
27.5 43.5
28.5 43.5
28.5 49.5
29.5 9.5
29.5 10.5
29.5 23.5
29.5 28.5
29.5 29.5
30.5 9.5
30.5 10.5
30.5 22.5
30.5 23.5
30.5 28.5
30.5 29.5
31.5 10.5
31.5 11.5
31.5 29.5
31.5 42.5
31.5 43.5
32.5 42.5
32.5 43.5
32.5 58.5
32.5 59.5
33.5 13.5
33.5 19.5
33.5 20.5
33.5 32.5
33.5 33.5
33.5 52.5
33.5 53.5
33.5 58.5
33.5 59.5
34.5 13.5
34.5 14.5
34.5 19.5
34.5 20.5
34.5 32.5
34.5 33.5
34.5 34.5
34.5 52.5
34.5 53.5
34.5 62.5
34.5 63.5
35.5 13.5
35.5 33.5
35.5 34.5
35.5 39.5
35.5 40.5
35.5 49.5
35.5 62.5
35.5 63.5
35.5 64.5
36.5 33.5
36.5 34.5
36.5 39.5
36.5 40.5
36.5 48.5
36.5 49.5
36.5 63.5
36.5 64.5
37.5 49.5
39.5 31.5
40.5 9.5
40.5 10.5
40.5 19.5
40.5 20.5
40.5 30.5
40.5 31.5
40.5 64.5
40.5 65.5
41.5 9.5
41.5 10.5
41.5 20.5
41.5 31.5
41.5 44.5
41.5 50.5
41.5 51.5
41.5 64.5
41.5 65.5
42.5 23.5
42.5 24.5
42.5 25.5
42.5 44.5
42.5 45.5
42.5 50.5
42.5 64.5
43.5 12.5
43.5 13.5
43.5 24.5
43.5 25.5
43.5 50.5
44.5 13.5
44.5 14.5
44.5 41.5
44.5 42.5
44.5 61.5
44.5 62.5
45.5 14.5
45.5 55.5
45.5 56.5
45.5 61.5
45.5 62.5
46.5 34.5
46.5 54.5
46.5 55.5
46.5 56.5
46.5 61.5
47.5 25.5
47.5 40.5
47.5 41.5
47.5 42.5
48.5 25.5
48.5 31.5
48.5 32.5
48.5 41.5
49.5 9.5
49.5 10.5
49.5 31.5
50.5 9.5
50.5 10.5
50.5 45.5
50.5 65.5
50.5 66.5
51.5 21.5
51.5 44.5
51.5 45.5
51.5 55.5
51.5 56.5
51.5 65.5
52.5 14.5
52.5 21.5
52.5 22.5
52.5 44.5
52.5 45.5
52.5 55.5
53.5 13.5
53.5 14.5
53.5 21.5
53.5 22.5
53.5 51.5
53.5 52.5
53.5 61.5
54.5 14.5
54.5 15.5
54.5 33.5
54.5 34.5
54.5 51.5
54.5 61.5
55.5 33.5
55.5 34.5
55.5 40.5
55.5 41.5
55.5 61.5
56.5 22.5
56.5 29.5
56.5 40.5
56.5 41.5
57.5 10.5
57.5 22.5
57.5 28.5
57.5 29.5
57.5 40.5
57.5 41.5
57.5 63.5
58.5 9.5
58.5 10.5
58.5 28.5
58.5 29.5
58.5 40.5
58.5 52.5
58.5 53.5
58.5 63.5
59.5 10.5
59.5 28.5
59.5 29.5
59.5 63.5
60.5 45.5
60.5 58.5
60.5 59.5
61.5 45.5
61.5 50.5
61.5 51.5
62.5 16.5
62.5 17.5
62.5 27.5
62.5 28.5
62.5 45.5
63.5 16.5
63.5 17.5
63.5 18.5
63.5 27.5
63.5 28.5
63.5 56.5
63.5 57.5
