5.5 46.5
6.5 9.5
6.5 40.5
6.5 46.5
7.5 9.5
7.5 26.5
7.5 40.5
7.5 46.5
7.5 56.5
8.5 8.5
8.5 17.5
8.5 46.5
8.5 56.5
8.5 64.5
9.5 8.5
9.5 27.5
9.5 41.5
9.5 56.5
9.5 64.5
10.5 8.5
10.5 27.5
10.5 41.5
11.5 8.5
12.5 49.5
13.5 36.5
13.5 49.5
13.5 53.5
13.5 61.5
14.5 12.5
14.5 23.5
14.5 36.5
14.5 37.5
14.5 49.5
15.5 12.5
15.5 18.5
15.5 23.5
15.5 37.5
15.5 49.5
16.5 18.5
16.5 24.5
16.5 37.5
16.5 54.5
16.5 62.5
17.5 11.5
17.5 24.5
17.5 54.5
17.5 62.5
18.5 11.5
22.5 38.5
26.5 26.5
26.5 55.5
27.5 26.5
27.5 34.5
27.5 47.5
27.5 55.5
28.5 11.5
28.5 27.5
28.5 34.5
28.5 48.5
28.5 55.5
28.5 64.5
29.5 11.5
29.5 27.5
29.5 49.5
29.5 55.5
29.5 64.5
30.5 11.5
30.5 27.5
30.5 33.5
30.5 50.5
30.5 64.5
31.5 11.5
31.5 33.5
33.5 60.5
34.5 18.5
34.5 45.5
34.5 60.5
35.5 8.5
35.5 18.5
35.5 23.5
35.5 36.5
35.5 40.5
35.5 46.5
35.5 60.5
36.5 8.5
36.5 18.5
36.5 23.5
36.5 46.5
36.5 60.5
37.5 35.5
37.5 47.5
38.5 24.5
38.5 35.5
47.5 33.5
47.5 51.5
48.5 27.5
48.5 33.5
48.5 40.5
48.5 51.5
48.5 52.5
48.5 64.5
49.5 27.5
49.5 33.5
49.5 40.5
49.5 51.5
49.5 52.5
49.5 64.5
50.5 8.5
50.5 16.5
50.5 28.5
50.5 40.5
50.5 52.5
51.5 8.5
51.5 16.5
51.5 28.5
51.5 52.5
51.5 65.5
52.5 16.5
53.5 16.5
53.5 36.5
54.5 36.5
54.5 45.5
54.5 57.5
55.5 11.5
55.5 20.5
55.5 25.5
55.5 36.5
55.5 45.5
55.5 57.5
55.5 62.5
56.5 11.5
56.5 20.5
56.5 25.5
56.5 45.5
56.5 57.5
56.5 62.5
57.5 11.5
57.5 20.5
57.5 25.5
57.5 45.5
57.5 57.5
57.5 62.5
58.5 11.5
59.5 11.5
59.5 63.5
