6.5 18.5
6.5 19.5
6.5 33.5
6.5 34.5
6.5 59.5
7.5 61.5
10.5 11.5
10.5 12.5
10.5 40.5
10.5 41.5
11.5 53.5
11.5 54.5
18.5 12.5
18.5 13.5
18.5 33.5
18.5 34.5
18.5 59.5
19.5 32.5
19.5 61.5
22.5 20.5
22.5 21.5
22.5 52.5
23.5 18.5
23.5 19.5
23.5 39.5
23.5 40.5
23.5 54.5
30.5 59.5
31.5 19.5
31.5 20.5
31.5 40.5
31.5 61.5
35.5 12.5
35.5 13.5
35.5 33.5
35.5 34.5
35.5 53.5
35.5 54.5
43.5 12.5
43.5 13.5
43.5 32.5
43.5 33.5
43.5 60.5
43.5 61.5
46.5 21.5
47.5 19.5
47.5 20.5
47.5 39.5
47.5 40.5
47.5 53.5
47.5 54.5
55.5 20.5
55.5 21.5
55.5 33.5
55.5 34.5
55.5 53.5
55.5 54.5
59.5 12.5
59.5 13.5
59.5 40.5
59.5 41.5
59.5 60.5
59.5 61.5
