4.5 49.5
4.5 50.5
5.5 11.5
5.5 12.5
5.5 13.5
5.5 42.5
5.5 43.5
5.5 44.5
5.5 49.5
5.5 50.5
5.5 51.5
5.5 64.5
5.5 65.5
5.5 66.5
6.5 12.5
6.5 13.5
6.5 23.5
6.5 24.5
6.5 29.5
6.5 30.5
6.5 41.5
6.5 42.5
6.5 43.5
6.5 44.5
6.5 49.5
6.5 50.5
6.5 51.5
6.5 64.5
6.5 65.5
6.5 66.5
7.5 8.5
7.5 23.5
7.5 24.5
7.5 25.5
7.5 29.5
7.5 30.5
7.5 31.5
7.5 42.5
7.5 43.5
7.5 64.5
7.5 65.5
7.5 66.5
8.5 7.5
8.5 8.5
8.5 9.5
8.5 20.5
8.5 24.5
8.5 29.5
8.5 30.5
9.5 7.5
9.5 8.5
9.5 9.5
9.5 19.5
9.5 20.5
9.5 21.5
9.5 38.5
9.5 39.5
9.5 40.5
10.5 8.5
10.5 20.5
10.5 21.5
10.5 22.5
10.5 33.5
10.5 34.5
10.5 39.5
10.5 40.5
10.5 52.5
10.5 53.5
10.5 54.5
10.5 60.5
10.5 61.5
11.5 33.5
11.5 52.5
11.5 53.5
11.5 54.5
11.5 59.5
11.5 60.5
11.5 61.5
11.5 62.5
12.5 53.5
12.5 59.5
12.5 60.5
12.5 61.5
12.5 62.5
13.5 60.5
13.5 61.5
15.5 11.5
15.5 19.5
15.5 20.5
15.5 40.5
15.5 41.5
16.5 10.5
16.5 11.5
16.5 12.5
16.5 18.5
16.5 19.5
16.5 20.5
16.5 21.5
16.5 33.5
16.5 34.5
16.5 39.5
16.5 40.5
16.5 41.5
17.5 10.5
17.5 11.5
17.5 12.5
17.5 17.5
17.5 18.5
17.5 19.5
17.5 20.5
17.5 21.5
17.5 33.5
17.5 34.5
17.5 39.5
17.5 40.5
17.5 41.5
17.5 50.5
17.5 51.5
18.5 10.5
18.5 11.5
18.5 12.5
18.5 18.5
18.5 19.5
18.5 20.5
18.5 33.5
18.5 34.5
18.5 39.5
18.5 40.5
18.5 50.5
18.5 51.5
18.5 60.5
18.5 61.5
18.5 62.5
19.5 19.5
19.5 50.5
19.5 51.5
19.5 60.5
19.5 61.5
19.5 62.5
20.5 43.5
20.5 44.5
20.5 45.5
20.5 50.5
20.5 51.5
20.5 60.5
21.5 23.5
21.5 24.5
21.5 31.5
21.5 43.5
21.5 44.5
21.5 45.5
22.5 9.5
22.5 22.5
22.5 23.5
22.5 24.5
22.5 25.5
22.5 30.5
22.5 31.5
22.5 32.5
22.5 43.5
22.5 44.5
22.5 45.5
22.5 54.5
22.5 55.5
22.5 63.5
22.5 64.5
22.5 65.5
23.5 9.5
23.5 10.5
23.5 22.5
23.5 23.5
23.5 24.5
23.5 25.5
23.5 31.5
23.5 32.5
23.5 44.5
23.5 45.5
23.5 53.5
23.5 54.5
23.5 55.5
23.5 63.5
23.5 64.5
23.5 65.5
24.5 10.5
24.5 22.5
24.5 23.5
24.5 24.5
24.5 25.5
24.5 54.5
24.5 63.5
24.5 64.5
24.5 65.5
25.5 6.5
25.5 7.5
26.5 6.5
26.5 7.5
27.5 6.5
27.5 7.5
28.5 6.5
28.5 7.5
29.5 19.5
29.5 20.5
29.5 34.5
29.5 40.5
29.5 41.5
29.5 42.5
29.5 54.5
30.5 13.5
30.5 18.5
30.5 19.5
30.5 20.5
30.5 21.5
30.5 33.5
30.5 34.5
30.5 35.5
30.5 39.5
30.5 40.5
30.5 41.5
30.5 42.5
30.5 53.5
30.5 54.5
30.5 55.5
30.5 60.5
30.5 61.5
31.5 13.5
31.5 14.5
31.5 18.5
31.5 19.5
31.5 20.5
31.5 21.5
31.5 34.5
31.5 35.5
31.5 40.5
31.5 41.5
31.5 42.5
31.5 53.5
31.5 54.5
31.5 55.5
31.5 59.5
31.5 60.5
31.5 61.5
32.5 19.5
32.5 20.5
32.5 54.5
32.5 55.5
32.5 59.5
32.5 60.5
32.5 61.5
33.5 10.5
33.5 11.5
34.5 9.5
34.5 10.5
34.5 11.5
34.5 23.5
34.5 24.5
34.5 25.5
34.5 31.5
34.5 32.5
34.5 43.5
34.5 44.5
34.5 45.5
34.5 50.5
34.5 63.5
34.5 64.5
35.5 9.5
35.5 10.5
35.5 11.5
35.5 23.5
35.5 24.5
35.5 25.5
35.5 26.5
35.5 30.5
35.5 31.5
35.5 32.5
35.5 43.5
35.5 44.5
35.5 45.5
35.5 49.5
35.5 50.5
35.5 51.5
35.5 62.5
35.5 63.5
36.5 23.5
36.5 24.5
36.5 25.5
36.5 31.5
36.5 32.5
36.5 43.5
36.5 44.5
36.5 49.5
36.5 50.5
36.5 51.5
36.5 62.5
37.5 50.5
40.5 63.5
41.5 9.5
41.5 10.5
41.5 22.5
41.5 23.5
41.5 24.5
41.5 62.5
41.5 63.5
41.5 64.5
42.5 8.5
42.5 9.5
42.5 10.5
42.5 11.5
42.5 23.5
42.5 24.5
42.5 33.5
42.5 34.5
42.5 40.5
42.5 52.5
42.5 62.5
42.5 63.5
42.5 64.5
43.5 8.5
43.5 9.5
43.5 10.5
43.5 24.5
43.5 33.5
43.5 34.5
43.5 35.5
43.5 39.5
43.5 40.5
43.5 41.5
43.5 51.5
43.5 52.5
43.5 53.5
43.5 63.5
44.5 19.5
44.5 33.5
44.5 34.5
44.5 35.5
44.5 39.5
44.5 40.5
44.5 51.5
44.5 52.5
44.5 53.5
45.5 13.5
45.5 18.5
45.5 19.5
45.5 20.5
45.5 34.5
45.5 39.5
45.5 40.5
45.5 52.5
45.5 59.5
45.5 60.5
46.5 12.5
46.5 13.5
46.5 17.5
46.5 18.5
46.5 19.5
46.5 20.5
46.5 29.5
46.5 30.5
46.5 58.5
46.5 59.5
46.5 60.5
47.5 12.5
47.5 13.5
47.5 18.5
47.5 19.5
47.5 29.5
47.5 30.5
47.5 31.5
47.5 49.5
47.5 58.5
47.5 59.5
47.5 60.5
48.5 12.5
48.5 30.5
48.5 31.5
48.5 42.5
48.5 43.5
48.5 44.5
48.5 48.5
48.5 49.5
48.5 50.5
48.5 59.5
49.5 42.5
49.5 43.5
49.5 44.5
49.5 49.5
49.5 50.5
50.5 42.5
50.5 43.5
50.5 44.5
50.5 49.5
50.5 50.5
53.5 22.5
53.5 23.5
53.5 59.5
53.5 60.5
54.5 11.5
54.5 21.5
54.5 22.5
54.5 23.5
54.5 24.5
54.5 29.5
54.5 30.5
54.5 31.5
54.5 32.5
54.5 58.5
54.5 59.5
54.5 60.5
55.5 11.5
55.5 12.5
55.5 22.5
55.5 23.5
55.5 24.5
55.5 29.5
55.5 30.5
55.5 31.5
55.5 32.5
55.5 52.5
55.5 53.5
55.5 58.5
55.5 59.5
55.5 60.5
56.5 11.5
56.5 12.5
56.5 22.5
56.5 23.5
56.5 24.5
56.5 29.5
56.5 30.5
56.5 31.5
56.5 39.5
56.5 40.5
56.5 41.5
56.5 52.5
56.5 53.5
56.5 54.5
57.5 39.5
57.5 40.5
57.5 41.5
57.5 53.5
57.5 64.5
58.5 9.5
58.5 17.5
58.5 18.5
58.5 19.5
58.5 62.5
58.5 63.5
58.5 64.5
58.5 65.5
59.5 9.5
59.5 17.5
59.5 18.5
59.5 19.5
59.5 20.5
59.5 34.5
59.5 44.5
59.5 62.5
59.5 63.5
59.5 64.5
59.5 65.5
60.5 9.5
60.5 17.5
60.5 18.5
60.5 19.5
60.5 20.5
60.5 33.5
60.5 34.5
60.5 43.5
60.5 44.5
60.5 45.5
60.5 50.5
60.5 51.5
60.5 62.5
60.5 63.5
60.5 64.5
60.5 65.5
61.5 18.5
61.5 19.5
61.5 20.5
61.5 33.5
61.5 43.5
61.5 44.5
61.5 45.5
61.5 50.5
61.5 51.5
61.5 64.5
