6.5 17.5
6.5 18.5
6.5 19.5
6.5 33.5
6.5 34.5
6.5 35.5
6.5 36.5
6.5 54.5
6.5 55.5
6.5 56.5
7.5 19.5
7.5 20.5
7.5 21.5
7.5 31.5
7.5 32.5
7.5 33.5
7.5 34.5
7.5 35.5
7.5 52.5
7.5 53.5
7.5 54.5
7.5 55.5
7.5 56.5
8.5 20.5
8.5 21.5
8.5 22.5
8.5 23.5
8.5 30.5
8.5 31.5
8.5 32.5
8.5 33.5
8.5 51.5
8.5 52.5
8.5 53.5
8.5 54.5
9.5 50.5
9.5 51.5
9.5 52.5
9.5 53.5
11.5 10.5
11.5 11.5
11.5 12.5
11.5 13.5
11.5 14.5
11.5 40.5
11.5 41.5
11.5 42.5
11.5 43.5
11.5 61.5
11.5 62.5
12.5 12.5
12.5 13.5
12.5 14.5
12.5 15.5
12.5 16.5
12.5 38.5
12.5 39.5
12.5 40.5
12.5 41.5
12.5 42.5
12.5 60.5
12.5 61.5
13.5 14.5
13.5 15.5
13.5 16.5
13.5 17.5
13.5 37.5
13.5 38.5
13.5 39.5
13.5 40.5
13.5 41.5
13.5 58.5
13.5 59.5
13.5 60.5
13.5 61.5
14.5 58.5
14.5 59.5
14.5 60.5
15.5 57.5
15.5 58.5
20.5 17.5
20.5 18.5
20.5 19.5
20.5 20.5
20.5 35.5
20.5 36.5
20.5 37.5
20.5 38.5
21.5 18.5
21.5 19.5
21.5 20.5
21.5 21.5
21.5 22.5
21.5 33.5
21.5 34.5
21.5 35.5
21.5 36.5
21.5 37.5
22.5 20.5
22.5 21.5
22.5 22.5
22.5 23.5
22.5 32.5
22.5 33.5
22.5 34.5
22.5 35.5
22.5 36.5
22.5 53.5
22.5 54.5
22.5 55.5
23.5 22.5
23.5 23.5
23.5 24.5
23.5 31.5
23.5 32.5
23.5 33.5
23.5 34.5
23.5 52.5
23.5 53.5
23.5 54.5
24.5 50.5
24.5 51.5
24.5 52.5
24.5 53.5
25.5 9.5
25.5 10.5
25.5 11.5
25.5 50.5
25.5 51.5
26.5 9.5
26.5 10.5
26.5 11.5
26.5 12.5
26.5 13.5
26.5 41.5
26.5 42.5
26.5 43.5
26.5 49.5
27.5 11.5
27.5 12.5
27.5 13.5
27.5 14.5
27.5 15.5
27.5 40.5
27.5 41.5
27.5 42.5
28.5 13.5
28.5 14.5
28.5 15.5
28.5 16.5
28.5 38.5
28.5 39.5
28.5 40.5
28.5 41.5
28.5 60.5
28.5 61.5
28.5 62.5
29.5 38.5
29.5 39.5
29.5 57.5
29.5 58.5
29.5 59.5
29.5 60.5
29.5 61.5
29.5 62.5
30.5 55.5
30.5 56.5
30.5 57.5
30.5 58.5
30.5 59.5
30.5 60.5
31.5 55.5
31.5 56.5
31.5 57.5
31.5 58.5
35.5 15.5
35.5 16.5
36.5 12.5
36.5 13.5
36.5 14.5
36.5 15.5
36.5 16.5
36.5 35.5
36.5 36.5
37.5 11.5
37.5 12.5
37.5 13.5
37.5 14.5
37.5 34.5
37.5 35.5
38.5 9.5
38.5 10.5
38.5 11.5
38.5 12.5
38.5 13.5
38.5 33.5
38.5 34.5
38.5 35.5
38.5 54.5
38.5 55.5
38.5 56.5
39.5 8.5
39.5 9.5
39.5 10.5
39.5 11.5
39.5 32.5
39.5 33.5
39.5 34.5
39.5 52.5
39.5 53.5
39.5 54.5
39.5 55.5
39.5 56.5
40.5 32.5
40.5 33.5
40.5 51.5
40.5 52.5
40.5 53.5
40.5 54.5
40.5 55.5
41.5 23.5
41.5 24.5
41.5 31.5
41.5 32.5
41.5 50.5
41.5 51.5
41.5 52.5
41.5 53.5
42.5 20.5
42.5 21.5
42.5 22.5
42.5 23.5
42.5 24.5
42.5 49.5
42.5 50.5
42.5 51.5
43.5 18.5
43.5 19.5
43.5 20.5
43.5 21.5
43.5 22.5
43.5 23.5
43.5 40.5
43.5 41.5
43.5 42.5
43.5 63.5
43.5 64.5
44.5 17.5
44.5 18.5
44.5 19.5
44.5 20.5
44.5 21.5
44.5 39.5
44.5 40.5
44.5 41.5
44.5 42.5
44.5 61.5
44.5 62.5
44.5 63.5
45.5 16.5
45.5 17.5
45.5 18.5
45.5 19.5
45.5 38.5
45.5 39.5
45.5 40.5
45.5 41.5
45.5 59.5
45.5 60.5
45.5 61.5
45.5 62.5
46.5 38.5
46.5 39.5
46.5 40.5
46.5 58.5
46.5 59.5
46.5 60.5
47.5 37.5
47.5 38.5
53.5 14.5
53.5 15.5
53.5 16.5
53.5 17.5
53.5 38.5
53.5 39.5
53.5 40.5
53.5 57.5
53.5 58.5
53.5 59.5
53.5 60.5
53.5 61.5
53.5 62.5
54.5 11.5
54.5 12.5
54.5 13.5
54.5 14.5
54.5 15.5
54.5 16.5
54.5 39.5
54.5 40.5
54.5 41.5
54.5 42.5
54.5 58.5
54.5 59.5
54.5 60.5
54.5 61.5
54.5 62.5
54.5 63.5
55.5 10.5
55.5 11.5
55.5 12.5
55.5 13.5
55.5 14.5
55.5 15.5
55.5 42.5
55.5 43.5
55.5 60.5
55.5 61.5
55.5 62.5
55.5 63.5
55.5 64.5
56.5 10.5
56.5 11.5
56.5 12.5
57.5 23.5
57.5 30.5
57.5 31.5
57.5 32.5
57.5 33.5
57.5 50.5
57.5 51.5
58.5 21.5
58.5 22.5
58.5 23.5
58.5 31.5
58.5 32.5
58.5 33.5
58.5 34.5
58.5 35.5
58.5 36.5
58.5 51.5
58.5 52.5
58.5 53.5
58.5 54.5
59.5 20.5
59.5 21.5
59.5 22.5
59.5 33.5
59.5 34.5
59.5 35.5
59.5 36.5
59.5 37.5
59.5 53.5
59.5 54.5
59.5 55.5
60.5 18.5
60.5 19.5
60.5 20.5
60.5 56.5
61.5 17.5
61.5 18.5
