4.5 32.5
4.5 38.5
4.5 39.5
4.5 54.5
4.5 55.5
4.5 62.5
5.5 7.5
5.5 8.5
5.5 9.5
5.5 20.5
5.5 54.5
5.5 55.5
5.5 61.5
5.5 62.5
6.5 8.5
6.5 19.5
6.5 20.5
7.5 19.5
7.5 30.5
7.5 42.5
8.5 12.5
8.5 23.5
8.5 24.5
8.5 42.5
8.5 43.5
8.5 49.5
8.5 50.5
8.5 64.5
8.5 65.5
9.5 11.5
9.5 12.5
9.5 13.5
9.5 23.5
9.5 24.5
9.5 42.5
9.5 49.5
9.5 50.5
9.5 51.5
9.5 64.5
9.5 65.5
13.5 33.5
14.5 23.5
14.5 24.5
14.5 33.5
14.5 34.5
14.5 39.5
14.5 40.5
15.5 8.5
15.5 9.5
15.5 23.5
15.5 24.5
15.5 34.5
15.5 38.5
15.5 39.5
15.5 40.5
15.5 53.5
15.5 54.5
15.5 60.5
15.5 61.5
16.5 8.5
16.5 9.5
16.5 23.5
16.5 24.5
16.5 39.5
16.5 40.5
16.5 53.5
16.5 54.5
16.5 60.5
16.5 61.5
18.5 12.5
18.5 13.5
18.5 19.5
18.5 20.5
18.5 30.5
18.5 31.5
19.5 12.5
19.5 13.5
19.5 19.5
19.5 20.5
19.5 30.5
19.5 31.5
19.5 44.5
19.5 50.5
19.5 63.5
19.5 64.5
20.5 43.5
20.5 44.5
20.5 50.5
20.5 51.5
21.5 43.5
21.5 44.5
25.5 8.5
25.5 9.5
25.5 10.5
25.5 23.5
25.5 24.5
25.5 30.5
25.5 63.5
25.5 64.5
26.5 8.5
26.5 9.5
26.5 23.5
26.5 24.5
26.5 29.5
26.5 30.5
26.5 31.5
26.5 44.5
26.5 45.5
26.5 50.5
26.5 51.5
26.5 63.5
26.5 64.5
27.5 30.5
27.5 44.5
27.5 45.5
27.5 51.5
28.5 12.5
28.5 13.5
29.5 12.5
29.5 13.5
29.5 19.5
29.5 20.5
29.5 34.5
29.5 54.5
29.5 60.5
30.5 13.5
30.5 19.5
30.5 20.5
30.5 33.5
30.5 34.5
30.5 40.5
30.5 41.5
30.5 53.5
30.5 54.5
30.5 60.5
30.5 61.5
31.5 33.5
31.5 34.5
31.5 41.5
31.5 54.5
35.5 12.5
36.5 12.5
36.5 13.5
36.5 23.5
36.5 24.5
36.5 33.5
36.5 34.5
36.5 44.5
36.5 45.5
36.5 50.5
36.5 51.5
36.5 60.5
36.5 61.5
37.5 23.5
37.5 24.5
37.5 34.5
37.5 51.5
37.5 60.5
37.5 61.5
38.5 9.5
39.5 8.5
39.5 9.5
39.5 19.5
39.5 30.5
39.5 31.5
39.5 40.5
39.5 41.5
39.5 54.5
39.5 55.5
39.5 63.5
39.5 64.5
40.5 9.5
40.5 19.5
40.5 20.5
40.5 30.5
40.5 31.5
40.5 41.5
40.5 54.5
40.5 55.5
40.5 63.5
40.5 64.5
45.5 19.5
45.5 20.5
45.5 41.5
45.5 42.5
45.5 51.5
45.5 52.5
46.5 12.5
46.5 13.5
46.5 19.5
46.5 20.5
46.5 34.5
46.5 35.5
46.5 41.5
46.5 42.5
46.5 51.5
46.5 52.5
47.5 13.5
47.5 19.5
47.5 20.5
47.5 35.5
47.5 60.5
47.5 61.5
48.5 45.5
48.5 46.5
48.5 60.5
49.5 9.5
49.5 44.5
49.5 45.5
49.5 54.5
49.5 55.5
50.5 9.5
50.5 10.5
50.5 23.5
50.5 24.5
50.5 30.5
50.5 31.5
50.5 32.5
50.5 54.5
50.5 55.5
51.5 23.5
51.5 24.5
51.5 31.5
51.5 32.5
51.5 62.5
51.5 63.5
52.5 62.5
55.5 12.5
55.5 13.5
55.5 44.5
55.5 45.5
56.5 12.5
56.5 13.5
56.5 20.5
56.5 21.5
56.5 44.5
56.5 45.5
56.5 50.5
56.5 51.5
57.5 19.5
57.5 20.5
57.5 33.5
57.5 34.5
57.5 50.5
57.5 59.5
57.5 60.5
58.5 33.5
58.5 34.5
58.5 59.5
58.5 60.5
59.5 9.5
59.5 10.5
59.5 40.5
59.5 41.5
60.5 9.5
60.5 10.5
60.5 23.5
60.5 24.5
60.5 29.5
60.5 39.5
60.5 40.5
60.5 41.5
60.5 53.5
60.5 63.5
61.5 30.5
61.5 53.5
61.5 62.5
61.5 63.5
62.5 62.5
62.5 63.5
