2.5 27.5
2.5 35.5
3.5 8.5
3.5 9.5
3.5 10.5
3.5 34.5
4.5 10.5
4.5 11.5
4.5 21.5
4.5 44.5
4.5 45.5
4.5 55.5
5.5 28.5
5.5 29.5
5.5 30.5
5.5 45.5
5.5 46.5
5.5 54.5
5.5 63.5
6.5 19.5
6.5 20.5
6.5 38.5
6.5 39.5
6.5 46.5
6.5 63.5
7.5 13.5
7.5 39.5
7.5 40.5
7.5 58.5
7.5 59.5
8.5 49.5
8.5 57.5
8.5 58.5
9.5 21.5
9.5 26.5
9.5 27.5
9.5 49.5
9.5 65.5
10.5 21.5
11.5 10.5
11.5 11.5
11.5 12.5
11.5 39.5
12.5 17.5
12.5 18.5
12.5 30.5
12.5 31.5
12.5 35.5
12.5 40.5
12.5 41.5
13.5 7.5
13.5 16.5
13.5 17.5
13.5 28.5
13.5 29.5
13.5 35.5
13.5 36.5
13.5 57.5
13.5 58.5
14.5 36.5
14.5 46.5
14.5 53.5
14.5 62.5
15.5 54.5
17.5 7.5
17.5 17.5
17.5 26.5
18.5 7.5
18.5 16.5
18.5 17.5
18.5 27.5
18.5 36.5
18.5 46.5
19.5 6.5
19.5 16.5
19.5 27.5
19.5 28.5
19.5 35.5
19.5 46.5
19.5 53.5
20.5 15.5
20.5 16.5
20.5 22.5
20.5 47.5
20.5 52.5
20.5 61.5
21.5 9.5
21.5 21.5
21.5 22.5
21.5 31.5
21.5 38.5
21.5 61.5
22.5 10.5
22.5 21.5
22.5 30.5
22.5 38.5
22.5 43.5
22.5 64.5
23.5 11.5
23.5 20.5
23.5 37.5
23.5 43.5
23.5 55.5
23.5 56.5
23.5 57.5
23.5 64.5
24.5 54.5
27.5 30.5
27.5 35.5
27.5 43.5
27.5 44.5
27.5 54.5
28.5 7.5
28.5 8.5
28.5 9.5
28.5 20.5
28.5 21.5
28.5 22.5
28.5 30.5
28.5 34.5
28.5 35.5
28.5 51.5
28.5 52.5
28.5 66.5
29.5 30.5
29.5 34.5
29.5 39.5
29.5 46.5
30.5 26.5
30.5 38.5
30.5 56.5
30.5 57.5
31.5 27.5
31.5 54.5
31.5 55.5
31.5 61.5
31.5 62.5
31.5 63.5
32.5 12.5
32.5 13.5
32.5 18.5
32.5 27.5
32.5 45.5
33.5 19.5
33.5 45.5
34.5 37.5
34.5 44.5
35.5 36.5
35.5 41.5
35.5 51.5
35.5 52.5
35.5 53.5
36.5 13.5
36.5 25.5
36.5 40.5
36.5 47.5
36.5 64.5
36.5 65.5
37.5 8.5
37.5 9.5
37.5 20.5
37.5 24.5
37.5 40.5
37.5 47.5
38.5 56.5
38.5 60.5
38.5 61.5
39.5 55.5
39.5 61.5
39.5 62.5
40.5 27.5
40.5 32.5
41.5 10.5
41.5 27.5
41.5 32.5
41.5 46.5
42.5 9.5
42.5 17.5
42.5 27.5
42.5 32.5
42.5 40.5
42.5 47.5
43.5 17.5
43.5 40.5
43.5 55.5
43.5 64.5
44.5 13.5
44.5 56.5
45.5 12.5
45.5 20.5
45.5 24.5
45.5 35.5
45.5 36.5
45.5 44.5
45.5 51.5
45.5 52.5
46.5 19.5
46.5 20.5
46.5 24.5
46.5 25.5
46.5 52.5
46.5 60.5
46.5 61.5
47.5 19.5
47.5 25.5
49.5 33.5
49.5 34.5
49.5 35.5
49.5 63.5
50.5 10.5
50.5 27.5
50.5 53.5
51.5 18.5
51.5 43.5
52.5 18.5
52.5 36.5
52.5 37.5
52.5 50.5
52.5 59.5
52.5 60.5
52.5 61.5
53.5 12.5
53.5 13.5
53.5 14.5
53.5 38.5
53.5 46.5
53.5 51.5
54.5 21.5
54.5 46.5
56.5 27.5
56.5 33.5
56.5 34.5
56.5 35.5
56.5 60.5
56.5 61.5
57.5 32.5
57.5 33.5
57.5 34.5
57.5 59.5
57.5 60.5
58.5 10.5
58.5 11.5
58.5 44.5
58.5 45.5
59.5 21.5
59.5 54.5
59.5 64.5
60.5 21.5
60.5 25.5
60.5 36.5
60.5 37.5
60.5 38.5
60.5 47.5
60.5 54.5
60.5 63.5
60.5 64.5
61.5 13.5
61.5 21.5
61.5 25.5
61.5 63.5
62.5 12.5
62.5 13.5
62.5 25.5
63.5 17.5
63.5 32.5
63.5 33.5
