7.5 17.5
7.5 18.5
7.5 19.5
7.5 25.5
7.5 26.5
7.5 27.5
7.5 28.5
7.5 39.5
7.5 40.5
8.5 16.5
8.5 17.5
8.5 18.5
8.5 19.5
8.5 26.5
8.5 27.5
8.5 28.5
8.5 29.5
8.5 39.5
8.5 40.5
8.5 41.5
8.5 42.5
8.5 54.5
8.5 55.5
8.5 56.5
8.5 57.5
9.5 16.5
9.5 17.5
9.5 18.5
9.5 28.5
9.5 29.5
9.5 40.5
9.5 41.5
9.5 42.5
9.5 43.5
9.5 55.5
9.5 56.5
9.5 57.5
9.5 58.5
10.5 16.5
10.5 42.5
10.5 43.5
10.5 57.5
10.5 58.5
13.5 14.5
14.5 12.5
14.5 13.5
14.5 14.5
14.5 30.5
14.5 31.5
14.5 32.5
14.5 33.5
14.5 45.5
14.5 46.5
14.5 60.5
15.5 11.5
15.5 12.5
15.5 13.5
15.5 14.5
15.5 31.5
15.5 32.5
15.5 33.5
15.5 34.5
15.5 45.5
15.5 46.5
15.5 47.5
15.5 48.5
15.5 60.5
15.5 61.5
15.5 62.5
15.5 63.5
16.5 10.5
16.5 11.5
16.5 12.5
16.5 13.5
16.5 33.5
16.5 34.5
16.5 46.5
16.5 47.5
16.5 48.5
16.5 49.5
16.5 61.5
16.5 62.5
16.5 63.5
16.5 64.5
17.5 10.5
17.5 11.5
17.5 48.5
17.5 49.5
28.5 17.5
28.5 18.5
28.5 19.5
28.5 20.5
28.5 32.5
28.5 33.5
28.5 34.5
28.5 47.5
28.5 48.5
28.5 49.5
28.5 62.5
28.5 63.5
28.5 64.5
29.5 15.5
29.5 16.5
29.5 17.5
29.5 18.5
29.5 19.5
29.5 31.5
29.5 32.5
29.5 33.5
29.5 34.5
29.5 46.5
29.5 47.5
29.5 48.5
29.5 49.5
29.5 61.5
29.5 62.5
29.5 63.5
30.5 14.5
30.5 15.5
30.5 16.5
30.5 17.5
30.5 18.5
30.5 31.5
30.5 32.5
30.5 45.5
30.5 46.5
30.5 47.5
30.5 48.5
30.5 60.5
30.5 61.5
30.5 62.5
31.5 15.5
31.5 45.5
34.5 59.5
35.5 11.5
35.5 12.5
35.5 13.5
35.5 27.5
35.5 28.5
35.5 29.5
35.5 30.5
35.5 42.5
35.5 43.5
35.5 57.5
35.5 58.5
35.5 59.5
36.5 10.5
36.5 11.5
36.5 12.5
36.5 13.5
36.5 25.5
36.5 26.5
36.5 27.5
36.5 28.5
36.5 29.5
36.5 40.5
36.5 41.5
36.5 42.5
36.5 43.5
36.5 55.5
36.5 56.5
36.5 57.5
36.5 58.5
37.5 9.5
37.5 10.5
37.5 11.5
37.5 12.5
37.5 25.5
37.5 26.5
37.5 27.5
37.5 28.5
37.5 39.5
37.5 40.5
37.5 41.5
37.5 42.5
37.5 55.5
37.5 56.5
37.5 57.5
38.5 9.5
48.5 9.5
48.5 63.5
48.5 64.5
48.5 65.5
49.5 9.5
49.5 10.5
49.5 11.5
49.5 25.5
49.5 26.5
49.5 27.5
49.5 46.5
49.5 47.5
49.5 48.5
49.5 61.5
49.5 62.5
49.5 63.5
49.5 64.5
50.5 10.5
50.5 11.5
50.5 12.5
50.5 25.5
50.5 26.5
50.5 27.5
50.5 28.5
50.5 45.5
50.5 46.5
50.5 47.5
50.5 48.5
50.5 60.5
50.5 61.5
50.5 62.5
50.5 63.5
51.5 11.5
51.5 12.5
51.5 13.5
51.5 27.5
51.5 28.5
51.5 29.5
51.5 44.5
51.5 45.5
51.5 46.5
51.5 60.5
51.5 61.5
51.5 62.5
55.5 14.5
55.5 15.5
55.5 58.5
55.5 59.5
56.5 15.5
56.5 16.5
56.5 17.5
56.5 30.5
56.5 31.5
56.5 32.5
56.5 41.5
56.5 42.5
56.5 43.5
56.5 56.5
56.5 57.5
56.5 58.5
56.5 59.5
57.5 16.5
57.5 17.5
57.5 18.5
57.5 31.5
57.5 32.5
57.5 33.5
57.5 40.5
57.5 41.5
57.5 42.5
57.5 43.5
57.5 55.5
57.5 56.5
57.5 57.5
57.5 58.5
58.5 17.5
58.5 18.5
58.5 19.5
58.5 32.5
58.5 33.5
58.5 34.5
58.5 39.5
58.5 40.5
58.5 41.5
58.5 55.5
58.5 56.5
58.5 57.5
