3.5 32.5
3.5 33.5
3.5 40.5
3.5 48.5
3.5 49.5
3.5 55.5
3.5 64.5
4.5 9.5
4.5 10.5
4.5 17.5
4.5 25.5
4.5 26.5
4.5 31.5
4.5 32.5
4.5 39.5
4.5 40.5
4.5 48.5
4.5 49.5
4.5 53.5
4.5 54.5
4.5 55.5
4.5 64.5
5.5 8.5
5.5 9.5
5.5 16.5
5.5 17.5
5.5 26.5
5.5 27.5
5.5 30.5
5.5 31.5
5.5 39.5
5.5 50.5
5.5 53.5
5.5 54.5
5.5 64.5
5.5 65.5
6.5 7.5
6.5 12.5
6.5 13.5
6.5 16.5
6.5 27.5
6.5 35.5
6.5 36.5
6.5 42.5
6.5 46.5
6.5 58.5
6.5 64.5
6.5 65.5
7.5 11.5
7.5 12.5
7.5 20.5
7.5 23.5
7.5 24.5
7.5 34.5
7.5 35.5
7.5 41.5
7.5 42.5
7.5 46.5
7.5 47.5
7.5 56.5
7.5 57.5
7.5 61.5
8.5 10.5
8.5 11.5
8.5 18.5
8.5 19.5
8.5 20.5
8.5 24.5
8.5 25.5
8.5 33.5
8.5 34.5
8.5 41.5
8.5 62.5
9.5 10.5
9.5 18.5
9.5 19.5
9.5 25.5
11.5 33.5
11.5 41.5
11.5 48.5
11.5 49.5
11.5 55.5
11.5 62.5
12.5 9.5
12.5 10.5
12.5 18.5
12.5 26.5
12.5 27.5
12.5 32.5
12.5 33.5
12.5 40.5
12.5 49.5
12.5 50.5
12.5 54.5
12.5 55.5
12.5 61.5
12.5 62.5
13.5 8.5
13.5 9.5
13.5 18.5
13.5 19.5
13.5 20.5
13.5 27.5
13.5 28.5
13.5 31.5
13.5 32.5
13.5 39.5
13.5 50.5
13.5 53.5
13.5 54.5
13.5 58.5
13.5 61.5
14.5 8.5
14.5 12.5
14.5 15.5
14.5 20.5
14.5 23.5
14.5 35.5
14.5 36.5
14.5 43.5
14.5 46.5
14.5 57.5
14.5 58.5
14.5 64.5
14.5 65.5
15.5 11.5
15.5 12.5
15.5 15.5
15.5 16.5
15.5 23.5
15.5 24.5
15.5 25.5
15.5 34.5
15.5 35.5
15.5 42.5
15.5 43.5
15.5 46.5
15.5 47.5
15.5 57.5
15.5 63.5
15.5 64.5
16.5 11.5
16.5 16.5
16.5 17.5
16.5 25.5
16.5 34.5
16.5 41.5
16.5 42.5
16.5 47.5
16.5 48.5
16.5 56.5
16.5 63.5
17.5 41.5
17.5 48.5
19.5 10.5
19.5 16.5
19.5 17.5
19.5 25.5
19.5 26.5
19.5 33.5
19.5 34.5
19.5 55.5
19.5 62.5
19.5 63.5
20.5 9.5
20.5 15.5
20.5 16.5
20.5 26.5
20.5 27.5
20.5 34.5
20.5 35.5
20.5 39.5
20.5 40.5
20.5 48.5
20.5 49.5
20.5 50.5
20.5 54.5
20.5 61.5
20.5 62.5
21.5 8.5
21.5 12.5
21.5 15.5
21.5 16.5
21.5 22.5
21.5 27.5
21.5 30.5
21.5 35.5
21.5 38.5
21.5 39.5
21.5 49.5
21.5 50.5
21.5 53.5
21.5 61.5
21.5 65.5
22.5 11.5
22.5 12.5
22.5 19.5
22.5 22.5
22.5 23.5
22.5 30.5
22.5 31.5
22.5 46.5
22.5 56.5
22.5 57.5
22.5 58.5
22.5 64.5
22.5 65.5
23.5 11.5
23.5 18.5
23.5 23.5
23.5 24.5
23.5 31.5
23.5 32.5
23.5 41.5
23.5 42.5
23.5 46.5
23.5 47.5
23.5 55.5
23.5 56.5
23.5 64.5
24.5 18.5
24.5 24.5
24.5 32.5
24.5 40.5
24.5 41.5
24.5 47.5
26.5 32.5
26.5 48.5
26.5 56.5
26.5 64.5
27.5 11.5
27.5 16.5
27.5 17.5
27.5 23.5
27.5 24.5
27.5 32.5
27.5 33.5
27.5 39.5
27.5 40.5
27.5 47.5
27.5 56.5
27.5 57.5
27.5 64.5
27.5 65.5
28.5 11.5
28.5 12.5
28.5 16.5
28.5 23.5
28.5 24.5
28.5 34.5
28.5 38.5
28.5 39.5
28.5 46.5
28.5 47.5
28.5 57.5
28.5 58.5
28.5 61.5
28.5 65.5
28.5 66.5
29.5 8.5
29.5 12.5
29.5 15.5
29.5 27.5
29.5 30.5
29.5 43.5
29.5 46.5
29.5 50.5
29.5 53.5
29.5 54.5
29.5 61.5
29.5 62.5
30.5 8.5
30.5 9.5
30.5 18.5
30.5 19.5
30.5 26.5
30.5 30.5
30.5 31.5
30.5 41.5
30.5 42.5
30.5 43.5
30.5 49.5
30.5 50.5
30.5 54.5
30.5 55.5
30.5 62.5
30.5 63.5
31.5 9.5
31.5 17.5
31.5 18.5
31.5 26.5
31.5 31.5
31.5 32.5
31.5 40.5
31.5 41.5
31.5 49.5
31.5 55.5
31.5 63.5
32.5 10.5
34.5 18.5
34.5 25.5
34.5 32.5
34.5 33.5
34.5 39.5
34.5 40.5
34.5 48.5
34.5 56.5
34.5 64.5
35.5 10.5
35.5 18.5
35.5 19.5
35.5 24.5
35.5 25.5
35.5 33.5
35.5 34.5
35.5 38.5
35.5 39.5
35.5 47.5
35.5 55.5
35.5 65.5
36.5 11.5
36.5 19.5
36.5 20.5
36.5 24.5
36.5 34.5
36.5 35.5
36.5 38.5
36.5 46.5
36.5 47.5
36.5 54.5
36.5 55.5
36.5 61.5
36.5 66.5
37.5 7.5
37.5 8.5
37.5 14.5
37.5 15.5
37.5 27.5
37.5 30.5
37.5 42.5
37.5 43.5
37.5 46.5
37.5 50.5
37.5 51.5
37.5 58.5
37.5 61.5
37.5 62.5
38.5 8.5
38.5 9.5
38.5 15.5
38.5 16.5
38.5 17.5
38.5 26.5
38.5 27.5
38.5 31.5
38.5 32.5
38.5 41.5
38.5 42.5
38.5 49.5
38.5 50.5
38.5 57.5
38.5 62.5
38.5 63.5
39.5 9.5
39.5 17.5
39.5 18.5
39.5 40.5
39.5 48.5
39.5 49.5
41.5 9.5
41.5 32.5
41.5 63.5
42.5 8.5
42.5 9.5
42.5 17.5
42.5 18.5
42.5 26.5
42.5 31.5
42.5 32.5
42.5 38.5
42.5 39.5
42.5 40.5
42.5 48.5
42.5 49.5
42.5 57.5
42.5 62.5
42.5 63.5
43.5 7.5
43.5 8.5
43.5 18.5
43.5 19.5
43.5 20.5
43.5 27.5
43.5 30.5
43.5 31.5
43.5 38.5
43.5 39.5
43.5 49.5
43.5 50.5
43.5 51.5
43.5 58.5
43.5 61.5
43.5 62.5
44.5 7.5
44.5 19.5
44.5 20.5
44.5 23.5
44.5 27.5
44.5 34.5
44.5 35.5
44.5 54.5
44.5 65.5
44.5 66.5
45.5 10.5
45.5 11.5
45.5 15.5
45.5 23.5
45.5 24.5
45.5 33.5
45.5 34.5
45.5 41.5
45.5 42.5
45.5 46.5
45.5 54.5
45.5 55.5
45.5 64.5
45.5 65.5
46.5 10.5
46.5 11.5
46.5 15.5
46.5 16.5
46.5 24.5
46.5 25.5
46.5 41.5
46.5 42.5
46.5 46.5
46.5 47.5
46.5 56.5
46.5 64.5
47.5 17.5
49.5 25.5
49.5 33.5
49.5 34.5
49.5 40.5
49.5 48.5
49.5 56.5
49.5 57.5
49.5 63.5
49.5 64.5
50.5 9.5
50.5 16.5
50.5 17.5
50.5 25.5
50.5 26.5
50.5 34.5
50.5 35.5
50.5 39.5
50.5 40.5
50.5 49.5
50.5 57.5
50.5 58.5
50.5 61.5
50.5 62.5
50.5 63.5
51.5 8.5
51.5 9.5
51.5 15.5
51.5 16.5
51.5 26.5
51.5 27.5
51.5 36.5
51.5 39.5
51.5 49.5
51.5 50.5
51.5 53.5
51.5 58.5
51.5 61.5
52.5 8.5
52.5 12.5
52.5 19.5
52.5 22.5
52.5 27.5
52.5 30.5
52.5 31.5
52.5 42.5
52.5 45.5
52.5 46.5
52.5 53.5
52.5 54.5
52.5 65.5
52.5 66.5
53.5 11.5
53.5 12.5
53.5 18.5
53.5 19.5
53.5 23.5
53.5 24.5
53.5 31.5
53.5 32.5
53.5 33.5
53.5 41.5
53.5 42.5
53.5 46.5
53.5 47.5
53.5 54.5
53.5 55.5
53.5 64.5
53.5 65.5
53.5 66.5
54.5 10.5
54.5 11.5
54.5 18.5
54.5 24.5
54.5 32.5
54.5 33.5
54.5 64.5
54.5 65.5
56.5 40.5
56.5 55.5
57.5 9.5
57.5 10.5
57.5 17.5
57.5 33.5
57.5 34.5
57.5 39.5
57.5 40.5
57.5 46.5
57.5 47.5
57.5 54.5
57.5 55.5
57.5 63.5
57.5 64.5
58.5 8.5
58.5 9.5
58.5 16.5
58.5 17.5
58.5 24.5
58.5 33.5
58.5 34.5
58.5 35.5
58.5 39.5
58.5 46.5
58.5 47.5
58.5 53.5
58.5 54.5
58.5 64.5
58.5 65.5
59.5 12.5
59.5 13.5
59.5 16.5
59.5 23.5
59.5 24.5
59.5 35.5
59.5 36.5
59.5 42.5
59.5 45.5
59.5 46.5
59.5 50.5
59.5 53.5
59.5 58.5
59.5 61.5
59.5 65.5
60.5 11.5
60.5 12.5
60.5 19.5
60.5 20.5
60.5 23.5
60.5 27.5
60.5 28.5
60.5 31.5
60.5 41.5
60.5 42.5
60.5 49.5
60.5 50.5
60.5 57.5
60.5 58.5
60.5 61.5
60.5 62.5
61.5 11.5
61.5 18.5
61.5 19.5
61.5 26.5
61.5 27.5
61.5 31.5
61.5 32.5
61.5 41.5
61.5 48.5
61.5 49.5
61.5 56.5
61.5 57.5
61.5 62.5
62.5 18.5
62.5 26.5
62.5 33.5
62.5 48.5
62.5 56.5
62.5 62.5
