3.5 11.5
4.5 10.5
4.5 11.5
4.5 12.5
4.5 31.5
4.5 32.5
4.5 41.5
4.5 42.5
4.5 57.5
5.5 10.5
5.5 11.5
5.5 12.5
5.5 31.5
5.5 32.5
5.5 40.5
5.5 41.5
5.5 42.5
5.5 56.5
5.5 57.5
5.5 58.5
6.5 11.5
6.5 16.5
6.5 17.5
6.5 26.5
6.5 27.5
6.5 41.5
6.5 42.5
6.5 57.5
7.5 16.5
7.5 17.5
7.5 26.5
7.5 27.5
7.5 46.5
7.5 47.5
7.5 61.5
7.5 62.5
8.5 16.5
8.5 17.5
8.5 26.5
8.5 27.5
8.5 46.5
8.5 47.5
8.5 48.5
8.5 61.5
8.5 62.5
11.5 31.5
11.5 41.5
12.5 15.5
12.5 16.5
12.5 30.5
12.5 31.5
12.5 40.5
12.5 41.5
12.5 42.5
12.5 57.5
12.5 58.5
13.5 15.5
13.5 16.5
13.5 30.5
13.5 31.5
13.5 41.5
13.5 42.5
13.5 57.5
13.5 58.5
14.5 15.5
14.5 25.5
14.5 26.5
14.5 46.5
14.5 47.5
14.5 48.5
14.5 62.5
14.5 63.5
15.5 10.5
15.5 11.5
15.5 24.5
15.5 25.5
15.5 26.5
15.5 46.5
15.5 47.5
15.5 48.5
15.5 62.5
15.5 63.5
16.5 10.5
16.5 11.5
16.5 24.5
16.5 25.5
16.5 26.5
19.5 25.5
19.5 46.5
19.5 47.5
19.5 48.5
19.5 62.5
19.5 63.5
20.5 10.5
20.5 11.5
20.5 24.5
20.5 25.5
20.5 26.5
20.5 46.5
20.5 47.5
20.5 48.5
20.5 62.5
20.5 63.5
21.5 10.5
21.5 11.5
21.5 25.5
21.5 30.5
21.5 31.5
21.5 46.5
21.5 47.5
21.5 58.5
21.5 62.5
21.5 63.5
22.5 15.5
22.5 16.5
22.5 30.5
22.5 31.5
22.5 41.5
22.5 42.5
22.5 57.5
22.5 58.5
23.5 15.5
23.5 16.5
23.5 30.5
23.5 31.5
23.5 40.5
23.5 41.5
23.5 42.5
23.5 57.5
23.5 58.5
24.5 31.5
24.5 41.5
24.5 57.5
26.5 16.5
27.5 15.5
27.5 16.5
27.5 17.5
27.5 25.5
27.5 26.5
27.5 41.5
27.5 42.5
27.5 61.5
27.5 62.5
28.5 15.5
28.5 16.5
28.5 25.5
28.5 26.5
28.5 41.5
28.5 42.5
28.5 61.5
28.5 62.5
29.5 11.5
29.5 26.5
29.5 41.5
29.5 42.5
29.5 46.5
29.5 47.5
29.5 56.5
29.5 57.5
30.5 10.5
30.5 11.5
30.5 12.5
30.5 30.5
30.5 31.5
30.5 32.5
30.5 46.5
30.5 47.5
30.5 56.5
30.5 57.5
31.5 10.5
31.5 11.5
31.5 12.5
31.5 30.5
31.5 31.5
31.5 32.5
31.5 47.5
31.5 56.5
32.5 11.5
34.5 16.5
34.5 25.5
34.5 26.5
34.5 27.5
34.5 41.5
34.5 42.5
34.5 43.5
34.5 56.5
34.5 57.5
35.5 15.5
35.5 16.5
35.5 25.5
35.5 26.5
35.5 27.5
35.5 41.5
35.5 42.5
35.5 43.5
35.5 56.5
35.5 57.5
36.5 31.5
36.5 32.5
36.5 47.5
36.5 56.5
36.5 57.5
36.5 61.5
36.5 62.5
37.5 10.5
37.5 11.5
37.5 12.5
37.5 31.5
37.5 32.5
37.5 46.5
37.5 47.5
37.5 48.5
37.5 61.5
37.5 62.5
38.5 11.5
38.5 47.5
38.5 48.5
38.5 61.5
38.5 62.5
40.5 27.5
41.5 26.5
41.5 27.5
41.5 28.5
41.5 47.5
41.5 62.5
42.5 10.5
42.5 11.5
42.5 12.5
42.5 26.5
42.5 27.5
42.5 28.5
42.5 46.5
42.5 47.5
42.5 48.5
42.5 61.5
42.5 62.5
42.5 63.5
43.5 10.5
43.5 11.5
43.5 12.5
43.5 27.5
43.5 46.5
43.5 47.5
43.5 61.5
43.5 62.5
43.5 63.5
44.5 16.5
44.5 17.5
44.5 32.5
44.5 33.5
44.5 41.5
44.5 42.5
44.5 57.5
44.5 62.5
45.5 16.5
45.5 17.5
45.5 32.5
45.5 33.5
45.5 41.5
45.5 42.5
45.5 56.5
45.5 57.5
45.5 58.5
46.5 16.5
46.5 17.5
46.5 42.5
46.5 56.5
46.5 57.5
46.5 58.5
49.5 32.5
49.5 41.5
49.5 58.5
50.5 16.5
50.5 17.5
50.5 31.5
50.5 32.5
50.5 33.5
50.5 40.5
50.5 41.5
50.5 42.5
50.5 57.5
50.5 58.5
50.5 59.5
51.5 16.5
51.5 17.5
51.5 31.5
51.5 32.5
51.5 41.5
51.5 42.5
51.5 57.5
51.5 58.5
51.5 59.5
52.5 26.5
52.5 27.5
52.5 31.5
52.5 32.5
52.5 41.5
52.5 42.5
52.5 58.5
52.5 59.5
53.5 10.5
53.5 11.5
53.5 26.5
53.5 27.5
53.5 47.5
53.5 48.5
53.5 63.5
53.5 64.5
54.5 10.5
54.5 11.5
54.5 26.5
54.5 27.5
54.5 47.5
54.5 48.5
54.5 49.5
54.5 63.5
54.5 64.5
55.5 47.5
55.5 48.5
57.5 16.5
57.5 17.5
57.5 26.5
57.5 27.5
58.5 15.5
58.5 16.5
58.5 17.5
58.5 25.5
58.5 26.5
58.5 27.5
58.5 48.5
58.5 63.5
58.5 64.5
59.5 16.5
59.5 26.5
59.5 47.5
59.5 48.5
59.5 49.5
59.5 63.5
59.5 64.5
60.5 11.5
60.5 12.5
60.5 31.5
60.5 32.5
60.5 47.5
60.5 48.5
60.5 49.5
60.5 58.5
60.5 59.5
61.5 11.5
61.5 12.5
61.5 31.5
61.5 32.5
61.5 41.5
61.5 42.5
61.5 43.5
61.5 58.5
61.5 59.5
62.5 11.5
62.5 12.5
62.5 58.5
62.5 59.5
