7.5 18.5
7.5 19.5
7.5 20.5
8.5 18.5
8.5 19.5
8.5 20.5
8.5 21.5
8.5 33.5
8.5 34.5
8.5 35.5
8.5 58.5
8.5 59.5
8.5 60.5
9.5 19.5
9.5 20.5
9.5 21.5
9.5 32.5
9.5 33.5
9.5 34.5
9.5 35.5
9.5 58.5
9.5 59.5
9.5 60.5
9.5 61.5
10.5 20.5
10.5 21.5
10.5 32.5
10.5 33.5
10.5 34.5
10.5 59.5
10.5 60.5
10.5 61.5
14.5 11.5
14.5 12.5
15.5 11.5
15.5 12.5
15.5 13.5
15.5 39.5
15.5 40.5
15.5 41.5
15.5 51.5
15.5 52.5
16.5 11.5
16.5 12.5
16.5 13.5
16.5 14.5
16.5 38.5
16.5 39.5
16.5 40.5
16.5 41.5
16.5 51.5
16.5 52.5
16.5 53.5
17.5 13.5
17.5 14.5
17.5 38.5
17.5 39.5
17.5 40.5
17.5 52.5
17.5 53.5
17.5 54.5
18.5 38.5
18.5 39.5
18.5 53.5
28.5 12.5
28.5 13.5
28.5 14.5
28.5 33.5
28.5 34.5
28.5 52.5
28.5 53.5
28.5 54.5
29.5 11.5
29.5 12.5
29.5 13.5
29.5 14.5
29.5 32.5
29.5 33.5
29.5 34.5
29.5 51.5
29.5 52.5
29.5 53.5
29.5 54.5
30.5 11.5
30.5 12.5
30.5 13.5
30.5 14.5
30.5 31.5
30.5 32.5
30.5 33.5
30.5 51.5
30.5 52.5
30.5 53.5
31.5 12.5
31.5 13.5
31.5 31.5
31.5 32.5
31.5 33.5
34.5 60.5
35.5 20.5
35.5 21.5
35.5 39.5
35.5 40.5
35.5 41.5
35.5 59.5
35.5 60.5
35.5 61.5
36.5 19.5
36.5 20.5
36.5 21.5
36.5 38.5
36.5 39.5
36.5 40.5
36.5 41.5
36.5 59.5
36.5 60.5
36.5 61.5
37.5 18.5
37.5 19.5
37.5 20.5
37.5 38.5
37.5 39.5
37.5 40.5
37.5 59.5
37.5 60.5
38.5 19.5
48.5 19.5
48.5 20.5
48.5 34.5
48.5 35.5
48.5 53.5
48.5 54.5
48.5 55.5
49.5 19.5
49.5 20.5
49.5 21.5
49.5 33.5
49.5 34.5
49.5 35.5
49.5 53.5
49.5 54.5
49.5 55.5
50.5 19.5
50.5 20.5
50.5 21.5
50.5 22.5
50.5 32.5
50.5 33.5
50.5 34.5
50.5 35.5
50.5 53.5
50.5 54.5
50.5 55.5
51.5 20.5
51.5 21.5
51.5 22.5
51.5 33.5
51.5 53.5
54.5 41.5
54.5 42.5
55.5 12.5
55.5 13.5
55.5 14.5
55.5 40.5
55.5 41.5
55.5 42.5
55.5 61.5
56.5 12.5
56.5 13.5
56.5 14.5
56.5 15.5
56.5 40.5
56.5 41.5
56.5 42.5
56.5 60.5
56.5 61.5
56.5 62.5
57.5 13.5
57.5 14.5
57.5 15.5
57.5 40.5
57.5 41.5
57.5 59.5
57.5 60.5
57.5 61.5
57.5 62.5
58.5 14.5
58.5 15.5
58.5 59.5
58.5 60.5
58.5 61.5
