5.5 10.5
5.5 11.5
5.5 16.5
5.5 17.5
5.5 27.5
5.5 31.5
5.5 40.5
5.5 50.5
6.5 10.5
6.5 11.5
6.5 17.5
6.5 27.5
6.5 31.5
6.5 39.5
6.5 40.5
6.5 50.5
6.5 55.5
6.5 61.5
6.5 62.5
9.5 20.5
9.5 24.5
9.5 34.5
9.5 47.5
9.5 48.5
9.5 57.5
10.5 8.5
10.5 9.5
10.5 19.5
10.5 20.5
10.5 24.5
10.5 25.5
10.5 34.5
10.5 35.5
10.5 42.5
10.5 43.5
10.5 47.5
10.5 64.5
16.5 54.5
17.5 9.5
17.5 27.5
17.5 32.5
17.5 49.5
17.5 54.5
18.5 9.5
18.5 17.5
18.5 27.5
18.5 32.5
18.5 33.5
18.5 40.5
18.5 62.5
19.5 40.5
21.5 56.5
22.5 11.5
22.5 12.5
22.5 24.5
22.5 35.5
22.5 36.5
22.5 46.5
22.5 56.5
22.5 57.5
22.5 64.5
23.5 19.5
23.5 24.5
23.5 42.5
23.5 43.5
23.5 46.5
23.5 64.5
30.5 11.5
30.5 12.5
30.5 24.5
30.5 34.5
30.5 49.5
30.5 54.5
30.5 55.5
30.5 61.5
30.5 62.5
31.5 16.5
31.5 24.5
31.5 42.5
32.5 42.5
34.5 8.5
34.5 28.5
34.5 29.5
34.5 64.5
35.5 8.5
35.5 18.5
35.5 19.5
35.5 38.5
35.5 39.5
35.5 47.5
35.5 48.5
35.5 64.5
36.5 47.5
39.5 28.5
42.5 19.5
43.5 10.5
43.5 11.5
43.5 19.5
43.5 24.5
43.5 25.5
43.5 34.5
43.5 38.5
43.5 39.5
43.5 49.5
43.5 50.5
43.5 61.5
43.5 62.5
44.5 24.5
47.5 8.5
47.5 16.5
47.5 42.5
47.5 46.5
47.5 47.5
47.5 55.5
47.5 65.5
48.5 8.5
48.5 26.5
48.5 27.5
48.5 32.5
48.5 33.5
54.5 19.5
55.5 11.5
55.5 19.5
55.5 24.5
55.5 35.5
55.5 42.5
55.5 46.5
55.5 47.5
55.5 55.5
55.5 65.5
56.5 35.5
56.5 55.5
58.5 8.5
58.5 17.5
59.5 7.5
59.5 8.5
59.5 26.5
59.5 27.5
59.5 32.5
59.5 40.5
59.5 50.5
59.5 51.5
59.5 62.5
60.5 32.5
60.5 50.5
60.5 62.5
