3.5 14.5
3.5 43.5
3.5 44.5
3.5 61.5
4.5 16.5
4.5 25.5
4.5 26.5
6.5 10.5
6.5 32.5
6.5 47.5
6.5 48.5
7.5 12.5
12.5 10.5
12.5 11.5
12.5 30.5
12.5 31.5
12.5 32.5
12.5 42.5
12.5 56.5
13.5 33.5
13.5 34.5
13.5 41.5
13.5 55.5
14.5 62.5
15.5 15.5
15.5 61.5
16.5 26.5
17.5 46.5
20.5 15.5
20.5 61.5
21.5 17.5
21.5 31.5
21.5 64.5
23.5 25.5
23.5 26.5
24.5 9.5
24.5 10.5
25.5 11.5
25.5 12.5
25.5 52.5
25.5 58.5
25.5 59.5
26.5 52.5
27.5 27.5
29.5 64.5
30.5 11.5
33.5 26.5
34.5 41.5
34.5 42.5
34.5 65.5
34.5 66.5
35.5 39.5
36.5 31.5
36.5 32.5
37.5 30.5
37.5 31.5
38.5 57.5
38.5 58.5
38.5 59.5
39.5 47.5
39.5 48.5
40.5 11.5
40.5 12.5
40.5 13.5
40.5 45.5
43.5 62.5
43.5 63.5
43.5 64.5
44.5 17.5
44.5 18.5
45.5 48.5
46.5 56.5
46.5 57.5
46.5 58.5
46.5 59.5
47.5 41.5
47.5 42.5
49.5 13.5
50.5 62.5
50.5 63.5
50.5 64.5
51.5 26.5
51.5 27.5
52.5 18.5
52.5 45.5
52.5 46.5
53.5 16.5
55.5 30.5
55.5 40.5
55.5 56.5
55.5 57.5
55.5 58.5
56.5 42.5
56.5 58.5
56.5 59.5
58.5 17.5
59.5 41.5
60.5 10.5
60.5 11.5
60.5 24.5
60.5 25.5
60.5 63.5
61.5 45.5
61.5 46.5
61.5 47.5
61.5 48.5
61.5 61.5
