6.5 11.5
6.5 51.5
6.5 62.5
7.5 21.5
7.5 33.5
7.5 43.5
7.5 51.5
7.5 62.5
8.5 12.5
8.5 21.5
8.5 33.5
8.5 43.5
8.5 51.5
9.5 12.5
9.5 20.5
9.5 33.5
9.5 51.5
10.5 13.5
10.5 20.5
10.5 44.5
10.5 50.5
10.5 61.5
11.5 44.5
11.5 50.5
11.5 61.5
13.5 7.5
13.5 25.5
13.5 39.5
13.5 56.5
14.5 7.5
14.5 25.5
14.5 30.5
14.5 39.5
14.5 56.5
14.5 65.5
15.5 8.5
15.5 30.5
15.5 40.5
15.5 55.5
15.5 65.5
16.5 8.5
16.5 24.5
16.5 40.5
16.5 55.5
16.5 65.5
17.5 24.5
17.5 40.5
17.5 65.5
18.5 9.5
26.5 9.5
27.5 9.5
27.5 32.5
27.5 42.5
27.5 54.5
27.5 65.5
28.5 8.5
28.5 21.5
28.5 42.5
28.5 54.5
28.5 65.5
29.5 8.5
29.5 21.5
29.5 42.5
29.5 65.5
30.5 8.5
30.5 21.5
30.5 43.5
30.5 55.5
31.5 7.5
31.5 43.5
31.5 55.5
31.5 66.5
32.5 33.5
32.5 43.5
32.5 55.5
33.5 14.5
33.5 25.5
33.5 33.5
34.5 14.5
34.5 61.5
35.5 13.5
35.5 38.5
35.5 61.5
36.5 13.5
36.5 24.5
36.5 38.5
36.5 50.5
36.5 61.5
37.5 24.5
37.5 38.5
37.5 50.5
38.5 12.5
39.5 51.5
40.5 51.5
47.5 13.5
47.5 21.5
47.5 41.5
48.5 13.5
48.5 64.5
49.5 14.5
49.5 42.5
49.5 50.5
49.5 64.5
50.5 14.5
50.5 20.5
50.5 29.5
50.5 50.5
50.5 64.5
51.5 14.5
51.5 20.5
51.5 29.5
51.5 43.5
51.5 50.5
52.5 29.5
52.5 50.5
53.5 8.5
53.5 65.5
54.5 8.5
55.5 9.5
55.5 39.5
56.5 9.5
56.5 23.5
56.5 33.5
56.5 40.5
56.5 60.5
57.5 23.5
57.5 33.5
57.5 40.5
57.5 54.5
57.5 60.5
58.5 10.5
58.5 23.5
58.5 33.5
59.5 33.5
59.5 41.5
59.5 53.5
59.5 61.5
60.5 33.5
60.5 61.5
