4.5 20.5
4.5 32.5
4.5 33.5
5.5 19.5
5.5 20.5
5.5 32.5
5.5 33.5
5.5 34.5
5.5 53.5
5.5 54.5
6.5 18.5
6.5 19.5
6.5 20.5
6.5 32.5
6.5 33.5
6.5 34.5
6.5 53.5
6.5 54.5
6.5 55.5
7.5 18.5
7.5 19.5
7.5 20.5
7.5 33.5
7.5 34.5
7.5 53.5
7.5 54.5
7.5 55.5
8.5 19.5
8.5 33.5
8.5 34.5
8.5 54.5
8.5 55.5
9.5 12.5
9.5 13.5
9.5 39.5
9.5 40.5
9.5 41.5
9.5 60.5
9.5 61.5
10.5 11.5
10.5 12.5
10.5 13.5
10.5 39.5
10.5 40.5
10.5 41.5
10.5 60.5
10.5 61.5
11.5 11.5
11.5 12.5
11.5 13.5
11.5 40.5
11.5 41.5
11.5 60.5
11.5 61.5
12.5 12.5
12.5 13.5
12.5 40.5
12.5 41.5
12.5 60.5
12.5 61.5
16.5 12.5
17.5 12.5
17.5 13.5
17.5 40.5
17.5 41.5
17.5 60.5
17.5 61.5
18.5 12.5
18.5 13.5
18.5 39.5
18.5 40.5
18.5 41.5
18.5 59.5
18.5 60.5
18.5 61.5
19.5 12.5
19.5 13.5
19.5 14.5
19.5 39.5
19.5 40.5
19.5 41.5
19.5 59.5
19.5 60.5
19.5 61.5
20.5 13.5
20.5 19.5
20.5 39.5
20.5 40.5
20.5 59.5
20.5 60.5
21.5 19.5
21.5 20.5
21.5 33.5
21.5 34.5
21.5 53.5
21.5 54.5
22.5 19.5
22.5 20.5
22.5 21.5
22.5 32.5
22.5 33.5
22.5 34.5
22.5 53.5
22.5 54.5
23.5 19.5
23.5 20.5
23.5 21.5
23.5 32.5
23.5 33.5
23.5 34.5
23.5 52.5
23.5 53.5
23.5 54.5
24.5 20.5
24.5 32.5
24.5 33.5
24.5 52.5
24.5 53.5
24.5 54.5
28.5 12.5
29.5 12.5
29.5 13.5
29.5 32.5
29.5 33.5
29.5 52.5
29.5 53.5
30.5 12.5
30.5 13.5
30.5 14.5
30.5 32.5
30.5 33.5
30.5 34.5
30.5 52.5
30.5 53.5
30.5 54.5
31.5 12.5
31.5 13.5
31.5 14.5
31.5 32.5
31.5 33.5
31.5 34.5
31.5 52.5
31.5 53.5
31.5 54.5
32.5 13.5
32.5 14.5
32.5 33.5
32.5 34.5
32.5 53.5
32.5 54.5
33.5 19.5
33.5 20.5
33.5 39.5
33.5 40.5
33.5 53.5
33.5 54.5
34.5 19.5
34.5 20.5
34.5 21.5
34.5 39.5
34.5 40.5
34.5 59.5
34.5 60.5
35.5 19.5
35.5 20.5
35.5 21.5
35.5 39.5
35.5 40.5
35.5 41.5
35.5 59.5
35.5 60.5
35.5 61.5
36.5 20.5
36.5 21.5
36.5 40.5
36.5 41.5
36.5 59.5
36.5 60.5
36.5 61.5
37.5 60.5
37.5 61.5
41.5 20.5
41.5 21.5
41.5 32.5
41.5 33.5
41.5 34.5
42.5 19.5
42.5 20.5
42.5 21.5
42.5 32.5
42.5 33.5
42.5 34.5
42.5 53.5
42.5 54.5
43.5 19.5
43.5 20.5
43.5 21.5
43.5 33.5
43.5 34.5
43.5 53.5
43.5 54.5
44.5 19.5
44.5 20.5
44.5 33.5
44.5 34.5
44.5 53.5
44.5 54.5
45.5 13.5
45.5 14.5
45.5 39.5
45.5 40.5
45.5 54.5
45.5 60.5
46.5 12.5
46.5 13.5
46.5 14.5
46.5 39.5
46.5 40.5
46.5 41.5
46.5 59.5
46.5 60.5
46.5 61.5
47.5 12.5
47.5 13.5
47.5 14.5
47.5 39.5
47.5 40.5
47.5 41.5
47.5 59.5
47.5 60.5
47.5 61.5
48.5 12.5
48.5 13.5
48.5 40.5
48.5 41.5
48.5 60.5
48.5 61.5
53.5 20.5
53.5 21.5
53.5 32.5
53.5 33.5
53.5 60.5
53.5 61.5
54.5 19.5
54.5 20.5
54.5 21.5
54.5 32.5
54.5 33.5
54.5 34.5
54.5 59.5
54.5 60.5
54.5 61.5
55.5 19.5
55.5 20.5
55.5 21.5
55.5 32.5
55.5 33.5
55.5 34.5
55.5 59.5
55.5 60.5
55.5 61.5
56.5 19.5
56.5 20.5
56.5 33.5
56.5 34.5
56.5 59.5
56.5 60.5
57.5 19.5
57.5 39.5
57.5 40.5
57.5 53.5
57.5 54.5
58.5 12.5
58.5 13.5
58.5 14.5
58.5 39.5
58.5 40.5
58.5 41.5
58.5 53.5
58.5 54.5
59.5 12.5
59.5 13.5
59.5 14.5
59.5 39.5
59.5 40.5
59.5 41.5
59.5 52.5
59.5 53.5
59.5 54.5
60.5 12.5
60.5 13.5
60.5 39.5
60.5 40.5
60.5 41.5
60.5 52.5
60.5 53.5
60.5 54.5
61.5 12.5
