2.5 44.5
2.5 45.5
4.5 18.5
5.5 11.5
5.5 18.5
5.5 22.5
5.5 34.5
5.5 40.5
5.5 57.5
5.5 65.5
6.5 49.5
6.5 58.5
6.5 65.5
7.5 49.5
8.5 9.5
8.5 16.5
8.5 30.5
9.5 9.5
9.5 25.5
9.5 31.5
9.5 41.5
9.5 46.5
9.5 54.5
9.5 63.5
10.5 63.5
14.5 9.5
14.5 16.5
14.5 42.5
15.5 16.5
15.5 24.5
15.5 33.5
15.5 42.5
15.5 47.5
15.5 54.5
15.5 62.5
15.5 63.5
16.5 16.5
16.5 24.5
16.5 33.5
16.5 47.5
16.5 54.5
18.5 11.5
18.5 12.5
18.5 39.5
18.5 57.5
18.5 58.5
19.5 19.5
19.5 27.5
19.5 39.5
19.5 40.5
19.5 50.5
19.5 57.5
19.5 65.5
20.5 19.5
20.5 31.5
20.5 40.5
24.5 11.5
25.5 12.5
25.5 50.5
25.5 58.5
25.5 63.5
26.5 17.5
26.5 42.5
26.5 43.5
26.5 50.5
26.5 58.5
27.5 8.5
27.5 27.5
27.5 31.5
28.5 8.5
28.5 27.5
29.5 19.5
29.5 39.5
29.5 48.5
29.5 55.5
29.5 65.5
30.5 19.5
30.5 24.5
30.5 34.5
30.5 39.5
30.5 48.5
30.5 55.5
31.5 24.5
31.5 33.5
35.5 10.5
35.5 16.5
35.5 42.5
36.5 15.5
36.5 16.5
36.5 33.5
36.5 42.5
36.5 47.5
36.5 55.5
36.5 65.5
37.5 24.5
37.5 54.5
39.5 8.5
39.5 39.5
39.5 50.5
39.5 58.5
40.5 8.5
40.5 18.5
40.5 19.5
40.5 27.5
40.5 31.5
40.5 49.5
40.5 58.5
40.5 63.5
45.5 16.5
45.5 17.5
45.5 39.5
46.5 11.5
46.5 16.5
46.5 25.5
46.5 34.5
46.5 38.5
46.5 39.5
46.5 47.5
46.5 57.5
46.5 65.5
47.5 24.5
47.5 34.5
47.5 65.5
49.5 8.5
49.5 9.5
49.5 19.5
49.5 27.5
49.5 42.5
49.5 50.5
49.5 51.5
49.5 55.5
50.5 9.5
50.5 27.5
50.5 32.5
50.5 50.5
50.5 62.5
55.5 10.5
55.5 17.5
55.5 56.5
56.5 9.5
56.5 17.5
56.5 33.5
56.5 34.5
56.5 41.5
56.5 51.5
56.5 62.5
57.5 16.5
57.5 26.5
57.5 34.5
57.5 51.5
57.5 62.5
59.5 12.5
59.5 38.5
59.5 46.5
59.5 58.5
59.5 65.5
60.5 19.5
60.5 23.5
60.5 30.5
60.5 38.5
60.5 47.5
60.5 58.5
61.5 19.5
61.5 31.5
