2.5 46.5
2.5 47.5
3.5 20.5
3.5 25.5
3.5 26.5
3.5 27.5
3.5 46.5
3.5 47.5
3.5 48.5
3.5 52.5
3.5 53.5
4.5 11.5
4.5 12.5
4.5 13.5
4.5 19.5
4.5 20.5
4.5 21.5
4.5 24.5
4.5 25.5
4.5 26.5
4.5 27.5
4.5 35.5
4.5 36.5
4.5 37.5
4.5 46.5
4.5 47.5
4.5 51.5
4.5 52.5
4.5 53.5
4.5 63.5
4.5 64.5
4.5 65.5
5.5 7.5
5.5 8.5
5.5 11.5
5.5 12.5
5.5 13.5
5.5 20.5
5.5 25.5
5.5 35.5
5.5 36.5
5.5 37.5
5.5 63.5
5.5 64.5
5.5 65.5
5.5 66.5
6.5 8.5
6.5 9.5
6.5 17.5
6.5 18.5
6.5 28.5
6.5 29.5
6.5 30.5
6.5 31.5
6.5 39.5
6.5 40.5
6.5 43.5
6.5 44.5
7.5 9.5
7.5 17.5
7.5 18.5
7.5 28.5
7.5 29.5
7.5 30.5
7.5 31.5
7.5 38.5
7.5 39.5
7.5 43.5
7.5 44.5
7.5 53.5
7.5 54.5
7.5 55.5
7.5 60.5
7.5 61.5
8.5 53.5
8.5 54.5
8.5 55.5
8.5 59.5
8.5 60.5
8.5 61.5
8.5 62.5
9.5 60.5
9.5 61.5
10.5 7.5
10.5 8.5
10.5 9.5
10.5 19.5
10.5 26.5
10.5 27.5
10.5 28.5
10.5 45.5
11.5 6.5
11.5 7.5
11.5 8.5
11.5 9.5
11.5 19.5
11.5 20.5
11.5 25.5
11.5 26.5
11.5 27.5
11.5 28.5
11.5 38.5
11.5 39.5
11.5 45.5
11.5 46.5
11.5 51.5
11.5 63.5
12.5 7.5
12.5 19.5
12.5 20.5
12.5 25.5
12.5 26.5
12.5 27.5
12.5 38.5
12.5 39.5
12.5 45.5
12.5 46.5
12.5 50.5
12.5 51.5
12.5 52.5
12.5 62.5
12.5 63.5
12.5 64.5
13.5 42.5
13.5 46.5
13.5 50.5
13.5 51.5
13.5 52.5
13.5 63.5
13.5 64.5
14.5 10.5
14.5 11.5
14.5 12.5
14.5 13.5
14.5 16.5
14.5 17.5
14.5 18.5
14.5 29.5
14.5 30.5
14.5 31.5
14.5 32.5
14.5 35.5
14.5 36.5
14.5 42.5
14.5 43.5
14.5 44.5
14.5 59.5
14.5 60.5
15.5 10.5
15.5 11.5
15.5 12.5
15.5 17.5
15.5 18.5
15.5 29.5
15.5 30.5
15.5 31.5
15.5 35.5
15.5 36.5
15.5 43.5
15.5 44.5
15.5 54.5
15.5 55.5
15.5 60.5
15.5 61.5
16.5 11.5
16.5 18.5
16.5 29.5
16.5 30.5
16.5 36.5
16.5 53.5
16.5 54.5
18.5 62.5
18.5 63.5
18.5 64.5
19.5 8.5
19.5 9.5
19.5 10.5
19.5 20.5
19.5 21.5
19.5 25.5
19.5 26.5
19.5 27.5
19.5 37.5
19.5 38.5
19.5 39.5
19.5 43.5
19.5 44.5
19.5 53.5
19.5 54.5
19.5 55.5
19.5 63.5
19.5 64.5
19.5 65.5
20.5 8.5
20.5 9.5
20.5 10.5
20.5 20.5
20.5 21.5
20.5 25.5
20.5 26.5
20.5 27.5
20.5 28.5
20.5 38.5
20.5 39.5
20.5 43.5
20.5 44.5
20.5 45.5
20.5 53.5
20.5 54.5
20.5 55.5
20.5 64.5
21.5 21.5
21.5 26.5
21.5 39.5
21.5 44.5
21.5 55.5
21.5 59.5
21.5 60.5
21.5 61.5
22.5 12.5
22.5 13.5
22.5 17.5
22.5 18.5
22.5 29.5
22.5 30.5
22.5 31.5
22.5 35.5
22.5 36.5
22.5 47.5
22.5 48.5
22.5 51.5
22.5 52.5
22.5 59.5
22.5 60.5
22.5 61.5
22.5 62.5
23.5 11.5
23.5 12.5
23.5 13.5
23.5 17.5
23.5 18.5
23.5 19.5
23.5 28.5
23.5 29.5
23.5 30.5
23.5 35.5
23.5 36.5
23.5 37.5
23.5 46.5
23.5 47.5
23.5 48.5
23.5 51.5
23.5 52.5
23.5 53.5
23.5 61.5
24.5 11.5
24.5 12.5
24.5 17.5
24.5 18.5
24.5 36.5
24.5 37.5
24.5 47.5
24.5 53.5
26.5 26.5
26.5 27.5
26.5 38.5
26.5 61.5
26.5 62.5
27.5 9.5
27.5 10.5
27.5 19.5
27.5 20.5
27.5 21.5
27.5 25.5
27.5 26.5
27.5 27.5
27.5 38.5
27.5 39.5
27.5 40.5
27.5 45.5
27.5 46.5
27.5 53.5
27.5 60.5
27.5 61.5
27.5 62.5
28.5 8.5
28.5 9.5
28.5 10.5
28.5 19.5
28.5 20.5
28.5 21.5
28.5 25.5
28.5 26.5
28.5 39.5
28.5 40.5
28.5 41.5
28.5 45.5
28.5 46.5
28.5 52.5
28.5 53.5
28.5 60.5
28.5 61.5
28.5 65.5
29.5 8.5
29.5 9.5
29.5 29.5
29.5 30.5
29.5 34.5
29.5 35.5
29.5 36.5
29.5 48.5
29.5 52.5
29.5 55.5
29.5 56.5
29.5 64.5
29.5 65.5
29.5 66.5
30.5 12.5
30.5 13.5
30.5 16.5
30.5 17.5
30.5 18.5
30.5 28.5
30.5 29.5
30.5 30.5
30.5 35.5
30.5 36.5
30.5 37.5
30.5 47.5
30.5 48.5
30.5 49.5
30.5 55.5
30.5 56.5
30.5 64.5
30.5 65.5
31.5 11.5
31.5 12.5
31.5 17.5
31.5 18.5
31.5 28.5
31.5 47.5
31.5 48.5
31.5 55.5
31.5 56.5
33.5 38.5
33.5 39.5
34.5 9.5
34.5 10.5
34.5 18.5
34.5 19.5
34.5 26.5
34.5 27.5
34.5 38.5
34.5 39.5
34.5 40.5
34.5 45.5
34.5 46.5
34.5 64.5
34.5 65.5
35.5 8.5
35.5 9.5
35.5 18.5
35.5 19.5
35.5 25.5
35.5 26.5
35.5 27.5
35.5 38.5
35.5 39.5
35.5 40.5
35.5 44.5
35.5 45.5
35.5 46.5
35.5 55.5
35.5 56.5
35.5 57.5
35.5 64.5
35.5 65.5
36.5 12.5
36.5 13.5
36.5 14.5
36.5 21.5
36.5 25.5
36.5 26.5
36.5 35.5
36.5 55.5
36.5 56.5
36.5 57.5
36.5 64.5
36.5 65.5
36.5 66.5
37.5 11.5
37.5 12.5
37.5 13.5
37.5 14.5
37.5 21.5
37.5 22.5
37.5 29.5
37.5 30.5
37.5 34.5
37.5 35.5
37.5 36.5
37.5 47.5
37.5 48.5
37.5 57.5
37.5 61.5
38.5 21.5
38.5 22.5
38.5 28.5
38.5 29.5
38.5 30.5
38.5 34.5
38.5 35.5
38.5 36.5
38.5 46.5
38.5 47.5
38.5 48.5
38.5 52.5
38.5 53.5
38.5 54.5
38.5 61.5
38.5 62.5
39.5 28.5
39.5 29.5
39.5 46.5
39.5 47.5
39.5 48.5
39.5 52.5
39.5 53.5
39.5 54.5
39.5 61.5
39.5 62.5
40.5 53.5
40.5 54.5
41.5 11.5
41.5 12.5
41.5 13.5
41.5 14.5
41.5 19.5
42.5 11.5
42.5 12.5
42.5 13.5
42.5 14.5
42.5 18.5
42.5 19.5
42.5 20.5
42.5 27.5
42.5 37.5
42.5 38.5
42.5 39.5
42.5 45.5
42.5 63.5
42.5 64.5
43.5 12.5
43.5 13.5
43.5 14.5
43.5 18.5
43.5 19.5
43.5 25.5
43.5 26.5
43.5 27.5
43.5 37.5
43.5 38.5
43.5 39.5
43.5 40.5
43.5 44.5
43.5 45.5
43.5 46.5
43.5 55.5
43.5 56.5
43.5 57.5
43.5 64.5
43.5 65.5
44.5 7.5
44.5 8.5
44.5 9.5
44.5 25.5
44.5 26.5
44.5 38.5
44.5 39.5
44.5 40.5
44.5 43.5
44.5 44.5
44.5 45.5
44.5 46.5
44.5 55.5
44.5 56.5
44.5 57.5
44.5 61.5
44.5 62.5
45.5 8.5
45.5 9.5
45.5 10.5
45.5 20.5
45.5 21.5
45.5 22.5
45.5 28.5
45.5 29.5
45.5 30.5
45.5 34.5
45.5 35.5
45.5 44.5
45.5 45.5
45.5 61.5
45.5 62.5
46.5 9.5
46.5 10.5
46.5 20.5
46.5 21.5
46.5 28.5
46.5 29.5
46.5 30.5
46.5 34.5
46.5 35.5
46.5 36.5
46.5 47.5
46.5 48.5
46.5 49.5
46.5 52.5
46.5 53.5
46.5 54.5
47.5 28.5
47.5 29.5
47.5 35.5
47.5 36.5
47.5 37.5
47.5 47.5
47.5 48.5
47.5 54.5
49.5 9.5
49.5 10.5
49.5 18.5
49.5 19.5
49.5 63.5
49.5 64.5
49.5 65.5
50.5 8.5
50.5 9.5
50.5 10.5
50.5 17.5
50.5 18.5
50.5 26.5
50.5 27.5
50.5 38.5
50.5 47.5
50.5 55.5
50.5 56.5
50.5 63.5
50.5 64.5
50.5 65.5
51.5 12.5
51.5 13.5
51.5 26.5
51.5 27.5
51.5 28.5
51.5 37.5
51.5 38.5
51.5 39.5
51.5 46.5
51.5 47.5
51.5 48.5
51.5 55.5
51.5 56.5
51.5 64.5
51.5 65.5
52.5 11.5
52.5 12.5
52.5 13.5
52.5 20.5
52.5 21.5
52.5 22.5
52.5 27.5
52.5 34.5
52.5 35.5
52.5 47.5
52.5 48.5
52.5 55.5
52.5 56.5
53.5 11.5
53.5 20.5
53.5 21.5
53.5 22.5
53.5 29.5
53.5 30.5
53.5 34.5
53.5 35.5
53.5 36.5
53.5 43.5
53.5 44.5
53.5 45.5
53.5 52.5
53.5 53.5
53.5 60.5
53.5 61.5
53.5 62.5
54.5 29.5
54.5 44.5
54.5 45.5
54.5 52.5
54.5 53.5
54.5 60.5
54.5 61.5
54.5 62.5
54.5 63.5
55.5 53.5
55.5 54.5
55.5 61.5
55.5 62.5
55.5 63.5
56.5 9.5
56.5 10.5
57.5 9.5
57.5 10.5
57.5 20.5
57.5 21.5
57.5 22.5
57.5 27.5
57.5 28.5
57.5 36.5
57.5 37.5
57.5 38.5
57.5 46.5
57.5 47.5
58.5 9.5
58.5 21.5
58.5 22.5
58.5 23.5
58.5 26.5
58.5 27.5
58.5 36.5
58.5 37.5
58.5 38.5
58.5 47.5
58.5 48.5
58.5 53.5
58.5 62.5
58.5 63.5
58.5 64.5
59.5 12.5
59.5 16.5
59.5 17.5
59.5 18.5
59.5 22.5
59.5 26.5
59.5 27.5
59.5 36.5
59.5 37.5
59.5 42.5
59.5 43.5
59.5 44.5
59.5 48.5
59.5 52.5
59.5 53.5
59.5 63.5
59.5 64.5
60.5 11.5
60.5 12.5
60.5 16.5
60.5 17.5
60.5 18.5
60.5 19.5
60.5 29.5
60.5 30.5
60.5 33.5
60.5 34.5
60.5 41.5
60.5 42.5
60.5 43.5
60.5 44.5
60.5 55.5
60.5 56.5
60.5 59.5
60.5 60.5
60.5 61.5
61.5 11.5
61.5 17.5
61.5 18.5
61.5 19.5
61.5 29.5
61.5 30.5
61.5 34.5
61.5 42.5
61.5 43.5
61.5 44.5
61.5 54.5
61.5 55.5
61.5 56.5
61.5 59.5
61.5 60.5
61.5 61.5
62.5 29.5
62.5 34.5
62.5 35.5
