5.5 51.5
6.5 10.5
6.5 51.5
6.5 61.5
7.5 10.5
7.5 32.5
7.5 44.5
7.5 61.5
8.5 10.5
8.5 19.5
8.5 33.5
8.5 44.5
8.5 50.5
8.5 61.5
9.5 9.5
9.5 10.5
9.5 19.5
9.5 33.5
9.5 34.5
9.5 44.5
9.5 50.5
9.5 60.5
9.5 61.5
10.5 9.5
10.5 19.5
10.5 34.5
10.5 44.5
10.5 60.5
11.5 9.5
11.5 18.5
11.5 34.5
11.5 35.5
11.5 44.5
11.5 60.5
12.5 18.5
12.5 35.5
12.5 54.5
12.5 60.5
13.5 23.5
13.5 29.5
13.5 54.5
14.5 13.5
14.5 23.5
14.5 29.5
14.5 40.5
14.5 54.5
14.5 65.5
15.5 13.5
15.5 22.5
15.5 29.5
15.5 30.5
15.5 40.5
15.5 53.5
15.5 54.5
15.5 65.5
16.5 13.5
16.5 22.5
16.5 30.5
16.5 41.5
16.5 53.5
16.5 64.5
17.5 12.5
17.5 22.5
17.5 31.5
17.5 41.5
17.5 53.5
17.5 64.5
18.5 12.5
18.5 21.5
18.5 31.5
18.5 53.5
18.5 64.5
25.5 31.5
26.5 12.5
26.5 20.5
26.5 31.5
26.5 41.5
27.5 20.5
27.5 31.5
27.5 41.5
27.5 51.5
27.5 64.5
28.5 13.5
28.5 19.5
28.5 30.5
28.5 31.5
28.5 41.5
28.5 50.5
28.5 51.5
28.5 64.5
29.5 13.5
29.5 19.5
29.5 30.5
29.5 41.5
29.5 50.5
29.5 64.5
30.5 13.5
30.5 19.5
30.5 30.5
30.5 40.5
30.5 50.5
30.5 65.5
31.5 19.5
31.5 40.5
31.5 49.5
31.5 65.5
32.5 14.5
32.5 24.5
32.5 35.5
32.5 40.5
32.5 49.5
32.5 65.5
33.5 9.5
33.5 24.5
33.5 35.5
33.5 44.5
34.5 9.5
34.5 24.5
34.5 35.5
34.5 44.5
34.5 54.5
34.5 60.5
35.5 9.5
35.5 10.5
35.5 23.5
35.5 34.5
35.5 35.5
35.5 44.5
35.5 54.5
35.5 60.5
35.5 61.5
36.5 10.5
36.5 23.5
36.5 34.5
36.5 43.5
36.5 54.5
36.5 61.5
37.5 10.5
37.5 23.5
37.5 34.5
37.5 43.5
37.5 53.5
37.5 61.5
38.5 10.5
38.5 23.5
38.5 34.5
38.5 43.5
38.5 53.5
38.5 61.5
39.5 62.5
47.5 12.5
47.5 20.5
47.5 52.5
47.5 63.5
48.5 12.5
48.5 20.5
48.5 31.5
48.5 43.5
48.5 52.5
48.5 53.5
48.5 64.5
49.5 12.5
49.5 19.5
49.5 20.5
49.5 31.5
49.5 43.5
49.5 53.5
49.5 64.5
50.5 12.5
50.5 19.5
50.5 31.5
50.5 43.5
50.5 53.5
50.5 64.5
51.5 13.5
51.5 30.5
51.5 31.5
51.5 43.5
51.5 53.5
51.5 64.5
52.5 13.5
52.5 18.5
52.5 30.5
52.5 54.5
53.5 8.5
53.5 24.5
53.5 30.5
53.5 59.5
54.5 8.5
54.5 24.5
54.5 35.5
54.5 49.5
54.5 59.5
55.5 9.5
55.5 23.5
55.5 24.5
55.5 35.5
55.5 40.5
55.5 49.5
55.5 59.5
55.5 60.5
56.5 9.5
56.5 23.5
56.5 34.5
56.5 40.5
56.5 49.5
56.5 60.5
57.5 9.5
57.5 23.5
57.5 34.5
57.5 40.5
57.5 49.5
57.5 60.5
58.5 22.5
58.5 23.5
58.5 34.5
58.5 40.5
58.5 50.5
58.5 60.5
59.5 22.5
59.5 40.5
59.5 50.5
60.5 33.5
