4.5 9.5
4.5 10.5
4.5 22.5
4.5 23.5
4.5 29.5
4.5 30.5
4.5 31.5
4.5 42.5
4.5 43.5
4.5 53.5
4.5 54.5
4.5 63.5
4.5 64.5
5.5 8.5
5.5 9.5
5.5 10.5
5.5 22.5
5.5 23.5
5.5 24.5
5.5 29.5
5.5 30.5
5.5 31.5
5.5 42.5
5.5 43.5
5.5 44.5
5.5 53.5
5.5 54.5
5.5 55.5
5.5 63.5
5.5 64.5
5.5 65.5
6.5 8.5
6.5 9.5
6.5 43.5
6.5 44.5
6.5 54.5
6.5 55.5
7.5 13.5
7.5 18.5
7.5 19.5
7.5 33.5
7.5 34.5
7.5 39.5
7.5 40.5
7.5 49.5
7.5 50.5
7.5 59.5
7.5 60.5
7.5 61.5
8.5 12.5
8.5 13.5
8.5 18.5
8.5 19.5
8.5 20.5
8.5 32.5
8.5 33.5
8.5 34.5
8.5 39.5
8.5 40.5
8.5 41.5
8.5 49.5
8.5 50.5
8.5 51.5
8.5 60.5
8.5 61.5
8.5 62.5
9.5 11.5
9.5 12.5
9.5 13.5
9.5 19.5
9.5 20.5
9.5 40.5
9.5 41.5
9.5 50.5
9.5 51.5
12.5 30.5
12.5 31.5
12.5 63.5
13.5 9.5
13.5 10.5
13.5 21.5
13.5 22.5
13.5 23.5
13.5 24.5
13.5 29.5
13.5 30.5
13.5 31.5
13.5 42.5
13.5 43.5
13.5 44.5
13.5 49.5
13.5 50.5
13.5 51.5
13.5 63.5
13.5 64.5
13.5 65.5
14.5 8.5
14.5 9.5
14.5 10.5
14.5 22.5
14.5 23.5
14.5 24.5
14.5 29.5
14.5 30.5
14.5 31.5
14.5 43.5
14.5 44.5
14.5 49.5
14.5 50.5
14.5 51.5
14.5 63.5
14.5 64.5
14.5 65.5
15.5 8.5
15.5 9.5
15.5 44.5
15.5 49.5
16.5 12.5
16.5 13.5
16.5 14.5
16.5 18.5
16.5 19.5
16.5 20.5
16.5 33.5
16.5 34.5
16.5 39.5
16.5 40.5
16.5 53.5
16.5 54.5
16.5 55.5
16.5 59.5
16.5 60.5
16.5 61.5
17.5 11.5
17.5 12.5
17.5 13.5
17.5 19.5
17.5 20.5
17.5 21.5
17.5 32.5
17.5 33.5
17.5 39.5
17.5 40.5
17.5 41.5
17.5 52.5
17.5 53.5
17.5 54.5
17.5 59.5
17.5 60.5
17.5 61.5
18.5 11.5
18.5 12.5
18.5 53.5
18.5 61.5
21.5 22.5
21.5 32.5
21.5 40.5
21.5 41.5
22.5 11.5
22.5 12.5
22.5 13.5
22.5 22.5
22.5 23.5
22.5 24.5
22.5 32.5
22.5 33.5
22.5 34.5
22.5 39.5
22.5 40.5
22.5 41.5
22.5 49.5
22.5 50.5
22.5 51.5
22.5 60.5
22.5 61.5
22.5 62.5
23.5 12.5
23.5 13.5
23.5 14.5
23.5 23.5
23.5 24.5
23.5 33.5
23.5 34.5
23.5 38.5
23.5 39.5
23.5 40.5
23.5 49.5
23.5 50.5
23.5 59.5
23.5 60.5
23.5 61.5
24.5 19.5
24.5 29.5
24.5 44.5
24.5 54.5
24.5 65.5
25.5 8.5
25.5 9.5
25.5 10.5
25.5 18.5
25.5 19.5
25.5 20.5
25.5 29.5
25.5 30.5
25.5 42.5
25.5 43.5
25.5 44.5
25.5 53.5
25.5 54.5
25.5 55.5
25.5 63.5
25.5 64.5
25.5 65.5
26.5 9.5
26.5 10.5
26.5 19.5
26.5 20.5
26.5 21.5
26.5 29.5
26.5 30.5
26.5 31.5
26.5 42.5
26.5 43.5
26.5 52.5
26.5 53.5
26.5 54.5
26.5 63.5
26.5 64.5
27.5 10.5
30.5 12.5
30.5 22.5
30.5 23.5
30.5 30.5
30.5 31.5
30.5 42.5
30.5 43.5
30.5 44.5
30.5 50.5
30.5 51.5
30.5 52.5
30.5 63.5
31.5 12.5
31.5 13.5
31.5 22.5
31.5 23.5
31.5 24.5
31.5 29.5
31.5 30.5
31.5 43.5
31.5 44.5
31.5 45.5
31.5 49.5
31.5 50.5
31.5 51.5
31.5 63.5
31.5 64.5
31.5 65.5
32.5 12.5
32.5 13.5
32.5 14.5
32.5 23.5
32.5 24.5
32.5 29.5
32.5 50.5
32.5 63.5
32.5 64.5
32.5 65.5
33.5 18.5
33.5 19.5
33.5 20.5
33.5 33.5
33.5 34.5
33.5 39.5
33.5 40.5
33.5 54.5
33.5 55.5
33.5 65.5
34.5 8.5
34.5 9.5
34.5 10.5
34.5 19.5
34.5 20.5
34.5 21.5
34.5 32.5
34.5 33.5
34.5 34.5
34.5 39.5
34.5 40.5
34.5 41.5
34.5 53.5
34.5 54.5
34.5 55.5
34.5 60.5
34.5 61.5
35.5 9.5
35.5 10.5
35.5 11.5
35.5 20.5
35.5 21.5
35.5 32.5
35.5 41.5
35.5 53.5
35.5 54.5
35.5 60.5
35.5 61.5
35.5 62.5
36.5 10.5
36.5 61.5
39.5 12.5
39.5 22.5
39.5 23.5
39.5 24.5
39.5 29.5
39.5 30.5
39.5 31.5
39.5 42.5
39.5 43.5
39.5 44.5
39.5 50.5
39.5 51.5
39.5 52.5
39.5 63.5
40.5 12.5
40.5 13.5
40.5 14.5
40.5 22.5
40.5 23.5
40.5 24.5
40.5 28.5
40.5 29.5
40.5 30.5
40.5 43.5
40.5 44.5
40.5 45.5
40.5 49.5
40.5 50.5
40.5 51.5
40.5 63.5
40.5 64.5
41.5 12.5
41.5 13.5
41.5 14.5
41.5 44.5
41.5 49.5
41.5 50.5
41.5 64.5
41.5 65.5
42.5 9.5
42.5 18.5
42.5 19.5
42.5 20.5
42.5 33.5
42.5 34.5
42.5 38.5
42.5 39.5
42.5 40.5
42.5 54.5
42.5 55.5
42.5 59.5
42.5 60.5
42.5 61.5
43.5 8.5
43.5 9.5
43.5 10.5
43.5 19.5
43.5 20.5
43.5 21.5
43.5 32.5
43.5 33.5
43.5 34.5
43.5 39.5
43.5 40.5
43.5 41.5
43.5 53.5
43.5 54.5
43.5 59.5
43.5 60.5
43.5 61.5
44.5 9.5
44.5 10.5
44.5 20.5
44.5 32.5
44.5 40.5
44.5 41.5
44.5 53.5
44.5 61.5
48.5 9.5
48.5 10.5
48.5 22.5
48.5 23.5
48.5 29.5
48.5 30.5
48.5 39.5
48.5 40.5
48.5 41.5
48.5 52.5
48.5 53.5
48.5 54.5
48.5 62.5
48.5 63.5
48.5 64.5
49.5 8.5
49.5 9.5
49.5 10.5
49.5 22.5
49.5 23.5
49.5 24.5
49.5 28.5
49.5 29.5
49.5 30.5
49.5 39.5
49.5 40.5
49.5 41.5
49.5 53.5
49.5 54.5
49.5 63.5
49.5 64.5
49.5 65.5
50.5 8.5
50.5 39.5
50.5 54.5
51.5 12.5
51.5 13.5
51.5 14.5
51.5 19.5
51.5 20.5
51.5 32.5
51.5 33.5
51.5 34.5
51.5 43.5
51.5 44.5
51.5 45.5
51.5 49.5
51.5 50.5
51.5 51.5
51.5 59.5
51.5 60.5
51.5 61.5
52.5 12.5
52.5 13.5
52.5 14.5
52.5 19.5
52.5 20.5
52.5 21.5
52.5 32.5
52.5 33.5
52.5 34.5
52.5 42.5
52.5 43.5
52.5 44.5
52.5 50.5
52.5 51.5
52.5 59.5
52.5 60.5
52.5 61.5
53.5 12.5
53.5 20.5
56.5 32.5
56.5 33.5
56.5 42.5
56.5 43.5
56.5 50.5
56.5 51.5
56.5 60.5
56.5 61.5
57.5 9.5
57.5 10.5
57.5 11.5
57.5 22.5
57.5 23.5
57.5 24.5
57.5 32.5
57.5 33.5
57.5 34.5
57.5 42.5
57.5 43.5
57.5 44.5
57.5 49.5
57.5 50.5
57.5 51.5
57.5 59.5
57.5 60.5
57.5 61.5
58.5 8.5
58.5 9.5
58.5 10.5
58.5 23.5
58.5 24.5
58.5 33.5
58.5 34.5
58.5 43.5
58.5 44.5
58.5 49.5
58.5 59.5
58.5 60.5
59.5 29.5
59.5 30.5
59.5 39.5
59.5 40.5
59.5 53.5
59.5 54.5
59.5 64.5
60.5 13.5
60.5 14.5
60.5 19.5
60.5 20.5
60.5 29.5
60.5 30.5
60.5 31.5
60.5 39.5
60.5 40.5
60.5 41.5
60.5 52.5
60.5 53.5
60.5 54.5
60.5 63.5
60.5 64.5
61.5 12.5
61.5 13.5
61.5 14.5
61.5 19.5
61.5 20.5
61.5 21.5
61.5 30.5
61.5 31.5
61.5 40.5
61.5 41.5
61.5 52.5
61.5 53.5
61.5 62.5
61.5 63.5
