3.5 51.5
3.5 52.5
6.5 9.5
6.5 57.5
7.5 9.5
7.5 26.5
7.5 27.5
7.5 38.5
8.5 44.5
8.5 62.5
9.5 61.5
10.5 21.5
10.5 34.5
11.5 13.5
11.5 14.5
17.5 21.5
17.5 63.5
18.5 10.5
18.5 21.5
18.5 33.5
18.5 34.5
18.5 46.5
19.5 34.5
22.5 14.5
22.5 25.5
22.5 26.5
22.5 50.5
22.5 58.5
23.5 14.5
23.5 25.5
23.5 38.5
23.5 50.5
23.5 58.5
31.5 10.5
31.5 23.5
31.5 38.5
31.5 61.5
31.5 62.5
32.5 45.5
35.5 14.5
36.5 14.5
36.5 27.5
36.5 49.5
36.5 57.5
37.5 33.5
37.5 34.5
43.5 13.5
43.5 14.5
43.5 45.5
43.5 59.5
44.5 21.5
44.5 22.5
44.5 59.5
45.5 33.5
47.5 38.5
48.5 25.5
48.5 38.5
48.5 51.5
48.5 52.5
48.5 63.5
49.5 63.5
54.5 14.5
54.5 21.5
54.5 38.5
56.5 52.5
56.5 53.5
56.5 65.5
57.5 46.5
58.5 10.5
58.5 33.5
59.5 25.5
59.5 61.5
59.5 62.5
