2.5 63.5
3.5 29.5
3.5 30.5
3.5 31.5
3.5 36.5
3.5 37.5
3.5 38.5
3.5 52.5
3.5 53.5
3.5 63.5
3.5 64.5
3.5 65.5
4.5 10.5
4.5 11.5
4.5 19.5
4.5 20.5
4.5 21.5
4.5 29.5
4.5 30.5
4.5 31.5
4.5 37.5
4.5 38.5
4.5 46.5
4.5 47.5
4.5 52.5
4.5 53.5
4.5 54.5
4.5 63.5
4.5 64.5
4.5 65.5
5.5 10.5
5.5 11.5
5.5 12.5
5.5 19.5
5.5 20.5
5.5 21.5
5.5 29.5
5.5 30.5
5.5 31.5
5.5 34.5
5.5 35.5
5.5 38.5
5.5 46.5
5.5 47.5
5.5 48.5
5.5 51.5
5.5 52.5
5.5 53.5
5.5 54.5
5.5 63.5
5.5 64.5
5.5 65.5
6.5 7.5
6.5 11.5
6.5 12.5
6.5 16.5
6.5 24.5
6.5 25.5
6.5 26.5
6.5 27.5
6.5 34.5
6.5 35.5
6.5 41.5
6.5 42.5
6.5 43.5
6.5 47.5
6.5 48.5
6.5 52.5
6.5 53.5
6.5 56.5
6.5 60.5
6.5 64.5
6.5 65.5
7.5 6.5
7.5 7.5
7.5 8.5
7.5 15.5
7.5 16.5
7.5 17.5
7.5 25.5
7.5 26.5
7.5 27.5
7.5 28.5
7.5 34.5
7.5 35.5
7.5 42.5
7.5 43.5
7.5 44.5
7.5 45.5
7.5 55.5
7.5 56.5
7.5 59.5
7.5 60.5
7.5 61.5
8.5 7.5
8.5 8.5
8.5 9.5
8.5 16.5
8.5 17.5
8.5 26.5
8.5 27.5
8.5 43.5
8.5 44.5
8.5 45.5
8.5 46.5
8.5 55.5
8.5 56.5
8.5 59.5
8.5 60.5
8.5 61.5
8.5 62.5
9.5 8.5
9.5 9.5
9.5 55.5
9.5 60.5
9.5 61.5
9.5 62.5
10.5 35.5
10.5 61.5
11.5 16.5
11.5 17.5
11.5 27.5
11.5 28.5
11.5 29.5
11.5 30.5
11.5 34.5
11.5 35.5
11.5 44.5
11.5 45.5
11.5 46.5
12.5 9.5
12.5 10.5
12.5 15.5
12.5 16.5
12.5 17.5
12.5 28.5
12.5 29.5
12.5 30.5
12.5 31.5
12.5 34.5
12.5 44.5
12.5 45.5
12.5 46.5
12.5 47.5
12.5 48.5
12.5 53.5
13.5 9.5
13.5 10.5
13.5 11.5
13.5 15.5
13.5 16.5
13.5 17.5
13.5 25.5
13.5 36.5
13.5 37.5
13.5 38.5
13.5 41.5
13.5 42.5
13.5 45.5
13.5 46.5
13.5 47.5
13.5 48.5
13.5 52.5
13.5 53.5
13.5 61.5
13.5 62.5
14.5 10.5
14.5 11.5
14.5 12.5
14.5 15.5
14.5 16.5
14.5 19.5
14.5 20.5
14.5 24.5
14.5 25.5
14.5 26.5
14.5 27.5
14.5 36.5
14.5 37.5
14.5 38.5
14.5 41.5
14.5 42.5
14.5 43.5
14.5 51.5
14.5 52.5
14.5 60.5
14.5 61.5
14.5 62.5
15.5 7.5
15.5 11.5
15.5 18.5
15.5 19.5
15.5 20.5
15.5 21.5
15.5 24.5
15.5 25.5
15.5 26.5
15.5 27.5
15.5 36.5
15.5 37.5
15.5 38.5
15.5 42.5
15.5 43.5
15.5 60.5
15.5 61.5
15.5 62.5
16.5 7.5
16.5 8.5
16.5 9.5
16.5 18.5
16.5 19.5
16.5 20.5
16.5 25.5
16.5 26.5
16.5 27.5
16.5 37.5
16.5 43.5
16.5 44.5
16.5 53.5
16.5 54.5
16.5 55.5
16.5 56.5
16.5 60.5
16.5 61.5
16.5 65.5
16.5 66.5
17.5 8.5
17.5 9.5
17.5 18.5
17.5 19.5
17.5 20.5
17.5 54.5
17.5 55.5
17.5 56.5
17.5 57.5
17.5 64.5
17.5 65.5
17.5 66.5
18.5 55.5
18.5 56.5
18.5 64.5
18.5 65.5
19.5 36.5
19.5 64.5
19.5 65.5
20.5 28.5
20.5 29.5
20.5 34.5
20.5 35.5
20.5 36.5
20.5 45.5
20.5 46.5
21.5 8.5
21.5 9.5
21.5 10.5
21.5 18.5
21.5 19.5
21.5 20.5
21.5 28.5
21.5 29.5
21.5 30.5
21.5 34.5
21.5 35.5
21.5 36.5
21.5 45.5
21.5 46.5
21.5 47.5
21.5 51.5
21.5 52.5
21.5 53.5
21.5 54.5
22.5 8.5
22.5 9.5
22.5 10.5
22.5 19.5
22.5 20.5
22.5 21.5
22.5 28.5
22.5 29.5
22.5 30.5
22.5 34.5
22.5 35.5
22.5 36.5
22.5 46.5
22.5 47.5
22.5 51.5
22.5 52.5
22.5 53.5
22.5 54.5
22.5 64.5
22.5 65.5
23.5 8.5
23.5 9.5
23.5 19.5
23.5 20.5
23.5 21.5
23.5 28.5
23.5 29.5
23.5 30.5
23.5 33.5
23.5 34.5
23.5 35.5
23.5 46.5
23.5 47.5
23.5 51.5
23.5 52.5
23.5 53.5
23.5 54.5
23.5 64.5
23.5 65.5
23.5 66.5
24.5 11.5
24.5 12.5
24.5 15.5
24.5 16.5
24.5 17.5
24.5 25.5
24.5 29.5
24.5 34.5
24.5 38.5
24.5 39.5
24.5 42.5
24.5 43.5
24.5 44.5
24.5 52.5
24.5 53.5
24.5 65.5
24.5 66.5
25.5 11.5
25.5 12.5
25.5 15.5
25.5 16.5
25.5 17.5
25.5 18.5
25.5 25.5
25.5 26.5
25.5 37.5
25.5 38.5
25.5 39.5
25.5 43.5
25.5 44.5
25.5 45.5
25.5 56.5
25.5 57.5
25.5 58.5
25.5 61.5
25.5 62.5
25.5 66.5
26.5 10.5
26.5 11.5
26.5 12.5
26.5 16.5
26.5 17.5
26.5 18.5
26.5 25.5
26.5 26.5
26.5 27.5
26.5 36.5
26.5 37.5
26.5 38.5
26.5 39.5
26.5 43.5
26.5 44.5
26.5 45.5
26.5 55.5
26.5 56.5
26.5 57.5
26.5 61.5
26.5 62.5
26.5 63.5
27.5 11.5
27.5 17.5
27.5 18.5
27.5 26.5
27.5 27.5
27.5 36.5
27.5 37.5
27.5 38.5
27.5 44.5
27.5 45.5
27.5 55.5
27.5 56.5
27.5 61.5
27.5 62.5
27.5 63.5
27.5 64.5
28.5 63.5
30.5 9.5
30.5 10.5
30.5 17.5
30.5 18.5
30.5 44.5
30.5 45.5
30.5 53.5
30.5 54.5
31.5 8.5
31.5 9.5
31.5 10.5
31.5 16.5
31.5 17.5
31.5 18.5
31.5 26.5
31.5 27.5
31.5 35.5
31.5 36.5
31.5 43.5
31.5 44.5
31.5 45.5
31.5 52.5
31.5 53.5
31.5 54.5
31.5 63.5
31.5 64.5
32.5 8.5
32.5 9.5
32.5 16.5
32.5 17.5
32.5 18.5
32.5 25.5
32.5 26.5
32.5 27.5
32.5 34.5
32.5 35.5
32.5 36.5
32.5 42.5
32.5 43.5
32.5 44.5
32.5 51.5
32.5 52.5
32.5 53.5
32.5 54.5
32.5 63.5
32.5 64.5
32.5 65.5
33.5 11.5
33.5 12.5
33.5 16.5
33.5 17.5
33.5 25.5
33.5 26.5
33.5 27.5
33.5 34.5
33.5 35.5
33.5 39.5
33.5 46.5
33.5 47.5
33.5 48.5
33.5 52.5
33.5 56.5
33.5 63.5
33.5 64.5
33.5 65.5
34.5 11.5
34.5 12.5
34.5 13.5
34.5 20.5
34.5 21.5
34.5 22.5
34.5 25.5
34.5 26.5
34.5 30.5
34.5 38.5
34.5 39.5
34.5 46.5
34.5 47.5
34.5 48.5
34.5 55.5
34.5 56.5
34.5 59.5
34.5 60.5
34.5 61.5
34.5 64.5
34.5 65.5
35.5 11.5
35.5 12.5
35.5 19.5
35.5 20.5
35.5 21.5
35.5 22.5
35.5 29.5
35.5 30.5
35.5 31.5
35.5 37.5
35.5 38.5
35.5 45.5
35.5 46.5
35.5 47.5
35.5 54.5
35.5 55.5
35.5 56.5
35.5 60.5
35.5 61.5
36.5 11.5
36.5 19.5
36.5 20.5
36.5 21.5
36.5 28.5
36.5 29.5
36.5 30.5
36.5 54.5
36.5 55.5
36.5 60.5
36.5 61.5
36.5 62.5
37.5 19.5
37.5 20.5
37.5 28.5
37.5 29.5
38.5 37.5
38.5 38.5
38.5 44.5
38.5 45.5
39.5 9.5
39.5 10.5
39.5 37.5
39.5 38.5
39.5 39.5
39.5 43.5
39.5 44.5
39.5 45.5
39.5 53.5
40.5 8.5
40.5 9.5
40.5 10.5
40.5 19.5
40.5 20.5
40.5 21.5
40.5 28.5
40.5 29.5
40.5 30.5
40.5 38.5
40.5 39.5
40.5 40.5
40.5 43.5
40.5 44.5
40.5 52.5
40.5 53.5
40.5 60.5
40.5 61.5
40.5 62.5
41.5 8.5
41.5 9.5
41.5 17.5
41.5 20.5
41.5 21.5
41.5 22.5
41.5 28.5
41.5 29.5
41.5 30.5
41.5 31.5
41.5 35.5
41.5 47.5
41.5 48.5
41.5 51.5
41.5 52.5
41.5 53.5
41.5 59.5
41.5 60.5
41.5 61.5
42.5 12.5
42.5 13.5
42.5 17.5
42.5 18.5
42.5 25.5
42.5 29.5
42.5 30.5
42.5 31.5
42.5 34.5
42.5 35.5
42.5 36.5
42.5 37.5
42.5 46.5
42.5 47.5
42.5 48.5
42.5 51.5
42.5 52.5
42.5 56.5
42.5 60.5
42.5 61.5
42.5 65.5
43.5 11.5
43.5 12.5
43.5 13.5
43.5 18.5
43.5 19.5
43.5 25.5
43.5 26.5
43.5 27.5
43.5 35.5
43.5 36.5
43.5 37.5
43.5 46.5
43.5 47.5
43.5 48.5
43.5 55.5
43.5 56.5
43.5 63.5
43.5 64.5
43.5 65.5
44.5 11.5
44.5 12.5
44.5 27.5
44.5 28.5
44.5 46.5
44.5 47.5
44.5 48.5
44.5 54.5
44.5 55.5
44.5 56.5
44.5 63.5
44.5 64.5
44.5 65.5
45.5 54.5
45.5 55.5
45.5 56.5
45.5 63.5
46.5 20.5
46.5 37.5
46.5 38.5
47.5 9.5
47.5 10.5
47.5 11.5
47.5 19.5
47.5 20.5
47.5 21.5
47.5 25.5
47.5 26.5
47.5 27.5
47.5 37.5
47.5 38.5
47.5 39.5
47.5 43.5
47.5 44.5
47.5 45.5
48.5 8.5
48.5 9.5
48.5 10.5
48.5 11.5
48.5 20.5
48.5 21.5
48.5 25.5
48.5 26.5
48.5 27.5
48.5 37.5
48.5 38.5
48.5 39.5
48.5 42.5
48.5 43.5
48.5 44.5
48.5 45.5
48.5 53.5
48.5 54.5
48.5 63.5
48.5 64.5
48.5 65.5
49.5 8.5
49.5 9.5
49.5 10.5
49.5 13.5
49.5 14.5
49.5 17.5
49.5 20.5
49.5 21.5
49.5 24.5
49.5 25.5
49.5 26.5
49.5 27.5
49.5 37.5
49.5 38.5
49.5 42.5
49.5 43.5
49.5 44.5
49.5 52.5
49.5 53.5
49.5 54.5
49.5 63.5
49.5 64.5
49.5 65.5
49.5 66.5
50.5 12.5
50.5 13.5
50.5 14.5
50.5 17.5
50.5 18.5
50.5 25.5
50.5 35.5
50.5 47.5
50.5 48.5
50.5 52.5
50.5 64.5
50.5 65.5
50.5 66.5
51.5 12.5
51.5 13.5
51.5 17.5
51.5 18.5
51.5 19.5
51.5 29.5
51.5 30.5
51.5 31.5
51.5 34.5
51.5 35.5
51.5 36.5
51.5 45.5
51.5 46.5
51.5 47.5
51.5 48.5
51.5 55.5
51.5 56.5
51.5 57.5
51.5 60.5
51.5 61.5
51.5 65.5
51.5 66.5
52.5 12.5
52.5 18.5
52.5 19.5
52.5 28.5
52.5 29.5
52.5 30.5
52.5 31.5
52.5 35.5
52.5 36.5
52.5 45.5
52.5 46.5
52.5 54.5
52.5 55.5
52.5 56.5
52.5 57.5
52.5 60.5
52.5 61.5
52.5 62.5
53.5 28.5
53.5 29.5
53.5 30.5
53.5 31.5
53.5 35.5
53.5 36.5
53.5 55.5
53.5 56.5
53.5 61.5
53.5 62.5
53.5 63.5
54.5 29.5
54.5 62.5
54.5 63.5
55.5 11.5
55.5 12.5
55.5 43.5
55.5 44.5
55.5 45.5
56.5 12.5
56.5 13.5
56.5 17.5
56.5 18.5
56.5 19.5
56.5 37.5
56.5 38.5
56.5 42.5
56.5 43.5
56.5 44.5
56.5 45.5
56.5 52.5
56.5 53.5
56.5 54.5
57.5 12.5
57.5 13.5
57.5 16.5
57.5 17.5
57.5 18.5
57.5 27.5
57.5 28.5
57.5 29.5
57.5 37.5
57.5 38.5
57.5 39.5
57.5 42.5
57.5 43.5
57.5 44.5
57.5 51.5
57.5 52.5
57.5 53.5
57.5 54.5
57.5 63.5
57.5 64.5
58.5 8.5
58.5 9.5
58.5 10.5
58.5 16.5
58.5 17.5
58.5 27.5
58.5 28.5
58.5 29.5
58.5 30.5
58.5 38.5
58.5 39.5
58.5 43.5
58.5 47.5
58.5 48.5
58.5 51.5
58.5 52.5
58.5 53.5
58.5 63.5
58.5 64.5
58.5 65.5
59.5 8.5
59.5 9.5
59.5 10.5
59.5 20.5
59.5 21.5
59.5 28.5
59.5 29.5
59.5 30.5
59.5 46.5
59.5 47.5
59.5 48.5
59.5 51.5
59.5 52.5
59.5 64.5
59.5 65.5
59.5 66.5
60.5 8.5
60.5 9.5
60.5 10.5
60.5 19.5
60.5 20.5
60.5 21.5
60.5 22.5
60.5 24.5
60.5 25.5
60.5 34.5
60.5 35.5
60.5 36.5
60.5 46.5
60.5 47.5
60.5 55.5
60.5 56.5
60.5 60.5
60.5 61.5
60.5 65.5
60.5 66.5
61.5 9.5
61.5 10.5
61.5 19.5
61.5 20.5
61.5 21.5
61.5 25.5
61.5 26.5
61.5 33.5
61.5 34.5
61.5 35.5
61.5 36.5
61.5 45.5
61.5 46.5
61.5 47.5
61.5 54.5
61.5 55.5
61.5 56.5
61.5 60.5
61.5 61.5
61.5 62.5
62.5 20.5
62.5 21.5
62.5 25.5
62.5 26.5
62.5 34.5
62.5 35.5
62.5 36.5
62.5 54.5
62.5 55.5
62.5 56.5
62.5 60.5
62.5 61.5
62.5 62.5
62.5 63.5
63.5 26.5
63.5 54.5
63.5 55.5
63.5 61.5
63.5 62.5
63.5 63.5
