7.5 33.5
7.5 34.5
7.5 41.5
8.5 41.5
8.5 51.5
8.5 64.5
9.5 64.5
10.5 9.5
10.5 10.5
10.5 24.5
14.5 44.5
15.5 30.5
15.5 44.5
15.5 53.5
16.5 30.5
16.5 31.5
16.5 60.5
17.5 14.5
17.5 21.5
17.5 60.5
18.5 21.5
27.5 40.5
28.5 40.5
29.5 33.5
29.5 34.5
29.5 50.5
29.5 63.5
30.5 13.5
30.5 14.5
30.5 24.5
30.5 50.5
30.5 63.5
31.5 13.5
35.5 43.5
36.5 19.5
36.5 29.5
36.5 59.5
36.5 60.5
37.5 8.5
37.5 9.5
37.5 19.5
37.5 53.5
48.5 43.5
49.5 28.5
49.5 29.5
49.5 43.5
49.5 50.5
49.5 63.5
50.5 8.5
50.5 22.5
51.5 22.5
55.5 40.5
56.5 33.5
56.5 40.5
56.5 53.5
56.5 60.5
57.5 12.5
57.5 33.5
57.5 60.5
58.5 19.5
