5.5 31.5
5.5 32.5
5.5 41.5
6.5 15.5
6.5 16.5
6.5 17.5
6.5 18.5
6.5 30.5
6.5 31.5
6.5 32.5
6.5 33.5
6.5 40.5
6.5 41.5
6.5 42.5
6.5 43.5
6.5 56.5
6.5 57.5
6.5 58.5
7.5 15.5
7.5 16.5
7.5 17.5
7.5 18.5
7.5 30.5
7.5 31.5
7.5 32.5
7.5 40.5
7.5 41.5
7.5 42.5
7.5 43.5
7.5 56.5
7.5 57.5
7.5 58.5
8.5 15.5
8.5 16.5
8.5 17.5
8.5 31.5
8.5 41.5
8.5 42.5
8.5 56.5
8.5 57.5
8.5 58.5
9.5 57.5
11.5 11.5
11.5 12.5
11.5 25.5
11.5 26.5
11.5 27.5
11.5 45.5
11.5 46.5
11.5 47.5
11.5 61.5
11.5 62.5
11.5 63.5
12.5 10.5
12.5 11.5
12.5 12.5
12.5 25.5
12.5 26.5
12.5 27.5
12.5 28.5
12.5 45.5
12.5 46.5
12.5 47.5
12.5 48.5
12.5 61.5
12.5 62.5
12.5 63.5
12.5 64.5
13.5 9.5
13.5 10.5
13.5 11.5
13.5 12.5
13.5 25.5
13.5 26.5
13.5 27.5
13.5 45.5
13.5 46.5
13.5 47.5
13.5 62.5
13.5 63.5
13.5 64.5
14.5 10.5
14.5 11.5
20.5 62.5
20.5 63.5
21.5 16.5
21.5 31.5
21.5 32.5
21.5 45.5
21.5 46.5
21.5 47.5
21.5 61.5
21.5 62.5
21.5 63.5
21.5 64.5
22.5 15.5
22.5 16.5
22.5 17.5
22.5 30.5
22.5 31.5
22.5 32.5
22.5 33.5
22.5 45.5
22.5 46.5
22.5 47.5
22.5 61.5
22.5 62.5
22.5 63.5
22.5 64.5
23.5 14.5
23.5 15.5
23.5 16.5
23.5 17.5
23.5 30.5
23.5 31.5
23.5 32.5
23.5 33.5
23.5 45.5
23.5 46.5
23.5 47.5
23.5 61.5
23.5 62.5
23.5 63.5
24.5 14.5
24.5 15.5
24.5 16.5
24.5 31.5
24.5 32.5
25.5 57.5
26.5 27.5
26.5 41.5
26.5 42.5
26.5 56.5
26.5 57.5
26.5 58.5
27.5 10.5
27.5 11.5
27.5 25.5
27.5 26.5
27.5 27.5
27.5 28.5
27.5 40.5
27.5 41.5
27.5 42.5
27.5 43.5
27.5 55.5
27.5 56.5
27.5 57.5
27.5 58.5
28.5 9.5
28.5 10.5
28.5 11.5
28.5 12.5
28.5 25.5
28.5 26.5
28.5 27.5
28.5 28.5
28.5 40.5
28.5 41.5
28.5 42.5
28.5 56.5
28.5 57.5
29.5 9.5
29.5 10.5
29.5 11.5
29.5 25.5
29.5 26.5
29.5 27.5
29.5 41.5
30.5 10.5
36.5 31.5
36.5 32.5
36.5 47.5
36.5 55.5
36.5 56.5
36.5 57.5
37.5 15.5
37.5 16.5
37.5 17.5
37.5 30.5
37.5 31.5
37.5 32.5
37.5 45.5
37.5 46.5
37.5 47.5
37.5 48.5
37.5 55.5
37.5 56.5
37.5 57.5
37.5 58.5
38.5 14.5
38.5 15.5
38.5 16.5
38.5 17.5
38.5 30.5
38.5 31.5
38.5 32.5
38.5 45.5
38.5 46.5
38.5 47.5
38.5 48.5
38.5 55.5
38.5 56.5
38.5 57.5
38.5 58.5
39.5 15.5
39.5 16.5
39.5 17.5
39.5 30.5
39.5 31.5
39.5 46.5
39.5 47.5
41.5 25.5
41.5 26.5
41.5 61.5
41.5 62.5
42.5 10.5
42.5 11.5
42.5 12.5
42.5 25.5
42.5 26.5
42.5 27.5
42.5 40.5
42.5 41.5
42.5 42.5
42.5 60.5
42.5 61.5
42.5 62.5
42.5 63.5
43.5 10.5
43.5 11.5
43.5 12.5
43.5 24.5
43.5 25.5
43.5 26.5
43.5 27.5
43.5 40.5
43.5 41.5
43.5 42.5
43.5 60.5
43.5 61.5
43.5 62.5
43.5 63.5
44.5 10.5
44.5 11.5
44.5 12.5
44.5 25.5
44.5 26.5
44.5 40.5
44.5 41.5
44.5 42.5
44.5 61.5
44.5 62.5
44.5 63.5
45.5 11.5
51.5 26.5
52.5 11.5
52.5 12.5
52.5 25.5
52.5 26.5
52.5 27.5
52.5 39.5
52.5 40.5
52.5 41.5
52.5 42.5
52.5 56.5
53.5 10.5
53.5 11.5
53.5 12.5
53.5 13.5
53.5 25.5
53.5 26.5
53.5 27.5
53.5 39.5
53.5 40.5
53.5 41.5
53.5 42.5
53.5 55.5
53.5 56.5
53.5 57.5
53.5 58.5
54.5 11.5
54.5 12.5
54.5 13.5
54.5 26.5
54.5 27.5
54.5 40.5
54.5 41.5
54.5 42.5
54.5 55.5
54.5 56.5
54.5 57.5
54.5 58.5
55.5 56.5
55.5 57.5
55.5 58.5
57.5 16.5
57.5 17.5
57.5 18.5
57.5 30.5
57.5 31.5
57.5 32.5
57.5 46.5
57.5 47.5
58.5 16.5
58.5 17.5
58.5 18.5
58.5 30.5
58.5 31.5
58.5 32.5
58.5 45.5
58.5 46.5
58.5 47.5
58.5 48.5
58.5 61.5
58.5 62.5
58.5 63.5
59.5 16.5
59.5 17.5
59.5 18.5
59.5 30.5
59.5 31.5
59.5 32.5
59.5 45.5
59.5 46.5
59.5 47.5
59.5 48.5
59.5 61.5
59.5 62.5
59.5 63.5
60.5 46.5
60.5 47.5
60.5 48.5
60.5 61.5
60.5 62.5
60.5 63.5
