5.5 11.5
5.5 18.5
5.5 23.5
5.5 34.5
5.5 42.5
5.5 50.5
5.5 54.5
5.5 55.5
5.5 64.5
5.5 65.5
6.5 11.5
6.5 23.5
6.5 34.5
6.5 65.5
8.5 8.5
8.5 16.5
8.5 26.5
8.5 39.5
8.5 47.5
8.5 57.5
8.5 62.5
9.5 8.5
9.5 9.5
9.5 16.5
9.5 25.5
9.5 26.5
9.5 31.5
9.5 39.5
9.5 40.5
9.5 47.5
9.5 48.5
9.5 57.5
9.5 62.5
15.5 11.5
15.5 16.5
15.5 23.5
15.5 24.5
15.5 33.5
15.5 34.5
15.5 39.5
15.5 49.5
15.5 50.5
15.5 55.5
15.5 64.5
16.5 11.5
16.5 16.5
16.5 23.5
16.5 24.5
16.5 33.5
16.5 34.5
16.5 39.5
16.5 50.5
16.5 54.5
16.5 65.5
18.5 19.5
18.5 57.5
18.5 62.5
19.5 8.5
19.5 9.5
19.5 18.5
19.5 19.5
19.5 26.5
19.5 30.5
19.5 31.5
19.5 41.5
19.5 42.5
19.5 47.5
19.5 56.5
19.5 57.5
19.5 62.5
20.5 31.5
25.5 8.5
25.5 9.5
25.5 19.5
25.5 24.5
25.5 31.5
25.5 39.5
25.5 49.5
25.5 57.5
25.5 62.5
26.5 8.5
26.5 9.5
26.5 19.5
26.5 23.5
26.5 24.5
26.5 31.5
26.5 38.5
26.5 39.5
26.5 49.5
26.5 50.5
26.5 57.5
26.5 62.5
28.5 65.5
29.5 11.5
29.5 16.5
29.5 26.5
29.5 34.5
29.5 42.5
29.5 46.5
29.5 47.5
29.5 54.5
29.5 55.5
29.5 64.5
29.5 65.5
30.5 11.5
30.5 16.5
30.5 26.5
30.5 34.5
30.5 42.5
30.5 47.5
35.5 24.5
35.5 47.5
36.5 8.5
36.5 9.5
36.5 18.5
36.5 19.5
36.5 24.5
36.5 31.5
36.5 32.5
36.5 41.5
36.5 42.5
36.5 46.5
36.5 47.5
36.5 54.5
36.5 64.5
36.5 65.5
37.5 8.5
39.5 11.5
39.5 16.5
39.5 26.5
39.5 27.5
39.5 34.5
39.5 39.5
39.5 49.5
39.5 57.5
39.5 62.5
40.5 11.5
40.5 16.5
40.5 26.5
40.5 34.5
40.5 39.5
40.5 49.5
40.5 57.5
40.5 62.5
46.5 11.5
46.5 18.5
46.5 19.5
46.5 27.5
46.5 32.5
46.5 39.5
46.5 47.5
46.5 54.5
46.5 62.5
47.5 39.5
47.5 47.5
47.5 54.5
47.5 62.5
49.5 8.5
49.5 16.5
49.5 24.5
49.5 34.5
49.5 42.5
49.5 65.5
50.5 8.5
50.5 9.5
50.5 16.5
50.5 24.5
50.5 34.5
50.5 41.5
50.5 42.5
50.5 49.5
50.5 57.5
50.5 65.5
56.5 8.5
56.5 9.5
56.5 18.5
56.5 19.5
56.5 24.5
56.5 32.5
56.5 40.5
56.5 49.5
56.5 57.5
56.5 62.5
56.5 63.5
57.5 8.5
57.5 19.5
57.5 32.5
57.5 39.5
57.5 40.5
57.5 49.5
57.5 50.5
57.5 57.5
57.5 62.5
59.5 11.5
59.5 16.5
59.5 27.5
59.5 65.5
60.5 11.5
60.5 16.5
60.5 26.5
60.5 27.5
60.5 34.5
60.5 42.5
60.5 47.5
60.5 54.5
60.5 55.5
60.5 65.5
61.5 47.5
