6.5 30.5
6.5 61.5
7.5 13.5
7.5 14.5
7.5 24.5
7.5 29.5
7.5 30.5
7.5 31.5
7.5 40.5
7.5 54.5
7.5 61.5
7.5 62.5
8.5 13.5
8.5 14.5
8.5 24.5
8.5 29.5
8.5 30.5
8.5 31.5
8.5 39.5
8.5 40.5
8.5 41.5
8.5 54.5
8.5 55.5
8.5 60.5
8.5 61.5
8.5 62.5
9.5 13.5
9.5 14.5
9.5 15.5
9.5 24.5
9.5 29.5
9.5 30.5
9.5 31.5
9.5 39.5
9.5 40.5
9.5 41.5
9.5 54.5
9.5 55.5
9.5 56.5
9.5 61.5
9.5 62.5
10.5 13.5
10.5 14.5
10.5 24.5
10.5 25.5
10.5 29.5
10.5 30.5
10.5 39.5
10.5 40.5
10.5 55.5
10.5 56.5
10.5 61.5
11.5 14.5
11.5 39.5
11.5 40.5
11.5 56.5
13.5 20.5
13.5 21.5
13.5 34.5
14.5 8.5
14.5 9.5
14.5 20.5
14.5 21.5
14.5 33.5
14.5 34.5
14.5 44.5
14.5 51.5
15.5 8.5
15.5 9.5
15.5 20.5
15.5 21.5
15.5 22.5
15.5 33.5
15.5 34.5
15.5 43.5
15.5 44.5
15.5 50.5
15.5 51.5
15.5 52.5
15.5 53.5
16.5 8.5
16.5 9.5
16.5 10.5
16.5 20.5
16.5 21.5
16.5 22.5
16.5 33.5
16.5 34.5
16.5 43.5
16.5 44.5
16.5 50.5
16.5 51.5
16.5 52.5
16.5 53.5
17.5 9.5
17.5 10.5
17.5 20.5
17.5 21.5
17.5 22.5
17.5 33.5
17.5 42.5
17.5 43.5
17.5 44.5
17.5 51.5
17.5 52.5
17.5 53.5
18.5 9.5
18.5 10.5
18.5 43.5
18.5 52.5
18.5 53.5
27.5 9.5
27.5 23.5
27.5 31.5
27.5 42.5
27.5 43.5
27.5 51.5
27.5 52.5
27.5 53.5
28.5 8.5
28.5 9.5
28.5 22.5
28.5 23.5
28.5 24.5
28.5 30.5
28.5 31.5
28.5 42.5
28.5 43.5
28.5 44.5
28.5 51.5
28.5 52.5
28.5 53.5
29.5 8.5
29.5 9.5
29.5 22.5
29.5 23.5
29.5 24.5
29.5 30.5
29.5 31.5
29.5 43.5
29.5 44.5
29.5 50.5
29.5 51.5
29.5 52.5
30.5 7.5
30.5 8.5
30.5 9.5
30.5 22.5
30.5 23.5
30.5 24.5
30.5 30.5
30.5 31.5
30.5 43.5
30.5 44.5
30.5 50.5
30.5 51.5
30.5 52.5
31.5 7.5
31.5 8.5
31.5 23.5
31.5 24.5
31.5 30.5
33.5 56.5
33.5 57.5
33.5 58.5
33.5 59.5
34.5 12.5
34.5 18.5
34.5 39.5
34.5 40.5
34.5 56.5
34.5 57.5
34.5 58.5
34.5 59.5
35.5 11.5
35.5 12.5
35.5 18.5
35.5 19.5
35.5 33.5
35.5 34.5
35.5 39.5
35.5 40.5
35.5 55.5
35.5 56.5
35.5 57.5
35.5 58.5
35.5 59.5
36.5 11.5
36.5 12.5
36.5 18.5
36.5 19.5
36.5 20.5
36.5 33.5
36.5 34.5
36.5 39.5
36.5 40.5
36.5 41.5
36.5 56.5
36.5 57.5
36.5 58.5
37.5 11.5
37.5 12.5
37.5 18.5
37.5 19.5
37.5 20.5
37.5 32.5
37.5 33.5
37.5 34.5
37.5 39.5
37.5 40.5
37.5 41.5
37.5 56.5
37.5 57.5
38.5 11.5
38.5 12.5
38.5 19.5
38.5 20.5
38.5 32.5
38.5 33.5
38.5 34.5
38.5 40.5
39.5 19.5
39.5 20.5
39.5 33.5
47.5 52.5
47.5 53.5
48.5 8.5
48.5 9.5
48.5 22.5
48.5 23.5
48.5 43.5
48.5 44.5
48.5 51.5
48.5 52.5
48.5 53.5
49.5 8.5
49.5 9.5
49.5 22.5
49.5 23.5
49.5 30.5
49.5 31.5
49.5 43.5
49.5 44.5
49.5 45.5
49.5 51.5
49.5 52.5
49.5 53.5
49.5 54.5
50.5 7.5
50.5 8.5
50.5 9.5
50.5 22.5
50.5 23.5
50.5 24.5
50.5 29.5
50.5 30.5
50.5 31.5
50.5 44.5
50.5 45.5
50.5 51.5
50.5 52.5
50.5 53.5
51.5 7.5
51.5 8.5
51.5 9.5
51.5 23.5
51.5 24.5
51.5 29.5
51.5 30.5
51.5 31.5
51.5 44.5
51.5 45.5
51.5 51.5
51.5 52.5
51.5 53.5
52.5 7.5
52.5 8.5
52.5 30.5
52.5 45.5
52.5 52.5
53.5 7.5
53.5 8.5
55.5 18.5
55.5 19.5
55.5 57.5
56.5 12.5
56.5 17.5
56.5 18.5
56.5 19.5
56.5 20.5
56.5 33.5
56.5 34.5
56.5 40.5
56.5 41.5
56.5 56.5
56.5 57.5
56.5 62.5
56.5 63.5
57.5 11.5
57.5 12.5
57.5 17.5
57.5 18.5
57.5 19.5
57.5 20.5
57.5 33.5
57.5 34.5
57.5 40.5
57.5 41.5
57.5 42.5
57.5 56.5
57.5 57.5
57.5 62.5
57.5 63.5
58.5 11.5
58.5 12.5
58.5 18.5
58.5 19.5
58.5 20.5
58.5 33.5
58.5 34.5
58.5 40.5
58.5 41.5
58.5 42.5
58.5 56.5
58.5 62.5
58.5 63.5
59.5 10.5
59.5 11.5
59.5 18.5
59.5 19.5
59.5 33.5
59.5 34.5
59.5 40.5
59.5 41.5
59.5 42.5
59.5 62.5
59.5 63.5
60.5 10.5
60.5 11.5
60.5 41.5
60.5 42.5
