4.5 37.5
4.5 49.5
4.5 61.5
5.5 14.5
5.5 25.5
5.5 38.5
5.5 50.5
5.5 51.5
5.5 62.5
6.5 15.5
6.5 26.5
6.5 39.5
6.5 51.5
6.5 63.5
7.5 16.5
7.5 27.5
7.5 39.5
7.5 40.5
7.5 52.5
7.5 64.5
8.5 17.5
8.5 21.5
8.5 28.5
8.5 41.5
8.5 45.5
8.5 53.5
8.5 57.5
8.5 65.5
9.5 9.5
9.5 10.5
9.5 22.5
9.5 32.5
9.5 33.5
9.5 46.5
9.5 58.5
10.5 10.5
10.5 11.5
10.5 22.5
10.5 33.5
10.5 34.5
10.5 46.5
10.5 47.5
10.5 59.5
11.5 11.5
11.5 12.5
11.5 23.5
11.5 35.5
11.5 36.5
11.5 47.5
11.5 48.5
11.5 60.5
12.5 12.5
12.5 13.5
12.5 24.5
12.5 36.5
12.5 37.5
12.5 61.5
16.5 36.5
16.5 61.5
17.5 13.5
17.5 25.5
17.5 34.5
17.5 35.5
17.5 49.5
17.5 62.5
18.5 13.5
18.5 14.5
18.5 26.5
18.5 33.5
18.5 34.5
18.5 50.5
18.5 63.5
19.5 14.5
19.5 15.5
19.5 27.5
19.5 32.5
19.5 51.5
19.5 64.5
20.5 15.5
20.5 21.5
20.5 40.5
20.5 44.5
20.5 52.5
20.5 65.5
21.5 8.5
21.5 16.5
21.5 21.5
21.5 22.5
21.5 39.5
21.5 45.5
21.5 57.5
21.5 58.5
22.5 9.5
22.5 22.5
22.5 38.5
22.5 45.5
22.5 46.5
22.5 58.5
22.5 59.5
23.5 10.5
23.5 22.5
23.5 23.5
23.5 37.5
23.5 46.5
23.5 47.5
23.5 59.5
23.5 60.5
24.5 11.5
24.5 23.5
24.5 36.5
24.5 47.5
24.5 60.5
24.5 61.5
25.5 12.5
25.5 48.5
28.5 24.5
28.5 36.5
29.5 11.5
29.5 23.5
29.5 35.5
29.5 48.5
29.5 60.5
29.5 61.5
30.5 10.5
30.5 11.5
30.5 22.5
30.5 34.5
30.5 35.5
30.5 47.5
30.5 48.5
30.5 59.5
30.5 60.5
31.5 10.5
31.5 21.5
31.5 33.5
31.5 34.5
31.5 47.5
31.5 58.5
31.5 59.5
32.5 9.5
32.5 10.5
32.5 20.5
32.5 21.5
32.5 27.5
32.5 33.5
32.5 46.5
32.5 58.5
32.5 65.5
33.5 9.5
33.5 16.5
33.5 27.5
33.5 32.5
33.5 41.5
33.5 45.5
33.5 53.5
33.5 64.5
34.5 8.5
34.5 15.5
34.5 26.5
34.5 40.5
34.5 52.5
34.5 53.5
34.5 64.5
35.5 14.5
35.5 15.5
35.5 25.5
35.5 26.5
35.5 39.5
35.5 51.5
35.5 52.5
35.5 63.5
36.5 13.5
36.5 14.5
36.5 25.5
36.5 38.5
36.5 50.5
36.5 51.5
36.5 62.5
36.5 63.5
37.5 12.5
37.5 13.5
37.5 37.5
37.5 49.5
37.5 62.5
38.5 36.5
41.5 24.5
41.5 50.5
41.5 61.5
42.5 12.5
42.5 13.5
42.5 23.5
42.5 37.5
42.5 51.5
42.5 52.5
42.5 60.5
43.5 13.5
43.5 14.5
43.5 22.5
43.5 38.5
43.5 39.5
43.5 52.5
43.5 53.5
43.5 59.5
44.5 14.5
44.5 15.5
44.5 21.5
44.5 40.5
44.5 41.5
44.5 53.5
44.5 54.5
44.5 58.5
45.5 16.5
45.5 20.5
45.5 32.5
45.5 45.5
45.5 65.5
46.5 8.5
46.5 27.5
46.5 28.5
46.5 33.5
46.5 34.5
46.5 46.5
46.5 47.5
46.5 64.5
47.5 9.5
47.5 10.5
47.5 26.5
47.5 27.5
47.5 34.5
47.5 35.5
47.5 48.5
47.5 49.5
47.5 63.5
48.5 10.5
48.5 11.5
48.5 25.5
48.5 26.5
48.5 35.5
48.5 36.5
48.5 50.5
48.5 62.5
49.5 12.5
49.5 24.5
49.5 61.5
52.5 49.5
52.5 61.5
53.5 11.5
53.5 24.5
53.5 37.5
53.5 50.5
53.5 62.5
54.5 10.5
54.5 11.5
54.5 25.5
54.5 38.5
54.5 50.5
54.5 51.5
54.5 62.5
55.5 9.5
55.5 10.5
55.5 26.5
55.5 39.5
55.5 51.5
55.5 52.5
55.5 63.5
56.5 9.5
56.5 27.5
56.5 40.5
56.5 52.5
56.5 64.5
57.5 8.5
57.5 16.5
57.5 20.5
57.5 28.5
57.5 32.5
57.5 45.5
57.5 53.5
57.5 57.5
57.5 58.5
57.5 64.5
58.5 15.5
58.5 20.5
58.5 21.5
58.5 33.5
58.5 34.5
58.5 46.5
58.5 58.5
59.5 14.5
59.5 15.5
59.5 21.5
59.5 22.5
59.5 34.5
59.5 35.5
59.5 47.5
59.5 58.5
59.5 59.5
60.5 13.5
60.5 14.5
60.5 22.5
60.5 23.5
60.5 35.5
60.5 36.5
60.5 47.5
60.5 48.5
60.5 59.5
60.5 60.5
61.5 13.5
61.5 23.5
61.5 48.5
61.5 60.5
62.5 12.5
62.5 24.5
