5.5 11.5
5.5 16.5
5.5 23.5
5.5 32.5
5.5 46.5
5.5 56.5
7.5 42.5
8.5 8.5
8.5 18.5
8.5 26.5
8.5 35.5
8.5 50.5
8.5 58.5
8.5 63.5
13.5 35.5
13.5 42.5
13.5 49.5
13.5 50.5
14.5 16.5
14.5 26.5
14.5 27.5
14.5 35.5
14.5 57.5
14.5 65.5
16.5 46.5
16.5 54.5
17.5 11.5
17.5 19.5
17.5 24.5
17.5 32.5
17.5 40.5
22.5 16.5
22.5 49.5
22.5 64.5
23.5 24.5
23.5 32.5
23.5 42.5
25.5 9.5
25.5 47.5
25.5 56.5
25.5 61.5
26.5 27.5
26.5 35.5
30.5 49.5
30.5 54.5
31.5 8.5
31.5 19.5
31.5 41.5
31.5 54.5
31.5 62.5
34.5 11.5
34.5 16.5
34.5 24.5
34.5 39.5
34.5 46.5
34.5 57.5
34.5 65.5
40.5 11.5
40.5 19.5
40.5 39.5
40.5 47.5
40.5 55.5
42.5 27.5
43.5 8.5
43.5 16.5
43.5 34.5
43.5 42.5
43.5 49.5
43.5 57.5
43.5 65.5
48.5 18.5
48.5 26.5
48.5 34.5
49.5 47.5
49.5 57.5
49.5 65.5
51.5 23.5
51.5 31.5
51.5 42.5
52.5 11.5
52.5 50.5
52.5 62.5
57.5 9.5
57.5 23.5
57.5 31.5
57.5 42.5
58.5 50.5
58.5 57.5
60.5 26.5
60.5 34.5
60.5 39.5
61.5 12.5
61.5 17.5
61.5 47.5
61.5 54.5
