4.5 19.5
4.5 20.5
4.5 21.5
4.5 22.5
4.5 33.5
4.5 34.5
4.5 35.5
5.5 19.5
5.5 20.5
5.5 21.5
5.5 22.5
5.5 23.5
5.5 32.5
5.5 33.5
5.5 34.5
5.5 35.5
5.5 52.5
5.5 53.5
5.5 54.5
5.5 55.5
5.5 56.5
5.5 57.5
6.5 20.5
6.5 21.5
6.5 22.5
6.5 23.5
6.5 32.5
6.5 33.5
6.5 34.5
6.5 52.5
6.5 53.5
6.5 54.5
6.5 55.5
6.5 56.5
6.5 57.5
7.5 22.5
7.5 23.5
7.5 52.5
7.5 53.5
7.5 54.5
7.5 55.5
7.5 56.5
8.5 11.5
8.5 12.5
8.5 13.5
8.5 39.5
8.5 40.5
8.5 41.5
8.5 42.5
9.5 10.5
9.5 11.5
9.5 12.5
9.5 13.5
9.5 14.5
9.5 15.5
9.5 38.5
9.5 39.5
9.5 40.5
9.5 41.5
9.5 42.5
10.5 11.5
10.5 12.5
10.5 13.5
10.5 14.5
10.5 15.5
10.5 38.5
10.5 39.5
10.5 40.5
10.5 41.5
10.5 62.5
10.5 63.5
11.5 12.5
11.5 13.5
11.5 14.5
11.5 15.5
11.5 39.5
11.5 60.5
11.5 61.5
11.5 62.5
11.5 63.5
11.5 64.5
12.5 59.5
12.5 60.5
12.5 61.5
12.5 62.5
12.5 63.5
16.5 39.5
16.5 40.5
17.5 13.5
17.5 14.5
17.5 15.5
17.5 38.5
17.5 39.5
17.5 40.5
17.5 41.5
17.5 42.5
17.5 53.5
17.5 54.5
17.5 55.5
18.5 11.5
18.5 12.5
18.5 13.5
18.5 14.5
18.5 15.5
18.5 16.5
18.5 39.5
18.5 40.5
18.5 41.5
18.5 42.5
18.5 51.5
18.5 52.5
18.5 53.5
18.5 54.5
18.5 55.5
19.5 11.5
19.5 12.5
19.5 13.5
19.5 14.5
19.5 15.5
19.5 16.5
19.5 51.5
19.5 52.5
19.5 53.5
19.5 54.5
20.5 11.5
20.5 12.5
20.5 13.5
20.5 14.5
20.5 15.5
21.5 31.5
21.5 32.5
21.5 33.5
21.5 34.5
22.5 21.5
22.5 22.5
22.5 23.5
22.5 31.5
22.5 32.5
22.5 33.5
22.5 34.5
22.5 35.5
23.5 20.5
23.5 21.5
23.5 22.5
23.5 32.5
23.5 33.5
23.5 34.5
24.5 19.5
24.5 20.5
24.5 21.5
24.5 59.5
24.5 60.5
25.5 57.5
25.5 58.5
25.5 59.5
25.5 60.5
25.5 61.5
26.5 57.5
26.5 58.5
26.5 59.5
26.5 60.5
26.5 61.5
26.5 62.5
27.5 57.5
27.5 58.5
27.5 59.5
27.5 60.5
27.5 61.5
27.5 62.5
28.5 58.5
28.5 59.5
28.5 60.5
28.5 61.5
29.5 32.5
29.5 33.5
29.5 34.5
29.5 59.5
29.5 60.5
30.5 19.5
30.5 20.5
30.5 31.5
30.5 32.5
30.5 33.5
30.5 34.5
31.5 19.5
31.5 20.5
31.5 21.5
31.5 22.5
31.5 30.5
31.5 31.5
31.5 32.5
31.5 33.5
32.5 19.5
32.5 20.5
32.5 21.5
32.5 22.5
32.5 31.5
32.5 40.5
32.5 41.5
32.5 51.5
32.5 52.5
32.5 53.5
33.5 21.5
33.5 38.5
33.5 39.5
33.5 40.5
33.5 41.5
33.5 42.5
33.5 51.5
33.5 52.5
33.5 53.5
33.5 54.5
34.5 13.5
34.5 14.5
34.5 38.5
34.5 39.5
34.5 40.5
34.5 41.5
34.5 52.5
34.5 53.5
34.5 54.5
34.5 55.5
35.5 12.5
35.5 13.5
35.5 14.5
35.5 15.5
35.5 16.5
35.5 37.5
35.5 38.5
35.5 39.5
35.5 40.5
35.5 54.5
35.5 55.5
36.5 13.5
36.5 14.5
36.5 15.5
36.5 16.5
41.5 35.5
41.5 36.5
41.5 59.5
42.5 12.5
42.5 13.5
42.5 14.5
42.5 33.5
42.5 34.5
42.5 35.5
42.5 36.5
42.5 37.5
42.5 58.5
42.5 59.5
42.5 60.5
42.5 61.5
43.5 11.5
43.5 12.5
43.5 13.5
43.5 14.5
43.5 15.5
43.5 33.5
43.5 34.5
43.5 35.5
43.5 36.5
43.5 58.5
43.5 59.5
43.5 60.5
43.5 61.5
43.5 62.5
44.5 10.5
44.5 11.5
44.5 12.5
44.5 13.5
44.5 14.5
44.5 33.5
44.5 34.5
44.5 59.5
44.5 60.5
44.5 61.5
44.5 62.5
45.5 10.5
45.5 11.5
45.5 12.5
45.5 61.5
46.5 20.5
46.5 21.5
46.5 22.5
46.5 23.5
46.5 40.5
46.5 41.5
46.5 42.5
46.5 43.5
46.5 51.5
46.5 52.5
47.5 18.5
47.5 19.5
47.5 20.5
47.5 21.5
47.5 22.5
47.5 23.5
47.5 40.5
47.5 41.5
47.5 42.5
47.5 51.5
47.5 52.5
47.5 53.5
47.5 54.5
48.5 18.5
48.5 19.5
48.5 20.5
48.5 21.5
48.5 22.5
48.5 39.5
48.5 40.5
48.5 41.5
48.5 42.5
48.5 51.5
48.5 52.5
48.5 53.5
48.5 54.5
48.5 55.5
49.5 51.5
49.5 52.5
49.5 53.5
49.5 54.5
49.5 55.5
50.5 53.5
50.5 54.5
54.5 39.5
54.5 40.5
54.5 41.5
55.5 18.5
55.5 19.5
55.5 20.5
55.5 21.5
55.5 22.5
55.5 41.5
55.5 42.5
55.5 53.5
55.5 54.5
56.5 17.5
56.5 18.5
56.5 19.5
56.5 20.5
56.5 21.5
56.5 22.5
56.5 23.5
56.5 43.5
56.5 51.5
56.5 52.5
56.5 53.5
56.5 54.5
56.5 55.5
57.5 18.5
57.5 19.5
57.5 20.5
57.5 21.5
57.5 22.5
57.5 23.5
58.5 19.5
58.5 20.5
58.5 21.5
58.5 22.5
58.5 33.5
58.5 34.5
58.5 35.5
58.5 36.5
59.5 32.5
59.5 33.5
59.5 34.5
59.5 35.5
59.5 36.5
59.5 37.5
59.5 58.5
59.5 59.5
59.5 60.5
59.5 61.5
59.5 62.5
60.5 10.5
60.5 11.5
60.5 12.5
60.5 33.5
60.5 34.5
60.5 35.5
60.5 36.5
60.5 58.5
60.5 59.5
60.5 60.5
60.5 61.5
60.5 62.5
61.5 11.5
61.5 12.5
61.5 13.5
61.5 14.5
61.5 34.5
61.5 35.5
62.5 12.5
62.5 13.5
62.5 14.5
62.5 15.5
63.5 13.5
63.5 14.5
63.5 15.5
