4.5 11.5
4.5 42.5
4.5 48.5
4.5 56.5
4.5 64.5
5.5 11.5
5.5 12.5
5.5 24.5
5.5 34.5
5.5 42.5
5.5 47.5
5.5 48.5
5.5 55.5
5.5 56.5
5.5 64.5
5.5 65.5
6.5 11.5
6.5 12.5
6.5 16.5
6.5 23.5
6.5 24.5
6.5 34.5
6.5 42.5
6.5 43.5
6.5 47.5
6.5 48.5
6.5 55.5
6.5 56.5
6.5 65.5
7.5 11.5
7.5 12.5
7.5 16.5
7.5 23.5
7.5 24.5
7.5 34.5
7.5 35.5
7.5 43.5
7.5 47.5
7.5 48.5
7.5 55.5
7.5 65.5
8.5 12.5
8.5 16.5
8.5 23.5
8.5 34.5
8.5 35.5
8.5 43.5
8.5 47.5
8.5 55.5
9.5 51.5
9.5 62.5
10.5 8.5
10.5 27.5
10.5 31.5
10.5 39.5
10.5 51.5
10.5 58.5
10.5 62.5
11.5 8.5
11.5 18.5
11.5 19.5
11.5 27.5
11.5 31.5
11.5 39.5
11.5 40.5
11.5 50.5
11.5 51.5
11.5 58.5
11.5 62.5
11.5 63.5
12.5 8.5
12.5 9.5
12.5 18.5
12.5 26.5
12.5 27.5
12.5 31.5
12.5 32.5
12.5 39.5
12.5 40.5
12.5 50.5
12.5 51.5
12.5 58.5
12.5 63.5
13.5 8.5
13.5 9.5
13.5 18.5
13.5 26.5
13.5 32.5
13.5 39.5
13.5 40.5
13.5 50.5
13.5 58.5
13.5 63.5
14.5 9.5
14.5 18.5
14.5 32.5
14.5 40.5
14.5 50.5
14.5 57.5
20.5 10.5
20.5 18.5
20.5 24.5
20.5 32.5
20.5 40.5
20.5 64.5
21.5 9.5
21.5 10.5
21.5 18.5
21.5 19.5
21.5 24.5
21.5 32.5
21.5 40.5
21.5 41.5
21.5 48.5
21.5 57.5
21.5 58.5
21.5 64.5
22.5 9.5
22.5 10.5
22.5 18.5
22.5 19.5
22.5 23.5
22.5 24.5
22.5 31.5
22.5 32.5
22.5 39.5
22.5 40.5
22.5 48.5
22.5 58.5
22.5 64.5
23.5 9.5
23.5 19.5
23.5 23.5
23.5 24.5
23.5 31.5
23.5 39.5
23.5 40.5
23.5 47.5
23.5 48.5
23.5 58.5
23.5 64.5
23.5 65.5
24.5 9.5
24.5 19.5
24.5 23.5
24.5 31.5
24.5 47.5
24.5 58.5
24.5 65.5
25.5 31.5
25.5 35.5
25.5 43.5
26.5 12.5
26.5 13.5
26.5 16.5
26.5 27.5
26.5 35.5
26.5 43.5
26.5 50.5
26.5 55.5
26.5 62.5
27.5 12.5
27.5 13.5
27.5 16.5
27.5 26.5
27.5 27.5
27.5 34.5
27.5 35.5
27.5 43.5
27.5 50.5
27.5 55.5
27.5 62.5
28.5 12.5
28.5 16.5
28.5 26.5
28.5 27.5
28.5 34.5
28.5 35.5
28.5 42.5
28.5 49.5
28.5 50.5
28.5 55.5
28.5 62.5
29.5 12.5
29.5 17.5
29.5 26.5
29.5 34.5
29.5 42.5
29.5 49.5
29.5 50.5
29.5 55.5
30.5 12.5
30.5 17.5
30.5 26.5
30.5 49.5
30.5 55.5
31.5 17.5
35.5 34.5
36.5 10.5
36.5 24.5
36.5 33.5
36.5 34.5
36.5 57.5
37.5 9.5
37.5 10.5
37.5 18.5
37.5 24.5
37.5 33.5
37.5 34.5
37.5 40.5
37.5 47.5
37.5 57.5
37.5 64.5
38.5 9.5
38.5 10.5
38.5 18.5
38.5 19.5
38.5 23.5
38.5 24.5
38.5 33.5
38.5 40.5
38.5 47.5
38.5 57.5
38.5 64.5
39.5 9.5
39.5 19.5
39.5 23.5
39.5 24.5
39.5 33.5
39.5 40.5
39.5 46.5
39.5 47.5
39.5 57.5
39.5 58.5
39.5 64.5
40.5 9.5
40.5 19.5
40.5 23.5
40.5 40.5
40.5 46.5
40.5 58.5
41.5 28.5
41.5 36.5
41.5 43.5
41.5 61.5
42.5 12.5
42.5 16.5
42.5 27.5
42.5 28.5
42.5 36.5
42.5 42.5
42.5 50.5
42.5 54.5
42.5 61.5
42.5 62.5
43.5 11.5
43.5 12.5
43.5 16.5
43.5 27.5
43.5 28.5
43.5 36.5
43.5 42.5
43.5 49.5
43.5 50.5
43.5 54.5
43.5 55.5
43.5 62.5
44.5 11.5
44.5 16.5
44.5 17.5
44.5 26.5
44.5 27.5
44.5 36.5
44.5 42.5
44.5 49.5
44.5 50.5
44.5 55.5
44.5 62.5
45.5 10.5
45.5 11.5
45.5 17.5
45.5 27.5
45.5 42.5
45.5 49.5
45.5 55.5
51.5 27.5
51.5 35.5
51.5 42.5
51.5 48.5
51.5 57.5
51.5 63.5
52.5 10.5
52.5 11.5
52.5 18.5
52.5 27.5
52.5 28.5
52.5 35.5
52.5 43.5
52.5 48.5
52.5 57.5
52.5 63.5
53.5 10.5
53.5 11.5
53.5 18.5
53.5 27.5
53.5 28.5
53.5 35.5
53.5 36.5
53.5 43.5
53.5 47.5
53.5 48.5
53.5 57.5
53.5 64.5
54.5 11.5
54.5 18.5
54.5 27.5
54.5 28.5
54.5 35.5
54.5 36.5
54.5 43.5
54.5 47.5
54.5 48.5
54.5 57.5
54.5 64.5
55.5 11.5
55.5 18.5
55.5 28.5
55.5 36.5
55.5 64.5
56.5 51.5
56.5 54.5
56.5 61.5
57.5 23.5
57.5 32.5
57.5 33.5
57.5 40.5
57.5 51.5
57.5 54.5
57.5 61.5
58.5 8.5
58.5 16.5
58.5 23.5
58.5 24.5
58.5 32.5
58.5 33.5
58.5 40.5
58.5 41.5
58.5 50.5
58.5 54.5
58.5 55.5
58.5 61.5
58.5 62.5
59.5 8.5
59.5 16.5
59.5 23.5
59.5 24.5
59.5 33.5
59.5 40.5
59.5 41.5
59.5 50.5
59.5 55.5
59.5 62.5
60.5 8.5
60.5 9.5
60.5 16.5
60.5 24.5
60.5 33.5
60.5 41.5
60.5 50.5
60.5 55.5
60.5 62.5
61.5 9.5
61.5 16.5
61.5 24.5
62.5 9.5
