4.5 30.5
5.5 13.5
5.5 43.5
5.5 53.5
7.5 23.5
7.5 33.5
8.5 10.5
8.5 40.5
8.5 63.5
13.5 13.5
13.5 24.5
13.5 30.5
13.5 42.5
13.5 52.5
13.5 60.5
16.5 20.5
16.5 39.5
16.5 49.5
17.5 33.5
22.5 12.5
22.5 39.5
22.5 60.5
23.5 19.5
23.5 33.5
25.5 43.5
26.5 9.5
26.5 23.5
26.5 31.5
26.5 63.5
31.5 33.5
31.5 63.5
32.5 54.5
33.5 39.5
34.5 30.5
34.5 50.5
34.5 60.5
35.5 12.5
35.5 19.5
39.5 30.5
39.5 43.5
39.5 49.5
39.5 50.5
40.5 23.5
40.5 24.5
40.5 63.5
42.5 34.5
43.5 20.5
43.5 53.5
43.5 60.5
48.5 43.5
48.5 50.5
48.5 60.5
49.5 14.5
51.5 20.5
51.5 33.5
51.5 40.5
51.5 53.5
52.5 10.5
57.5 23.5
57.5 30.5
57.5 40.5
57.5 50.5
57.5 64.5
58.5 13.5
60.5 9.5
60.5 43.5
61.5 61.5
