5.5 19.5
5.5 20.5
5.5 40.5
5.5 53.5
5.5 54.5
6.5 20.5
6.5 21.5
6.5 41.5
6.5 51.5
6.5 52.5
6.5 53.5
10.5 12.5
10.5 13.5
10.5 32.5
10.5 33.5
10.5 61.5
10.5 62.5
11.5 13.5
11.5 33.5
11.5 34.5
11.5 35.5
11.5 60.5
11.5 61.5
19.5 12.5
19.5 32.5
19.5 33.5
19.5 34.5
19.5 59.5
19.5 60.5
19.5 61.5
20.5 31.5
22.5 41.5
22.5 42.5
22.5 52.5
23.5 17.5
23.5 18.5
23.5 19.5
23.5 39.5
23.5 54.5
27.5 67.5
28.5 67.5
29.5 17.5
30.5 20.5
30.5 40.5
30.5 41.5
30.5 52.5
30.5 53.5
33.5 32.5
34.5 11.5
34.5 12.5
34.5 60.5
35.5 13.5
35.5 58.5
35.5 59.5
41.5 38.5
41.5 39.5
42.5 18.5
42.5 40.5
42.5 60.5
42.5 61.5
42.5 62.5
43.5 17.5
43.5 18.5
45.5 30.5
45.5 31.5
45.5 52.5
46.5 31.5
46.5 32.5
46.5 53.5
46.5 54.5
46.5 55.5
48.5 10.5
48.5 11.5
48.5 12.5
54.5 54.5
54.5 55.5
55.5 9.5
55.5 10.5
55.5 31.5
55.5 32.5
55.5 33.5
58.5 61.5
58.5 62.5
59.5 17.5
59.5 18.5
59.5 19.5
59.5 40.5
59.5 41.5
