5.5 13.5
5.5 23.5
5.5 30.5
5.5 43.5
5.5 50.5
5.5 51.5
5.5 63.5
5.5 64.5
6.5 13.5
6.5 14.5
6.5 23.5
6.5 24.5
6.5 29.5
6.5 30.5
6.5 44.5
6.5 50.5
6.5 64.5
8.5 9.5
8.5 54.5
8.5 60.5
9.5 9.5
9.5 10.5
9.5 20.5
9.5 33.5
9.5 34.5
9.5 40.5
9.5 41.5
9.5 53.5
9.5 54.5
9.5 60.5
9.5 61.5
10.5 33.5
15.5 12.5
15.5 13.5
15.5 23.5
15.5 30.5
15.5 43.5
15.5 53.5
15.5 63.5
15.5 64.5
16.5 13.5
16.5 23.5
16.5 29.5
16.5 30.5
16.5 43.5
16.5 44.5
16.5 53.5
16.5 54.5
16.5 64.5
18.5 9.5
18.5 19.5
18.5 60.5
19.5 9.5
19.5 10.5
19.5 19.5
19.5 20.5
19.5 33.5
19.5 34.5
19.5 40.5
19.5 50.5
19.5 60.5
19.5 61.5
25.5 10.5
25.5 20.5
25.5 33.5
25.5 43.5
25.5 63.5
25.5 64.5
26.5 9.5
26.5 10.5
26.5 19.5
26.5 20.5
26.5 33.5
26.5 34.5
26.5 43.5
26.5 44.5
26.5 49.5
26.5 50.5
26.5 64.5
29.5 13.5
29.5 23.5
29.5 29.5
29.5 30.5
29.5 39.5
29.5 40.5
29.5 54.5
29.5 60.5
29.5 61.5
30.5 13.5
30.5 23.5
30.5 30.5
30.5 40.5
30.5 53.5
30.5 54.5
30.5 61.5
36.5 13.5
36.5 23.5
36.5 30.5
36.5 40.5
36.5 50.5
36.5 51.5
36.5 63.5
36.5 64.5
37.5 24.5
37.5 29.5
37.5 30.5
37.5 64.5
38.5 9.5
39.5 9.5
39.5 10.5
39.5 19.5
39.5 20.5
39.5 34.5
39.5 43.5
39.5 44.5
39.5 54.5
39.5 60.5
40.5 20.5
40.5 33.5
40.5 34.5
40.5 43.5
40.5 53.5
40.5 54.5
40.5 60.5
40.5 61.5
45.5 9.5
46.5 9.5
46.5 19.5
46.5 20.5
46.5 33.5
46.5 43.5
46.5 44.5
46.5 53.5
46.5 54.5
46.5 60.5
46.5 61.5
47.5 19.5
47.5 33.5
47.5 34.5
47.5 44.5
47.5 54.5
47.5 60.5
49.5 13.5
49.5 24.5
49.5 29.5
49.5 50.5
49.5 64.5
50.5 12.5
50.5 13.5
50.5 23.5
50.5 29.5
50.5 30.5
50.5 40.5
50.5 50.5
50.5 51.5
50.5 63.5
50.5 64.5
56.5 12.5
56.5 13.5
56.5 23.5
56.5 29.5
56.5 30.5
56.5 40.5
56.5 53.5
56.5 54.5
56.5 60.5
56.5 61.5
57.5 13.5
57.5 29.5
57.5 39.5
57.5 40.5
57.5 54.5
57.5 60.5
59.5 9.5
59.5 19.5
59.5 20.5
59.5 44.5
59.5 64.5
60.5 9.5
60.5 10.5
60.5 20.5
60.5 33.5
60.5 43.5
60.5 50.5
60.5 63.5
60.5 64.5
