5.5 27.5
5.5 28.5
5.5 35.5
5.5 49.5
6.5 13.5
6.5 14.5
6.5 27.5
6.5 28.5
6.5 34.5
6.5 35.5
6.5 49.5
6.5 50.5
6.5 51.5
6.5 59.5
7.5 13.5
7.5 14.5
7.5 15.5
7.5 28.5
7.5 34.5
7.5 50.5
7.5 51.5
7.5 59.5
8.5 14.5
8.5 15.5
8.5 50.5
8.5 51.5
8.5 52.5
8.5 58.5
8.5 59.5
9.5 15.5
9.5 58.5
10.5 22.5
10.5 23.5
11.5 9.5
11.5 22.5
11.5 23.5
11.5 64.5
12.5 10.5
12.5 22.5
12.5 23.5
12.5 24.5
12.5 38.5
12.5 39.5
12.5 63.5
12.5 64.5
13.5 10.5
13.5 11.5
13.5 23.5
13.5 24.5
13.5 38.5
13.5 39.5
13.5 46.5
13.5 62.5
13.5 63.5
14.5 11.5
14.5 38.5
14.5 39.5
14.5 46.5
14.5 47.5
14.5 62.5
14.5 63.5
15.5 39.5
15.5 46.5
15.5 47.5
16.5 47.5
16.5 48.5
19.5 25.5
19.5 26.5
20.5 25.5
20.5 26.5
20.5 27.5
21.5 26.5
21.5 27.5
21.5 28.5
21.5 35.5
21.5 36.5
21.5 62.5
21.5 63.5
22.5 14.5
22.5 28.5
22.5 35.5
22.5 36.5
22.5 37.5
22.5 62.5
22.5 63.5
22.5 64.5
23.5 14.5
23.5 15.5
23.5 36.5
23.5 37.5
23.5 51.5
23.5 63.5
23.5 64.5
24.5 15.5
24.5 51.5
25.5 15.5
25.5 51.5
26.5 21.5
26.5 22.5
26.5 23.5
26.5 51.5
26.5 58.5
27.5 10.5
27.5 22.5
27.5 23.5
27.5 58.5
27.5 59.5
28.5 10.5
28.5 11.5
28.5 22.5
28.5 23.5
28.5 24.5
28.5 39.5
28.5 40.5
28.5 41.5
28.5 58.5
28.5 59.5
29.5 10.5
29.5 11.5
29.5 24.5
29.5 39.5
29.5 40.5
29.5 47.5
29.5 58.5
29.5 59.5
30.5 10.5
30.5 11.5
30.5 47.5
30.5 48.5
31.5 10.5
31.5 11.5
31.5 48.5
32.5 11.5
35.5 36.5
36.5 26.5
36.5 27.5
36.5 35.5
36.5 36.5
36.5 61.5
37.5 26.5
37.5 27.5
37.5 34.5
37.5 35.5
37.5 48.5
37.5 61.5
37.5 62.5
38.5 13.5
38.5 26.5
38.5 27.5
38.5 34.5
38.5 48.5
38.5 62.5
38.5 63.5
39.5 13.5
39.5 14.5
39.5 15.5
39.5 26.5
39.5 33.5
39.5 47.5
39.5 48.5
39.5 62.5
39.5 63.5
40.5 14.5
40.5 15.5
40.5 16.5
40.5 47.5
40.5 63.5
42.5 40.5
42.5 41.5
42.5 52.5
42.5 57.5
42.5 58.5
43.5 9.5
43.5 22.5
43.5 38.5
43.5 39.5
43.5 40.5
43.5 51.5
43.5 52.5
43.5 58.5
43.5 59.5
44.5 9.5
44.5 10.5
44.5 11.5
44.5 22.5
44.5 23.5
44.5 37.5
44.5 38.5
44.5 39.5
44.5 51.5
44.5 58.5
44.5 59.5
45.5 10.5
45.5 11.5
45.5 12.5
45.5 23.5
51.5 13.5
51.5 25.5
51.5 35.5
51.5 36.5
52.5 11.5
52.5 12.5
52.5 13.5
52.5 26.5
52.5 33.5
52.5 34.5
52.5 35.5
52.5 36.5
52.5 48.5
52.5 62.5
52.5 63.5
53.5 11.5
53.5 12.5
53.5 32.5
53.5 33.5
53.5 34.5
53.5 47.5
53.5 63.5
54.5 11.5
54.5 47.5
54.5 63.5
54.5 64.5
55.5 22.5
55.5 64.5
56.5 16.5
56.5 22.5
56.5 39.5
56.5 40.5
57.5 15.5
57.5 16.5
57.5 22.5
57.5 23.5
57.5 38.5
57.5 39.5
57.5 40.5
57.5 50.5
57.5 51.5
57.5 58.5
58.5 15.5
58.5 22.5
58.5 23.5
58.5 38.5
58.5 50.5
58.5 51.5
58.5 58.5
58.5 59.5
59.5 50.5
59.5 58.5
59.5 59.5
60.5 49.5
60.5 50.5
60.5 58.5
60.5 59.5
60.5 60.5
61.5 59.5
61.5 60.5
