8.5 11.5
8.5 12.5
8.5 13.5
8.5 32.5
8.5 33.5
8.5 34.5
8.5 60.5
8.5 61.5
9.5 11.5
9.5 12.5
9.5 13.5
9.5 32.5
9.5 33.5
9.5 34.5
9.5 59.5
9.5 60.5
9.5 61.5
10.5 12.5
10.5 13.5
15.5 19.5
15.5 20.5
15.5 39.5
15.5 40.5
15.5 41.5
15.5 53.5
15.5 54.5
16.5 19.5
16.5 20.5
16.5 39.5
16.5 40.5
16.5 41.5
16.5 52.5
16.5 53.5
16.5 54.5
28.5 19.5
28.5 20.5
28.5 33.5
28.5 34.5
28.5 60.5
29.5 19.5
29.5 20.5
29.5 32.5
29.5 33.5
29.5 34.5
29.5 59.5
29.5 60.5
29.5 61.5
30.5 19.5
30.5 20.5
30.5 33.5
30.5 34.5
30.5 59.5
30.5 60.5
30.5 61.5
35.5 11.5
35.5 12.5
35.5 13.5
35.5 39.5
35.5 40.5
35.5 53.5
36.5 11.5
36.5 12.5
36.5 13.5
36.5 39.5
36.5 40.5
36.5 52.5
36.5 53.5
36.5 54.5
37.5 11.5
37.5 12.5
37.5 40.5
37.5 52.5
37.5 53.5
37.5 54.5
48.5 11.5
48.5 12.5
48.5 40.5
49.5 11.5
49.5 12.5
49.5 13.5
49.5 39.5
49.5 40.5
49.5 52.5
49.5 53.5
49.5 54.5
50.5 11.5
50.5 12.5
50.5 13.5
50.5 39.5
50.5 40.5
50.5 52.5
50.5 53.5
50.5 54.5
51.5 53.5
55.5 19.5
56.5 18.5
56.5 19.5
56.5 20.5
56.5 32.5
56.5 33.5
56.5 34.5
56.5 59.5
56.5 60.5
56.5 61.5
57.5 18.5
57.5 19.5
57.5 20.5
57.5 32.5
57.5 33.5
57.5 34.5
57.5 59.5
57.5 60.5
57.5 61.5
58.5 32.5
58.5 33.5
58.5 60.5
58.5 61.5
