4.5 18.5
4.5 26.5
4.5 33.5
4.5 39.5
4.5 40.5
4.5 48.5
4.5 56.5
4.5 63.5
5.5 11.5
5.5 18.5
5.5 19.5
5.5 26.5
5.5 34.5
5.5 39.5
5.5 47.5
5.5 57.5
5.5 62.5
6.5 11.5
6.5 19.5
6.5 26.5
6.5 27.5
6.5 34.5
6.5 38.5
6.5 39.5
6.5 46.5
6.5 47.5
6.5 57.5
6.5 58.5
6.5 62.5
7.5 8.5
7.5 12.5
7.5 15.5
7.5 19.5
7.5 27.5
7.5 38.5
7.5 46.5
7.5 58.5
8.5 8.5
8.5 15.5
8.5 16.5
8.5 23.5
8.5 31.5
8.5 42.5
8.5 50.5
8.5 54.5
8.5 65.5
9.5 8.5
9.5 9.5
9.5 16.5
9.5 23.5
9.5 24.5
9.5 31.5
9.5 32.5
9.5 41.5
9.5 42.5
9.5 49.5
9.5 50.5
9.5 54.5
9.5 55.5
9.5 64.5
10.5 9.5
10.5 16.5
10.5 24.5
10.5 32.5
10.5 41.5
10.5 49.5
10.5 55.5
10.5 64.5
14.5 9.5
14.5 33.5
14.5 40.5
14.5 55.5
14.5 64.5
15.5 9.5
15.5 16.5
15.5 24.5
15.5 33.5
15.5 34.5
15.5 39.5
15.5 40.5
15.5 49.5
15.5 55.5
15.5 64.5
16.5 8.5
16.5 16.5
16.5 23.5
16.5 24.5
16.5 34.5
16.5 39.5
16.5 49.5
16.5 50.5
16.5 54.5
16.5 65.5
17.5 8.5
17.5 15.5
17.5 23.5
17.5 35.5
17.5 38.5
17.5 50.5
17.5 54.5
17.5 58.5
17.5 65.5
18.5 11.5
18.5 12.5
18.5 19.5
18.5 27.5
18.5 31.5
18.5 42.5
18.5 46.5
18.5 57.5
18.5 58.5
18.5 61.5
18.5 62.5
19.5 11.5
19.5 18.5
19.5 19.5
19.5 26.5
19.5 27.5
19.5 31.5
19.5 32.5
19.5 41.5
19.5 42.5
19.5 47.5
19.5 57.5
19.5 62.5
20.5 10.5
20.5 11.5
20.5 18.5
20.5 26.5
20.5 32.5
20.5 41.5
20.5 47.5
20.5 56.5
20.5 57.5
20.5 62.5
20.5 63.5
21.5 10.5
21.5 18.5
21.5 26.5
21.5 32.5
24.5 40.5
24.5 55.5
24.5 64.5
25.5 9.5
25.5 17.5
25.5 24.5
25.5 25.5
25.5 33.5
25.5 34.5
25.5 39.5
25.5 40.5
25.5 49.5
25.5 54.5
25.5 55.5
25.5 64.5
26.5 8.5
26.5 9.5
26.5 16.5
26.5 24.5
26.5 34.5
26.5 39.5
26.5 49.5
26.5 54.5
26.5 64.5
26.5 65.5
27.5 8.5
27.5 16.5
27.5 23.5
27.5 24.5
27.5 34.5
27.5 35.5
27.5 38.5
27.5 39.5
27.5 50.5
27.5 54.5
27.5 65.5
28.5 12.5
28.5 20.5
28.5 27.5
28.5 31.5
28.5 42.5
28.5 46.5
28.5 57.5
28.5 61.5
29.5 11.5
29.5 19.5
29.5 27.5
29.5 31.5
29.5 42.5
29.5 46.5
29.5 47.5
29.5 57.5
29.5 62.5
30.5 11.5
30.5 18.5
30.5 19.5
30.5 26.5
30.5 32.5
30.5 41.5
30.5 47.5
30.5 56.5
30.5 57.5
30.5 62.5
30.5 63.5
31.5 10.5
31.5 18.5
31.5 41.5
31.5 56.5
34.5 18.5
35.5 9.5
35.5 18.5
35.5 19.5
35.5 26.5
35.5 32.5
35.5 41.5
35.5 49.5
35.5 55.5
35.5 64.5
36.5 8.5
36.5 9.5
36.5 19.5
36.5 26.5
36.5 27.5
36.5 31.5
36.5 32.5
36.5 41.5
36.5 42.5
36.5 49.5
36.5 54.5
36.5 64.5
36.5 65.5
37.5 8.5
37.5 19.5
37.5 20.5
37.5 27.5
37.5 31.5
37.5 42.5
37.5 50.5
37.5 53.5
37.5 54.5
37.5 65.5
38.5 12.5
38.5 16.5
38.5 23.5
38.5 35.5
38.5 38.5
38.5 46.5
38.5 57.5
38.5 61.5
39.5 11.5
39.5 12.5
39.5 16.5
39.5 24.5
39.5 34.5
39.5 38.5
39.5 39.5
39.5 46.5
39.5 47.5
39.5 57.5
39.5 62.5
40.5 11.5
40.5 16.5
40.5 17.5
40.5 24.5
40.5 33.5
40.5 34.5
40.5 39.5
40.5 47.5
40.5 56.5
40.5 62.5
40.5 63.5
41.5 10.5
41.5 17.5
41.5 25.5
41.5 33.5
41.5 40.5
41.5 63.5
44.5 55.5
45.5 9.5
45.5 18.5
45.5 26.5
45.5 32.5
45.5 40.5
45.5 49.5
45.5 55.5
45.5 64.5
46.5 8.5
46.5 9.5
46.5 18.5
46.5 19.5
46.5 26.5
46.5 31.5
46.5 39.5
46.5 49.5
46.5 54.5
46.5 64.5
46.5 65.5
47.5 8.5
47.5 19.5
47.5 27.5
47.5 31.5
47.5 38.5
47.5 39.5
47.5 50.5
47.5 54.5
47.5 65.5
48.5 12.5
48.5 23.5
48.5 27.5
48.5 38.5
48.5 43.5
48.5 46.5
48.5 58.5
48.5 61.5
49.5 11.5
49.5 12.5
49.5 16.5
49.5 23.5
49.5 24.5
49.5 34.5
49.5 42.5
49.5 47.5
49.5 57.5
49.5 62.5
50.5 11.5
50.5 16.5
50.5 24.5
50.5 33.5
50.5 34.5
50.5 41.5
50.5 42.5
50.5 47.5
50.5 56.5
50.5 57.5
50.5 62.5
51.5 10.5
51.5 17.5
51.5 24.5
51.5 33.5
51.5 41.5
51.5 48.5
51.5 56.5
51.5 63.5
55.5 9.5
55.5 17.5
55.5 33.5
55.5 41.5
55.5 49.5
55.5 56.5
55.5 62.5
55.5 63.5
56.5 8.5
56.5 9.5
56.5 16.5
56.5 17.5
56.5 24.5
56.5 33.5
56.5 34.5
56.5 41.5
56.5 42.5
56.5 49.5
56.5 50.5
56.5 57.5
56.5 62.5
57.5 8.5
57.5 16.5
57.5 23.5
57.5 24.5
57.5 34.5
57.5 42.5
57.5 50.5
57.5 57.5
57.5 61.5
57.5 62.5
58.5 8.5
58.5 12.5
58.5 15.5
58.5 23.5
58.5 27.5
58.5 35.5
58.5 38.5
58.5 46.5
58.5 54.5
58.5 65.5
59.5 11.5
59.5 12.5
59.5 19.5
59.5 27.5
59.5 31.5
59.5 38.5
59.5 39.5
59.5 46.5
59.5 47.5
59.5 54.5
59.5 64.5
59.5 65.5
60.5 11.5
60.5 18.5
60.5 19.5
60.5 26.5
60.5 31.5
60.5 32.5
60.5 39.5
60.5 47.5
60.5 55.5
60.5 64.5
61.5 10.5
61.5 11.5
61.5 18.5
61.5 26.5
61.5 32.5
61.5 39.5
61.5 47.5
61.5 48.5
61.5 55.5
61.5 64.5
