3.5 29.5
4.5 13.5
4.5 23.5
4.5 24.5
4.5 29.5
4.5 30.5
4.5 39.5
4.5 40.5
4.5 50.5
4.5 64.5
5.5 12.5
5.5 13.5
5.5 23.5
5.5 30.5
5.5 40.5
5.5 50.5
5.5 51.5
5.5 64.5
6.5 9.5
6.5 10.5
6.5 43.5
6.5 51.5
6.5 63.5
6.5 64.5
7.5 9.5
7.5 19.5
7.5 20.5
7.5 33.5
7.5 43.5
7.5 44.5
7.5 53.5
7.5 54.5
7.5 60.5
7.5 61.5
8.5 19.5
8.5 20.5
8.5 33.5
8.5 34.5
8.5 43.5
8.5 44.5
8.5 54.5
8.5 60.5
8.5 61.5
11.5 9.5
11.5 19.5
11.5 54.5
11.5 60.5
12.5 9.5
12.5 19.5
12.5 20.5
12.5 33.5
12.5 43.5
12.5 44.5
12.5 53.5
12.5 54.5
12.5 60.5
12.5 61.5
13.5 19.5
13.5 20.5
13.5 33.5
13.5 43.5
13.5 53.5
13.5 54.5
13.5 60.5
13.5 61.5
14.5 12.5
14.5 13.5
14.5 20.5
14.5 30.5
14.5 39.5
14.5 40.5
14.5 50.5
14.5 51.5
14.5 63.5
14.5 64.5
15.5 13.5
15.5 23.5
15.5 24.5
15.5 29.5
15.5 30.5
15.5 39.5
15.5 40.5
15.5 50.5
15.5 64.5
16.5 13.5
16.5 23.5
16.5 24.5
16.5 29.5
16.5 64.5
19.5 9.5
19.5 10.5
19.5 23.5
19.5 29.5
19.5 39.5
19.5 40.5
19.5 50.5
19.5 60.5
20.5 9.5
20.5 10.5
20.5 23.5
20.5 29.5
20.5 30.5
20.5 39.5
20.5 40.5
20.5 50.5
20.5 51.5
20.5 60.5
20.5 61.5
21.5 10.5
21.5 23.5
21.5 32.5
21.5 40.5
21.5 43.5
21.5 51.5
21.5 60.5
21.5 61.5
22.5 13.5
22.5 20.5
22.5 32.5
22.5 33.5
22.5 43.5
22.5 44.5
22.5 53.5
22.5 54.5
22.5 63.5
22.5 64.5
23.5 13.5
23.5 14.5
23.5 19.5
23.5 20.5
23.5 33.5
23.5 43.5
23.5 44.5
23.5 54.5
23.5 63.5
23.5 64.5
24.5 44.5
24.5 64.5
27.5 9.5
27.5 10.5
27.5 23.5
27.5 24.5
27.5 33.5
27.5 34.5
27.5 44.5
27.5 60.5
28.5 10.5
28.5 23.5
28.5 33.5
28.5 43.5
28.5 44.5
28.5 53.5
28.5 54.5
28.5 60.5
28.5 61.5
29.5 13.5
29.5 20.5
29.5 30.5
29.5 40.5
29.5 51.5
29.5 53.5
29.5 60.5
29.5 61.5
30.5 13.5
30.5 14.5
30.5 19.5
30.5 20.5
30.5 29.5
30.5 30.5
30.5 39.5
30.5 40.5
30.5 50.5
30.5 51.5
30.5 64.5
31.5 13.5
31.5 19.5
31.5 20.5
31.5 29.5
31.5 40.5
31.5 50.5
31.5 64.5
34.5 13.5
34.5 19.5
34.5 20.5
34.5 43.5
34.5 44.5
34.5 50.5
34.5 64.5
35.5 13.5
35.5 19.5
35.5 20.5
35.5 33.5
35.5 43.5
35.5 50.5
35.5 63.5
35.5 64.5
36.5 10.5
36.5 20.5
36.5 33.5
36.5 50.5
36.5 63.5
36.5 64.5
37.5 9.5
37.5 10.5
37.5 22.5
37.5 23.5
37.5 30.5
37.5 39.5
37.5 40.5
37.5 53.5
37.5 60.5
38.5 9.5
38.5 23.5
38.5 29.5
38.5 30.5
38.5 39.5
38.5 40.5
38.5 53.5
38.5 54.5
38.5 60.5
39.5 29.5
39.5 60.5
41.5 13.5
41.5 40.5
42.5 12.5
42.5 13.5
42.5 19.5
42.5 33.5
42.5 34.5
42.5 40.5
42.5 41.5
42.5 49.5
42.5 50.5
42.5 63.5
42.5 64.5
43.5 12.5
43.5 13.5
43.5 19.5
43.5 20.5
43.5 33.5
43.5 34.5
43.5 40.5
43.5 41.5
43.5 50.5
43.5 63.5
43.5 64.5
44.5 9.5
44.5 30.5
44.5 43.5
44.5 50.5
44.5 60.5
44.5 63.5
45.5 9.5
45.5 22.5
45.5 29.5
45.5 30.5
45.5 43.5
45.5 44.5
45.5 53.5
45.5 59.5
45.5 60.5
46.5 9.5
46.5 22.5
46.5 23.5
46.5 29.5
46.5 30.5
46.5 44.5
46.5 53.5
46.5 59.5
46.5 60.5
47.5 23.5
49.5 9.5
49.5 34.5
49.5 60.5
50.5 9.5
50.5 19.5
50.5 33.5
50.5 34.5
50.5 43.5
50.5 44.5
50.5 50.5
50.5 60.5
51.5 9.5
51.5 10.5
51.5 19.5
51.5 20.5
51.5 33.5
51.5 34.5
51.5 44.5
51.5 50.5
51.5 60.5
52.5 12.5
52.5 20.5
52.5 33.5
52.5 40.5
52.5 41.5
52.5 53.5
52.5 54.5
52.5 64.5
53.5 12.5
53.5 13.5
53.5 22.5
53.5 23.5
53.5 29.5
53.5 30.5
53.5 40.5
53.5 41.5
53.5 53.5
53.5 54.5
53.5 64.5
54.5 13.5
54.5 23.5
54.5 29.5
54.5 30.5
54.5 40.5
56.5 65.5
57.5 13.5
57.5 20.5
57.5 40.5
57.5 54.5
57.5 55.5
57.5 64.5
57.5 65.5
58.5 13.5
58.5 14.5
58.5 20.5
58.5 33.5
58.5 34.5
58.5 40.5
58.5 41.5
58.5 53.5
58.5 54.5
58.5 64.5
59.5 10.5
59.5 20.5
59.5 33.5
59.5 61.5
60.5 9.5
60.5 10.5
60.5 23.5
60.5 29.5
60.5 30.5
60.5 43.5
60.5 44.5
60.5 50.5
60.5 51.5
60.5 60.5
60.5 61.5
61.5 9.5
61.5 10.5
61.5 23.5
61.5 29.5
61.5 30.5
61.5 43.5
61.5 44.5
61.5 50.5
61.5 51.5
61.5 60.5
61.5 61.5
62.5 44.5
62.5 50.5
