4.5 11.5
4.5 23.5
4.5 35.5
4.5 36.5
4.5 47.5
4.5 48.5
4.5 62.5
4.5 63.5
5.5 9.5
5.5 10.5
5.5 11.5
5.5 21.5
5.5 22.5
5.5 33.5
5.5 34.5
5.5 46.5
5.5 47.5
5.5 63.5
5.5 64.5
7.5 14.5
7.5 15.5
7.5 26.5
7.5 27.5
7.5 38.5
7.5 39.5
7.5 40.5
7.5 51.5
7.5 52.5
7.5 58.5
7.5 59.5
8.5 13.5
8.5 37.5
8.5 38.5
8.5 50.5
8.5 60.5
12.5 13.5
12.5 14.5
12.5 15.5
12.5 22.5
12.5 23.5
12.5 38.5
12.5 39.5
12.5 50.5
12.5 51.5
12.5 58.5
12.5 59.5
12.5 60.5
13.5 15.5
13.5 21.5
13.5 39.5
13.5 40.5
13.5 51.5
13.5 52.5
13.5 57.5
13.5 58.5
14.5 34.5
15.5 9.5
15.5 10.5
15.5 11.5
15.5 26.5
15.5 27.5
15.5 28.5
15.5 34.5
15.5 35.5
15.5 36.5
15.5 46.5
15.5 47.5
15.5 48.5
15.5 62.5
15.5 63.5
15.5 64.5
19.5 49.5
19.5 60.5
20.5 13.5
20.5 14.5
20.5 15.5
20.5 26.5
20.5 27.5
20.5 38.5
20.5 39.5
20.5 50.5
20.5 51.5
20.5 52.5
20.5 58.5
20.5 59.5
21.5 40.5
22.5 8.5
22.5 9.5
22.5 10.5
22.5 21.5
22.5 22.5
22.5 33.5
22.5 34.5
22.5 45.5
22.5 46.5
22.5 47.5
22.5 63.5
22.5 64.5
23.5 10.5
23.5 11.5
23.5 22.5
23.5 23.5
23.5 24.5
23.5 34.5
23.5 35.5
23.5 36.5
23.5 47.5
23.5 48.5
23.5 62.5
23.5 63.5
27.5 12.5
27.5 13.5
27.5 14.5
27.5 25.5
27.5 26.5
27.5 34.5
27.5 35.5
27.5 36.5
27.5 49.5
27.5 50.5
27.5 62.5
27.5 63.5
28.5 14.5
28.5 15.5
28.5 26.5
28.5 27.5
28.5 28.5
28.5 33.5
28.5 34.5
28.5 50.5
28.5 51.5
28.5 52.5
28.5 63.5
28.5 64.5
29.5 8.5
29.5 21.5
30.5 9.5
30.5 10.5
30.5 21.5
30.5 22.5
30.5 23.5
30.5 38.5
30.5 39.5
30.5 40.5
30.5 45.5
30.5 46.5
30.5 47.5
30.5 57.5
30.5 58.5
30.5 59.5
31.5 37.5
31.5 47.5
31.5 48.5
31.5 59.5
31.5 60.5
35.5 9.5
35.5 10.5
35.5 21.5
35.5 22.5
35.5 23.5
35.5 34.5
35.5 35.5
35.5 36.5
35.5 46.5
35.5 47.5
35.5 48.5
35.5 59.5
35.5 60.5
36.5 8.5
36.5 21.5
36.5 45.5
36.5 46.5
36.5 57.5
36.5 58.5
37.5 14.5
37.5 15.5
37.5 27.5
37.5 28.5
37.5 39.5
37.5 40.5
37.5 64.5
38.5 13.5
38.5 14.5
38.5 25.5
38.5 26.5
38.5 27.5
38.5 38.5
38.5 39.5
38.5 50.5
38.5 51.5
38.5 62.5
38.5 63.5
42.5 13.5
42.5 25.5
42.5 37.5
42.5 38.5
42.5 49.5
42.5 50.5
42.5 62.5
42.5 63.5
43.5 14.5
43.5 15.5
43.5 26.5
43.5 27.5
43.5 28.5
43.5 39.5
43.5 40.5
43.5 50.5
43.5 51.5
43.5 52.5
43.5 63.5
43.5 64.5
45.5 9.5
45.5 10.5
45.5 21.5
45.5 22.5
45.5 34.5
45.5 35.5
45.5 46.5
45.5 47.5
45.5 58.5
45.5 59.5
46.5 10.5
46.5 11.5
46.5 23.5
46.5 24.5
46.5 35.5
46.5 36.5
46.5 60.5
50.5 10.5
50.5 11.5
50.5 25.5
50.5 26.5
50.5 27.5
50.5 37.5
50.5 38.5
50.5 50.5
50.5 51.5
50.5 62.5
50.5 63.5
51.5 9.5
51.5 10.5
51.5 38.5
51.5 39.5
51.5 40.5
51.5 51.5
51.5 52.5
51.5 63.5
51.5 64.5
52.5 21.5
52.5 22.5
52.5 33.5
52.5 57.5
53.5 13.5
53.5 14.5
53.5 15.5
53.5 22.5
53.5 23.5
53.5 24.5
53.5 34.5
53.5 35.5
53.5 45.5
53.5 46.5
53.5 47.5
53.5 58.5
53.5 59.5
54.5 48.5
54.5 60.5
57.5 25.5
57.5 26.5
57.5 34.5
57.5 35.5
58.5 13.5
58.5 14.5
58.5 15.5
58.5 26.5
58.5 27.5
58.5 33.5
58.5 34.5
58.5 45.5
58.5 46.5
58.5 47.5
58.5 62.5
58.5 63.5
59.5 45.5
59.5 64.5
60.5 9.5
60.5 10.5
60.5 21.5
60.5 22.5
60.5 38.5
60.5 39.5
60.5 51.5
60.5 52.5
60.5 57.5
60.5 58.5
61.5 10.5
61.5 11.5
61.5 22.5
61.5 23.5
61.5 36.5
61.5 37.5
61.5 38.5
61.5 49.5
61.5 50.5
61.5 51.5
61.5 58.5
61.5 59.5
61.5 60.5
