3.5 38.5
3.5 39.5
3.5 40.5
3.5 41.5
4.5 19.5
4.5 20.5
4.5 21.5
4.5 40.5
4.5 41.5
4.5 42.5
5.5 21.5
5.5 22.5
5.5 53.5
5.5 54.5
5.5 55.5
6.5 53.5
6.5 54.5
6.5 55.5
6.5 56.5
7.5 32.5
7.5 33.5
7.5 34.5
8.5 34.5
8.5 35.5
9.5 7.5
9.5 13.5
9.5 14.5
9.5 15.5
9.5 16.5
10.5 7.5
10.5 13.5
10.5 14.5
10.5 15.5
10.5 16.5
10.5 59.5
10.5 60.5
10.5 61.5
10.5 62.5
10.5 63.5
12.5 38.5
12.5 39.5
13.5 52.5
13.5 53.5
13.5 54.5
13.5 55.5
15.5 18.5
15.5 19.5
15.5 20.5
17.5 26.5
17.5 32.5
17.5 33.5
17.5 34.5
17.5 35.5
18.5 32.5
18.5 33.5
18.5 34.5
19.5 13.5
19.5 14.5
19.5 15.5
19.5 58.5
19.5 59.5
19.5 60.5
20.5 58.5
20.5 59.5
20.5 60.5
20.5 61.5
20.5 62.5
21.5 59.5
21.5 60.5
21.5 61.5
21.5 62.5
22.5 21.5
22.5 38.5
22.5 39.5
23.5 50.5
24.5 51.5
24.5 52.5
25.5 53.5
25.5 54.5
26.5 20.5
26.5 21.5
27.5 22.5
27.5 23.5
27.5 38.5
27.5 39.5
29.5 12.5
29.5 13.5
29.5 14.5
29.5 15.5
29.5 49.5
29.5 50.5
29.5 51.5
29.5 52.5
30.5 14.5
30.5 32.5
30.5 33.5
30.5 34.5
30.5 52.5
30.5 53.5
30.5 54.5
34.5 53.5
34.5 54.5
34.5 55.5
35.5 31.5
35.5 32.5
35.5 33.5
35.5 34.5
35.5 51.5
35.5 52.5
35.5 53.5
36.5 31.5
37.5 17.5
37.5 18.5
37.5 19.5
37.5 20.5
37.5 41.5
38.5 38.5
38.5 39.5
38.5 40.5
41.5 16.5
41.5 17.5
41.5 59.5
41.5 60.5
41.5 61.5
41.5 62.5
41.5 63.5
42.5 18.5
42.5 19.5
42.5 20.5
43.5 9.5
43.5 10.5
43.5 39.5
43.5 40.5
43.5 41.5
43.5 42.5
44.5 10.5
44.5 11.5
44.5 12.5
44.5 13.5
45.5 30.5
45.5 31.5
45.5 32.5
45.5 33.5
45.5 52.5
45.5 53.5
45.5 54.5
50.5 10.5
50.5 11.5
50.5 12.5
50.5 33.5
50.5 34.5
51.5 8.5
51.5 9.5
51.5 10.5
51.5 30.5
51.5 31.5
51.5 32.5
51.5 33.5
53.5 18.5
53.5 19.5
53.5 20.5
53.5 58.5
53.5 59.5
53.5 60.5
53.5 61.5
54.5 16.5
54.5 17.5
54.5 18.5
54.5 19.5
58.5 51.5
58.5 52.5
58.5 53.5
58.5 54.5
59.5 39.5
59.5 40.5
59.5 41.5
59.5 42.5
59.5 52.5
59.5 53.5
60.5 38.5
60.5 39.5
60.5 40.5
