4.5 27.5
4.5 37.5
5.5 9.5
5.5 17.5
5.5 38.5
5.5 53.5
5.5 64.5
7.5 21.5
7.5 34.5
8.5 20.5
8.5 29.5
8.5 35.5
8.5 55.5
8.5 61.5
13.5 11.5
13.5 46.5
13.5 53.5
14.5 12.5
14.5 21.5
14.5 26.5
14.5 38.5
14.5 47.5
14.5 52.5
14.5 61.5
16.5 17.5
16.5 43.5
16.5 56.5
16.5 65.5
17.5 9.5
17.5 18.5
17.5 29.5
17.5 35.5
17.5 44.5
17.5 55.5
17.5 64.5
22.5 9.5
22.5 18.5
22.5 44.5
22.5 55.5
22.5 64.5
23.5 17.5
23.5 43.5
23.5 56.5
23.5 65.5
25.5 12.5
25.5 21.5
25.5 26.5
25.5 38.5
25.5 47.5
25.5 52.5
25.5 61.5
26.5 11.5
26.5 20.5
26.5 27.5
26.5 37.5
26.5 46.5
26.5 53.5
26.5 62.5
31.5 12.5
31.5 21.5
31.5 26.5
31.5 35.5
31.5 44.5
31.5 53.5
31.5 64.5
34.5 18.5
34.5 29.5
34.5 38.5
34.5 47.5
34.5 55.5
34.5 61.5
39.5 18.5
39.5 27.5
39.5 53.5
40.5 17.5
40.5 47.5
40.5 52.5
40.5 61.5
42.5 21.5
42.5 56.5
43.5 20.5
43.5 35.5
43.5 44.5
43.5 55.5
43.5 64.5
48.5 9.5
48.5 20.5
48.5 44.5
48.5 53.5
49.5 8.5
49.5 43.5
49.5 52.5
49.5 64.5
51.5 12.5
51.5 26.5
51.5 38.5
51.5 47.5
52.5 11.5
52.5 27.5
52.5 37.5
52.5 46.5
52.5 61.5
56.5 20.5
57.5 12.5
57.5 26.5
57.5 35.5
57.5 63.5
58.5 21.5
58.5 47.5
58.5 64.5
60.5 9.5
60.5 29.5
60.5 43.5
60.5 52.5
61.5 10.5
61.5 44.5
61.5 53.5
61.5 61.5
