3.5 14.5
4.5 11.5
4.5 12.5
4.5 13.5
4.5 28.5
4.5 29.5
4.5 43.5
4.5 44.5
4.5 59.5
4.5 60.5
5.5 9.5
5.5 10.5
5.5 11.5
5.5 12.5
5.5 26.5
5.5 27.5
5.5 28.5
5.5 44.5
5.5 45.5
5.5 46.5
5.5 60.5
5.5 61.5
5.5 62.5
6.5 8.5
6.5 9.5
6.5 10.5
6.5 24.5
6.5 25.5
6.5 26.5
6.5 27.5
6.5 46.5
6.5 47.5
6.5 48.5
6.5 62.5
6.5 63.5
6.5 64.5
7.5 19.5
7.5 23.5
7.5 24.5
7.5 48.5
7.5 49.5
7.5 63.5
7.5 64.5
7.5 65.5
8.5 16.5
8.5 17.5
8.5 18.5
8.5 33.5
8.5 34.5
8.5 35.5
8.5 39.5
8.5 40.5
8.5 54.5
8.5 65.5
8.5 66.5
9.5 14.5
9.5 15.5
9.5 16.5
9.5 17.5
9.5 31.5
9.5 32.5
9.5 33.5
9.5 40.5
9.5 41.5
9.5 42.5
9.5 55.5
9.5 56.5
9.5 57.5
10.5 13.5
10.5 14.5
10.5 15.5
10.5 29.5
10.5 30.5
10.5 31.5
10.5 42.5
10.5 43.5
10.5 56.5
10.5 57.5
10.5 58.5
10.5 59.5
11.5 28.5
11.5 29.5
11.5 43.5
11.5 44.5
11.5 59.5
11.5 60.5
11.5 61.5
15.5 12.5
15.5 13.5
15.5 14.5
15.5 29.5
15.5 30.5
15.5 31.5
15.5 43.5
15.5 44.5
15.5 58.5
15.5 59.5
16.5 9.5
16.5 10.5
16.5 11.5
16.5 12.5
16.5 31.5
16.5 32.5
16.5 33.5
16.5 40.5
16.5 41.5
16.5 42.5
16.5 60.5
16.5 61.5
16.5 62.5
16.5 63.5
17.5 8.5
17.5 9.5
17.5 10.5
17.5 34.5
17.5 35.5
17.5 39.5
17.5 40.5
17.5 63.5
17.5 64.5
17.5 65.5
17.5 66.5
18.5 7.5
18.5 18.5
18.5 19.5
18.5 23.5
18.5 24.5
18.5 25.5
18.5 54.5
19.5 16.5
19.5 17.5
19.5 18.5
19.5 25.5
19.5 26.5
19.5 27.5
19.5 28.5
19.5 46.5
19.5 47.5
19.5 48.5
19.5 49.5
19.5 50.5
19.5 55.5
19.5 56.5
19.5 57.5
20.5 14.5
20.5 15.5
20.5 16.5
20.5 28.5
20.5 29.5
20.5 30.5
20.5 44.5
20.5 45.5
20.5 46.5
20.5 47.5
20.5 57.5
20.5 58.5
20.5 59.5
21.5 13.5
21.5 60.5
21.5 61.5
24.5 28.5
24.5 29.5
24.5 44.5
25.5 13.5
25.5 14.5
25.5 15.5
25.5 26.5
25.5 27.5
25.5 28.5
25.5 45.5
25.5 46.5
25.5 59.5
25.5 60.5
25.5 61.5
25.5 62.5
26.5 14.5
26.5 15.5
26.5 16.5
26.5 17.5
26.5 25.5
26.5 26.5
26.5 27.5
26.5 46.5
26.5 47.5
26.5 48.5
26.5 61.5
26.5 62.5
26.5 63.5
26.5 64.5
27.5 16.5
27.5 17.5
27.5 18.5
27.5 19.5
27.5 23.5
27.5 24.5
27.5 25.5
27.5 48.5
27.5 49.5
27.5 50.5
27.5 63.5
27.5 64.5
27.5 65.5
28.5 8.5
28.5 19.5
28.5 23.5
28.5 34.5
28.5 35.5
28.5 39.5
28.5 40.5
28.5 54.5
29.5 9.5
29.5 10.5
29.5 31.5
29.5 32.5
29.5 33.5
29.5 34.5
29.5 40.5
29.5 41.5
29.5 42.5
29.5 55.5
29.5 56.5
29.5 57.5
30.5 10.5
30.5 11.5
30.5 12.5
30.5 30.5
30.5 31.5
30.5 32.5
30.5 41.5
30.5 42.5
30.5 43.5
30.5 57.5
30.5 58.5
30.5 59.5
31.5 12.5
31.5 13.5
31.5 14.5
31.5 29.5
31.5 30.5
31.5 31.5
31.5 43.5
31.5 44.5
31.5 45.5
31.5 60.5
32.5 28.5
35.5 13.5
35.5 14.5
35.5 44.5
35.5 45.5
35.5 58.5
35.5 59.5
35.5 60.5
36.5 11.5
36.5 12.5
36.5 13.5
36.5 28.5
36.5 29.5
36.5 30.5
36.5 42.5
36.5 43.5
36.5 56.5
36.5 57.5
36.5 58.5
37.5 9.5
37.5 10.5
37.5 11.5
37.5 25.5
37.5 26.5
37.5 27.5
37.5 28.5
37.5 29.5
37.5 40.5
37.5 41.5
37.5 42.5
37.5 55.5
37.5 56.5
37.5 57.5
38.5 8.5
38.5 9.5
38.5 24.5
38.5 25.5
38.5 26.5
38.5 39.5
38.5 49.5
38.5 50.5
38.5 54.5
38.5 55.5
38.5 65.5
38.5 66.5
39.5 18.5
39.5 19.5
39.5 20.5
39.5 34.5
39.5 35.5
39.5 47.5
39.5 48.5
39.5 49.5
39.5 63.5
39.5 64.5
39.5 65.5
40.5 15.5
40.5 16.5
40.5 17.5
40.5 18.5
40.5 31.5
40.5 32.5
40.5 33.5
40.5 45.5
40.5 46.5
40.5 47.5
40.5 48.5
40.5 61.5
40.5 62.5
40.5 63.5
41.5 13.5
41.5 14.5
41.5 15.5
41.5 16.5
41.5 30.5
41.5 31.5
41.5 44.5
41.5 45.5
41.5 59.5
41.5 60.5
41.5 61.5
45.5 29.5
45.5 30.5
45.5 44.5
45.5 45.5
46.5 13.5
46.5 14.5
46.5 15.5
46.5 16.5
46.5 30.5
46.5 31.5
46.5 32.5
46.5 33.5
46.5 41.5
46.5 42.5
46.5 43.5
46.5 44.5
46.5 59.5
46.5 60.5
46.5 61.5
46.5 62.5
46.5 63.5
47.5 15.5
47.5 16.5
47.5 17.5
47.5 18.5
47.5 32.5
47.5 33.5
47.5 34.5
47.5 39.5
47.5 40.5
47.5 41.5
47.5 61.5
47.5 62.5
47.5 63.5
47.5 64.5
47.5 65.5
48.5 17.5
48.5 18.5
48.5 19.5
48.5 20.5
49.5 7.5
49.5 8.5
49.5 9.5
49.5 24.5
49.5 25.5
49.5 26.5
49.5 47.5
49.5 48.5
49.5 49.5
49.5 50.5
49.5 54.5
49.5 55.5
49.5 56.5
50.5 9.5
50.5 10.5
50.5 11.5
50.5 25.5
50.5 26.5
50.5 27.5
50.5 28.5
50.5 44.5
50.5 45.5
50.5 46.5
50.5 47.5
50.5 56.5
50.5 57.5
50.5 58.5
51.5 11.5
51.5 12.5
51.5 13.5
51.5 28.5
51.5 29.5
51.5 43.5
51.5 44.5
51.5 59.5
51.5 60.5
52.5 13.5
52.5 14.5
55.5 28.5
55.5 29.5
55.5 43.5
55.5 44.5
55.5 45.5
55.5 46.5
55.5 59.5
55.5 60.5
55.5 61.5
56.5 12.5
56.5 13.5
56.5 14.5
56.5 15.5
56.5 29.5
56.5 30.5
56.5 31.5
56.5 45.5
56.5 46.5
56.5 47.5
56.5 48.5
56.5 61.5
56.5 62.5
56.5 63.5
57.5 10.5
57.5 11.5
57.5 12.5
57.5 13.5
57.5 31.5
57.5 32.5
57.5 33.5
57.5 49.5
57.5 50.5
57.5 62.5
57.5 63.5
57.5 64.5
58.5 8.5
58.5 9.5
58.5 10.5
58.5 33.5
58.5 34.5
58.5 35.5
58.5 38.5
58.5 39.5
58.5 40.5
58.5 53.5
58.5 54.5
58.5 55.5
58.5 64.5
58.5 65.5
59.5 19.5
59.5 20.5
59.5 23.5
59.5 24.5
59.5 40.5
59.5 41.5
59.5 42.5
59.5 55.5
59.5 56.5
59.5 57.5
60.5 16.5
60.5 17.5
60.5 18.5
60.5 25.5
60.5 26.5
60.5 27.5
60.5 41.5
60.5 42.5
60.5 43.5
60.5 57.5
60.5 58.5
60.5 59.5
61.5 14.5
61.5 15.5
61.5 16.5
61.5 27.5
61.5 28.5
61.5 29.5
61.5 44.5
61.5 60.5
62.5 14.5
62.5 30.5
