2.5 16.5
3.5 13.5
3.5 14.5
3.5 15.5
3.5 29.5
3.5 30.5
3.5 31.5
3.5 32.5
3.5 46.5
3.5 47.5
3.5 60.5
3.5 61.5
3.5 62.5
4.5 11.5
4.5 12.5
4.5 13.5
4.5 14.5
4.5 26.5
4.5 27.5
4.5 28.5
4.5 29.5
4.5 30.5
4.5 42.5
4.5 43.5
4.5 44.5
4.5 45.5
4.5 57.5
4.5 58.5
4.5 59.5
4.5 60.5
5.5 9.5
5.5 10.5
5.5 11.5
5.5 12.5
5.5 23.5
5.5 24.5
5.5 25.5
5.5 26.5
5.5 27.5
5.5 39.5
5.5 40.5
5.5 41.5
5.5 42.5
5.5 54.5
5.5 55.5
5.5 56.5
5.5 57.5
6.5 8.5
6.5 9.5
6.5 19.5
6.5 20.5
6.5 21.5
6.5 22.5
6.5 23.5
6.5 34.5
6.5 35.5
6.5 36.5
6.5 37.5
6.5 38.5
6.5 39.5
6.5 50.5
6.5 51.5
6.5 52.5
6.5 53.5
6.5 54.5
6.5 64.5
6.5 65.5
6.5 66.5
6.5 67.5
7.5 16.5
7.5 17.5
7.5 18.5
7.5 19.5
7.5 31.5
7.5 32.5
7.5 33.5
7.5 34.5
7.5 46.5
7.5 47.5
7.5 48.5
7.5 49.5
7.5 50.5
7.5 61.5
7.5 62.5
7.5 63.5
7.5 64.5
7.5 65.5
8.5 14.5
8.5 15.5
8.5 16.5
8.5 17.5
8.5 29.5
8.5 30.5
8.5 31.5
8.5 43.5
8.5 44.5
8.5 45.5
8.5 46.5
8.5 59.5
8.5 60.5
8.5 61.5
8.5 62.5
9.5 12.5
9.5 13.5
9.5 14.5
9.5 27.5
9.5 28.5
9.5 57.5
9.5 58.5
11.5 27.5
11.5 42.5
11.5 43.5
11.5 44.5
12.5 12.5
12.5 13.5
12.5 14.5
12.5 28.5
12.5 29.5
12.5 30.5
12.5 44.5
12.5 45.5
12.5 46.5
12.5 47.5
12.5 59.5
12.5 60.5
12.5 61.5
12.5 62.5
13.5 14.5
13.5 15.5
13.5 16.5
13.5 17.5
13.5 30.5
13.5 31.5
13.5 32.5
13.5 33.5
13.5 46.5
13.5 47.5
13.5 48.5
13.5 49.5
13.5 56.5
13.5 57.5
13.5 58.5
13.5 59.5
13.5 60.5
14.5 16.5
14.5 17.5
14.5 18.5
14.5 19.5
14.5 32.5
14.5 33.5
14.5 34.5
14.5 35.5
14.5 36.5
14.5 37.5
14.5 49.5
14.5 50.5
14.5 51.5
14.5 52.5
14.5 54.5
14.5 55.5
14.5 56.5
14.5 57.5
15.5 7.5
15.5 8.5
15.5 9.5
15.5 19.5
15.5 20.5
15.5 21.5
15.5 22.5
15.5 23.5
15.5 24.5
15.5 25.5
15.5 35.5
15.5 36.5
15.5 37.5
15.5 38.5
15.5 39.5
15.5 40.5
15.5 41.5
15.5 52.5
15.5 53.5
15.5 54.5
15.5 67.5
16.5 9.5
16.5 10.5
16.5 11.5
16.5 12.5
16.5 24.5
16.5 25.5
16.5 26.5
16.5 27.5
16.5 40.5
16.5 41.5
16.5 42.5
16.5 43.5
16.5 44.5
16.5 63.5
16.5 64.5
16.5 65.5
16.5 66.5
17.5 12.5
17.5 13.5
17.5 14.5
17.5 27.5
17.5 28.5
17.5 29.5
17.5 43.5
17.5 44.5
17.5 45.5
17.5 46.5
17.5 60.5
17.5 61.5
17.5 62.5
17.5 63.5
17.5 64.5
18.5 15.5
18.5 16.5
18.5 30.5
18.5 31.5
18.5 46.5
18.5 47.5
18.5 48.5
18.5 58.5
18.5 59.5
18.5 60.5
21.5 12.5
21.5 13.5
21.5 14.5
21.5 15.5
21.5 27.5
21.5 28.5
21.5 29.5
21.5 30.5
21.5 42.5
21.5 43.5
21.5 44.5
21.5 45.5
21.5 58.5
21.5 59.5
21.5 60.5
22.5 9.5
22.5 10.5
22.5 11.5
22.5 12.5
22.5 29.5
22.5 30.5
22.5 31.5
22.5 32.5
22.5 33.5
22.5 44.5
22.5 45.5
22.5 46.5
22.5 47.5
22.5 48.5
22.5 61.5
22.5 62.5
22.5 63.5
22.5 64.5
23.5 6.5
23.5 7.5
23.5 8.5
23.5 9.5
23.5 32.5
23.5 33.5
23.5 34.5
23.5 35.5
23.5 36.5
23.5 37.5
23.5 46.5
23.5 47.5
23.5 48.5
23.5 49.5
23.5 50.5
23.5 64.5
23.5 65.5
23.5 66.5
24.5 18.5
24.5 19.5
24.5 20.5
24.5 21.5
24.5 22.5
24.5 23.5
24.5 24.5
24.5 38.5
24.5 39.5
24.5 40.5
24.5 49.5
24.5 50.5
24.5 51.5
24.5 52.5
24.5 53.5
24.5 54.5
24.5 55.5
25.5 15.5
25.5 16.5
25.5 17.5
25.5 18.5
25.5 19.5
25.5 23.5
25.5 24.5
25.5 25.5
25.5 26.5
25.5 27.5
25.5 40.5
25.5 41.5
25.5 42.5
25.5 54.5
25.5 55.5
25.5 56.5
25.5 57.5
25.5 58.5
25.5 59.5
26.5 12.5
26.5 13.5
26.5 14.5
26.5 15.5
26.5 16.5
26.5 26.5
26.5 27.5
26.5 28.5
26.5 29.5
26.5 30.5
26.5 42.5
26.5 43.5
26.5 44.5
26.5 57.5
26.5 58.5
26.5 59.5
26.5 60.5
26.5 61.5
27.5 30.5
27.5 31.5
27.5 44.5
27.5 45.5
27.5 46.5
29.5 60.5
29.5 61.5
30.5 12.5
30.5 13.5
30.5 14.5
30.5 15.5
30.5 16.5
30.5 26.5
30.5 27.5
30.5 28.5
30.5 29.5
30.5 30.5
30.5 42.5
30.5 43.5
30.5 44.5
30.5 45.5
30.5 46.5
30.5 58.5
30.5 59.5
30.5 60.5
31.5 9.5
31.5 10.5
31.5 11.5
31.5 12.5
31.5 13.5
31.5 29.5
31.5 30.5
31.5 31.5
31.5 32.5
31.5 33.5
31.5 39.5
31.5 40.5
31.5 41.5
31.5 42.5
31.5 43.5
31.5 56.5
31.5 57.5
31.5 58.5
32.5 6.5
32.5 7.5
32.5 8.5
32.5 9.5
32.5 10.5
32.5 32.5
32.5 33.5
32.5 34.5
32.5 35.5
32.5 36.5
32.5 37.5
32.5 38.5
32.5 39.5
32.5 40.5
32.5 54.5
32.5 55.5
32.5 56.5
32.5 65.5
32.5 66.5
33.5 19.5
33.5 20.5
33.5 21.5
33.5 22.5
33.5 23.5
33.5 24.5
33.5 49.5
33.5 50.5
33.5 51.5
33.5 52.5
33.5 53.5
33.5 54.5
33.5 62.5
33.5 63.5
33.5 64.5
33.5 65.5
34.5 16.5
34.5 17.5
34.5 18.5
34.5 19.5
34.5 24.5
34.5 25.5
34.5 26.5
34.5 27.5
34.5 45.5
34.5 46.5
34.5 47.5
34.5 48.5
34.5 49.5
34.5 60.5
34.5 61.5
34.5 62.5
34.5 63.5
35.5 13.5
35.5 14.5
35.5 15.5
35.5 16.5
35.5 26.5
35.5 27.5
35.5 28.5
35.5 29.5
35.5 30.5
35.5 42.5
35.5 43.5
35.5 44.5
35.5 45.5
35.5 46.5
35.5 58.5
35.5 59.5
35.5 60.5
35.5 61.5
36.5 11.5
36.5 12.5
36.5 30.5
36.5 31.5
36.5 57.5
36.5 58.5
38.5 16.5
38.5 17.5
38.5 30.5
38.5 31.5
38.5 46.5
38.5 47.5
39.5 12.5
39.5 13.5
39.5 14.5
39.5 15.5
39.5 27.5
39.5 28.5
39.5 29.5
39.5 30.5
39.5 42.5
39.5 43.5
39.5 44.5
39.5 45.5
39.5 58.5
39.5 59.5
39.5 60.5
40.5 9.5
40.5 10.5
40.5 11.5
40.5 12.5
40.5 13.5
40.5 25.5
40.5 26.5
40.5 27.5
40.5 38.5
40.5 39.5
40.5 40.5
40.5 41.5
40.5 42.5
40.5 43.5
40.5 55.5
40.5 56.5
40.5 57.5
40.5 58.5
41.5 7.5
41.5 8.5
41.5 9.5
41.5 10.5
41.5 22.5
41.5 23.5
41.5 24.5
41.5 25.5
41.5 34.5
41.5 35.5
41.5 36.5
41.5 37.5
41.5 38.5
41.5 39.5
41.5 50.5
41.5 51.5
41.5 52.5
41.5 53.5
41.5 54.5
41.5 55.5
42.5 17.5
42.5 18.5
42.5 19.5
42.5 20.5
42.5 31.5
42.5 32.5
42.5 33.5
42.5 34.5
42.5 47.5
42.5 48.5
42.5 49.5
42.5 50.5
42.5 63.5
42.5 64.5
42.5 65.5
42.5 66.5
43.5 14.5
43.5 15.5
43.5 16.5
43.5 17.5
43.5 29.5
43.5 30.5
43.5 31.5
43.5 44.5
43.5 45.5
43.5 46.5
43.5 47.5
43.5 60.5
43.5 61.5
43.5 62.5
43.5 63.5
43.5 64.5
44.5 11.5
44.5 12.5
44.5 13.5
44.5 27.5
44.5 28.5
44.5 42.5
44.5 43.5
44.5 57.5
44.5 58.5
44.5 59.5
44.5 60.5
46.5 28.5
47.5 11.5
47.5 12.5
47.5 13.5
47.5 14.5
47.5 29.5
47.5 30.5
47.5 31.5
47.5 42.5
47.5 43.5
47.5 44.5
47.5 45.5
47.5 58.5
47.5 59.5
48.5 14.5
48.5 15.5
48.5 16.5
48.5 17.5
48.5 18.5
48.5 31.5
48.5 32.5
48.5 33.5
48.5 34.5
48.5 45.5
48.5 46.5
48.5 47.5
48.5 48.5
48.5 60.5
48.5 61.5
48.5 62.5
49.5 17.5
49.5 18.5
49.5 19.5
49.5 20.5
49.5 21.5
49.5 34.5
49.5 35.5
49.5 36.5
49.5 37.5
49.5 38.5
49.5 47.5
49.5 48.5
49.5 49.5
49.5 50.5
49.5 51.5
49.5 62.5
49.5 63.5
49.5 64.5
50.5 7.5
50.5 8.5
50.5 9.5
50.5 21.5
50.5 22.5
50.5 23.5
50.5 24.5
50.5 25.5
50.5 26.5
50.5 39.5
50.5 40.5
50.5 41.5
50.5 52.5
50.5 53.5
50.5 54.5
50.5 55.5
50.5 65.5
50.5 66.5
51.5 9.5
51.5 10.5
51.5 11.5
51.5 12.5
51.5 25.5
51.5 26.5
51.5 27.5
51.5 28.5
51.5 29.5
51.5 30.5
51.5 41.5
51.5 42.5
51.5 43.5
51.5 55.5
51.5 56.5
51.5 57.5
51.5 58.5
52.5 11.5
52.5 12.5
52.5 13.5
52.5 14.5
52.5 28.5
52.5 29.5
52.5 30.5
52.5 31.5
52.5 32.5
52.5 43.5
52.5 44.5
52.5 45.5
52.5 58.5
52.5 59.5
52.5 60.5
52.5 61.5
53.5 14.5
53.5 15.5
53.5 16.5
53.5 46.5
53.5 62.5
55.5 26.5
55.5 44.5
55.5 45.5
56.5 12.5
56.5 13.5
56.5 14.5
56.5 15.5
56.5 27.5
56.5 28.5
56.5 29.5
56.5 30.5
56.5 31.5
56.5 41.5
56.5 42.5
56.5 43.5
56.5 44.5
56.5 58.5
56.5 59.5
56.5 60.5
56.5 61.5
57.5 9.5
57.5 10.5
57.5 11.5
57.5 12.5
57.5 30.5
57.5 31.5
57.5 32.5
57.5 33.5
57.5 34.5
57.5 39.5
57.5 40.5
57.5 41.5
57.5 42.5
57.5 55.5
57.5 56.5
57.5 57.5
57.5 58.5
57.5 59.5
58.5 7.5
58.5 8.5
58.5 9.5
58.5 21.5
58.5 33.5
58.5 34.5
58.5 35.5
58.5 36.5
58.5 38.5
58.5 39.5
58.5 52.5
58.5 53.5
58.5 54.5
58.5 55.5
58.5 56.5
59.5 17.5
59.5 18.5
59.5 19.5
59.5 20.5
59.5 21.5
59.5 22.5
59.5 23.5
59.5 24.5
59.5 25.5
59.5 47.5
59.5 48.5
59.5 49.5
59.5 50.5
59.5 51.5
59.5 52.5
59.5 64.5
59.5 65.5
59.5 66.5
60.5 14.5
60.5 15.5
60.5 16.5
60.5 17.5
60.5 18.5
60.5 25.5
60.5 26.5
60.5 27.5
60.5 28.5
60.5 44.5
60.5 45.5
60.5 46.5
60.5 47.5
60.5 48.5
60.5 61.5
60.5 62.5
60.5 63.5
60.5 64.5
61.5 12.5
61.5 13.5
61.5 14.5
61.5 15.5
61.5 27.5
61.5 28.5
61.5 29.5
61.5 30.5
61.5 42.5
61.5 43.5
61.5 44.5
61.5 45.5
61.5 59.5
61.5 60.5
61.5 61.5
61.5 62.5
62.5 31.5
62.5 32.5
62.5 57.5
62.5 58.5
62.5 59.5
