2.5 45.5
3.5 19.5
3.5 20.5
3.5 32.5
3.5 33.5
3.5 34.5
4.5 12.5
4.5 13.5
4.5 33.5
5.5 40.5
5.5 41.5
5.5 62.5
6.5 23.5
6.5 61.5
7.5 22.5
7.5 28.5
7.5 29.5
8.5 55.5
8.5 65.5
9.5 9.5
9.5 10.5
11.5 40.5
11.5 54.5
12.5 20.5
12.5 39.5
12.5 40.5
12.5 55.5
13.5 20.5
13.5 29.5
14.5 13.5
14.5 14.5
14.5 15.5
14.5 28.5
14.5 29.5
14.5 45.5
14.5 51.5
14.5 65.5
15.5 44.5
15.5 45.5
15.5 52.5
15.5 61.5
16.5 23.5
16.5 33.5
16.5 44.5
17.5 23.5
17.5 32.5
18.5 10.5
20.5 61.5
21.5 9.5
21.5 10.5
21.5 55.5
21.5 61.5
22.5 44.5
22.5 55.5
23.5 23.5
23.5 32.5
23.5 44.5
23.5 45.5
24.5 13.5
24.5 14.5
24.5 64.5
24.5 65.5
25.5 20.5
25.5 39.5
26.5 29.5
26.5 40.5
26.5 51.5
26.5 52.5
29.5 8.5
29.5 9.5
30.5 8.5
30.5 20.5
30.5 62.5
30.5 63.5
31.5 29.5
31.5 41.5
32.5 28.5
32.5 50.5
33.5 12.5
33.5 13.5
33.5 14.5
33.5 66.5
34.5 23.5
34.5 34.5
34.5 35.5
34.5 55.5
34.5 66.5
35.5 34.5
35.5 45.5
38.5 13.5
38.5 14.5
38.5 15.5
39.5 21.5
39.5 22.5
40.5 35.5
40.5 45.5
40.5 54.5
40.5 55.5
40.5 62.5
41.5 9.5
41.5 10.5
41.5 35.5
41.5 36.5
43.5 24.5
43.5 42.5
43.5 50.5
44.5 30.5
44.5 42.5
44.5 64.5
44.5 65.5
45.5 31.5
45.5 63.5
45.5 64.5
46.5 13.5
47.5 13.5
47.5 14.5
48.5 20.5
48.5 21.5
48.5 53.5
49.5 30.5
49.5 40.5
49.5 41.5
49.5 54.5
50.5 9.5
50.5 60.5
51.5 23.5
51.5 33.5
51.5 34.5
52.5 44.5
52.5 50.5
52.5 51.5
53.5 43.5
53.5 51.5
53.5 64.5
53.5 65.5
55.5 12.5
55.5 20.5
55.5 31.5
56.5 13.5
57.5 25.5
58.5 24.5
58.5 40.5
58.5 54.5
58.5 55.5
58.5 61.5
58.5 62.5
59.5 9.5
59.5 35.5
59.5 55.5
60.5 10.5
61.5 43.5
61.5 65.5
62.5 50.5
62.5 51.5
