6.5 22.5
6.5 23.5
6.5 29.5
6.5 41.5
6.5 42.5
6.5 48.5
6.5 49.5
6.5 62.5
6.5 63.5
7.5 10.5
7.5 11.5
7.5 29.5
7.5 62.5
7.5 63.5
10.5 19.5
10.5 20.5
10.5 32.5
10.5 59.5
11.5 13.5
11.5 14.5
11.5 38.5
11.5 39.5
11.5 51.5
11.5 52.5
11.5 59.5
12.5 13.5
12.5 14.5
17.5 29.5
18.5 22.5
18.5 23.5
18.5 29.5
19.5 13.5
19.5 14.5
19.5 39.5
19.5 40.5
19.5 49.5
19.5 59.5
19.5 60.5
20.5 13.5
22.5 19.5
22.5 32.5
22.5 33.5
22.5 64.5
23.5 9.5
23.5 10.5
23.5 32.5
23.5 33.5
23.5 43.5
23.5 53.5
23.5 64.5
24.5 43.5
29.5 22.5
30.5 8.5
30.5 9.5
30.5 22.5
30.5 29.5
30.5 30.5
30.5 61.5
31.5 8.5
31.5 9.5
31.5 30.5
31.5 43.5
31.5 44.5
31.5 50.5
31.5 51.5
31.5 61.5
31.5 62.5
34.5 54.5
34.5 55.5
35.5 12.5
35.5 19.5
35.5 20.5
35.5 33.5
35.5 40.5
35.5 54.5
35.5 55.5
35.5 64.5
35.5 65.5
36.5 12.5
42.5 29.5
42.5 42.5
42.5 43.5
42.5 54.5
43.5 9.5
43.5 22.5
43.5 23.5
43.5 29.5
43.5 42.5
43.5 54.5
43.5 55.5
43.5 64.5
46.5 49.5
46.5 50.5
47.5 12.5
47.5 13.5
47.5 19.5
47.5 32.5
47.5 33.5
47.5 39.5
47.5 49.5
47.5 60.5
47.5 61.5
48.5 19.5
48.5 33.5
54.5 12.5
54.5 13.5
54.5 19.5
54.5 43.5
55.5 19.5
55.5 33.5
55.5 43.5
55.5 49.5
55.5 50.5
55.5 63.5
55.5 64.5
56.5 33.5
58.5 9.5
59.5 9.5
59.5 22.5
59.5 29.5
59.5 40.5
59.5 41.5
60.5 29.5
60.5 40.5
60.5 53.5
60.5 54.5
60.5 60.5
