3.5 19.5
3.5 20.5
3.5 30.5
3.5 31.5
3.5 41.5
3.5 42.5
3.5 46.5
3.5 47.5
3.5 56.5
3.5 57.5
3.5 62.5
4.5 19.5
4.5 20.5
4.5 24.5
4.5 25.5
4.5 41.5
4.5 42.5
4.5 46.5
4.5 47.5
4.5 56.5
4.5 57.5
4.5 62.5
4.5 63.5
5.5 12.5
5.5 20.5
5.5 24.5
5.5 25.5
5.5 34.5
5.5 66.5
6.5 16.5
6.5 33.5
6.5 34.5
6.5 39.5
6.5 49.5
6.5 53.5
6.5 54.5
6.5 65.5
7.5 15.5
7.5 16.5
7.5 26.5
7.5 38.5
7.5 39.5
7.5 40.5
7.5 49.5
7.5 54.5
8.5 10.5
8.5 25.5
8.5 26.5
8.5 30.5
8.5 31.5
9.5 66.5
10.5 48.5
10.5 65.5
10.5 66.5
10.5 67.5
11.5 16.5
11.5 39.5
11.5 40.5
11.5 48.5
11.5 56.5
11.5 57.5
11.5 58.5
11.5 65.5
11.5 66.5
11.5 67.5
12.5 9.5
12.5 15.5
12.5 16.5
12.5 17.5
12.5 24.5
12.5 25.5
12.5 30.5
12.5 31.5
12.5 39.5
12.5 40.5
12.5 56.5
12.5 57.5
12.5 58.5
13.5 9.5
13.5 24.5
13.5 25.5
13.5 30.5
13.5 31.5
13.5 39.5
13.5 40.5
13.5 57.5
14.5 11.5
14.5 12.5
14.5 20.5
14.5 30.5
14.5 46.5
14.5 52.5
14.5 53.5
14.5 62.5
14.5 63.5
15.5 11.5
15.5 12.5
15.5 19.5
15.5 20.5
15.5 21.5
15.5 27.5
15.5 33.5
15.5 34.5
15.5 42.5
15.5 43.5
15.5 46.5
15.5 53.5
15.5 54.5
15.5 62.5
15.5 63.5
16.5 20.5
16.5 27.5
16.5 33.5
16.5 34.5
16.5 35.5
16.5 42.5
16.5 43.5
19.5 12.5
19.5 13.5
19.5 47.5
19.5 54.5
20.5 12.5
20.5 13.5
20.5 20.5
20.5 21.5
20.5 33.5
20.5 34.5
20.5 46.5
20.5 53.5
20.5 54.5
20.5 55.5
20.5 64.5
20.5 65.5
21.5 7.5
21.5 8.5
21.5 9.5
21.5 17.5
21.5 27.5
21.5 33.5
21.5 34.5
21.5 39.5
21.5 49.5
21.5 50.5
21.5 54.5
21.5 65.5
22.5 7.5
22.5 8.5
22.5 9.5
22.5 17.5
22.5 24.5
22.5 25.5
22.5 42.5
22.5 43.5
22.5 50.5
22.5 61.5
22.5 62.5
23.5 25.5
23.5 30.5
23.5 31.5
23.5 57.5
23.5 62.5
25.5 7.5
25.5 43.5
26.5 6.5
26.5 7.5
26.5 8.5
26.5 18.5
26.5 19.5
26.5 23.5
26.5 24.5
26.5 42.5
26.5 43.5
26.5 44.5
26.5 50.5
26.5 51.5
26.5 62.5
27.5 7.5
27.5 8.5
27.5 18.5
27.5 19.5
27.5 23.5
27.5 24.5
27.5 25.5
27.5 31.5
27.5 32.5
27.5 42.5
27.5 43.5
27.5 44.5
27.5 50.5
27.5 51.5
27.5 57.5
27.5 61.5
27.5 62.5
28.5 31.5
28.5 32.5
28.5 48.5
28.5 57.5
28.5 58.5
28.5 61.5
28.5 62.5
29.5 10.5
29.5 11.5
29.5 16.5
29.5 27.5
29.5 34.5
29.5 39.5
29.5 48.5
30.5 10.5
30.5 11.5
30.5 15.5
30.5 16.5
30.5 17.5
30.5 26.5
30.5 27.5
30.5 33.5
30.5 34.5
30.5 38.5
30.5 39.5
30.5 40.5
30.5 48.5
30.5 54.5
30.5 55.5
30.5 64.5
30.5 65.5
31.5 34.5
31.5 39.5
31.5 40.5
31.5 54.5
31.5 55.5
31.5 64.5
31.5 65.5
32.5 64.5
34.5 8.5
34.5 9.5
34.5 16.5
34.5 24.5
34.5 25.5
34.5 50.5
35.5 8.5
35.5 9.5
35.5 15.5
35.5 16.5
35.5 24.5
35.5 25.5
35.5 26.5
35.5 32.5
35.5 41.5
35.5 42.5
35.5 50.5
35.5 54.5
35.5 55.5
36.5 19.5
36.5 32.5
36.5 40.5
36.5 41.5
36.5 42.5
36.5 54.5
36.5 55.5
36.5 64.5
36.5 65.5
37.5 11.5
37.5 12.5
37.5 18.5
37.5 19.5
37.5 20.5
37.5 28.5
37.5 32.5
37.5 40.5
37.5 41.5
37.5 42.5
37.5 64.5
37.5 65.5
38.5 11.5
38.5 19.5
38.5 27.5
38.5 28.5
38.5 29.5
38.5 46.5
38.5 47.5
38.5 48.5
38.5 57.5
38.5 58.5
39.5 28.5
39.5 34.5
39.5 37.5
39.5 38.5
39.5 46.5
39.5 47.5
39.5 48.5
39.5 57.5
39.5 58.5
39.5 59.5
39.5 62.5
39.5 63.5
40.5 33.5
40.5 34.5
40.5 37.5
40.5 38.5
40.5 62.5
40.5 63.5
41.5 19.5
41.5 20.5
41.5 33.5
41.5 38.5
42.5 9.5
42.5 19.5
42.5 20.5
42.5 25.5
43.5 25.5
43.5 26.5
43.5 48.5
43.5 49.5
43.5 57.5
44.5 11.5
44.5 16.5
44.5 33.5
44.5 37.5
44.5 38.5
44.5 49.5
44.5 53.5
44.5 54.5
44.5 65.5
44.5 66.5
45.5 10.5
45.5 11.5
45.5 15.5
45.5 16.5
46.5 15.5
46.5 16.5
46.5 26.5
46.5 27.5
46.5 31.5
46.5 40.5
46.5 41.5
46.5 46.5
47.5 26.5
47.5 27.5
47.5 31.5
47.5 40.5
47.5 41.5
47.5 45.5
47.5 46.5
47.5 59.5
47.5 63.5
48.5 55.5
48.5 56.5
48.5 59.5
48.5 62.5
48.5 63.5
48.5 64.5
49.5 19.5
49.5 20.5
49.5 55.5
49.5 56.5
49.5 62.5
49.5 63.5
49.5 64.5
50.5 9.5
50.5 18.5
50.5 19.5
50.5 20.5
50.5 24.5
50.5 25.5
50.5 32.5
50.5 37.5
50.5 38.5
51.5 9.5
51.5 31.5
51.5 32.5
51.5 33.5
51.5 37.5
51.5 38.5
51.5 48.5
51.5 49.5
51.5 50.5
52.5 32.5
52.5 37.5
52.5 38.5
52.5 48.5
52.5 49.5
52.5 53.5
52.5 54.5
52.5 65.5
52.5 66.5
53.5 15.5
53.5 16.5
53.5 17.5
53.5 27.5
53.5 53.5
53.5 54.5
53.5 64.5
53.5 65.5
53.5 66.5
54.5 11.5
54.5 29.5
54.5 30.5
54.5 40.5
54.5 41.5
54.5 46.5
54.5 47.5
55.5 30.5
55.5 40.5
55.5 41.5
56.5 18.5
56.5 19.5
57.5 18.5
57.5 19.5
57.5 20.5
57.5 24.5
57.5 56.5
57.5 57.5
57.5 58.5
57.5 62.5
57.5 63.5
58.5 10.5
58.5 18.5
58.5 19.5
58.5 23.5
58.5 24.5
58.5 40.5
58.5 41.5
58.5 48.5
58.5 63.5
59.5 9.5
59.5 10.5
59.5 30.5
59.5 31.5
59.5 41.5
59.5 48.5
59.5 54.5
59.5 66.5
60.5 25.5
60.5 26.5
60.5 38.5
60.5 45.5
60.5 46.5
60.5 53.5
60.5 54.5
60.5 55.5
60.5 66.5
61.5 11.5
61.5 12.5
61.5 15.5
61.5 16.5
61.5 25.5
61.5 26.5
61.5 33.5
61.5 34.5
61.5 38.5
61.5 39.5
61.5 46.5
61.5 54.5
62.5 11.5
62.5 12.5
62.5 16.5
62.5 25.5
62.5 26.5
62.5 33.5
62.5 34.5
