5.5 59.5
5.5 60.5
6.5 39.5
6.5 59.5
6.5 60.5
6.5 61.5
7.5 18.5
7.5 19.5
7.5 39.5
7.5 40.5
7.5 41.5
7.5 61.5
7.5 62.5
8.5 19.5
8.5 20.5
8.5 41.5
8.5 42.5
11.5 10.5
11.5 11.5
11.5 53.5
12.5 11.5
12.5 12.5
12.5 31.5
12.5 32.5
12.5 33.5
12.5 53.5
12.5 54.5
13.5 13.5
13.5 33.5
13.5 34.5
13.5 35.5
13.5 54.5
13.5 55.5
21.5 13.5
22.5 11.5
22.5 12.5
22.5 33.5
22.5 34.5
22.5 35.5
22.5 60.5
22.5 61.5
23.5 10.5
23.5 11.5
23.5 31.5
23.5 32.5
23.5 33.5
23.5 34.5
23.5 61.5
23.5 62.5
24.5 62.5
26.5 20.5
27.5 18.5
27.5 19.5
27.5 20.5
27.5 42.5
28.5 17.5
28.5 18.5
28.5 40.5
28.5 41.5
28.5 42.5
28.5 53.5
28.5 54.5
28.5 55.5
29.5 39.5
29.5 40.5
29.5 54.5
29.5 55.5
29.5 56.5
37.5 13.5
37.5 14.5
37.5 15.5
37.5 34.5
37.5 35.5
38.5 12.5
38.5 13.5
38.5 32.5
38.5 33.5
38.5 34.5
38.5 59.5
38.5 60.5
38.5 61.5
39.5 31.5
39.5 32.5
39.5 33.5
39.5 60.5
39.5 61.5
39.5 62.5
42.5 20.5
42.5 21.5
43.5 19.5
43.5 20.5
43.5 41.5
43.5 52.5
44.5 39.5
44.5 40.5
44.5 41.5
44.5 52.5
44.5 53.5
44.5 54.5
45.5 38.5
45.5 39.5
45.5 54.5
45.5 55.5
52.5 15.5
53.5 13.5
53.5 14.5
53.5 15.5
53.5 33.5
53.5 34.5
53.5 58.5
53.5 59.5
54.5 13.5
54.5 31.5
54.5 32.5
54.5 33.5
54.5 59.5
54.5 60.5
54.5 61.5
57.5 21.5
58.5 19.5
58.5 20.5
58.5 21.5
58.5 39.5
58.5 40.5
58.5 41.5
58.5 51.5
58.5 52.5
59.5 19.5
59.5 38.5
59.5 39.5
59.5 52.5
59.5 53.5
59.5 54.5
