3.5 44.5
3.5 64.5
4.5 12.5
4.5 37.5
4.5 38.5
4.5 44.5
4.5 52.5
4.5 53.5
4.5 63.5
4.5 64.5
5.5 11.5
5.5 12.5
5.5 21.5
5.5 53.5
6.5 21.5
6.5 30.5
6.5 47.5
7.5 17.5
7.5 18.5
7.5 30.5
7.5 35.5
7.5 47.5
7.5 55.5
7.5 56.5
7.5 61.5
8.5 8.5
8.5 9.5
8.5 10.5
8.5 26.5
8.5 35.5
8.5 56.5
8.5 61.5
9.5 26.5
12.5 17.5
13.5 12.5
13.5 17.5
13.5 25.5
13.5 26.5
13.5 37.5
13.5 38.5
13.5 42.5
13.5 43.5
13.5 44.5
13.5 52.5
13.5 53.5
13.5 61.5
13.5 62.5
14.5 11.5
14.5 12.5
14.5 26.5
14.5 37.5
14.5 43.5
14.5 44.5
14.5 53.5
14.5 62.5
16.5 8.5
16.5 19.5
16.5 20.5
16.5 21.5
16.5 46.5
16.5 56.5
16.5 64.5
17.5 8.5
17.5 9.5
17.5 21.5
17.5 28.5
17.5 29.5
17.5 34.5
17.5 35.5
17.5 46.5
17.5 47.5
17.5 56.5
17.5 57.5
17.5 64.5
17.5 65.5
18.5 34.5
21.5 11.5
21.5 17.5
22.5 11.5
22.5 17.5
22.5 18.5
22.5 47.5
22.5 53.5
22.5 65.5
23.5 25.5
23.5 26.5
23.5 34.5
23.5 35.5
23.5 46.5
23.5 47.5
23.5 53.5
23.5 64.5
23.5 65.5
24.5 26.5
24.5 35.5
25.5 8.5
25.5 9.5
25.5 20.5
25.5 29.5
25.5 38.5
25.5 44.5
25.5 55.5
25.5 56.5
25.5 62.5
26.5 8.5
26.5 9.5
26.5 20.5
26.5 29.5
26.5 38.5
26.5 39.5
26.5 44.5
26.5 56.5
26.5 57.5
26.5 61.5
26.5 62.5
27.5 39.5
30.5 16.5
30.5 17.5
30.5 48.5
31.5 11.5
31.5 12.5
31.5 16.5
31.5 17.5
31.5 26.5
31.5 38.5
31.5 39.5
31.5 47.5
31.5 48.5
31.5 53.5
31.5 64.5
32.5 26.5
32.5 27.5
32.5 38.5
32.5 39.5
32.5 53.5
32.5 64.5
34.5 9.5
34.5 19.5
34.5 20.5
34.5 30.5
34.5 35.5
34.5 36.5
34.5 44.5
34.5 45.5
34.5 56.5
34.5 61.5
35.5 9.5
35.5 20.5
35.5 30.5
35.5 31.5
35.5 44.5
38.5 53.5
39.5 8.5
39.5 9.5
39.5 36.5
39.5 47.5
39.5 48.5
39.5 53.5
39.5 54.5
39.5 64.5
39.5 65.5
40.5 17.5
40.5 28.5
40.5 36.5
40.5 47.5
40.5 64.5
41.5 17.5
41.5 18.5
41.5 28.5
42.5 11.5
42.5 31.5
42.5 43.5
42.5 44.5
42.5 55.5
42.5 61.5
43.5 11.5
43.5 12.5
43.5 21.5
43.5 22.5
43.5 37.5
43.5 38.5
43.5 43.5
43.5 44.5
43.5 60.5
43.5 61.5
44.5 22.5
44.5 43.5
47.5 31.5
48.5 8.5
48.5 9.5
48.5 22.5
48.5 31.5
48.5 46.5
48.5 52.5
48.5 60.5
48.5 61.5
49.5 9.5
49.5 10.5
49.5 21.5
49.5 22.5
49.5 35.5
49.5 36.5
49.5 46.5
49.5 47.5
49.5 52.5
49.5 60.5
49.5 61.5
50.5 21.5
50.5 46.5
51.5 28.5
51.5 29.5
51.5 54.5
51.5 55.5
51.5 64.5
51.5 65.5
52.5 12.5
52.5 13.5
52.5 18.5
52.5 19.5
52.5 27.5
52.5 28.5
52.5 37.5
52.5 43.5
52.5 55.5
52.5 65.5
53.5 13.5
53.5 18.5
53.5 19.5
53.5 38.5
53.5 42.5
53.5 43.5
56.5 64.5
56.5 65.5
57.5 30.5
57.5 31.5
57.5 43.5
57.5 44.5
57.5 53.5
57.5 54.5
57.5 64.5
57.5 65.5
58.5 12.5
58.5 13.5
58.5 21.5
58.5 22.5
58.5 30.5
58.5 31.5
58.5 35.5
58.5 36.5
58.5 43.5
58.5 44.5
58.5 54.5
59.5 12.5
59.5 21.5
59.5 47.5
59.5 61.5
59.5 62.5
60.5 38.5
60.5 47.5
60.5 48.5
60.5 56.5
60.5 61.5
61.5 8.5
61.5 9.5
61.5 18.5
61.5 27.5
61.5 28.5
61.5 38.5
61.5 39.5
61.5 48.5
61.5 56.5
61.5 61.5
62.5 17.5
62.5 18.5
62.5 27.5
