6.5 10.5
6.5 11.5
7.5 10.5
7.5 11.5
7.5 30.5
7.5 31.5
7.5 47.5
7.5 48.5
8.5 31.5
8.5 47.5
8.5 48.5
8.5 58.5
9.5 57.5
9.5 58.5
12.5 25.5
12.5 41.5
12.5 42.5
13.5 15.5
13.5 16.5
13.5 25.5
13.5 26.5
13.5 41.5
13.5 42.5
13.5 62.5
13.5 63.5
14.5 16.5
14.5 62.5
14.5 63.5
22.5 31.5
22.5 41.5
22.5 42.5
22.5 62.5
22.5 63.5
23.5 11.5
23.5 30.5
23.5 31.5
23.5 41.5
23.5 62.5
23.5 63.5
24.5 11.5
28.5 16.5
28.5 26.5
28.5 46.5
28.5 47.5
28.5 56.5
28.5 57.5
29.5 15.5
29.5 16.5
29.5 26.5
37.5 27.5
37.5 41.5
37.5 57.5
38.5 11.5
38.5 26.5
38.5 27.5
38.5 40.5
38.5 41.5
38.5 57.5
38.5 58.5
39.5 11.5
42.5 31.5
42.5 32.5
42.5 47.5
43.5 16.5
43.5 17.5
43.5 31.5
43.5 46.5
43.5 47.5
43.5 62.5
43.5 63.5
44.5 16.5
44.5 62.5
44.5 63.5
52.5 31.5
53.5 16.5
53.5 17.5
53.5 31.5
53.5 46.5
53.5 47.5
53.5 48.5
53.5 58.5
54.5 16.5
54.5 47.5
54.5 57.5
54.5 58.5
57.5 26.5
58.5 10.5
58.5 11.5
58.5 26.5
58.5 27.5
58.5 40.5
58.5 41.5
58.5 62.5
58.5 63.5
59.5 10.5
59.5 11.5
59.5 41.5
59.5 62.5
59.5 63.5
