5.5 23.5
5.5 27.5
5.5 28.5
5.5 37.5
5.5 38.5
5.5 43.5
6.5 22.5
6.5 23.5
6.5 37.5
6.5 38.5
6.5 42.5
6.5 43.5
6.5 55.5
6.5 56.5
7.5 12.5
7.5 13.5
7.5 55.5
7.5 56.5
7.5 64.5
7.5 65.5
7.5 66.5
8.5 12.5
8.5 13.5
9.5 20.5
9.5 30.5
9.5 31.5
9.5 35.5
10.5 18.5
10.5 19.5
10.5 20.5
10.5 30.5
10.5 31.5
10.5 32.5
10.5 35.5
10.5 36.5
10.5 45.5
10.5 46.5
10.5 52.5
10.5 53.5
11.5 9.5
11.5 10.5
11.5 18.5
11.5 45.5
11.5 46.5
11.5 47.5
11.5 51.5
11.5 52.5
11.5 53.5
11.5 61.5
11.5 62.5
12.5 8.5
12.5 9.5
12.5 52.5
16.5 22.5
17.5 21.5
17.5 22.5
17.5 28.5
17.5 29.5
17.5 61.5
17.5 62.5
18.5 21.5
18.5 28.5
18.5 29.5
18.5 38.5
18.5 42.5
18.5 55.5
18.5 56.5
18.5 61.5
18.5 62.5
19.5 10.5
19.5 11.5
19.5 12.5
19.5 38.5
19.5 42.5
19.5 43.5
19.5 44.5
19.5 55.5
19.5 56.5
20.5 11.5
21.5 18.5
21.5 30.5
21.5 64.5
21.5 65.5
22.5 17.5
22.5 18.5
22.5 30.5
22.5 31.5
22.5 36.5
22.5 53.5
22.5 65.5
23.5 9.5
23.5 17.5
23.5 35.5
23.5 36.5
23.5 46.5
23.5 52.5
23.5 53.5
24.5 9.5
24.5 46.5
24.5 47.5
28.5 61.5
28.5 62.5
29.5 18.5
29.5 19.5
29.5 30.5
29.5 55.5
29.5 56.5
29.5 61.5
29.5 62.5
30.5 13.5
30.5 18.5
30.5 19.5
30.5 30.5
30.5 35.5
30.5 36.5
30.5 43.5
30.5 44.5
30.5 55.5
31.5 13.5
31.5 43.5
31.5 44.5
33.5 25.5
33.5 26.5
33.5 27.5
33.5 64.5
33.5 65.5
34.5 10.5
34.5 11.5
34.5 25.5
34.5 26.5
34.5 37.5
34.5 38.5
34.5 64.5
34.5 65.5
34.5 66.5
35.5 10.5
35.5 46.5
35.5 47.5
35.5 48.5
35.5 52.5
35.5 53.5
35.5 54.5
36.5 46.5
36.5 47.5
36.5 48.5
36.5 53.5
40.5 13.5
41.5 12.5
41.5 13.5
41.5 14.5
41.5 18.5
41.5 29.5
41.5 30.5
41.5 37.5
41.5 38.5
41.5 61.5
42.5 12.5
42.5 13.5
42.5 18.5
42.5 28.5
42.5 29.5
42.5 37.5
42.5 38.5
42.5 43.5
42.5 61.5
42.5 62.5
42.5 63.5
43.5 28.5
43.5 43.5
43.5 44.5
43.5 55.5
43.5 56.5
43.5 57.5
43.5 62.5
44.5 44.5
45.5 9.5
45.5 10.5
45.5 35.5
46.5 8.5
46.5 9.5
46.5 10.5
46.5 19.5
46.5 20.5
46.5 25.5
46.5 26.5
46.5 35.5
46.5 65.5
46.5 66.5
47.5 19.5
47.5 20.5
47.5 24.5
47.5 25.5
47.5 26.5
47.5 65.5
47.5 66.5
48.5 46.5
48.5 47.5
48.5 53.5
48.5 54.5
49.5 46.5
49.5 47.5
49.5 52.5
49.5 53.5
53.5 37.5
54.5 12.5
54.5 13.5
54.5 14.5
54.5 18.5
54.5 37.5
54.5 38.5
54.5 42.5
54.5 65.5
54.5 66.5
55.5 12.5
55.5 13.5
55.5 17.5
55.5 18.5
55.5 28.5
55.5 29.5
55.5 30.5
55.5 42.5
55.5 43.5
55.5 44.5
55.5 55.5
55.5 56.5
55.5 64.5
55.5 65.5
55.5 66.5
56.5 28.5
56.5 29.5
56.5 55.5
56.5 56.5
58.5 34.5
58.5 35.5
59.5 9.5
59.5 10.5
59.5 34.5
59.5 35.5
59.5 45.5
59.5 46.5
59.5 53.5
59.5 62.5
59.5 63.5
60.5 8.5
60.5 9.5
60.5 10.5
60.5 20.5
60.5 21.5
60.5 22.5
60.5 26.5
60.5 46.5
60.5 47.5
60.5 52.5
60.5 53.5
60.5 62.5
61.5 26.5
