5.5 23.5
5.5 24.5
6.5 12.5
6.5 13.5
6.5 22.5
6.5 23.5
6.5 24.5
6.5 25.5
6.5 29.5
6.5 30.5
6.5 31.5
6.5 43.5
6.5 44.5
6.5 52.5
6.5 53.5
6.5 54.5
6.5 63.5
6.5 64.5
6.5 65.5
7.5 11.5
7.5 12.5
7.5 13.5
7.5 14.5
7.5 21.5
7.5 22.5
7.5 23.5
7.5 24.5
7.5 25.5
7.5 28.5
7.5 29.5
7.5 30.5
7.5 31.5
7.5 42.5
7.5 43.5
7.5 44.5
7.5 45.5
7.5 52.5
7.5 53.5
7.5 54.5
7.5 55.5
7.5 62.5
7.5 63.5
7.5 64.5
7.5 65.5
7.5 66.5
8.5 11.5
8.5 12.5
8.5 13.5
8.5 21.5
8.5 22.5
8.5 23.5
8.5 24.5
8.5 29.5
8.5 30.5
8.5 31.5
8.5 41.5
8.5 42.5
8.5 43.5
8.5 44.5
8.5 45.5
8.5 52.5
8.5 53.5
8.5 54.5
8.5 62.5
8.5 63.5
8.5 64.5
8.5 65.5
9.5 12.5
9.5 42.5
9.5 43.5
9.5 44.5
9.5 53.5
9.5 63.5
11.5 9.5
11.5 10.5
11.5 18.5
11.5 19.5
11.5 20.5
11.5 21.5
11.5 32.5
11.5 33.5
11.5 50.5
11.5 59.5
11.5 60.5
11.5 61.5
11.5 62.5
12.5 8.5
12.5 9.5
12.5 10.5
12.5 11.5
12.5 17.5
12.5 18.5
12.5 19.5
12.5 20.5
12.5 21.5
12.5 31.5
12.5 32.5
12.5 33.5
12.5 34.5
12.5 38.5
12.5 39.5
12.5 40.5
12.5 41.5
12.5 48.5
12.5 49.5
12.5 50.5
12.5 51.5
12.5 59.5
12.5 60.5
12.5 61.5
12.5 62.5
13.5 8.5
13.5 9.5
13.5 10.5
13.5 17.5
13.5 18.5
13.5 19.5
13.5 20.5
13.5 32.5
13.5 33.5
13.5 34.5
13.5 35.5
13.5 38.5
13.5 39.5
13.5 40.5
13.5 41.5
13.5 48.5
13.5 49.5
13.5 50.5
13.5 51.5
13.5 58.5
13.5 59.5
13.5 60.5
13.5 61.5
13.5 62.5
14.5 8.5
14.5 9.5
14.5 33.5
14.5 34.5
14.5 38.5
14.5 39.5
14.5 40.5
14.5 48.5
14.5 49.5
14.5 50.5
14.5 51.5
14.5 59.5
14.5 60.5
21.5 8.5
21.5 9.5
21.5 10.5
21.5 22.5
21.5 23.5
21.5 24.5
21.5 28.5
21.5 29.5
21.5 30.5
21.5 53.5
21.5 54.5
21.5 59.5
21.5 60.5
21.5 61.5
22.5 8.5
22.5 9.5
22.5 10.5
22.5 21.5
22.5 22.5
22.5 23.5
22.5 24.5
22.5 28.5
22.5 29.5
22.5 30.5
22.5 31.5
22.5 38.5
22.5 39.5
22.5 40.5
22.5 41.5
22.5 52.5
22.5 53.5
22.5 54.5
22.5 55.5
22.5 59.5
22.5 60.5
22.5 61.5
22.5 62.5
23.5 8.5
23.5 9.5
23.5 10.5
23.5 21.5
23.5 22.5
23.5 23.5
23.5 24.5
23.5 28.5
23.5 29.5
23.5 30.5
23.5 31.5
23.5 38.5
23.5 39.5
23.5 40.5
23.5 41.5
23.5 52.5
23.5 53.5
23.5 54.5
23.5 59.5
23.5 60.5
23.5 61.5
23.5 62.5
24.5 9.5
24.5 10.5
24.5 22.5
24.5 30.5
24.5 39.5
24.5 40.5
24.5 41.5
24.5 52.5
24.5 53.5
24.5 61.5
26.5 32.5
26.5 33.5
26.5 50.5
26.5 51.5
26.5 63.5
26.5 64.5
26.5 65.5
27.5 11.5
27.5 12.5
27.5 13.5
27.5 14.5
27.5 18.5
27.5 19.5
27.5 20.5
27.5 21.5
27.5 31.5
27.5 32.5
27.5 33.5
27.5 34.5
27.5 41.5
27.5 42.5
27.5 43.5
27.5 44.5
27.5 49.5
27.5 50.5
27.5 51.5
27.5 62.5
27.5 63.5
27.5 64.5
27.5 65.5
27.5 66.5
28.5 11.5
28.5 12.5
28.5 13.5
28.5 14.5
28.5 15.5
28.5 18.5
28.5 19.5
28.5 20.5
28.5 21.5
28.5 32.5
28.5 33.5
28.5 34.5
28.5 35.5
28.5 42.5
28.5 43.5
28.5 44.5
28.5 45.5
28.5 48.5
28.5 49.5
28.5 50.5
28.5 51.5
28.5 63.5
28.5 64.5
28.5 65.5
28.5 66.5
29.5 12.5
29.5 13.5
29.5 14.5
29.5 18.5
29.5 19.5
29.5 20.5
29.5 21.5
29.5 33.5
29.5 34.5
29.5 42.5
29.5 43.5
29.5 44.5
29.5 49.5
29.5 50.5
29.5 65.5
36.5 32.5
36.5 33.5
36.5 34.5
36.5 39.5
36.5 40.5
36.5 49.5
36.5 50.5
36.5 51.5
36.5 63.5
36.5 64.5
36.5 65.5
37.5 8.5
37.5 9.5
37.5 10.5
37.5 11.5
37.5 22.5
37.5 23.5
37.5 24.5
37.5 32.5
37.5 33.5
37.5 34.5
37.5 35.5
37.5 38.5
37.5 39.5
37.5 40.5
37.5 41.5
37.5 49.5
37.5 50.5
37.5 51.5
37.5 52.5
37.5 63.5
37.5 64.5
37.5 65.5
37.5 66.5
38.5 8.5
38.5 9.5
38.5 10.5
38.5 11.5
38.5 21.5
38.5 22.5
38.5 23.5
38.5 24.5
38.5 25.5
38.5 32.5
38.5 33.5
38.5 34.5
38.5 39.5
38.5 40.5
38.5 41.5
38.5 49.5
38.5 50.5
38.5 51.5
38.5 62.5
38.5 63.5
38.5 64.5
38.5 65.5
39.5 9.5
39.5 10.5
39.5 11.5
39.5 12.5
39.5 21.5
39.5 22.5
39.5 23.5
39.5 24.5
39.5 33.5
39.5 40.5
39.5 41.5
39.5 63.5
39.5 64.5
41.5 29.5
41.5 30.5
41.5 31.5
41.5 42.5
41.5 43.5
41.5 44.5
41.5 53.5
41.5 54.5
41.5 61.5
42.5 12.5
42.5 13.5
42.5 14.5
42.5 19.5
42.5 20.5
42.5 21.5
42.5 28.5
42.5 29.5
42.5 30.5
42.5 31.5
42.5 42.5
42.5 43.5
42.5 44.5
42.5 45.5
42.5 52.5
42.5 53.5
42.5 54.5
42.5 55.5
42.5 59.5
42.5 60.5
42.5 61.5
42.5 62.5
43.5 12.5
43.5 13.5
43.5 14.5
43.5 18.5
43.5 19.5
43.5 20.5
43.5 21.5
43.5 28.5
43.5 29.5
43.5 30.5
43.5 31.5
43.5 42.5
43.5 43.5
43.5 44.5
43.5 45.5
43.5 52.5
43.5 53.5
43.5 54.5
43.5 55.5
43.5 56.5
43.5 59.5
43.5 60.5
43.5 61.5
43.5 62.5
44.5 12.5
44.5 13.5
44.5 14.5
44.5 18.5
44.5 19.5
44.5 20.5
44.5 28.5
44.5 29.5
44.5 30.5
44.5 53.5
44.5 54.5
44.5 55.5
44.5 59.5
44.5 60.5
44.5 61.5
44.5 62.5
51.5 13.5
51.5 43.5
51.5 44.5
51.5 45.5
52.5 11.5
52.5 12.5
52.5 13.5
52.5 14.5
52.5 17.5
52.5 18.5
52.5 19.5
52.5 20.5
52.5 28.5
52.5 29.5
52.5 30.5
52.5 31.5
52.5 42.5
52.5 43.5
52.5 44.5
52.5 45.5
52.5 49.5
52.5 50.5
52.5 51.5
52.5 63.5
52.5 64.5
52.5 65.5
53.5 11.5
53.5 12.5
53.5 13.5
53.5 14.5
53.5 17.5
53.5 18.5
53.5 19.5
53.5 20.5
53.5 28.5
53.5 29.5
53.5 30.5
53.5 31.5
53.5 42.5
53.5 43.5
53.5 44.5
53.5 45.5
53.5 49.5
53.5 50.5
53.5 51.5
53.5 52.5
53.5 62.5
53.5 63.5
53.5 64.5
53.5 65.5
53.5 66.5
54.5 12.5
54.5 13.5
54.5 18.5
54.5 19.5
54.5 20.5
54.5 28.5
54.5 29.5
54.5 30.5
54.5 31.5
54.5 43.5
54.5 44.5
54.5 49.5
54.5 50.5
54.5 51.5
54.5 52.5
54.5 62.5
54.5 63.5
54.5 64.5
54.5 65.5
57.5 8.5
57.5 9.5
57.5 10.5
57.5 21.5
57.5 22.5
57.5 23.5
57.5 32.5
57.5 33.5
57.5 34.5
57.5 39.5
57.5 40.5
57.5 41.5
57.5 53.5
57.5 54.5
57.5 60.5
57.5 61.5
58.5 7.5
58.5 8.5
58.5 9.5
58.5 10.5
58.5 20.5
58.5 21.5
58.5 22.5
58.5 23.5
58.5 24.5
58.5 31.5
58.5 32.5
58.5 33.5
58.5 34.5
58.5 35.5
58.5 38.5
58.5 39.5
58.5 40.5
58.5 41.5
58.5 42.5
58.5 52.5
58.5 53.5
58.5 54.5
58.5 55.5
58.5 59.5
58.5 60.5
58.5 61.5
58.5 62.5
59.5 8.5
59.5 9.5
59.5 21.5
59.5 22.5
59.5 23.5
59.5 24.5
59.5 32.5
59.5 33.5
59.5 34.5
59.5 35.5
59.5 38.5
59.5 39.5
59.5 40.5
59.5 41.5
59.5 53.5
59.5 54.5
59.5 55.5
59.5 59.5
59.5 60.5
59.5 61.5
60.5 22.5
60.5 23.5
60.5 33.5
60.5 34.5
60.5 39.5
60.5 40.5
60.5 54.5
60.5 55.5
