3.5 51.5
4.5 51.5
4.5 61.5
5.5 26.5
5.5 39.5
5.5 51.5
5.5 52.5
5.5 60.5
5.5 61.5
6.5 15.5
6.5 26.5
6.5 27.5
6.5 39.5
6.5 40.5
6.5 51.5
6.5 52.5
6.5 59.5
6.5 60.5
6.5 61.5
7.5 15.5
7.5 16.5
7.5 27.5
7.5 28.5
7.5 39.5
7.5 40.5
7.5 51.5
7.5 52.5
7.5 59.5
7.5 60.5
8.5 15.5
8.5 16.5
8.5 27.5
8.5 28.5
8.5 39.5
8.5 40.5
8.5 41.5
8.5 51.5
8.5 52.5
8.5 58.5
8.5 59.5
8.5 60.5
9.5 15.5
9.5 16.5
9.5 17.5
9.5 27.5
9.5 28.5
9.5 39.5
9.5 40.5
9.5 41.5
9.5 52.5
9.5 53.5
9.5 58.5
9.5 59.5
9.5 60.5
10.5 16.5
10.5 17.5
10.5 28.5
10.5 29.5
10.5 40.5
10.5 41.5
10.5 52.5
10.5 58.5
10.5 59.5
11.5 16.5
11.5 17.5
11.5 28.5
11.5 29.5
11.5 40.5
11.5 41.5
11.5 47.5
11.5 58.5
12.5 16.5
12.5 17.5
12.5 29.5
12.5 41.5
12.5 47.5
13.5 17.5
13.5 18.5
13.5 23.5
13.5 34.5
13.5 35.5
13.5 47.5
13.5 48.5
13.5 64.5
14.5 10.5
14.5 17.5
14.5 18.5
14.5 23.5
14.5 24.5
14.5 34.5
14.5 35.5
14.5 36.5
14.5 47.5
14.5 48.5
14.5 63.5
14.5 64.5
15.5 10.5
15.5 11.5
15.5 23.5
15.5 24.5
15.5 35.5
15.5 36.5
15.5 47.5
15.5 48.5
15.5 63.5
15.5 64.5
16.5 10.5
16.5 11.5
16.5 12.5
16.5 23.5
16.5 24.5
16.5 35.5
16.5 36.5
16.5 48.5
16.5 62.5
16.5 63.5
16.5 64.5
17.5 11.5
17.5 12.5
17.5 24.5
17.5 25.5
17.5 35.5
17.5 36.5
17.5 37.5
17.5 48.5
17.5 49.5
17.5 62.5
17.5 63.5
17.5 64.5
18.5 11.5
18.5 12.5
18.5 13.5
18.5 24.5
18.5 25.5
18.5 36.5
18.5 37.5
18.5 48.5
18.5 62.5
18.5 63.5
19.5 11.5
19.5 12.5
19.5 13.5
19.5 24.5
19.5 25.5
19.5 36.5
19.5 37.5
19.5 62.5
19.5 63.5
20.5 12.5
20.5 13.5
20.5 25.5
20.5 62.5
21.5 12.5
21.5 13.5
21.5 25.5
22.5 13.5
25.5 48.5
25.5 49.5
26.5 38.5
26.5 39.5
26.5 48.5
26.5 49.5
26.5 59.5
26.5 60.5
27.5 39.5
27.5 40.5
27.5 48.5
27.5 49.5
27.5 59.5
27.5 60.5
28.5 27.5
28.5 39.5
28.5 40.5
28.5 47.5
28.5 48.5
28.5 59.5
28.5 60.5
29.5 14.5
29.5 15.5
29.5 27.5
29.5 28.5
29.5 39.5
29.5 40.5
29.5 41.5
29.5 47.5
29.5 48.5
29.5 58.5
29.5 59.5
29.5 60.5
30.5 14.5
30.5 15.5
30.5 16.5
30.5 27.5
30.5 28.5
30.5 40.5
30.5 41.5
30.5 47.5
30.5 48.5
30.5 58.5
30.5 59.5
30.5 60.5
31.5 14.5
31.5 15.5
31.5 16.5
31.5 27.5
31.5 28.5
31.5 29.5
31.5 41.5
31.5 42.5
31.5 47.5
31.5 53.5
31.5 58.5
31.5 59.5
32.5 15.5
32.5 16.5
32.5 17.5
32.5 28.5
32.5 29.5
32.5 41.5
32.5 42.5
32.5 47.5
32.5 52.5
32.5 53.5
32.5 58.5
32.5 59.5
33.5 16.5
33.5 17.5
33.5 28.5
33.5 29.5
33.5 34.5
33.5 35.5
33.5 52.5
33.5 53.5
33.5 58.5
34.5 9.5
34.5 10.5
34.5 17.5
34.5 28.5
34.5 29.5
34.5 34.5
34.5 35.5
34.5 36.5
34.5 52.5
34.5 53.5
34.5 64.5
35.5 9.5
35.5 10.5
35.5 23.5
35.5 35.5
35.5 36.5
35.5 51.5
35.5 52.5
35.5 63.5
35.5 64.5
36.5 9.5
36.5 10.5
36.5 11.5
36.5 23.5
36.5 24.5
36.5 35.5
36.5 36.5
36.5 37.5
36.5 51.5
36.5 52.5
36.5 63.5
37.5 10.5
37.5 11.5
37.5 23.5
37.5 24.5
37.5 35.5
37.5 36.5
37.5 37.5
37.5 51.5
37.5 52.5
37.5 62.5
37.5 63.5
38.5 10.5
38.5 11.5
38.5 12.5
38.5 23.5
38.5 24.5
38.5 25.5
38.5 36.5
38.5 37.5
38.5 51.5
38.5 62.5
38.5 63.5
39.5 11.5
39.5 12.5
39.5 24.5
39.5 25.5
39.5 37.5
39.5 38.5
39.5 51.5
39.5 62.5
40.5 25.5
45.5 51.5
46.5 13.5
46.5 14.5
46.5 24.5
46.5 25.5
46.5 39.5
46.5 51.5
46.5 61.5
47.5 13.5
47.5 14.5
47.5 23.5
47.5 24.5
47.5 25.5
47.5 39.5
47.5 40.5
47.5 51.5
47.5 52.5
47.5 61.5
47.5 62.5
48.5 13.5
48.5 14.5
48.5 15.5
48.5 23.5
48.5 24.5
48.5 38.5
48.5 39.5
48.5 40.5
48.5 51.5
48.5 52.5
48.5 61.5
48.5 62.5
49.5 14.5
49.5 15.5
49.5 16.5
49.5 23.5
49.5 24.5
49.5 39.5
49.5 40.5
49.5 51.5
49.5 52.5
49.5 62.5
50.5 14.5
50.5 15.5
50.5 16.5
50.5 22.5
50.5 23.5
50.5 24.5
50.5 39.5
50.5 40.5
50.5 51.5
50.5 52.5
50.5 62.5
50.5 63.5
51.5 15.5
51.5 16.5
51.5 22.5
51.5 23.5
51.5 39.5
51.5 40.5
51.5 52.5
51.5 63.5
52.5 16.5
52.5 22.5
52.5 39.5
52.5 40.5
52.5 41.5
52.5 52.5
52.5 58.5
52.5 63.5
53.5 9.5
53.5 10.5
53.5 28.5
53.5 33.5
53.5 40.5
53.5 46.5
53.5 47.5
53.5 52.5
53.5 58.5
54.5 10.5
54.5 11.5
54.5 27.5
54.5 28.5
54.5 33.5
54.5 34.5
54.5 40.5
54.5 46.5
54.5 47.5
54.5 58.5
54.5 59.5
55.5 10.5
55.5 11.5
55.5 27.5
55.5 28.5
55.5 33.5
55.5 34.5
55.5 46.5
55.5 47.5
55.5 58.5
55.5 59.5
56.5 10.5
56.5 11.5
56.5 12.5
56.5 26.5
56.5 27.5
56.5 33.5
56.5 34.5
56.5 35.5
56.5 46.5
56.5 47.5
56.5 48.5
56.5 58.5
56.5 59.5
57.5 11.5
57.5 12.5
57.5 26.5
57.5 27.5
57.5 34.5
57.5 35.5
57.5 46.5
57.5 47.5
57.5 48.5
57.5 58.5
57.5 59.5
58.5 11.5
58.5 12.5
58.5 25.5
58.5 26.5
58.5 34.5
58.5 35.5
58.5 47.5
58.5 48.5
58.5 58.5
58.5 59.5
59.5 12.5
59.5 25.5
59.5 35.5
59.5 47.5
59.5 48.5
59.5 59.5
60.5 12.5
60.5 35.5
60.5 47.5
60.5 48.5
