4.5 38.5
4.5 39.5
4.5 57.5
4.5 58.5
4.5 59.5
5.5 16.5
5.5 17.5
5.5 18.5
5.5 19.5
5.5 38.5
5.5 39.5
5.5 40.5
5.5 41.5
5.5 57.5
5.5 58.5
5.5 59.5
5.5 60.5
6.5 15.5
6.5 16.5
6.5 17.5
6.5 18.5
6.5 19.5
6.5 20.5
6.5 21.5
6.5 38.5
6.5 39.5
6.5 40.5
6.5 41.5
6.5 42.5
6.5 58.5
6.5 59.5
6.5 60.5
6.5 61.5
7.5 16.5
7.5 17.5
7.5 18.5
7.5 19.5
7.5 20.5
7.5 21.5
7.5 22.5
7.5 39.5
7.5 40.5
7.5 41.5
7.5 42.5
7.5 59.5
7.5 60.5
7.5 61.5
7.5 62.5
8.5 18.5
8.5 19.5
8.5 20.5
8.5 21.5
8.5 22.5
8.5 40.5
8.5 41.5
8.5 42.5
8.5 43.5
8.5 60.5
8.5 61.5
8.5 62.5
9.5 30.5
9.5 41.5
9.5 42.5
9.5 43.5
9.5 62.5
10.5 9.5
10.5 10.5
10.5 11.5
10.5 30.5
10.5 31.5
10.5 32.5
10.5 50.5
10.5 51.5
10.5 52.5
11.5 10.5
11.5 11.5
11.5 12.5
11.5 13.5
11.5 30.5
11.5 31.5
11.5 32.5
11.5 33.5
11.5 34.5
11.5 50.5
11.5 51.5
11.5 52.5
11.5 53.5
11.5 54.5
12.5 11.5
12.5 12.5
12.5 13.5
12.5 14.5
12.5 31.5
12.5 32.5
12.5 33.5
12.5 34.5
12.5 51.5
12.5 52.5
12.5 53.5
12.5 54.5
12.5 55.5
13.5 13.5
13.5 14.5
13.5 15.5
13.5 32.5
13.5 33.5
13.5 34.5
13.5 35.5
13.5 52.5
13.5 53.5
13.5 54.5
13.5 55.5
13.5 56.5
14.5 33.5
14.5 34.5
14.5 35.5
14.5 53.5
14.5 54.5
14.5 55.5
14.5 56.5
14.5 57.5
15.5 55.5
15.5 56.5
19.5 14.5
19.5 15.5
20.5 13.5
20.5 14.5
20.5 15.5
21.5 12.5
21.5 13.5
21.5 14.5
21.5 15.5
21.5 33.5
21.5 34.5
21.5 35.5
21.5 56.5
21.5 57.5
21.5 58.5
21.5 59.5
22.5 11.5
22.5 12.5
22.5 13.5
22.5 14.5
22.5 31.5
22.5 32.5
22.5 33.5
22.5 34.5
22.5 35.5
22.5 56.5
22.5 57.5
22.5 58.5
22.5 59.5
22.5 60.5
22.5 61.5
23.5 11.5
23.5 12.5
23.5 13.5
23.5 14.5
23.5 30.5
23.5 31.5
23.5 32.5
23.5 33.5
23.5 34.5
23.5 35.5
23.5 58.5
23.5 59.5
23.5 60.5
23.5 61.5
23.5 62.5
24.5 11.5
24.5 12.5
24.5 13.5
24.5 30.5
24.5 31.5
24.5 32.5
24.5 33.5
24.5 34.5
25.5 30.5
25.5 31.5
25.5 32.5
25.5 49.5
25.5 50.5
25.5 51.5
25.5 52.5
26.5 20.5
26.5 21.5
26.5 22.5
26.5 23.5
26.5 41.5
26.5 42.5
26.5 50.5
26.5 51.5
26.5 52.5
26.5 53.5
26.5 54.5
27.5 19.5
27.5 20.5
27.5 21.5
27.5 22.5
27.5 39.5
27.5 40.5
27.5 41.5
27.5 42.5
27.5 52.5
27.5 53.5
27.5 54.5
27.5 55.5
28.5 18.5
28.5 19.5
28.5 20.5
28.5 21.5
28.5 22.5
28.5 38.5
28.5 39.5
28.5 40.5
28.5 41.5
29.5 17.5
29.5 18.5
29.5 19.5
29.5 20.5
29.5 21.5
29.5 37.5
29.5 38.5
29.5 39.5
30.5 17.5
30.5 18.5
30.5 19.5
30.5 20.5
33.5 55.5
34.5 35.5
34.5 36.5
34.5 37.5
34.5 53.5
34.5 54.5
34.5 55.5
34.5 56.5
35.5 33.5
35.5 34.5
35.5 35.5
35.5 52.5
35.5 53.5
35.5 54.5
35.5 55.5
36.5 18.5
36.5 19.5
36.5 20.5
36.5 21.5
36.5 22.5
36.5 31.5
36.5 32.5
36.5 33.5
36.5 52.5
36.5 53.5
36.5 54.5
36.5 55.5
37.5 20.5
37.5 21.5
37.5 22.5
37.5 23.5
37.5 24.5
37.5 51.5
37.5 52.5
37.5 53.5
37.5 54.5
38.5 41.5
38.5 42.5
38.5 51.5
38.5 52.5
38.5 53.5
39.5 38.5
39.5 39.5
39.5 40.5
39.5 41.5
39.5 42.5
39.5 43.5
39.5 44.5
39.5 62.5
40.5 11.5
40.5 12.5
40.5 13.5
40.5 14.5
40.5 15.5
40.5 16.5
40.5 38.5
40.5 39.5
40.5 40.5
40.5 41.5
40.5 42.5
40.5 43.5
40.5 44.5
40.5 60.5
40.5 61.5
40.5 62.5
40.5 63.5
41.5 10.5
41.5 11.5
41.5 12.5
41.5 13.5
41.5 14.5
41.5 15.5
41.5 16.5
41.5 17.5
41.5 38.5
41.5 39.5
41.5 40.5
41.5 41.5
41.5 42.5
41.5 43.5
41.5 60.5
41.5 61.5
41.5 62.5
41.5 63.5
42.5 11.5
42.5 12.5
42.5 13.5
42.5 14.5
42.5 15.5
42.5 59.5
42.5 60.5
42.5 61.5
42.5 62.5
43.5 58.5
43.5 59.5
43.5 60.5
43.5 61.5
43.5 62.5
44.5 58.5
44.5 59.5
44.5 60.5
44.5 61.5
45.5 59.5
45.5 60.5
48.5 17.5
48.5 18.5
48.5 36.5
48.5 37.5
49.5 16.5
49.5 17.5
49.5 18.5
49.5 19.5
49.5 20.5
49.5 21.5
49.5 33.5
49.5 34.5
49.5 35.5
49.5 36.5
49.5 37.5
49.5 38.5
50.5 16.5
50.5 17.5
50.5 18.5
50.5 19.5
50.5 20.5
50.5 21.5
50.5 22.5
50.5 32.5
50.5 33.5
50.5 34.5
50.5 35.5
50.5 36.5
50.5 37.5
51.5 17.5
51.5 18.5
51.5 19.5
51.5 20.5
51.5 21.5
51.5 22.5
51.5 23.5
51.5 31.5
51.5 32.5
51.5 33.5
51.5 34.5
51.5 35.5
51.5 36.5
51.5 37.5
51.5 59.5
51.5 60.5
52.5 18.5
52.5 19.5
52.5 20.5
52.5 21.5
52.5 22.5
52.5 23.5
52.5 31.5
52.5 32.5
52.5 33.5
52.5 34.5
52.5 35.5
52.5 36.5
52.5 59.5
52.5 60.5
52.5 61.5
52.5 62.5
53.5 20.5
53.5 21.5
53.5 22.5
53.5 31.5
53.5 32.5
53.5 33.5
53.5 34.5
53.5 60.5
53.5 61.5
53.5 62.5
53.5 63.5
54.5 61.5
54.5 62.5
54.5 63.5
54.5 64.5
56.5 9.5
56.5 10.5
56.5 11.5
56.5 12.5
56.5 43.5
56.5 44.5
56.5 45.5
56.5 52.5
56.5 53.5
56.5 54.5
56.5 55.5
57.5 10.5
57.5 11.5
57.5 12.5
57.5 13.5
57.5 40.5
57.5 41.5
57.5 42.5
57.5 43.5
57.5 44.5
57.5 45.5
57.5 53.5
57.5 54.5
57.5 55.5
57.5 56.5
58.5 11.5
58.5 12.5
58.5 13.5
58.5 14.5
58.5 15.5
58.5 39.5
58.5 40.5
58.5 41.5
58.5 42.5
58.5 43.5
58.5 44.5
58.5 54.5
58.5 55.5
58.5 56.5
58.5 57.5
59.5 12.5
59.5 13.5
59.5 14.5
59.5 15.5
59.5 16.5
59.5 38.5
59.5 39.5
59.5 40.5
59.5 41.5
59.5 42.5
59.5 43.5
59.5 55.5
59.5 56.5
59.5 57.5
60.5 14.5
60.5 15.5
60.5 16.5
60.5 38.5
60.5 39.5
60.5 40.5
60.5 57.5
