4.5 14.5
4.5 45.5
4.5 46.5
5.5 14.5
5.5 15.5
5.5 39.5
5.5 40.5
5.5 46.5
5.5 47.5
5.5 63.5
5.5 64.5
5.5 65.5
6.5 15.5
6.5 27.5
6.5 28.5
6.5 38.5
6.5 39.5
6.5 46.5
6.5 47.5
6.5 48.5
6.5 63.5
6.5 64.5
7.5 15.5
7.5 26.5
7.5 27.5
7.5 37.5
7.5 38.5
7.5 48.5
7.5 62.5
7.5 63.5
8.5 23.5
9.5 21.5
9.5 22.5
9.5 23.5
9.5 35.5
9.5 50.5
9.5 51.5
9.5 60.5
10.5 20.5
10.5 21.5
10.5 22.5
10.5 34.5
10.5 35.5
10.5 50.5
10.5 51.5
10.5 52.5
10.5 59.5
10.5 60.5
11.5 9.5
11.5 10.5
11.5 11.5
11.5 20.5
11.5 34.5
11.5 35.5
11.5 51.5
11.5 52.5
11.5 58.5
11.5 59.5
11.5 60.5
12.5 34.5
16.5 20.5
17.5 20.5
17.5 21.5
17.5 34.5
17.5 46.5
17.5 47.5
17.5 58.5
18.5 13.5
18.5 14.5
18.5 20.5
18.5 21.5
18.5 34.5
18.5 35.5
18.5 46.5
18.5 47.5
18.5 48.5
18.5 58.5
18.5 59.5
18.5 60.5
19.5 12.5
19.5 13.5
19.5 21.5
19.5 35.5
19.5 36.5
19.5 48.5
19.5 59.5
19.5 60.5
20.5 60.5
20.5 61.5
21.5 25.5
21.5 26.5
21.5 38.5
21.5 39.5
21.5 50.5
21.5 51.5
22.5 25.5
22.5 26.5
22.5 39.5
22.5 40.5
22.5 50.5
22.5 51.5
22.5 52.5
22.5 63.5
22.5 64.5
22.5 65.5
23.5 11.5
23.5 26.5
23.5 27.5
23.5 40.5
23.5 51.5
23.5 52.5
23.5 64.5
23.5 65.5
24.5 10.5
24.5 11.5
24.5 65.5
28.5 21.5
29.5 21.5
29.5 22.5
30.5 12.5
30.5 13.5
30.5 14.5
30.5 21.5
30.5 22.5
30.5 38.5
30.5 39.5
30.5 40.5
30.5 50.5
30.5 51.5
30.5 52.5
30.5 64.5
30.5 65.5
31.5 22.5
31.5 37.5
31.5 38.5
31.5 39.5
31.5 50.5
31.5 51.5
31.5 63.5
31.5 64.5
32.5 50.5
32.5 62.5
32.5 63.5
34.5 10.5
34.5 11.5
34.5 24.5
34.5 25.5
34.5 47.5
34.5 48.5
34.5 59.5
35.5 9.5
35.5 10.5
35.5 24.5
35.5 25.5
35.5 26.5
35.5 34.5
35.5 35.5
35.5 45.5
35.5 46.5
35.5 47.5
35.5 58.5
35.5 59.5
36.5 25.5
36.5 26.5
36.5 32.5
36.5 33.5
36.5 34.5
36.5 35.5
36.5 44.5
36.5 45.5
36.5 46.5
36.5 57.5
36.5 58.5
36.5 59.5
37.5 32.5
37.5 33.5
42.5 8.5
42.5 9.5
42.5 45.5
43.5 8.5
43.5 9.5
43.5 10.5
43.5 22.5
43.5 23.5
43.5 37.5
43.5 45.5
43.5 46.5
43.5 58.5
43.5 59.5
44.5 9.5
44.5 20.5
44.5 21.5
44.5 22.5
44.5 23.5
44.5 36.5
44.5 37.5
44.5 45.5
44.5 46.5
44.5 58.5
44.5 59.5
44.5 60.5
45.5 21.5
45.5 36.5
45.5 50.5
46.5 12.5
46.5 50.5
46.5 51.5
46.5 63.5
47.5 12.5
47.5 13.5
47.5 14.5
47.5 34.5
47.5 35.5
47.5 50.5
47.5 51.5
47.5 63.5
47.5 64.5
48.5 13.5
48.5 14.5
48.5 15.5
48.5 16.5
48.5 33.5
48.5 34.5
48.5 51.5
48.5 64.5
48.5 65.5
49.5 15.5
49.5 16.5
49.5 25.5
49.5 26.5
49.5 27.5
49.5 28.5
49.5 33.5
49.5 34.5
49.5 51.5
50.5 27.5
50.5 28.5
53.5 45.5
53.5 46.5
54.5 45.5
54.5 46.5
54.5 47.5
54.5 64.5
54.5 65.5
55.5 14.5
55.5 38.5
55.5 39.5
55.5 40.5
55.5 46.5
55.5 47.5
55.5 63.5
55.5 64.5
55.5 65.5
56.5 13.5
56.5 14.5
56.5 28.5
56.5 37.5
56.5 38.5
56.5 47.5
56.5 63.5
56.5 64.5
57.5 13.5
57.5 14.5
57.5 27.5
57.5 28.5
58.5 13.5
58.5 26.5
58.5 27.5
58.5 51.5
59.5 8.5
59.5 9.5
59.5 22.5
59.5 23.5
59.5 35.5
59.5 51.5
59.5 52.5
59.5 60.5
59.5 61.5
60.5 7.5
60.5 8.5
60.5 9.5
60.5 22.5
60.5 34.5
60.5 35.5
60.5 51.5
60.5 52.5
60.5 59.5
60.5 60.5
60.5 61.5
61.5 7.5
61.5 8.5
61.5 21.5
61.5 22.5
61.5 34.5
61.5 52.5
61.5 53.5
62.5 21.5
