4.5 9.5
4.5 10.5
5.5 9.5
6.5 33.5
6.5 51.5
6.5 65.5
9.5 15.5
9.5 16.5
10.5 26.5
10.5 38.5
10.5 46.5
10.5 59.5
10.5 60.5
11.5 46.5
16.5 29.5
16.5 30.5
16.5 61.5
17.5 11.5
17.5 47.5
19.5 53.5
20.5 24.5
20.5 25.5
20.5 40.5
21.5 15.5
25.5 53.5
26.5 28.5
26.5 41.5
26.5 53.5
26.5 60.5
29.5 37.5
30.5 47.5
30.5 48.5
30.5 62.5
31.5 13.5
31.5 14.5
31.5 22.5
36.5 39.5
36.5 51.5
36.5 58.5
37.5 11.5
37.5 26.5
39.5 62.5
40.5 34.5
40.5 62.5
46.5 15.5
46.5 16.5
46.5 22.5
46.5 23.5
46.5 50.5
46.5 58.5
46.5 59.5
47.5 34.5
50.5 27.5
50.5 38.5
50.5 45.5
50.5 46.5
50.5 63.5
51.5 13.5
56.5 38.5
56.5 45.5
57.5 15.5
57.5 26.5
57.5 27.5
57.5 62.5
59.5 50.5
60.5 21.5
60.5 33.5
61.5 21.5
