5.5 11.5
5.5 16.5
5.5 43.5
5.5 61.5
6.5 26.5
6.5 34.5
9.5 8.5
9.5 40.5
10.5 31.5
10.5 64.5
14.5 50.5
15.5 16.5
16.5 11.5
17.5 23.5
20.5 26.5
25.5 34.5
25.5 39.5
25.5 54.5
26.5 16.5
26.5 65.5
28.5 42.5
28.5 47.5
29.5 9.5
29.5 31.5
29.5 56.5
30.5 18.5
30.5 24.5
30.5 61.5
34.5 39.5
35.5 34.5
36.5 62.5
39.5 41.5
39.5 65.5
40.5 10.5
40.5 26.5
40.5 56.5
46.5 24.5
46.5 34.5
46.5 39.5
46.5 57.5
47.5 8.5
47.5 46.5
50.5 26.5
50.5 41.5
50.5 49.5
51.5 11.5
56.5 57.5
57.5 18.5
58.5 9.5
59.5 49.5
60.5 15.5
60.5 23.5
60.5 32.5
60.5 62.5
