6.5 8.5
6.5 9.5
6.5 10.5
6.5 17.5
6.5 18.5
6.5 29.5
6.5 30.5
6.5 33.5
6.5 34.5
6.5 35.5
6.5 36.5
6.5 47.5
7.5 8.5
7.5 9.5
7.5 10.5
7.5 16.5
7.5 17.5
7.5 18.5
7.5 19.5
7.5 28.5
7.5 29.5
7.5 30.5
7.5 33.5
7.5 34.5
7.5 35.5
7.5 36.5
7.5 45.5
7.5 46.5
7.5 47.5
7.5 48.5
7.5 55.5
7.5 56.5
7.5 57.5
7.5 60.5
7.5 61.5
7.5 62.5
8.5 8.5
8.5 9.5
8.5 16.5
8.5 17.5
8.5 18.5
8.5 19.5
8.5 28.5
8.5 29.5
8.5 30.5
8.5 34.5
8.5 35.5
8.5 36.5
8.5 45.5
8.5 46.5
8.5 47.5
8.5 48.5
8.5 54.5
8.5 55.5
8.5 56.5
8.5 57.5
8.5 60.5
8.5 61.5
8.5 62.5
8.5 63.5
9.5 18.5
9.5 46.5
9.5 47.5
9.5 55.5
9.5 56.5
9.5 61.5
9.5 62.5
11.5 10.5
11.5 11.5
11.5 12.5
11.5 26.5
11.5 27.5
11.5 37.5
11.5 38.5
11.5 44.5
12.5 10.5
12.5 11.5
12.5 12.5
12.5 13.5
12.5 19.5
12.5 20.5
12.5 21.5
12.5 22.5
12.5 25.5
12.5 26.5
12.5 27.5
12.5 28.5
12.5 36.5
12.5 37.5
12.5 38.5
12.5 39.5
12.5 42.5
12.5 43.5
12.5 44.5
12.5 45.5
12.5 52.5
12.5 53.5
12.5 54.5
12.5 63.5
12.5 64.5
12.5 65.5
13.5 11.5
13.5 12.5
13.5 13.5
13.5 19.5
13.5 20.5
13.5 21.5
13.5 22.5
13.5 25.5
13.5 26.5
13.5 27.5
13.5 36.5
13.5 37.5
13.5 38.5
13.5 39.5
13.5 42.5
13.5 43.5
13.5 44.5
13.5 45.5
13.5 51.5
13.5 52.5
13.5 53.5
13.5 54.5
13.5 63.5
13.5 64.5
13.5 65.5
13.5 66.5
14.5 20.5
14.5 21.5
14.5 38.5
14.5 42.5
14.5 43.5
14.5 44.5
14.5 52.5
14.5 53.5
14.5 64.5
14.5 65.5
21.5 7.5
21.5 8.5
21.5 9.5
21.5 10.5
21.5 21.5
21.5 26.5
21.5 27.5
22.5 8.5
22.5 9.5
22.5 10.5
22.5 20.5
22.5 21.5
22.5 22.5
22.5 25.5
22.5 26.5
22.5 27.5
22.5 28.5
22.5 34.5
22.5 35.5
22.5 36.5
22.5 46.5
22.5 47.5
22.5 48.5
22.5 51.5
22.5 52.5
22.5 53.5
22.5 54.5
22.5 64.5
22.5 65.5
22.5 66.5
23.5 10.5
23.5 19.5
23.5 20.5
23.5 21.5
23.5 22.5
23.5 26.5
23.5 27.5
23.5 28.5
23.5 34.5
23.5 35.5
23.5 36.5
23.5 37.5
23.5 45.5
23.5 46.5
23.5 47.5
23.5 48.5
23.5 52.5
23.5 53.5
23.5 54.5
23.5 63.5
23.5 64.5
23.5 65.5
23.5 66.5
24.5 20.5
24.5 21.5
24.5 35.5
24.5 36.5
24.5 46.5
24.5 47.5
24.5 53.5
24.5 54.5
24.5 64.5
24.5 65.5
26.5 11.5
26.5 12.5
26.5 29.5
26.5 30.5
26.5 62.5
27.5 10.5
27.5 11.5
27.5 12.5
27.5 13.5
27.5 17.5
27.5 18.5
27.5 19.5
27.5 28.5
27.5 29.5
27.5 30.5
27.5 31.5
27.5 37.5
27.5 38.5
27.5 39.5
27.5 43.5
27.5 44.5
27.5 45.5
27.5 55.5
27.5 56.5
27.5 57.5
27.5 60.5
27.5 61.5
27.5 62.5
27.5 63.5
28.5 11.5
28.5 12.5
28.5 13.5
28.5 16.5
28.5 17.5
28.5 18.5
28.5 19.5
28.5 28.5
28.5 29.5
28.5 30.5
28.5 31.5
28.5 37.5
28.5 38.5
28.5 39.5
28.5 42.5
28.5 43.5
28.5 44.5
28.5 45.5
28.5 55.5
28.5 56.5
28.5 57.5
28.5 60.5
28.5 61.5
28.5 62.5
28.5 63.5
29.5 16.5
29.5 17.5
29.5 18.5
29.5 19.5
29.5 30.5
29.5 37.5
29.5 38.5
29.5 39.5
29.5 42.5
29.5 43.5
29.5 44.5
29.5 61.5
29.5 62.5
36.5 7.5
36.5 8.5
36.5 9.5
36.5 38.5
36.5 43.5
36.5 44.5
36.5 53.5
36.5 54.5
36.5 61.5
37.5 7.5
37.5 8.5
37.5 9.5
37.5 10.5
37.5 20.5
37.5 21.5
37.5 22.5
37.5 29.5
37.5 30.5
37.5 31.5
37.5 37.5
37.5 38.5
37.5 39.5
37.5 42.5
37.5 43.5
37.5 44.5
37.5 45.5
37.5 52.5
37.5 53.5
37.5 54.5
37.5 60.5
37.5 61.5
37.5 62.5
37.5 63.5
38.5 8.5
38.5 9.5
38.5 10.5
38.5 19.5
38.5 20.5
38.5 21.5
38.5 22.5
38.5 28.5
38.5 29.5
38.5 30.5
38.5 31.5
38.5 37.5
38.5 38.5
38.5 39.5
38.5 43.5
38.5 44.5
38.5 45.5
38.5 52.5
38.5 53.5
38.5 54.5
38.5 60.5
38.5 61.5
38.5 62.5
38.5 63.5
39.5 19.5
39.5 20.5
39.5 21.5
39.5 29.5
39.5 30.5
39.5 44.5
39.5 45.5
39.5 62.5
41.5 46.5
41.5 47.5
41.5 48.5
41.5 56.5
42.5 10.5
42.5 11.5
42.5 12.5
42.5 16.5
42.5 17.5
42.5 18.5
42.5 25.5
42.5 26.5
42.5 27.5
42.5 28.5
42.5 34.5
42.5 35.5
42.5 36.5
42.5 37.5
42.5 46.5
42.5 47.5
42.5 48.5
42.5 49.5
42.5 55.5
42.5 56.5
42.5 57.5
42.5 63.5
42.5 64.5
42.5 65.5
43.5 10.5
43.5 11.5
43.5 12.5
43.5 13.5
43.5 16.5
43.5 17.5
43.5 18.5
43.5 25.5
43.5 26.5
43.5 27.5
43.5 28.5
43.5 34.5
43.5 35.5
43.5 36.5
43.5 37.5
43.5 46.5
43.5 47.5
43.5 48.5
43.5 49.5
43.5 55.5
43.5 56.5
43.5 57.5
43.5 63.5
43.5 64.5
43.5 65.5
43.5 66.5
44.5 11.5
44.5 12.5
44.5 16.5
44.5 17.5
44.5 18.5
44.5 25.5
44.5 26.5
44.5 27.5
44.5 34.5
44.5 35.5
44.5 64.5
44.5 65.5
51.5 47.5
51.5 48.5
52.5 11.5
52.5 12.5
52.5 13.5
52.5 16.5
52.5 17.5
52.5 18.5
52.5 25.5
52.5 26.5
52.5 27.5
52.5 37.5
52.5 38.5
52.5 39.5
52.5 45.5
52.5 46.5
52.5 47.5
52.5 48.5
52.5 49.5
52.5 55.5
52.5 56.5
52.5 57.5
52.5 63.5
52.5 64.5
52.5 65.5
53.5 10.5
53.5 11.5
53.5 12.5
53.5 13.5
53.5 16.5
53.5 17.5
53.5 18.5
53.5 19.5
53.5 25.5
53.5 26.5
53.5 27.5
53.5 36.5
53.5 37.5
53.5 38.5
53.5 39.5
53.5 45.5
53.5 46.5
53.5 47.5
53.5 48.5
53.5 55.5
53.5 56.5
53.5 57.5
53.5 63.5
53.5 64.5
53.5 65.5
54.5 11.5
54.5 12.5
54.5 17.5
54.5 18.5
54.5 25.5
54.5 26.5
54.5 27.5
54.5 36.5
54.5 37.5
54.5 38.5
54.5 39.5
54.5 55.5
54.5 56.5
54.5 57.5
54.5 63.5
54.5 64.5
54.5 65.5
57.5 8.5
57.5 9.5
57.5 10.5
57.5 19.5
57.5 20.5
57.5 21.5
57.5 28.5
57.5 29.5
57.5 42.5
57.5 43.5
57.5 44.5
57.5 45.5
57.5 52.5
57.5 53.5
57.5 54.5
57.5 61.5
57.5 62.5
58.5 7.5
58.5 8.5
58.5 9.5
58.5 10.5
58.5 19.5
58.5 20.5
58.5 21.5
58.5 22.5
58.5 28.5
58.5 29.5
58.5 30.5
58.5 34.5
58.5 35.5
58.5 36.5
58.5 42.5
58.5 43.5
58.5 44.5
58.5 45.5
58.5 51.5
58.5 52.5
58.5 53.5
58.5 54.5
58.5 60.5
58.5 61.5
58.5 62.5
58.5 63.5
59.5 7.5
59.5 8.5
59.5 9.5
59.5 10.5
59.5 20.5
59.5 21.5
59.5 28.5
59.5 29.5
59.5 30.5
59.5 33.5
59.5 34.5
59.5 35.5
59.5 36.5
59.5 42.5
59.5 43.5
59.5 44.5
59.5 52.5
59.5 53.5
59.5 60.5
59.5 61.5
59.5 62.5
60.5 34.5
60.5 35.5
