5.5 33.5
5.5 34.5
6.5 13.5
6.5 14.5
6.5 32.5
6.5 33.5
6.5 34.5
6.5 52.5
6.5 53.5
6.5 54.5
7.5 12.5
7.5 13.5
7.5 52.5
7.5 53.5
11.5 20.5
11.5 21.5
11.5 39.5
11.5 40.5
12.5 19.5
12.5 20.5
12.5 39.5
12.5 40.5
12.5 59.5
12.5 60.5
12.5 61.5
13.5 59.5
13.5 60.5
21.5 14.5
22.5 12.5
22.5 13.5
22.5 14.5
22.5 33.5
22.5 34.5
22.5 35.5
22.5 53.5
22.5 54.5
23.5 33.5
23.5 34.5
23.5 53.5
23.5 54.5
26.5 21.5
26.5 22.5
27.5 20.5
27.5 21.5
27.5 22.5
27.5 41.5
27.5 60.5
27.5 61.5
27.5 62.5
28.5 40.5
28.5 41.5
28.5 60.5
28.5 61.5
37.5 19.5
37.5 20.5
37.5 21.5
37.5 41.5
37.5 42.5
37.5 60.5
37.5 61.5
38.5 20.5
38.5 21.5
38.5 42.5
38.5 43.5
38.5 61.5
41.5 12.5
42.5 12.5
42.5 13.5
42.5 33.5
42.5 34.5
42.5 35.5
42.5 54.5
42.5 55.5
43.5 13.5
43.5 14.5
43.5 34.5
43.5 35.5
43.5 36.5
43.5 55.5
52.5 12.5
52.5 13.5
52.5 14.5
52.5 40.5
52.5 41.5
52.5 54.5
52.5 55.5
53.5 12.5
53.5 13.5
53.5 40.5
53.5 41.5
53.5 42.5
53.5 53.5
53.5 54.5
57.5 61.5
58.5 18.5
58.5 19.5
58.5 20.5
58.5 32.5
58.5 33.5
58.5 34.5
58.5 60.5
58.5 61.5
59.5 18.5
59.5 19.5
59.5 34.5
59.5 60.5
