6.5 63.5
7.5 10.5
7.5 19.5
7.5 40.5
7.5 53.5
12.5 13.5
12.5 23.5
12.5 34.5
12.5 61.5
13.5 44.5
13.5 50.5
22.5 10.5
22.5 23.5
22.5 34.5
22.5 60.5
23.5 34.5
23.5 41.5
23.5 53.5
27.5 19.5
27.5 30.5
27.5 64.5
28.5 13.5
28.5 19.5
28.5 30.5
28.5 44.5
28.5 64.5
37.5 44.5
37.5 54.5
38.5 10.5
38.5 22.5
38.5 23.5
38.5 33.5
38.5 60.5
38.5 61.5
42.5 29.5
42.5 39.5
42.5 51.5
43.5 13.5
43.5 19.5
43.5 29.5
43.5 65.5
44.5 13.5
44.5 19.5
52.5 29.5
52.5 39.5
52.5 53.5
52.5 65.5
53.5 10.5
53.5 23.5
53.5 39.5
57.5 49.5
57.5 60.5
57.5 61.5
58.5 13.5
58.5 20.5
58.5 43.5
