4.5 14.5
4.5 15.5
4.5 26.5
4.5 27.5
4.5 34.5
4.5 35.5
4.5 50.5
5.5 14.5
5.5 15.5
5.5 16.5
5.5 26.5
5.5 27.5
5.5 33.5
5.5 34.5
5.5 35.5
5.5 51.5
5.5 52.5
5.5 59.5
5.5 60.5
6.5 58.5
6.5 59.5
7.5 9.5
7.5 10.5
7.5 11.5
7.5 22.5
7.5 23.5
7.5 46.5
7.5 64.5
8.5 10.5
8.5 11.5
8.5 22.5
8.5 23.5
8.5 24.5
8.5 38.5
8.5 39.5
8.5 46.5
8.5 47.5
8.5 48.5
8.5 62.5
8.5 63.5
9.5 37.5
9.5 38.5
9.5 39.5
9.5 47.5
9.5 48.5
12.5 10.5
12.5 11.5
13.5 9.5
13.5 10.5
13.5 25.5
13.5 26.5
13.5 27.5
13.5 47.5
13.5 48.5
13.5 59.5
13.5 60.5
13.5 61.5
14.5 27.5
14.5 33.5
14.5 34.5
14.5 35.5
14.5 45.5
14.5 46.5
14.5 59.5
14.5 60.5
15.5 15.5
15.5 22.5
15.5 52.5
15.5 53.5
16.5 13.5
16.5 14.5
16.5 15.5
16.5 22.5
16.5 23.5
16.5 38.5
16.5 39.5
16.5 50.5
16.5 51.5
16.5 52.5
16.5 53.5
16.5 64.5
16.5 65.5
17.5 37.5
17.5 63.5
17.5 64.5
17.5 65.5
18.5 64.5
21.5 10.5
21.5 11.5
21.5 22.5
21.5 23.5
21.5 37.5
21.5 38.5
21.5 39.5
21.5 46.5
21.5 47.5
21.5 48.5
22.5 9.5
22.5 10.5
22.5 11.5
22.5 22.5
22.5 23.5
22.5 38.5
22.5 39.5
22.5 46.5
22.5 47.5
22.5 48.5
23.5 64.5
23.5 65.5
24.5 14.5
24.5 15.5
24.5 16.5
24.5 26.5
24.5 27.5
24.5 33.5
24.5 34.5
25.5 14.5
25.5 15.5
25.5 26.5
25.5 27.5
25.5 34.5
25.5 35.5
25.5 51.5
25.5 52.5
25.5 53.5
25.5 59.5
25.5 60.5
25.5 61.5
26.5 60.5
26.5 61.5
30.5 11.5
30.5 12.5
30.5 23.5
30.5 24.5
30.5 37.5
30.5 38.5
30.5 39.5
30.5 46.5
30.5 47.5
30.5 48.5
31.5 10.5
31.5 11.5
31.5 12.5
31.5 22.5
31.5 23.5
31.5 38.5
31.5 39.5
31.5 45.5
31.5 46.5
31.5 47.5
31.5 62.5
31.5 63.5
31.5 64.5
32.5 63.5
32.5 64.5
33.5 16.5
33.5 27.5
33.5 33.5
33.5 34.5
33.5 51.5
33.5 52.5
34.5 15.5
34.5 16.5
34.5 26.5
34.5 27.5
34.5 33.5
34.5 34.5
34.5 35.5
34.5 50.5
34.5 51.5
34.5 58.5
34.5 59.5
35.5 25.5
35.5 26.5
35.5 34.5
35.5 59.5
35.5 60.5
39.5 34.5
39.5 35.5
39.5 46.5
39.5 47.5
39.5 48.5
40.5 14.5
40.5 15.5
40.5 16.5
40.5 26.5
40.5 33.5
40.5 34.5
40.5 45.5
40.5 46.5
40.5 47.5
40.5 59.5
40.5 60.5
41.5 58.5
41.5 59.5
42.5 21.5
42.5 22.5
42.5 23.5
42.5 37.5
42.5 38.5
42.5 39.5
42.5 51.5
42.5 52.5
43.5 10.5
43.5 11.5
43.5 22.5
43.5 23.5
43.5 37.5
43.5 38.5
43.5 50.5
43.5 51.5
43.5 52.5
43.5 63.5
43.5 64.5
44.5 11.5
47.5 25.5
47.5 37.5
48.5 13.5
48.5 14.5
48.5 25.5
48.5 26.5
48.5 37.5
48.5 38.5
48.5 39.5
48.5 50.5
48.5 51.5
48.5 63.5
48.5 64.5
49.5 14.5
49.5 15.5
49.5 39.5
49.5 51.5
49.5 52.5
49.5 63.5
49.5 64.5
49.5 65.5
50.5 21.5
50.5 32.5
50.5 33.5
51.5 21.5
51.5 22.5
51.5 33.5
51.5 34.5
51.5 45.5
51.5 46.5
51.5 47.5
51.5 59.5
52.5 9.5
52.5 10.5
52.5 11.5
52.5 47.5
52.5 48.5
52.5 59.5
52.5 60.5
52.5 61.5
53.5 10.5
53.5 11.5
56.5 22.5
56.5 23.5
56.5 35.5
57.5 11.5
57.5 21.5
57.5 22.5
57.5 34.5
57.5 35.5
57.5 36.5
57.5 47.5
57.5 48.5
57.5 62.5
57.5 63.5
57.5 64.5
58.5 10.5
58.5 11.5
58.5 34.5
58.5 35.5
58.5 46.5
58.5 47.5
58.5 48.5
58.5 63.5
58.5 64.5
59.5 27.5
59.5 28.5
59.5 46.5
59.5 47.5
60.5 14.5
60.5 15.5
60.5 26.5
60.5 27.5
60.5 28.5
60.5 40.5
60.5 59.5
60.5 60.5
61.5 14.5
61.5 27.5
61.5 39.5
61.5 40.5
61.5 51.5
61.5 52.5
61.5 53.5
61.5 60.5
62.5 39.5
62.5 40.5
62.5 51.5
