6.5 12.5
6.5 13.5
6.5 33.5
6.5 34.5
6.5 35.5
6.5 54.5
7.5 11.5
7.5 12.5
7.5 53.5
7.5 54.5
11.5 19.5
11.5 20.5
11.5 41.5
11.5 42.5
12.5 19.5
12.5 20.5
12.5 40.5
12.5 41.5
12.5 59.5
12.5 60.5
13.5 59.5
13.5 60.5
22.5 19.5
22.5 20.5
22.5 21.5
22.5 40.5
22.5 41.5
22.5 54.5
23.5 20.5
23.5 21.5
23.5 41.5
23.5 53.5
23.5 54.5
27.5 33.5
27.5 34.5
28.5 12.5
28.5 13.5
28.5 34.5
28.5 35.5
28.5 59.5
28.5 60.5
28.5 61.5
29.5 13.5
29.5 59.5
29.5 60.5
37.5 40.5
38.5 40.5
38.5 41.5
38.5 53.5
38.5 54.5
39.5 19.5
39.5 20.5
40.5 20.5
43.5 33.5
43.5 34.5
43.5 60.5
43.5 61.5
44.5 12.5
44.5 13.5
44.5 33.5
44.5 34.5
44.5 60.5
44.5 61.5
45.5 13.5
45.5 14.5
53.5 40.5
53.5 60.5
53.5 61.5
54.5 13.5
54.5 14.5
54.5 40.5
54.5 41.5
54.5 61.5
55.5 13.5
58.5 53.5
58.5 54.5
59.5 19.5
59.5 20.5
59.5 21.5
59.5 33.5
59.5 34.5
59.5 54.5
59.5 55.5
60.5 34.5
