4.5 12.5
4.5 20.5
4.5 33.5
4.5 34.5
4.5 40.5
4.5 41.5
4.5 63.5
4.5 64.5
5.5 13.5
5.5 19.5
5.5 54.5
5.5 64.5
7.5 9.5
7.5 10.5
7.5 23.5
7.5 24.5
7.5 30.5
7.5 31.5
7.5 43.5
7.5 50.5
7.5 51.5
7.5 60.5
11.5 43.5
11.5 44.5
11.5 51.5
12.5 12.5
12.5 13.5
12.5 22.5
12.5 23.5
12.5 33.5
12.5 44.5
12.5 50.5
12.5 60.5
13.5 59.5
13.5 60.5
14.5 8.5
14.5 9.5
14.5 39.5
14.5 40.5
15.5 9.5
15.5 19.5
15.5 29.5
15.5 30.5
15.5 53.5
16.5 63.5
16.5 64.5
19.5 40.5
20.5 9.5
20.5 19.5
20.5 29.5
20.5 39.5
20.5 49.5
20.5 50.5
21.5 63.5
21.5 64.5
22.5 13.5
22.5 23.5
22.5 33.5
22.5 43.5
22.5 44.5
23.5 12.5
23.5 53.5
23.5 59.5
27.5 9.5
27.5 10.5
27.5 33.5
27.5 40.5
28.5 23.5
28.5 24.5
28.5 33.5
28.5 39.5
28.5 52.5
28.5 53.5
28.5 59.5
28.5 60.5
30.5 12.5
30.5 13.5
30.5 19.5
30.5 29.5
30.5 30.5
30.5 63.5
30.5 64.5
31.5 19.5
31.5 20.5
31.5 30.5
31.5 42.5
31.5 43.5
31.5 49.5
31.5 50.5
34.5 60.5
35.5 9.5
35.5 30.5
35.5 59.5
36.5 19.5
36.5 20.5
36.5 39.5
36.5 40.5
36.5 49.5
36.5 50.5
37.5 53.5
37.5 63.5
37.5 64.5
38.5 12.5
38.5 13.5
38.5 23.5
38.5 24.5
38.5 33.5
38.5 34.5
38.5 43.5
38.5 44.5
42.5 23.5
42.5 53.5
42.5 54.5
42.5 60.5
42.5 61.5
43.5 13.5
43.5 24.5
43.5 30.5
43.5 43.5
43.5 54.5
43.5 60.5
45.5 9.5
45.5 19.5
45.5 20.5
45.5 40.5
45.5 50.5
45.5 65.5
46.5 10.5
46.5 33.5
46.5 34.5
46.5 64.5
50.5 12.5
50.5 22.5
50.5 23.5
50.5 33.5
50.5 43.5
50.5 49.5
50.5 50.5
51.5 13.5
51.5 64.5
51.5 65.5
52.5 29.5
53.5 8.5
53.5 9.5
53.5 18.5
53.5 19.5
53.5 30.5
53.5 41.5
53.5 53.5
53.5 54.5
53.5 60.5
53.5 61.5
54.5 9.5
57.5 32.5
57.5 43.5
58.5 9.5
58.5 19.5
58.5 33.5
58.5 44.5
58.5 50.5
58.5 60.5
58.5 61.5
59.5 8.5
60.5 13.5
60.5 23.5
60.5 29.5
60.5 39.5
60.5 40.5
61.5 12.5
61.5 22.5
61.5 40.5
61.5 53.5
61.5 54.5
61.5 64.5
