2.5 12.5
2.5 13.5
2.5 14.5
2.5 15.5
2.5 57.5
2.5 58.5
2.5 59.5
3.5 13.5
3.5 14.5
3.5 58.5
4.5 20.5
4.5 25.5
4.5 26.5
4.5 27.5
4.5 35.5
4.5 36.5
4.5 45.5
5.5 7.5
5.5 8.5
5.5 9.5
5.5 19.5
5.5 20.5
5.5 25.5
5.5 26.5
5.5 27.5
5.5 35.5
5.5 36.5
5.5 44.5
5.5 45.5
5.5 46.5
5.5 51.5
5.5 52.5
5.5 64.5
5.5 65.5
6.5 7.5
6.5 8.5
6.5 9.5
6.5 19.5
6.5 20.5
6.5 27.5
6.5 36.5
6.5 45.5
6.5 51.5
6.5 52.5
6.5 53.5
6.5 63.5
6.5 64.5
6.5 65.5
7.5 19.5
7.5 20.5
7.5 29.5
7.5 30.5
7.5 39.5
7.5 40.5
7.5 52.5
7.5 53.5
8.5 29.5
8.5 30.5
8.5 39.5
8.5 40.5
8.5 47.5
8.5 48.5
9.5 10.5
9.5 15.5
9.5 16.5
9.5 17.5
9.5 39.5
9.5 40.5
9.5 47.5
9.5 48.5
9.5 55.5
9.5 56.5
9.5 62.5
9.5 63.5
10.5 16.5
10.5 55.5
10.5 56.5
10.5 57.5
10.5 61.5
10.5 62.5
10.5 63.5
11.5 56.5
11.5 57.5
12.5 30.5
12.5 31.5
12.5 37.5
12.5 38.5
13.5 8.5
13.5 16.5
13.5 17.5
13.5 30.5
13.5 31.5
13.5 37.5
13.5 38.5
14.5 7.5
14.5 8.5
14.5 16.5
14.5 17.5
14.5 18.5
14.5 30.5
14.5 31.5
14.5 37.5
14.5 38.5
14.5 47.5
15.5 17.5
15.5 18.5
15.5 27.5
15.5 55.5
15.5 56.5
15.5 57.5
15.5 64.5
15.5 65.5
15.5 66.5
16.5 11.5
16.5 12.5
16.5 17.5
16.5 21.5
16.5 27.5
16.5 28.5
16.5 39.5
16.5 43.5
16.5 44.5
16.5 51.5
16.5 52.5
16.5 55.5
16.5 56.5
16.5 64.5
16.5 65.5
16.5 66.5
17.5 10.5
17.5 11.5
17.5 12.5
17.5 21.5
17.5 22.5
17.5 27.5
17.5 28.5
17.5 39.5
17.5 43.5
17.5 44.5
17.5 51.5
17.5 52.5
18.5 21.5
18.5 62.5
18.5 63.5
19.5 61.5
19.5 62.5
19.5 63.5
20.5 31.5
21.5 30.5
21.5 31.5
21.5 45.5
21.5 46.5
21.5 51.5
21.5 52.5
22.5 12.5
22.5 13.5
22.5 21.5
22.5 22.5
22.5 30.5
22.5 31.5
22.5 35.5
22.5 36.5
22.5 44.5
22.5 45.5
22.5 46.5
22.5 51.5
22.5 52.5
23.5 12.5
23.5 13.5
23.5 21.5
23.5 22.5
23.5 44.5
23.5 45.5
23.5 46.5
23.5 52.5
23.5 64.5
23.5 65.5
24.5 10.5
24.5 27.5
24.5 28.5
24.5 64.5
24.5 65.5
25.5 9.5
25.5 10.5
25.5 18.5
25.5 19.5
25.5 26.5
25.5 27.5
25.5 28.5
25.5 43.5
25.5 55.5
25.5 56.5
25.5 61.5
26.5 9.5
26.5 10.5
26.5 18.5
26.5 19.5
26.5 26.5
26.5 27.5
26.5 36.5
26.5 37.5
26.5 38.5
26.5 42.5
26.5 43.5
26.5 44.5
26.5 55.5
26.5 56.5
26.5 60.5
26.5 61.5
26.5 62.5
27.5 42.5
27.5 43.5
27.5 44.5
27.5 61.5
30.5 20.5
30.5 21.5
30.5 30.5
30.5 31.5
30.5 64.5
31.5 11.5
31.5 12.5
31.5 13.5
31.5 21.5
31.5 29.5
31.5 30.5
31.5 31.5
31.5 35.5
31.5 36.5
31.5 37.5
31.5 47.5
31.5 48.5
31.5 54.5
31.5 55.5
31.5 56.5
31.5 64.5
31.5 65.5
32.5 11.5
32.5 12.5
32.5 13.5
32.5 18.5
32.5 30.5
32.5 36.5
32.5 46.5
32.5 47.5
32.5 48.5
32.5 54.5
32.5 55.5
32.5 56.5
33.5 17.5
33.5 18.5
33.5 26.5
33.5 27.5
33.5 28.5
33.5 46.5
33.5 47.5
33.5 61.5
33.5 62.5
34.5 10.5
34.5 17.5
34.5 18.5
34.5 27.5
34.5 38.5
34.5 39.5
34.5 52.5
34.5 60.5
34.5 61.5
34.5 62.5
35.5 9.5
35.5 10.5
35.5 38.5
35.5 39.5
35.5 43.5
35.5 44.5
35.5 51.5
35.5 52.5
35.5 53.5
35.5 60.5
35.5 61.5
36.5 10.5
36.5 44.5
36.5 52.5
38.5 18.5
38.5 27.5
38.5 28.5
39.5 17.5
39.5 18.5
39.5 27.5
39.5 28.5
39.5 29.5
39.5 35.5
39.5 36.5
39.5 46.5
39.5 64.5
39.5 65.5
40.5 12.5
40.5 13.5
40.5 17.5
40.5 18.5
40.5 28.5
40.5 29.5
40.5 35.5
40.5 36.5
40.5 46.5
40.5 51.5
40.5 52.5
40.5 63.5
40.5 64.5
40.5 65.5
41.5 12.5
41.5 13.5
41.5 21.5
41.5 22.5
41.5 63.5
41.5 64.5
42.5 10.5
42.5 11.5
42.5 21.5
42.5 22.5
42.5 23.5
42.5 30.5
42.5 31.5
42.5 37.5
42.5 38.5
42.5 39.5
42.5 43.5
42.5 44.5
42.5 54.5
43.5 10.5
43.5 11.5
43.5 22.5
43.5 23.5
43.5 30.5
43.5 31.5
43.5 38.5
43.5 39.5
43.5 43.5
43.5 44.5
43.5 54.5
43.5 55.5
43.5 60.5
43.5 61.5
44.5 39.5
44.5 40.5
44.5 54.5
44.5 60.5
44.5 61.5
46.5 9.5
46.5 10.5
47.5 9.5
47.5 10.5
47.5 50.5
47.5 51.5
47.5 52.5
48.5 21.5
48.5 22.5
48.5 23.5
48.5 29.5
48.5 30.5
48.5 38.5
48.5 39.5
48.5 46.5
48.5 47.5
48.5 51.5
48.5 52.5
48.5 61.5
48.5 62.5
49.5 20.5
49.5 21.5
49.5 22.5
49.5 29.5
49.5 30.5
49.5 38.5
49.5 39.5
49.5 46.5
49.5 51.5
49.5 52.5
49.5 61.5
49.5 62.5
50.5 11.5
50.5 12.5
50.5 20.5
50.5 21.5
50.5 35.5
50.5 55.5
50.5 56.5
50.5 65.5
51.5 11.5
51.5 12.5
51.5 16.5
51.5 17.5
51.5 18.5
51.5 34.5
51.5 35.5
51.5 44.5
51.5 45.5
51.5 55.5
51.5 56.5
51.5 65.5
52.5 16.5
52.5 17.5
52.5 18.5
52.5 25.5
52.5 26.5
52.5 27.5
52.5 33.5
52.5 34.5
52.5 35.5
52.5 44.5
52.5 55.5
52.5 56.5
53.5 26.5
53.5 27.5
55.5 54.5
55.5 65.5
56.5 8.5
56.5 9.5
56.5 10.5
56.5 37.5
56.5 38.5
56.5 43.5
56.5 44.5
56.5 53.5
56.5 54.5
56.5 55.5
56.5 64.5
56.5 65.5
56.5 66.5
57.5 8.5
57.5 9.5
57.5 10.5
57.5 15.5
57.5 16.5
57.5 17.5
57.5 25.5
57.5 37.5
57.5 38.5
57.5 43.5
57.5 44.5
57.5 54.5
57.5 55.5
57.5 64.5
57.5 65.5
58.5 9.5
58.5 16.5
58.5 17.5
58.5 25.5
58.5 26.5
58.5 37.5
58.5 38.5
58.5 47.5
58.5 48.5
59.5 26.5
59.5 47.5
59.5 48.5
59.5 57.5
59.5 58.5
60.5 12.5
60.5 19.5
60.5 20.5
60.5 28.5
60.5 29.5
60.5 34.5
60.5 35.5
60.5 47.5
60.5 48.5
60.5 58.5
60.5 61.5
60.5 62.5
60.5 63.5
61.5 11.5
61.5 12.5
61.5 19.5
61.5 20.5
61.5 29.5
61.5 30.5
61.5 34.5
61.5 35.5
61.5 62.5
