4.5 64.5
5.5 9.5
5.5 30.5
5.5 54.5
6.5 40.5
8.5 19.5
8.5 34.5
8.5 50.5
8.5 61.5
9.5 33.5
9.5 43.5
14.5 30.5
14.5 44.5
14.5 60.5
16.5 50.5
17.5 12.5
17.5 23.5
17.5 34.5
22.5 33.5
22.5 53.5
22.5 64.5
23.5 9.5
23.5 24.5
23.5 65.5
25.5 60.5
26.5 20.5
26.5 40.5
27.5 12.5
31.5 23.5
31.5 29.5
31.5 39.5
32.5 13.5
34.5 20.5
34.5 32.5
34.5 43.5
34.5 51.5
39.5 9.5
39.5 33.5
39.5 44.5
40.5 19.5
40.5 64.5
42.5 54.5
43.5 23.5
43.5 30.5
48.5 43.5
49.5 9.5
49.5 32.5
51.5 28.5
52.5 13.5
52.5 29.5
52.5 39.5
57.5 10.5
57.5 23.5
57.5 53.5
58.5 39.5
60.5 14.5
60.5 60.5
61.5 32.5
61.5 43.5
