5.5 44.5
6.5 38.5
6.5 55.5
7.5 22.5
7.5 65.5
9.5 48.5
9.5 53.5
10.5 18.5
10.5 28.5
10.5 35.5
10.5 61.5
11.5 9.5
16.5 56.5
17.5 21.5
17.5 27.5
17.5 37.5
17.5 48.5
17.5 61.5
18.5 9.5
18.5 21.5
18.5 48.5
19.5 9.5
21.5 54.5
22.5 13.5
22.5 18.5
22.5 30.5
22.5 35.5
22.5 43.5
22.5 44.5
22.5 54.5
22.5 65.5
23.5 18.5
23.5 35.5
29.5 65.5
30.5 56.5
30.5 65.5
31.5 18.5
31.5 43.5
31.5 56.5
32.5 27.5
34.5 9.5
34.5 38.5
34.5 62.5
35.5 9.5
35.5 21.5
35.5 38.5
35.5 47.5
35.5 53.5
35.5 62.5
36.5 21.5
36.5 31.5
36.5 47.5
42.5 65.5
43.5 9.5
43.5 32.5
43.5 46.5
43.5 47.5
43.5 56.5
43.5 65.5
44.5 9.5
44.5 20.5
44.5 33.5
44.5 47.5
47.5 43.5
47.5 53.5
47.5 62.5
48.5 13.5
49.5 26.5
49.5 27.5
49.5 33.5
50.5 27.5
54.5 43.5
54.5 65.5
55.5 9.5
55.5 43.5
55.5 65.5
56.5 20.5
56.5 38.5
56.5 55.5
57.5 29.5
58.5 12.5
59.5 12.5
59.5 47.5
59.5 61.5
60.5 18.5
60.5 25.5
60.5 35.5
60.5 60.5
60.5 61.5
61.5 18.5
