6.5 19.5
6.5 20.5
6.5 40.5
6.5 41.5
6.5 53.5
6.5 54.5
7.5 18.5
7.5 19.5
7.5 20.5
7.5 39.5
7.5 40.5
7.5 41.5
7.5 53.5
7.5 54.5
8.5 18.5
8.5 19.5
8.5 39.5
8.5 40.5
8.5 53.5
8.5 54.5
11.5 12.5
11.5 13.5
11.5 32.5
11.5 33.5
11.5 34.5
11.5 60.5
12.5 12.5
12.5 13.5
12.5 32.5
12.5 33.5
12.5 60.5
12.5 61.5
13.5 12.5
13.5 13.5
13.5 32.5
13.5 33.5
13.5 60.5
13.5 61.5
21.5 20.5
21.5 32.5
21.5 33.5
21.5 53.5
21.5 54.5
22.5 19.5
22.5 20.5
22.5 32.5
22.5 33.5
22.5 34.5
22.5 53.5
22.5 54.5
23.5 19.5
23.5 20.5
23.5 33.5
23.5 34.5
23.5 53.5
23.5 54.5
26.5 13.5
26.5 39.5
26.5 40.5
26.5 60.5
27.5 12.5
27.5 13.5
27.5 39.5
27.5 40.5
27.5 41.5
27.5 60.5
27.5 61.5
28.5 12.5
28.5 13.5
28.5 40.5
28.5 41.5
28.5 60.5
28.5 61.5
29.5 12.5
29.5 61.5
37.5 12.5
37.5 13.5
37.5 40.5
37.5 41.5
37.5 60.5
37.5 61.5
37.5 62.5
38.5 12.5
38.5 13.5
38.5 14.5
38.5 39.5
38.5 40.5
38.5 41.5
38.5 60.5
38.5 61.5
39.5 13.5
39.5 14.5
39.5 39.5
39.5 40.5
39.5 60.5
39.5 61.5
42.5 19.5
42.5 20.5
42.5 33.5
42.5 34.5
42.5 54.5
43.5 19.5
43.5 20.5
43.5 21.5
43.5 32.5
43.5 33.5
43.5 34.5
43.5 53.5
43.5 54.5
43.5 55.5
44.5 20.5
44.5 21.5
44.5 33.5
44.5 53.5
44.5 54.5
52.5 20.5
52.5 21.5
52.5 40.5
52.5 41.5
52.5 60.5
52.5 61.5
53.5 19.5
53.5 20.5
53.5 21.5
53.5 39.5
53.5 40.5
53.5 41.5
53.5 60.5
53.5 61.5
54.5 19.5
54.5 20.5
54.5 39.5
54.5 40.5
54.5 60.5
54.5 61.5
57.5 13.5
57.5 14.5
57.5 33.5
57.5 34.5
57.5 53.5
57.5 54.5
58.5 13.5
58.5 14.5
58.5 32.5
58.5 33.5
58.5 34.5
58.5 53.5
58.5 54.5
59.5 12.5
59.5 13.5
59.5 14.5
59.5 32.5
59.5 33.5
59.5 53.5
59.5 54.5
