7.5 27.5
8.5 27.5
8.5 32.5
8.5 49.5
8.5 53.5
9.5 9.5
9.5 18.5
9.5 32.5
9.5 41.5
9.5 42.5
9.5 53.5
9.5 64.5
10.5 9.5
10.5 18.5
10.5 42.5
10.5 64.5
14.5 24.5
15.5 23.5
15.5 24.5
15.5 36.5
15.5 37.5
15.5 46.5
15.5 47.5
16.5 56.5
16.5 61.5
16.5 62.5
17.5 11.5
17.5 15.5
17.5 61.5
18.5 11.5
18.5 15.5
22.5 36.5
28.5 48.5
28.5 49.5
29.5 15.5
29.5 38.5
29.5 39.5
29.5 49.5
29.5 53.5
29.5 54.5
29.5 62.5
30.5 15.5
30.5 27.5
30.5 28.5
30.5 29.5
30.5 38.5
30.5 39.5
30.5 54.5
30.5 62.5
36.5 16.5
36.5 17.5
36.5 22.5
36.5 23.5
36.5 34.5
36.5 42.5
36.5 43.5
36.5 47.5
36.5 57.5
36.5 64.5
36.5 65.5
37.5 22.5
37.5 23.5
37.5 34.5
37.5 42.5
37.5 57.5
37.5 64.5
49.5 43.5
49.5 48.5
49.5 57.5
50.5 13.5
50.5 14.5
50.5 23.5
50.5 24.5
50.5 33.5
50.5 34.5
50.5 43.5
50.5 48.5
50.5 57.5
50.5 58.5
50.5 62.5
51.5 13.5
51.5 14.5
51.5 62.5
56.5 9.5
56.5 26.5
56.5 27.5
56.5 31.5
56.5 38.5
56.5 39.5
56.5 50.5
57.5 9.5
57.5 17.5
57.5 18.5
57.5 26.5
57.5 27.5
57.5 31.5
57.5 38.5
57.5 39.5
57.5 50.5
57.5 55.5
57.5 64.5
57.5 65.5
