4.5 50.5
4.5 51.5
5.5 13.5
5.5 14.5
5.5 15.5
5.5 25.5
5.5 26.5
5.5 27.5
5.5 38.5
5.5 39.5
5.5 40.5
5.5 41.5
5.5 51.5
5.5 52.5
5.5 57.5
5.5 58.5
5.5 59.5
6.5 13.5
6.5 14.5
6.5 15.5
6.5 26.5
6.5 27.5
6.5 28.5
6.5 39.5
6.5 40.5
6.5 41.5
6.5 57.5
6.5 58.5
7.5 20.5
7.5 21.5
7.5 46.5
7.5 47.5
7.5 48.5
8.5 20.5
8.5 21.5
8.5 22.5
8.5 23.5
8.5 34.5
8.5 46.5
8.5 47.5
8.5 48.5
8.5 62.5
8.5 63.5
9.5 9.5
9.5 10.5
9.5 21.5
9.5 22.5
9.5 23.5
9.5 34.5
9.5 35.5
9.5 36.5
9.5 47.5
9.5 48.5
9.5 61.5
9.5 62.5
9.5 63.5
10.5 9.5
10.5 10.5
10.5 11.5
10.5 35.5
10.5 61.5
10.5 62.5
14.5 22.5
14.5 23.5
14.5 34.5
14.5 35.5
14.5 46.5
14.5 47.5
14.5 48.5
15.5 13.5
15.5 14.5
15.5 21.5
15.5 22.5
15.5 23.5
15.5 33.5
15.5 34.5
15.5 35.5
15.5 46.5
15.5 47.5
15.5 48.5
15.5 58.5
15.5 59.5
15.5 60.5
16.5 13.5
16.5 14.5
16.5 15.5
16.5 21.5
16.5 22.5
16.5 33.5
16.5 34.5
16.5 35.5
16.5 46.5
16.5 57.5
16.5 58.5
16.5 59.5
17.5 15.5
17.5 57.5
17.5 58.5
18.5 26.5
18.5 27.5
18.5 28.5
18.5 38.5
18.5 39.5
18.5 40.5
18.5 50.5
18.5 51.5
18.5 52.5
19.5 9.5
19.5 10.5
19.5 11.5
19.5 26.5
19.5 27.5
19.5 38.5
19.5 39.5
19.5 40.5
19.5 50.5
19.5 51.5
19.5 62.5
19.5 63.5
19.5 64.5
20.5 10.5
20.5 11.5
20.5 12.5
20.5 50.5
20.5 61.5
20.5 62.5
20.5 63.5
20.5 64.5
21.5 61.5
21.5 62.5
24.5 26.5
24.5 38.5
24.5 39.5
25.5 14.5
25.5 15.5
25.5 26.5
25.5 27.5
25.5 28.5
25.5 38.5
25.5 39.5
25.5 40.5
25.5 46.5
25.5 47.5
25.5 48.5
25.5 59.5
25.5 60.5
26.5 13.5
26.5 14.5
26.5 15.5
26.5 27.5
26.5 28.5
26.5 39.5
26.5 40.5
26.5 46.5
26.5 47.5
26.5 58.5
26.5 59.5
26.5 60.5
27.5 14.5
27.5 15.5
27.5 16.5
27.5 58.5
27.5 59.5
28.5 21.5
28.5 22.5
28.5 23.5
28.5 34.5
28.5 35.5
28.5 36.5
28.5 50.5
28.5 51.5
28.5 52.5
28.5 64.5
29.5 9.5
29.5 10.5
29.5 21.5
29.5 22.5
29.5 23.5
29.5 24.5
29.5 34.5
29.5 35.5
29.5 36.5
29.5 49.5
29.5 50.5
29.5 51.5
29.5 62.5
29.5 63.5
29.5 64.5
30.5 9.5
30.5 10.5
30.5 11.5
30.5 22.5
30.5 23.5
30.5 24.5
30.5 62.5
30.5 63.5
31.5 10.5
31.5 11.5
34.5 37.5
34.5 38.5
34.5 39.5
34.5 46.5
34.5 47.5
34.5 48.5
35.5 10.5
35.5 25.5
35.5 26.5
35.5 37.5
35.5 38.5
35.5 39.5
35.5 45.5
35.5 46.5
35.5 47.5
35.5 59.5
35.5 60.5
36.5 8.5
36.5 9.5
36.5 10.5
36.5 11.5
36.5 25.5
36.5 26.5
36.5 27.5
36.5 59.5
36.5 60.5
37.5 9.5
37.5 25.5
37.5 26.5
37.5 27.5
37.5 52.5
37.5 59.5
38.5 14.5
38.5 33.5
38.5 34.5
38.5 35.5
38.5 50.5
38.5 51.5
38.5 52.5
38.5 53.5
39.5 13.5
39.5 14.5
39.5 15.5
39.5 20.5
39.5 21.5
39.5 22.5
39.5 33.5
39.5 34.5
39.5 35.5
39.5 50.5
39.5 51.5
39.5 52.5
39.5 63.5
39.5 64.5
40.5 13.5
40.5 14.5
40.5 21.5
40.5 22.5
40.5 23.5
40.5 63.5
40.5 64.5
41.5 63.5
44.5 34.5
44.5 35.5
44.5 48.5
45.5 10.5
45.5 11.5
45.5 12.5
45.5 21.5
45.5 22.5
45.5 23.5
45.5 33.5
45.5 34.5
45.5 35.5
45.5 46.5
45.5 47.5
45.5 48.5
45.5 49.5
45.5 61.5
46.5 9.5
46.5 10.5
46.5 11.5
46.5 21.5
46.5 22.5
46.5 33.5
46.5 34.5
46.5 46.5
46.5 47.5
46.5 48.5
46.5 49.5
46.5 59.5
46.5 60.5
46.5 61.5
47.5 10.5
47.5 21.5
47.5 47.5
47.5 59.5
47.5 60.5
48.5 15.5
48.5 26.5
48.5 27.5
48.5 28.5
48.5 38.5
48.5 39.5
48.5 40.5
48.5 53.5
49.5 14.5
49.5 15.5
49.5 25.5
49.5 26.5
49.5 27.5
49.5 38.5
49.5 39.5
49.5 40.5
49.5 52.5
49.5 53.5
49.5 64.5
49.5 65.5
50.5 13.5
50.5 14.5
50.5 15.5
50.5 25.5
50.5 26.5
50.5 38.5
50.5 39.5
50.5 51.5
50.5 52.5
50.5 63.5
50.5 64.5
50.5 65.5
51.5 63.5
51.5 64.5
51.5 65.5
55.5 13.5
55.5 14.5
55.5 25.5
55.5 26.5
55.5 27.5
55.5 38.5
55.5 39.5
55.5 51.5
56.5 14.5
56.5 15.5
56.5 25.5
56.5 26.5
56.5 27.5
56.5 38.5
56.5 39.5
56.5 40.5
56.5 51.5
56.5 52.5
56.5 53.5
56.5 59.5
56.5 60.5
56.5 61.5
56.5 62.5
57.5 26.5
57.5 27.5
57.5 39.5
57.5 40.5
57.5 51.5
57.5 52.5
57.5 53.5
57.5 59.5
57.5 60.5
57.5 61.5
58.5 10.5
58.5 20.5
58.5 21.5
58.5 33.5
58.5 34.5
58.5 60.5
59.5 9.5
59.5 10.5
59.5 11.5
59.5 21.5
59.5 22.5
59.5 33.5
59.5 34.5
59.5 35.5
59.5 46.5
59.5 47.5
59.5 48.5
60.5 10.5
60.5 11.5
60.5 34.5
60.5 35.5
60.5 36.5
60.5 46.5
60.5 47.5
60.5 48.5
60.5 49.5
60.5 64.5
60.5 65.5
60.5 66.5
61.5 47.5
61.5 48.5
61.5 49.5
61.5 64.5
61.5 65.5
61.5 66.5
