4.5 15.5
4.5 30.5
5.5 15.5
5.5 16.5
5.5 28.5
5.5 29.5
5.5 45.5
5.5 59.5
6.5 16.5
6.5 27.5
6.5 28.5
6.5 45.5
6.5 58.5
7.5 16.5
7.5 17.5
7.5 26.5
7.5 27.5
7.5 46.5
7.5 57.5
8.5 17.5
8.5 18.5
8.5 25.5
8.5 46.5
8.5 47.5
8.5 56.5
9.5 18.5
9.5 24.5
9.5 47.5
9.5 55.5
10.5 9.5
10.5 34.5
10.5 39.5
10.5 48.5
10.5 54.5
10.5 65.5
11.5 10.5
11.5 33.5
11.5 40.5
11.5 64.5
12.5 11.5
12.5 32.5
12.5 41.5
12.5 63.5
13.5 12.5
13.5 30.5
13.5 31.5
13.5 41.5
13.5 42.5
13.5 62.5
14.5 13.5
14.5 29.5
14.5 30.5
14.5 42.5
14.5 43.5
14.5 61.5
15.5 14.5
15.5 43.5
15.5 60.5
16.5 44.5
16.5 59.5
19.5 14.5
20.5 13.5
20.5 29.5
21.5 12.5
21.5 27.5
21.5 28.5
21.5 44.5
21.5 59.5
21.5 60.5
22.5 11.5
22.5 26.5
22.5 27.5
22.5 45.5
22.5 60.5
22.5 61.5
23.5 10.5
23.5 25.5
23.5 26.5
23.5 46.5
23.5 62.5
23.5 63.5
24.5 9.5
24.5 19.5
24.5 25.5
24.5 47.5
24.5 63.5
24.5 64.5
25.5 18.5
25.5 24.5
25.5 39.5
25.5 48.5
25.5 65.5
26.5 17.5
26.5 18.5
26.5 34.5
26.5 40.5
26.5 53.5
26.5 54.5
27.5 16.5
27.5 17.5
27.5 32.5
27.5 33.5
27.5 41.5
27.5 55.5
27.5 56.5
28.5 15.5
28.5 16.5
28.5 32.5
28.5 41.5
28.5 42.5
28.5 56.5
28.5 57.5
29.5 15.5
29.5 31.5
29.5 42.5
29.5 58.5
29.5 59.5
30.5 14.5
30.5 30.5
30.5 43.5
30.5 60.5
31.5 29.5
34.5 14.5
35.5 15.5
35.5 44.5
35.5 59.5
36.5 16.5
36.5 17.5
36.5 29.5
36.5 45.5
36.5 60.5
36.5 61.5
37.5 17.5
37.5 18.5
37.5 27.5
37.5 28.5
37.5 46.5
37.5 61.5
37.5 62.5
38.5 19.5
38.5 26.5
38.5 27.5
38.5 46.5
38.5 62.5
38.5 63.5
39.5 20.5
39.5 25.5
39.5 47.5
39.5 64.5
40.5 9.5
40.5 10.5
40.5 34.5
40.5 48.5
40.5 54.5
41.5 10.5
41.5 11.5
41.5 33.5
41.5 39.5
41.5 48.5
41.5 54.5
41.5 55.5
42.5 11.5
42.5 12.5
42.5 32.5
42.5 40.5
42.5 55.5
42.5 56.5
43.5 13.5
43.5 14.5
43.5 31.5
43.5 41.5
43.5 56.5
43.5 57.5
44.5 14.5
44.5 30.5
44.5 42.5
44.5 57.5
44.5 58.5
45.5 29.5
45.5 43.5
45.5 58.5
46.5 44.5
50.5 14.5
50.5 28.5
51.5 15.5
51.5 16.5
51.5 27.5
51.5 44.5
51.5 59.5
51.5 60.5
52.5 16.5
52.5 17.5
52.5 27.5
52.5 42.5
52.5 43.5
52.5 60.5
52.5 61.5
53.5 17.5
53.5 26.5
53.5 41.5
53.5 42.5
53.5 61.5
53.5 62.5
54.5 17.5
54.5 18.5
54.5 26.5
54.5 40.5
54.5 41.5
54.5 63.5
55.5 19.5
55.5 25.5
55.5 34.5
55.5 39.5
55.5 40.5
55.5 64.5
56.5 8.5
56.5 9.5
56.5 33.5
56.5 49.5
56.5 54.5
57.5 9.5
57.5 10.5
57.5 32.5
57.5 33.5
57.5 48.5
57.5 55.5
58.5 10.5
58.5 11.5
58.5 31.5
58.5 32.5
58.5 47.5
58.5 48.5
58.5 56.5
58.5 57.5
59.5 11.5
59.5 12.5
59.5 30.5
59.5 31.5
59.5 46.5
59.5 47.5
59.5 57.5
59.5 58.5
60.5 13.5
60.5 30.5
60.5 45.5
60.5 46.5
60.5 58.5
60.5 59.5
61.5 14.5
61.5 29.5
