3.5 62.5
4.5 62.5
5.5 9.5
5.5 10.5
5.5 11.5
5.5 12.5
5.5 21.5
5.5 26.5
5.5 34.5
5.5 43.5
5.5 53.5
5.5 61.5
6.5 21.5
6.5 26.5
6.5 33.5
6.5 43.5
6.5 52.5
6.5 53.5
6.5 65.5
7.5 6.5
7.5 43.5
7.5 51.5
7.5 65.5
8.5 7.5
8.5 16.5
8.5 17.5
8.5 25.5
8.5 37.5
8.5 43.5
8.5 57.5
8.5 65.5
9.5 17.5
9.5 18.5
9.5 29.5
9.5 37.5
9.5 38.5
9.5 47.5
9.5 56.5
9.5 65.5
10.5 19.5
10.5 28.5
10.5 37.5
10.5 38.5
10.5 47.5
11.5 37.5
11.5 38.5
11.5 47.5
12.5 46.5
13.5 7.5
13.5 56.5
13.5 63.5
14.5 7.5
14.5 16.5
14.5 17.5
14.5 56.5
14.5 62.5
15.5 7.5
15.5 16.5
15.5 28.5
15.5 56.5
15.5 62.5
16.5 10.5
16.5 15.5
16.5 16.5
16.5 28.5
16.5 37.5
16.5 56.5
16.5 61.5
17.5 10.5
17.5 15.5
17.5 29.5
17.5 38.5
17.5 39.5
17.5 47.5
17.5 48.5
17.5 56.5
17.5 61.5
18.5 10.5
18.5 29.5
18.5 33.5
18.5 60.5
19.5 20.5
19.5 25.5
19.5 34.5
19.5 43.5
19.5 52.5
19.5 66.5
20.5 9.5
20.5 19.5
20.5 26.5
20.5 34.5
20.5 35.5
20.5 65.5
21.5 18.5
21.5 35.5
21.5 53.5
21.5 64.5
22.5 63.5
23.5 45.5
24.5 45.5
25.5 8.5
25.5 17.5
25.5 25.5
25.5 26.5
25.5 27.5
25.5 37.5
25.5 44.5
25.5 52.5
26.5 8.5
26.5 16.5
26.5 38.5
26.5 44.5
26.5 52.5
27.5 7.5
27.5 16.5
27.5 21.5
27.5 39.5
27.5 52.5
27.5 61.5
28.5 12.5
28.5 20.5
28.5 21.5
28.5 29.5
28.5 48.5
28.5 59.5
28.5 60.5
29.5 11.5
29.5 20.5
30.5 10.5
30.5 28.5
30.5 33.5
30.5 34.5
30.5 35.5
30.5 47.5
30.5 55.5
30.5 65.5
30.5 66.5
31.5 36.5
31.5 47.5
31.5 54.5
31.5 64.5
34.5 10.5
34.5 21.5
35.5 10.5
35.5 11.5
35.5 21.5
35.5 26.5
36.5 11.5
36.5 22.5
36.5 26.5
36.5 36.5
36.5 37.5
36.5 38.5
36.5 39.5
36.5 44.5
36.5 63.5
36.5 64.5
37.5 12.5
37.5 26.5
37.5 43.5
37.5 53.5
37.5 65.5
37.5 66.5
38.5 16.5
38.5 17.5
38.5 53.5
39.5 8.5
39.5 17.5
39.5 18.5
39.5 32.5
39.5 33.5
39.5 47.5
39.5 57.5
39.5 58.5
39.5 59.5
39.5 60.5
40.5 8.5
40.5 18.5
40.5 28.5
40.5 34.5
40.5 45.5
40.5 46.5
40.5 50.5
40.5 60.5
40.5 61.5
41.5 9.5
41.5 19.5
41.5 28.5
42.5 9.5
44.5 36.5
45.5 17.5
45.5 18.5
45.5 28.5
45.5 36.5
45.5 43.5
45.5 60.5
45.5 61.5
46.5 12.5
46.5 28.5
46.5 37.5
46.5 43.5
46.5 59.5
46.5 60.5
47.5 37.5
47.5 50.5
47.5 58.5
48.5 22.5
48.5 23.5
48.5 26.5
48.5 38.5
48.5 42.5
48.5 50.5
48.5 66.5
49.5 21.5
49.5 22.5
49.5 32.5
49.5 50.5
49.5 54.5
49.5 65.5
50.5 33.5
50.5 46.5
50.5 53.5
50.5 64.5
50.5 65.5
51.5 27.5
51.5 34.5
51.5 46.5
51.5 53.5
51.5 64.5
52.5 45.5
52.5 53.5
53.5 10.5
53.5 45.5
54.5 9.5
54.5 10.5
54.5 19.5
55.5 9.5
55.5 19.5
55.5 29.5
55.5 33.5
55.5 34.5
55.5 35.5
56.5 9.5
56.5 18.5
56.5 19.5
56.5 45.5
56.5 52.5
56.5 63.5
57.5 13.5
57.5 18.5
57.5 47.5
57.5 63.5
57.5 64.5
58.5 13.5
58.5 17.5
58.5 27.5
58.5 38.5
58.5 55.5
58.5 64.5
58.5 65.5
59.5 27.5
59.5 36.5
59.5 37.5
59.5 41.5
59.5 42.5
59.5 43.5
59.5 55.5
59.5 59.5
59.5 65.5
60.5 12.5
60.5 22.5
60.5 26.5
60.5 43.5
60.5 44.5
60.5 45.5
60.5 54.5
60.5 59.5
60.5 60.5
61.5 12.5
61.5 21.5
61.5 26.5
61.5 54.5
61.5 60.5
62.5 20.5
62.5 21.5
62.5 32.5
62.5 33.5
62.5 61.5
63.5 20.5
63.5 29.5
63.5 30.5
