6.5 51.5
6.5 52.5
6.5 53.5
6.5 54.5
7.5 50.5
7.5 51.5
7.5 52.5
7.5 53.5
7.5 54.5
8.5 18.5
8.5 19.5
8.5 20.5
8.5 31.5
8.5 32.5
8.5 33.5
8.5 50.5
8.5 51.5
8.5 52.5
8.5 53.5
8.5 54.5
9.5 18.5
9.5 19.5
9.5 20.5
9.5 21.5
9.5 30.5
9.5 31.5
9.5 32.5
9.5 33.5
9.5 50.5
9.5 51.5
9.5 52.5
9.5 53.5
10.5 18.5
10.5 19.5
10.5 20.5
10.5 21.5
10.5 29.5
10.5 30.5
10.5 31.5
10.5 32.5
10.5 33.5
10.5 50.5
10.5 51.5
10.5 52.5
11.5 19.5
11.5 20.5
11.5 21.5
11.5 29.5
11.5 30.5
11.5 31.5
11.5 32.5
12.5 20.5
12.5 29.5
12.5 30.5
12.5 31.5
13.5 30.5
13.5 31.5
13.5 40.5
13.5 58.5
13.5 59.5
13.5 60.5
13.5 61.5
14.5 12.5
14.5 13.5
14.5 14.5
14.5 38.5
14.5 39.5
14.5 40.5
14.5 41.5
14.5 57.5
14.5 58.5
14.5 59.5
14.5 60.5
14.5 61.5
15.5 11.5
15.5 12.5
15.5 13.5
15.5 14.5
15.5 15.5
15.5 37.5
15.5 38.5
15.5 39.5
15.5 40.5
15.5 41.5
15.5 57.5
15.5 58.5
15.5 59.5
15.5 60.5
15.5 61.5
16.5 11.5
16.5 12.5
16.5 13.5
16.5 14.5
16.5 15.5
16.5 37.5
16.5 38.5
16.5 39.5
16.5 40.5
16.5 41.5
16.5 58.5
16.5 59.5
16.5 60.5
17.5 12.5
17.5 13.5
17.5 14.5
17.5 15.5
17.5 37.5
17.5 38.5
17.5 39.5
17.5 40.5
18.5 13.5
18.5 14.5
18.5 15.5
18.5 38.5
18.5 39.5
26.5 33.5
26.5 58.5
26.5 59.5
26.5 60.5
26.5 61.5
27.5 31.5
27.5 32.5
27.5 33.5
27.5 34.5
27.5 58.5
27.5 59.5
27.5 60.5
27.5 61.5
27.5 62.5
28.5 9.5
28.5 10.5
28.5 11.5
28.5 30.5
28.5 31.5
28.5 32.5
28.5 33.5
28.5 34.5
28.5 58.5
28.5 59.5
28.5 60.5
28.5 61.5
28.5 62.5
29.5 9.5
29.5 10.5
29.5 11.5
29.5 12.5
29.5 13.5
29.5 30.5
29.5 31.5
29.5 32.5
29.5 33.5
29.5 58.5
29.5 59.5
29.5 60.5
29.5 61.5
29.5 62.5
29.5 63.5
30.5 8.5
30.5 9.5
30.5 10.5
30.5 11.5
30.5 12.5
30.5 13.5
30.5 29.5
30.5 30.5
30.5 31.5
30.5 59.5
30.5 60.5
30.5 61.5
30.5 62.5
31.5 8.5
31.5 9.5
31.5 10.5
31.5 11.5
31.5 12.5
31.5 60.5
31.5 61.5
31.5 62.5
32.5 9.5
32.5 10.5
32.5 11.5
34.5 20.5
35.5 18.5
35.5 19.5
35.5 20.5
35.5 39.5
35.5 40.5
35.5 41.5
35.5 53.5
35.5 54.5
36.5 17.5
36.5 18.5
36.5 19.5
36.5 20.5
36.5 38.5
36.5 39.5
36.5 40.5
36.5 41.5
36.5 42.5
36.5 52.5
36.5 53.5
36.5 54.5
36.5 55.5
37.5 17.5
37.5 18.5
37.5 19.5
37.5 37.5
37.5 38.5
37.5 39.5
37.5 40.5
37.5 41.5
37.5 42.5
37.5 51.5
37.5 52.5
37.5 53.5
37.5 54.5
37.5 55.5
38.5 17.5
38.5 18.5
38.5 37.5
38.5 38.5
38.5 39.5
38.5 40.5
38.5 41.5
38.5 42.5
38.5 52.5
38.5 53.5
38.5 54.5
38.5 55.5
38.5 56.5
39.5 37.5
39.5 38.5
39.5 39.5
39.5 40.5
39.5 41.5
39.5 42.5
39.5 52.5
39.5 53.5
39.5 54.5
39.5 55.5
39.5 56.5
40.5 38.5
40.5 39.5
40.5 40.5
40.5 41.5
40.5 53.5
40.5 54.5
40.5 55.5
40.5 56.5
41.5 39.5
41.5 40.5
48.5 18.5
48.5 32.5
48.5 33.5
49.5 17.5
49.5 18.5
49.5 19.5
49.5 20.5
49.5 30.5
49.5 31.5
49.5 32.5
49.5 33.5
49.5 34.5
49.5 35.5
50.5 17.5
50.5 18.5
50.5 19.5
50.5 20.5
50.5 21.5
50.5 29.5
50.5 30.5
50.5 31.5
50.5 32.5
50.5 33.5
50.5 34.5
50.5 35.5
51.5 18.5
51.5 19.5
51.5 20.5
51.5 21.5
51.5 30.5
51.5 31.5
51.5 32.5
51.5 33.5
51.5 34.5
51.5 35.5
51.5 59.5
51.5 60.5
51.5 61.5
52.5 18.5
52.5 19.5
52.5 20.5
52.5 32.5
52.5 33.5
52.5 59.5
52.5 60.5
52.5 61.5
52.5 62.5
53.5 59.5
53.5 60.5
53.5 61.5
53.5 62.5
53.5 63.5
54.5 11.5
54.5 59.5
54.5 60.5
54.5 61.5
54.5 62.5
54.5 63.5
55.5 11.5
55.5 12.5
55.5 60.5
55.5 61.5
55.5 62.5
56.5 10.5
56.5 11.5
56.5 12.5
56.5 13.5
57.5 11.5
57.5 12.5
57.5 13.5
57.5 39.5
57.5 40.5
57.5 41.5
57.5 42.5
57.5 53.5
57.5 54.5
58.5 11.5
58.5 12.5
58.5 13.5
58.5 14.5
58.5 38.5
58.5 39.5
58.5 40.5
58.5 41.5
58.5 42.5
58.5 43.5
58.5 53.5
58.5 54.5
58.5 55.5
59.5 38.5
59.5 39.5
59.5 40.5
59.5 41.5
59.5 42.5
59.5 54.5
59.5 55.5
59.5 56.5
60.5 56.5
60.5 57.5
