4.5 12.5
4.5 13.5
4.5 58.5
4.5 59.5
5.5 9.5
5.5 10.5
5.5 25.5
5.5 26.5
5.5 27.5
5.5 28.5
5.5 47.5
5.5 48.5
5.5 49.5
5.5 55.5
6.5 64.5
6.5 65.5
7.5 15.5
7.5 16.5
7.5 17.5
7.5 33.5
7.5 34.5
7.5 40.5
7.5 41.5
7.5 42.5
7.5 61.5
7.5 62.5
8.5 30.5
8.5 31.5
11.5 14.5
11.5 61.5
12.5 16.5
12.5 17.5
12.5 30.5
12.5 31.5
12.5 32.5
12.5 45.5
12.5 46.5
12.5 47.5
12.5 48.5
12.5 63.5
12.5 64.5
13.5 34.5
14.5 10.5
14.5 11.5
14.5 24.5
14.5 25.5
14.5 39.5
14.5 55.5
14.5 56.5
14.5 57.5
15.5 27.5
15.5 28.5
15.5 41.5
15.5 42.5
15.5 58.5
15.5 59.5
15.5 60.5
19.5 10.5
19.5 11.5
19.5 12.5
19.5 28.5
19.5 29.5
19.5 45.5
20.5 8.5
20.5 25.5
20.5 26.5
20.5 48.5
20.5 61.5
20.5 62.5
20.5 63.5
20.5 64.5
22.5 15.5
22.5 16.5
22.5 17.5
22.5 32.5
22.5 33.5
22.5 40.5
22.5 41.5
22.5 42.5
22.5 43.5
22.5 56.5
22.5 57.5
23.5 30.5
23.5 31.5
27.5 15.5
27.5 16.5
27.5 17.5
27.5 26.5
27.5 27.5
27.5 45.5
27.5 46.5
27.5 47.5
27.5 55.5
27.5 56.5
27.5 57.5
29.5 8.5
29.5 9.5
29.5 10.5
30.5 12.5
30.5 13.5
30.5 29.5
30.5 30.5
30.5 31.5
30.5 32.5
30.5 39.5
30.5 40.5
30.5 41.5
30.5 42.5
30.5 60.5
30.5 61.5
30.5 62.5
30.5 63.5
34.5 12.5
35.5 9.5
35.5 10.5
35.5 25.5
35.5 26.5
35.5 27.5
35.5 28.5
35.5 45.5
35.5 46.5
35.5 47.5
35.5 55.5
35.5 56.5
35.5 57.5
37.5 16.5
37.5 17.5
37.5 18.5
37.5 39.5
38.5 14.5
38.5 15.5
38.5 31.5
38.5 32.5
38.5 33.5
38.5 41.5
38.5 42.5
38.5 43.5
38.5 60.5
38.5 61.5
38.5 62.5
38.5 63.5
42.5 29.5
42.5 44.5
43.5 16.5
43.5 17.5
43.5 18.5
43.5 25.5
43.5 26.5
43.5 27.5
43.5 42.5
43.5 43.5
43.5 55.5
43.5 56.5
43.5 57.5
43.5 58.5
44.5 40.5
45.5 8.5
45.5 9.5
45.5 10.5
45.5 33.5
45.5 34.5
45.5 35.5
45.5 48.5
45.5 49.5
45.5 64.5
45.5 65.5
46.5 11.5
46.5 12.5
46.5 13.5
46.5 30.5
46.5 31.5
46.5 32.5
46.5 46.5
46.5 47.5
46.5 61.5
46.5 62.5
46.5 63.5
50.5 14.5
50.5 15.5
50.5 16.5
50.5 30.5
50.5 31.5
50.5 61.5
51.5 34.5
51.5 47.5
51.5 48.5
51.5 49.5
51.5 63.5
51.5 64.5
52.5 24.5
52.5 25.5
53.5 9.5
53.5 10.5
53.5 11.5
53.5 27.5
53.5 41.5
53.5 42.5
53.5 57.5
53.5 58.5
57.5 26.5
57.5 27.5
58.5 15.5
58.5 16.5
58.5 24.5
58.5 25.5
58.5 26.5
58.5 40.5
58.5 41.5
58.5 42.5
58.5 43.5
58.5 62.5
58.5 63.5
58.5 64.5
59.5 18.5
60.5 32.5
60.5 33.5
60.5 55.5
60.5 56.5
61.5 10.5
61.5 11.5
61.5 12.5
61.5 29.5
61.5 30.5
61.5 31.5
61.5 46.5
61.5 47.5
61.5 57.5
61.5 58.5
61.5 59.5
62.5 13.5
62.5 14.5
