6.5 18.5
6.5 19.5
6.5 34.5
6.5 54.5
6.5 55.5
7.5 19.5
7.5 20.5
7.5 21.5
7.5 32.5
7.5 33.5
7.5 52.5
7.5 53.5
7.5 54.5
8.5 22.5
8.5 30.5
8.5 31.5
8.5 51.5
8.5 52.5
8.5 53.5
9.5 50.5
9.5 51.5
11.5 10.5
11.5 11.5
11.5 12.5
11.5 13.5
11.5 40.5
11.5 41.5
11.5 61.5
11.5 62.5
12.5 11.5
12.5 12.5
12.5 13.5
12.5 14.5
12.5 37.5
12.5 38.5
12.5 39.5
12.5 40.5
12.5 41.5
12.5 60.5
12.5 61.5
13.5 37.5
13.5 38.5
13.5 58.5
13.5 59.5
13.5 60.5
14.5 58.5
20.5 14.5
21.5 12.5
21.5 13.5
21.5 34.5
21.5 35.5
21.5 55.5
21.5 56.5
22.5 11.5
22.5 12.5
22.5 33.5
22.5 34.5
22.5 35.5
22.5 53.5
22.5 54.5
22.5 55.5
23.5 10.5
23.5 11.5
23.5 32.5
23.5 33.5
23.5 34.5
23.5 52.5
23.5 53.5
24.5 31.5
24.5 32.5
24.5 33.5
26.5 20.5
26.5 21.5
26.5 43.5
26.5 62.5
26.5 63.5
27.5 19.5
27.5 20.5
27.5 21.5
27.5 41.5
27.5 42.5
27.5 60.5
27.5 61.5
27.5 62.5
28.5 18.5
28.5 19.5
28.5 20.5
28.5 40.5
28.5 41.5
28.5 59.5
28.5 60.5
28.5 61.5
29.5 17.5
29.5 18.5
29.5 39.5
36.5 54.5
36.5 55.5
36.5 56.5
37.5 39.5
37.5 40.5
37.5 41.5
37.5 42.5
37.5 53.5
37.5 54.5
37.5 55.5
38.5 13.5
38.5 14.5
38.5 15.5
38.5 16.5
38.5 40.5
38.5 41.5
38.5 42.5
38.5 43.5
38.5 52.5
38.5 53.5
39.5 11.5
39.5 12.5
39.5 13.5
39.5 14.5
42.5 32.5
42.5 60.5
42.5 61.5
42.5 62.5
43.5 21.5
43.5 22.5
43.5 32.5
43.5 33.5
43.5 34.5
43.5 35.5
43.5 59.5
43.5 60.5
43.5 61.5
44.5 19.5
44.5 20.5
44.5 21.5
44.5 35.5
44.5 36.5
51.5 38.5
51.5 59.5
51.5 60.5
52.5 18.5
52.5 19.5
52.5 38.5
52.5 39.5
52.5 40.5
52.5 60.5
52.5 61.5
52.5 62.5
53.5 19.5
53.5 20.5
53.5 21.5
53.5 39.5
53.5 40.5
53.5 41.5
53.5 42.5
53.5 62.5
53.5 63.5
54.5 20.5
54.5 21.5
54.5 41.5
54.5 42.5
56.5 52.5
56.5 53.5
57.5 11.5
57.5 30.5
57.5 31.5
57.5 52.5
57.5 53.5
57.5 54.5
57.5 55.5
58.5 11.5
58.5 12.5
58.5 13.5
58.5 31.5
58.5 32.5
58.5 33.5
58.5 53.5
58.5 54.5
58.5 55.5
58.5 56.5
59.5 12.5
59.5 13.5
59.5 14.5
59.5 32.5
59.5 33.5
59.5 34.5
60.5 14.5
60.5 15.5
60.5 34.5
60.5 35.5
