2.5 19.5
2.5 33.5
2.5 40.5
2.5 61.5
3.5 11.5
3.5 20.5
3.5 21.5
3.5 31.5
3.5 32.5
3.5 41.5
3.5 42.5
3.5 51.5
3.5 52.5
3.5 53.5
3.5 62.5
4.5 12.5
4.5 22.5
4.5 30.5
4.5 43.5
4.5 44.5
4.5 49.5
4.5 50.5
4.5 63.5
5.5 12.5
5.5 13.5
5.5 23.5
5.5 24.5
5.5 28.5
5.5 29.5
5.5 38.5
5.5 45.5
5.5 46.5
5.5 47.5
5.5 48.5
5.5 64.5
6.5 6.5
6.5 13.5
6.5 14.5
6.5 16.5
6.5 17.5
6.5 25.5
6.5 27.5
6.5 37.5
6.5 39.5
6.5 59.5
6.5 65.5
7.5 8.5
7.5 14.5
7.5 18.5
7.5 19.5
7.5 26.5
7.5 34.5
7.5 35.5
7.5 36.5
7.5 39.5
7.5 40.5
7.5 54.5
7.5 55.5
7.5 56.5
7.5 57.5
7.5 60.5
7.5 66.5
8.5 9.5
8.5 19.5
8.5 20.5
8.5 32.5
8.5 33.5
8.5 34.5
8.5 40.5
8.5 41.5
8.5 51.5
8.5 52.5
8.5 53.5
8.5 54.5
8.5 61.5
9.5 10.5
9.5 11.5
9.5 21.5
9.5 30.5
9.5 31.5
9.5 42.5
9.5 62.5
10.5 12.5
10.5 63.5
11.5 12.5
11.5 19.5
11.5 42.5
12.5 10.5
12.5 11.5
12.5 20.5
12.5 31.5
12.5 43.5
12.5 53.5
12.5 54.5
12.5 55.5
12.5 62.5
13.5 9.5
13.5 21.5
13.5 22.5
13.5 32.5
13.5 33.5
13.5 44.5
13.5 49.5
13.5 50.5
13.5 51.5
13.5 52.5
13.5 63.5
14.5 8.5
14.5 15.5
14.5 23.5
14.5 27.5
14.5 34.5
14.5 35.5
14.5 44.5
14.5 45.5
14.5 46.5
14.5 47.5
14.5 48.5
14.5 64.5
15.5 7.5
15.5 14.5
15.5 16.5
15.5 24.5
15.5 25.5
15.5 28.5
15.5 36.5
15.5 38.5
15.5 56.5
15.5 57.5
15.5 65.5
16.5 13.5
16.5 17.5
16.5 18.5
16.5 26.5
16.5 29.5
16.5 30.5
16.5 40.5
16.5 55.5
16.5 59.5
16.5 66.5
17.5 12.5
17.5 19.5
17.5 31.5
17.5 42.5
17.5 53.5
17.5 60.5
17.5 61.5
18.5 11.5
18.5 20.5
18.5 21.5
18.5 32.5
18.5 44.5
18.5 51.5
18.5 62.5
19.5 10.5
19.5 22.5
20.5 12.5
20.5 33.5
20.5 41.5
20.5 42.5
20.5 52.5
20.5 62.5
21.5 10.5
21.5 11.5
21.5 22.5
21.5 23.5
21.5 32.5
21.5 42.5
21.5 43.5
21.5 51.5
21.5 61.5
22.5 9.5
22.5 21.5
22.5 30.5
22.5 31.5
22.5 43.5
22.5 44.5
22.5 50.5
22.5 60.5
22.5 61.5
23.5 7.5
23.5 8.5
23.5 19.5
23.5 20.5
23.5 29.5
23.5 36.5
23.5 38.5
23.5 44.5
23.5 45.5
23.5 49.5
23.5 50.5
23.5 56.5
23.5 59.5
23.5 60.5
23.5 66.5
24.5 6.5
24.5 18.5
24.5 25.5
24.5 28.5
24.5 35.5
24.5 38.5
24.5 39.5
24.5 46.5
24.5 49.5
24.5 55.5
24.5 58.5
24.5 59.5
24.5 65.5
25.5 12.5
25.5 13.5
25.5 14.5
25.5 15.5
25.5 16.5
25.5 24.5
25.5 34.5
25.5 39.5
25.5 40.5
25.5 47.5
25.5 48.5
25.5 54.5
25.5 58.5
25.5 64.5
25.5 65.5
26.5 9.5
26.5 10.5
26.5 11.5
26.5 12.5
26.5 23.5
26.5 33.5
26.5 40.5
26.5 41.5
26.5 53.5
26.5 63.5
26.5 64.5
27.5 22.5
27.5 32.5
27.5 42.5
27.5 52.5
27.5 62.5
27.5 63.5
28.5 31.5
28.5 43.5
28.5 51.5
28.5 62.5
29.5 13.5
29.5 31.5
29.5 44.5
30.5 10.5
30.5 11.5
30.5 12.5
30.5 21.5
30.5 22.5
30.5 32.5
30.5 43.5
30.5 52.5
30.5 61.5
31.5 8.5
31.5 9.5
31.5 10.5
31.5 22.5
31.5 23.5
31.5 24.5
31.5 33.5
31.5 41.5
31.5 54.5
31.5 63.5
32.5 6.5
32.5 7.5
32.5 24.5
32.5 25.5
32.5 27.5
32.5 34.5
32.5 40.5
32.5 56.5
32.5 57.5
32.5 58.5
32.5 64.5
32.5 65.5
33.5 15.5
33.5 16.5
33.5 18.5
33.5 19.5
33.5 28.5
33.5 29.5
33.5 35.5
33.5 38.5
33.5 39.5
33.5 46.5
33.5 48.5
33.5 49.5
33.5 59.5
33.5 60.5
33.5 67.5
34.5 13.5
34.5 14.5
34.5 19.5
34.5 20.5
34.5 29.5
34.5 30.5
34.5 36.5
34.5 37.5
34.5 44.5
34.5 45.5
34.5 50.5
34.5 51.5
34.5 61.5
35.5 11.5
35.5 12.5
35.5 20.5
35.5 31.5
35.5 32.5
35.5 43.5
35.5 44.5
35.5 52.5
35.5 53.5
35.5 63.5
36.5 9.5
36.5 10.5
36.5 21.5
36.5 33.5
36.5 42.5
36.5 62.5
37.5 20.5
37.5 52.5
37.5 61.5
38.5 8.5
38.5 21.5
38.5 40.5
38.5 52.5
38.5 53.5
38.5 61.5
39.5 10.5
39.5 11.5
39.5 22.5
39.5 30.5
39.5 31.5
39.5 32.5
39.5 41.5
39.5 42.5
39.5 53.5
39.5 60.5
40.5 12.5
40.5 13.5
40.5 23.5
40.5 24.5
40.5 28.5
40.5 29.5
40.5 30.5
40.5 43.5
40.5 54.5
40.5 59.5
40.5 66.5
41.5 6.5
41.5 14.5
41.5 15.5
41.5 16.5
41.5 25.5
41.5 26.5
41.5 27.5
41.5 36.5
41.5 37.5
41.5 44.5
41.5 45.5
41.5 54.5
41.5 55.5
41.5 58.5
41.5 65.5
42.5 7.5
42.5 8.5
42.5 18.5
42.5 19.5
42.5 26.5
42.5 35.5
42.5 38.5
42.5 46.5
42.5 49.5
42.5 55.5
42.5 63.5
42.5 64.5
43.5 9.5
43.5 20.5
43.5 21.5
43.5 33.5
43.5 34.5
43.5 39.5
43.5 40.5
43.5 47.5
43.5 50.5
43.5 62.5
44.5 10.5
44.5 22.5
44.5 23.5
44.5 32.5
44.5 33.5
44.5 41.5
44.5 51.5
44.5 61.5
45.5 31.5
45.5 42.5
45.5 43.5
45.5 52.5
45.5 60.5
46.5 44.5
46.5 53.5
46.5 60.5
47.5 10.5
47.5 11.5
47.5 19.5
47.5 20.5
47.5 32.5
47.5 51.5
47.5 61.5
47.5 62.5
48.5 9.5
48.5 22.5
48.5 23.5
48.5 33.5
48.5 41.5
48.5 42.5
48.5 52.5
48.5 62.5
48.5 63.5
49.5 7.5
49.5 16.5
49.5 25.5
49.5 26.5
49.5 35.5
49.5 39.5
49.5 40.5
49.5 53.5
49.5 64.5
49.5 65.5
50.5 14.5
50.5 17.5
50.5 18.5
50.5 28.5
50.5 29.5
50.5 36.5
50.5 37.5
50.5 45.5
50.5 46.5
50.5 48.5
50.5 54.5
50.5 57.5
50.5 65.5
50.5 66.5
51.5 12.5
51.5 13.5
51.5 18.5
51.5 19.5
51.5 30.5
51.5 31.5
51.5 32.5
51.5 44.5
51.5 49.5
51.5 55.5
51.5 58.5
51.5 59.5
52.5 11.5
52.5 12.5
52.5 20.5
52.5 33.5
52.5 34.5
52.5 42.5
52.5 50.5
52.5 51.5
52.5 60.5
52.5 61.5
53.5 10.5
53.5 21.5
53.5 52.5
53.5 61.5
53.5 62.5
54.5 20.5
54.5 33.5
54.5 41.5
54.5 53.5
55.5 12.5
55.5 21.5
55.5 31.5
55.5 32.5
55.5 42.5
55.5 52.5
55.5 63.5
56.5 10.5
56.5 11.5
56.5 21.5
56.5 22.5
56.5 30.5
56.5 31.5
56.5 43.5
56.5 50.5
56.5 51.5
56.5 62.5
57.5 9.5
57.5 22.5
57.5 29.5
57.5 30.5
57.5 37.5
57.5 38.5
57.5 44.5
57.5 49.5
57.5 50.5
57.5 60.5
57.5 61.5
58.5 7.5
58.5 8.5
58.5 16.5
58.5 23.5
58.5 28.5
58.5 36.5
58.5 39.5
58.5 45.5
58.5 48.5
58.5 59.5
58.5 60.5
58.5 67.5
59.5 6.5
59.5 14.5
59.5 15.5
59.5 17.5
59.5 24.5
59.5 27.5
59.5 35.5
59.5 39.5
59.5 40.5
59.5 47.5
59.5 55.5
59.5 56.5
59.5 58.5
59.5 66.5
60.5 13.5
60.5 18.5
60.5 25.5
60.5 33.5
60.5 34.5
60.5 40.5
60.5 53.5
60.5 54.5
60.5 57.5
60.5 64.5
60.5 65.5
61.5 11.5
61.5 12.5
61.5 19.5
61.5 20.5
61.5 32.5
61.5 33.5
61.5 41.5
61.5 52.5
61.5 53.5
61.5 63.5
61.5 64.5
62.5 10.5
62.5 20.5
62.5 21.5
62.5 31.5
62.5 32.5
62.5 42.5
62.5 50.5
62.5 51.5
62.5 62.5
63.5 22.5
63.5 30.5
