4.5 11.5
4.5 12.5
4.5 13.5
4.5 14.5
5.5 10.5
5.5 11.5
5.5 12.5
5.5 13.5
5.5 14.5
6.5 10.5
6.5 11.5
6.5 12.5
6.5 13.5
6.5 14.5
6.5 29.5
6.5 30.5
6.5 31.5
6.5 32.5
6.5 44.5
6.5 45.5
6.5 46.5
6.5 60.5
6.5 61.5
6.5 62.5
7.5 9.5
7.5 10.5
7.5 11.5
7.5 12.5
7.5 13.5
7.5 14.5
7.5 29.5
7.5 30.5
7.5 31.5
7.5 32.5
7.5 33.5
7.5 44.5
7.5 45.5
7.5 46.5
7.5 47.5
7.5 59.5
7.5 60.5
7.5 61.5
7.5 62.5
7.5 63.5
8.5 9.5
8.5 10.5
8.5 11.5
8.5 12.5
8.5 13.5
8.5 14.5
8.5 29.5
8.5 30.5
8.5 31.5
8.5 32.5
8.5 33.5
8.5 34.5
8.5 44.5
8.5 45.5
8.5 46.5
8.5 47.5
8.5 48.5
8.5 59.5
8.5 60.5
8.5 61.5
8.5 62.5
8.5 63.5
8.5 64.5
9.5 9.5
9.5 10.5
9.5 11.5
9.5 12.5
9.5 13.5
9.5 29.5
9.5 30.5
9.5 31.5
9.5 32.5
9.5 33.5
9.5 34.5
9.5 44.5
9.5 45.5
9.5 46.5
9.5 47.5
9.5 48.5
9.5 58.5
9.5 59.5
9.5 60.5
9.5 61.5
9.5 62.5
9.5 63.5
9.5 64.5
10.5 10.5
10.5 11.5
10.5 12.5
10.5 13.5
10.5 30.5
10.5 31.5
10.5 32.5
10.5 33.5
10.5 34.5
10.5 35.5
10.5 44.5
10.5 45.5
10.5 46.5
10.5 47.5
10.5 48.5
10.5 49.5
10.5 59.5
10.5 60.5
10.5 61.5
10.5 62.5
10.5 63.5
10.5 64.5
11.5 11.5
11.5 30.5
11.5 31.5
11.5 32.5
11.5 33.5
11.5 34.5
11.5 35.5
11.5 45.5
11.5 46.5
11.5 47.5
11.5 48.5
11.5 49.5
11.5 59.5
11.5 60.5
11.5 61.5
11.5 62.5
11.5 63.5
11.5 64.5
12.5 15.5
12.5 16.5
12.5 17.5
12.5 18.5
12.5 25.5
12.5 26.5
12.5 31.5
12.5 32.5
12.5 33.5
12.5 34.5
12.5 40.5
12.5 41.5
12.5 46.5
12.5 47.5
12.5 48.5
12.5 60.5
12.5 61.5
12.5 62.5
12.5 63.5
12.5 64.5
13.5 14.5
13.5 15.5
13.5 16.5
13.5 17.5
13.5 18.5
13.5 19.5
13.5 24.5
13.5 25.5
13.5 26.5
13.5 27.5
13.5 28.5
13.5 33.5
13.5 39.5
13.5 40.5
13.5 41.5
13.5 42.5
13.5 54.5
13.5 55.5
13.5 56.5
13.5 61.5
13.5 62.5
13.5 63.5
14.5 14.5
14.5 15.5
14.5 16.5
14.5 17.5
14.5 18.5
14.5 19.5
14.5 23.5
14.5 24.5
14.5 25.5
14.5 26.5
14.5 27.5
14.5 28.5
14.5 39.5
14.5 40.5
14.5 41.5
14.5 42.5
14.5 43.5
14.5 53.5
14.5 54.5
14.5 55.5
14.5 56.5
14.5 57.5
15.5 13.5
15.5 14.5
15.5 15.5
15.5 16.5
15.5 17.5
15.5 18.5
15.5 19.5
15.5 23.5
15.5 24.5
15.5 25.5
15.5 26.5
15.5 27.5
15.5 28.5
15.5 29.5
15.5 39.5
15.5 40.5
15.5 41.5
15.5 42.5
15.5 43.5
15.5 44.5
15.5 53.5
15.5 54.5
15.5 55.5
15.5 56.5
15.5 57.5
15.5 58.5
16.5 13.5
16.5 14.5
16.5 15.5
16.5 16.5
16.5 17.5
16.5 18.5
16.5 23.5
16.5 24.5
16.5 25.5
16.5 26.5
16.5 27.5
16.5 28.5
16.5 29.5
16.5 39.5
16.5 40.5
16.5 41.5
16.5 42.5
16.5 43.5
16.5 44.5
16.5 53.5
16.5 54.5
16.5 55.5
16.5 56.5
16.5 57.5
16.5 58.5
17.5 13.5
17.5 14.5
17.5 15.5
17.5 16.5
17.5 17.5
17.5 18.5
17.5 24.5
17.5 25.5
17.5 26.5
17.5 27.5
17.5 28.5
17.5 29.5
17.5 40.5
17.5 41.5
17.5 42.5
17.5 43.5
17.5 44.5
17.5 54.5
17.5 55.5
17.5 56.5
17.5 57.5
17.5 58.5
18.5 14.5
18.5 15.5
18.5 16.5
18.5 17.5
18.5 25.5
18.5 26.5
18.5 27.5
18.5 28.5
18.5 29.5
18.5 41.5
18.5 42.5
18.5 43.5
18.5 44.5
18.5 54.5
18.5 55.5
18.5 56.5
18.5 57.5
18.5 58.5
19.5 26.5
19.5 27.5
19.5 28.5
19.5 29.5
19.5 42.5
19.5 43.5
19.5 56.5
19.5 57.5
19.5 58.5
25.5 13.5
25.5 14.5
25.5 15.5
25.5 16.5
25.5 45.5
25.5 46.5
25.5 56.5
25.5 57.5
26.5 13.5
26.5 14.5
26.5 15.5
26.5 16.5
26.5 29.5
26.5 30.5
26.5 31.5
26.5 44.5
26.5 45.5
26.5 46.5
26.5 47.5
26.5 55.5
26.5 56.5
26.5 57.5
26.5 58.5
27.5 13.5
27.5 14.5
27.5 15.5
27.5 16.5
27.5 17.5
27.5 28.5
27.5 29.5
27.5 30.5
27.5 31.5
27.5 32.5
27.5 33.5
27.5 44.5
27.5 45.5
27.5 46.5
27.5 47.5
27.5 48.5
27.5 54.5
27.5 55.5
27.5 56.5
27.5 57.5
27.5 58.5
27.5 59.5
28.5 13.5
28.5 14.5
28.5 15.5
28.5 16.5
28.5 17.5
28.5 18.5
28.5 28.5
28.5 29.5
28.5 30.5
28.5 31.5
28.5 32.5
28.5 33.5
28.5 44.5
28.5 45.5
28.5 46.5
28.5 47.5
28.5 48.5
28.5 49.5
28.5 54.5
28.5 55.5
28.5 56.5
28.5 57.5
28.5 58.5
28.5 59.5
29.5 14.5
29.5 15.5
29.5 16.5
29.5 17.5
29.5 18.5
29.5 28.5
29.5 29.5
29.5 30.5
29.5 31.5
29.5 32.5
29.5 33.5
29.5 34.5
29.5 44.5
29.5 45.5
29.5 46.5
29.5 47.5
29.5 48.5
29.5 49.5
29.5 53.5
29.5 54.5
29.5 55.5
29.5 56.5
29.5 57.5
29.5 58.5
29.5 59.5
30.5 14.5
30.5 15.5
30.5 16.5
30.5 17.5
30.5 18.5
30.5 28.5
30.5 29.5
30.5 30.5
30.5 31.5
30.5 32.5
30.5 33.5
30.5 34.5
30.5 45.5
30.5 46.5
30.5 47.5
30.5 48.5
30.5 49.5
30.5 53.5
30.5 54.5
30.5 55.5
30.5 56.5
30.5 57.5
30.5 58.5
31.5 9.5
31.5 10.5
31.5 15.5
31.5 16.5
31.5 17.5
31.5 18.5
31.5 29.5
31.5 30.5
31.5 31.5
31.5 32.5
31.5 33.5
31.5 34.5
31.5 46.5
31.5 47.5
31.5 48.5
31.5 49.5
31.5 54.5
31.5 55.5
31.5 56.5
31.5 57.5
31.5 58.5
32.5 8.5
32.5 9.5
32.5 10.5
32.5 11.5
32.5 16.5
32.5 17.5
32.5 29.5
32.5 30.5
32.5 31.5
32.5 32.5
32.5 33.5
32.5 34.5
32.5 41.5
32.5 47.5
32.5 48.5
32.5 54.5
32.5 55.5
32.5 56.5
32.5 57.5
33.5 8.5
33.5 9.5
33.5 10.5
33.5 11.5
33.5 12.5
33.5 23.5
33.5 24.5
33.5 25.5
33.5 26.5
33.5 30.5
33.5 31.5
33.5 32.5
33.5 33.5
33.5 39.5
33.5 40.5
33.5 41.5
33.5 42.5
33.5 43.5
33.5 61.5
33.5 62.5
33.5 63.5
33.5 64.5
34.5 8.5
34.5 9.5
34.5 10.5
34.5 11.5
34.5 12.5
34.5 13.5
34.5 23.5
34.5 24.5
34.5 25.5
34.5 26.5
34.5 27.5
34.5 39.5
34.5 40.5
34.5 41.5
34.5 42.5
34.5 43.5
34.5 44.5
34.5 60.5
34.5 61.5
34.5 62.5
34.5 63.5
34.5 64.5
35.5 8.5
35.5 9.5
35.5 10.5
35.5 11.5
35.5 12.5
35.5 13.5
35.5 22.5
35.5 23.5
35.5 24.5
35.5 25.5
35.5 26.5
35.5 27.5
35.5 39.5
35.5 40.5
35.5 41.5
35.5 42.5
35.5 43.5
35.5 44.5
35.5 59.5
35.5 60.5
35.5 61.5
35.5 62.5
35.5 63.5
35.5 64.5
36.5 8.5
36.5 9.5
36.5 10.5
36.5 11.5
36.5 12.5
36.5 13.5
36.5 23.5
36.5 24.5
36.5 25.5
36.5 26.5
36.5 27.5
36.5 28.5
36.5 39.5
36.5 40.5
36.5 41.5
36.5 42.5
36.5 43.5
36.5 44.5
36.5 45.5
36.5 59.5
36.5 60.5
36.5 61.5
36.5 62.5
36.5 63.5
36.5 64.5
37.5 8.5
37.5 9.5
37.5 10.5
37.5 11.5
37.5 12.5
37.5 13.5
37.5 23.5
37.5 24.5
37.5 25.5
37.5 26.5
37.5 27.5
37.5 28.5
37.5 39.5
37.5 40.5
37.5 41.5
37.5 42.5
37.5 43.5
37.5 44.5
37.5 45.5
37.5 59.5
37.5 60.5
37.5 61.5
37.5 62.5
37.5 63.5
37.5 64.5
38.5 9.5
38.5 10.5
38.5 11.5
38.5 12.5
38.5 13.5
38.5 24.5
38.5 25.5
38.5 26.5
38.5 27.5
38.5 28.5
38.5 39.5
38.5 40.5
38.5 41.5
38.5 42.5
38.5 43.5
38.5 44.5
38.5 59.5
38.5 60.5
38.5 61.5
38.5 62.5
38.5 63.5
39.5 10.5
39.5 11.5
39.5 12.5
39.5 24.5
39.5 25.5
39.5 26.5
39.5 27.5
39.5 28.5
39.5 40.5
39.5 41.5
39.5 42.5
39.5 43.5
39.5 44.5
39.5 60.5
39.5 61.5
39.5 62.5
40.5 26.5
40.5 27.5
46.5 10.5
46.5 11.5
46.5 12.5
46.5 45.5
46.5 46.5
46.5 60.5
46.5 61.5
46.5 62.5
46.5 63.5
47.5 9.5
47.5 10.5
47.5 11.5
47.5 12.5
47.5 13.5
47.5 25.5
47.5 26.5
47.5 27.5
47.5 28.5
47.5 44.5
47.5 45.5
47.5 46.5
47.5 47.5
47.5 48.5
47.5 59.5
47.5 60.5
47.5 61.5
47.5 62.5
47.5 63.5
47.5 64.5
48.5 9.5
48.5 10.5
48.5 11.5
48.5 12.5
48.5 13.5
48.5 24.5
48.5 25.5
48.5 26.5
48.5 27.5
48.5 28.5
48.5 43.5
48.5 44.5
48.5 45.5
48.5 46.5
48.5 47.5
48.5 48.5
48.5 59.5
48.5 60.5
48.5 61.5
48.5 62.5
48.5 63.5
48.5 64.5
49.5 8.5
49.5 9.5
49.5 10.5
49.5 11.5
49.5 12.5
49.5 13.5
49.5 23.5
49.5 24.5
49.5 25.5
49.5 26.5
49.5 27.5
49.5 28.5
49.5 43.5
49.5 44.5
49.5 45.5
49.5 46.5
49.5 47.5
49.5 48.5
49.5 49.5
49.5 59.5
49.5 60.5
49.5 61.5
49.5 62.5
49.5 63.5
49.5 64.5
50.5 8.5
50.5 9.5
50.5 10.5
50.5 11.5
50.5 12.5
50.5 13.5
50.5 23.5
50.5 24.5
50.5 25.5
50.5 26.5
50.5 27.5
50.5 28.5
50.5 43.5
50.5 44.5
50.5 45.5
50.5 46.5
50.5 47.5
50.5 48.5
50.5 49.5
50.5 60.5
50.5 61.5
50.5 62.5
50.5 63.5
50.5 64.5
50.5 65.5
51.5 8.5
51.5 9.5
51.5 10.5
51.5 11.5
51.5 12.5
51.5 13.5
51.5 23.5
51.5 24.5
51.5 25.5
51.5 26.5
51.5 27.5
51.5 28.5
51.5 43.5
51.5 44.5
51.5 45.5
51.5 46.5
51.5 47.5
51.5 48.5
51.5 49.5
51.5 60.5
51.5 61.5
51.5 62.5
51.5 63.5
51.5 64.5
52.5 8.5
52.5 9.5
52.5 10.5
52.5 11.5
52.5 12.5
52.5 23.5
52.5 24.5
52.5 25.5
52.5 26.5
52.5 27.5
52.5 28.5
52.5 44.5
52.5 45.5
52.5 46.5
52.5 47.5
52.5 48.5
52.5 49.5
52.5 61.5
52.5 62.5
52.5 63.5
52.5 64.5
53.5 9.5
53.5 10.5
53.5 11.5
53.5 16.5
53.5 17.5
53.5 23.5
53.5 24.5
53.5 25.5
53.5 26.5
53.5 27.5
53.5 45.5
53.5 46.5
53.5 47.5
53.5 48.5
53.5 49.5
53.5 54.5
53.5 55.5
53.5 56.5
53.5 57.5
54.5 15.5
54.5 16.5
54.5 17.5
54.5 18.5
54.5 23.5
54.5 24.5
54.5 25.5
54.5 26.5
54.5 32.5
54.5 40.5
54.5 41.5
54.5 46.5
54.5 47.5
54.5 54.5
54.5 55.5
54.5 56.5
54.5 57.5
54.5 58.5
55.5 14.5
55.5 15.5
55.5 16.5
55.5 17.5
55.5 18.5
55.5 30.5
55.5 31.5
55.5 32.5
55.5 33.5
55.5 34.5
55.5 39.5
55.5 40.5
55.5 41.5
55.5 42.5
55.5 54.5
55.5 55.5
55.5 56.5
55.5 57.5
55.5 58.5
56.5 14.5
56.5 15.5
56.5 16.5
56.5 17.5
56.5 18.5
56.5 19.5
56.5 30.5
56.5 31.5
56.5 32.5
56.5 33.5
56.5 34.5
56.5 39.5
56.5 40.5
56.5 41.5
56.5 42.5
56.5 43.5
56.5 54.5
56.5 55.5
56.5 56.5
56.5 57.5
56.5 58.5
56.5 59.5
57.5 14.5
57.5 15.5
57.5 16.5
57.5 17.5
57.5 18.5
57.5 29.5
57.5 30.5
57.5 31.5
57.5 32.5
57.5 33.5
57.5 34.5
57.5 35.5
57.5 39.5
57.5 40.5
57.5 41.5
57.5 42.5
57.5 43.5
57.5 54.5
57.5 55.5
57.5 56.5
57.5 57.5
57.5 58.5
57.5 59.5
58.5 13.5
58.5 14.5
58.5 15.5
58.5 16.5
58.5 17.5
58.5 18.5
58.5 29.5
58.5 30.5
58.5 31.5
58.5 32.5
58.5 33.5
58.5 34.5
58.5 35.5
58.5 39.5
58.5 40.5
58.5 41.5
58.5 42.5
58.5 43.5
58.5 44.5
58.5 54.5
58.5 55.5
58.5 56.5
58.5 57.5
58.5 58.5
58.5 59.5
59.5 14.5
59.5 15.5
59.5 16.5
59.5 17.5
59.5 18.5
59.5 29.5
59.5 30.5
59.5 31.5
59.5 32.5
59.5 33.5
59.5 34.5
59.5 40.5
59.5 41.5
59.5 42.5
59.5 43.5
59.5 44.5
59.5 55.5
59.5 56.5
59.5 57.5
59.5 58.5
59.5 59.5
60.5 14.5
60.5 15.5
60.5 16.5
60.5 17.5
60.5 29.5
60.5 30.5
60.5 31.5
60.5 32.5
60.5 33.5
60.5 34.5
60.5 40.5
60.5 41.5
60.5 42.5
60.5 43.5
60.5 44.5
60.5 56.5
60.5 57.5
60.5 58.5
61.5 15.5
61.5 16.5
61.5 29.5
61.5 30.5
61.5 31.5
61.5 32.5
61.5 33.5
61.5 41.5
61.5 42.5
61.5 43.5
61.5 44.5
62.5 30.5
62.5 31.5
62.5 32.5
