2.5 44.5
2.5 45.5
2.5 46.5
2.5 47.5
2.5 48.5
5.5 34.5
6.5 11.5
6.5 20.5
6.5 21.5
6.5 34.5
6.5 40.5
6.5 63.5
6.5 64.5
7.5 11.5
7.5 19.5
7.5 20.5
7.5 21.5
7.5 34.5
7.5 35.5
7.5 40.5
7.5 50.5
7.5 63.5
7.5 64.5
8.5 10.5
8.5 19.5
8.5 20.5
8.5 34.5
8.5 35.5
8.5 40.5
8.5 49.5
8.5 50.5
8.5 63.5
8.5 64.5
9.5 10.5
9.5 18.5
9.5 19.5
9.5 20.5
9.5 34.5
9.5 35.5
9.5 40.5
9.5 49.5
9.5 50.5
9.5 63.5
9.5 64.5
9.5 65.5
10.5 10.5
10.5 18.5
10.5 19.5
10.5 35.5
10.5 40.5
10.5 49.5
10.5 50.5
10.5 63.5
10.5 64.5
10.5 65.5
11.5 9.5
11.5 18.5
11.5 19.5
11.5 35.5
11.5 40.5
11.5 49.5
11.5 50.5
11.5 64.5
11.5 65.5
12.5 18.5
12.5 49.5
13.5 13.5
13.5 24.5
13.5 25.5
13.5 30.5
13.5 31.5
13.5 49.5
13.5 58.5
13.5 59.5
14.5 12.5
14.5 13.5
14.5 24.5
14.5 25.5
14.5 30.5
14.5 31.5
14.5 44.5
14.5 53.5
14.5 58.5
14.5 59.5
15.5 12.5
15.5 23.5
15.5 24.5
15.5 25.5
15.5 30.5
15.5 31.5
15.5 32.5
15.5 43.5
15.5 44.5
15.5 53.5
15.5 58.5
15.5 59.5
15.5 60.5
16.5 11.5
16.5 12.5
16.5 23.5
16.5 24.5
16.5 31.5
16.5 32.5
16.5 43.5
16.5 44.5
16.5 53.5
16.5 58.5
16.5 59.5
16.5 60.5
17.5 11.5
17.5 12.5
17.5 22.5
17.5 23.5
17.5 24.5
17.5 31.5
17.5 32.5
17.5 43.5
17.5 44.5
17.5 53.5
17.5 59.5
17.5 60.5
18.5 11.5
18.5 22.5
18.5 23.5
18.5 24.5
18.5 31.5
18.5 32.5
18.5 43.5
18.5 44.5
18.5 53.5
18.5 59.5
18.5 60.5
19.5 11.5
19.5 22.5
19.5 23.5
19.5 32.5
19.5 43.5
19.5 60.5
20.5 22.5
26.5 44.5
26.5 61.5
27.5 9.5
27.5 21.5
27.5 22.5
27.5 34.5
27.5 44.5
27.5 51.5
27.5 60.5
27.5 61.5
28.5 9.5
28.5 10.5
28.5 21.5
28.5 22.5
28.5 23.5
28.5 34.5
28.5 44.5
28.5 45.5
28.5 51.5
28.5 60.5
28.5 61.5
29.5 9.5
29.5 21.5
29.5 22.5
29.5 23.5
29.5 34.5
29.5 35.5
29.5 44.5
29.5 45.5
29.5 50.5
29.5 51.5
29.5 59.5
29.5 60.5
29.5 61.5
30.5 9.5
30.5 22.5
30.5 23.5
30.5 24.5
30.5 34.5
30.5 35.5
30.5 44.5
30.5 45.5
30.5 50.5
30.5 59.5
30.5 60.5
31.5 8.5
31.5 9.5
31.5 22.5
31.5 23.5
31.5 24.5
31.5 34.5
31.5 35.5
31.5 45.5
31.5 46.5
31.5 50.5
31.5 59.5
31.5 60.5
32.5 8.5
32.5 9.5
32.5 23.5
32.5 24.5
32.5 34.5
32.5 35.5
32.5 45.5
32.5 46.5
32.5 50.5
32.5 59.5
33.5 8.5
33.5 9.5
33.5 18.5
33.5 35.5
33.5 40.5
33.5 41.5
33.5 54.5
33.5 65.5
34.5 13.5
34.5 14.5
34.5 18.5
34.5 19.5
34.5 29.5
34.5 30.5
34.5 40.5
34.5 41.5
34.5 54.5
34.5 64.5
34.5 65.5
35.5 13.5
35.5 14.5
35.5 19.5
35.5 29.5
35.5 30.5
35.5 40.5
35.5 41.5
35.5 53.5
35.5 54.5
35.5 64.5
35.5 65.5
36.5 13.5
36.5 14.5
36.5 19.5
36.5 20.5
36.5 29.5
36.5 30.5
36.5 31.5
36.5 41.5
36.5 42.5
36.5 53.5
36.5 54.5
36.5 64.5
36.5 65.5
37.5 12.5
37.5 13.5
37.5 14.5
37.5 19.5
37.5 20.5
37.5 30.5
37.5 31.5
37.5 41.5
37.5 42.5
37.5 53.5
37.5 54.5
37.5 64.5
37.5 65.5
38.5 12.5
38.5 13.5
38.5 20.5
38.5 30.5
38.5 31.5
38.5 41.5
38.5 42.5
38.5 53.5
38.5 54.5
38.5 64.5
38.5 65.5
39.5 12.5
39.5 13.5
39.5 31.5
39.5 42.5
39.5 64.5
40.5 12.5
46.5 22.5
46.5 30.5
46.5 43.5
46.5 51.5
46.5 52.5
46.5 64.5
47.5 22.5
47.5 23.5
47.5 30.5
47.5 31.5
47.5 43.5
47.5 44.5
47.5 51.5
47.5 52.5
47.5 64.5
47.5 65.5
48.5 13.5
48.5 23.5
48.5 29.5
48.5 30.5
48.5 31.5
48.5 43.5
48.5 44.5
48.5 50.5
48.5 51.5
48.5 64.5
48.5 65.5
49.5 13.5
49.5 14.5
49.5 23.5
49.5 29.5
49.5 30.5
49.5 31.5
49.5 43.5
49.5 44.5
49.5 50.5
49.5 51.5
49.5 65.5
49.5 66.5
50.5 13.5
50.5 14.5
50.5 23.5
50.5 29.5
50.5 30.5
50.5 44.5
50.5 49.5
50.5 50.5
50.5 65.5
50.5 66.5
51.5 13.5
51.5 14.5
51.5 23.5
51.5 24.5
51.5 29.5
51.5 30.5
51.5 44.5
51.5 49.5
51.5 65.5
51.5 66.5
52.5 13.5
52.5 14.5
52.5 24.5
52.5 29.5
52.5 54.5
52.5 66.5
53.5 14.5
53.5 29.5
53.5 40.5
53.5 53.5
53.5 54.5
53.5 60.5
53.5 61.5
54.5 14.5
54.5 19.5
54.5 20.5
54.5 35.5
54.5 40.5
54.5 53.5
54.5 54.5
54.5 59.5
54.5 60.5
54.5 61.5
55.5 9.5
55.5 19.5
55.5 20.5
55.5 34.5
55.5 35.5
55.5 40.5
55.5 41.5
55.5 52.5
55.5 53.5
55.5 59.5
55.5 60.5
55.5 61.5
56.5 9.5
56.5 10.5
56.5 20.5
56.5 34.5
56.5 35.5
56.5 40.5
56.5 41.5
56.5 52.5
56.5 53.5
56.5 60.5
56.5 61.5
56.5 62.5
57.5 9.5
57.5 10.5
57.5 20.5
57.5 21.5
57.5 33.5
57.5 34.5
57.5 35.5
57.5 41.5
57.5 52.5
57.5 53.5
57.5 60.5
57.5 61.5
57.5 62.5
58.5 10.5
58.5 11.5
58.5 20.5
58.5 21.5
58.5 33.5
58.5 34.5
58.5 41.5
58.5 52.5
58.5 60.5
58.5 61.5
58.5 62.5
59.5 10.5
59.5 11.5
59.5 20.5
59.5 21.5
59.5 33.5
59.5 34.5
59.5 61.5
60.5 11.5
60.5 21.5
60.5 33.5
