6.5 18.5
6.5 39.5
6.5 59.5
6.5 60.5
7.5 19.5
7.5 20.5
7.5 40.5
7.5 60.5
7.5 61.5
7.5 62.5
8.5 21.5
8.5 41.5
11.5 11.5
11.5 31.5
11.5 52.5
12.5 12.5
12.5 13.5
12.5 32.5
12.5 33.5
12.5 53.5
12.5 54.5
13.5 14.5
13.5 34.5
13.5 35.5
13.5 54.5
13.5 55.5
21.5 13.5
21.5 14.5
22.5 12.5
22.5 13.5
22.5 32.5
22.5 33.5
22.5 34.5
22.5 59.5
22.5 60.5
23.5 11.5
23.5 31.5
23.5 32.5
23.5 61.5
23.5 62.5
26.5 21.5
27.5 19.5
27.5 20.5
27.5 41.5
27.5 42.5
27.5 52.5
27.5 53.5
28.5 18.5
28.5 39.5
28.5 40.5
28.5 53.5
28.5 54.5
29.5 55.5
37.5 18.5
37.5 19.5
37.5 20.5
37.5 33.5
37.5 34.5
37.5 35.5
37.5 58.5
37.5 59.5
38.5 20.5
38.5 21.5
38.5 32.5
38.5 33.5
38.5 59.5
38.5 60.5
39.5 60.5
39.5 61.5
42.5 11.5
42.5 12.5
42.5 41.5
42.5 42.5
43.5 12.5
43.5 13.5
43.5 14.5
43.5 40.5
43.5 41.5
43.5 52.5
43.5 53.5
44.5 15.5
44.5 39.5
44.5 53.5
44.5 54.5
45.5 55.5
52.5 18.5
52.5 19.5
52.5 34.5
53.5 19.5
53.5 20.5
53.5 21.5
53.5 32.5
53.5 33.5
53.5 54.5
54.5 31.5
54.5 52.5
54.5 53.5
55.5 51.5
57.5 11.5
58.5 12.5
58.5 13.5
58.5 39.5
58.5 40.5
58.5 60.5
58.5 61.5
59.5 13.5
59.5 14.5
59.5 38.5
59.5 39.5
59.5 58.5
59.5 59.5
