5.5 39.5
6.5 18.5
6.5 19.5
6.5 20.5
6.5 38.5
6.5 39.5
6.5 40.5
6.5 41.5
6.5 60.5
6.5 61.5
6.5 62.5
7.5 18.5
7.5 19.5
7.5 20.5
7.5 38.5
7.5 39.5
7.5 40.5
7.5 41.5
7.5 60.5
7.5 61.5
7.5 62.5
8.5 18.5
8.5 19.5
8.5 20.5
8.5 40.5
8.5 60.5
8.5 61.5
10.5 32.5
11.5 31.5
11.5 32.5
11.5 33.5
11.5 53.5
12.5 12.5
12.5 13.5
12.5 14.5
12.5 31.5
12.5 32.5
12.5 33.5
12.5 52.5
12.5 53.5
12.5 54.5
13.5 12.5
13.5 13.5
13.5 14.5
13.5 32.5
13.5 33.5
13.5 52.5
13.5 53.5
13.5 54.5
13.5 55.5
14.5 13.5
14.5 14.5
21.5 53.5
22.5 18.5
22.5 19.5
22.5 20.5
22.5 31.5
22.5 32.5
22.5 33.5
22.5 51.5
22.5 52.5
22.5 53.5
22.5 54.5
23.5 19.5
23.5 20.5
23.5 21.5
23.5 31.5
23.5 32.5
23.5 33.5
23.5 51.5
23.5 52.5
23.5 53.5
23.5 54.5
24.5 20.5
24.5 52.5
26.5 39.5
27.5 12.5
27.5 13.5
27.5 38.5
27.5 39.5
27.5 40.5
27.5 59.5
27.5 60.5
27.5 61.5
28.5 11.5
28.5 12.5
28.5 13.5
28.5 14.5
28.5 38.5
28.5 39.5
28.5 40.5
28.5 58.5
28.5 59.5
28.5 60.5
28.5 61.5
29.5 12.5
29.5 13.5
29.5 14.5
29.5 59.5
29.5 60.5
37.5 12.5
37.5 13.5
37.5 14.5
37.5 32.5
37.5 33.5
37.5 34.5
37.5 53.5
37.5 54.5
38.5 12.5
38.5 13.5
38.5 31.5
38.5 32.5
38.5 33.5
38.5 34.5
38.5 52.5
38.5 53.5
38.5 54.5
39.5 32.5
39.5 33.5
39.5 52.5
39.5 53.5
39.5 54.5
41.5 20.5
42.5 19.5
42.5 20.5
42.5 21.5
42.5 40.5
42.5 41.5
42.5 60.5
42.5 61.5
43.5 19.5
43.5 20.5
43.5 21.5
43.5 39.5
43.5 40.5
43.5 41.5
43.5 59.5
43.5 60.5
43.5 61.5
44.5 39.5
44.5 40.5
44.5 41.5
44.5 59.5
44.5 60.5
45.5 40.5
51.5 13.5
51.5 14.5
52.5 12.5
52.5 13.5
52.5 14.5
52.5 39.5
52.5 40.5
52.5 59.5
52.5 60.5
53.5 12.5
53.5 13.5
53.5 14.5
53.5 39.5
53.5 40.5
53.5 41.5
53.5 59.5
53.5 60.5
53.5 61.5
54.5 39.5
54.5 40.5
54.5 41.5
54.5 59.5
54.5 60.5
57.5 19.5
57.5 20.5
57.5 21.5
57.5 32.5
57.5 33.5
57.5 34.5
57.5 52.5
57.5 53.5
57.5 54.5
58.5 19.5
58.5 20.5
58.5 21.5
58.5 32.5
58.5 33.5
58.5 34.5
58.5 52.5
58.5 53.5
58.5 54.5
59.5 53.5
59.5 54.5
