7.5 10.5
7.5 27.5
8.5 10.5
8.5 27.5
8.5 38.5
9.5 10.5
9.5 27.5
9.5 38.5
9.5 44.5
9.5 65.5
10.5 10.5
10.5 27.5
10.5 28.5
10.5 39.5
10.5 44.5
10.5 55.5
10.5 65.5
11.5 10.5
11.5 28.5
11.5 39.5
11.5 44.5
11.5 55.5
11.5 56.5
11.5 65.5
12.5 44.5
12.5 55.5
12.5 56.5
13.5 14.5
13.5 20.5
13.5 24.5
13.5 55.5
13.5 56.5
14.5 14.5
14.5 20.5
14.5 24.5
14.5 34.5
15.5 14.5
15.5 20.5
15.5 34.5
15.5 35.5
16.5 14.5
16.5 20.5
16.5 25.5
16.5 35.5
16.5 36.5
16.5 50.5
16.5 61.5
16.5 62.5
17.5 13.5
17.5 20.5
17.5 25.5
17.5 35.5
17.5 36.5
17.5 50.5
17.5 61.5
17.5 62.5
18.5 13.5
18.5 20.5
18.5 50.5
18.5 51.5
18.5 61.5
18.5 62.5
19.5 51.5
19.5 62.5
20.5 51.5
27.5 13.5
27.5 19.5
27.5 38.5
28.5 13.5
28.5 19.5
28.5 38.5
28.5 39.5
28.5 61.5
29.5 13.5
29.5 19.5
29.5 38.5
29.5 39.5
29.5 50.5
29.5 51.5
29.5 61.5
30.5 13.5
30.5 18.5
30.5 39.5
30.5 50.5
30.5 61.5
31.5 18.5
31.5 39.5
31.5 50.5
31.5 61.5
32.5 50.5
34.5 34.5
34.5 66.5
35.5 9.5
35.5 10.5
35.5 21.5
35.5 26.5
35.5 34.5
35.5 55.5
35.5 65.5
35.5 66.5
36.5 9.5
36.5 10.5
36.5 21.5
36.5 26.5
36.5 34.5
36.5 35.5
36.5 55.5
36.5 65.5
36.5 66.5
37.5 10.5
37.5 21.5
37.5 26.5
37.5 35.5
37.5 54.5
37.5 55.5
37.5 65.5
37.5 66.5
38.5 10.5
38.5 26.5
38.5 27.5
38.5 35.5
38.5 54.5
38.5 65.5
39.5 27.5
39.5 35.5
39.5 36.5
39.5 54.5
40.5 27.5
47.5 20.5
47.5 65.5
48.5 11.5
48.5 20.5
48.5 52.5
48.5 65.5
49.5 11.5
49.5 21.5
49.5 26.5
49.5 27.5
49.5 38.5
49.5 51.5
49.5 52.5
49.5 65.5
50.5 11.5
50.5 21.5
50.5 26.5
50.5 38.5
50.5 51.5
50.5 52.5
50.5 65.5
50.5 66.5
51.5 11.5
51.5 26.5
51.5 38.5
51.5 51.5
51.5 65.5
52.5 11.5
52.5 26.5
52.5 38.5
52.5 39.5
52.5 51.5
53.5 17.5
54.5 17.5
55.5 7.5
55.5 17.5
55.5 61.5
56.5 7.5
56.5 17.5
56.5 29.5
56.5 34.5
56.5 45.5
56.5 55.5
56.5 61.5
57.5 7.5
57.5 17.5
57.5 29.5
57.5 34.5
57.5 45.5
57.5 55.5
57.5 61.5
58.5 17.5
58.5 29.5
58.5 34.5
58.5 35.5
58.5 45.5
58.5 55.5
58.5 61.5
59.5 8.5
59.5 35.5
59.5 45.5
59.5 54.5
59.5 55.5
59.5 61.5
60.5 35.5
60.5 54.5
