4.5 12.5
4.5 26.5
4.5 65.5
5.5 17.5
5.5 35.5
5.5 52.5
6.5 30.5
6.5 44.5
7.5 9.5
7.5 62.5
8.5 38.5
8.5 55.5
12.5 20.5
12.5 26.5
13.5 20.5
13.5 64.5
13.5 65.5
14.5 35.5
14.5 45.5
14.5 53.5
15.5 11.5
16.5 17.5
16.5 29.5
17.5 39.5
17.5 48.5
18.5 56.5
18.5 57.5
18.5 61.5
18.5 62.5
21.5 9.5
21.5 20.5
22.5 26.5
22.5 38.5
23.5 48.5
25.5 11.5
25.5 17.5
25.5 28.5
25.5 34.5
25.5 44.5
25.5 62.5
26.5 53.5
30.5 34.5
30.5 64.5
31.5 8.5
31.5 20.5
31.5 42.5
31.5 43.5
31.5 53.5
32.5 43.5
33.5 61.5
34.5 11.5
34.5 29.5
34.5 37.5
34.5 55.5
34.5 60.5
35.5 11.5
35.5 17.5
35.5 46.5
39.5 9.5
39.5 20.5
39.5 55.5
39.5 60.5
40.5 9.5
40.5 20.5
40.5 30.5
40.5 43.5
41.5 35.5
42.5 12.5
42.5 64.5
43.5 26.5
43.5 47.5
44.5 38.5
48.5 11.5
48.5 16.5
48.5 28.5
48.5 29.5
48.5 55.5
48.5 61.5
49.5 39.5
49.5 44.5
50.5 25.5
51.5 19.5
51.5 64.5
51.5 65.5
52.5 19.5
52.5 36.5
52.5 52.5
56.5 28.5
56.5 29.5
56.5 35.5
56.5 62.5
57.5 8.5
57.5 35.5
57.5 55.5
58.5 8.5
58.5 16.5
58.5 47.5
59.5 65.5
60.5 20.5
60.5 27.5
60.5 53.5
60.5 65.5
60.5 66.5
61.5 20.5
61.5 38.5
61.5 39.5
62.5 44.5
