3.5 39.5
3.5 50.5
3.5 51.5
4.5 12.5
4.5 38.5
4.5 39.5
4.5 40.5
4.5 41.5
4.5 51.5
4.5 52.5
4.5 62.5
4.5 63.5
4.5 64.5
5.5 10.5
5.5 11.5
5.5 12.5
5.5 13.5
5.5 26.5
5.5 27.5
5.5 28.5
5.5 38.5
5.5 39.5
5.5 40.5
5.5 41.5
5.5 52.5
5.5 63.5
5.5 64.5
5.5 65.5
6.5 10.5
6.5 11.5
6.5 12.5
6.5 28.5
6.5 29.5
6.5 46.5
6.5 47.5
6.5 48.5
6.5 57.5
6.5 58.5
7.5 34.5
7.5 35.5
7.5 46.5
7.5 47.5
7.5 48.5
7.5 57.5
7.5 58.5
7.5 59.5
7.5 60.5
8.5 15.5
8.5 16.5
8.5 22.5
8.5 23.5
8.5 24.5
8.5 34.5
8.5 35.5
8.5 36.5
8.5 47.5
8.5 48.5
8.5 59.5
8.5 60.5
9.5 14.5
9.5 15.5
9.5 16.5
9.5 22.5
9.5 23.5
9.5 24.5
9.5 25.5
9.5 36.5
10.5 14.5
12.5 47.5
12.5 58.5
12.5 59.5
12.5 60.5
13.5 13.5
13.5 14.5
13.5 23.5
13.5 24.5
13.5 38.5
13.5 39.5
13.5 45.5
13.5 46.5
13.5 47.5
13.5 57.5
13.5 58.5
13.5 59.5
13.5 60.5
14.5 15.5
14.5 16.5
14.5 21.5
14.5 39.5
14.5 40.5
14.5 58.5
15.5 27.5
15.5 28.5
15.5 29.5
15.5 35.5
15.5 50.5
15.5 51.5
15.5 52.5
16.5 9.5
16.5 10.5
16.5 11.5
16.5 26.5
16.5 27.5
16.5 28.5
16.5 29.5
16.5 34.5
16.5 35.5
16.5 36.5
16.5 49.5
16.5 50.5
16.5 51.5
16.5 62.5
16.5 63.5
16.5 64.5
17.5 36.5
17.5 61.5
17.5 62.5
17.5 63.5
18.5 61.5
18.5 62.5
20.5 11.5
20.5 50.5
21.5 9.5
21.5 10.5
21.5 11.5
21.5 22.5
21.5 23.5
21.5 24.5
21.5 25.5
21.5 37.5
21.5 38.5
21.5 50.5
21.5 51.5
21.5 52.5
22.5 9.5
22.5 10.5
22.5 22.5
22.5 23.5
22.5 24.5
22.5 37.5
22.5 38.5
22.5 39.5
22.5 51.5
22.5 52.5
22.5 53.5
22.5 58.5
22.5 59.5
22.5 60.5
23.5 15.5
23.5 16.5
23.5 38.5
23.5 45.5
23.5 58.5
23.5 59.5
24.5 14.5
24.5 15.5
24.5 16.5
24.5 28.5
24.5 33.5
24.5 44.5
24.5 45.5
24.5 46.5
24.5 47.5
25.5 14.5
25.5 15.5
25.5 26.5
25.5 27.5
25.5 28.5
25.5 33.5
25.5 34.5
25.5 45.5
25.5 46.5
25.5 47.5
25.5 62.5
25.5 63.5
26.5 34.5
26.5 61.5
26.5 62.5
26.5 63.5
30.5 14.5
30.5 15.5
30.5 16.5
30.5 23.5
30.5 24.5
30.5 34.5
30.5 46.5
30.5 47.5
30.5 48.5
30.5 62.5
30.5 63.5
31.5 14.5
31.5 15.5
31.5 16.5
31.5 22.5
31.5 23.5
31.5 33.5
31.5 34.5
31.5 45.5
31.5 46.5
31.5 47.5
31.5 48.5
31.5 63.5
31.5 64.5
32.5 15.5
32.5 16.5
32.5 22.5
32.5 33.5
32.5 34.5
32.5 45.5
32.5 46.5
32.5 47.5
32.5 58.5
33.5 33.5
33.5 52.5
33.5 57.5
33.5 58.5
33.5 59.5
33.5 60.5
34.5 9.5
34.5 10.5
34.5 11.5
34.5 26.5
34.5 27.5
34.5 28.5
34.5 38.5
34.5 39.5
34.5 40.5
34.5 51.5
34.5 52.5
34.5 58.5
34.5 59.5
34.5 60.5
35.5 10.5
35.5 11.5
35.5 12.5
35.5 25.5
35.5 26.5
35.5 27.5
35.5 28.5
35.5 38.5
35.5 39.5
35.5 40.5
35.5 50.5
35.5 51.5
36.5 11.5
36.5 12.5
36.5 26.5
36.5 38.5
36.5 39.5
38.5 59.5
38.5 60.5
39.5 48.5
39.5 49.5
39.5 58.5
39.5 59.5
39.5 60.5
40.5 11.5
40.5 22.5
40.5 23.5
40.5 24.5
40.5 25.5
40.5 39.5
40.5 40.5
40.5 41.5
40.5 47.5
40.5 48.5
41.5 9.5
41.5 10.5
41.5 11.5
41.5 51.5
41.5 52.5
41.5 53.5
41.5 64.5
41.5 65.5
42.5 14.5
42.5 15.5
42.5 16.5
42.5 17.5
42.5 29.5
42.5 36.5
42.5 51.5
42.5 52.5
42.5 63.5
42.5 64.5
42.5 65.5
43.5 13.5
43.5 14.5
43.5 15.5
43.5 27.5
43.5 28.5
43.5 29.5
43.5 35.5
43.5 36.5
43.5 37.5
43.5 38.5
43.5 63.5
43.5 64.5
46.5 51.5
46.5 52.5
47.5 14.5
47.5 15.5
47.5 27.5
47.5 39.5
47.5 51.5
47.5 52.5
47.5 53.5
47.5 62.5
48.5 13.5
48.5 14.5
48.5 15.5
48.5 16.5
48.5 27.5
48.5 28.5
48.5 38.5
48.5 39.5
48.5 40.5
48.5 41.5
48.5 52.5
48.5 53.5
48.5 62.5
48.5 63.5
48.5 64.5
49.5 13.5
49.5 14.5
49.5 15.5
49.5 16.5
49.5 27.5
49.5 28.5
49.5 29.5
49.5 39.5
49.5 40.5
49.5 41.5
49.5 53.5
49.5 63.5
49.5 64.5
50.5 22.5
50.5 23.5
50.5 40.5
50.5 41.5
50.5 47.5
50.5 58.5
50.5 59.5
51.5 9.5
51.5 22.5
51.5 23.5
51.5 24.5
51.5 34.5
51.5 47.5
51.5 48.5
51.5 58.5
51.5 59.5
51.5 60.5
52.5 8.5
52.5 9.5
52.5 10.5
52.5 22.5
52.5 23.5
52.5 24.5
52.5 34.5
52.5 35.5
52.5 36.5
52.5 47.5
52.5 48.5
52.5 49.5
52.5 59.5
52.5 60.5
53.5 9.5
53.5 10.5
53.5 11.5
53.5 23.5
53.5 35.5
53.5 36.5
53.5 48.5
53.5 49.5
57.5 11.5
57.5 12.5
57.5 23.5
57.5 37.5
57.5 38.5
57.5 48.5
57.5 59.5
57.5 60.5
58.5 10.5
58.5 11.5
58.5 21.5
58.5 22.5
58.5 23.5
58.5 37.5
58.5 38.5
58.5 39.5
58.5 40.5
58.5 46.5
58.5 47.5
58.5 58.5
58.5 59.5
59.5 21.5
59.5 22.5
59.5 33.5
60.5 14.5
60.5 15.5
60.5 16.5
60.5 26.5
60.5 27.5
60.5 28.5
60.5 33.5
60.5 34.5
60.5 35.5
60.5 50.5
60.5 51.5
60.5 52.5
60.5 53.5
60.5 63.5
60.5 64.5
61.5 15.5
61.5 25.5
61.5 26.5
61.5 27.5
61.5 35.5
61.5 50.5
61.5 51.5
61.5 52.5
61.5 62.5
61.5 63.5
61.5 64.5
62.5 62.5
62.5 63.5
62.5 64.5
