4.5 32.5
4.5 40.5
4.5 41.5
4.5 42.5
5.5 17.5
5.5 57.5
5.5 58.5
7.5 10.5
7.5 11.5
7.5 26.5
7.5 27.5
7.5 47.5
7.5 64.5
8.5 62.5
12.5 12.5
12.5 26.5
12.5 45.5
12.5 46.5
13.5 65.5
14.5 31.5
14.5 40.5
14.5 41.5
17.5 62.5
18.5 63.5
19.5 31.5
20.5 17.5
20.5 40.5
20.5 41.5
22.5 11.5
22.5 55.5
23.5 27.5
23.5 45.5
27.5 45.5
27.5 56.5
27.5 57.5
28.5 11.5
28.5 12.5
28.5 25.5
28.5 26.5
30.5 32.5
30.5 41.5
30.5 61.5
30.5 62.5
30.5 63.5
31.5 15.5
31.5 16.5
35.5 46.5
35.5 47.5
35.5 57.5
35.5 58.5
36.5 11.5
36.5 25.5
36.5 26.5
38.5 32.5
38.5 41.5
38.5 42.5
39.5 15.5
42.5 59.5
43.5 16.5
43.5 17.5
43.5 26.5
43.5 42.5
44.5 40.5
45.5 12.5
45.5 64.5
46.5 30.5
46.5 31.5
48.5 45.5
48.5 46.5
48.5 47.5
49.5 11.5
49.5 12.5
51.5 25.5
51.5 26.5
52.5 17.5
52.5 57.5
52.5 58.5
54.5 30.5
57.5 56.5
58.5 32.5
59.5 11.5
59.5 48.5
59.5 62.5
61.5 17.5
