5.5 14.5
6.5 14.5
6.5 41.5
6.5 53.5
7.5 14.5
7.5 21.5
7.5 34.5
7.5 40.5
7.5 60.5
8.5 34.5
11.5 44.5
11.5 50.5
12.5 9.5
12.5 24.5
12.5 30.5
12.5 44.5
12.5 63.5
13.5 10.5
13.5 31.5
21.5 43.5
21.5 54.5
21.5 61.5
22.5 10.5
22.5 20.5
22.5 33.5
22.5 43.5
22.5 55.5
22.5 61.5
23.5 9.5
23.5 20.5
23.5 34.5
24.5 34.5
26.5 14.5
26.5 50.5
27.5 13.5
27.5 24.5
27.5 50.5
27.5 51.5
27.5 64.5
28.5 24.5
28.5 30.5
28.5 40.5
28.5 51.5
28.5 64.5
29.5 30.5
36.5 13.5
37.5 14.5
37.5 53.5
37.5 54.5
37.5 64.5
38.5 14.5
38.5 21.5
38.5 43.5
38.5 54.5
39.5 20.5
39.5 33.5
39.5 44.5
40.5 33.5
42.5 9.5
42.5 50.5
42.5 61.5
43.5 9.5
43.5 61.5
44.5 40.5
44.5 51.5
45.5 23.5
45.5 30.5
45.5 41.5
46.5 30.5
53.5 9.5
53.5 20.5
53.5 32.5
53.5 54.5
53.5 63.5
54.5 44.5
54.5 54.5
54.5 64.5
55.5 19.5
55.5 45.5
58.5 13.5
58.5 39.5
58.5 40.5
59.5 12.5
59.5 23.5
59.5 30.5
59.5 51.5
59.5 60.5
60.5 23.5
60.5 60.5
