3.5 8.5
3.5 9.5
3.5 64.5
4.5 9.5
4.5 34.5
4.5 35.5
4.5 44.5
4.5 53.5
4.5 63.5
4.5 64.5
5.5 9.5
5.5 10.5
5.5 22.5
5.5 23.5
5.5 34.5
5.5 35.5
5.5 43.5
5.5 44.5
5.5 53.5
5.5 63.5
6.5 22.5
6.5 23.5
6.5 34.5
6.5 50.5
6.5 60.5
7.5 12.5
7.5 19.5
7.5 30.5
7.5 40.5
7.5 41.5
7.5 49.5
7.5 50.5
7.5 59.5
7.5 60.5
8.5 12.5
8.5 13.5
8.5 19.5
8.5 29.5
8.5 30.5
8.5 40.5
8.5 49.5
9.5 18.5
9.5 19.5
9.5 30.5
11.5 49.5
11.5 60.5
12.5 9.5
12.5 22.5
12.5 29.5
12.5 30.5
12.5 43.5
12.5 49.5
12.5 50.5
12.5 60.5
13.5 9.5
13.5 22.5
13.5 30.5
13.5 43.5
13.5 53.5
14.5 19.5
14.5 33.5
14.5 41.5
14.5 53.5
14.5 54.5
14.5 64.5
15.5 12.5
15.5 18.5
15.5 19.5
15.5 33.5
15.5 34.5
15.5 40.5
15.5 41.5
15.5 54.5
15.5 64.5
16.5 13.5
16.5 33.5
16.5 34.5
16.5 40.5
18.5 22.5
18.5 54.5
18.5 65.5
19.5 9.5
19.5 22.5
19.5 29.5
19.5 54.5
19.5 64.5
20.5 10.5
20.5 22.5
20.5 29.5
20.5 43.5
20.5 44.5
20.5 54.5
21.5 12.5
21.5 43.5
21.5 61.5
22.5 12.5
22.5 13.5
22.5 19.5
22.5 32.5
22.5 33.5
22.5 50.5
22.5 61.5
23.5 13.5
23.5 33.5
23.5 40.5
23.5 41.5
23.5 50.5
24.5 40.5
26.5 9.5
26.5 19.5
26.5 29.5
26.5 53.5
26.5 64.5
26.5 65.5
27.5 9.5
27.5 10.5
27.5 19.5
27.5 20.5
27.5 29.5
27.5 30.5
27.5 43.5
27.5 44.5
27.5 53.5
27.5 63.5
27.5 64.5
27.5 65.5
28.5 10.5
28.5 29.5
28.5 30.5
28.5 43.5
28.5 44.5
28.5 53.5
28.5 63.5
28.5 64.5
29.5 13.5
29.5 22.5
29.5 30.5
29.5 40.5
29.5 50.5
29.5 60.5
29.5 61.5
30.5 13.5
30.5 14.5
30.5 23.5
30.5 24.5
30.5 33.5
30.5 34.5
30.5 40.5
30.5 50.5
30.5 60.5
30.5 61.5
31.5 33.5
31.5 34.5
31.5 40.5
34.5 14.5
34.5 40.5
34.5 49.5
34.5 50.5
34.5 60.5
35.5 13.5
35.5 14.5
35.5 19.5
35.5 20.5
35.5 30.5
35.5 40.5
35.5 41.5
35.5 49.5
35.5 50.5
35.5 51.5
35.5 60.5
35.5 61.5
36.5 13.5
36.5 20.5
36.5 21.5
36.5 30.5
36.5 31.5
36.5 60.5
36.5 61.5
37.5 33.5
37.5 34.5
37.5 43.5
37.5 44.5
37.5 53.5
38.5 10.5
38.5 23.5
38.5 24.5
38.5 34.5
38.5 44.5
38.5 53.5
38.5 54.5
38.5 64.5
39.5 9.5
39.5 10.5
39.5 23.5
39.5 24.5
39.5 54.5
42.5 23.5
42.5 34.5
42.5 40.5
42.5 54.5
42.5 64.5
42.5 65.5
43.5 9.5
43.5 10.5
43.5 23.5
43.5 34.5
43.5 40.5
43.5 41.5
43.5 53.5
43.5 54.5
43.5 64.5
43.5 65.5
44.5 10.5
44.5 11.5
44.5 23.5
44.5 30.5
44.5 61.5
45.5 30.5
45.5 44.5
45.5 50.5
45.5 61.5
46.5 13.5
46.5 19.5
46.5 20.5
46.5 30.5
46.5 44.5
46.5 50.5
47.5 13.5
47.5 14.5
47.5 19.5
49.5 30.5
49.5 44.5
49.5 53.5
49.5 54.5
49.5 60.5
49.5 61.5
50.5 23.5
50.5 30.5
50.5 43.5
50.5 44.5
50.5 53.5
50.5 60.5
50.5 61.5
51.5 14.5
51.5 23.5
51.5 51.5
52.5 14.5
52.5 32.5
52.5 33.5
52.5 40.5
52.5 50.5
52.5 51.5
52.5 64.5
53.5 10.5
53.5 11.5
53.5 20.5
53.5 33.5
53.5 34.5
53.5 40.5
53.5 64.5
54.5 10.5
54.5 11.5
54.5 20.5
54.5 34.5
54.5 40.5
55.5 10.5
56.5 50.5
57.5 23.5
57.5 29.5
57.5 50.5
57.5 51.5
57.5 60.5
58.5 13.5
58.5 23.5
58.5 29.5
58.5 40.5
58.5 41.5
58.5 51.5
58.5 60.5
58.5 61.5
59.5 13.5
59.5 29.5
59.5 40.5
59.5 41.5
59.5 53.5
59.5 54.5
60.5 12.5
60.5 13.5
60.5 20.5
60.5 33.5
60.5 44.5
60.5 45.5
60.5 54.5
60.5 63.5
61.5 9.5
61.5 19.5
61.5 33.5
61.5 45.5
61.5 63.5
61.5 64.5
62.5 8.5
62.5 9.5
62.5 19.5
62.5 33.5
