4.5 15.5
4.5 24.5
4.5 48.5
5.5 15.5
5.5 37.5
5.5 47.5
6.5 16.5
6.5 23.5
6.5 37.5
6.5 47.5
7.5 23.5
7.5 38.5
7.5 46.5
7.5 60.5
8.5 17.5
8.5 38.5
8.5 45.5
8.5 59.5
9.5 9.5
9.5 22.5
9.5 59.5
10.5 10.5
10.5 27.5
10.5 58.5
11.5 10.5
11.5 11.5
12.5 11.5
12.5 26.5
12.5 33.5
12.5 51.5
12.5 52.5
12.5 64.5
13.5 12.5
13.5 26.5
13.5 34.5
13.5 51.5
13.5 63.5
14.5 34.5
14.5 50.5
14.5 63.5
15.5 25.5
19.5 13.5
20.5 14.5
20.5 49.5
21.5 15.5
21.5 23.5
21.5 50.5
21.5 61.5
22.5 16.5
22.5 23.5
22.5 34.5
22.5 51.5
22.5 60.5
23.5 17.5
23.5 34.5
23.5 52.5
23.5 60.5
24.5 22.5
24.5 33.5
24.5 53.5
24.5 59.5
25.5 9.5
26.5 10.5
26.5 27.5
26.5 32.5
26.5 39.5
26.5 45.5
26.5 65.5
27.5 10.5
27.5 39.5
27.5 46.5
27.5 64.5
28.5 11.5
28.5 26.5
28.5 38.5
28.5 47.5
29.5 12.5
29.5 26.5
29.5 38.5
29.5 47.5
29.5 48.5
29.5 63.5
30.5 26.5
30.5 37.5
30.5 48.5
31.5 37.5
35.5 24.5
35.5 63.5
36.5 14.5
36.5 24.5
36.5 50.5
36.5 63.5
37.5 15.5
37.5 50.5
37.5 64.5
38.5 15.5
38.5 16.5
38.5 23.5
38.5 38.5
38.5 51.5
38.5 64.5
39.5 16.5
39.5 23.5
39.5 39.5
39.5 51.5
39.5 65.5
40.5 17.5
40.5 40.5
40.5 52.5
41.5 33.5
41.5 59.5
42.5 9.5
42.5 28.5
42.5 34.5
42.5 45.5
42.5 59.5
43.5 10.5
43.5 27.5
43.5 34.5
43.5 46.5
43.5 60.5
44.5 11.5
44.5 27.5
44.5 35.5
44.5 47.5
44.5 60.5
45.5 12.5
45.5 36.5
45.5 48.5
46.5 26.5
51.5 12.5
51.5 26.5
51.5 38.5
51.5 47.5
51.5 61.5
52.5 13.5
52.5 14.5
52.5 27.5
52.5 38.5
52.5 47.5
52.5 60.5
53.5 14.5
53.5 15.5
53.5 39.5
53.5 46.5
53.5 59.5
54.5 16.5
54.5 28.5
54.5 39.5
54.5 46.5
54.5 59.5
55.5 21.5
55.5 29.5
56.5 9.5
56.5 22.5
56.5 53.5
56.5 64.5
57.5 10.5
57.5 23.5
57.5 34.5
57.5 52.5
58.5 23.5
58.5 24.5
58.5 35.5
58.5 51.5
58.5 63.5
59.5 11.5
59.5 24.5
59.5 36.5
59.5 51.5
60.5 50.5
60.5 62.5
