6.5 16.5
6.5 38.5
7.5 10.5
7.5 11.5
7.5 16.5
7.5 25.5
7.5 26.5
7.5 37.5
7.5 38.5
7.5 39.5
7.5 45.5
7.5 61.5
8.5 25.5
8.5 26.5
8.5 38.5
8.5 44.5
8.5 45.5
8.5 55.5
8.5 56.5
8.5 61.5
9.5 56.5
11.5 20.5
12.5 8.5
12.5 19.5
12.5 20.5
12.5 29.5
12.5 30.5
12.5 34.5
13.5 29.5
13.5 30.5
13.5 35.5
13.5 47.5
13.5 48.5
13.5 54.5
13.5 64.5
13.5 65.5
14.5 47.5
14.5 48.5
14.5 54.5
14.5 64.5
14.5 65.5
21.5 11.5
21.5 17.5
21.5 18.5
22.5 11.5
22.5 17.5
22.5 18.5
22.5 27.5
22.5 36.5
23.5 27.5
23.5 36.5
23.5 44.5
23.5 45.5
23.5 56.5
23.5 64.5
23.5 65.5
24.5 44.5
24.5 45.5
24.5 56.5
24.5 64.5
24.5 65.5
27.5 8.5
27.5 21.5
27.5 30.5
27.5 31.5
28.5 8.5
28.5 9.5
28.5 21.5
28.5 30.5
28.5 31.5
28.5 38.5
28.5 39.5
28.5 47.5
28.5 48.5
28.5 53.5
28.5 61.5
29.5 47.5
29.5 48.5
29.5 53.5
29.5 61.5
29.5 62.5
37.5 9.5
37.5 21.5
37.5 27.5
37.5 28.5
37.5 36.5
37.5 61.5
38.5 9.5
38.5 21.5
38.5 27.5
38.5 28.5
38.5 36.5
38.5 46.5
38.5 55.5
38.5 61.5
38.5 62.5
39.5 46.5
39.5 55.5
42.5 12.5
42.5 17.5
42.5 18.5
42.5 31.5
42.5 52.5
42.5 64.5
42.5 65.5
43.5 12.5
43.5 17.5
43.5 18.5
43.5 30.5
43.5 31.5
43.5 37.5
43.5 42.5
43.5 43.5
43.5 52.5
43.5 53.5
44.5 37.5
44.5 43.5
51.5 64.5
52.5 9.5
52.5 20.5
52.5 21.5
52.5 26.5
52.5 27.5
52.5 43.5
52.5 53.5
52.5 64.5
52.5 65.5
53.5 8.5
53.5 9.5
53.5 20.5
53.5 26.5
53.5 34.5
53.5 42.5
53.5 43.5
53.5 53.5
54.5 8.5
54.5 34.5
57.5 17.5
57.5 29.5
57.5 47.5
57.5 48.5
57.5 61.5
58.5 11.5
58.5 17.5
58.5 28.5
58.5 29.5
58.5 37.5
58.5 47.5
58.5 48.5
58.5 56.5
58.5 61.5
59.5 10.5
59.5 11.5
59.5 37.5
59.5 56.5
