4.5 14.5
4.5 15.5
4.5 16.5
4.5 39.5
4.5 40.5
4.5 60.5
5.5 12.5
5.5 13.5
5.5 14.5
5.5 15.5
5.5 16.5
5.5 40.5
5.5 41.5
5.5 42.5
5.5 43.5
5.5 58.5
5.5 59.5
5.5 60.5
5.5 61.5
5.5 62.5
6.5 11.5
6.5 12.5
6.5 13.5
6.5 14.5
6.5 59.5
6.5 60.5
6.5 61.5
6.5 62.5
6.5 63.5
7.5 60.5
7.5 61.5
7.5 62.5
8.5 22.5
8.5 23.5
8.5 32.5
8.5 33.5
8.5 34.5
8.5 35.5
8.5 51.5
9.5 20.5
9.5 21.5
9.5 22.5
9.5 23.5
9.5 24.5
9.5 32.5
9.5 33.5
9.5 34.5
9.5 35.5
9.5 36.5
9.5 52.5
9.5 53.5
10.5 20.5
10.5 21.5
10.5 22.5
10.5 23.5
10.5 53.5
10.5 54.5
10.5 55.5
11.5 6.5
11.5 20.5
12.5 6.5
13.5 6.5
14.5 6.5
15.5 6.5
16.5 38.5
16.5 39.5
16.5 40.5
16.5 41.5
16.5 51.5
16.5 52.5
16.5 53.5
16.5 54.5
16.5 55.5
17.5 20.5
17.5 21.5
17.5 22.5
17.5 38.5
17.5 39.5
17.5 40.5
17.5 41.5
17.5 42.5
17.5 51.5
17.5 52.5
17.5 53.5
17.5 54.5
17.5 55.5
18.5 21.5
18.5 22.5
18.5 23.5
18.5 39.5
18.5 40.5
18.5 41.5
18.5 42.5
18.5 51.5
18.5 52.5
18.5 53.5
18.5 54.5
19.5 22.5
19.5 23.5
19.5 24.5
20.5 12.5
20.5 13.5
20.5 14.5
21.5 12.5
21.5 13.5
21.5 14.5
21.5 15.5
21.5 16.5
21.5 32.5
21.5 33.5
22.5 13.5
22.5 14.5
22.5 15.5
22.5 16.5
22.5 17.5
22.5 32.5
22.5 33.5
22.5 34.5
22.5 35.5
22.5 59.5
22.5 60.5
22.5 61.5
22.5 62.5
23.5 34.5
23.5 35.5
23.5 36.5
23.5 58.5
23.5 59.5
23.5 60.5
23.5 61.5
24.5 58.5
29.5 12.5
29.5 13.5
29.5 14.5
29.5 15.5
29.5 16.5
29.5 39.5
29.5 40.5
29.5 58.5
29.5 59.5
30.5 10.5
30.5 11.5
30.5 12.5
30.5 13.5
30.5 14.5
30.5 39.5
30.5 40.5
30.5 41.5
30.5 42.5
30.5 58.5
30.5 59.5
30.5 60.5
30.5 61.5
31.5 11.5
31.5 40.5
31.5 41.5
31.5 42.5
31.5 43.5
31.5 60.5
31.5 61.5
31.5 62.5
33.5 21.5
33.5 22.5
33.5 51.5
33.5 52.5
33.5 53.5
33.5 54.5
34.5 19.5
34.5 20.5
34.5 21.5
34.5 22.5
34.5 31.5
34.5 32.5
34.5 33.5
34.5 34.5
34.5 35.5
34.5 52.5
34.5 53.5
34.5 54.5
34.5 55.5
35.5 17.5
35.5 18.5
35.5 19.5
35.5 20.5
35.5 21.5
35.5 32.5
35.5 33.5
35.5 34.5
35.5 35.5
35.5 36.5
35.5 54.5
35.5 55.5
35.5 56.5
36.5 18.5
36.5 19.5
36.5 34.5
36.5 35.5
36.5 36.5
41.5 58.5
41.5 59.5
41.5 60.5
41.5 61.5
42.5 11.5
42.5 12.5
42.5 13.5
42.5 14.5
42.5 15.5
42.5 38.5
42.5 39.5
42.5 40.5
42.5 41.5
42.5 42.5
42.5 59.5
42.5 60.5
42.5 61.5
42.5 62.5
43.5 10.5
43.5 11.5
43.5 12.5
43.5 13.5
43.5 14.5
43.5 40.5
43.5 41.5
43.5 42.5
43.5 61.5
44.5 10.5
44.5 11.5
44.5 12.5
45.5 51.5
45.5 52.5
45.5 53.5
45.5 54.5
46.5 31.5
46.5 32.5
46.5 33.5
46.5 53.5
46.5 54.5
46.5 55.5
47.5 18.5
47.5 19.5
47.5 20.5
47.5 21.5
47.5 30.5
47.5 31.5
47.5 32.5
47.5 33.5
47.5 34.5
47.5 35.5
48.5 16.5
48.5 17.5
48.5 18.5
48.5 19.5
48.5 20.5
48.5 32.5
48.5 33.5
48.5 34.5
49.5 16.5
49.5 17.5
49.5 18.5
52.5 58.5
52.5 59.5
53.5 58.5
53.5 59.5
53.5 60.5
53.5 61.5
54.5 37.5
54.5 38.5
54.5 39.5
54.5 40.5
54.5 41.5
54.5 59.5
54.5 60.5
54.5 61.5
54.5 62.5
55.5 12.5
55.5 13.5
55.5 14.5
55.5 15.5
55.5 37.5
55.5 38.5
55.5 39.5
55.5 40.5
55.5 41.5
55.5 42.5
55.5 61.5
55.5 62.5
56.5 11.5
56.5 12.5
56.5 13.5
56.5 14.5
56.5 15.5
56.5 39.5
56.5 40.5
56.5 41.5
57.5 11.5
57.5 12.5
57.5 13.5
57.5 14.5
57.5 51.5
57.5 52.5
57.5 53.5
57.5 54.5
58.5 51.5
58.5 52.5
58.5 53.5
58.5 54.5
58.5 55.5
59.5 30.5
59.5 31.5
59.5 32.5
59.5 52.5
59.5 53.5
59.5 54.5
59.5 55.5
60.5 19.5
60.5 20.5
60.5 21.5
60.5 22.5
60.5 31.5
60.5 32.5
60.5 33.5
60.5 34.5
61.5 19.5
61.5 20.5
61.5 21.5
61.5 32.5
61.5 33.5
61.5 34.5
61.5 35.5
