4.5 8.5
4.5 16.5
4.5 26.5
4.5 27.5
4.5 33.5
4.5 34.5
4.5 41.5
4.5 42.5
4.5 46.5
4.5 47.5
4.5 54.5
4.5 55.5
5.5 8.5
5.5 15.5
5.5 16.5
5.5 26.5
5.5 27.5
5.5 34.5
5.5 41.5
5.5 42.5
5.5 46.5
5.5 47.5
5.5 54.5
5.5 55.5
5.5 64.5
5.5 65.5
6.5 30.5
6.5 31.5
6.5 38.5
6.5 49.5
6.5 50.5
7.5 10.5
7.5 11.5
7.5 18.5
7.5 19.5
7.5 23.5
7.5 24.5
7.5 30.5
7.5 31.5
7.5 38.5
7.5 39.5
7.5 49.5
7.5 50.5
7.5 57.5
7.5 58.5
7.5 61.5
7.5 62.5
8.5 10.5
8.5 11.5
8.5 24.5
8.5 49.5
8.5 57.5
8.5 58.5
8.5 62.5
11.5 11.5
11.5 16.5
11.5 33.5
11.5 38.5
11.5 39.5
11.5 47.5
11.5 64.5
12.5 10.5
12.5 11.5
12.5 12.5
12.5 15.5
12.5 16.5
12.5 23.5
12.5 24.5
12.5 33.5
12.5 34.5
12.5 38.5
12.5 39.5
12.5 46.5
12.5 47.5
12.5 56.5
12.5 57.5
12.5 64.5
12.5 65.5
13.5 23.5
13.5 24.5
13.5 57.5
14.5 8.5
14.5 9.5
14.5 18.5
14.5 19.5
14.5 26.5
14.5 27.5
14.5 31.5
14.5 41.5
14.5 42.5
14.5 49.5
14.5 50.5
14.5 54.5
14.5 61.5
14.5 62.5
15.5 8.5
15.5 9.5
15.5 18.5
15.5 26.5
15.5 27.5
15.5 31.5
15.5 32.5
15.5 41.5
15.5 42.5
15.5 49.5
15.5 50.5
15.5 54.5
15.5 55.5
15.5 61.5
15.5 62.5
19.5 10.5
19.5 11.5
19.5 15.5
19.5 16.5
19.5 24.5
19.5 34.5
19.5 39.5
19.5 40.5
19.5 49.5
19.5 50.5
19.5 54.5
19.5 63.5
19.5 64.5
20.5 10.5
20.5 11.5
20.5 15.5
20.5 16.5
20.5 23.5
20.5 24.5
20.5 34.5
20.5 35.5
20.5 39.5
20.5 49.5
20.5 50.5
20.5 53.5
20.5 54.5
20.5 63.5
20.5 64.5
21.5 23.5
21.5 24.5
21.5 42.5
22.5 7.5
22.5 8.5
22.5 18.5
22.5 19.5
22.5 26.5
22.5 27.5
22.5 31.5
22.5 32.5
22.5 41.5
22.5 42.5
22.5 46.5
22.5 47.5
22.5 56.5
22.5 60.5
22.5 61.5
23.5 8.5
23.5 18.5
23.5 19.5
23.5 26.5
23.5 27.5
23.5 32.5
23.5 41.5
23.5 42.5
23.5 46.5
23.5 47.5
23.5 55.5
23.5 56.5
23.5 60.5
23.5 61.5
24.5 56.5
27.5 8.5
27.5 9.5
27.5 16.5
27.5 26.5
27.5 27.5
27.5 34.5
27.5 35.5
27.5 39.5
27.5 40.5
28.5 8.5
28.5 15.5
28.5 16.5
28.5 26.5
28.5 27.5
28.5 34.5
28.5 35.5
28.5 39.5
28.5 40.5
28.5 46.5
28.5 47.5
28.5 53.5
28.5 54.5
28.5 63.5
28.5 64.5
28.5 65.5
29.5 46.5
29.5 54.5
30.5 10.5
30.5 11.5
30.5 18.5
30.5 19.5
30.5 23.5
30.5 24.5
30.5 31.5
30.5 32.5
30.5 33.5
30.5 42.5
30.5 49.5
30.5 57.5
30.5 61.5
30.5 62.5
31.5 10.5
31.5 11.5
31.5 18.5
31.5 19.5
31.5 23.5
31.5 24.5
31.5 32.5
31.5 33.5
31.5 41.5
31.5 42.5
31.5 48.5
31.5 49.5
31.5 56.5
31.5 57.5
31.5 61.5
31.5 62.5
32.5 62.5
35.5 8.5
35.5 9.5
35.5 16.5
35.5 17.5
35.5 23.5
35.5 24.5
35.5 34.5
35.5 35.5
35.5 47.5
35.5 54.5
35.5 55.5
35.5 64.5
35.5 65.5
36.5 8.5
36.5 9.5
36.5 15.5
36.5 16.5
36.5 23.5
36.5 24.5
36.5 34.5
36.5 35.5
36.5 39.5
36.5 46.5
36.5 47.5
36.5 54.5
36.5 55.5
36.5 64.5
36.5 65.5
37.5 27.5
37.5 50.5
38.5 11.5
38.5 12.5
38.5 18.5
38.5 19.5
38.5 26.5
38.5 27.5
38.5 31.5
38.5 32.5
38.5 41.5
38.5 42.5
38.5 49.5
38.5 50.5
38.5 56.5
38.5 57.5
38.5 61.5
38.5 62.5
39.5 11.5
39.5 18.5
39.5 19.5
39.5 26.5
39.5 32.5
39.5 41.5
39.5 42.5
39.5 56.5
39.5 57.5
39.5 62.5
42.5 11.5
42.5 26.5
42.5 42.5
42.5 47.5
43.5 10.5
43.5 11.5
43.5 12.5
43.5 16.5
43.5 26.5
43.5 27.5
43.5 34.5
43.5 41.5
43.5 42.5
43.5 46.5
43.5 47.5
43.5 54.5
43.5 55.5
43.5 62.5
44.5 42.5
44.5 54.5
44.5 55.5
44.5 62.5
45.5 8.5
45.5 9.5
45.5 18.5
45.5 19.5
45.5 23.5
45.5 24.5
45.5 31.5
45.5 32.5
45.5 38.5
45.5 39.5
45.5 49.5
45.5 50.5
45.5 57.5
45.5 58.5
45.5 64.5
45.5 65.5
46.5 8.5
46.5 18.5
46.5 19.5
46.5 23.5
46.5 24.5
46.5 31.5
46.5 32.5
46.5 39.5
46.5 48.5
46.5 49.5
46.5 50.5
46.5 56.5
46.5 57.5
46.5 58.5
46.5 64.5
50.5 8.5
50.5 9.5
50.5 15.5
50.5 16.5
50.5 17.5
50.5 23.5
50.5 24.5
50.5 31.5
50.5 32.5
50.5 41.5
50.5 42.5
50.5 46.5
50.5 47.5
50.5 56.5
50.5 57.5
50.5 64.5
50.5 65.5
51.5 8.5
51.5 9.5
51.5 16.5
51.5 23.5
51.5 31.5
51.5 32.5
51.5 42.5
51.5 46.5
51.5 47.5
51.5 56.5
51.5 57.5
51.5 64.5
51.5 65.5
52.5 11.5
52.5 19.5
52.5 26.5
52.5 27.5
52.5 39.5
53.5 11.5
53.5 18.5
53.5 19.5
53.5 26.5
53.5 27.5
53.5 34.5
53.5 35.5
53.5 38.5
53.5 39.5
53.5 40.5
53.5 49.5
53.5 53.5
53.5 54.5
53.5 61.5
53.5 62.5
54.5 34.5
54.5 39.5
54.5 49.5
54.5 53.5
54.5 54.5
54.5 61.5
54.5 62.5
57.5 18.5
57.5 19.5
57.5 24.5
57.5 25.5
58.5 11.5
58.5 12.5
58.5 19.5
58.5 20.5
58.5 24.5
58.5 25.5
58.5 34.5
58.5 41.5
58.5 42.5
58.5 46.5
58.5 47.5
58.5 54.5
58.5 61.5
58.5 62.5
59.5 11.5
59.5 12.5
59.5 34.5
59.5 42.5
59.5 46.5
59.5 47.5
59.5 54.5
59.5 61.5
59.5 62.5
60.5 16.5
60.5 17.5
60.5 27.5
60.5 28.5
60.5 31.5
60.5 32.5
60.5 39.5
60.5 49.5
60.5 50.5
60.5 57.5
61.5 8.5
61.5 9.5
61.5 16.5
61.5 17.5
61.5 27.5
61.5 32.5
61.5 38.5
61.5 39.5
61.5 49.5
61.5 50.5
61.5 56.5
61.5 57.5
61.5 64.5
61.5 65.5
62.5 8.5
62.5 9.5
