4.5 12.5
4.5 13.5
5.5 11.5
5.5 12.5
5.5 13.5
5.5 31.5
5.5 32.5
6.5 12.5
6.5 13.5
6.5 31.5
6.5 32.5
6.5 59.5
6.5 60.5
6.5 61.5
7.5 32.5
9.5 19.5
9.5 20.5
9.5 52.5
9.5 53.5
10.5 19.5
10.5 20.5
10.5 38.5
10.5 39.5
10.5 52.5
10.5 53.5
10.5 54.5
11.5 38.5
11.5 39.5
17.5 53.5
17.5 54.5
18.5 19.5
18.5 20.5
18.5 32.5
18.5 33.5
18.5 53.5
18.5 54.5
19.5 19.5
19.5 20.5
19.5 21.5
19.5 31.5
19.5 32.5
19.5 33.5
21.5 39.5
21.5 40.5
21.5 59.5
21.5 60.5
21.5 61.5
22.5 12.5
22.5 13.5
22.5 14.5
22.5 39.5
22.5 40.5
22.5 59.5
22.5 60.5
22.5 61.5
23.5 12.5
23.5 13.5
23.5 14.5
29.5 33.5
29.5 34.5
30.5 18.5
30.5 19.5
30.5 20.5
30.5 32.5
30.5 33.5
30.5 34.5
30.5 53.5
30.5 54.5
31.5 19.5
31.5 52.5
31.5 53.5
31.5 54.5
32.5 53.5
34.5 10.5
34.5 11.5
34.5 12.5
34.5 39.5
34.5 40.5
34.5 41.5
35.5 11.5
35.5 12.5
35.5 39.5
35.5 40.5
35.5 41.5
35.5 59.5
35.5 60.5
35.5 61.5
36.5 59.5
36.5 60.5
42.5 12.5
42.5 13.5
42.5 33.5
42.5 34.5
42.5 60.5
42.5 61.5
43.5 11.5
43.5 12.5
43.5 13.5
43.5 33.5
43.5 34.5
43.5 59.5
43.5 60.5
43.5 61.5
44.5 12.5
46.5 20.5
46.5 21.5
47.5 19.5
47.5 20.5
47.5 21.5
47.5 40.5
47.5 41.5
47.5 53.5
47.5 54.5
48.5 40.5
48.5 41.5
48.5 42.5
48.5 53.5
48.5 54.5
48.5 55.5
54.5 19.5
54.5 20.5
54.5 21.5
55.5 20.5
55.5 21.5
55.5 40.5
55.5 41.5
55.5 60.5
55.5 61.5
56.5 40.5
56.5 41.5
56.5 42.5
56.5 60.5
56.5 61.5
56.5 62.5
57.5 60.5
57.5 61.5
58.5 13.5
58.5 32.5
58.5 33.5
58.5 34.5
59.5 12.5
59.5 13.5
59.5 14.5
59.5 33.5
59.5 34.5
60.5 13.5
60.5 53.5
60.5 54.5
61.5 53.5
61.5 54.5
61.5 55.5
