3.5 21.5
3.5 59.5
4.5 42.5
5.5 34.5
6.5 50.5
7.5 13.5
7.5 18.5
7.5 29.5
7.5 30.5
7.5 40.5
11.5 50.5
11.5 59.5
11.5 60.5
12.5 44.5
13.5 23.5
13.5 30.5
13.5 54.5
15.5 20.5
15.5 62.5
16.5 35.5
16.5 41.5
16.5 42.5
17.5 34.5
19.5 14.5
20.5 20.5
20.5 44.5
20.5 45.5
20.5 59.5
22.5 10.5
22.5 24.5
22.5 51.5
23.5 34.5
23.5 62.5
27.5 10.5
27.5 21.5
27.5 42.5
27.5 43.5
27.5 49.5
28.5 31.5
29.5 14.5
29.5 64.5
30.5 25.5
31.5 39.5
32.5 33.5
34.5 53.5
35.5 14.5
36.5 24.5
36.5 34.5
36.5 43.5
37.5 49.5
37.5 60.5
38.5 10.5
38.5 20.5
38.5 50.5
39.5 20.5
39.5 30.5
43.5 19.5
43.5 32.5
43.5 39.5
44.5 50.5
45.5 9.5
45.5 22.5
45.5 65.5
46.5 29.5
46.5 43.5
46.5 44.5
46.5 55.5
49.5 29.5
49.5 30.5
50.5 12.5
50.5 19.5
50.5 65.5
51.5 40.5
51.5 56.5
52.5 33.5
53.5 9.5
53.5 62.5
54.5 44.5
54.5 51.5
56.5 23.5
56.5 30.5
58.5 10.5
58.5 65.5
59.5 43.5
60.5 34.5
60.5 35.5
60.5 49.5
60.5 50.5
61.5 13.5
61.5 40.5
