4.5 24.5
4.5 64.5
5.5 11.5
5.5 19.5
5.5 31.5
5.5 39.5
5.5 54.5
5.5 65.5
6.5 39.5
6.5 46.5
6.5 53.5
8.5 8.5
8.5 16.5
8.5 34.5
8.5 42.5
8.5 49.5
8.5 57.5
8.5 62.5
9.5 26.5
9.5 56.5
13.5 56.5
14.5 8.5
14.5 23.5
14.5 35.5
14.5 47.5
14.5 57.5
14.5 65.5
16.5 15.5
16.5 53.5
16.5 62.5
17.5 11.5
17.5 16.5
17.5 32.5
17.5 49.5
17.5 54.5
21.5 54.5
21.5 62.5
22.5 9.5
22.5 16.5
22.5 24.5
22.5 34.5
22.5 40.5
22.5 61.5
23.5 23.5
23.5 35.5
23.5 39.5
24.5 19.5
25.5 12.5
25.5 27.5
25.5 65.5
26.5 11.5
26.5 26.5
26.5 32.5
26.5 47.5
26.5 56.5
26.5 64.5
31.5 12.5
31.5 26.5
31.5 34.5
31.5 49.5
31.5 65.5
32.5 27.5
32.5 39.5
32.5 50.5
32.5 54.5
34.5 9.5
34.5 19.5
34.5 46.5
34.5 57.5
34.5 62.5
35.5 41.5
35.5 47.5
40.5 11.5
40.5 16.5
40.5 32.5
40.5 39.5
40.5 49.5
40.5 57.5
40.5 65.5
42.5 19.5
42.5 27.5
43.5 18.5
43.5 34.5
43.5 54.5
43.5 62.5
44.5 47.5
48.5 16.5
48.5 34.5
48.5 62.5
49.5 11.5
49.5 27.5
49.5 39.5
49.5 46.5
49.5 57.5
49.5 61.5
51.5 19.5
51.5 42.5
52.5 18.5
52.5 24.5
52.5 32.5
52.5 41.5
52.5 49.5
52.5 54.5
52.5 64.5
57.5 16.5
57.5 34.5
57.5 47.5
57.5 57.5
58.5 8.5
58.5 24.5
58.5 46.5
59.5 42.5
60.5 19.5
60.5 31.5
60.5 41.5
60.5 54.5
60.5 62.5
61.5 11.5
61.5 27.5
61.5 32.5
