6.5 40.5
7.5 9.5
7.5 23.5
7.5 29.5
7.5 30.5
7.5 40.5
7.5 50.5
7.5 64.5
8.5 23.5
12.5 12.5
12.5 13.5
12.5 33.5
12.5 43.5
12.5 53.5
12.5 60.5
12.5 61.5
13.5 19.5
13.5 20.5
13.5 33.5
13.5 53.5
13.5 60.5
22.5 9.5
22.5 10.5
22.5 23.5
22.5 30.5
22.5 40.5
22.5 50.5
22.5 63.5
22.5 64.5
23.5 23.5
23.5 30.5
23.5 40.5
23.5 50.5
23.5 63.5
23.5 64.5
27.5 13.5
27.5 20.5
27.5 33.5
27.5 34.5
28.5 13.5
28.5 20.5
28.5 33.5
28.5 34.5
28.5 43.5
28.5 44.5
28.5 53.5
28.5 60.5
37.5 9.5
37.5 10.5
37.5 23.5
37.5 53.5
37.5 60.5
38.5 23.5
38.5 30.5
38.5 43.5
38.5 44.5
38.5 54.5
38.5 60.5
42.5 13.5
42.5 50.5
43.5 13.5
43.5 19.5
43.5 20.5
43.5 33.5
43.5 40.5
43.5 50.5
43.5 63.5
43.5 64.5
52.5 10.5
52.5 50.5
53.5 10.5
53.5 23.5
53.5 33.5
53.5 43.5
53.5 44.5
53.5 50.5
53.5 60.5
53.5 61.5
54.5 23.5
57.5 40.5
58.5 12.5
58.5 13.5
58.5 19.5
58.5 29.5
58.5 30.5
58.5 40.5
58.5 53.5
58.5 54.5
58.5 64.5
59.5 64.5
