4.5 10.5
4.5 62.5
4.5 63.5
5.5 9.5
5.5 10.5
5.5 22.5
5.5 23.5
5.5 33.5
5.5 34.5
5.5 46.5
5.5 47.5
5.5 62.5
5.5 63.5
6.5 46.5
6.5 47.5
7.5 14.5
7.5 15.5
8.5 13.5
8.5 14.5
8.5 15.5
8.5 26.5
8.5 27.5
8.5 38.5
8.5 39.5
8.5 51.5
8.5 52.5
8.5 59.5
8.5 60.5
9.5 38.5
9.5 39.5
9.5 51.5
13.5 14.5
13.5 15.5
13.5 26.5
13.5 59.5
13.5 60.5
14.5 15.5
14.5 26.5
14.5 27.5
14.5 34.5
14.5 35.5
14.5 51.5
14.5 52.5
16.5 9.5
16.5 10.5
16.5 11.5
16.5 22.5
16.5 23.5
16.5 63.5
16.5 64.5
17.5 38.5
17.5 39.5
17.5 47.5
17.5 48.5
17.5 63.5
17.5 64.5
22.5 13.5
22.5 14.5
22.5 26.5
22.5 38.5
22.5 39.5
22.5 50.5
22.5 51.5
22.5 59.5
22.5 60.5
23.5 14.5
23.5 15.5
23.5 51.5
23.5 58.5
23.5 59.5
24.5 34.5
25.5 21.5
25.5 22.5
25.5 33.5
25.5 34.5
25.5 35.5
25.5 46.5
25.5 47.5
25.5 63.5
25.5 64.5
26.5 9.5
26.5 10.5
26.5 22.5
26.5 23.5
26.5 63.5
27.5 10.5
30.5 47.5
30.5 62.5
30.5 63.5
31.5 22.5
31.5 23.5
31.5 34.5
31.5 35.5
31.5 46.5
31.5 47.5
31.5 63.5
31.5 64.5
32.5 9.5
32.5 10.5
32.5 22.5
32.5 23.5
32.5 34.5
33.5 58.5
33.5 59.5
34.5 14.5
34.5 15.5
34.5 26.5
34.5 27.5
34.5 38.5
34.5 39.5
34.5 40.5
34.5 51.5
34.5 59.5
34.5 60.5
35.5 13.5
35.5 14.5
35.5 26.5
35.5 27.5
39.5 39.5
39.5 51.5
39.5 63.5
40.5 10.5
40.5 11.5
40.5 26.5
40.5 27.5
40.5 38.5
40.5 39.5
40.5 51.5
40.5 52.5
40.5 63.5
40.5 64.5
41.5 10.5
42.5 22.5
42.5 34.5
42.5 46.5
42.5 47.5
42.5 58.5
42.5 59.5
43.5 14.5
43.5 15.5
43.5 22.5
43.5 23.5
43.5 35.5
43.5 47.5
43.5 59.5
43.5 60.5
48.5 10.5
48.5 11.5
48.5 26.5
48.5 27.5
48.5 38.5
48.5 39.5
48.5 46.5
48.5 47.5
48.5 59.5
48.5 60.5
49.5 10.5
49.5 26.5
49.5 27.5
49.5 39.5
49.5 46.5
49.5 47.5
49.5 58.5
49.5 59.5
51.5 14.5
51.5 15.5
51.5 22.5
51.5 34.5
51.5 35.5
51.5 51.5
51.5 63.5
52.5 14.5
52.5 15.5
52.5 22.5
52.5 23.5
52.5 34.5
52.5 35.5
52.5 50.5
52.5 51.5
52.5 62.5
52.5 63.5
57.5 14.5
57.5 15.5
57.5 26.5
57.5 34.5
57.5 35.5
57.5 50.5
57.5 51.5
57.5 59.5
58.5 15.5
58.5 26.5
58.5 27.5
58.5 34.5
58.5 50.5
58.5 51.5
58.5 58.5
58.5 59.5
60.5 10.5
60.5 11.5
60.5 22.5
60.5 23.5
60.5 38.5
60.5 39.5
60.5 46.5
60.5 47.5
61.5 11.5
61.5 38.5
61.5 47.5
61.5 62.5
61.5 63.5
61.5 64.5
