3.5 10.5
4.5 9.5
4.5 10.5
4.5 22.5
5.5 9.5
5.5 10.5
5.5 22.5
5.5 23.5
5.5 29.5
5.5 30.5
5.5 51.5
5.5 62.5
6.5 9.5
6.5 10.5
6.5 22.5
6.5 23.5
6.5 29.5
6.5 39.5
6.5 40.5
6.5 50.5
6.5 51.5
6.5 61.5
6.5 62.5
7.5 9.5
7.5 23.5
7.5 28.5
7.5 29.5
7.5 39.5
7.5 40.5
7.5 49.5
7.5 50.5
7.5 60.5
7.5 61.5
8.5 14.5
8.5 18.5
8.5 28.5
8.5 39.5
8.5 49.5
9.5 13.5
9.5 14.5
9.5 18.5
9.5 19.5
9.5 44.5
9.5 55.5
9.5 56.5
10.5 13.5
10.5 19.5
10.5 32.5
10.5 33.5
10.5 34.5
10.5 43.5
10.5 44.5
10.5 54.5
10.5 55.5
10.5 65.5
10.5 66.5
11.5 13.5
11.5 19.5
11.5 32.5
11.5 33.5
11.5 43.5
11.5 44.5
11.5 53.5
11.5 54.5
11.5 64.5
11.5 65.5
12.5 31.5
12.5 32.5
12.5 43.5
12.5 64.5
12.5 65.5
16.5 53.5
16.5 54.5
17.5 12.5
17.5 19.5
17.5 43.5
17.5 54.5
17.5 55.5
17.5 64.5
18.5 12.5
18.5 13.5
18.5 18.5
18.5 19.5
18.5 30.5
18.5 31.5
18.5 43.5
18.5 44.5
18.5 54.5
18.5 55.5
18.5 56.5
18.5 64.5
19.5 13.5
19.5 17.5
19.5 18.5
19.5 29.5
19.5 30.5
19.5 43.5
19.5 44.5
19.5 64.5
19.5 65.5
20.5 13.5
20.5 17.5
20.5 28.5
20.5 29.5
20.5 30.5
20.5 44.5
20.5 49.5
20.5 60.5
20.5 64.5
20.5 65.5
21.5 9.5
21.5 23.5
21.5 49.5
21.5 50.5
21.5 60.5
22.5 8.5
22.5 9.5
22.5 22.5
22.5 23.5
22.5 34.5
22.5 35.5
22.5 40.5
22.5 49.5
22.5 50.5
22.5 51.5
22.5 60.5
23.5 9.5
23.5 21.5
23.5 22.5
23.5 23.5
23.5 34.5
23.5 40.5
23.5 50.5
23.5 51.5
23.5 61.5
24.5 9.5
24.5 21.5
24.5 22.5
24.5 33.5
24.5 34.5
24.5 41.5
25.5 33.5
28.5 50.5
28.5 51.5
28.5 60.5
29.5 9.5
29.5 42.5
29.5 49.5
29.5 50.5
29.5 60.5
30.5 9.5
30.5 19.5
30.5 20.5
30.5 32.5
30.5 33.5
30.5 43.5
30.5 49.5
30.5 50.5
30.5 60.5
31.5 8.5
31.5 9.5
31.5 18.5
31.5 19.5
31.5 20.5
31.5 32.5
31.5 33.5
31.5 43.5
31.5 48.5
31.5 49.5
31.5 60.5
32.5 8.5
32.5 9.5
32.5 18.5
32.5 19.5
32.5 33.5
32.5 44.5
32.5 55.5
33.5 8.5
33.5 38.5
33.5 39.5
33.5 54.5
33.5 55.5
33.5 63.5
34.5 13.5
34.5 24.5
34.5 29.5
34.5 38.5
34.5 39.5
34.5 40.5
34.5 53.5
34.5 54.5
34.5 63.5
35.5 13.5
35.5 23.5
35.5 24.5
35.5 29.5
35.5 39.5
35.5 40.5
35.5 53.5
35.5 63.5
36.5 12.5
36.5 13.5
36.5 22.5
36.5 23.5
36.5 29.5
36.5 63.5
37.5 12.5
37.5 22.5
41.5 31.5
41.5 39.5
41.5 40.5
41.5 53.5
41.5 61.5
42.5 13.5
42.5 22.5
42.5 23.5
42.5 32.5
42.5 38.5
42.5 39.5
42.5 53.5
42.5 54.5
42.5 60.5
42.5 61.5
43.5 13.5
43.5 14.5
43.5 23.5
43.5 32.5
43.5 33.5
43.5 37.5
43.5 38.5
43.5 39.5
43.5 54.5
43.5 55.5
43.5 60.5
44.5 13.5
44.5 14.5
44.5 24.5
44.5 33.5
45.5 14.5
45.5 19.5
45.5 28.5
45.5 44.5
45.5 49.5
45.5 50.5
45.5 64.5
45.5 65.5
46.5 9.5
46.5 19.5
46.5 28.5
46.5 29.5
46.5 43.5
46.5 44.5
46.5 50.5
46.5 63.5
46.5 64.5
47.5 9.5
47.5 10.5
47.5 19.5
47.5 20.5
47.5 29.5
47.5 30.5
47.5 42.5
47.5 43.5
47.5 50.5
47.5 51.5
47.5 63.5
47.5 64.5
48.5 10.5
48.5 20.5
48.5 30.5
48.5 42.5
48.5 51.5
48.5 63.5
49.5 10.5
49.5 11.5
53.5 29.5
53.5 30.5
53.5 41.5
53.5 52.5
53.5 53.5
53.5 63.5
54.5 10.5
54.5 22.5
54.5 29.5
54.5 40.5
54.5 41.5
54.5 53.5
54.5 64.5
55.5 9.5
55.5 10.5
55.5 22.5
55.5 23.5
55.5 28.5
55.5 29.5
55.5 40.5
55.5 41.5
55.5 53.5
55.5 65.5
56.5 9.5
56.5 10.5
56.5 22.5
56.5 23.5
56.5 28.5
56.5 39.5
56.5 40.5
56.5 58.5
56.5 59.5
57.5 8.5
57.5 23.5
57.5 39.5
57.5 40.5
57.5 49.5
57.5 58.5
57.5 59.5
57.5 60.5
58.5 14.5
58.5 33.5
58.5 34.5
58.5 45.5
58.5 49.5
58.5 59.5
58.5 60.5
58.5 61.5
59.5 13.5
59.5 14.5
59.5 19.5
59.5 32.5
59.5 33.5
59.5 34.5
59.5 44.5
59.5 49.5
59.5 50.5
59.5 61.5
60.5 12.5
60.5 13.5
60.5 19.5
60.5 20.5
60.5 32.5
60.5 33.5
60.5 43.5
60.5 44.5
60.5 49.5
60.5 50.5
61.5 12.5
61.5 13.5
61.5 20.5
61.5 32.5
61.5 33.5
61.5 43.5
61.5 44.5
61.5 50.5
62.5 43.5
