4.5 17.5
4.5 18.5
4.5 38.5
4.5 39.5
4.5 58.5
4.5 59.5
4.5 60.5
5.5 18.5
5.5 19.5
5.5 20.5
5.5 21.5
5.5 22.5
5.5 40.5
5.5 41.5
5.5 42.5
5.5 62.5
5.5 63.5
7.5 30.5
7.5 31.5
7.5 32.5
7.5 51.5
7.5 52.5
7.5 53.5
7.5 54.5
8.5 10.5
8.5 11.5
8.5 12.5
8.5 13.5
8.5 33.5
8.5 34.5
8.5 35.5
8.5 54.5
8.5 55.5
8.5 56.5
8.5 57.5
9.5 14.5
9.5 15.5
9.5 16.5
13.5 58.5
13.5 59.5
13.5 60.5
13.5 61.5
14.5 18.5
14.5 19.5
14.5 20.5
14.5 21.5
14.5 38.5
14.5 39.5
14.5 40.5
14.5 41.5
15.5 42.5
15.5 43.5
16.5 10.5
16.5 11.5
16.5 12.5
16.5 30.5
16.5 31.5
16.5 50.5
16.5 51.5
16.5 52.5
17.5 14.5
17.5 15.5
17.5 32.5
17.5 33.5
17.5 34.5
17.5 35.5
17.5 53.5
17.5 54.5
17.5 55.5
17.5 56.5
21.5 15.5
21.5 16.5
22.5 11.5
22.5 12.5
22.5 13.5
22.5 14.5
22.5 33.5
22.5 34.5
22.5 35.5
22.5 36.5
22.5 57.5
22.5 58.5
22.5 59.5
22.5 60.5
22.5 61.5
23.5 30.5
23.5 31.5
23.5 32.5
23.5 33.5
23.5 62.5
23.5 63.5
25.5 18.5
25.5 19.5
25.5 20.5
25.5 21.5
25.5 42.5
25.5 43.5
25.5 50.5
25.5 51.5
25.5 52.5
26.5 38.5
26.5 39.5
26.5 40.5
26.5 41.5
26.5 53.5
26.5 54.5
26.5 55.5
26.5 56.5
30.5 14.5
30.5 15.5
30.5 16.5
31.5 10.5
31.5 11.5
31.5 12.5
31.5 13.5
31.5 32.5
31.5 33.5
31.5 34.5
31.5 35.5
31.5 52.5
31.5 53.5
31.5 54.5
31.5 55.5
32.5 50.5
32.5 51.5
33.5 21.5
33.5 22.5
33.5 23.5
33.5 61.5
33.5 62.5
33.5 63.5
34.5 17.5
34.5 18.5
34.5 19.5
34.5 38.5
34.5 39.5
34.5 40.5
34.5 41.5
34.5 42.5
34.5 58.5
34.5 59.5
34.5 60.5
39.5 18.5
39.5 19.5
39.5 20.5
39.5 21.5
39.5 38.5
39.5 39.5
39.5 40.5
39.5 57.5
39.5 58.5
39.5 59.5
40.5 22.5
40.5 23.5
40.5 41.5
40.5 42.5
40.5 43.5
40.5 60.5
40.5 61.5
40.5 62.5
42.5 10.5
42.5 11.5
42.5 12.5
42.5 32.5
42.5 33.5
42.5 34.5
42.5 51.5
42.5 52.5
43.5 13.5
43.5 14.5
43.5 15.5
43.5 16.5
43.5 35.5
43.5 36.5
43.5 53.5
43.5 54.5
43.5 55.5
48.5 17.5
48.5 18.5
48.5 19.5
48.5 38.5
48.5 39.5
48.5 54.5
48.5 55.5
48.5 56.5
49.5 20.5
49.5 21.5
49.5 22.5
49.5 40.5
49.5 41.5
49.5 42.5
49.5 51.5
49.5 52.5
49.5 53.5
51.5 11.5
51.5 12.5
51.5 31.5
51.5 32.5
51.5 33.5
51.5 60.5
51.5 61.5
51.5 62.5
52.5 14.5
52.5 15.5
52.5 33.5
52.5 34.5
52.5 35.5
52.5 36.5
52.5 57.5
52.5 58.5
52.5 59.5
56.5 15.5
56.5 16.5
57.5 11.5
57.5 12.5
57.5 13.5
57.5 14.5
57.5 33.5
57.5 34.5
57.5 35.5
57.5 54.5
57.5 55.5
57.5 56.5
58.5 30.5
58.5 31.5
58.5 32.5
58.5 51.5
58.5 52.5
58.5 53.5
59.5 22.5
60.5 17.5
60.5 18.5
60.5 19.5
60.5 20.5
60.5 40.5
60.5 41.5
60.5 42.5
60.5 43.5
60.5 60.5
60.5 61.5
60.5 62.5
61.5 37.5
61.5 38.5
61.5 39.5
61.5 58.5
61.5 59.5
