4.5 12.5
4.5 13.5
4.5 32.5
4.5 33.5
4.5 34.5
4.5 53.5
4.5 54.5
5.5 11.5
5.5 12.5
5.5 13.5
5.5 32.5
5.5 33.5
5.5 34.5
5.5 52.5
5.5 53.5
5.5 54.5
5.5 55.5
6.5 11.5
6.5 12.5
6.5 53.5
7.5 18.5
7.5 19.5
7.5 20.5
7.5 21.5
7.5 39.5
7.5 40.5
7.5 41.5
7.5 60.5
7.5 61.5
8.5 18.5
8.5 19.5
8.5 20.5
8.5 38.5
8.5 39.5
8.5 40.5
8.5 41.5
8.5 59.5
8.5 60.5
8.5 61.5
8.5 62.5
9.5 59.5
9.5 60.5
9.5 61.5
12.5 33.5
12.5 34.5
13.5 12.5
13.5 13.5
13.5 14.5
13.5 32.5
13.5 33.5
13.5 34.5
13.5 35.5
13.5 59.5
13.5 60.5
14.5 11.5
14.5 12.5
14.5 13.5
14.5 14.5
14.5 33.5
14.5 34.5
14.5 59.5
14.5 60.5
14.5 61.5
14.5 62.5
15.5 20.5
15.5 21.5
16.5 18.5
16.5 19.5
16.5 20.5
16.5 21.5
16.5 39.5
16.5 40.5
16.5 41.5
16.5 42.5
16.5 52.5
16.5 53.5
16.5 54.5
17.5 19.5
17.5 20.5
17.5 39.5
17.5 40.5
17.5 41.5
17.5 42.5
17.5 52.5
17.5 53.5
17.5 54.5
17.5 55.5
18.5 40.5
21.5 19.5
21.5 20.5
21.5 21.5
21.5 59.5
21.5 60.5
22.5 19.5
22.5 20.5
22.5 21.5
22.5 39.5
22.5 40.5
22.5 41.5
22.5 59.5
22.5 60.5
22.5 61.5
23.5 40.5
23.5 41.5
23.5 60.5
24.5 12.5
24.5 13.5
24.5 14.5
24.5 32.5
24.5 33.5
24.5 34.5
25.5 12.5
25.5 13.5
25.5 14.5
25.5 33.5
25.5 34.5
25.5 52.5
25.5 53.5
25.5 54.5
29.5 19.5
29.5 39.5
29.5 59.5
30.5 18.5
30.5 19.5
30.5 20.5
30.5 21.5
30.5 38.5
30.5 39.5
30.5 40.5
30.5 58.5
30.5 59.5
30.5 60.5
31.5 18.5
31.5 19.5
31.5 20.5
31.5 21.5
31.5 38.5
31.5 39.5
31.5 40.5
31.5 58.5
31.5 59.5
31.5 60.5
31.5 61.5
32.5 20.5
32.5 59.5
32.5 60.5
33.5 12.5
33.5 13.5
33.5 31.5
33.5 32.5
33.5 33.5
33.5 51.5
33.5 52.5
34.5 11.5
34.5 12.5
34.5 13.5
34.5 14.5
34.5 31.5
34.5 32.5
34.5 33.5
34.5 51.5
34.5 52.5
34.5 53.5
35.5 12.5
35.5 13.5
35.5 32.5
35.5 33.5
35.5 52.5
35.5 53.5
39.5 18.5
39.5 19.5
39.5 31.5
39.5 32.5
39.5 33.5
40.5 18.5
40.5 19.5
40.5 20.5
40.5 30.5
40.5 31.5
40.5 32.5
40.5 33.5
40.5 51.5
40.5 52.5
40.5 53.5
41.5 51.5
41.5 52.5
41.5 53.5
42.5 11.5
42.5 12.5
42.5 13.5
42.5 38.5
42.5 39.5
42.5 40.5
43.5 11.5
43.5 12.5
43.5 13.5
43.5 37.5
43.5 38.5
43.5 39.5
43.5 40.5
43.5 59.5
43.5 60.5
43.5 61.5
44.5 12.5
44.5 38.5
44.5 39.5
44.5 59.5
47.5 60.5
48.5 17.5
48.5 18.5
48.5 19.5
48.5 20.5
48.5 31.5
48.5 32.5
48.5 33.5
48.5 34.5
48.5 59.5
48.5 60.5
48.5 61.5
49.5 18.5
49.5 19.5
49.5 20.5
49.5 31.5
49.5 32.5
49.5 33.5
49.5 59.5
49.5 60.5
49.5 61.5
51.5 11.5
51.5 12.5
51.5 13.5
51.5 38.5
51.5 39.5
51.5 40.5
51.5 41.5
51.5 52.5
51.5 53.5
51.5 54.5
52.5 11.5
52.5 12.5
52.5 13.5
52.5 38.5
52.5 39.5
52.5 40.5
52.5 53.5
52.5 54.5
56.5 32.5
56.5 33.5
56.5 34.5
56.5 59.5
56.5 60.5
56.5 61.5
57.5 12.5
57.5 13.5
57.5 14.5
57.5 32.5
57.5 33.5
57.5 34.5
57.5 59.5
57.5 60.5
57.5 61.5
58.5 11.5
58.5 12.5
58.5 13.5
58.5 32.5
58.5 33.5
58.5 60.5
59.5 19.5
59.5 20.5
59.5 53.5
60.5 18.5
60.5 19.5
60.5 20.5
60.5 21.5
60.5 39.5
60.5 40.5
60.5 41.5
60.5 52.5
60.5 53.5
60.5 54.5
61.5 18.5
61.5 19.5
61.5 20.5
61.5 38.5
61.5 39.5
61.5 40.5
61.5 41.5
61.5 52.5
61.5 53.5
61.5 54.5
