5.5 13.5
5.5 14.5
5.5 39.5
5.5 40.5
5.5 41.5
5.5 60.5
6.5 12.5
6.5 13.5
6.5 14.5
6.5 15.5
6.5 38.5
6.5 39.5
6.5 40.5
6.5 41.5
6.5 42.5
6.5 59.5
6.5 60.5
6.5 61.5
6.5 62.5
7.5 11.5
7.5 12.5
7.5 13.5
7.5 14.5
7.5 15.5
7.5 38.5
7.5 39.5
7.5 40.5
7.5 41.5
7.5 42.5
7.5 59.5
7.5 60.5
7.5 61.5
7.5 62.5
8.5 12.5
8.5 13.5
8.5 14.5
8.5 15.5
8.5 39.5
8.5 40.5
8.5 41.5
8.5 42.5
8.5 59.5
8.5 60.5
8.5 61.5
8.5 62.5
9.5 13.5
9.5 40.5
9.5 60.5
9.5 61.5
10.5 20.5
10.5 21.5
10.5 33.5
10.5 53.5
10.5 54.5
11.5 19.5
11.5 20.5
11.5 21.5
11.5 22.5
11.5 32.5
11.5 33.5
11.5 34.5
11.5 52.5
11.5 53.5
11.5 54.5
11.5 55.5
12.5 19.5
12.5 20.5
12.5 21.5
12.5 22.5
12.5 32.5
12.5 33.5
12.5 34.5
12.5 35.5
12.5 51.5
12.5 52.5
12.5 53.5
12.5 54.5
12.5 55.5
13.5 19.5
13.5 20.5
13.5 21.5
13.5 22.5
13.5 32.5
13.5 33.5
13.5 34.5
13.5 35.5
13.5 52.5
13.5 53.5
13.5 54.5
13.5 55.5
14.5 20.5
14.5 33.5
14.5 34.5
14.5 52.5
14.5 53.5
14.5 54.5
21.5 19.5
21.5 20.5
21.5 21.5
21.5 32.5
21.5 33.5
21.5 34.5
21.5 53.5
21.5 54.5
22.5 18.5
22.5 19.5
22.5 20.5
22.5 21.5
22.5 22.5
22.5 31.5
22.5 32.5
22.5 33.5
22.5 34.5
22.5 35.5
22.5 52.5
22.5 53.5
22.5 54.5
22.5 55.5
23.5 19.5
23.5 20.5
23.5 21.5
23.5 22.5
23.5 31.5
23.5 32.5
23.5 33.5
23.5 34.5
23.5 35.5
23.5 52.5
23.5 53.5
23.5 54.5
23.5 55.5
24.5 20.5
24.5 21.5
24.5 32.5
24.5 33.5
24.5 34.5
24.5 52.5
24.5 53.5
24.5 54.5
24.5 55.5
25.5 53.5
25.5 54.5
26.5 12.5
26.5 13.5
26.5 14.5
26.5 39.5
26.5 40.5
26.5 41.5
26.5 61.5
27.5 11.5
27.5 12.5
27.5 13.5
27.5 14.5
27.5 15.5
27.5 38.5
27.5 39.5
27.5 40.5
27.5 41.5
27.5 42.5
27.5 59.5
27.5 60.5
27.5 61.5
27.5 62.5
28.5 11.5
28.5 12.5
28.5 13.5
28.5 14.5
28.5 15.5
28.5 38.5
28.5 39.5
28.5 40.5
28.5 41.5
28.5 42.5
28.5 59.5
28.5 60.5
28.5 61.5
28.5 62.5
29.5 12.5
29.5 13.5
29.5 14.5
29.5 39.5
29.5 40.5
29.5 41.5
29.5 42.5
29.5 59.5
29.5 60.5
29.5 61.5
29.5 62.5
30.5 40.5
36.5 18.5
36.5 19.5
36.5 20.5
36.5 33.5
36.5 34.5
36.5 35.5
36.5 60.5
36.5 61.5
37.5 18.5
37.5 19.5
37.5 20.5
37.5 21.5
37.5 32.5
37.5 33.5
37.5 34.5
37.5 35.5
37.5 36.5
37.5 59.5
37.5 60.5
37.5 61.5
37.5 62.5
38.5 18.5
38.5 19.5
38.5 20.5
38.5 21.5
38.5 32.5
38.5 33.5
38.5 34.5
38.5 35.5
38.5 36.5
38.5 59.5
38.5 60.5
38.5 61.5
38.5 62.5
39.5 18.5
39.5 19.5
39.5 20.5
39.5 21.5
39.5 32.5
39.5 33.5
39.5 34.5
39.5 35.5
39.5 59.5
39.5 60.5
39.5 61.5
39.5 62.5
41.5 41.5
41.5 53.5
41.5 54.5
42.5 11.5
42.5 12.5
42.5 13.5
42.5 14.5
42.5 39.5
42.5 40.5
42.5 41.5
42.5 42.5
42.5 52.5
42.5 53.5
42.5 54.5
42.5 55.5
43.5 11.5
43.5 12.5
43.5 13.5
43.5 14.5
43.5 39.5
43.5 40.5
43.5 41.5
43.5 42.5
43.5 52.5
43.5 53.5
43.5 54.5
43.5 55.5
43.5 56.5
44.5 11.5
44.5 12.5
44.5 13.5
44.5 14.5
44.5 39.5
44.5 40.5
44.5 41.5
44.5 42.5
44.5 53.5
44.5 54.5
44.5 55.5
45.5 12.5
45.5 13.5
45.5 14.5
51.5 39.5
51.5 40.5
51.5 41.5
51.5 53.5
51.5 54.5
51.5 55.5
52.5 18.5
52.5 19.5
52.5 20.5
52.5 21.5
52.5 38.5
52.5 39.5
52.5 40.5
52.5 41.5
52.5 42.5
52.5 52.5
52.5 53.5
52.5 54.5
52.5 55.5
53.5 17.5
53.5 18.5
53.5 19.5
53.5 20.5
53.5 21.5
53.5 38.5
53.5 39.5
53.5 40.5
53.5 41.5
53.5 42.5
53.5 52.5
53.5 53.5
53.5 54.5
53.5 55.5
54.5 18.5
54.5 19.5
54.5 20.5
54.5 21.5
54.5 39.5
54.5 40.5
54.5 41.5
54.5 42.5
54.5 52.5
54.5 53.5
54.5 54.5
54.5 55.5
55.5 18.5
55.5 19.5
55.5 20.5
55.5 21.5
56.5 60.5
56.5 61.5
57.5 32.5
57.5 33.5
57.5 34.5
57.5 35.5
57.5 59.5
57.5 60.5
57.5 61.5
57.5 62.5
58.5 11.5
58.5 12.5
58.5 13.5
58.5 14.5
58.5 31.5
58.5 32.5
58.5 33.5
58.5 34.5
58.5 35.5
58.5 58.5
58.5 59.5
58.5 60.5
58.5 61.5
58.5 62.5
59.5 11.5
59.5 12.5
59.5 13.5
59.5 14.5
59.5 32.5
59.5 33.5
59.5 34.5
59.5 35.5
59.5 59.5
59.5 60.5
59.5 61.5
59.5 62.5
60.5 11.5
60.5 12.5
60.5 13.5
60.5 14.5
60.5 32.5
60.5 33.5
60.5 34.5
60.5 60.5
61.5 12.5
61.5 13.5
61.5 14.5
