2.5 51.5
2.5 60.5
3.5 21.5
3.5 22.5
3.5 31.5
3.5 32.5
3.5 51.5
3.5 52.5
3.5 53.5
3.5 59.5
3.5 60.5
4.5 11.5
4.5 12.5
4.5 13.5
4.5 22.5
4.5 32.5
4.5 33.5
4.5 34.5
4.5 38.5
4.5 39.5
4.5 40.5
4.5 52.5
4.5 53.5
4.5 59.5
4.5 60.5
5.5 12.5
5.5 13.5
5.5 14.5
5.5 15.5
5.5 22.5
5.5 23.5
5.5 34.5
5.5 38.5
5.5 53.5
5.5 54.5
5.5 59.5
5.5 60.5
6.5 14.5
6.5 15.5
6.5 19.5
6.5 23.5
6.5 44.5
6.5 54.5
6.5 59.5
7.5 19.5
7.5 27.5
7.5 28.5
7.5 29.5
7.5 30.5
7.5 42.5
7.5 43.5
7.5 48.5
7.5 49.5
7.5 64.5
7.5 65.5
8.5 19.5
8.5 29.5
8.5 30.5
8.5 41.5
8.5 42.5
8.5 49.5
8.5 50.5
8.5 63.5
9.5 7.5
9.5 8.5
9.5 9.5
9.5 10.5
9.5 20.5
9.5 51.5
10.5 8.5
10.5 9.5
10.5 10.5
10.5 11.5
11.5 41.5
12.5 29.5
12.5 30.5
12.5 31.5
12.5 40.5
12.5 41.5
12.5 51.5
12.5 62.5
12.5 63.5
12.5 64.5
13.5 19.5
13.5 27.5
13.5 28.5
13.5 29.5
13.5 40.5
13.5 41.5
13.5 49.5
13.5 50.5
13.5 51.5
13.5 61.5
13.5 62.5
13.5 63.5
14.5 11.5
14.5 12.5
14.5 19.5
14.5 34.5
14.5 35.5
14.5 39.5
14.5 40.5
14.5 48.5
14.5 49.5
14.5 50.5
15.5 10.5
15.5 11.5
15.5 18.5
15.5 24.5
15.5 34.5
15.5 35.5
15.5 39.5
15.5 40.5
15.5 44.5
15.5 48.5
15.5 49.5
15.5 59.5
16.5 9.5
16.5 10.5
16.5 15.5
16.5 18.5
16.5 22.5
16.5 23.5
16.5 33.5
16.5 34.5
16.5 43.5
16.5 44.5
16.5 55.5
16.5 56.5
16.5 60.5
17.5 8.5
17.5 9.5
17.5 14.5
17.5 21.5
17.5 22.5
17.5 33.5
17.5 34.5
17.5 43.5
17.5 53.5
17.5 54.5
17.5 55.5
17.5 60.5
18.5 14.5
18.5 21.5
18.5 42.5
18.5 43.5
18.5 52.5
18.5 53.5
18.5 54.5
18.5 67.5
19.5 6.5
19.5 13.5
19.5 42.5
19.5 67.5
20.5 6.5
20.5 13.5
20.5 67.5
21.5 6.5
21.5 31.5
21.5 32.5
21.5 33.5
21.5 61.5
21.5 67.5
22.5 6.5
22.5 21.5
22.5 22.5
22.5 23.5
22.5 24.5
22.5 25.5
22.5 29.5
22.5 30.5
22.5 31.5
22.5 32.5
22.5 43.5
22.5 51.5
22.5 52.5
22.5 53.5
22.5 67.5
23.5 12.5
23.5 43.5
23.5 44.5
23.5 49.5
23.5 50.5
23.5 51.5
23.5 60.5
23.5 67.5
24.5 13.5
24.5 45.5
24.5 60.5
24.5 63.5
25.5 8.5
25.5 9.5
25.5 14.5
25.5 17.5
25.5 18.5
25.5 19.5
25.5 35.5
25.5 36.5
25.5 40.5
25.5 41.5
25.5 55.5
25.5 56.5
25.5 57.5
25.5 63.5
25.5 64.5
26.5 9.5
26.5 10.5
26.5 11.5
26.5 18.5
26.5 19.5
26.5 20.5
26.5 21.5
26.5 33.5
26.5 34.5
26.5 35.5
26.5 36.5
26.5 41.5
26.5 53.5
26.5 54.5
26.5 55.5
26.5 56.5
26.5 63.5
26.5 64.5
27.5 33.5
27.5 34.5
27.5 41.5
27.5 42.5
27.5 53.5
27.5 64.5
28.5 42.5
28.5 64.5
29.5 8.5
29.5 9.5
30.5 6.5
30.5 7.5
30.5 8.5
30.5 9.5
30.5 10.5
30.5 21.5
30.5 22.5
30.5 32.5
31.5 21.5
31.5 22.5
31.5 23.5
31.5 33.5
31.5 34.5
31.5 43.5
31.5 44.5
31.5 50.5
31.5 51.5
31.5 52.5
32.5 12.5
32.5 22.5
32.5 23.5
32.5 24.5
32.5 34.5
32.5 35.5
32.5 43.5
32.5 44.5
32.5 48.5
32.5 49.5
32.5 50.5
32.5 51.5
32.5 63.5
32.5 64.5
33.5 11.5
33.5 15.5
33.5 16.5
33.5 23.5
33.5 24.5
33.5 28.5
33.5 29.5
33.5 36.5
33.5 44.5
33.5 64.5
33.5 65.5
34.5 10.5
34.5 16.5
34.5 17.5
34.5 18.5
34.5 28.5
34.5 29.5
34.5 30.5
34.5 31.5
34.5 39.5
34.5 56.5
34.5 65.5
34.5 66.5
35.5 18.5
35.5 19.5
35.5 29.5
35.5 30.5
35.5 31.5
35.5 40.5
35.5 41.5
35.5 53.5
35.5 54.5
35.5 55.5
35.5 56.5
35.5 60.5
35.5 66.5
36.5 52.5
36.5 53.5
36.5 54.5
36.5 60.5
36.5 61.5
37.5 51.5
37.5 52.5
37.5 60.5
37.5 61.5
38.5 8.5
38.5 41.5
38.5 61.5
39.5 8.5
39.5 16.5
39.5 17.5
39.5 18.5
39.5 31.5
39.5 32.5
39.5 33.5
39.5 39.5
39.5 40.5
40.5 7.5
40.5 16.5
40.5 17.5
40.5 18.5
40.5 19.5
40.5 20.5
40.5 32.5
40.5 33.5
40.5 34.5
40.5 35.5
40.5 38.5
40.5 39.5
41.5 7.5
41.5 11.5
41.5 12.5
41.5 48.5
41.5 49.5
41.5 50.5
41.5 51.5
41.5 61.5
42.5 10.5
42.5 11.5
42.5 12.5
42.5 23.5
42.5 24.5
42.5 28.5
42.5 29.5
42.5 30.5
42.5 42.5
42.5 43.5
42.5 44.5
42.5 48.5
42.5 49.5
42.5 50.5
42.5 59.5
42.5 60.5
43.5 10.5
43.5 11.5
43.5 21.5
43.5 22.5
43.5 23.5
43.5 31.5
43.5 41.5
43.5 42.5
43.5 43.5
43.5 64.5
43.5 65.5
44.5 10.5
44.5 53.5
44.5 54.5
44.5 62.5
44.5 63.5
44.5 64.5
45.5 51.5
46.5 31.5
46.5 32.5
47.5 10.5
47.5 11.5
47.5 21.5
47.5 30.5
47.5 31.5
47.5 32.5
47.5 40.5
47.5 41.5
48.5 8.5
48.5 9.5
48.5 20.5
48.5 21.5
48.5 30.5
48.5 31.5
48.5 40.5
48.5 41.5
48.5 52.5
48.5 53.5
48.5 54.5
48.5 60.5
48.5 61.5
48.5 62.5
49.5 20.5
49.5 35.5
49.5 39.5
49.5 40.5
49.5 54.5
49.5 55.5
49.5 59.5
49.5 60.5
50.5 12.5
50.5 13.5
50.5 19.5
50.5 20.5
50.5 26.5
50.5 27.5
50.5 35.5
50.5 39.5
50.5 40.5
51.5 12.5
51.5 13.5
51.5 19.5
51.5 20.5
51.5 25.5
51.5 26.5
51.5 34.5
51.5 35.5
51.5 38.5
51.5 39.5
51.5 63.5
51.5 64.5
51.5 65.5
52.5 12.5
52.5 13.5
52.5 14.5
52.5 19.5
52.5 24.5
52.5 25.5
52.5 34.5
52.5 44.5
52.5 48.5
52.5 49.5
52.5 50.5
52.5 51.5
52.5 62.5
52.5 63.5
53.5 12.5
53.5 13.5
53.5 14.5
53.5 23.5
53.5 24.5
53.5 34.5
53.5 43.5
53.5 44.5
53.5 49.5
53.5 50.5
53.5 51.5
53.5 52.5
54.5 13.5
54.5 14.5
54.5 23.5
54.5 42.5
54.5 43.5
55.5 42.5
56.5 61.5
56.5 62.5
56.5 63.5
57.5 8.5
57.5 9.5
57.5 10.5
57.5 27.5
57.5 32.5
57.5 52.5
57.5 53.5
57.5 54.5
57.5 55.5
57.5 56.5
57.5 61.5
57.5 62.5
57.5 63.5
58.5 9.5
58.5 10.5
58.5 11.5
58.5 24.5
58.5 25.5
58.5 26.5
58.5 27.5
58.5 31.5
58.5 32.5
58.5 54.5
58.5 55.5
58.5 56.5
58.5 57.5
59.5 11.5
59.5 23.5
59.5 24.5
59.5 25.5
59.5 31.5
59.5 41.5
59.5 42.5
59.5 65.5
60.5 43.5
60.5 44.5
61.5 33.5
61.5 36.5
61.5 37.5
61.5 38.5
61.5 39.5
61.5 48.5
61.5 49.5
61.5 50.5
61.5 51.5
61.5 52.5
61.5 53.5
61.5 64.5
62.5 32.5
62.5 37.5
62.5 38.5
62.5 39.5
62.5 40.5
62.5 64.5
63.5 12.5
63.5 13.5
63.5 14.5
63.5 15.5
63.5 19.5
63.5 20.5
63.5 21.5
63.5 22.5
63.5 23.5
