5.5 11.5
5.5 12.5
5.5 13.5
5.5 26.5
5.5 27.5
5.5 28.5
5.5 41.5
5.5 42.5
5.5 43.5
5.5 56.5
5.5 57.5
5.5 58.5
5.5 59.5
6.5 10.5
6.5 11.5
6.5 12.5
6.5 25.5
6.5 26.5
6.5 27.5
6.5 28.5
6.5 40.5
6.5 41.5
6.5 42.5
6.5 43.5
6.5 56.5
6.5 57.5
6.5 58.5
7.5 9.5
7.5 10.5
7.5 11.5
7.5 12.5
7.5 25.5
7.5 26.5
7.5 27.5
7.5 40.5
7.5 41.5
7.5 42.5
7.5 55.5
7.5 56.5
7.5 57.5
8.5 10.5
9.5 16.5
9.5 17.5
9.5 18.5
9.5 31.5
9.5 32.5
9.5 33.5
9.5 47.5
9.5 48.5
9.5 62.5
9.5 63.5
9.5 64.5
10.5 15.5
10.5 16.5
10.5 17.5
10.5 18.5
10.5 30.5
10.5 31.5
10.5 32.5
10.5 33.5
10.5 46.5
10.5 47.5
10.5 48.5
10.5 61.5
10.5 62.5
10.5 63.5
10.5 64.5
11.5 15.5
11.5 16.5
11.5 17.5
11.5 30.5
11.5 31.5
11.5 32.5
11.5 45.5
11.5 46.5
11.5 47.5
11.5 61.5
11.5 62.5
11.5 63.5
12.5 15.5
12.5 46.5
12.5 61.5
17.5 12.5
17.5 13.5
17.5 30.5
17.5 31.5
17.5 32.5
17.5 43.5
17.5 61.5
18.5 10.5
18.5 11.5
18.5 12.5
18.5 13.5
18.5 30.5
18.5 31.5
18.5 32.5
18.5 33.5
18.5 41.5
18.5 42.5
18.5 43.5
18.5 44.5
18.5 61.5
18.5 62.5
18.5 63.5
19.5 10.5
19.5 11.5
19.5 12.5
19.5 31.5
19.5 32.5
19.5 33.5
19.5 34.5
19.5 40.5
19.5 41.5
19.5 42.5
19.5 43.5
19.5 61.5
19.5 62.5
19.5 63.5
19.5 64.5
20.5 41.5
20.5 63.5
20.5 64.5
21.5 17.5
21.5 18.5
21.5 25.5
21.5 26.5
22.5 16.5
22.5 17.5
22.5 18.5
22.5 25.5
22.5 26.5
22.5 27.5
22.5 46.5
22.5 47.5
22.5 48.5
22.5 55.5
22.5 56.5
22.5 57.5
23.5 15.5
23.5 16.5
23.5 17.5
23.5 25.5
23.5 26.5
23.5 27.5
23.5 28.5
23.5 45.5
23.5 46.5
23.5 47.5
23.5 48.5
23.5 56.5
23.5 57.5
23.5 58.5
24.5 15.5
24.5 16.5
24.5 27.5
24.5 28.5
24.5 45.5
24.5 46.5
24.5 47.5
24.5 57.5
24.5 58.5
29.5 12.5
29.5 30.5
29.5 60.5
29.5 61.5
30.5 10.5
30.5 11.5
30.5 12.5
30.5 13.5
30.5 29.5
30.5 30.5
30.5 31.5
30.5 32.5
30.5 45.5
30.5 46.5
30.5 47.5
30.5 60.5
30.5 61.5
30.5 62.5
30.5 63.5
31.5 10.5
31.5 11.5
31.5 12.5
31.5 30.5
31.5 31.5
31.5 32.5
31.5 33.5
31.5 46.5
31.5 47.5
31.5 48.5
31.5 61.5
31.5 62.5
31.5 63.5
31.5 64.5
32.5 10.5
32.5 11.5
32.5 32.5
32.5 33.5
32.5 47.5
32.5 48.5
33.5 40.5
33.5 41.5
33.5 56.5
34.5 15.5
34.5 16.5
34.5 17.5
34.5 24.5
34.5 25.5
34.5 26.5
34.5 40.5
34.5 41.5
34.5 42.5
34.5 43.5
34.5 55.5
34.5 56.5
34.5 57.5
34.5 58.5
35.5 14.5
35.5 15.5
35.5 16.5
35.5 17.5
35.5 25.5
35.5 26.5
35.5 27.5
35.5 41.5
35.5 42.5
35.5 43.5
35.5 56.5
35.5 57.5
35.5 58.5
35.5 59.5
36.5 14.5
36.5 15.5
36.5 16.5
36.5 26.5
36.5 27.5
36.5 42.5
36.5 43.5
41.5 42.5
41.5 43.5
41.5 61.5
41.5 62.5
42.5 11.5
42.5 12.5
42.5 26.5
42.5 27.5
42.5 28.5
42.5 41.5
42.5 42.5
42.5 43.5
42.5 60.5
42.5 61.5
42.5 62.5
42.5 63.5
43.5 9.5
43.5 10.5
43.5 11.5
43.5 12.5
43.5 25.5
43.5 26.5
43.5 27.5
43.5 40.5
43.5 41.5
43.5 42.5
43.5 61.5
43.5 62.5
43.5 63.5
43.5 64.5
44.5 9.5
44.5 10.5
44.5 11.5
44.5 24.5
44.5 25.5
44.5 26.5
44.5 40.5
44.5 41.5
44.5 62.5
44.5 63.5
44.5 64.5
46.5 16.5
46.5 17.5
46.5 18.5
46.5 31.5
46.5 32.5
46.5 33.5
46.5 46.5
46.5 47.5
46.5 48.5
46.5 55.5
46.5 56.5
46.5 57.5
47.5 15.5
47.5 16.5
47.5 17.5
47.5 30.5
47.5 31.5
47.5 32.5
47.5 45.5
47.5 46.5
47.5 47.5
47.5 48.5
47.5 55.5
47.5 56.5
47.5 57.5
47.5 58.5
48.5 14.5
48.5 15.5
48.5 16.5
48.5 17.5
48.5 30.5
48.5 31.5
48.5 45.5
48.5 46.5
48.5 47.5
48.5 56.5
48.5 57.5
48.5 58.5
48.5 59.5
49.5 58.5
54.5 14.5
54.5 15.5
54.5 16.5
54.5 30.5
54.5 31.5
54.5 32.5
54.5 42.5
54.5 43.5
54.5 61.5
55.5 15.5
55.5 16.5
55.5 17.5
55.5 30.5
55.5 31.5
55.5 32.5
55.5 33.5
55.5 40.5
55.5 41.5
55.5 42.5
55.5 43.5
55.5 60.5
55.5 61.5
55.5 62.5
55.5 63.5
56.5 16.5
56.5 17.5
56.5 18.5
56.5 31.5
56.5 32.5
56.5 33.5
56.5 40.5
56.5 41.5
56.5 42.5
56.5 61.5
56.5 62.5
56.5 63.5
56.5 64.5
57.5 63.5
58.5 9.5
58.5 10.5
58.5 25.5
58.5 26.5
58.5 27.5
58.5 47.5
58.5 48.5
58.5 55.5
58.5 56.5
59.5 9.5
59.5 10.5
59.5 11.5
59.5 12.5
59.5 25.5
59.5 26.5
59.5 27.5
59.5 28.5
59.5 45.5
59.5 46.5
59.5 47.5
59.5 48.5
59.5 55.5
59.5 56.5
59.5 57.5
59.5 58.5
60.5 10.5
60.5 11.5
60.5 12.5
60.5 13.5
60.5 26.5
60.5 27.5
60.5 28.5
60.5 45.5
60.5 46.5
60.5 47.5
60.5 56.5
60.5 57.5
60.5 58.5
60.5 59.5
61.5 58.5
