2.5 16.5
2.5 17.5
2.5 18.5
2.5 31.5
2.5 32.5
2.5 33.5
2.5 34.5
2.5 35.5
2.5 36.5
2.5 37.5
2.5 58.5
2.5 59.5
3.5 17.5
3.5 18.5
3.5 19.5
3.5 59.5
3.5 60.5
3.5 61.5
3.5 62.5
4.5 10.5
4.5 19.5
4.5 20.5
4.5 21.5
4.5 24.5
4.5 25.5
4.5 26.5
4.5 27.5
4.5 43.5
4.5 44.5
4.5 45.5
4.5 46.5
4.5 47.5
4.5 60.5
4.5 61.5
4.5 62.5
4.5 63.5
5.5 9.5
5.5 10.5
5.5 11.5
5.5 12.5
5.5 13.5
5.5 14.5
5.5 25.5
5.5 26.5
5.5 27.5
5.5 28.5
5.5 29.5
5.5 42.5
5.5 43.5
5.5 44.5
5.5 45.5
5.5 46.5
5.5 47.5
5.5 51.5
5.5 52.5
5.5 53.5
5.5 54.5
5.5 62.5
5.5 63.5
5.5 64.5
5.5 65.5
6.5 11.5
6.5 12.5
6.5 13.5
6.5 14.5
6.5 15.5
6.5 16.5
6.5 42.5
6.5 43.5
6.5 44.5
6.5 45.5
6.5 52.5
6.5 53.5
6.5 54.5
6.5 55.5
6.5 56.5
7.5 53.5
7.5 54.5
7.5 55.5
7.5 56.5
7.5 57.5
7.5 58.5
8.5 29.5
8.5 30.5
8.5 31.5
8.5 32.5
8.5 33.5
8.5 34.5
8.5 38.5
8.5 39.5
8.5 55.5
8.5 56.5
8.5 57.5
8.5 58.5
8.5 59.5
9.5 40.5
9.5 41.5
11.5 12.5
11.5 13.5
11.5 14.5
11.5 15.5
11.5 16.5
11.5 30.5
11.5 31.5
11.5 32.5
12.5 13.5
12.5 14.5
12.5 15.5
12.5 16.5
12.5 17.5
12.5 18.5
12.5 32.5
12.5 33.5
12.5 34.5
12.5 41.5
12.5 42.5
12.5 43.5
12.5 56.5
12.5 57.5
12.5 58.5
12.5 59.5
12.5 60.5
13.5 15.5
13.5 16.5
13.5 17.5
13.5 18.5
13.5 19.5
13.5 34.5
13.5 35.5
13.5 39.5
13.5 40.5
13.5 41.5
13.5 42.5
13.5 58.5
13.5 59.5
13.5 60.5
13.5 61.5
13.5 62.5
13.5 63.5
14.5 7.5
14.5 8.5
14.5 9.5
14.5 23.5
14.5 24.5
14.5 25.5
14.5 26.5
14.5 27.5
14.5 28.5
14.5 39.5
15.5 8.5
15.5 9.5
15.5 10.5
15.5 23.5
15.5 24.5
15.5 25.5
15.5 26.5
15.5 27.5
15.5 28.5
15.5 29.5
15.5 30.5
15.5 45.5
15.5 46.5
15.5 47.5
15.5 51.5
15.5 52.5
15.5 53.5
15.5 54.5
15.5 55.5
15.5 56.5
16.5 9.5
16.5 10.5
16.5 11.5
16.5 27.5
16.5 28.5
16.5 29.5
16.5 43.5
16.5 44.5
16.5 45.5
16.5 46.5
16.5 47.5
16.5 54.5
16.5 55.5
16.5 56.5
16.5 57.5
16.5 58.5
17.5 11.5
17.5 12.5
19.5 59.5
20.5 27.5
20.5 28.5
20.5 29.5
20.5 30.5
20.5 31.5
20.5 32.5
20.5 41.5
20.5 42.5
20.5 43.5
20.5 44.5
20.5 56.5
20.5 57.5
20.5 58.5
20.5 59.5
21.5 13.5
21.5 14.5
21.5 15.5
21.5 16.5
21.5 17.5
21.5 29.5
21.5 30.5
21.5 31.5
21.5 32.5
21.5 33.5
21.5 34.5
21.5 38.5
21.5 39.5
21.5 40.5
21.5 41.5
21.5 42.5
21.5 55.5
21.5 56.5
21.5 57.5
21.5 58.5
22.5 22.5
22.5 23.5
22.5 24.5
22.5 55.5
22.5 63.5
22.5 64.5
22.5 65.5
23.5 24.5
23.5 25.5
23.5 26.5
23.5 27.5
23.5 52.5
23.5 61.5
23.5 62.5
23.5 63.5
23.5 64.5
23.5 65.5
24.5 44.5
24.5 45.5
24.5 46.5
24.5 47.5
24.5 52.5
24.5 61.5
24.5 62.5
24.5 63.5
24.5 64.5
25.5 11.5
25.5 12.5
25.5 13.5
25.5 42.5
25.5 43.5
25.5 44.5
25.5 45.5
25.5 46.5
25.5 47.5
25.5 48.5
25.5 52.5
26.5 10.5
26.5 11.5
26.5 12.5
26.5 13.5
26.5 26.5
26.5 27.5
26.5 42.5
26.5 43.5
26.5 44.5
26.5 45.5
26.5 46.5
26.5 47.5
26.5 52.5
27.5 9.5
27.5 10.5
27.5 11.5
27.5 12.5
27.5 24.5
27.5 25.5
27.5 26.5
27.5 27.5
27.5 28.5
27.5 29.5
27.5 52.5
28.5 8.5
28.5 9.5
28.5 10.5
28.5 11.5
28.5 62.5
29.5 8.5
29.5 9.5
29.5 39.5
29.5 40.5
29.5 62.5
29.5 63.5
29.5 64.5
29.5 65.5
30.5 21.5
30.5 31.5
30.5 32.5
30.5 33.5
30.5 34.5
30.5 35.5
30.5 36.5
30.5 41.5
30.5 42.5
30.5 43.5
30.5 64.5
30.5 65.5
30.5 66.5
31.5 15.5
31.5 16.5
31.5 17.5
31.5 21.5
31.5 22.5
31.5 33.5
31.5 34.5
31.5 35.5
31.5 36.5
31.5 37.5
31.5 42.5
31.5 43.5
31.5 44.5
31.5 52.5
31.5 66.5
31.5 67.5
32.5 14.5
32.5 15.5
32.5 16.5
32.5 17.5
32.5 21.5
32.5 22.5
32.5 55.5
32.5 56.5
32.5 57.5
32.5 58.5
33.5 14.5
33.5 15.5
33.5 16.5
33.5 17.5
33.5 21.5
33.5 22.5
33.5 51.5
33.5 55.5
33.5 56.5
33.5 57.5
33.5 58.5
33.5 59.5
33.5 60.5
34.5 13.5
34.5 14.5
34.5 15.5
34.5 16.5
34.5 22.5
34.5 46.5
34.5 47.5
34.5 48.5
34.5 56.5
34.5 57.5
34.5 58.5
34.5 59.5
34.5 60.5
34.5 61.5
35.5 13.5
35.5 14.5
35.5 15.5
35.5 32.5
35.5 33.5
35.5 34.5
36.5 13.5
36.5 14.5
36.5 33.5
36.5 34.5
36.5 35.5
36.5 36.5
37.5 24.5
37.5 25.5
37.5 26.5
37.5 27.5
37.5 35.5
37.5 36.5
37.5 37.5
37.5 43.5
37.5 44.5
37.5 45.5
38.5 25.5
38.5 26.5
38.5 27.5
38.5 28.5
38.5 29.5
38.5 41.5
38.5 42.5
38.5 43.5
38.5 44.5
39.5 27.5
39.5 28.5
39.5 29.5
39.5 30.5
39.5 41.5
39.5 57.5
39.5 58.5
39.5 59.5
39.5 60.5
39.5 61.5
39.5 62.5
40.5 58.5
40.5 59.5
40.5 60.5
40.5 61.5
40.5 62.5
40.5 63.5
40.5 64.5
41.5 8.5
41.5 9.5
41.5 10.5
41.5 11.5
41.5 12.5
41.5 13.5
42.5 7.5
42.5 8.5
42.5 9.5
42.5 10.5
42.5 11.5
42.5 12.5
42.5 44.5
42.5 45.5
42.5 46.5
42.5 47.5
42.5 48.5
42.5 53.5
42.5 54.5
43.5 7.5
43.5 8.5
43.5 9.5
43.5 29.5
43.5 30.5
43.5 31.5
43.5 44.5
43.5 45.5
43.5 46.5
43.5 47.5
43.5 48.5
43.5 49.5
43.5 53.5
43.5 54.5
43.5 55.5
43.5 56.5
44.5 31.5
44.5 32.5
44.5 33.5
44.5 48.5
44.5 54.5
44.5 55.5
44.5 56.5
44.5 57.5
44.5 67.5
45.5 16.5
45.5 17.5
45.5 34.5
45.5 35.5
45.5 56.5
45.5 57.5
45.5 58.5
45.5 67.5
46.5 13.5
46.5 14.5
46.5 15.5
46.5 16.5
46.5 17.5
46.5 22.5
46.5 23.5
46.5 24.5
46.5 25.5
46.5 26.5
46.5 27.5
46.5 39.5
46.5 40.5
46.5 41.5
46.5 42.5
46.5 67.5
47.5 11.5
47.5 12.5
47.5 13.5
47.5 14.5
47.5 15.5
47.5 24.5
47.5 25.5
47.5 26.5
47.5 27.5
47.5 28.5
47.5 29.5
47.5 42.5
47.5 43.5
47.5 44.5
47.5 45.5
47.5 67.5
49.5 59.5
49.5 60.5
49.5 61.5
49.5 62.5
50.5 60.5
50.5 61.5
50.5 62.5
50.5 63.5
50.5 64.5
51.5 7.5
51.5 8.5
51.5 9.5
51.5 10.5
51.5 11.5
51.5 12.5
51.5 25.5
51.5 26.5
51.5 27.5
51.5 28.5
51.5 29.5
51.5 44.5
51.5 45.5
51.5 46.5
51.5 47.5
52.5 22.5
52.5 23.5
52.5 24.5
52.5 25.5
52.5 46.5
52.5 47.5
52.5 48.5
52.5 49.5
53.5 13.5
53.5 14.5
53.5 15.5
53.5 16.5
53.5 17.5
53.5 31.5
53.5 32.5
53.5 33.5
53.5 34.5
53.5 35.5
53.5 36.5
53.5 39.5
53.5 40.5
53.5 41.5
53.5 53.5
53.5 54.5
53.5 55.5
53.5 56.5
53.5 57.5
53.5 58.5
53.5 59.5
53.5 60.5
54.5 28.5
54.5 29.5
54.5 30.5
54.5 31.5
54.5 32.5
54.5 33.5
54.5 34.5
54.5 40.5
54.5 41.5
54.5 42.5
54.5 43.5
54.5 55.5
54.5 56.5
54.5 57.5
54.5 58.5
54.5 59.5
54.5 60.5
55.5 42.5
55.5 43.5
55.5 44.5
57.5 11.5
57.5 12.5
57.5 13.5
57.5 14.5
58.5 9.5
58.5 10.5
58.5 11.5
58.5 12.5
58.5 13.5
58.5 25.5
58.5 26.5
58.5 27.5
58.5 28.5
58.5 29.5
58.5 30.5
58.5 44.5
58.5 59.5
58.5 60.5
58.5 61.5
58.5 62.5
58.5 63.5
58.5 64.5
58.5 65.5
59.5 8.5
59.5 9.5
59.5 10.5
59.5 11.5
59.5 24.5
59.5 25.5
59.5 26.5
59.5 27.5
59.5 28.5
59.5 29.5
59.5 45.5
59.5 46.5
59.5 47.5
59.5 48.5
59.5 60.5
59.5 61.5
59.5 62.5
59.5 63.5
59.5 64.5
59.5 65.5
59.5 66.5
60.5 17.5
60.5 18.5
60.5 19.5
60.5 20.5
61.5 14.5
61.5 15.5
61.5 16.5
61.5 17.5
61.5 18.5
61.5 19.5
61.5 41.5
61.5 54.5
61.5 55.5
61.5 56.5
61.5 57.5
62.5 14.5
62.5 15.5
62.5 16.5
62.5 31.5
62.5 32.5
62.5 33.5
62.5 34.5
62.5 35.5
62.5 36.5
62.5 40.5
62.5 41.5
62.5 42.5
62.5 43.5
62.5 44.5
62.5 57.5
62.5 58.5
62.5 59.5
62.5 60.5
63.5 30.5
63.5 31.5
63.5 32.5
63.5 33.5
63.5 34.5
63.5 35.5
63.5 41.5
63.5 42.5
63.5 43.5
63.5 44.5
