4.5 24.5
4.5 49.5
4.5 54.5
4.5 55.5
5.5 8.5
5.5 9.5
5.5 24.5
5.5 25.5
5.5 26.5
5.5 47.5
5.5 48.5
5.5 49.5
5.5 54.5
5.5 55.5
5.5 56.5
6.5 8.5
6.5 9.5
6.5 10.5
6.5 25.5
6.5 26.5
6.5 27.5
6.5 46.5
6.5 47.5
6.5 48.5
6.5 55.5
6.5 56.5
6.5 57.5
7.5 8.5
7.5 9.5
7.5 10.5
7.5 11.5
7.5 26.5
7.5 27.5
7.5 28.5
7.5 45.5
7.5 46.5
7.5 47.5
7.5 48.5
7.5 56.5
7.5 57.5
7.5 58.5
8.5 9.5
8.5 10.5
8.5 11.5
8.5 12.5
8.5 26.5
8.5 27.5
8.5 28.5
8.5 29.5
8.5 45.5
8.5 46.5
8.5 47.5
8.5 57.5
8.5 58.5
8.5 59.5
9.5 10.5
9.5 11.5
9.5 12.5
9.5 13.5
9.5 14.5
9.5 27.5
9.5 28.5
9.5 29.5
9.5 44.5
9.5 45.5
9.5 58.5
9.5 59.5
10.5 12.5
10.5 14.5
10.5 15.5
10.5 16.5
10.5 29.5
10.5 30.5
10.5 44.5
10.5 59.5
10.5 60.5
10.5 61.5
11.5 14.5
11.5 15.5
11.5 16.5
11.5 17.5
11.5 30.5
11.5 31.5
11.5 32.5
11.5 42.5
11.5 43.5
11.5 44.5
11.5 60.5
11.5 61.5
11.5 62.5
12.5 15.5
12.5 16.5
12.5 17.5
12.5 31.5
12.5 32.5
12.5 33.5
12.5 41.5
12.5 42.5
12.5 43.5
12.5 44.5
12.5 60.5
12.5 61.5
12.5 62.5
12.5 63.5
13.5 16.5
13.5 17.5
13.5 18.5
13.5 32.5
13.5 33.5
13.5 34.5
13.5 41.5
13.5 42.5
13.5 43.5
13.5 61.5
13.5 62.5
13.5 63.5
13.5 64.5
14.5 16.5
14.5 17.5
14.5 18.5
14.5 19.5
14.5 33.5
14.5 34.5
14.5 35.5
14.5 40.5
14.5 41.5
14.5 42.5
14.5 63.5
14.5 64.5
15.5 18.5
15.5 19.5
15.5 34.5
15.5 35.5
15.5 40.5
20.5 9.5
20.5 10.5
20.5 34.5
20.5 35.5
20.5 50.5
20.5 54.5
21.5 9.5
21.5 10.5
21.5 11.5
21.5 32.5
21.5 33.5
21.5 34.5
21.5 48.5
21.5 49.5
21.5 50.5
21.5 54.5
21.5 55.5
21.5 56.5
21.5 57.5
22.5 10.5
22.5 11.5
22.5 12.5
22.5 31.5
22.5 32.5
22.5 33.5
22.5 34.5
22.5 46.5
22.5 47.5
22.5 48.5
22.5 49.5
22.5 55.5
22.5 56.5
22.5 57.5
22.5 58.5
23.5 10.5
23.5 11.5
23.5 12.5
23.5 13.5
23.5 31.5
23.5 32.5
23.5 33.5
23.5 45.5
23.5 46.5
23.5 47.5
23.5 48.5
23.5 56.5
23.5 57.5
23.5 58.5
23.5 59.5
24.5 11.5
24.5 12.5
24.5 13.5
24.5 30.5
24.5 31.5
24.5 32.5
24.5 45.5
24.5 46.5
24.5 47.5
24.5 57.5
24.5 58.5
24.5 59.5
24.5 60.5
25.5 12.5
25.5 13.5
25.5 14.5
25.5 43.5
25.5 44.5
25.5 45.5
25.5 59.5
25.5 60.5
26.5 13.5
26.5 14.5
26.5 15.5
26.5 16.5
26.5 28.5
26.5 29.5
26.5 30.5
26.5 42.5
26.5 43.5
26.5 44.5
26.5 60.5
26.5 61.5
27.5 15.5
27.5 16.5
27.5 17.5
27.5 26.5
27.5 27.5
27.5 28.5
27.5 29.5
27.5 30.5
27.5 41.5
27.5 42.5
27.5 43.5
27.5 44.5
27.5 60.5
27.5 61.5
27.5 62.5
27.5 63.5
28.5 15.5
28.5 16.5
28.5 17.5
28.5 18.5
28.5 25.5
28.5 26.5
28.5 27.5
28.5 28.5
28.5 41.5
28.5 42.5
28.5 43.5
28.5 61.5
28.5 62.5
28.5 63.5
29.5 16.5
29.5 17.5
29.5 18.5
29.5 19.5
29.5 24.5
29.5 25.5
29.5 26.5
29.5 27.5
29.5 40.5
29.5 41.5
29.5 42.5
29.5 62.5
29.5 63.5
29.5 64.5
30.5 17.5
30.5 18.5
30.5 19.5
30.5 23.5
30.5 24.5
30.5 40.5
30.5 41.5
30.5 63.5
30.5 64.5
31.5 18.5
31.5 19.5
31.5 20.5
34.5 33.5
34.5 39.5
34.5 40.5
35.5 32.5
35.5 33.5
35.5 40.5
35.5 41.5
36.5 9.5
36.5 31.5
36.5 32.5
36.5 33.5
36.5 40.5
36.5 41.5
36.5 42.5
36.5 63.5
36.5 64.5
36.5 65.5
37.5 9.5
37.5 10.5
37.5 11.5
37.5 30.5
37.5 31.5
37.5 32.5
37.5 41.5
37.5 42.5
37.5 43.5
37.5 62.5
37.5 63.5
37.5 64.5
37.5 65.5
38.5 9.5
38.5 10.5
38.5 11.5
38.5 12.5
38.5 30.5
38.5 31.5
38.5 41.5
38.5 42.5
38.5 43.5
38.5 61.5
38.5 62.5
38.5 63.5
38.5 64.5
39.5 10.5
39.5 11.5
39.5 12.5
39.5 29.5
39.5 30.5
39.5 31.5
39.5 42.5
39.5 43.5
39.5 60.5
39.5 61.5
39.5 62.5
39.5 63.5
40.5 11.5
40.5 12.5
40.5 13.5
40.5 29.5
40.5 30.5
40.5 43.5
40.5 44.5
40.5 45.5
40.5 59.5
40.5 60.5
40.5 61.5
41.5 12.5
41.5 13.5
41.5 15.5
41.5 16.5
41.5 27.5
41.5 28.5
41.5 29.5
41.5 44.5
41.5 45.5
41.5 46.5
41.5 57.5
41.5 58.5
41.5 59.5
42.5 15.5
42.5 16.5
42.5 17.5
42.5 26.5
42.5 27.5
42.5 28.5
42.5 45.5
42.5 46.5
42.5 47.5
42.5 57.5
42.5 58.5
42.5 59.5
43.5 16.5
43.5 17.5
43.5 18.5
43.5 26.5
43.5 27.5
43.5 28.5
43.5 45.5
43.5 46.5
43.5 47.5
43.5 56.5
43.5 57.5
43.5 58.5
44.5 16.5
44.5 17.5
44.5 18.5
44.5 25.5
44.5 26.5
44.5 27.5
44.5 46.5
44.5 47.5
44.5 48.5
44.5 55.5
44.5 56.5
44.5 57.5
45.5 17.5
45.5 18.5
45.5 19.5
45.5 47.5
45.5 48.5
45.5 55.5
45.5 56.5
45.5 57.5
46.5 18.5
46.5 19.5
46.5 54.5
46.5 55.5
49.5 38.5
50.5 18.5
50.5 19.5
50.5 32.5
50.5 33.5
50.5 34.5
50.5 38.5
50.5 39.5
50.5 40.5
50.5 54.5
50.5 55.5
51.5 17.5
51.5 18.5
51.5 19.5
51.5 30.5
51.5 31.5
51.5 32.5
51.5 33.5
51.5 38.5
51.5 39.5
51.5 40.5
51.5 41.5
51.5 55.5
51.5 56.5
52.5 16.5
52.5 17.5
52.5 18.5
52.5 29.5
52.5 30.5
52.5 31.5
52.5 32.5
52.5 39.5
52.5 40.5
52.5 41.5
52.5 55.5
52.5 56.5
52.5 57.5
53.5 15.5
53.5 16.5
53.5 17.5
53.5 18.5
53.5 28.5
53.5 29.5
53.5 40.5
53.5 41.5
53.5 42.5
53.5 55.5
53.5 56.5
53.5 57.5
54.5 15.5
54.5 16.5
54.5 17.5
54.5 41.5
54.5 42.5
54.5 43.5
54.5 44.5
54.5 56.5
54.5 57.5
54.5 58.5
55.5 14.5
55.5 15.5
55.5 16.5
55.5 43.5
55.5 44.5
55.5 45.5
55.5 57.5
55.5 58.5
55.5 60.5
56.5 13.5
56.5 14.5
56.5 15.5
56.5 27.5
56.5 28.5
56.5 29.5
56.5 30.5
56.5 44.5
56.5 45.5
56.5 46.5
56.5 58.5
56.5 60.5
56.5 61.5
56.5 62.5
57.5 11.5
57.5 12.5
57.5 13.5
57.5 14.5
57.5 24.5
57.5 25.5
57.5 26.5
57.5 27.5
57.5 28.5
57.5 29.5
57.5 44.5
57.5 45.5
57.5 46.5
57.5 60.5
57.5 61.5
57.5 62.5
58.5 10.5
58.5 11.5
58.5 12.5
58.5 22.5
58.5 23.5
58.5 24.5
58.5 25.5
58.5 26.5
58.5 27.5
58.5 45.5
58.5 46.5
58.5 47.5
58.5 61.5
58.5 62.5
58.5 63.5
59.5 9.5
59.5 10.5
59.5 11.5
59.5 46.5
59.5 47.5
59.5 62.5
59.5 63.5
60.5 8.5
60.5 9.5
60.5 10.5
60.5 46.5
60.5 47.5
60.5 63.5
61.5 8.5
61.5 9.5
