6.5 13.5
6.5 17.5
6.5 24.5
6.5 47.5
7.5 13.5
7.5 17.5
7.5 23.5
7.5 24.5
7.5 31.5
7.5 32.5
7.5 40.5
7.5 41.5
7.5 47.5
7.5 55.5
7.5 66.5
8.5 24.5
8.5 31.5
8.5 32.5
8.5 40.5
8.5 41.5
8.5 47.5
8.5 54.5
8.5 55.5
8.5 65.5
8.5 66.5
9.5 54.5
9.5 55.5
9.5 66.5
11.5 43.5
12.5 9.5
12.5 10.5
12.5 19.5
12.5 26.5
12.5 27.5
12.5 34.5
12.5 35.5
12.5 43.5
12.5 49.5
13.5 9.5
13.5 10.5
13.5 19.5
13.5 26.5
13.5 27.5
13.5 34.5
13.5 35.5
13.5 49.5
13.5 50.5
13.5 58.5
13.5 62.5
13.5 63.5
14.5 49.5
14.5 57.5
14.5 58.5
14.5 63.5
21.5 42.5
22.5 10.5
22.5 11.5
22.5 19.5
22.5 20.5
22.5 24.5
22.5 25.5
22.5 34.5
22.5 35.5
22.5 42.5
22.5 46.5
22.5 47.5
22.5 63.5
23.5 10.5
23.5 11.5
23.5 20.5
23.5 24.5
23.5 34.5
23.5 35.5
23.5 46.5
23.5 47.5
23.5 57.5
23.5 58.5
23.5 63.5
24.5 57.5
24.5 58.5
24.5 63.5
26.5 39.5
26.5 40.5
27.5 7.5
27.5 15.5
27.5 16.5
27.5 17.5
27.5 39.5
27.5 40.5
27.5 50.5
28.5 15.5
28.5 16.5
28.5 17.5
28.5 26.5
28.5 27.5
28.5 31.5
28.5 49.5
28.5 50.5
28.5 55.5
28.5 65.5
28.5 66.5
29.5 26.5
29.5 27.5
29.5 31.5
29.5 55.5
29.5 56.5
29.5 65.5
29.5 66.5
30.5 55.5
30.5 65.5
36.5 8.5
36.5 39.5
37.5 8.5
37.5 15.5
37.5 16.5
37.5 26.5
37.5 33.5
37.5 34.5
37.5 39.5
37.5 47.5
37.5 48.5
38.5 8.5
38.5 15.5
38.5 16.5
38.5 26.5
38.5 27.5
38.5 33.5
38.5 34.5
38.5 47.5
38.5 48.5
38.5 58.5
38.5 65.5
38.5 66.5
39.5 15.5
39.5 57.5
39.5 58.5
39.5 65.5
39.5 66.5
40.5 58.5
41.5 42.5
42.5 31.5
42.5 32.5
42.5 42.5
43.5 10.5
43.5 11.5
43.5 19.5
43.5 24.5
43.5 31.5
43.5 49.5
43.5 62.5
43.5 63.5
44.5 10.5
44.5 18.5
44.5 19.5
44.5 24.5
44.5 49.5
44.5 54.5
44.5 55.5
44.5 63.5
45.5 54.5
45.5 55.5
51.5 34.5
52.5 34.5
52.5 35.5
52.5 39.5
52.5 40.5
53.5 11.5
53.5 15.5
53.5 16.5
53.5 26.5
53.5 34.5
53.5 39.5
53.5 40.5
53.5 46.5
53.5 56.5
53.5 57.5
53.5 64.5
53.5 65.5
54.5 11.5
54.5 15.5
54.5 16.5
54.5 26.5
54.5 46.5
54.5 56.5
54.5 57.5
54.5 64.5
54.5 65.5
55.5 26.5
57.5 42.5
58.5 8.5
58.5 9.5
58.5 18.5
58.5 19.5
58.5 31.5
58.5 32.5
58.5 42.5
58.5 49.5
58.5 62.5
59.5 8.5
59.5 18.5
59.5 19.5
59.5 23.5
59.5 24.5
59.5 31.5
59.5 32.5
59.5 48.5
59.5 49.5
59.5 50.5
59.5 54.5
59.5 55.5
59.5 62.5
60.5 24.5
60.5 49.5
60.5 55.5
60.5 62.5
