5.5 17.5
5.5 18.5
5.5 19.5
5.5 20.5
5.5 21.5
5.5 32.5
5.5 33.5
5.5 34.5
6.5 31.5
6.5 32.5
6.5 33.5
6.5 59.5
6.5 60.5
6.5 61.5
8.5 9.5
8.5 10.5
8.5 11.5
8.5 12.5
8.5 13.5
9.5 10.5
9.5 11.5
9.5 12.5
9.5 13.5
9.5 46.5
11.5 38.5
11.5 39.5
11.5 40.5
11.5 59.5
11.5 60.5
12.5 37.5
12.5 38.5
12.5 39.5
12.5 40.5
12.5 60.5
12.5 61.5
13.5 37.5
13.5 38.5
13.5 39.5
14.5 51.5
14.5 52.5
14.5 53.5
14.5 54.5
15.5 51.5
15.5 52.5
15.5 53.5
15.5 54.5
16.5 11.5
16.5 12.5
16.5 13.5
16.5 14.5
17.5 10.5
17.5 11.5
17.5 12.5
17.5 13.5
19.5 31.5
19.5 32.5
19.5 33.5
20.5 20.5
20.5 21.5
20.5 31.5
20.5 32.5
20.5 33.5
21.5 18.5
21.5 19.5
21.5 20.5
21.5 21.5
21.5 51.5
21.5 52.5
21.5 53.5
21.5 54.5
22.5 18.5
22.5 19.5
22.5 51.5
22.5 52.5
22.5 53.5
24.5 58.5
24.5 59.5
24.5 60.5
25.5 33.5
25.5 34.5
25.5 46.5
26.5 32.5
26.5 33.5
26.5 46.5
27.5 32.5
27.5 39.5
27.5 40.5
27.5 41.5
28.5 39.5
28.5 40.5
29.5 12.5
29.5 13.5
29.5 39.5
29.5 59.5
29.5 60.5
29.5 61.5
32.5 19.5
32.5 20.5
32.5 21.5
32.5 27.5
33.5 18.5
33.5 19.5
33.5 20.5
33.5 21.5
33.5 27.5
34.5 19.5
34.5 20.5
34.5 27.5
35.5 39.5
35.5 40.5
35.5 41.5
35.5 42.5
35.5 52.5
35.5 53.5
35.5 54.5
35.5 55.5
36.5 41.5
36.5 42.5
36.5 52.5
36.5 53.5
36.5 54.5
36.5 55.5
38.5 12.5
38.5 13.5
39.5 12.5
39.5 13.5
39.5 14.5
39.5 28.5
39.5 34.5
39.5 35.5
39.5 59.5
39.5 60.5
39.5 61.5
39.5 62.5
40.5 28.5
40.5 34.5
40.5 35.5
40.5 36.5
40.5 37.5
45.5 39.5
45.5 40.5
45.5 41.5
45.5 42.5
45.5 58.5
45.5 59.5
45.5 60.5
45.5 61.5
46.5 17.5
46.5 18.5
46.5 19.5
46.5 59.5
46.5 60.5
46.5 61.5
47.5 17.5
47.5 18.5
47.5 19.5
47.5 20.5
47.5 26.5
47.5 51.5
47.5 52.5
48.5 18.5
48.5 19.5
48.5 20.5
48.5 26.5
48.5 52.5
48.5 53.5
48.5 54.5
48.5 67.5
49.5 19.5
49.5 20.5
49.5 26.5
49.5 67.5
50.5 38.5
50.5 39.5
51.5 10.5
51.5 11.5
51.5 39.5
51.5 40.5
52.5 10.5
52.5 11.5
52.5 12.5
52.5 13.5
52.5 40.5
52.5 41.5
53.5 11.5
53.5 12.5
53.5 13.5
53.5 31.5
53.5 32.5
53.5 33.5
53.5 51.5
53.5 52.5
53.5 53.5
54.5 13.5
54.5 31.5
54.5 32.5
54.5 33.5
54.5 34.5
54.5 50.5
54.5 51.5
54.5 52.5
54.5 53.5
54.5 67.5
55.5 32.5
55.5 33.5
55.5 34.5
58.5 56.5
58.5 57.5
58.5 58.5
58.5 59.5
58.5 60.5
59.5 10.5
59.5 11.5
59.5 12.5
59.5 13.5
61.5 30.5
61.5 31.5
61.5 32.5
61.5 33.5
62.5 17.5
62.5 18.5
62.5 19.5
62.5 20.5
