4.5 18.5
4.5 55.5
4.5 65.5
5.5 10.5
5.5 18.5
5.5 41.5
5.5 55.5
6.5 18.5
6.5 42.5
6.5 55.5
6.5 66.5
7.5 11.5
7.5 18.5
7.5 27.5
7.5 33.5
7.5 42.5
7.5 55.5
8.5 18.5
8.5 22.5
8.5 28.5
8.5 33.5
8.5 43.5
8.5 60.5
9.5 12.5
9.5 15.5
9.5 22.5
9.5 31.5
9.5 43.5
9.5 50.5
9.5 61.5
10.5 23.5
10.5 31.5
10.5 37.5
10.5 50.5
10.5 61.5
10.5 62.5
11.5 8.5
11.5 24.5
11.5 38.5
11.5 50.5
11.5 62.5
12.5 8.5
12.5 39.5
12.5 50.5
13.5 50.5
14.5 9.5
16.5 23.5
16.5 62.5
17.5 17.5
17.5 23.5
17.5 39.5
17.5 51.5
17.5 61.5
17.5 62.5
18.5 23.5
18.5 32.5
18.5 39.5
18.5 51.5
18.5 61.5
19.5 11.5
19.5 18.5
19.5 23.5
19.5 32.5
19.5 38.5
19.5 51.5
19.5 60.5
20.5 12.5
20.5 28.5
20.5 32.5
20.5 38.5
20.5 51.5
20.5 66.5
21.5 12.5
21.5 16.5
21.5 28.5
21.5 37.5
21.5 47.5
21.5 51.5
21.5 65.5
22.5 13.5
22.5 28.5
22.5 65.5
23.5 17.5
23.5 28.5
23.5 43.5
23.5 64.5
24.5 6.5
24.5 7.5
24.5 8.5
24.5 42.5
24.5 48.5
25.5 10.5
25.5 18.5
25.5 41.5
26.5 40.5
28.5 56.5
28.5 64.5
29.5 27.5
29.5 56.5
29.5 65.5
30.5 20.5
30.5 28.5
30.5 40.5
30.5 47.5
30.5 56.5
31.5 7.5
31.5 8.5
31.5 9.5
31.5 28.5
31.5 41.5
31.5 42.5
31.5 56.5
31.5 66.5
32.5 10.5
32.5 11.5
32.5 21.5
32.5 24.5
32.5 29.5
32.5 43.5
32.5 52.5
32.5 60.5
33.5 51.5
33.5 61.5
34.5 25.5
34.5 38.5
34.5 50.5
34.5 62.5
35.5 18.5
35.5 34.5
35.5 39.5
35.5 49.5
35.5 63.5
36.5 13.5
36.5 18.5
36.5 34.5
36.5 39.5
37.5 18.5
37.5 26.5
37.5 40.5
38.5 19.5
39.5 19.5
40.5 63.5
41.5 33.5
41.5 48.5
41.5 61.5
41.5 62.5
42.5 28.5
42.5 33.5
42.5 42.5
42.5 47.5
42.5 60.5
42.5 61.5
43.5 33.5
43.5 42.5
43.5 46.5
43.5 57.5
43.5 67.5
44.5 33.5
44.5 42.5
44.5 67.5
45.5 19.5
45.5 55.5
45.5 67.5
46.5 14.5
46.5 19.5
46.5 40.5
46.5 51.5
46.5 55.5
46.5 67.5
47.5 19.5
47.5 25.5
47.5 36.5
47.5 40.5
47.5 50.5
47.5 55.5
47.5 67.5
48.5 15.5
48.5 25.5
48.5 40.5
48.5 49.5
49.5 15.5
49.5 24.5
49.5 35.5
49.5 40.5
50.5 24.5
51.5 65.5
52.5 12.5
52.5 13.5
52.5 57.5
53.5 47.5
53.5 57.5
53.5 66.5
54.5 26.5
54.5 47.5
54.5 57.5
54.5 66.5
55.5 26.5
55.5 32.5
55.5 42.5
55.5 57.5
55.5 67.5
56.5 26.5
56.5 42.5
56.5 57.5
56.5 62.5
57.5 14.5
57.5 26.5
57.5 31.5
57.5 46.5
57.5 57.5
57.5 62.5
58.5 14.5
58.5 26.5
58.5 39.5
58.5 53.5
58.5 62.5
59.5 15.5
59.5 22.5
59.5 35.5
59.5 49.5
59.5 62.5
60.5 9.5
60.5 15.5
60.5 19.5
60.5 34.5
60.5 40.5
60.5 54.5
60.5 62.5
61.5 10.5
61.5 19.5
61.5 33.5
61.5 48.5
61.5 54.5
62.5 19.5
62.5 24.5
63.5 19.5
