3.5 18.5
3.5 33.5
3.5 34.5
3.5 35.5
4.5 18.5
4.5 19.5
4.5 20.5
4.5 21.5
4.5 22.5
4.5 32.5
4.5 33.5
4.5 34.5
5.5 59.5
5.5 60.5
6.5 61.5
8.5 11.5
8.5 12.5
8.5 13.5
8.5 40.5
8.5 41.5
8.5 42.5
8.5 52.5
8.5 53.5
9.5 39.5
9.5 40.5
9.5 53.5
9.5 54.5
9.5 55.5
14.5 18.5
14.5 19.5
14.5 20.5
15.5 38.5
15.5 39.5
16.5 40.5
16.5 41.5
16.5 59.5
16.5 60.5
16.5 61.5
17.5 10.5
17.5 11.5
17.5 12.5
17.5 13.5
18.5 13.5
18.5 14.5
18.5 33.5
18.5 34.5
19.5 51.5
19.5 52.5
19.5 53.5
24.5 18.5
24.5 19.5
24.5 20.5
24.5 31.5
24.5 32.5
24.5 33.5
24.5 34.5
25.5 54.5
25.5 55.5
26.5 52.5
26.5 53.5
26.5 54.5
28.5 10.5
28.5 11.5
28.5 12.5
28.5 39.5
28.5 40.5
28.5 41.5
28.5 42.5
28.5 62.5
29.5 11.5
29.5 12.5
29.5 13.5
29.5 14.5
29.5 38.5
29.5 39.5
29.5 40.5
29.5 60.5
29.5 61.5
35.5 16.5
35.5 17.5
35.5 18.5
35.5 38.5
35.5 39.5
35.5 40.5
35.5 60.5
35.5 61.5
35.5 62.5
36.5 18.5
36.5 19.5
36.5 20.5
36.5 40.5
36.5 41.5
36.5 42.5
38.5 30.5
38.5 31.5
39.5 10.5
39.5 11.5
39.5 31.5
39.5 32.5
39.5 33.5
39.5 53.5
39.5 54.5
39.5 55.5
40.5 13.5
44.5 53.5
44.5 54.5
45.5 16.5
45.5 17.5
45.5 18.5
45.5 51.5
46.5 19.5
46.5 20.5
46.5 30.5
46.5 31.5
46.5 32.5
46.5 62.5
46.5 63.5
47.5 59.5
47.5 60.5
47.5 61.5
48.5 39.5
48.5 40.5
49.5 37.5
50.5 10.5
50.5 11.5
50.5 12.5
50.5 13.5
54.5 33.5
54.5 34.5
54.5 59.5
54.5 60.5
54.5 61.5
55.5 61.5
55.5 62.5
55.5 63.5
57.5 20.5
57.5 21.5
57.5 22.5
58.5 18.5
59.5 39.5
59.5 40.5
59.5 41.5
59.5 42.5
59.5 52.5
59.5 53.5
60.5 39.5
60.5 40.5
60.5 52.5
60.5 53.5
60.5 54.5
60.5 55.5
61.5 55.5
61.5 56.5
