5.5 48.5
5.5 62.5
6.5 8.5
6.5 48.5
6.5 62.5
7.5 8.5
7.5 34.5
7.5 48.5
7.5 49.5
7.5 61.5
7.5 62.5
8.5 8.5
8.5 18.5
8.5 26.5
8.5 34.5
8.5 48.5
8.5 49.5
8.5 61.5
8.5 62.5
9.5 8.5
9.5 18.5
9.5 26.5
9.5 34.5
9.5 48.5
9.5 49.5
9.5 61.5
10.5 8.5
10.5 18.5
10.5 26.5
10.5 34.5
10.5 48.5
10.5 49.5
10.5 61.5
11.5 18.5
11.5 26.5
11.5 34.5
11.5 35.5
11.5 49.5
11.5 61.5
12.5 18.5
12.5 26.5
12.5 35.5
12.5 65.5
13.5 11.5
13.5 44.5
13.5 54.5
13.5 55.5
13.5 65.5
14.5 11.5
14.5 15.5
14.5 22.5
14.5 31.5
14.5 38.5
14.5 44.5
14.5 54.5
14.5 55.5
14.5 64.5
14.5 65.5
15.5 10.5
15.5 11.5
15.5 15.5
15.5 22.5
15.5 31.5
15.5 38.5
15.5 44.5
15.5 54.5
15.5 55.5
15.5 64.5
15.5 65.5
16.5 10.5
16.5 15.5
16.5 22.5
16.5 23.5
16.5 31.5
16.5 38.5
16.5 44.5
16.5 45.5
16.5 54.5
16.5 55.5
16.5 64.5
17.5 10.5
17.5 15.5
17.5 22.5
17.5 23.5
17.5 31.5
17.5 38.5
17.5 45.5
17.5 55.5
17.5 64.5
18.5 15.5
18.5 23.5
18.5 31.5
18.5 45.5
18.5 55.5
18.5 64.5
19.5 23.5
19.5 31.5
19.5 45.5
26.5 8.5
27.5 8.5
27.5 17.5
27.5 23.5
27.5 32.5
27.5 38.5
27.5 46.5
27.5 56.5
27.5 63.5
28.5 8.5
28.5 17.5
28.5 23.5
28.5 32.5
28.5 33.5
28.5 38.5
28.5 46.5
28.5 56.5
28.5 57.5
28.5 62.5
28.5 63.5
29.5 7.5
29.5 8.5
29.5 17.5
29.5 18.5
29.5 23.5
29.5 32.5
29.5 33.5
29.5 45.5
29.5 46.5
29.5 57.5
29.5 62.5
30.5 7.5
30.5 18.5
30.5 23.5
30.5 33.5
30.5 37.5
30.5 45.5
30.5 46.5
30.5 57.5
30.5 62.5
31.5 7.5
31.5 18.5
31.5 23.5
31.5 33.5
31.5 37.5
31.5 45.5
31.5 46.5
31.5 57.5
31.5 62.5
32.5 18.5
32.5 23.5
32.5 45.5
32.5 58.5
32.5 62.5
33.5 19.5
33.5 23.5
33.5 40.5
34.5 28.5
34.5 40.5
34.5 41.5
34.5 53.5
34.5 66.5
35.5 10.5
35.5 15.5
35.5 28.5
35.5 29.5
35.5 40.5
35.5 41.5
35.5 53.5
35.5 65.5
35.5 66.5
36.5 10.5
36.5 11.5
36.5 15.5
36.5 28.5
36.5 29.5
36.5 40.5
36.5 41.5
36.5 48.5
36.5 53.5
36.5 54.5
36.5 65.5
36.5 66.5
37.5 10.5
37.5 11.5
37.5 15.5
37.5 16.5
37.5 27.5
37.5 28.5
37.5 40.5
37.5 48.5
37.5 53.5
37.5 54.5
37.5 65.5
37.5 66.5
38.5 10.5
38.5 16.5
38.5 28.5
38.5 40.5
38.5 48.5
38.5 54.5
38.5 65.5
39.5 10.5
39.5 16.5
39.5 28.5
39.5 48.5
39.5 54.5
39.5 65.5
40.5 10.5
40.5 16.5
41.5 17.5
42.5 17.5
43.5 35.5
43.5 36.5
43.5 37.5
43.5 38.5
47.5 65.5
48.5 38.5
48.5 39.5
48.5 46.5
48.5 56.5
48.5 65.5
49.5 8.5
49.5 26.5
49.5 38.5
49.5 39.5
49.5 46.5
49.5 56.5
49.5 65.5
50.5 8.5
50.5 19.5
50.5 25.5
50.5 26.5
50.5 39.5
50.5 40.5
50.5 46.5
50.5 56.5
50.5 57.5
50.5 65.5
50.5 66.5
51.5 8.5
51.5 19.5
51.5 20.5
51.5 25.5
51.5 26.5
51.5 39.5
51.5 40.5
51.5 56.5
51.5 57.5
51.5 65.5
51.5 66.5
52.5 8.5
52.5 20.5
52.5 25.5
52.5 39.5
52.5 40.5
52.5 45.5
52.5 57.5
52.5 65.5
52.5 66.5
53.5 20.5
53.5 25.5
53.5 40.5
53.5 45.5
54.5 28.5
54.5 49.5
54.5 53.5
54.5 61.5
55.5 11.5
55.5 16.5
55.5 28.5
55.5 49.5
55.5 53.5
55.5 61.5
55.5 62.5
56.5 11.5
56.5 16.5
56.5 17.5
56.5 32.5
56.5 36.5
56.5 48.5
56.5 49.5
56.5 54.5
56.5 62.5
57.5 11.5
57.5 16.5
57.5 17.5
57.5 27.5
57.5 32.5
57.5 36.5
57.5 48.5
57.5 49.5
57.5 54.5
57.5 62.5
58.5 10.5
58.5 11.5
58.5 17.5
58.5 27.5
58.5 32.5
58.5 37.5
58.5 48.5
58.5 49.5
58.5 54.5
58.5 62.5
59.5 10.5
59.5 17.5
59.5 32.5
59.5 37.5
59.5 48.5
59.5 62.5
60.5 32.5
60.5 38.5
61.5 38.5
