3.5 10.5
3.5 11.5
4.5 9.5
4.5 10.5
4.5 11.5
4.5 22.5
4.5 47.5
4.5 48.5
4.5 59.5
5.5 9.5
5.5 10.5
5.5 11.5
5.5 21.5
5.5 22.5
5.5 23.5
5.5 37.5
5.5 38.5
5.5 39.5
5.5 46.5
5.5 47.5
5.5 48.5
5.5 58.5
5.5 59.5
6.5 21.5
6.5 22.5
6.5 38.5
6.5 39.5
6.5 46.5
6.5 47.5
6.5 58.5
6.5 59.5
7.5 14.5
7.5 15.5
8.5 13.5
8.5 14.5
8.5 15.5
8.5 26.5
8.5 34.5
8.5 50.5
8.5 51.5
8.5 52.5
8.5 62.5
8.5 63.5
8.5 64.5
9.5 13.5
9.5 14.5
9.5 25.5
9.5 26.5
9.5 27.5
9.5 34.5
9.5 35.5
9.5 50.5
9.5 51.5
9.5 52.5
9.5 62.5
9.5 63.5
9.5 64.5
10.5 25.5
10.5 26.5
10.5 27.5
10.5 35.5
10.5 51.5
10.5 62.5
10.5 63.5
10.5 64.5
14.5 10.5
15.5 9.5
15.5 10.5
15.5 11.5
15.5 25.5
15.5 26.5
15.5 27.5
15.5 38.5
15.5 39.5
15.5 40.5
15.5 46.5
15.5 47.5
15.5 48.5
15.5 59.5
15.5 60.5
16.5 9.5
16.5 10.5
16.5 25.5
16.5 26.5
16.5 27.5
16.5 38.5
16.5 39.5
16.5 40.5
16.5 46.5
16.5 47.5
16.5 48.5
16.5 59.5
16.5 60.5
16.5 61.5
17.5 59.5
17.5 60.5
18.5 14.5
18.5 15.5
18.5 21.5
18.5 22.5
18.5 33.5
18.5 34.5
18.5 35.5
18.5 51.5
18.5 52.5
19.5 13.5
19.5 14.5
19.5 15.5
19.5 21.5
19.5 22.5
19.5 33.5
19.5 34.5
19.5 35.5
19.5 50.5
19.5 51.5
19.5 52.5
19.5 63.5
19.5 64.5
19.5 65.5
20.5 35.5
20.5 51.5
20.5 63.5
20.5 64.5
20.5 65.5
21.5 64.5
24.5 25.5
24.5 26.5
24.5 34.5
24.5 51.5
25.5 13.5
25.5 14.5
25.5 15.5
25.5 25.5
25.5 26.5
25.5 33.5
25.5 34.5
25.5 35.5
25.5 50.5
25.5 51.5
25.5 52.5
25.5 59.5
25.5 60.5
25.5 61.5
26.5 14.5
26.5 15.5
26.5 25.5
26.5 26.5
26.5 33.5
26.5 34.5
26.5 35.5
26.5 51.5
26.5 52.5
26.5 59.5
26.5 60.5
26.5 61.5
28.5 10.5
28.5 21.5
28.5 22.5
28.5 23.5
28.5 38.5
28.5 39.5
28.5 46.5
28.5 47.5
29.5 9.5
29.5 10.5
29.5 11.5
29.5 21.5
29.5 22.5
29.5 23.5
29.5 37.5
29.5 38.5
29.5 39.5
29.5 46.5
29.5 47.5
29.5 48.5
29.5 63.5
29.5 64.5
29.5 65.5
30.5 10.5
30.5 11.5
30.5 63.5
30.5 64.5
30.5 65.5
34.5 22.5
34.5 34.5
34.5 35.5
34.5 47.5
35.5 13.5
35.5 14.5
35.5 21.5
35.5 22.5
35.5 34.5
35.5 35.5
35.5 36.5
35.5 46.5
35.5 47.5
35.5 48.5
35.5 59.5
35.5 60.5
36.5 13.5
36.5 14.5
36.5 15.5
36.5 21.5
36.5 34.5
36.5 35.5
36.5 46.5
36.5 47.5
36.5 58.5
36.5 59.5
36.5 60.5
37.5 26.5
37.5 59.5
37.5 60.5
38.5 25.5
38.5 26.5
38.5 27.5
38.5 38.5
38.5 39.5
38.5 40.5
38.5 51.5
38.5 52.5
39.5 9.5
39.5 10.5
39.5 25.5
39.5 26.5
39.5 27.5
39.5 38.5
39.5 39.5
39.5 40.5
39.5 50.5
39.5 51.5
39.5 52.5
39.5 63.5
39.5 64.5
39.5 65.5
40.5 10.5
40.5 50.5
40.5 51.5
40.5 63.5
40.5 64.5
40.5 65.5
45.5 13.5
45.5 14.5
45.5 21.5
45.5 22.5
45.5 23.5
45.5 35.5
45.5 36.5
45.5 50.5
45.5 51.5
45.5 63.5
45.5 64.5
46.5 13.5
46.5 14.5
46.5 15.5
46.5 21.5
46.5 22.5
46.5 23.5
46.5 34.5
46.5 35.5
46.5 36.5
46.5 50.5
46.5 51.5
46.5 52.5
46.5 62.5
46.5 63.5
46.5 64.5
47.5 14.5
47.5 21.5
47.5 22.5
47.5 23.5
47.5 35.5
47.5 51.5
47.5 52.5
47.5 64.5
49.5 9.5
49.5 10.5
49.5 26.5
49.5 27.5
49.5 28.5
49.5 38.5
49.5 39.5
49.5 40.5
49.5 46.5
49.5 47.5
49.5 58.5
49.5 59.5
49.5 60.5
50.5 9.5
50.5 10.5
50.5 11.5
50.5 26.5
50.5 27.5
50.5 38.5
50.5 39.5
50.5 40.5
50.5 46.5
50.5 47.5
50.5 48.5
50.5 58.5
50.5 59.5
50.5 60.5
51.5 10.5
51.5 11.5
51.5 47.5
55.5 58.5
55.5 59.5
56.5 13.5
56.5 14.5
56.5 26.5
56.5 27.5
56.5 28.5
56.5 34.5
56.5 35.5
56.5 36.5
56.5 50.5
56.5 51.5
56.5 57.5
56.5 58.5
56.5 59.5
57.5 13.5
57.5 14.5
57.5 15.5
57.5 26.5
57.5 27.5
57.5 28.5
57.5 34.5
57.5 35.5
57.5 36.5
57.5 50.5
57.5 51.5
58.5 63.5
59.5 8.5
59.5 9.5
59.5 10.5
59.5 21.5
59.5 22.5
59.5 23.5
59.5 39.5
59.5 45.5
59.5 46.5
59.5 62.5
59.5 63.5
59.5 64.5
60.5 8.5
60.5 9.5
60.5 10.5
60.5 21.5
60.5 22.5
60.5 23.5
60.5 38.5
60.5 39.5
60.5 45.5
60.5 46.5
60.5 47.5
60.5 62.5
60.5 63.5
60.5 64.5
61.5 23.5
61.5 38.5
61.5 39.5
61.5 46.5
61.5 63.5
