3.5 14.5
3.5 15.5
6.5 32.5
6.5 62.5
7.5 10.5
7.5 26.5
7.5 32.5
7.5 62.5
8.5 10.5
8.5 26.5
8.5 32.5
8.5 45.5
8.5 62.5
9.5 10.5
9.5 19.5
9.5 26.5
9.5 32.5
9.5 45.5
9.5 57.5
10.5 19.5
10.5 32.5
10.5 45.5
10.5 57.5
11.5 9.5
11.5 19.5
11.5 45.5
11.5 57.5
12.5 9.5
12.5 19.5
12.5 45.5
12.5 65.5
13.5 23.5
13.5 65.5
14.5 23.5
14.5 35.5
14.5 39.5
14.5 54.5
14.5 65.5
15.5 12.5
15.5 16.5
15.5 39.5
15.5 54.5
15.5 65.5
16.5 16.5
16.5 24.5
16.5 39.5
16.5 49.5
16.5 54.5
17.5 11.5
17.5 16.5
17.5 24.5
17.5 34.5
17.5 49.5
17.5 54.5
18.5 11.5
18.5 16.5
18.5 24.5
26.5 39.5
27.5 9.5
27.5 16.5
27.5 33.5
27.5 39.5
27.5 54.5
28.5 9.5
28.5 16.5
28.5 24.5
28.5 33.5
28.5 38.5
28.5 54.5
28.5 63.5
29.5 9.5
29.5 24.5
29.5 38.5
29.5 46.5
29.5 54.5
30.5 24.5
30.5 38.5
30.5 46.5
30.5 54.5
30.5 62.5
31.5 15.5
31.5 24.5
31.5 46.5
31.5 62.5
32.5 15.5
32.5 24.5
32.5 62.5
33.5 42.5
33.5 49.5
34.5 11.5
34.5 19.5
34.5 29.5
34.5 49.5
35.5 11.5
35.5 19.5
35.5 29.5
35.5 41.5
35.5 49.5
35.5 57.5
35.5 66.5
36.5 11.5
36.5 19.5
36.5 29.5
36.5 41.5
36.5 57.5
36.5 66.5
37.5 11.5
37.5 19.5
37.5 29.5
37.5 41.5
37.5 57.5
37.5 66.5
38.5 11.5
38.5 19.5
38.5 29.5
38.5 57.5
38.5 65.5
39.5 65.5
44.5 28.5
47.5 49.5
47.5 55.5
47.5 65.5
48.5 9.5
48.5 18.5
48.5 41.5
48.5 49.5
48.5 55.5
48.5 65.5
49.5 9.5
49.5 18.5
49.5 33.5
49.5 41.5
49.5 49.5
49.5 55.5
49.5 66.5
50.5 9.5
50.5 18.5
50.5 23.5
50.5 33.5
50.5 41.5
50.5 49.5
50.5 54.5
50.5 66.5
51.5 18.5
51.5 23.5
51.5 33.5
51.5 54.5
51.5 66.5
52.5 18.5
52.5 33.5
53.5 22.5
54.5 38.5
54.5 46.5
54.5 62.5
55.5 12.5
55.5 46.5
55.5 57.5
55.5 62.5
56.5 12.5
56.5 25.5
56.5 30.5
56.5 39.5
56.5 57.5
56.5 62.5
57.5 12.5
57.5 25.5
57.5 30.5
57.5 39.5
57.5 47.5
57.5 62.5
58.5 12.5
58.5 25.5
58.5 31.5
58.5 39.5
58.5 47.5
58.5 56.5
59.5 24.5
59.5 31.5
