7.5 9.5
7.5 10.5
7.5 20.5
7.5 29.5
7.5 38.5
7.5 44.5
7.5 45.5
7.5 55.5
7.5 64.5
8.5 8.5
8.5 9.5
8.5 10.5
8.5 20.5
8.5 21.5
8.5 29.5
8.5 30.5
8.5 38.5
8.5 39.5
8.5 44.5
8.5 45.5
8.5 55.5
8.5 56.5
8.5 64.5
8.5 65.5
9.5 8.5
9.5 9.5
9.5 20.5
9.5 21.5
9.5 29.5
9.5 30.5
9.5 38.5
9.5 39.5
9.5 43.5
9.5 44.5
9.5 45.5
9.5 55.5
9.5 56.5
9.5 64.5
9.5 65.5
10.5 8.5
10.5 9.5
10.5 20.5
10.5 21.5
10.5 29.5
10.5 30.5
10.5 38.5
10.5 39.5
10.5 43.5
10.5 44.5
10.5 55.5
10.5 56.5
10.5 64.5
10.5 65.5
11.5 21.5
11.5 30.5
11.5 39.5
11.5 44.5
11.5 56.5
11.5 64.5
11.5 65.5
14.5 12.5
14.5 13.5
14.5 17.5
14.5 18.5
14.5 26.5
14.5 35.5
14.5 47.5
14.5 52.5
14.5 61.5
15.5 12.5
15.5 13.5
15.5 17.5
15.5 18.5
15.5 25.5
15.5 26.5
15.5 35.5
15.5 36.5
15.5 47.5
15.5 52.5
15.5 53.5
15.5 61.5
15.5 62.5
16.5 11.5
16.5 12.5
16.5 13.5
16.5 17.5
16.5 18.5
16.5 26.5
16.5 27.5
16.5 35.5
16.5 36.5
16.5 46.5
16.5 47.5
16.5 52.5
16.5 53.5
16.5 61.5
16.5 62.5
17.5 11.5
17.5 12.5
17.5 18.5
17.5 26.5
17.5 27.5
17.5 35.5
17.5 36.5
17.5 46.5
17.5 47.5
17.5 52.5
17.5 53.5
17.5 61.5
17.5 62.5
18.5 18.5
18.5 26.5
18.5 36.5
18.5 46.5
18.5 53.5
18.5 62.5
27.5 11.5
27.5 44.5
27.5 55.5
28.5 11.5
28.5 12.5
28.5 17.5
28.5 18.5
28.5 28.5
28.5 29.5
28.5 35.5
28.5 36.5
28.5 44.5
28.5 55.5
28.5 56.5
28.5 61.5
28.5 62.5
29.5 11.5
29.5 12.5
29.5 17.5
29.5 18.5
29.5 28.5
29.5 29.5
29.5 34.5
29.5 35.5
29.5 36.5
29.5 43.5
29.5 44.5
29.5 55.5
29.5 56.5
29.5 61.5
29.5 62.5
30.5 11.5
30.5 12.5
30.5 17.5
30.5 18.5
30.5 29.5
30.5 30.5
30.5 34.5
30.5 35.5
30.5 43.5
30.5 44.5
30.5 55.5
30.5 56.5
30.5 61.5
30.5 62.5
31.5 12.5
31.5 17.5
31.5 29.5
31.5 30.5
31.5 34.5
31.5 35.5
31.5 43.5
31.5 44.5
31.5 55.5
31.5 56.5
31.5 61.5
34.5 8.5
34.5 9.5
34.5 20.5
34.5 25.5
34.5 26.5
34.5 38.5
34.5 39.5
34.5 47.5
34.5 52.5
34.5 64.5
34.5 65.5
35.5 8.5
35.5 9.5
35.5 20.5
35.5 21.5
35.5 25.5
35.5 26.5
35.5 38.5
35.5 39.5
35.5 46.5
35.5 47.5
35.5 52.5
35.5 64.5
35.5 65.5
36.5 8.5
36.5 9.5
36.5 19.5
36.5 20.5
36.5 25.5
36.5 26.5
36.5 27.5
36.5 37.5
36.5 38.5
36.5 39.5
36.5 46.5
36.5 47.5
36.5 52.5
36.5 53.5
36.5 64.5
36.5 65.5
37.5 9.5
37.5 19.5
37.5 20.5
37.5 26.5
37.5 27.5
37.5 37.5
37.5 38.5
37.5 46.5
37.5 47.5
37.5 52.5
37.5 53.5
37.5 63.5
37.5 64.5
38.5 9.5
38.5 19.5
38.5 20.5
38.5 26.5
38.5 46.5
38.5 53.5
38.5 64.5
48.5 11.5
48.5 12.5
48.5 17.5
48.5 18.5
48.5 28.5
48.5 29.5
48.5 35.5
48.5 36.5
48.5 44.5
48.5 53.5
48.5 64.5
49.5 11.5
49.5 12.5
49.5 17.5
49.5 18.5
49.5 28.5
49.5 29.5
49.5 30.5
49.5 35.5
49.5 36.5
49.5 43.5
49.5 44.5
49.5 52.5
49.5 53.5
49.5 64.5
49.5 65.5
50.5 11.5
50.5 12.5
50.5 17.5
50.5 18.5
50.5 29.5
50.5 30.5
50.5 35.5
50.5 36.5
50.5 43.5
50.5 44.5
50.5 52.5
50.5 53.5
50.5 64.5
50.5 65.5
51.5 12.5
51.5 17.5
51.5 29.5
51.5 30.5
51.5 35.5
51.5 43.5
51.5 44.5
51.5 52.5
51.5 64.5
51.5 65.5
54.5 47.5
54.5 61.5
55.5 8.5
55.5 9.5
55.5 20.5
55.5 21.5
55.5 25.5
55.5 26.5
55.5 38.5
55.5 39.5
55.5 47.5
55.5 55.5
55.5 56.5
55.5 61.5
55.5 62.5
56.5 8.5
56.5 9.5
56.5 20.5
56.5 21.5
56.5 25.5
56.5 26.5
56.5 27.5
56.5 38.5
56.5 39.5
56.5 46.5
56.5 47.5
56.5 55.5
56.5 56.5
56.5 61.5
56.5 62.5
57.5 8.5
57.5 9.5
57.5 10.5
57.5 20.5
57.5 21.5
57.5 26.5
57.5 27.5
57.5 37.5
57.5 38.5
57.5 46.5
57.5 47.5
57.5 55.5
57.5 56.5
57.5 61.5
57.5 62.5
58.5 9.5
58.5 10.5
58.5 20.5
58.5 26.5
58.5 27.5
58.5 38.5
58.5 46.5
58.5 47.5
58.5 55.5
58.5 61.5
58.5 62.5
59.5 20.5
