8.5 12.5
8.5 13.5
8.5 35.5
8.5 60.5
9.5 11.5
9.5 12.5
9.5 33.5
9.5 34.5
9.5 61.5
9.5 62.5
10.5 11.5
10.5 32.5
10.5 33.5
10.5 62.5
11.5 32.5
11.5 63.5
15.5 20.5
15.5 21.5
15.5 41.5
15.5 42.5
15.5 53.5
16.5 19.5
16.5 20.5
16.5 40.5
16.5 41.5
16.5 54.5
17.5 18.5
17.5 19.5
17.5 39.5
17.5 40.5
17.5 55.5
27.5 15.5
28.5 14.5
28.5 15.5
28.5 39.5
28.5 59.5
28.5 60.5
29.5 13.5
29.5 40.5
29.5 60.5
29.5 61.5
30.5 40.5
30.5 41.5
30.5 61.5
30.5 62.5
31.5 41.5
31.5 42.5
34.5 22.5
35.5 21.5
35.5 53.5
36.5 20.5
36.5 21.5
36.5 32.5
36.5 33.5
36.5 53.5
36.5 54.5
37.5 20.5
37.5 33.5
37.5 34.5
37.5 54.5
37.5 55.5
38.5 34.5
38.5 35.5
38.5 55.5
39.5 35.5
48.5 14.5
48.5 15.5
49.5 14.5
49.5 59.5
49.5 60.5
50.5 13.5
50.5 34.5
50.5 35.5
50.5 60.5
51.5 33.5
51.5 34.5
51.5 61.5
52.5 32.5
56.5 20.5
56.5 21.5
56.5 42.5
56.5 53.5
57.5 19.5
57.5 20.5
57.5 41.5
57.5 53.5
57.5 54.5
58.5 18.5
58.5 19.5
58.5 40.5
58.5 54.5
