4.5 19.5
4.5 20.5
4.5 33.5
4.5 53.5
4.5 54.5
5.5 19.5
5.5 20.5
5.5 33.5
5.5 53.5
5.5 54.5
7.5 13.5
7.5 40.5
7.5 60.5
8.5 12.5
8.5 13.5
8.5 39.5
8.5 40.5
8.5 60.5
8.5 61.5
13.5 12.5
13.5 13.5
13.5 33.5
13.5 34.5
13.5 53.5
13.5 54.5
14.5 12.5
14.5 13.5
14.5 33.5
14.5 34.5
14.5 53.5
14.5 54.5
16.5 19.5
16.5 20.5
16.5 40.5
16.5 41.5
16.5 60.5
16.5 61.5
17.5 19.5
17.5 20.5
17.5 40.5
17.5 41.5
17.5 60.5
17.5 61.5
22.5 19.5
22.5 20.5
22.5 40.5
22.5 41.5
22.5 53.5
22.5 54.5
23.5 19.5
23.5 20.5
23.5 40.5
23.5 41.5
23.5 53.5
23.5 54.5
25.5 12.5
25.5 13.5
25.5 33.5
25.5 34.5
25.5 60.5
25.5 61.5
26.5 12.5
26.5 13.5
26.5 33.5
26.5 34.5
26.5 60.5
26.5 61.5
30.5 60.5
30.5 61.5
31.5 19.5
31.5 20.5
31.5 39.5
31.5 40.5
31.5 60.5
31.5 61.5
32.5 19.5
32.5 20.5
32.5 40.5
33.5 54.5
34.5 12.5
34.5 13.5
34.5 33.5
34.5 34.5
34.5 53.5
34.5 54.5
35.5 12.5
35.5 13.5
35.5 33.5
39.5 33.5
39.5 53.5
39.5 54.5
40.5 19.5
40.5 20.5
40.5 32.5
40.5 33.5
40.5 53.5
40.5 54.5
41.5 19.5
41.5 33.5
42.5 13.5
42.5 40.5
42.5 60.5
42.5 61.5
43.5 12.5
43.5 13.5
43.5 39.5
43.5 40.5
43.5 60.5
43.5 61.5
48.5 12.5
48.5 13.5
48.5 39.5
48.5 40.5
48.5 60.5
48.5 61.5
49.5 13.5
49.5 39.5
49.5 40.5
49.5 60.5
49.5 61.5
51.5 19.5
51.5 20.5
51.5 32.5
51.5 33.5
51.5 53.5
51.5 54.5
52.5 19.5
52.5 20.5
52.5 32.5
52.5 33.5
52.5 53.5
52.5 54.5
57.5 19.5
57.5 20.5
57.5 33.5
57.5 53.5
57.5 54.5
58.5 20.5
58.5 33.5
58.5 53.5
58.5 54.5
59.5 60.5
60.5 13.5
60.5 14.5
60.5 39.5
60.5 40.5
60.5 60.5
60.5 61.5
61.5 13.5
61.5 40.5
61.5 60.5
61.5 61.5
