5.5 50.5
6.5 51.5
6.5 60.5
7.5 14.5
7.5 35.5
7.5 51.5
8.5 14.5
8.5 23.5
8.5 51.5
9.5 23.5
9.5 52.5
9.5 59.5
10.5 15.5
10.5 22.5
13.5 39.5
14.5 28.5
14.5 39.5
14.5 46.5
15.5 10.5
15.5 39.5
15.5 46.5
15.5 63.5
16.5 10.5
16.5 27.5
16.5 39.5
16.5 63.5
17.5 39.5
17.5 47.5
18.5 11.5
26.5 24.5
27.5 14.5
27.5 24.5
27.5 60.5
28.5 14.5
28.5 23.5
28.5 39.5
29.5 15.5
29.5 23.5
29.5 39.5
29.5 51.5
29.5 59.5
30.5 15.5
30.5 51.5
30.5 59.5
31.5 40.5
34.5 28.5
34.5 35.5
34.5 64.5
35.5 10.5
35.5 35.5
35.5 46.5
36.5 27.5
36.5 35.5
36.5 63.5
37.5 11.5
37.5 47.5
37.5 63.5
38.5 62.5
47.5 38.5
47.5 46.5
48.5 27.5
48.5 38.5
48.5 46.5
49.5 27.5
49.5 45.5
49.5 63.5
50.5 15.5
50.5 45.5
50.5 64.5
51.5 15.5
51.5 28.5
52.5 15.5
52.5 65.5
54.5 34.5
55.5 34.5
55.5 50.5
56.5 50.5
56.5 59.5
57.5 10.5
57.5 23.5
57.5 35.5
57.5 50.5
57.5 59.5
58.5 23.5
58.5 35.5
58.5 59.5
59.5 11.5
59.5 60.5
60.5 11.5
60.5 60.5
