5.5 61.5
5.5 62.5
5.5 63.5
6.5 60.5
6.5 61.5
6.5 62.5
6.5 63.5
6.5 64.5
7.5 8.5
7.5 9.5
7.5 10.5
7.5 24.5
7.5 25.5
7.5 26.5
7.5 27.5
7.5 28.5
7.5 46.5
7.5 60.5
7.5 61.5
7.5 62.5
7.5 63.5
7.5 64.5
8.5 7.5
8.5 8.5
8.5 9.5
8.5 10.5
8.5 11.5
8.5 24.5
8.5 25.5
8.5 26.5
8.5 27.5
8.5 28.5
8.5 29.5
8.5 45.5
8.5 46.5
8.5 47.5
8.5 48.5
8.5 60.5
8.5 61.5
8.5 62.5
8.5 63.5
8.5 64.5
9.5 7.5
9.5 8.5
9.5 9.5
9.5 10.5
9.5 11.5
9.5 12.5
9.5 24.5
9.5 25.5
9.5 26.5
9.5 27.5
9.5 28.5
9.5 29.5
9.5 44.5
9.5 45.5
9.5 46.5
9.5 47.5
9.5 48.5
9.5 49.5
9.5 60.5
9.5 61.5
9.5 62.5
9.5 63.5
10.5 7.5
10.5 8.5
10.5 9.5
10.5 10.5
10.5 11.5
10.5 12.5
10.5 25.5
10.5 26.5
10.5 27.5
10.5 28.5
10.5 29.5
10.5 30.5
10.5 44.5
10.5 45.5
10.5 46.5
10.5 47.5
10.5 48.5
10.5 49.5
11.5 8.5
11.5 9.5
11.5 10.5
11.5 11.5
11.5 12.5
11.5 26.5
11.5 27.5
11.5 28.5
11.5 29.5
11.5 44.5
11.5 45.5
11.5 46.5
11.5 47.5
11.5 48.5
11.5 49.5
12.5 10.5
12.5 11.5
12.5 45.5
12.5 46.5
12.5 47.5
12.5 48.5
13.5 56.5
13.5 57.5
13.5 58.5
13.5 59.5
13.5 60.5
14.5 13.5
14.5 14.5
14.5 15.5
14.5 16.5
14.5 17.5
14.5 30.5
14.5 31.5
14.5 32.5
14.5 55.5
14.5 56.5
14.5 57.5
14.5 58.5
14.5 59.5
14.5 60.5
15.5 13.5
15.5 14.5
15.5 15.5
15.5 16.5
15.5 17.5
15.5 18.5
15.5 30.5
15.5 31.5
15.5 32.5
15.5 33.5
15.5 41.5
15.5 42.5
15.5 43.5
15.5 54.5
15.5 55.5
15.5 56.5
15.5 57.5
15.5 58.5
15.5 59.5
15.5 60.5
16.5 13.5
16.5 14.5
16.5 15.5
16.5 16.5
16.5 17.5
16.5 18.5
16.5 29.5
16.5 30.5
16.5 31.5
16.5 32.5
16.5 33.5
16.5 34.5
16.5 40.5
16.5 41.5
16.5 42.5
16.5 43.5
16.5 44.5
16.5 53.5
16.5 54.5
16.5 55.5
16.5 56.5
16.5 57.5
16.5 58.5
16.5 59.5
16.5 60.5
17.5 14.5
17.5 15.5
17.5 16.5
17.5 17.5
17.5 18.5
17.5 19.5
17.5 30.5
17.5 31.5
17.5 32.5
17.5 33.5
17.5 34.5
17.5 39.5
17.5 40.5
17.5 41.5
17.5 42.5
17.5 43.5
17.5 44.5
17.5 53.5
17.5 54.5
17.5 55.5
17.5 56.5
17.5 57.5
17.5 58.5
17.5 59.5
18.5 15.5
18.5 16.5
18.5 17.5
18.5 18.5
18.5 30.5
18.5 31.5
18.5 32.5
18.5 33.5
18.5 39.5
18.5 40.5
18.5 41.5
18.5 42.5
18.5 43.5
18.5 44.5
18.5 54.5
18.5 55.5
18.5 56.5
18.5 57.5
19.5 39.5
19.5 40.5
19.5 41.5
19.5 42.5
19.5 43.5
20.5 40.5
20.5 41.5
20.5 42.5
26.5 9.5
26.5 10.5
27.5 8.5
27.5 9.5
27.5 10.5
27.5 11.5
28.5 8.5
28.5 9.5
28.5 10.5
28.5 11.5
28.5 12.5
28.5 25.5
28.5 26.5
28.5 27.5
28.5 59.5
28.5 60.5
28.5 61.5
28.5 62.5
28.5 63.5
28.5 64.5
29.5 8.5
29.5 9.5
29.5 10.5
29.5 11.5
29.5 12.5
29.5 13.5
29.5 24.5
29.5 25.5
29.5 26.5
29.5 27.5
29.5 28.5
29.5 39.5
29.5 40.5
29.5 41.5
29.5 42.5
29.5 58.5
29.5 59.5
29.5 60.5
29.5 61.5
29.5 62.5
29.5 63.5
29.5 64.5
29.5 65.5
30.5 9.5
30.5 10.5
30.5 11.5
30.5 12.5
30.5 13.5
30.5 24.5
30.5 25.5
30.5 26.5
30.5 27.5
30.5 28.5
30.5 29.5
30.5 39.5
30.5 40.5
30.5 41.5
30.5 42.5
30.5 43.5
30.5 58.5
30.5 59.5
30.5 60.5
30.5 61.5
30.5 62.5
30.5 63.5
30.5 64.5
30.5 65.5
31.5 10.5
31.5 11.5
31.5 12.5
31.5 24.5
31.5 25.5
31.5 26.5
31.5 27.5
31.5 28.5
31.5 29.5
31.5 39.5
31.5 40.5
31.5 41.5
31.5 42.5
31.5 43.5
31.5 44.5
31.5 59.5
31.5 60.5
31.5 61.5
31.5 62.5
31.5 63.5
31.5 64.5
32.5 25.5
32.5 26.5
32.5 27.5
32.5 28.5
32.5 40.5
32.5 41.5
32.5 42.5
32.5 43.5
32.5 44.5
32.5 45.5
33.5 14.5
33.5 15.5
33.5 43.5
33.5 44.5
34.5 13.5
34.5 14.5
34.5 15.5
34.5 16.5
34.5 17.5
35.5 13.5
35.5 14.5
35.5 15.5
35.5 16.5
35.5 17.5
35.5 18.5
35.5 29.5
35.5 30.5
35.5 31.5
35.5 32.5
35.5 33.5
35.5 46.5
35.5 47.5
36.5 13.5
36.5 14.5
36.5 15.5
36.5 16.5
36.5 17.5
36.5 18.5
36.5 19.5
36.5 29.5
36.5 30.5
36.5 31.5
36.5 32.5
36.5 33.5
36.5 34.5
36.5 45.5
36.5 46.5
36.5 47.5
36.5 48.5
36.5 49.5
36.5 55.5
36.5 56.5
36.5 57.5
36.5 58.5
37.5 14.5
37.5 15.5
37.5 16.5
37.5 17.5
37.5 18.5
37.5 19.5
37.5 29.5
37.5 30.5
37.5 31.5
37.5 32.5
37.5 33.5
37.5 34.5
37.5 45.5
37.5 46.5
37.5 47.5
37.5 48.5
37.5 49.5
37.5 54.5
37.5 55.5
37.5 56.5
37.5 57.5
37.5 58.5
38.5 16.5
38.5 17.5
38.5 18.5
38.5 19.5
38.5 30.5
38.5 31.5
38.5 32.5
38.5 33.5
38.5 34.5
38.5 46.5
38.5 47.5
38.5 48.5
38.5 49.5
38.5 50.5
38.5 54.5
38.5 55.5
38.5 56.5
38.5 57.5
38.5 58.5
39.5 32.5
39.5 33.5
39.5 34.5
39.5 48.5
39.5 49.5
39.5 55.5
39.5 56.5
46.5 62.5
47.5 61.5
47.5 62.5
47.5 63.5
47.5 64.5
48.5 8.5
48.5 9.5
48.5 10.5
48.5 11.5
48.5 12.5
48.5 13.5
48.5 32.5
48.5 33.5
48.5 46.5
48.5 47.5
48.5 48.5
48.5 49.5
48.5 60.5
48.5 61.5
48.5 62.5
48.5 63.5
48.5 64.5
49.5 8.5
49.5 9.5
49.5 10.5
49.5 11.5
49.5 12.5
49.5 13.5
49.5 14.5
49.5 29.5
49.5 30.5
49.5 31.5
49.5 32.5
49.5 33.5
49.5 34.5
49.5 35.5
49.5 45.5
49.5 46.5
49.5 47.5
49.5 48.5
49.5 49.5
49.5 50.5
49.5 61.5
49.5 62.5
49.5 63.5
49.5 64.5
50.5 8.5
50.5 9.5
50.5 10.5
50.5 11.5
50.5 12.5
50.5 13.5
50.5 14.5
50.5 15.5
50.5 28.5
50.5 29.5
50.5 30.5
50.5 31.5
50.5 32.5
50.5 33.5
50.5 34.5
50.5 35.5
50.5 45.5
50.5 46.5
50.5 47.5
50.5 48.5
50.5 49.5
50.5 50.5
50.5 61.5
50.5 62.5
50.5 63.5
51.5 8.5
51.5 9.5
51.5 10.5
51.5 11.5
51.5 12.5
51.5 13.5
51.5 14.5
51.5 15.5
51.5 28.5
51.5 29.5
51.5 30.5
51.5 31.5
51.5 32.5
51.5 33.5
51.5 34.5
51.5 45.5
51.5 46.5
51.5 47.5
51.5 48.5
51.5 49.5
51.5 50.5
52.5 10.5
52.5 11.5
52.5 12.5
52.5 13.5
52.5 14.5
52.5 28.5
52.5 29.5
52.5 30.5
52.5 31.5
52.5 32.5
52.5 33.5
52.5 45.5
52.5 46.5
52.5 47.5
52.5 48.5
52.5 49.5
54.5 57.5
54.5 58.5
54.5 59.5
54.5 60.5
54.5 61.5
55.5 16.5
55.5 17.5
55.5 25.5
55.5 26.5
55.5 27.5
55.5 41.5
55.5 42.5
55.5 55.5
55.5 56.5
55.5 57.5
55.5 58.5
55.5 59.5
55.5 60.5
55.5 61.5
56.5 15.5
56.5 16.5
56.5 17.5
56.5 18.5
56.5 24.5
56.5 25.5
56.5 26.5
56.5 27.5
56.5 28.5
56.5 39.5
56.5 40.5
56.5 41.5
56.5 42.5
56.5 43.5
56.5 44.5
56.5 54.5
56.5 55.5
56.5 56.5
56.5 57.5
56.5 58.5
56.5 59.5
56.5 60.5
56.5 61.5
57.5 14.5
57.5 15.5
57.5 16.5
57.5 17.5
57.5 18.5
57.5 23.5
57.5 24.5
57.5 25.5
57.5 26.5
57.5 27.5
57.5 28.5
57.5 38.5
57.5 39.5
57.5 40.5
57.5 41.5
57.5 42.5
57.5 43.5
57.5 44.5
57.5 54.5
57.5 55.5
57.5 56.5
57.5 57.5
57.5 58.5
57.5 59.5
57.5 60.5
58.5 15.5
58.5 16.5
58.5 17.5
58.5 18.5
58.5 23.5
58.5 24.5
58.5 25.5
58.5 26.5
58.5 27.5
58.5 38.5
58.5 39.5
58.5 40.5
58.5 41.5
58.5 42.5
58.5 43.5
58.5 44.5
58.5 54.5
58.5 55.5
58.5 56.5
58.5 57.5
58.5 58.5
59.5 15.5
59.5 16.5
59.5 17.5
59.5 18.5
59.5 24.5
59.5 25.5
59.5 26.5
59.5 38.5
59.5 39.5
59.5 40.5
59.5 41.5
59.5 42.5
59.5 43.5
60.5 40.5
60.5 41.5
60.5 42.5
