6.5 23.5
6.5 29.5
6.5 49.5
7.5 14.5
9.5 60.5
10.5 9.5
10.5 20.5
10.5 33.5
10.5 43.5
10.5 53.5
17.5 53.5
17.5 64.5
18.5 9.5
18.5 23.5
18.5 30.5
18.5 54.5
19.5 44.5
20.5 60.5
21.5 61.5
23.5 20.5
23.5 40.5
24.5 33.5
28.5 64.5
29.5 64.5
30.5 22.5
30.5 54.5
31.5 29.5
33.5 9.5
34.5 61.5
35.5 50.5
36.5 32.5
36.5 43.5
41.5 12.5
42.5 18.5
43.5 28.5
43.5 64.5
44.5 54.5
46.5 9.5
46.5 21.5
48.5 33.5
48.5 41.5
48.5 61.5
55.5 30.5
55.5 44.5
55.5 50.5
55.5 64.5
56.5 44.5
58.5 22.5
59.5 9.5
59.5 54.5
60.5 33.5
60.5 41.5
