3.5 40.5
3.5 41.5
6.5 8.5
6.5 9.5
6.5 18.5
6.5 30.5
6.5 62.5
7.5 8.5
7.5 9.5
7.5 18.5
7.5 30.5
7.5 31.5
7.5 36.5
7.5 54.5
7.5 61.5
7.5 62.5
8.5 7.5
8.5 8.5
8.5 9.5
8.5 17.5
8.5 18.5
8.5 30.5
8.5 31.5
8.5 36.5
8.5 37.5
8.5 43.5
8.5 54.5
8.5 55.5
8.5 61.5
8.5 62.5
9.5 7.5
9.5 8.5
9.5 17.5
9.5 18.5
9.5 30.5
9.5 31.5
9.5 32.5
9.5 36.5
9.5 37.5
9.5 43.5
9.5 54.5
9.5 55.5
9.5 61.5
9.5 62.5
10.5 7.5
10.5 8.5
10.5 17.5
10.5 18.5
10.5 31.5
10.5 32.5
10.5 36.5
10.5 42.5
10.5 43.5
10.5 54.5
10.5 55.5
10.5 60.5
10.5 61.5
10.5 62.5
11.5 17.5
11.5 18.5
11.5 36.5
11.5 42.5
11.5 43.5
11.5 55.5
11.5 61.5
12.5 42.5
13.5 11.5
13.5 12.5
13.5 27.5
13.5 42.5
13.5 65.5
14.5 11.5
14.5 12.5
14.5 21.5
14.5 22.5
14.5 27.5
14.5 28.5
14.5 51.5
14.5 65.5
15.5 11.5
15.5 12.5
15.5 21.5
15.5 22.5
15.5 27.5
15.5 28.5
15.5 46.5
15.5 51.5
15.5 52.5
15.5 64.5
15.5 65.5
16.5 10.5
16.5 11.5
16.5 12.5
16.5 20.5
16.5 21.5
16.5 22.5
16.5 27.5
16.5 28.5
16.5 29.5
16.5 38.5
16.5 45.5
16.5 46.5
16.5 47.5
16.5 51.5
16.5 52.5
16.5 53.5
16.5 64.5
16.5 65.5
17.5 10.5
17.5 11.5
17.5 20.5
17.5 21.5
17.5 28.5
17.5 29.5
17.5 38.5
17.5 45.5
17.5 46.5
17.5 47.5
17.5 52.5
17.5 53.5
17.5 64.5
17.5 65.5
18.5 20.5
18.5 21.5
18.5 38.5
18.5 45.5
18.5 46.5
18.5 47.5
18.5 52.5
18.5 53.5
18.5 64.5
19.5 38.5
19.5 45.5
19.5 46.5
19.5 53.5
20.5 46.5
26.5 8.5
26.5 30.5
26.5 62.5
27.5 7.5
27.5 8.5
27.5 20.5
27.5 29.5
27.5 30.5
27.5 36.5
27.5 56.5
27.5 62.5
27.5 63.5
28.5 6.5
28.5 7.5
28.5 8.5
28.5 20.5
28.5 21.5
28.5 29.5
28.5 30.5
28.5 31.5
28.5 35.5
28.5 46.5
28.5 56.5
28.5 57.5
28.5 61.5
28.5 62.5
28.5 63.5
29.5 6.5
29.5 7.5
29.5 8.5
29.5 20.5
29.5 21.5
29.5 29.5
29.5 30.5
29.5 31.5
29.5 35.5
29.5 45.5
29.5 46.5
29.5 56.5
29.5 57.5
29.5 61.5
29.5 62.5
29.5 63.5
30.5 6.5
30.5 7.5
30.5 20.5
30.5 21.5
30.5 29.5
30.5 30.5
30.5 34.5
30.5 35.5
30.5 45.5
30.5 46.5
30.5 47.5
30.5 56.5
30.5 57.5
30.5 61.5
30.5 62.5
31.5 20.5
31.5 21.5
31.5 30.5
31.5 34.5
31.5 45.5
31.5 46.5
31.5 47.5
31.5 57.5
31.5 62.5
32.5 20.5
32.5 21.5
32.5 34.5
32.5 46.5
32.5 47.5
32.5 57.5
33.5 46.5
33.5 47.5
34.5 10.5
34.5 11.5
34.5 12.5
34.5 25.5
34.5 37.5
34.5 65.5
35.5 10.5
35.5 11.5
35.5 12.5
35.5 17.5
35.5 25.5
35.5 26.5
35.5 36.5
35.5 37.5
35.5 42.5
35.5 52.5
35.5 53.5
35.5 65.5
36.5 10.5
36.5 11.5
36.5 12.5
36.5 17.5
36.5 25.5
36.5 26.5
36.5 36.5
36.5 37.5
36.5 42.5
36.5 52.5
36.5 53.5
36.5 54.5
36.5 65.5
37.5 9.5
37.5 10.5
37.5 11.5
37.5 17.5
37.5 25.5
37.5 26.5
37.5 36.5
37.5 37.5
37.5 42.5
37.5 43.5
37.5 52.5
37.5 53.5
37.5 54.5
37.5 64.5
37.5 65.5
38.5 10.5
38.5 11.5
38.5 17.5
38.5 18.5
38.5 25.5
38.5 26.5
38.5 36.5
38.5 37.5
38.5 42.5
38.5 43.5
38.5 52.5
38.5 53.5
38.5 54.5
38.5 64.5
38.5 65.5
39.5 17.5
39.5 18.5
39.5 26.5
39.5 36.5
39.5 42.5
39.5 43.5
39.5 53.5
47.5 7.5
47.5 8.5
47.5 27.5
47.5 34.5
47.5 53.5
47.5 54.5
48.5 7.5
48.5 8.5
48.5 27.5
48.5 28.5
48.5 34.5
48.5 35.5
48.5 45.5
48.5 52.5
48.5 53.5
48.5 54.5
48.5 62.5
49.5 7.5
49.5 8.5
49.5 9.5
49.5 17.5
49.5 18.5
49.5 28.5
49.5 29.5
49.5 33.5
49.5 34.5
49.5 35.5
49.5 45.5
49.5 46.5
49.5 52.5
49.5 53.5
49.5 54.5
49.5 62.5
50.5 7.5
50.5 8.5
50.5 9.5
50.5 17.5
50.5 18.5
50.5 28.5
50.5 29.5
50.5 33.5
50.5 34.5
50.5 35.5
50.5 46.5
50.5 47.5
50.5 52.5
50.5 53.5
50.5 54.5
50.5 61.5
50.5 62.5
51.5 7.5
51.5 8.5
51.5 17.5
51.5 18.5
51.5 29.5
51.5 34.5
51.5 46.5
51.5 47.5
51.5 52.5
51.5 53.5
51.5 61.5
51.5 62.5
52.5 7.5
52.5 8.5
52.5 17.5
52.5 47.5
52.5 61.5
53.5 17.5
53.5 57.5
53.5 61.5
54.5 38.5
54.5 43.5
54.5 57.5
55.5 12.5
55.5 13.5
55.5 25.5
55.5 26.5
55.5 37.5
55.5 38.5
55.5 42.5
55.5 43.5
55.5 44.5
55.5 56.5
55.5 57.5
55.5 64.5
55.5 65.5
56.5 12.5
56.5 13.5
56.5 20.5
56.5 21.5
56.5 25.5
56.5 26.5
56.5 27.5
56.5 37.5
56.5 38.5
56.5 42.5
56.5 43.5
56.5 44.5
56.5 56.5
56.5 57.5
56.5 64.5
56.5 65.5
57.5 11.5
57.5 12.5
57.5 13.5
57.5 20.5
57.5 21.5
57.5 25.5
57.5 26.5
57.5 27.5
57.5 37.5
57.5 38.5
57.5 43.5
57.5 44.5
57.5 56.5
57.5 64.5
57.5 65.5
58.5 11.5
58.5 12.5
58.5 20.5
58.5 21.5
58.5 26.5
58.5 27.5
58.5 37.5
58.5 43.5
58.5 44.5
58.5 56.5
58.5 63.5
58.5 64.5
58.5 65.5
59.5 11.5
59.5 12.5
59.5 20.5
59.5 26.5
59.5 27.5
59.5 44.5
59.5 63.5
59.5 64.5
60.5 11.5
60.5 20.5
63.5 31.5
63.5 32.5
63.5 33.5
63.5 34.5
