3.5 15.5
3.5 23.5
4.5 15.5
4.5 16.5
4.5 22.5
5.5 33.5
5.5 34.5
5.5 35.5
5.5 51.5
5.5 52.5
5.5 60.5
5.5 61.5
6.5 33.5
6.5 34.5
6.5 59.5
6.5 60.5
7.5 25.5
7.5 26.5
8.5 9.5
8.5 10.5
8.5 25.5
8.5 26.5
9.5 9.5
9.5 10.5
9.5 38.5
9.5 45.5
9.5 46.5
9.5 47.5
10.5 37.5
10.5 38.5
10.5 63.5
10.5 64.5
10.5 65.5
14.5 13.5
14.5 14.5
14.5 23.5
14.5 49.5
14.5 50.5
14.5 51.5
14.5 58.5
14.5 59.5
14.5 60.5
15.5 14.5
15.5 15.5
15.5 22.5
15.5 23.5
16.5 33.5
16.5 34.5
18.5 8.5
18.5 9.5
18.5 26.5
18.5 27.5
18.5 45.5
18.5 46.5
18.5 63.5
18.5 64.5
19.5 9.5
19.5 10.5
19.5 26.5
19.5 37.5
19.5 38.5
19.5 63.5
19.5 64.5
20.5 37.5
20.5 38.5
24.5 13.5
24.5 14.5
24.5 15.5
24.5 23.5
24.5 50.5
24.5 51.5
24.5 58.5
24.5 59.5
24.5 60.5
25.5 14.5
25.5 15.5
25.5 16.5
25.5 23.5
25.5 50.5
25.5 51.5
25.5 59.5
25.5 60.5
26.5 33.5
26.5 34.5
27.5 33.5
27.5 34.5
29.5 8.5
29.5 9.5
29.5 26.5
30.5 8.5
30.5 9.5
30.5 10.5
30.5 25.5
30.5 26.5
30.5 46.5
30.5 47.5
30.5 64.5
31.5 9.5
31.5 10.5
31.5 37.5
31.5 38.5
31.5 39.5
31.5 63.5
31.5 64.5
36.5 22.5
36.5 23.5
36.5 50.5
36.5 51.5
36.5 52.5
36.5 59.5
36.5 60.5
37.5 11.5
37.5 12.5
37.5 22.5
37.5 34.5
37.5 35.5
37.5 58.5
37.5 59.5
38.5 10.5
38.5 34.5
39.5 16.5
40.5 15.5
40.5 16.5
40.5 26.5
40.5 27.5
40.5 46.5
40.5 47.5
40.5 62.5
40.5 63.5
41.5 38.5
41.5 39.5
41.5 46.5
41.5 47.5
44.5 7.5
45.5 7.5
45.5 61.5
45.5 62.5
46.5 16.5
46.5 26.5
46.5 27.5
46.5 38.5
46.5 46.5
46.5 61.5
46.5 62.5
47.5 16.5
47.5 39.5
49.5 22.5
49.5 33.5
49.5 34.5
49.5 50.5
49.5 51.5
49.5 58.5
50.5 12.5
50.5 22.5
50.5 23.5
50.5 50.5
50.5 51.5
50.5 58.5
51.5 12.5
51.5 13.5
51.5 59.5
52.5 13.5
54.5 36.5
54.5 37.5
55.5 37.5
55.5 38.5
55.5 46.5
56.5 25.5
56.5 45.5
56.5 46.5
56.5 62.5
57.5 15.5
57.5 25.5
57.5 63.5
58.5 16.5
58.5 32.5
59.5 32.5
59.5 33.5
60.5 10.5
60.5 11.5
60.5 22.5
60.5 49.5
60.5 50.5
60.5 58.5
61.5 23.5
61.5 57.5
61.5 58.5
61.5 59.5
63.5 39.5
63.5 40.5
63.5 41.5
