4.5 20.5
5.5 20.5
5.5 26.5
5.5 27.5
5.5 47.5
5.5 56.5
5.5 64.5
6.5 13.5
6.5 21.5
6.5 26.5
6.5 38.5
6.5 47.5
6.5 48.5
6.5 56.5
6.5 64.5
7.5 13.5
7.5 39.5
7.5 48.5
8.5 61.5
9.5 9.5
9.5 10.5
9.5 30.5
9.5 35.5
9.5 44.5
9.5 53.5
9.5 61.5
10.5 10.5
10.5 18.5
10.5 29.5
10.5 30.5
10.5 35.5
10.5 44.5
10.5 45.5
11.5 36.5
15.5 9.5
15.5 46.5
15.5 55.5
15.5 60.5
16.5 9.5
16.5 20.5
16.5 29.5
16.5 37.5
16.5 46.5
16.5 47.5
16.5 55.5
16.5 60.5
17.5 8.5
17.5 9.5
17.5 21.5
17.5 30.5
17.5 38.5
18.5 51.5
18.5 52.5
18.5 64.5
19.5 18.5
19.5 25.5
19.5 26.5
19.5 34.5
19.5 43.5
19.5 52.5
19.5 63.5
20.5 13.5
20.5 18.5
20.5 26.5
20.5 35.5
20.5 43.5
21.5 12.5
24.5 52.5
25.5 26.5
25.5 45.5
25.5 46.5
25.5 51.5
25.5 52.5
25.5 63.5
25.5 64.5
26.5 12.5
26.5 21.5
26.5 26.5
26.5 37.5
26.5 47.5
26.5 64.5
27.5 13.5
27.5 38.5
28.5 18.5
28.5 54.5
28.5 59.5
29.5 18.5
29.5 28.5
29.5 33.5
29.5 34.5
29.5 43.5
29.5 44.5
29.5 54.5
29.5 59.5
29.5 60.5
30.5 9.5
30.5 10.5
30.5 19.5
30.5 28.5
30.5 34.5
30.5 35.5
30.5 60.5
31.5 10.5
34.5 46.5
34.5 52.5
35.5 20.5
35.5 47.5
35.5 52.5
35.5 60.5
36.5 11.5
36.5 21.5
36.5 25.5
36.5 36.5
36.5 37.5
36.5 38.5
36.5 60.5
37.5 12.5
37.5 21.5
37.5 25.5
38.5 12.5
38.5 43.5
38.5 44.5
38.5 55.5
38.5 65.5
39.5 17.5
39.5 28.5
39.5 33.5
39.5 44.5
39.5 55.5
39.5 64.5
39.5 65.5
40.5 8.5
40.5 17.5
40.5 28.5
40.5 34.5
40.5 64.5
41.5 9.5
41.5 17.5
42.5 9.5
44.5 44.5
44.5 53.5
45.5 37.5
45.5 38.5
45.5 43.5
45.5 52.5
45.5 64.5
46.5 17.5
46.5 26.5
46.5 27.5
46.5 64.5
46.5 65.5
47.5 8.5
47.5 9.5
47.5 26.5
47.5 47.5
47.5 65.5
48.5 8.5
48.5 21.5
48.5 35.5
48.5 46.5
48.5 56.5
49.5 20.5
49.5 21.5
49.5 30.5
49.5 35.5
49.5 36.5
49.5 55.5
49.5 61.5
50.5 11.5
50.5 30.5
50.5 54.5
50.5 61.5
51.5 29.5
54.5 38.5
54.5 44.5
55.5 11.5
55.5 12.5
55.5 18.5
55.5 19.5
55.5 38.5
55.5 39.5
55.5 44.5
55.5 53.5
56.5 12.5
56.5 18.5
56.5 30.5
56.5 39.5
56.5 52.5
56.5 61.5
57.5 30.5
57.5 31.5
57.5 52.5
57.5 60.5
57.5 61.5
58.5 47.5
59.5 22.5
59.5 36.5
59.5 47.5
59.5 56.5
60.5 9.5
60.5 21.5
60.5 27.5
60.5 36.5
60.5 46.5
60.5 55.5
60.5 63.5
61.5 10.5
61.5 28.5
61.5 63.5
