5.5 19.5
5.5 20.5
5.5 40.5
5.5 41.5
5.5 60.5
5.5 61.5
6.5 19.5
6.5 20.5
6.5 21.5
6.5 40.5
6.5 41.5
6.5 60.5
6.5 61.5
8.5 12.5
8.5 13.5
8.5 14.5
8.5 32.5
8.5 33.5
8.5 34.5
8.5 53.5
8.5 54.5
8.5 55.5
9.5 12.5
9.5 13.5
9.5 14.5
9.5 32.5
9.5 33.5
9.5 34.5
9.5 53.5
9.5 54.5
9.5 55.5
10.5 13.5
15.5 19.5
15.5 20.5
15.5 32.5
15.5 33.5
15.5 34.5
15.5 54.5
15.5 55.5
16.5 18.5
16.5 19.5
16.5 20.5
16.5 32.5
16.5 33.5
16.5 34.5
16.5 53.5
16.5 54.5
16.5 55.5
18.5 41.5
18.5 61.5
19.5 12.5
19.5 13.5
19.5 40.5
19.5 41.5
19.5 42.5
19.5 60.5
19.5 61.5
19.5 62.5
20.5 12.5
20.5 13.5
20.5 40.5
20.5 41.5
20.5 60.5
20.5 61.5
25.5 13.5
25.5 34.5
25.5 35.5
25.5 61.5
26.5 12.5
26.5 13.5
26.5 14.5
26.5 33.5
26.5 34.5
26.5 35.5
26.5 60.5
26.5 61.5
26.5 62.5
27.5 12.5
27.5 13.5
27.5 61.5
29.5 19.5
29.5 20.5
29.5 21.5
29.5 41.5
29.5 42.5
29.5 54.5
29.5 55.5
30.5 19.5
30.5 20.5
30.5 21.5
30.5 41.5
30.5 42.5
30.5 54.5
30.5 55.5
35.5 20.5
35.5 40.5
35.5 41.5
35.5 54.5
36.5 19.5
36.5 20.5
36.5 21.5
36.5 40.5
36.5 41.5
36.5 42.5
36.5 53.5
36.5 54.5
36.5 55.5
37.5 19.5
37.5 20.5
37.5 41.5
37.5 53.5
37.5 54.5
39.5 12.5
39.5 13.5
39.5 32.5
39.5 33.5
39.5 34.5
39.5 60.5
39.5 61.5
40.5 12.5
40.5 13.5
40.5 33.5
40.5 34.5
40.5 59.5
40.5 60.5
40.5 61.5
41.5 60.5
45.5 13.5
46.5 12.5
46.5 13.5
46.5 32.5
46.5 33.5
46.5 60.5
46.5 61.5
47.5 12.5
47.5 13.5
47.5 32.5
47.5 33.5
47.5 59.5
47.5 60.5
47.5 61.5
49.5 19.5
49.5 40.5
50.5 18.5
50.5 19.5
50.5 20.5
50.5 39.5
50.5 40.5
50.5 41.5
50.5 53.5
50.5 54.5
51.5 39.5
51.5 40.5
51.5 41.5
51.5 53.5
51.5 54.5
56.5 12.5
56.5 13.5
56.5 32.5
56.5 33.5
56.5 34.5
56.5 60.5
56.5 61.5
57.5 12.5
57.5 13.5
57.5 32.5
57.5 33.5
57.5 34.5
57.5 60.5
57.5 61.5
59.5 18.5
59.5 19.5
59.5 20.5
59.5 40.5
60.5 19.5
60.5 39.5
60.5 40.5
60.5 41.5
60.5 53.5
60.5 54.5
61.5 53.5
61.5 54.5
