2.5 14.5
3.5 40.5
3.5 41.5
3.5 47.5
3.5 48.5
4.5 7.5
4.5 41.5
4.5 57.5
4.5 65.5
4.5 66.5
5.5 7.5
5.5 30.5
6.5 51.5
6.5 52.5
7.5 20.5
7.5 51.5
7.5 61.5
7.5 62.5
8.5 33.5
8.5 37.5
12.5 7.5
12.5 17.5
12.5 50.5
13.5 7.5
13.5 8.5
13.5 17.5
13.5 18.5
13.5 40.5
13.5 49.5
13.5 50.5
14.5 49.5
14.5 63.5
15.5 12.5
16.5 12.5
16.5 45.5
17.5 25.5
17.5 34.5
17.5 38.5
17.5 56.5
17.5 61.5
18.5 56.5
21.5 42.5
22.5 17.5
22.5 27.5
23.5 57.5
23.5 62.5
24.5 39.5
24.5 57.5
25.5 10.5
25.5 21.5
25.5 40.5
25.5 50.5
26.5 20.5
26.5 25.5
26.5 33.5
26.5 34.5
26.5 64.5
27.5 54.5
27.5 55.5
30.5 42.5
30.5 43.5
30.5 47.5
30.5 48.5
31.5 11.5
31.5 31.5
32.5 20.5
32.5 21.5
32.5 31.5
32.5 58.5
32.5 64.5
33.5 7.5
34.5 7.5
34.5 16.5
34.5 17.5
34.5 39.5
34.5 62.5
35.5 16.5
35.5 25.5
35.5 54.5
39.5 7.5
39.5 41.5
40.5 25.5
40.5 31.5
40.5 54.5
41.5 16.5
41.5 17.5
41.5 54.5
42.5 48.5
42.5 49.5
43.5 11.5
43.5 27.5
43.5 38.5
43.5 39.5
44.5 20.5
44.5 33.5
44.5 34.5
44.5 58.5
45.5 62.5
47.5 50.5
48.5 8.5
48.5 42.5
48.5 49.5
48.5 50.5
49.5 20.5
49.5 41.5
49.5 42.5
50.5 46.5
50.5 47.5
50.5 56.5
50.5 64.5
51.5 54.5
52.5 11.5
52.5 17.5
52.5 26.5
52.5 31.5
52.5 39.5
52.5 61.5
56.5 19.5
56.5 24.5
57.5 8.5
57.5 33.5
57.5 41.5
57.5 60.5
57.5 61.5
58.5 8.5
58.5 61.5
59.5 17.5
59.5 27.5
59.5 46.5
60.5 31.5
60.5 55.5
60.5 56.5
60.5 65.5
61.5 11.5
61.5 22.5
