8.5 11.5
8.5 31.5
8.5 47.5
9.5 10.5
9.5 31.5
9.5 32.5
9.5 47.5
9.5 48.5
9.5 62.5
10.5 32.5
10.5 48.5
10.5 62.5
14.5 17.5
15.5 17.5
15.5 26.5
15.5 41.5
16.5 16.5
16.5 17.5
16.5 41.5
16.5 42.5
16.5 57.5
17.5 16.5
17.5 27.5
17.5 42.5
17.5 57.5
28.5 16.5
29.5 16.5
29.5 17.5
29.5 31.5
29.5 41.5
29.5 57.5
30.5 17.5
30.5 31.5
30.5 40.5
30.5 56.5
31.5 56.5
35.5 10.5
35.5 26.5
35.5 47.5
36.5 11.5
36.5 26.5
36.5 27.5
36.5 46.5
36.5 47.5
36.5 62.5
37.5 11.5
37.5 27.5
37.5 46.5
37.5 62.5
38.5 62.5
48.5 45.5
49.5 31.5
49.5 46.5
50.5 16.5
50.5 31.5
50.5 47.5
50.5 62.5
51.5 16.5
51.5 62.5
51.5 63.5
52.5 17.5
52.5 63.5
55.5 41.5
56.5 26.5
56.5 41.5
56.5 56.5
57.5 10.5
57.5 26.5
57.5 27.5
57.5 57.5
58.5 11.5
58.5 27.5
59.5 11.5
