3.5 26.5
3.5 33.5
4.5 11.5
4.5 19.5
4.5 26.5
4.5 33.5
4.5 40.5
4.5 49.5
4.5 57.5
4.5 63.5
5.5 11.5
5.5 19.5
5.5 27.5
5.5 34.5
5.5 39.5
5.5 40.5
5.5 49.5
5.5 50.5
5.5 57.5
5.5 62.5
6.5 11.5
6.5 12.5
6.5 20.5
6.5 27.5
6.5 34.5
6.5 38.5
6.5 39.5
6.5 50.5
6.5 57.5
6.5 58.5
6.5 62.5
7.5 7.5
7.5 12.5
7.5 16.5
7.5 20.5
7.5 23.5
7.5 27.5
7.5 31.5
7.5 38.5
7.5 50.5
7.5 51.5
7.5 54.5
7.5 58.5
7.5 61.5
7.5 65.5
8.5 7.5
8.5 8.5
8.5 16.5
8.5 24.5
8.5 31.5
8.5 42.5
8.5 43.5
8.5 47.5
8.5 51.5
8.5 54.5
8.5 65.5
9.5 8.5
9.5 16.5
9.5 17.5
9.5 24.5
9.5 31.5
9.5 42.5
9.5 47.5
9.5 55.5
9.5 64.5
9.5 65.5
10.5 8.5
10.5 9.5
10.5 17.5
10.5 24.5
10.5 32.5
10.5 41.5
10.5 47.5
10.5 48.5
10.5 55.5
10.5 64.5
11.5 9.5
11.5 17.5
11.5 32.5
11.5 40.5
11.5 48.5
11.5 55.5
14.5 9.5
14.5 18.5
14.5 25.5
14.5 31.5
14.5 40.5
14.5 56.5
14.5 63.5
15.5 10.5
15.5 18.5
15.5 25.5
15.5 26.5
15.5 31.5
15.5 39.5
15.5 40.5
15.5 49.5
15.5 57.5
15.5 62.5
16.5 10.5
16.5 11.5
16.5 19.5
16.5 26.5
16.5 30.5
16.5 38.5
16.5 39.5
16.5 49.5
16.5 57.5
16.5 62.5
17.5 11.5
17.5 19.5
17.5 26.5
17.5 34.5
17.5 38.5
17.5 50.5
17.5 58.5
17.5 61.5
17.5 62.5
18.5 7.5
18.5 15.5
18.5 23.5
18.5 33.5
18.5 34.5
18.5 42.5
18.5 46.5
18.5 50.5
18.5 54.5
18.5 58.5
18.5 61.5
18.5 66.5
19.5 8.5
19.5 16.5
19.5 23.5
19.5 33.5
19.5 42.5
19.5 46.5
19.5 54.5
19.5 65.5
20.5 9.5
20.5 16.5
20.5 17.5
20.5 24.5
20.5 32.5
20.5 33.5
20.5 41.5
20.5 47.5
20.5 54.5
20.5 55.5
20.5 64.5
20.5 65.5
21.5 17.5
21.5 24.5
21.5 32.5
21.5 47.5
21.5 55.5
21.5 64.5
24.5 10.5
24.5 16.5
24.5 17.5
24.5 25.5
24.5 32.5
24.5 40.5
25.5 10.5
25.5 16.5
25.5 25.5
25.5 31.5
25.5 40.5
25.5 48.5
25.5 56.5
25.5 64.5
26.5 11.5
26.5 15.5
26.5 26.5
26.5 30.5
26.5 31.5
26.5 39.5
26.5 49.5
26.5 57.5
26.5 65.5
27.5 11.5
27.5 15.5
27.5 19.5
27.5 23.5
27.5 30.5
27.5 39.5
27.5 49.5
27.5 57.5
27.5 58.5
27.5 61.5
27.5 65.5
27.5 66.5
28.5 8.5
28.5 19.5
28.5 23.5
28.5 34.5
28.5 35.5
28.5 42.5
28.5 45.5
28.5 50.5
28.5 53.5
28.5 61.5
28.5 66.5
29.5 8.5
29.5 18.5
29.5 23.5
29.5 24.5
29.5 34.5
29.5 35.5
29.5 42.5
29.5 46.5
29.5 54.5
29.5 62.5
30.5 8.5
30.5 18.5
30.5 24.5
30.5 33.5
30.5 34.5
30.5 42.5
30.5 46.5
30.5 47.5
30.5 54.5
30.5 55.5
30.5 62.5
30.5 63.5
31.5 9.5
31.5 17.5
31.5 41.5
31.5 47.5
31.5 55.5
31.5 63.5
34.5 25.5
34.5 33.5
34.5 34.5
34.5 40.5
34.5 56.5
34.5 63.5
35.5 10.5
35.5 16.5
35.5 26.5
35.5 34.5
35.5 40.5
35.5 47.5
35.5 56.5
35.5 57.5
35.5 62.5
35.5 63.5
36.5 10.5
36.5 15.5
36.5 16.5
36.5 26.5
36.5 27.5
36.5 34.5
36.5 35.5
36.5 39.5
36.5 46.5
36.5 47.5
36.5 57.5
36.5 62.5
37.5 11.5
37.5 15.5
37.5 27.5
37.5 31.5
37.5 35.5
37.5 46.5
37.5 53.5
37.5 58.5
37.5 61.5
38.5 7.5
38.5 11.5
38.5 14.5
38.5 19.5
38.5 22.5
38.5 31.5
38.5 42.5
38.5 45.5
38.5 50.5
38.5 54.5
38.5 65.5
39.5 8.5
39.5 18.5
39.5 19.5
39.5 23.5
39.5 32.5
39.5 41.5
39.5 42.5
39.5 49.5
39.5 54.5
39.5 55.5
39.5 64.5
39.5 65.5
40.5 8.5
40.5 18.5
40.5 23.5
40.5 24.5
40.5 32.5
40.5 41.5
40.5 49.5
40.5 55.5
40.5 64.5
41.5 9.5
41.5 17.5
41.5 24.5
41.5 25.5
41.5 40.5
41.5 48.5
41.5 56.5
42.5 9.5
42.5 17.5
42.5 25.5
44.5 40.5
44.5 48.5
44.5 56.5
44.5 63.5
45.5 10.5
45.5 16.5
45.5 25.5
45.5 34.5
45.5 41.5
45.5 49.5
45.5 55.5
45.5 62.5
46.5 11.5
46.5 16.5
46.5 25.5
46.5 26.5
46.5 34.5
46.5 41.5
46.5 49.5
46.5 50.5
46.5 54.5
46.5 55.5
46.5 62.5
47.5 11.5
47.5 16.5
47.5 26.5
47.5 27.5
47.5 34.5
47.5 42.5
47.5 45.5
47.5 50.5
47.5 54.5
47.5 62.5
48.5 12.5
48.5 15.5
48.5 27.5
48.5 28.5
48.5 31.5
48.5 38.5
48.5 46.5
48.5 58.5
48.5 61.5
48.5 65.5
49.5 8.5
49.5 19.5
49.5 22.5
49.5 23.5
49.5 31.5
49.5 38.5
49.5 46.5
49.5 47.5
49.5 57.5
49.5 58.5
49.5 65.5
50.5 8.5
50.5 9.5
50.5 19.5
50.5 23.5
50.5 24.5
50.5 32.5
50.5 39.5
50.5 47.5
50.5 57.5
50.5 64.5
51.5 9.5
51.5 18.5
51.5 24.5
51.5 32.5
51.5 39.5
51.5 48.5
51.5 56.5
51.5 57.5
51.5 64.5
52.5 10.5
52.5 18.5
52.5 25.5
54.5 48.5
55.5 10.5
55.5 18.5
55.5 25.5
55.5 32.5
55.5 39.5
55.5 47.5
55.5 55.5
55.5 64.5
56.5 9.5
56.5 19.5
56.5 24.5
56.5 31.5
56.5 39.5
56.5 46.5
56.5 47.5
56.5 55.5
56.5 64.5
57.5 8.5
57.5 9.5
57.5 23.5
57.5 31.5
57.5 38.5
57.5 46.5
57.5 55.5
57.5 64.5
57.5 65.5
58.5 8.5
58.5 13.5
58.5 16.5
58.5 27.5
58.5 30.5
58.5 35.5
58.5 38.5
58.5 42.5
58.5 45.5
58.5 51.5
58.5 54.5
58.5 65.5
59.5 12.5
59.5 13.5
59.5 17.5
59.5 26.5
59.5 27.5
59.5 34.5
59.5 41.5
59.5 42.5
59.5 50.5
59.5 58.5
59.5 61.5
60.5 11.5
60.5 12.5
60.5 17.5
60.5 26.5
60.5 33.5
60.5 34.5
60.5 41.5
60.5 49.5
60.5 50.5
60.5 58.5
60.5 62.5
61.5 11.5
61.5 25.5
61.5 33.5
61.5 41.5
61.5 49.5
61.5 57.5
61.5 62.5
62.5 57.5
62.5 62.5
63.5 57.5
