4.5 11.5
4.5 17.5
4.5 25.5
5.5 16.5
5.5 34.5
5.5 47.5
6.5 12.5
6.5 35.5
6.5 61.5
7.5 20.5
7.5 24.5
7.5 46.5
7.5 61.5
8.5 9.5
8.5 61.5
9.5 51.5
10.5 19.5
10.5 27.5
10.5 32.5
10.5 51.5
10.5 65.5
11.5 32.5
11.5 51.5
12.5 26.5
12.5 57.5
12.5 64.5
13.5 26.5
13.5 57.5
14.5 57.5
16.5 11.5
16.5 34.5
16.5 40.5
17.5 11.5
17.5 34.5
17.5 49.5
18.5 11.5
18.5 16.5
19.5 26.5
19.5 39.5
19.5 50.5
19.5 64.5
20.5 15.5
20.5 26.5
20.5 59.5
21.5 30.5
21.5 51.5
22.5 19.5
22.5 23.5
23.5 31.5
23.5 42.5
23.5 47.5
23.5 63.5
24.5 18.5
24.5 47.5
24.5 57.5
25.5 9.5
25.5 18.5
29.5 32.5
30.5 8.5
30.5 16.5
30.5 31.5
30.5 58.5
31.5 16.5
31.5 26.5
31.5 31.5
31.5 39.5
31.5 49.5
31.5 59.5
32.5 16.5
32.5 60.5
33.5 11.5
33.5 16.5
34.5 11.5
34.5 34.5
34.5 42.5
34.5 50.5
34.5 54.5
35.5 20.5
35.5 46.5
36.5 25.5
36.5 33.5
36.5 41.5
36.5 55.5
37.5 47.5
37.5 55.5
38.5 40.5
38.5 47.5
40.5 32.5
40.5 57.5
41.5 27.5
41.5 32.5
42.5 9.5
42.5 19.5
42.5 28.5
42.5 39.5
43.5 9.5
43.5 19.5
43.5 39.5
44.5 39.5
44.5 47.5
44.5 60.5
45.5 24.5
45.5 39.5
46.5 25.5
46.5 35.5
46.5 39.5
46.5 46.5
46.5 64.5
47.5 35.5
47.5 55.5
48.5 11.5
48.5 35.5
48.5 50.5
49.5 42.5
49.5 50.5
49.5 56.5
52.5 25.5
54.5 18.5
54.5 24.5
54.5 35.5
55.5 35.5
55.5 43.5
56.5 11.5
56.5 19.5
56.5 50.5
56.5 62.5
57.5 28.5
57.5 32.5
57.5 44.5
57.5 57.5
58.5 8.5
58.5 15.5
58.5 28.5
58.5 32.5
58.5 39.5
58.5 47.5
58.5 53.5
58.5 57.5
59.5 8.5
59.5 16.5
59.5 32.5
59.5 40.5
59.5 66.5
60.5 27.5
60.5 41.5
60.5 65.5
61.5 54.5
61.5 65.5
62.5 64.5
63.5 52.5
