5.5 19.5
5.5 20.5
6.5 33.5
6.5 34.5
6.5 60.5
7.5 60.5
7.5 61.5
9.5 13.5
10.5 13.5
10.5 14.5
10.5 39.5
10.5 40.5
11.5 53.5
11.5 54.5
18.5 19.5
18.5 20.5
18.5 32.5
18.5 33.5
18.5 53.5
19.5 20.5
19.5 52.5
19.5 53.5
22.5 39.5
22.5 40.5
22.5 60.5
22.5 61.5
23.5 13.5
23.5 39.5
23.5 40.5
23.5 60.5
23.5 61.5
30.5 18.5
30.5 19.5
30.5 32.5
30.5 33.5
30.5 61.5
31.5 60.5
31.5 61.5
31.5 62.5
34.5 11.5
34.5 12.5
35.5 12.5
35.5 39.5
35.5 40.5
35.5 53.5
36.5 39.5
36.5 53.5
36.5 54.5
42.5 18.5
42.5 19.5
43.5 18.5
43.5 19.5
43.5 32.5
43.5 33.5
43.5 60.5
44.5 32.5
44.5 33.5
44.5 60.5
47.5 12.5
47.5 13.5
47.5 40.5
47.5 41.5
47.5 53.5
47.5 54.5
48.5 12.5
48.5 13.5
54.5 33.5
54.5 53.5
54.5 54.5
55.5 18.5
55.5 19.5
55.5 32.5
55.5 33.5
58.5 40.5
58.5 41.5
58.5 60.5
58.5 61.5
59.5 11.5
59.5 12.5
59.5 40.5
59.5 41.5
59.5 60.5
60.5 12.5
