5.5 7.5
5.5 8.5
5.5 16.5
5.5 17.5
5.5 30.5
5.5 31.5
5.5 33.5
5.5 34.5
5.5 35.5
5.5 47.5
5.5 48.5
5.5 51.5
5.5 52.5
5.5 64.5
5.5 65.5
5.5 66.5
6.5 7.5
6.5 8.5
6.5 9.5
6.5 10.5
6.5 16.5
6.5 17.5
6.5 18.5
6.5 28.5
6.5 29.5
6.5 30.5
6.5 31.5
6.5 34.5
6.5 35.5
6.5 36.5
6.5 46.5
6.5 47.5
6.5 48.5
6.5 51.5
6.5 52.5
6.5 53.5
6.5 54.5
6.5 63.5
6.5 64.5
6.5 65.5
7.5 9.5
7.5 10.5
7.5 17.5
7.5 18.5
7.5 19.5
7.5 27.5
7.5 28.5
7.5 29.5
7.5 35.5
7.5 36.5
7.5 37.5
7.5 45.5
7.5 46.5
7.5 47.5
7.5 53.5
7.5 54.5
7.5 62.5
7.5 63.5
7.5 64.5
9.5 10.5
9.5 11.5
9.5 19.5
9.5 20.5
9.5 27.5
9.5 28.5
9.5 36.5
9.5 37.5
9.5 45.5
9.5 54.5
9.5 55.5
9.5 61.5
9.5 62.5
9.5 63.5
10.5 10.5
10.5 11.5
10.5 12.5
10.5 13.5
10.5 19.5
10.5 20.5
10.5 21.5
10.5 26.5
10.5 27.5
10.5 28.5
10.5 36.5
10.5 37.5
10.5 38.5
10.5 39.5
10.5 43.5
10.5 44.5
10.5 45.5
10.5 54.5
10.5 55.5
10.5 56.5
10.5 57.5
10.5 60.5
10.5 61.5
10.5 62.5
11.5 12.5
11.5 13.5
11.5 20.5
11.5 21.5
11.5 22.5
11.5 25.5
11.5 26.5
11.5 27.5
11.5 38.5
11.5 39.5
11.5 40.5
11.5 42.5
11.5 43.5
11.5 44.5
11.5 55.5
11.5 56.5
11.5 57.5
11.5 60.5
11.5 61.5
17.5 12.5
17.5 13.5
17.5 16.5
17.5 17.5
17.5 30.5
17.5 31.5
17.5 33.5
17.5 34.5
17.5 56.5
17.5 57.5
17.5 60.5
17.5 61.5
18.5 11.5
18.5 12.5
18.5 13.5
18.5 16.5
18.5 17.5
18.5 18.5
18.5 28.5
18.5 29.5
18.5 30.5
18.5 31.5
18.5 34.5
18.5 35.5
18.5 36.5
18.5 46.5
18.5 47.5
18.5 48.5
18.5 54.5
18.5 55.5
18.5 56.5
18.5 57.5
18.5 60.5
18.5 61.5
18.5 62.5
18.5 63.5
19.5 10.5
19.5 11.5
19.5 12.5
19.5 17.5
19.5 18.5
19.5 19.5
19.5 27.5
19.5 28.5
19.5 29.5
19.5 35.5
19.5 36.5
19.5 37.5
19.5 45.5
19.5 46.5
19.5 47.5
19.5 54.5
19.5 55.5
19.5 56.5
19.5 61.5
19.5 62.5
19.5 63.5
21.5 10.5
21.5 19.5
21.5 36.5
21.5 53.5
21.5 54.5
21.5 63.5
21.5 64.5
22.5 8.5
22.5 9.5
22.5 10.5
22.5 11.5
22.5 19.5
22.5 20.5
22.5 21.5
22.5 26.5
22.5 27.5
22.5 28.5
22.5 36.5
22.5 37.5
22.5 38.5
22.5 44.5
22.5 45.5
22.5 46.5
22.5 52.5
22.5 53.5
22.5 54.5
22.5 63.5
22.5 64.5
22.5 65.5
23.5 7.5
23.5 8.5
23.5 9.5
23.5 10.5
23.5 20.5
23.5 21.5
23.5 22.5
23.5 25.5
23.5 26.5
23.5 27.5
23.5 37.5
23.5 38.5
23.5 39.5
23.5 42.5
23.5 43.5
23.5 44.5
23.5 45.5
23.5 51.5
23.5 52.5
23.5 53.5
23.5 64.5
23.5 65.5
23.5 66.5
24.5 39.5
24.5 40.5
24.5 43.5
29.5 13.5
29.5 16.5
29.5 17.5
29.5 57.5
30.5 11.5
30.5 12.5
30.5 13.5
30.5 16.5
30.5 17.5
30.5 18.5
30.5 28.5
30.5 29.5
30.5 30.5
30.5 31.5
30.5 33.5
30.5 34.5
30.5 35.5
30.5 36.5
30.5 46.5
30.5 47.5
30.5 48.5
30.5 55.5
30.5 56.5
30.5 57.5
30.5 64.5
30.5 65.5
30.5 66.5
31.5 10.5
31.5 11.5
31.5 12.5
31.5 17.5
31.5 18.5
31.5 19.5
31.5 28.5
31.5 29.5
31.5 30.5
31.5 34.5
31.5 35.5
31.5 36.5
31.5 37.5
31.5 45.5
31.5 46.5
31.5 47.5
31.5 48.5
31.5 54.5
31.5 55.5
31.5 56.5
31.5 63.5
31.5 64.5
31.5 65.5
32.5 36.5
32.5 37.5
32.5 45.5
32.5 46.5
32.5 54.5
33.5 19.5
33.5 63.5
34.5 8.5
34.5 9.5
34.5 10.5
34.5 11.5
34.5 19.5
34.5 20.5
34.5 21.5
34.5 26.5
34.5 27.5
34.5 28.5
34.5 36.5
34.5 37.5
34.5 38.5
34.5 44.5
34.5 45.5
34.5 46.5
34.5 52.5
34.5 53.5
34.5 54.5
34.5 61.5
34.5 62.5
34.5 63.5
35.5 7.5
35.5 8.5
35.5 9.5
35.5 10.5
35.5 20.5
35.5 21.5
35.5 22.5
35.5 25.5
35.5 26.5
35.5 27.5
35.5 28.5
35.5 37.5
35.5 38.5
35.5 39.5
35.5 40.5
35.5 43.5
35.5 44.5
35.5 45.5
35.5 51.5
35.5 52.5
35.5 53.5
35.5 60.5
35.5 61.5
35.5 62.5
36.5 22.5
36.5 25.5
36.5 39.5
36.5 40.5
36.5 43.5
36.5 51.5
41.5 16.5
42.5 11.5
42.5 12.5
42.5 13.5
42.5 16.5
42.5 17.5
42.5 18.5
42.5 29.5
42.5 30.5
42.5 31.5
42.5 38.5
42.5 39.5
42.5 40.5
42.5 46.5
42.5 47.5
42.5 48.5
42.5 55.5
42.5 56.5
42.5 57.5
42.5 64.5
42.5 65.5
42.5 66.5
43.5 10.5
43.5 11.5
43.5 12.5
43.5 13.5
43.5 17.5
43.5 18.5
43.5 19.5
43.5 28.5
43.5 29.5
43.5 30.5
43.5 37.5
43.5 38.5
43.5 39.5
43.5 45.5
43.5 46.5
43.5 47.5
43.5 48.5
43.5 54.5
43.5 55.5
43.5 56.5
43.5 57.5
43.5 63.5
43.5 64.5
43.5 65.5
44.5 19.5
44.5 28.5
44.5 29.5
44.5 36.5
44.5 37.5
44.5 45.5
44.5 46.5
44.5 54.5
44.5 55.5
44.5 63.5
46.5 9.5
46.5 10.5
46.5 11.5
46.5 19.5
46.5 20.5
46.5 27.5
46.5 28.5
46.5 35.5
46.5 36.5
46.5 37.5
46.5 44.5
46.5 45.5
46.5 52.5
46.5 53.5
46.5 54.5
46.5 61.5
46.5 62.5
46.5 63.5
47.5 8.5
47.5 9.5
47.5 10.5
47.5 19.5
47.5 20.5
47.5 21.5
47.5 22.5
47.5 25.5
47.5 26.5
47.5 27.5
47.5 28.5
47.5 33.5
47.5 34.5
47.5 35.5
47.5 36.5
47.5 42.5
47.5 43.5
47.5 44.5
47.5 45.5
47.5 51.5
47.5 52.5
47.5 53.5
47.5 54.5
47.5 60.5
47.5 61.5
47.5 62.5
48.5 7.5
48.5 8.5
48.5 9.5
48.5 21.5
48.5 22.5
48.5 25.5
48.5 26.5
48.5 33.5
48.5 34.5
48.5 42.5
48.5 43.5
48.5 50.5
48.5 51.5
48.5 52.5
48.5 60.5
48.5 61.5
54.5 12.5
54.5 13.5
54.5 16.5
54.5 17.5
54.5 30.5
54.5 31.5
54.5 33.5
54.5 34.5
54.5 35.5
54.5 42.5
54.5 43.5
54.5 51.5
54.5 52.5
54.5 64.5
54.5 65.5
54.5 66.5
55.5 11.5
55.5 12.5
55.5 13.5
55.5 16.5
55.5 17.5
55.5 18.5
55.5 19.5
55.5 28.5
55.5 29.5
55.5 30.5
55.5 34.5
55.5 35.5
55.5 36.5
55.5 42.5
55.5 43.5
55.5 44.5
55.5 45.5
55.5 51.5
55.5 52.5
55.5 53.5
55.5 54.5
55.5 63.5
55.5 64.5
55.5 65.5
55.5 66.5
56.5 10.5
56.5 11.5
56.5 12.5
56.5 18.5
56.5 19.5
56.5 27.5
56.5 28.5
56.5 29.5
56.5 35.5
56.5 36.5
56.5 43.5
56.5 44.5
56.5 45.5
56.5 52.5
56.5 53.5
56.5 54.5
56.5 62.5
56.5 63.5
56.5 64.5
58.5 9.5
58.5 10.5
58.5 11.5
58.5 19.5
58.5 20.5
58.5 26.5
58.5 27.5
58.5 28.5
58.5 36.5
58.5 37.5
58.5 45.5
58.5 46.5
58.5 54.5
58.5 55.5
58.5 62.5
58.5 63.5
59.5 8.5
59.5 9.5
59.5 10.5
59.5 19.5
59.5 20.5
59.5 21.5
59.5 25.5
59.5 26.5
59.5 27.5
59.5 36.5
59.5 37.5
59.5 38.5
59.5 39.5
59.5 45.5
59.5 46.5
59.5 47.5
59.5 48.5
59.5 54.5
59.5 55.5
59.5 56.5
59.5 57.5
59.5 60.5
59.5 61.5
59.5 62.5
59.5 63.5
60.5 7.5
60.5 8.5
60.5 9.5
60.5 20.5
60.5 21.5
60.5 22.5
60.5 24.5
60.5 25.5
60.5 26.5
60.5 38.5
60.5 39.5
60.5 40.5
60.5 46.5
60.5 47.5
60.5 48.5
60.5 49.5
60.5 55.5
60.5 56.5
60.5 57.5
60.5 60.5
60.5 61.5
60.5 62.5
