2.5 33.5
2.5 47.5
2.5 62.5
3.5 11.5
3.5 30.5
3.5 31.5
3.5 45.5
3.5 46.5
3.5 60.5
4.5 12.5
4.5 13.5
4.5 28.5
4.5 29.5
4.5 44.5
4.5 59.5
5.5 14.5
5.5 26.5
5.5 27.5
5.5 42.5
5.5 43.5
5.5 57.5
5.5 58.5
6.5 15.5
6.5 16.5
6.5 24.5
6.5 25.5
6.5 36.5
6.5 40.5
6.5 41.5
6.5 56.5
7.5 17.5
7.5 22.5
7.5 23.5
7.5 35.5
7.5 39.5
7.5 51.5
7.5 54.5
7.5 55.5
7.5 65.5
8.5 18.5
8.5 19.5
8.5 20.5
8.5 21.5
8.5 33.5
8.5 34.5
8.5 37.5
8.5 38.5
8.5 49.5
8.5 53.5
8.5 63.5
8.5 64.5
9.5 6.5
9.5 7.5
9.5 20.5
9.5 32.5
9.5 33.5
9.5 36.5
9.5 47.5
9.5 48.5
9.5 51.5
9.5 62.5
9.5 63.5
10.5 9.5
10.5 10.5
10.5 31.5
10.5 45.5
10.5 46.5
10.5 60.5
10.5 61.5
11.5 11.5
11.5 12.5
11.5 13.5
11.5 29.5
11.5 30.5
11.5 44.5
11.5 59.5
11.5 60.5
12.5 14.5
12.5 15.5
12.5 28.5
12.5 42.5
12.5 58.5
13.5 17.5
13.5 27.5
13.5 56.5
14.5 47.5
14.5 61.5
15.5 17.5
15.5 28.5
15.5 45.5
15.5 60.5
16.5 15.5
16.5 29.5
16.5 30.5
16.5 43.5
16.5 44.5
16.5 59.5
17.5 12.5
17.5 13.5
17.5 14.5
17.5 30.5
17.5 31.5
17.5 42.5
17.5 43.5
17.5 58.5
18.5 10.5
18.5 11.5
18.5 32.5
18.5 40.5
18.5 41.5
18.5 53.5
18.5 56.5
18.5 57.5
19.5 8.5
19.5 9.5
19.5 21.5
19.5 23.5
19.5 33.5
19.5 34.5
19.5 39.5
19.5 51.5
19.5 55.5
19.5 56.5
19.5 67.5
20.5 6.5
20.5 7.5
20.5 19.5
20.5 20.5
20.5 24.5
20.5 25.5
20.5 35.5
20.5 37.5
20.5 38.5
20.5 49.5
20.5 50.5
20.5 54.5
20.5 55.5
20.5 66.5
21.5 17.5
21.5 18.5
21.5 25.5
21.5 26.5
21.5 36.5
21.5 48.5
21.5 49.5
21.5 53.5
21.5 64.5
21.5 65.5
22.5 16.5
22.5 27.5
22.5 28.5
22.5 46.5
22.5 47.5
22.5 52.5
22.5 62.5
22.5 63.5
23.5 14.5
23.5 28.5
23.5 29.5
23.5 45.5
23.5 46.5
23.5 51.5
23.5 61.5
23.5 62.5
24.5 12.5
24.5 13.5
24.5 30.5
24.5 43.5
24.5 44.5
24.5 59.5
24.5 60.5
25.5 11.5
25.5 17.5
25.5 32.5
25.5 42.5
25.5 58.5
26.5 16.5
26.5 31.5
26.5 41.5
26.5 56.5
27.5 15.5
27.5 30.5
27.5 48.5
28.5 14.5
28.5 28.5
28.5 29.5
28.5 46.5
28.5 47.5
28.5 58.5
28.5 59.5
29.5 13.5
29.5 22.5
29.5 27.5
29.5 28.5
29.5 44.5
29.5 45.5
29.5 60.5
29.5 61.5
30.5 12.5
30.5 21.5
30.5 26.5
30.5 27.5
30.5 38.5
30.5 42.5
30.5 43.5
30.5 62.5
30.5 63.5
31.5 11.5
31.5 20.5
31.5 25.5
31.5 26.5
31.5 36.5
31.5 37.5
31.5 40.5
31.5 41.5
31.5 42.5
31.5 52.5
31.5 64.5
31.5 65.5
31.5 66.5
32.5 10.5
32.5 19.5
32.5 24.5
32.5 25.5
32.5 35.5
32.5 39.5
32.5 40.5
32.5 50.5
32.5 51.5
32.5 53.5
32.5 54.5
32.5 67.5
33.5 9.5
33.5 18.5
33.5 19.5
33.5 23.5
33.5 24.5
33.5 34.5
33.5 37.5
33.5 38.5
33.5 49.5
33.5 55.5
33.5 56.5
34.5 8.5
34.5 17.5
34.5 18.5
34.5 22.5
34.5 32.5
34.5 33.5
34.5 47.5
34.5 48.5
34.5 57.5
34.5 58.5
35.5 16.5
35.5 17.5
35.5 21.5
35.5 31.5
35.5 32.5
35.5 45.5
35.5 46.5
35.5 59.5
35.5 60.5
36.5 15.5
36.5 16.5
36.5 29.5
36.5 30.5
36.5 44.5
36.5 62.5
37.5 15.5
37.5 28.5
37.5 29.5
37.5 42.5
37.5 64.5
38.5 14.5
38.5 27.5
38.5 43.5
38.5 63.5
39.5 13.5
39.5 26.5
39.5 44.5
39.5 62.5
40.5 12.5
40.5 17.5
40.5 26.5
40.5 45.5
40.5 60.5
40.5 61.5
41.5 15.5
41.5 27.5
41.5 28.5
41.5 45.5
41.5 46.5
41.5 59.5
41.5 60.5
42.5 14.5
42.5 29.5
42.5 30.5
42.5 31.5
42.5 46.5
42.5 47.5
42.5 58.5
42.5 59.5
43.5 12.5
43.5 13.5
43.5 32.5
43.5 33.5
43.5 37.5
43.5 47.5
43.5 48.5
43.5 56.5
43.5 57.5
44.5 11.5
44.5 34.5
44.5 35.5
44.5 39.5
44.5 48.5
44.5 49.5
44.5 55.5
44.5 56.5
45.5 9.5
45.5 10.5
45.5 21.5
45.5 22.5
45.5 36.5
45.5 37.5
45.5 40.5
45.5 49.5
45.5 50.5
45.5 54.5
45.5 55.5
45.5 66.5
45.5 67.5
46.5 8.5
46.5 19.5
46.5 20.5
46.5 23.5
46.5 24.5
46.5 41.5
46.5 51.5
46.5 53.5
46.5 65.5
46.5 66.5
47.5 7.5
47.5 17.5
47.5 18.5
47.5 25.5
47.5 26.5
47.5 27.5
47.5 42.5
47.5 43.5
47.5 52.5
47.5 63.5
47.5 64.5
48.5 16.5
48.5 17.5
48.5 27.5
48.5 28.5
48.5 29.5
48.5 43.5
48.5 44.5
48.5 62.5
48.5 63.5
49.5 14.5
49.5 15.5
49.5 29.5
49.5 30.5
49.5 45.5
49.5 60.5
49.5 61.5
50.5 13.5
50.5 32.5
50.5 46.5
50.5 59.5
51.5 11.5
51.5 42.5
51.5 47.5
51.5 58.5
52.5 11.5
52.5 43.5
53.5 13.5
53.5 27.5
53.5 28.5
53.5 44.5
54.5 14.5
54.5 28.5
54.5 29.5
54.5 45.5
54.5 46.5
54.5 57.5
54.5 58.5
54.5 59.5
55.5 15.5
55.5 16.5
55.5 30.5
55.5 31.5
55.5 47.5
55.5 60.5
55.5 61.5
55.5 62.5
56.5 17.5
56.5 18.5
56.5 21.5
56.5 32.5
56.5 33.5
56.5 36.5
56.5 37.5
56.5 48.5
56.5 63.5
56.5 64.5
56.5 65.5
57.5 7.5
57.5 19.5
57.5 22.5
57.5 33.5
57.5 34.5
57.5 38.5
57.5 49.5
57.5 50.5
57.5 53.5
57.5 66.5
57.5 67.5
58.5 8.5
58.5 9.5
58.5 20.5
58.5 24.5
58.5 35.5
58.5 36.5
58.5 39.5
58.5 40.5
58.5 51.5
58.5 54.5
58.5 55.5
59.5 10.5
59.5 11.5
59.5 22.5
59.5 25.5
59.5 41.5
59.5 42.5
59.5 52.5
59.5 56.5
60.5 11.5
60.5 12.5
60.5 26.5
60.5 27.5
60.5 42.5
60.5 43.5
60.5 57.5
60.5 58.5
61.5 12.5
61.5 13.5
61.5 14.5
61.5 27.5
61.5 28.5
61.5 44.5
61.5 45.5
61.5 59.5
62.5 14.5
62.5 15.5
62.5 29.5
62.5 46.5
62.5 60.5
63.5 16.5
63.5 30.5
63.5 47.5
63.5 48.5
63.5 62.5
