2.5 61.5
2.5 62.5
3.5 42.5
3.5 58.5
3.5 59.5
3.5 60.5
4.5 39.5
4.5 40.5
4.5 41.5
4.5 56.5
4.5 57.5
4.5 58.5
5.5 14.5
5.5 15.5
5.5 16.5
5.5 17.5
5.5 18.5
5.5 19.5
5.5 20.5
5.5 21.5
5.5 22.5
5.5 37.5
5.5 38.5
5.5 54.5
5.5 55.5
5.5 56.5
6.5 6.5
6.5 7.5
6.5 8.5
6.5 9.5
6.5 10.5
6.5 11.5
6.5 12.5
6.5 13.5
6.5 14.5
6.5 15.5
6.5 34.5
6.5 35.5
6.5 36.5
6.5 49.5
6.5 50.5
6.5 52.5
6.5 53.5
6.5 54.5
7.5 32.5
7.5 33.5
7.5 34.5
7.5 47.5
7.5 48.5
7.5 50.5
7.5 51.5
7.5 52.5
7.5 67.5
8.5 30.5
8.5 31.5
8.5 32.5
8.5 44.5
8.5 45.5
8.5 46.5
8.5 48.5
8.5 49.5
8.5 65.5
8.5 66.5
8.5 67.5
9.5 28.5
9.5 29.5
9.5 42.5
9.5 43.5
9.5 44.5
9.5 46.5
9.5 47.5
9.5 62.5
9.5 63.5
9.5 64.5
9.5 65.5
10.5 18.5
10.5 19.5
10.5 20.5
10.5 21.5
10.5 22.5
10.5 23.5
10.5 24.5
10.5 25.5
10.5 26.5
10.5 27.5
10.5 40.5
10.5 41.5
10.5 42.5
10.5 60.5
10.5 61.5
10.5 62.5
10.5 63.5
11.5 13.5
11.5 14.5
11.5 15.5
11.5 16.5
11.5 17.5
11.5 18.5
11.5 38.5
11.5 39.5
11.5 40.5
11.5 57.5
11.5 58.5
11.5 59.5
11.5 60.5
12.5 36.5
12.5 37.5
12.5 55.5
12.5 56.5
12.5 57.5
12.5 58.5
13.5 12.5
13.5 34.5
13.5 35.5
13.5 54.5
13.5 55.5
14.5 14.5
14.5 15.5
14.5 32.5
14.5 33.5
14.5 52.5
15.5 16.5
15.5 17.5
15.5 53.5
16.5 18.5
16.5 19.5
16.5 33.5
16.5 34.5
16.5 35.5
16.5 55.5
16.5 56.5
17.5 19.5
17.5 20.5
17.5 21.5
17.5 36.5
17.5 37.5
17.5 38.5
17.5 57.5
17.5 58.5
17.5 59.5
18.5 21.5
18.5 22.5
18.5 23.5
18.5 38.5
18.5 39.5
18.5 40.5
18.5 41.5
18.5 60.5
18.5 61.5
19.5 6.5
19.5 7.5
19.5 8.5
19.5 9.5
19.5 23.5
19.5 24.5
19.5 25.5
19.5 26.5
19.5 27.5
19.5 41.5
19.5 42.5
19.5 43.5
19.5 44.5
19.5 62.5
19.5 63.5
19.5 64.5
20.5 8.5
20.5 9.5
20.5 10.5
20.5 11.5
20.5 12.5
20.5 25.5
20.5 26.5
20.5 28.5
20.5 29.5
20.5 44.5
20.5 45.5
20.5 46.5
20.5 47.5
20.5 48.5
20.5 49.5
20.5 65.5
20.5 66.5
21.5 11.5
21.5 12.5
21.5 13.5
21.5 14.5
21.5 27.5
21.5 28.5
21.5 30.5
21.5 31.5
21.5 32.5
21.5 47.5
21.5 48.5
21.5 49.5
21.5 50.5
21.5 51.5
21.5 52.5
21.5 53.5
21.5 67.5
22.5 14.5
22.5 15.5
22.5 16.5
22.5 17.5
22.5 30.5
22.5 32.5
22.5 33.5
22.5 34.5
22.5 52.5
22.5 53.5
22.5 54.5
22.5 55.5
22.5 56.5
23.5 16.5
23.5 17.5
23.5 18.5
23.5 19.5
23.5 34.5
23.5 35.5
23.5 36.5
23.5 56.5
23.5 57.5
23.5 58.5
23.5 59.5
24.5 19.5
24.5 20.5
24.5 21.5
24.5 37.5
24.5 38.5
24.5 59.5
24.5 60.5
24.5 61.5
24.5 62.5
25.5 23.5
25.5 39.5
25.5 40.5
26.5 42.5
27.5 21.5
27.5 22.5
27.5 41.5
27.5 42.5
27.5 51.5
27.5 52.5
28.5 18.5
28.5 19.5
28.5 20.5
28.5 39.5
28.5 40.5
28.5 54.5
28.5 55.5
28.5 56.5
29.5 15.5
29.5 16.5
29.5 17.5
29.5 18.5
29.5 36.5
29.5 37.5
29.5 38.5
29.5 56.5
29.5 57.5
29.5 58.5
29.5 59.5
30.5 12.5
30.5 13.5
30.5 14.5
30.5 15.5
30.5 34.5
30.5 35.5
30.5 36.5
30.5 59.5
30.5 60.5
30.5 61.5
30.5 62.5
31.5 10.5
31.5 11.5
31.5 12.5
31.5 13.5
31.5 28.5
31.5 29.5
31.5 32.5
31.5 33.5
31.5 34.5
31.5 44.5
31.5 48.5
31.5 62.5
31.5 63.5
31.5 64.5
31.5 65.5
32.5 8.5
32.5 9.5
32.5 10.5
32.5 26.5
32.5 27.5
32.5 29.5
32.5 30.5
32.5 31.5
32.5 32.5
32.5 45.5
32.5 46.5
32.5 47.5
32.5 48.5
32.5 65.5
32.5 66.5
32.5 67.5
33.5 6.5
33.5 7.5
33.5 23.5
33.5 24.5
33.5 25.5
33.5 28.5
33.5 29.5
33.5 43.5
33.5 44.5
33.5 48.5
33.5 49.5
33.5 50.5
33.5 51.5
34.5 21.5
34.5 22.5
34.5 23.5
34.5 26.5
34.5 41.5
34.5 42.5
34.5 51.5
34.5 52.5
34.5 53.5
34.5 54.5
35.5 18.5
35.5 19.5
35.5 20.5
35.5 21.5
35.5 39.5
35.5 40.5
35.5 54.5
35.5 55.5
35.5 56.5
35.5 57.5
36.5 16.5
36.5 17.5
36.5 18.5
36.5 37.5
36.5 38.5
36.5 57.5
36.5 58.5
36.5 59.5
36.5 60.5
37.5 14.5
37.5 15.5
37.5 16.5
37.5 35.5
37.5 36.5
37.5 61.5
37.5 62.5
38.5 12.5
38.5 13.5
38.5 33.5
39.5 41.5
39.5 42.5
39.5 63.5
40.5 11.5
40.5 12.5
40.5 39.5
40.5 40.5
40.5 60.5
40.5 61.5
40.5 62.5
41.5 13.5
41.5 14.5
41.5 15.5
41.5 16.5
41.5 36.5
41.5 37.5
41.5 38.5
41.5 57.5
41.5 58.5
41.5 59.5
42.5 17.5
42.5 18.5
42.5 19.5
42.5 20.5
42.5 34.5
42.5 35.5
42.5 54.5
42.5 55.5
42.5 56.5
42.5 57.5
43.5 20.5
43.5 21.5
43.5 22.5
43.5 23.5
43.5 31.5
43.5 32.5
43.5 33.5
43.5 51.5
43.5 52.5
43.5 53.5
43.5 54.5
44.5 6.5
44.5 24.5
44.5 25.5
44.5 26.5
44.5 29.5
44.5 30.5
44.5 46.5
44.5 47.5
44.5 48.5
44.5 49.5
44.5 50.5
44.5 51.5
44.5 65.5
44.5 66.5
45.5 7.5
45.5 8.5
45.5 9.5
45.5 10.5
45.5 27.5
45.5 28.5
45.5 29.5
45.5 43.5
45.5 44.5
45.5 45.5
45.5 46.5
45.5 47.5
45.5 48.5
45.5 63.5
45.5 64.5
46.5 10.5
46.5 11.5
46.5 12.5
46.5 13.5
46.5 25.5
46.5 39.5
46.5 40.5
46.5 41.5
46.5 42.5
46.5 43.5
46.5 61.5
46.5 62.5
47.5 13.5
47.5 14.5
47.5 15.5
47.5 16.5
47.5 36.5
47.5 37.5
47.5 38.5
47.5 39.5
47.5 40.5
47.5 58.5
47.5 59.5
47.5 60.5
48.5 17.5
48.5 18.5
48.5 19.5
48.5 34.5
48.5 35.5
48.5 36.5
48.5 56.5
48.5 57.5
48.5 58.5
49.5 21.5
49.5 22.5
49.5 31.5
49.5 32.5
49.5 54.5
49.5 55.5
51.5 20.5
51.5 21.5
51.5 32.5
51.5 53.5
51.5 54.5
52.5 18.5
52.5 19.5
52.5 20.5
52.5 33.5
52.5 34.5
52.5 35.5
52.5 55.5
52.5 56.5
52.5 57.5
53.5 15.5
53.5 16.5
53.5 17.5
53.5 35.5
53.5 36.5
53.5 37.5
53.5 57.5
53.5 58.5
53.5 59.5
53.5 60.5
54.5 13.5
54.5 14.5
54.5 15.5
54.5 37.5
54.5 38.5
54.5 39.5
54.5 40.5
54.5 60.5
54.5 61.5
54.5 62.5
54.5 63.5
55.5 11.5
55.5 12.5
55.5 13.5
55.5 26.5
55.5 27.5
55.5 28.5
55.5 29.5
55.5 39.5
55.5 40.5
55.5 41.5
55.5 42.5
55.5 62.5
55.5 63.5
55.5 64.5
55.5 65.5
56.5 9.5
56.5 10.5
56.5 11.5
56.5 26.5
56.5 27.5
56.5 28.5
56.5 41.5
56.5 42.5
56.5 43.5
56.5 44.5
56.5 65.5
56.5 66.5
56.5 67.5
57.5 7.5
57.5 8.5
57.5 23.5
57.5 24.5
57.5 25.5
57.5 29.5
57.5 30.5
57.5 44.5
57.5 45.5
57.5 46.5
57.5 47.5
57.5 48.5
58.5 6.5
58.5 21.5
58.5 22.5
58.5 23.5
58.5 30.5
58.5 31.5
58.5 32.5
58.5 46.5
58.5 47.5
58.5 48.5
58.5 49.5
58.5 50.5
58.5 51.5
58.5 52.5
59.5 19.5
59.5 20.5
59.5 21.5
59.5 32.5
59.5 33.5
59.5 34.5
59.5 49.5
59.5 51.5
59.5 52.5
59.5 53.5
59.5 54.5
59.5 55.5
59.5 56.5
60.5 17.5
60.5 18.5
60.5 19.5
60.5 34.5
60.5 35.5
60.5 55.5
60.5 56.5
60.5 57.5
60.5 58.5
60.5 59.5
60.5 60.5
61.5 15.5
61.5 16.5
61.5 17.5
61.5 35.5
61.5 36.5
61.5 37.5
61.5 60.5
61.5 61.5
61.5 62.5
61.5 63.5
62.5 13.5
62.5 14.5
62.5 15.5
62.5 37.5
62.5 38.5
63.5 12.5
63.5 39.5
