3.5 49.5
4.5 23.5
4.5 36.5
4.5 48.5
5.5 13.5
5.5 22.5
5.5 35.5
5.5 47.5
5.5 64.5
6.5 14.5
6.5 21.5
6.5 34.5
6.5 58.5
6.5 65.5
7.5 15.5
7.5 32.5
7.5 53.5
8.5 28.5
8.5 40.5
8.5 52.5
8.5 59.5
9.5 27.5
9.5 39.5
9.5 51.5
9.5 60.5
10.5 10.5
10.5 26.5
10.5 37.5
10.5 50.5
11.5 12.5
11.5 25.5
15.5 38.5
15.5 50.5
15.5 63.5
16.5 15.5
16.5 26.5
16.5 39.5
16.5 40.5
16.5 51.5
16.5 64.5
17.5 41.5
18.5 46.5
19.5 8.5
19.5 9.5
19.5 23.5
19.5 33.5
19.5 47.5
19.5 58.5
19.5 59.5
20.5 11.5
20.5 12.5
20.5 24.5
20.5 35.5
20.5 61.5
24.5 23.5
25.5 22.5
25.5 36.5
25.5 49.5
25.5 60.5
25.5 61.5
26.5 14.5
26.5 15.5
26.5 16.5
26.5 17.5
26.5 21.5
26.5 37.5
26.5 38.5
26.5 50.5
26.5 58.5
26.5 59.5
27.5 39.5
27.5 52.5
27.5 56.5
28.5 26.5
28.5 31.5
28.5 66.5
29.5 9.5
29.5 25.5
29.5 32.5
29.5 33.5
29.5 45.5
29.5 46.5
29.5 64.5
30.5 11.5
30.5 24.5
30.5 34.5
30.5 47.5
30.5 48.5
30.5 62.5
34.5 12.5
34.5 23.5
35.5 11.5
35.5 22.5
35.5 36.5
35.5 47.5
35.5 61.5
36.5 10.5
36.5 38.5
36.5 45.5
36.5 59.5
36.5 60.5
37.5 9.5
37.5 21.5
37.5 58.5
38.5 16.5
38.5 53.5
38.5 66.5
39.5 15.5
39.5 27.5
39.5 32.5
39.5 33.5
39.5 51.5
39.5 64.5
40.5 14.5
40.5 26.5
40.5 34.5
40.5 49.5
40.5 63.5
41.5 25.5
41.5 35.5
41.5 62.5
45.5 13.5
45.5 49.5
45.5 62.5
46.5 14.5
46.5 24.5
46.5 37.5
46.5 50.5
46.5 64.5
47.5 16.5
47.5 22.5
47.5 39.5
47.5 52.5
48.5 44.5
48.5 53.5
49.5 8.5
49.5 9.5
49.5 28.5
49.5 32.5
49.5 45.5
49.5 58.5
49.5 59.5
50.5 10.5
50.5 11.5
50.5 26.5
50.5 34.5
50.5 47.5
50.5 61.5
51.5 24.5
51.5 36.5
51.5 48.5
55.5 11.5
55.5 24.5
55.5 61.5
56.5 8.5
56.5 9.5
56.5 22.5
56.5 34.5
56.5 47.5
56.5 62.5
57.5 6.5
57.5 21.5
57.5 33.5
57.5 45.5
57.5 46.5
57.5 63.5
58.5 16.5
58.5 64.5
59.5 13.5
59.5 14.5
59.5 27.5
59.5 39.5
59.5 52.5
60.5 11.5
60.5 12.5
60.5 25.5
60.5 38.5
60.5 51.5
60.5 57.5
61.5 50.5
61.5 58.5
61.5 59.5
62.5 60.5
