4.5 13.5
4.5 62.5
5.5 13.5
5.5 24.5
6.5 23.5
6.5 38.5
6.5 50.5
6.5 61.5
7.5 14.5
7.5 23.5
7.5 38.5
7.5 61.5
8.5 14.5
8.5 22.5
8.5 39.5
8.5 51.5
8.5 60.5
9.5 14.5
9.5 22.5
9.5 39.5
9.5 51.5
9.5 60.5
10.5 15.5
10.5 21.5
10.5 39.5
10.5 52.5
10.5 59.5
11.5 9.5
11.5 15.5
11.5 28.5
11.5 33.5
11.5 40.5
11.5 52.5
11.5 59.5
11.5 66.5
12.5 9.5
12.5 20.5
12.5 28.5
12.5 40.5
12.5 46.5
12.5 58.5
13.5 9.5
13.5 27.5
13.5 34.5
13.5 46.5
13.5 53.5
13.5 58.5
13.5 65.5
14.5 10.5
14.5 26.5
14.5 27.5
14.5 34.5
14.5 46.5
14.5 53.5
15.5 10.5
15.5 26.5
15.5 47.5
15.5 64.5
16.5 10.5
16.5 25.5
16.5 26.5
16.5 35.5
16.5 47.5
17.5 10.5
17.5 25.5
17.5 35.5
17.5 48.5
17.5 63.5
18.5 24.5
18.5 48.5
19.5 11.5
19.5 24.5
19.5 36.5
19.5 62.5
20.5 36.5
20.5 49.5
21.5 61.5
24.5 11.5
24.5 23.5
24.5 36.5
25.5 11.5
25.5 23.5
25.5 36.5
25.5 48.5
26.5 11.5
26.5 23.5
26.5 48.5
26.5 60.5
27.5 10.5
27.5 22.5
27.5 35.5
27.5 47.5
27.5 60.5
28.5 10.5
28.5 22.5
28.5 35.5
28.5 47.5
28.5 59.5
29.5 10.5
29.5 22.5
29.5 35.5
29.5 47.5
29.5 59.5
30.5 15.5
30.5 21.5
30.5 22.5
30.5 34.5
30.5 46.5
30.5 59.5
31.5 9.5
31.5 15.5
31.5 21.5
31.5 34.5
31.5 40.5
31.5 46.5
32.5 9.5
32.5 15.5
32.5 21.5
32.5 34.5
32.5 40.5
32.5 45.5
32.5 53.5
32.5 58.5
32.5 64.5
33.5 21.5
33.5 28.5
33.5 33.5
33.5 45.5
33.5 52.5
33.5 58.5
33.5 64.5
34.5 14.5
34.5 28.5
34.5 33.5
34.5 39.5
34.5 52.5
34.5 63.5
35.5 14.5
35.5 27.5
35.5 39.5
35.5 52.5
35.5 63.5
36.5 14.5
36.5 27.5
36.5 38.5
36.5 51.5
36.5 63.5
37.5 14.5
37.5 26.5
37.5 27.5
37.5 38.5
37.5 51.5
37.5 62.5
38.5 14.5
38.5 26.5
38.5 38.5
38.5 50.5
38.5 62.5
39.5 14.5
39.5 26.5
39.5 50.5
39.5 62.5
40.5 25.5
40.5 37.5
41.5 25.5
41.5 37.5
41.5 49.5
41.5 61.5
46.5 12.5
46.5 25.5
46.5 37.5
46.5 48.5
47.5 12.5
47.5 48.5
47.5 60.5
48.5 11.5
48.5 26.5
48.5 38.5
48.5 47.5
48.5 60.5
49.5 11.5
49.5 26.5
49.5 38.5
49.5 47.5
49.5 59.5
50.5 11.5
50.5 27.5
50.5 39.5
50.5 46.5
50.5 47.5
50.5 59.5
51.5 10.5
51.5 27.5
51.5 39.5
51.5 46.5
51.5 59.5
52.5 10.5
52.5 27.5
52.5 46.5
52.5 53.5
52.5 58.5
52.5 65.5
53.5 16.5
53.5 28.5
53.5 34.5
53.5 40.5
53.5 45.5
53.5 58.5
54.5 9.5
54.5 16.5
54.5 21.5
54.5 28.5
54.5 34.5
54.5 52.5
54.5 64.5
55.5 15.5
55.5 22.5
55.5 34.5
55.5 52.5
55.5 64.5
56.5 15.5
56.5 22.5
56.5 35.5
56.5 51.5
56.5 64.5
57.5 14.5
57.5 23.5
57.5 35.5
57.5 51.5
57.5 63.5
57.5 64.5
58.5 14.5
58.5 23.5
58.5 35.5
58.5 50.5
58.5 63.5
59.5 24.5
59.5 36.5
59.5 50.5
59.5 63.5
60.5 13.5
60.5 24.5
60.5 36.5
60.5 63.5
61.5 49.5
62.5 25.5
62.5 62.5
