2.5 31.5
3.5 12.5
3.5 13.5
3.5 29.5
3.5 30.5
3.5 44.5
3.5 45.5
3.5 46.5
4.5 14.5
4.5 15.5
4.5 16.5
4.5 27.5
4.5 28.5
4.5 42.5
4.5 43.5
4.5 44.5
4.5 57.5
4.5 58.5
4.5 59.5
5.5 16.5
5.5 17.5
5.5 18.5
5.5 25.5
5.5 26.5
5.5 27.5
5.5 40.5
5.5 41.5
5.5 42.5
5.5 43.5
5.5 59.5
5.5 60.5
5.5 61.5
5.5 62.5
6.5 19.5
6.5 20.5
6.5 21.5
6.5 23.5
6.5 24.5
6.5 34.5
6.5 35.5
6.5 36.5
6.5 39.5
6.5 40.5
6.5 41.5
6.5 52.5
6.5 62.5
6.5 63.5
6.5 64.5
7.5 6.5
7.5 7.5
7.5 8.5
7.5 22.5
7.5 32.5
7.5 33.5
7.5 34.5
7.5 35.5
7.5 38.5
7.5 39.5
7.5 49.5
7.5 50.5
7.5 51.5
7.5 53.5
7.5 54.5
7.5 55.5
7.5 65.5
7.5 66.5
8.5 7.5
8.5 8.5
8.5 9.5
8.5 10.5
8.5 11.5
8.5 12.5
8.5 13.5
8.5 31.5
8.5 32.5
8.5 33.5
8.5 37.5
8.5 47.5
8.5 48.5
8.5 49.5
8.5 55.5
8.5 56.5
8.5 57.5
9.5 10.5
9.5 11.5
9.5 12.5
9.5 13.5
9.5 14.5
9.5 15.5
9.5 16.5
9.5 29.5
9.5 30.5
9.5 31.5
9.5 32.5
9.5 46.5
9.5 47.5
9.5 48.5
9.5 57.5
9.5 58.5
10.5 15.5
10.5 16.5
10.5 17.5
10.5 28.5
10.5 29.5
10.5 44.5
10.5 45.5
10.5 46.5
10.5 59.5
10.5 60.5
11.5 43.5
11.5 44.5
13.5 28.5
13.5 29.5
13.5 58.5
13.5 59.5
14.5 11.5
14.5 12.5
14.5 13.5
14.5 14.5
14.5 29.5
14.5 30.5
14.5 31.5
14.5 43.5
14.5 44.5
14.5 59.5
14.5 60.5
14.5 61.5
15.5 13.5
15.5 14.5
15.5 15.5
15.5 16.5
15.5 17.5
15.5 31.5
15.5 32.5
15.5 44.5
15.5 45.5
15.5 46.5
15.5 47.5
15.5 61.5
15.5 62.5
16.5 15.5
16.5 16.5
16.5 17.5
16.5 18.5
16.5 19.5
16.5 20.5
16.5 23.5
16.5 24.5
16.5 33.5
16.5 34.5
16.5 46.5
16.5 47.5
16.5 48.5
16.5 63.5
16.5 64.5
17.5 18.5
17.5 19.5
17.5 20.5
17.5 21.5
17.5 22.5
17.5 24.5
17.5 25.5
17.5 26.5
17.5 34.5
17.5 35.5
17.5 36.5
17.5 37.5
17.5 48.5
17.5 49.5
17.5 50.5
17.5 53.5
17.5 54.5
17.5 65.5
18.5 6.5
18.5 7.5
18.5 8.5
18.5 25.5
18.5 26.5
18.5 27.5
18.5 38.5
18.5 39.5
18.5 40.5
18.5 50.5
18.5 51.5
18.5 52.5
18.5 54.5
18.5 55.5
18.5 56.5
18.5 57.5
19.5 8.5
19.5 9.5
19.5 10.5
19.5 11.5
19.5 26.5
19.5 27.5
19.5 28.5
19.5 40.5
19.5 41.5
19.5 42.5
19.5 56.5
19.5 57.5
19.5 58.5
19.5 59.5
20.5 10.5
20.5 11.5
20.5 12.5
20.5 13.5
20.5 28.5
20.5 29.5
20.5 42.5
20.5 43.5
20.5 44.5
20.5 58.5
20.5 59.5
20.5 60.5
20.5 61.5
21.5 13.5
21.5 14.5
21.5 15.5
21.5 29.5
21.5 30.5
21.5 44.5
21.5 45.5
21.5 46.5
21.5 61.5
21.5 62.5
22.5 16.5
23.5 31.5
24.5 29.5
24.5 30.5
24.5 47.5
24.5 57.5
24.5 58.5
24.5 59.5
25.5 12.5
25.5 13.5
25.5 14.5
25.5 15.5
25.5 27.5
25.5 28.5
25.5 42.5
25.5 43.5
25.5 44.5
25.5 45.5
25.5 46.5
25.5 59.5
25.5 60.5
25.5 61.5
25.5 62.5
26.5 9.5
26.5 10.5
26.5 11.5
26.5 12.5
26.5 13.5
26.5 25.5
26.5 26.5
26.5 27.5
26.5 40.5
26.5 41.5
26.5 42.5
26.5 43.5
26.5 44.5
26.5 61.5
26.5 62.5
26.5 63.5
26.5 64.5
27.5 7.5
27.5 8.5
27.5 9.5
27.5 10.5
27.5 24.5
27.5 25.5
27.5 35.5
27.5 36.5
27.5 37.5
27.5 38.5
27.5 39.5
27.5 40.5
27.5 41.5
27.5 64.5
27.5 65.5
27.5 66.5
28.5 19.5
28.5 20.5
28.5 21.5
28.5 23.5
28.5 32.5
28.5 33.5
28.5 34.5
28.5 35.5
28.5 36.5
28.5 37.5
28.5 49.5
28.5 50.5
28.5 51.5
28.5 52.5
28.5 53.5
28.5 54.5
29.5 16.5
29.5 17.5
29.5 18.5
29.5 19.5
29.5 30.5
29.5 31.5
29.5 32.5
29.5 33.5
29.5 47.5
29.5 48.5
29.5 49.5
29.5 54.5
29.5 55.5
29.5 56.5
29.5 57.5
30.5 13.5
30.5 14.5
30.5 15.5
30.5 16.5
30.5 28.5
30.5 29.5
30.5 30.5
30.5 31.5
30.5 45.5
30.5 46.5
30.5 47.5
30.5 56.5
30.5 57.5
30.5 58.5
30.5 59.5
30.5 60.5
31.5 12.5
31.5 13.5
31.5 27.5
31.5 28.5
31.5 29.5
31.5 44.5
31.5 45.5
31.5 60.5
31.5 61.5
32.5 42.5
32.5 43.5
34.5 15.5
34.5 16.5
34.5 31.5
34.5 32.5
34.5 46.5
34.5 61.5
34.5 62.5
35.5 12.5
35.5 13.5
35.5 14.5
35.5 15.5
35.5 27.5
35.5 28.5
35.5 29.5
35.5 30.5
35.5 44.5
35.5 45.5
35.5 57.5
35.5 58.5
35.5 59.5
35.5 60.5
36.5 10.5
36.5 11.5
36.5 12.5
36.5 13.5
36.5 24.5
36.5 25.5
36.5 26.5
36.5 27.5
36.5 42.5
36.5 43.5
36.5 44.5
36.5 55.5
36.5 56.5
36.5 57.5
36.5 58.5
37.5 9.5
37.5 10.5
37.5 11.5
37.5 20.5
37.5 22.5
37.5 23.5
37.5 24.5
37.5 41.5
37.5 42.5
37.5 43.5
37.5 53.5
37.5 54.5
37.5 55.5
37.5 66.5
37.5 67.5
38.5 7.5
38.5 8.5
38.5 18.5
38.5 19.5
38.5 37.5
38.5 40.5
38.5 41.5
38.5 50.5
38.5 51.5
38.5 52.5
38.5 64.5
38.5 65.5
38.5 66.5
39.5 16.5
39.5 17.5
39.5 18.5
39.5 32.5
39.5 33.5
39.5 34.5
39.5 35.5
39.5 36.5
39.5 38.5
39.5 39.5
39.5 48.5
39.5 49.5
39.5 50.5
39.5 62.5
39.5 63.5
39.5 64.5
40.5 15.5
40.5 16.5
40.5 29.5
40.5 30.5
40.5 31.5
40.5 32.5
40.5 33.5
40.5 34.5
40.5 38.5
40.5 46.5
40.5 47.5
40.5 48.5
40.5 61.5
40.5 62.5
40.5 63.5
41.5 14.5
41.5 27.5
41.5 28.5
41.5 29.5
41.5 30.5
41.5 44.5
41.5 45.5
41.5 46.5
41.5 60.5
41.5 61.5
42.5 43.5
42.5 44.5
43.5 16.5
43.5 59.5
44.5 15.5
44.5 27.5
44.5 60.5
45.5 13.5
45.5 14.5
45.5 28.5
45.5 29.5
45.5 30.5
45.5 61.5
45.5 62.5
46.5 12.5
46.5 13.5
46.5 30.5
46.5 31.5
46.5 32.5
46.5 42.5
46.5 43.5
46.5 44.5
46.5 45.5
46.5 46.5
46.5 47.5
46.5 48.5
46.5 49.5
46.5 50.5
46.5 51.5
46.5 52.5
46.5 62.5
46.5 63.5
47.5 11.5
47.5 12.5
47.5 20.5
47.5 22.5
47.5 23.5
47.5 32.5
47.5 33.5
47.5 34.5
47.5 47.5
47.5 48.5
47.5 49.5
47.5 50.5
47.5 51.5
47.5 52.5
47.5 54.5
47.5 55.5
47.5 63.5
47.5 64.5
48.5 9.5
48.5 10.5
48.5 18.5
48.5 19.5
48.5 20.5
48.5 23.5
48.5 24.5
48.5 25.5
48.5 34.5
48.5 35.5
48.5 55.5
48.5 56.5
48.5 57.5
48.5 64.5
48.5 65.5
49.5 17.5
49.5 18.5
49.5 19.5
49.5 24.5
49.5 25.5
49.5 26.5
49.5 38.5
49.5 39.5
49.5 40.5
49.5 56.5
49.5 57.5
49.5 58.5
49.5 66.5
50.5 16.5
50.5 17.5
50.5 18.5
50.5 25.5
50.5 26.5
50.5 27.5
50.5 28.5
50.5 40.5
50.5 41.5
50.5 42.5
50.5 43.5
50.5 58.5
50.5 59.5
50.5 60.5
51.5 15.5
51.5 16.5
51.5 17.5
51.5 27.5
51.5 28.5
51.5 29.5
51.5 44.5
51.5 45.5
51.5 46.5
51.5 59.5
51.5 60.5
51.5 61.5
52.5 14.5
52.5 15.5
52.5 29.5
52.5 30.5
52.5 62.5
53.5 13.5
53.5 14.5
54.5 44.5
54.5 45.5
54.5 46.5
54.5 57.5
55.5 13.5
55.5 27.5
55.5 28.5
55.5 41.5
55.5 42.5
55.5 43.5
55.5 44.5
55.5 58.5
55.5 59.5
55.5 60.5
56.5 14.5
56.5 15.5
56.5 28.5
56.5 29.5
56.5 30.5
56.5 31.5
56.5 32.5
56.5 39.5
56.5 40.5
56.5 41.5
56.5 42.5
56.5 60.5
56.5 61.5
56.5 62.5
57.5 8.5
57.5 15.5
57.5 16.5
57.5 17.5
57.5 31.5
57.5 32.5
57.5 33.5
57.5 34.5
57.5 37.5
57.5 38.5
57.5 39.5
57.5 40.5
57.5 50.5
57.5 62.5
57.5 63.5
57.5 64.5
58.5 9.5
58.5 16.5
58.5 17.5
58.5 18.5
58.5 34.5
58.5 35.5
58.5 36.5
58.5 47.5
58.5 48.5
58.5 49.5
58.5 51.5
58.5 52.5
58.5 53.5
58.5 64.5
58.5 65.5
59.5 10.5
59.5 11.5
59.5 18.5
59.5 19.5
59.5 46.5
59.5 47.5
59.5 53.5
59.5 54.5
59.5 55.5
59.5 56.5
60.5 11.5
60.5 12.5
60.5 20.5
60.5 21.5
60.5 22.5
60.5 23.5
60.5 24.5
60.5 25.5
60.5 26.5
60.5 44.5
60.5 45.5
60.5 46.5
60.5 55.5
60.5 56.5
60.5 57.5
60.5 58.5
60.5 59.5
61.5 12.5
61.5 13.5
61.5 24.5
61.5 25.5
61.5 26.5
61.5 27.5
61.5 28.5
61.5 29.5
61.5 30.5
61.5 31.5
61.5 43.5
61.5 44.5
61.5 58.5
61.5 59.5
61.5 60.5
62.5 13.5
62.5 14.5
62.5 42.5
63.5 15.5
