3.5 29.5
3.5 30.5
4.5 12.5
4.5 13.5
4.5 27.5
4.5 28.5
4.5 43.5
4.5 44.5
4.5 60.5
4.5 61.5
5.5 14.5
5.5 15.5
5.5 26.5
5.5 27.5
5.5 45.5
5.5 46.5
5.5 58.5
5.5 59.5
6.5 15.5
6.5 16.5
6.5 17.5
6.5 24.5
6.5 25.5
6.5 46.5
6.5 47.5
6.5 48.5
6.5 57.5
6.5 58.5
7.5 18.5
7.5 19.5
7.5 22.5
7.5 23.5
7.5 48.5
7.5 49.5
7.5 55.5
7.5 56.5
8.5 8.5
8.5 21.5
8.5 50.5
8.5 54.5
9.5 9.5
9.5 33.5
9.5 34.5
9.5 39.5
9.5 65.5
10.5 10.5
10.5 11.5
10.5 30.5
10.5 31.5
10.5 32.5
10.5 40.5
10.5 41.5
10.5 62.5
10.5 63.5
11.5 11.5
11.5 12.5
11.5 28.5
11.5 29.5
11.5 30.5
11.5 42.5
11.5 60.5
11.5 61.5
12.5 13.5
12.5 27.5
12.5 43.5
12.5 44.5
12.5 59.5
13.5 45.5
13.5 57.5
16.5 13.5
16.5 45.5
16.5 58.5
17.5 12.5
17.5 29.5
17.5 30.5
17.5 43.5
17.5 44.5
17.5 59.5
17.5 60.5
18.5 11.5
18.5 26.5
18.5 27.5
18.5 28.5
18.5 41.5
18.5 42.5
18.5 60.5
18.5 61.5
19.5 10.5
19.5 24.5
19.5 25.5
19.5 26.5
19.5 40.5
19.5 41.5
19.5 62.5
19.5 63.5
20.5 9.5
20.5 20.5
20.5 22.5
20.5 23.5
20.5 36.5
20.5 38.5
20.5 50.5
20.5 53.5
20.5 64.5
21.5 8.5
21.5 17.5
21.5 18.5
21.5 19.5
21.5 34.5
21.5 48.5
21.5 49.5
21.5 54.5
21.5 55.5
22.5 16.5
22.5 17.5
22.5 32.5
22.5 33.5
22.5 47.5
22.5 48.5
22.5 55.5
22.5 56.5
23.5 14.5
23.5 15.5
23.5 16.5
23.5 31.5
23.5 32.5
23.5 45.5
23.5 46.5
23.5 57.5
24.5 13.5
24.5 14.5
24.5 30.5
24.5 44.5
24.5 58.5
24.5 59.5
25.5 60.5
28.5 13.5
28.5 30.5
28.5 44.5
28.5 45.5
29.5 14.5
29.5 15.5
29.5 31.5
29.5 46.5
29.5 58.5
30.5 15.5
30.5 16.5
30.5 31.5
30.5 32.5
30.5 47.5
30.5 57.5
31.5 17.5
31.5 18.5
31.5 32.5
31.5 33.5
31.5 48.5
31.5 56.5
32.5 19.5
32.5 20.5
32.5 33.5
32.5 34.5
32.5 39.5
32.5 40.5
32.5 49.5
32.5 55.5
32.5 65.5
33.5 8.5
33.5 9.5
33.5 20.5
33.5 21.5
33.5 25.5
33.5 35.5
33.5 40.5
33.5 41.5
33.5 54.5
33.5 63.5
33.5 64.5
34.5 9.5
34.5 10.5
34.5 11.5
34.5 26.5
34.5 36.5
34.5 41.5
34.5 42.5
34.5 62.5
34.5 63.5
35.5 11.5
35.5 12.5
35.5 27.5
35.5 42.5
35.5 43.5
35.5 61.5
35.5 62.5
36.5 13.5
36.5 14.5
36.5 28.5
36.5 43.5
36.5 44.5
36.5 59.5
36.5 60.5
37.5 15.5
37.5 29.5
37.5 30.5
37.5 44.5
37.5 45.5
37.5 58.5
38.5 30.5
38.5 31.5
41.5 14.5
41.5 15.5
41.5 59.5
41.5 60.5
42.5 12.5
42.5 13.5
42.5 30.5
42.5 31.5
42.5 44.5
42.5 45.5
42.5 46.5
42.5 60.5
42.5 61.5
43.5 9.5
43.5 10.5
43.5 11.5
43.5 28.5
43.5 29.5
43.5 47.5
43.5 48.5
43.5 62.5
43.5 63.5
44.5 7.5
44.5 8.5
44.5 9.5
44.5 27.5
44.5 28.5
44.5 49.5
44.5 50.5
44.5 54.5
44.5 64.5
45.5 25.5
45.5 26.5
45.5 55.5
45.5 66.5
46.5 19.5
46.5 20.5
46.5 24.5
46.5 35.5
46.5 36.5
46.5 39.5
46.5 40.5
46.5 56.5
46.5 57.5
47.5 16.5
47.5 17.5
47.5 18.5
47.5 33.5
47.5 34.5
47.5 41.5
47.5 42.5
47.5 43.5
47.5 58.5
48.5 14.5
48.5 15.5
48.5 16.5
48.5 32.5
48.5 33.5
48.5 44.5
48.5 45.5
48.5 59.5
48.5 60.5
49.5 12.5
49.5 13.5
49.5 30.5
49.5 31.5
50.5 29.5
52.5 44.5
52.5 60.5
53.5 45.5
53.5 58.5
53.5 59.5
54.5 12.5
54.5 13.5
54.5 14.5
54.5 30.5
54.5 46.5
54.5 47.5
54.5 57.5
54.5 58.5
55.5 9.5
55.5 10.5
55.5 11.5
55.5 12.5
55.5 31.5
55.5 32.5
55.5 47.5
55.5 48.5
55.5 56.5
55.5 57.5
56.5 7.5
56.5 8.5
56.5 9.5
56.5 32.5
56.5 33.5
56.5 48.5
56.5 49.5
56.5 56.5
56.5 65.5
57.5 20.5
57.5 21.5
57.5 24.5
57.5 34.5
57.5 35.5
57.5 38.5
57.5 50.5
57.5 55.5
57.5 64.5
58.5 18.5
58.5 19.5
58.5 25.5
58.5 26.5
58.5 36.5
58.5 39.5
58.5 40.5
58.5 51.5
58.5 54.5
58.5 63.5
59.5 16.5
59.5 17.5
59.5 26.5
59.5 27.5
59.5 41.5
59.5 42.5
59.5 62.5
60.5 14.5
60.5 15.5
60.5 28.5
60.5 29.5
60.5 42.5
60.5 43.5
60.5 61.5
61.5 30.5
61.5 44.5
61.5 45.5
61.5 60.5
62.5 46.5
62.5 59.5
