4.5 38.5
4.5 47.5
4.5 48.5
4.5 49.5
4.5 62.5
4.5 63.5
4.5 64.5
5.5 10.5
5.5 11.5
5.5 23.5
5.5 24.5
5.5 38.5
5.5 39.5
5.5 40.5
5.5 46.5
5.5 47.5
5.5 48.5
5.5 49.5
5.5 62.5
5.5 63.5
5.5 64.5
5.5 65.5
6.5 9.5
6.5 10.5
6.5 11.5
6.5 22.5
6.5 23.5
6.5 24.5
6.5 25.5
6.5 38.5
6.5 39.5
6.5 40.5
6.5 41.5
6.5 46.5
6.5 47.5
6.5 48.5
6.5 62.5
6.5 63.5
6.5 64.5
6.5 65.5
7.5 8.5
7.5 9.5
7.5 10.5
7.5 11.5
7.5 21.5
7.5 22.5
7.5 23.5
7.5 24.5
7.5 39.5
7.5 40.5
7.5 41.5
7.5 46.5
7.5 47.5
7.5 63.5
7.5 64.5
7.5 65.5
8.5 8.5
8.5 9.5
8.5 10.5
8.5 22.5
8.5 23.5
8.5 52.5
8.5 58.5
9.5 14.5
9.5 15.5
9.5 16.5
9.5 35.5
9.5 50.5
9.5 51.5
9.5 52.5
9.5 57.5
9.5 58.5
9.5 59.5
9.5 60.5
10.5 13.5
10.5 14.5
10.5 15.5
10.5 16.5
10.5 27.5
10.5 28.5
10.5 33.5
10.5 34.5
10.5 35.5
10.5 36.5
10.5 50.5
10.5 51.5
10.5 52.5
10.5 58.5
10.5 59.5
10.5 60.5
11.5 12.5
11.5 13.5
11.5 14.5
11.5 15.5
11.5 26.5
11.5 27.5
11.5 28.5
11.5 33.5
11.5 34.5
11.5 35.5
11.5 36.5
11.5 37.5
11.5 50.5
11.5 51.5
11.5 58.5
11.5 59.5
11.5 60.5
12.5 12.5
12.5 13.5
12.5 14.5
12.5 26.5
12.5 27.5
12.5 28.5
12.5 34.5
12.5 35.5
12.5 36.5
12.5 37.5
13.5 26.5
13.5 27.5
13.5 35.5
13.5 36.5
16.5 47.5
16.5 48.5
16.5 59.5
16.5 60.5
17.5 13.5
17.5 14.5
17.5 15.5
17.5 38.5
17.5 39.5
17.5 40.5
17.5 46.5
17.5 47.5
17.5 48.5
17.5 58.5
17.5 59.5
17.5 60.5
17.5 61.5
18.5 13.5
18.5 14.5
18.5 15.5
18.5 16.5
18.5 22.5
18.5 23.5
18.5 24.5
18.5 37.5
18.5 38.5
18.5 39.5
18.5 40.5
18.5 41.5
18.5 46.5
18.5 47.5
18.5 58.5
18.5 59.5
18.5 60.5
19.5 13.5
19.5 14.5
19.5 15.5
19.5 16.5
19.5 22.5
19.5 23.5
19.5 24.5
19.5 38.5
19.5 39.5
19.5 40.5
19.5 41.5
19.5 58.5
19.5 59.5
20.5 15.5
20.5 16.5
20.5 21.5
20.5 22.5
20.5 23.5
20.5 50.5
20.5 51.5
20.5 52.5
20.5 53.5
20.5 64.5
20.5 65.5
21.5 8.5
21.5 9.5
21.5 10.5
21.5 50.5
21.5 51.5
21.5 52.5
21.5 53.5
21.5 63.5
21.5 64.5
21.5 65.5
22.5 8.5
22.5 9.5
22.5 10.5
22.5 11.5
22.5 27.5
22.5 28.5
22.5 33.5
22.5 34.5
22.5 35.5
22.5 36.5
22.5 50.5
22.5 51.5
22.5 52.5
22.5 62.5
22.5 63.5
22.5 64.5
22.5 65.5
23.5 9.5
23.5 10.5
23.5 11.5
23.5 25.5
23.5 26.5
23.5 27.5
23.5 28.5
23.5 34.5
23.5 35.5
23.5 36.5
23.5 37.5
23.5 50.5
23.5 51.5
23.5 62.5
23.5 63.5
23.5 64.5
24.5 10.5
24.5 11.5
24.5 25.5
24.5 26.5
24.5 27.5
24.5 28.5
24.5 35.5
24.5 36.5
28.5 38.5
28.5 39.5
28.5 50.5
28.5 51.5
28.5 52.5
29.5 9.5
29.5 10.5
29.5 11.5
29.5 12.5
29.5 25.5
29.5 26.5
29.5 27.5
29.5 38.5
29.5 39.5
29.5 40.5
29.5 50.5
29.5 51.5
29.5 52.5
29.5 53.5
29.5 62.5
29.5 63.5
29.5 64.5
30.5 9.5
30.5 10.5
30.5 11.5
30.5 25.5
30.5 26.5
30.5 27.5
30.5 28.5
30.5 38.5
30.5 39.5
30.5 40.5
30.5 51.5
30.5 52.5
30.5 53.5
30.5 62.5
30.5 63.5
30.5 64.5
31.5 8.5
31.5 9.5
31.5 10.5
31.5 11.5
31.5 26.5
31.5 27.5
31.5 28.5
31.5 38.5
31.5 39.5
31.5 40.5
31.5 52.5
31.5 53.5
31.5 54.5
31.5 63.5
31.5 64.5
31.5 65.5
32.5 8.5
32.5 9.5
32.5 46.5
32.5 47.5
32.5 59.5
32.5 64.5
33.5 14.5
33.5 15.5
33.5 16.5
33.5 21.5
33.5 22.5
33.5 23.5
33.5 33.5
33.5 34.5
33.5 35.5
33.5 45.5
33.5 46.5
33.5 47.5
33.5 48.5
33.5 58.5
33.5 59.5
33.5 60.5
34.5 13.5
34.5 14.5
34.5 15.5
34.5 16.5
34.5 21.5
34.5 22.5
34.5 23.5
34.5 33.5
34.5 34.5
34.5 35.5
34.5 36.5
34.5 46.5
34.5 47.5
34.5 48.5
34.5 49.5
34.5 59.5
34.5 60.5
34.5 61.5
35.5 13.5
35.5 14.5
35.5 15.5
35.5 21.5
35.5 22.5
35.5 23.5
35.5 34.5
35.5 35.5
35.5 36.5
35.5 47.5
35.5 48.5
35.5 49.5
35.5 59.5
35.5 60.5
35.5 61.5
36.5 13.5
36.5 14.5
36.5 15.5
36.5 22.5
36.5 23.5
36.5 48.5
36.5 60.5
36.5 61.5
41.5 12.5
41.5 25.5
41.5 26.5
41.5 34.5
41.5 35.5
41.5 36.5
41.5 49.5
41.5 50.5
41.5 51.5
41.5 59.5
41.5 60.5
42.5 12.5
42.5 13.5
42.5 14.5
42.5 25.5
42.5 26.5
42.5 27.5
42.5 33.5
42.5 34.5
42.5 35.5
42.5 36.5
42.5 49.5
42.5 50.5
42.5 51.5
42.5 52.5
42.5 58.5
42.5 59.5
42.5 60.5
43.5 12.5
43.5 13.5
43.5 14.5
43.5 15.5
43.5 25.5
43.5 26.5
43.5 27.5
43.5 33.5
43.5 34.5
43.5 35.5
43.5 50.5
43.5 51.5
43.5 52.5
43.5 58.5
43.5 59.5
44.5 13.5
44.5 14.5
44.5 15.5
44.5 25.5
44.5 26.5
44.5 27.5
44.5 28.5
44.5 33.5
44.5 34.5
44.5 51.5
44.5 52.5
44.5 57.5
44.5 58.5
45.5 9.5
45.5 27.5
45.5 39.5
45.5 40.5
45.5 45.5
45.5 46.5
45.5 63.5
45.5 64.5
46.5 9.5
46.5 10.5
46.5 20.5
46.5 21.5
46.5 22.5
46.5 38.5
46.5 39.5
46.5 40.5
46.5 45.5
46.5 46.5
46.5 47.5
46.5 62.5
46.5 63.5
46.5 64.5
46.5 65.5
47.5 9.5
47.5 10.5
47.5 11.5
47.5 20.5
47.5 21.5
47.5 22.5
47.5 23.5
47.5 37.5
47.5 38.5
47.5 39.5
47.5 45.5
47.5 46.5
47.5 47.5
47.5 48.5
47.5 61.5
47.5 62.5
47.5 63.5
47.5 64.5
47.5 65.5
48.5 10.5
48.5 11.5
48.5 21.5
48.5 22.5
48.5 23.5
48.5 37.5
48.5 38.5
48.5 46.5
48.5 47.5
48.5 61.5
48.5 62.5
48.5 63.5
48.5 64.5
49.5 22.5
49.5 23.5
49.5 62.5
53.5 11.5
53.5 35.5
53.5 36.5
53.5 47.5
53.5 48.5
53.5 62.5
54.5 10.5
54.5 11.5
54.5 21.5
54.5 22.5
54.5 23.5
54.5 34.5
54.5 35.5
54.5 36.5
54.5 46.5
54.5 47.5
54.5 48.5
54.5 62.5
54.5 63.5
54.5 64.5
55.5 9.5
55.5 10.5
55.5 11.5
55.5 20.5
55.5 21.5
55.5 22.5
55.5 23.5
55.5 34.5
55.5 35.5
55.5 36.5
55.5 45.5
55.5 46.5
55.5 47.5
55.5 48.5
55.5 63.5
55.5 64.5
55.5 65.5
56.5 9.5
56.5 10.5
56.5 20.5
56.5 21.5
56.5 22.5
56.5 23.5
56.5 34.5
56.5 35.5
56.5 46.5
56.5 47.5
56.5 64.5
56.5 65.5
56.5 66.5
57.5 14.5
57.5 15.5
57.5 21.5
57.5 28.5
57.5 39.5
57.5 40.5
57.5 41.5
57.5 51.5
57.5 57.5
57.5 58.5
57.5 59.5
58.5 13.5
58.5 14.5
58.5 15.5
58.5 26.5
58.5 27.5
58.5 28.5
58.5 29.5
58.5 38.5
58.5 39.5
58.5 40.5
58.5 41.5
58.5 50.5
58.5 51.5
58.5 57.5
58.5 58.5
58.5 59.5
58.5 60.5
59.5 13.5
59.5 14.5
59.5 15.5
59.5 25.5
59.5 26.5
59.5 27.5
59.5 28.5
59.5 38.5
59.5 39.5
59.5 40.5
59.5 49.5
59.5 50.5
59.5 51.5
59.5 57.5
59.5 58.5
59.5 59.5
59.5 60.5
59.5 61.5
60.5 13.5
60.5 14.5
60.5 25.5
60.5 26.5
60.5 27.5
60.5 39.5
60.5 49.5
60.5 50.5
60.5 51.5
60.5 57.5
60.5 58.5
60.5 59.5
60.5 60.5
61.5 50.5
