3.5 11.5
3.5 22.5
4.5 11.5
4.5 12.5
4.5 22.5
4.5 23.5
4.5 33.5
4.5 42.5
4.5 52.5
4.5 53.5
4.5 61.5
4.5 62.5
5.5 12.5
5.5 13.5
5.5 23.5
5.5 24.5
5.5 34.5
5.5 43.5
5.5 52.5
5.5 53.5
5.5 54.5
5.5 60.5
5.5 61.5
6.5 13.5
6.5 25.5
6.5 34.5
6.5 35.5
6.5 44.5
6.5 53.5
6.5 54.5
6.5 60.5
6.5 61.5
7.5 8.5
7.5 18.5
7.5 19.5
7.5 29.5
7.5 40.5
7.5 59.5
8.5 8.5
8.5 9.5
8.5 18.5
8.5 19.5
8.5 20.5
8.5 30.5
8.5 40.5
8.5 48.5
8.5 49.5
8.5 66.5
9.5 9.5
9.5 19.5
9.5 20.5
9.5 31.5
9.5 40.5
9.5 41.5
9.5 49.5
9.5 50.5
9.5 64.5
9.5 65.5
10.5 10.5
10.5 20.5
10.5 21.5
10.5 32.5
10.5 41.5
10.5 51.5
10.5 63.5
10.5 64.5
11.5 10.5
14.5 31.5
14.5 32.5
14.5 42.5
14.5 43.5
14.5 52.5
14.5 62.5
15.5 10.5
15.5 22.5
15.5 23.5
15.5 24.5
15.5 30.5
15.5 31.5
15.5 43.5
15.5 44.5
15.5 52.5
15.5 53.5
15.5 60.5
15.5 61.5
16.5 9.5
16.5 24.5
16.5 25.5
16.5 29.5
16.5 44.5
16.5 54.5
16.5 59.5
17.5 8.5
17.5 48.5
17.5 49.5
18.5 13.5
18.5 18.5
18.5 19.5
18.5 34.5
18.5 35.5
18.5 40.5
18.5 49.5
18.5 50.5
18.5 66.5
19.5 12.5
19.5 13.5
19.5 19.5
19.5 20.5
19.5 21.5
19.5 33.5
19.5 34.5
19.5 41.5
19.5 50.5
19.5 63.5
19.5 64.5
19.5 65.5
19.5 66.5
20.5 11.5
20.5 12.5
20.5 20.5
20.5 21.5
20.5 62.5
20.5 63.5
20.5 64.5
23.5 50.5
24.5 22.5
24.5 33.5
24.5 34.5
24.5 43.5
24.5 44.5
24.5 49.5
24.5 50.5
25.5 9.5
25.5 10.5
25.5 22.5
25.5 23.5
25.5 34.5
25.5 44.5
25.5 45.5
25.5 48.5
25.5 63.5
26.5 8.5
26.5 9.5
26.5 10.5
26.5 23.5
26.5 24.5
26.5 35.5
26.5 53.5
26.5 64.5
26.5 65.5
27.5 8.5
27.5 9.5
27.5 24.5
27.5 29.5
27.5 39.5
27.5 40.5
27.5 53.5
27.5 59.5
27.5 66.5
28.5 29.5
28.5 30.5
28.5 40.5
28.5 41.5
28.5 53.5
28.5 54.5
28.5 59.5
28.5 60.5
29.5 13.5
29.5 14.5
29.5 19.5
29.5 30.5
29.5 31.5
29.5 41.5
29.5 53.5
29.5 54.5
29.5 60.5
29.5 61.5
30.5 12.5
30.5 20.5
30.5 31.5
30.5 61.5
31.5 21.5
33.5 41.5
34.5 40.5
34.5 41.5
34.5 51.5
35.5 11.5
35.5 12.5
35.5 19.5
35.5 20.5
35.5 32.5
35.5 33.5
35.5 34.5
35.5 40.5
35.5 50.5
35.5 51.5
35.5 63.5
35.5 64.5
36.5 12.5
36.5 13.5
36.5 18.5
36.5 19.5
36.5 34.5
36.5 35.5
36.5 44.5
36.5 49.5
36.5 50.5
36.5 64.5
36.5 65.5
37.5 18.5
37.5 44.5
37.5 49.5
37.5 50.5
37.5 65.5
38.5 7.5
38.5 8.5
38.5 24.5
38.5 28.5
38.5 29.5
38.5 30.5
38.5 43.5
38.5 44.5
39.5 8.5
39.5 9.5
39.5 22.5
39.5 23.5
39.5 29.5
39.5 30.5
39.5 31.5
39.5 43.5
39.5 60.5
39.5 61.5
40.5 9.5
40.5 10.5
40.5 21.5
40.5 22.5
40.5 43.5
40.5 54.5
40.5 55.5
40.5 61.5
40.5 62.5
41.5 53.5
41.5 54.5
41.5 62.5
44.5 21.5
44.5 32.5
44.5 33.5
44.5 41.5
45.5 9.5
45.5 10.5
45.5 21.5
45.5 22.5
45.5 33.5
45.5 34.5
45.5 40.5
45.5 41.5
45.5 64.5
46.5 9.5
46.5 10.5
46.5 22.5
46.5 23.5
46.5 33.5
46.5 34.5
46.5 35.5
46.5 40.5
46.5 52.5
46.5 53.5
46.5 64.5
46.5 65.5
47.5 8.5
47.5 9.5
47.5 34.5
47.5 35.5
47.5 39.5
47.5 40.5
47.5 53.5
47.5 54.5
47.5 65.5
47.5 66.5
48.5 13.5
48.5 14.5
48.5 18.5
48.5 19.5
48.5 28.5
48.5 54.5
48.5 55.5
48.5 66.5
49.5 13.5
49.5 19.5
49.5 28.5
49.5 29.5
49.5 30.5
49.5 44.5
49.5 48.5
49.5 49.5
49.5 59.5
50.5 12.5
50.5 20.5
50.5 30.5
50.5 43.5
50.5 44.5
50.5 49.5
50.5 50.5
50.5 60.5
50.5 61.5
51.5 42.5
51.5 43.5
51.5 50.5
51.5 61.5
51.5 62.5
54.5 21.5
55.5 12.5
55.5 22.5
55.5 30.5
56.5 12.5
56.5 13.5
56.5 22.5
56.5 23.5
56.5 28.5
56.5 29.5
56.5 30.5
56.5 40.5
56.5 41.5
56.5 52.5
56.5 53.5
56.5 63.5
56.5 64.5
57.5 13.5
57.5 23.5
57.5 28.5
57.5 29.5
57.5 39.5
57.5 40.5
57.5 53.5
57.5 54.5
57.5 64.5
57.5 65.5
58.5 18.5
58.5 39.5
58.5 54.5
58.5 65.5
59.5 8.5
59.5 9.5
59.5 18.5
59.5 19.5
59.5 33.5
59.5 34.5
59.5 44.5
59.5 45.5
59.5 49.5
59.5 59.5
60.5 9.5
60.5 10.5
60.5 19.5
60.5 20.5
60.5 32.5
60.5 33.5
60.5 43.5
60.5 44.5
60.5 49.5
60.5 50.5
60.5 59.5
60.5 60.5
61.5 10.5
61.5 20.5
61.5 32.5
61.5 42.5
61.5 43.5
61.5 50.5
61.5 51.5
61.5 61.5
