2.5 31.5
3.5 13.5
3.5 20.5
3.5 31.5
3.5 32.5
3.5 41.5
3.5 52.5
3.5 63.5
4.5 12.5
4.5 21.5
4.5 32.5
4.5 40.5
4.5 41.5
4.5 51.5
4.5 52.5
4.5 61.5
4.5 62.5
5.5 11.5
5.5 12.5
5.5 22.5
5.5 32.5
5.5 33.5
5.5 40.5
5.5 50.5
5.5 51.5
5.5 60.5
5.5 61.5
6.5 10.5
6.5 11.5
6.5 22.5
6.5 23.5
6.5 33.5
6.5 39.5
6.5 40.5
6.5 49.5
6.5 50.5
6.5 51.5
6.5 59.5
6.5 60.5
7.5 10.5
7.5 16.5
7.5 18.5
7.5 23.5
7.5 24.5
7.5 27.5
7.5 33.5
7.5 34.5
7.5 39.5
7.5 45.5
7.5 49.5
7.5 50.5
7.5 56.5
7.5 59.5
7.5 65.5
8.5 9.5
8.5 10.5
8.5 15.5
8.5 18.5
8.5 19.5
8.5 24.5
8.5 25.5
8.5 27.5
8.5 28.5
8.5 34.5
8.5 38.5
8.5 39.5
8.5 44.5
8.5 45.5
8.5 48.5
8.5 49.5
8.5 55.5
8.5 58.5
8.5 64.5
8.5 65.5
9.5 8.5
9.5 9.5
9.5 14.5
9.5 15.5
9.5 19.5
9.5 20.5
9.5 25.5
9.5 28.5
9.5 29.5
9.5 34.5
9.5 35.5
9.5 38.5
9.5 43.5
9.5 44.5
9.5 48.5
9.5 49.5
9.5 54.5
9.5 55.5
9.5 64.5
10.5 8.5
10.5 13.5
10.5 14.5
10.5 20.5
10.5 29.5
10.5 30.5
10.5 35.5
10.5 38.5
10.5 43.5
10.5 44.5
10.5 48.5
10.5 53.5
10.5 54.5
10.5 63.5
10.5 64.5
11.5 13.5
11.5 20.5
11.5 21.5
11.5 30.5
11.5 31.5
11.5 42.5
11.5 43.5
11.5 52.5
11.5 53.5
11.5 63.5
12.5 12.5
12.5 13.5
12.5 21.5
12.5 22.5
12.5 31.5
12.5 42.5
12.5 52.5
12.5 62.5
12.5 63.5
13.5 12.5
13.5 22.5
13.5 32.5
13.5 41.5
13.5 42.5
13.5 51.5
13.5 52.5
13.5 62.5
14.5 12.5
14.5 22.5
14.5 31.5
14.5 41.5
14.5 52.5
14.5 53.5
14.5 62.5
15.5 12.5
15.5 13.5
15.5 21.5
15.5 31.5
15.5 43.5
15.5 53.5
15.5 62.5
16.5 13.5
16.5 20.5
16.5 30.5
16.5 31.5
16.5 42.5
16.5 43.5
16.5 53.5
16.5 54.5
16.5 61.5
16.5 62.5
17.5 13.5
17.5 14.5
17.5 19.5
17.5 20.5
17.5 30.5
17.5 31.5
17.5 41.5
17.5 42.5
17.5 54.5
17.5 55.5
17.5 61.5
17.5 62.5
18.5 8.5
18.5 13.5
18.5 14.5
18.5 19.5
18.5 25.5
18.5 29.5
18.5 30.5
18.5 40.5
18.5 41.5
18.5 42.5
18.5 54.5
18.5 55.5
18.5 60.5
18.5 61.5
19.5 9.5
19.5 14.5
19.5 18.5
19.5 24.5
19.5 25.5
19.5 29.5
19.5 30.5
19.5 36.5
19.5 40.5
19.5 41.5
19.5 46.5
19.5 48.5
19.5 55.5
19.5 56.5
19.5 60.5
19.5 61.5
19.5 66.5
20.5 9.5
20.5 14.5
20.5 15.5
20.5 17.5
20.5 18.5
20.5 23.5
20.5 24.5
20.5 29.5
20.5 30.5
20.5 35.5
20.5 36.5
20.5 39.5
20.5 40.5
20.5 45.5
20.5 48.5
20.5 49.5
20.5 55.5
20.5 56.5
20.5 60.5
20.5 66.5
21.5 9.5
21.5 10.5
21.5 15.5
21.5 17.5
21.5 23.5
21.5 24.5
21.5 28.5
21.5 29.5
21.5 35.5
21.5 38.5
21.5 39.5
21.5 45.5
21.5 49.5
21.5 50.5
21.5 56.5
21.5 60.5
21.5 65.5
21.5 66.5
22.5 10.5
22.5 22.5
22.5 23.5
22.5 28.5
22.5 29.5
22.5 34.5
22.5 35.5
22.5 38.5
22.5 44.5
22.5 45.5
22.5 50.5
22.5 51.5
22.5 57.5
22.5 64.5
22.5 65.5
23.5 10.5
23.5 11.5
23.5 22.5
23.5 23.5
23.5 28.5
23.5 33.5
23.5 34.5
23.5 44.5
23.5 50.5
23.5 51.5
23.5 52.5
23.5 64.5
23.5 65.5
24.5 11.5
24.5 21.5
24.5 22.5
24.5 33.5
24.5 43.5
24.5 44.5
24.5 51.5
24.5 52.5
24.5 63.5
24.5 64.5
25.5 11.5
25.5 21.5
25.5 22.5
25.5 32.5
25.5 33.5
25.5 43.5
25.5 52.5
25.5 53.5
25.5 63.5
26.5 10.5
26.5 21.5
26.5 32.5
26.5 42.5
26.5 53.5
26.5 63.5
27.5 11.5
27.5 22.5
27.5 23.5
27.5 32.5
27.5 42.5
27.5 62.5
27.5 64.5
28.5 11.5
28.5 12.5
28.5 21.5
28.5 22.5
28.5 33.5
28.5 42.5
28.5 51.5
28.5 52.5
28.5 63.5
29.5 12.5
29.5 13.5
29.5 20.5
29.5 21.5
29.5 33.5
29.5 34.5
29.5 42.5
29.5 52.5
29.5 53.5
29.5 62.5
30.5 13.5
30.5 19.5
30.5 20.5
30.5 21.5
30.5 34.5
30.5 35.5
30.5 41.5
30.5 42.5
30.5 52.5
30.5 53.5
30.5 54.5
30.5 61.5
30.5 62.5
31.5 7.5
31.5 8.5
31.5 13.5
31.5 14.5
31.5 18.5
31.5 19.5
31.5 20.5
31.5 26.5
31.5 34.5
31.5 35.5
31.5 41.5
31.5 42.5
31.5 47.5
31.5 53.5
31.5 54.5
31.5 55.5
31.5 60.5
31.5 61.5
32.5 8.5
32.5 14.5
32.5 18.5
32.5 19.5
32.5 25.5
32.5 28.5
32.5 35.5
32.5 36.5
32.5 41.5
32.5 46.5
32.5 48.5
32.5 54.5
32.5 55.5
32.5 59.5
32.5 60.5
32.5 67.5
33.5 8.5
33.5 9.5
33.5 15.5
33.5 17.5
33.5 18.5
33.5 24.5
33.5 25.5
33.5 28.5
33.5 29.5
33.5 35.5
33.5 36.5
33.5 41.5
33.5 45.5
33.5 48.5
33.5 49.5
33.5 55.5
33.5 56.5
33.5 59.5
33.5 65.5
33.5 66.5
33.5 67.5
34.5 9.5
34.5 10.5
34.5 24.5
34.5 25.5
34.5 29.5
34.5 30.5
34.5 36.5
34.5 37.5
34.5 40.5
34.5 41.5
34.5 45.5
34.5 49.5
34.5 50.5
34.5 56.5
34.5 57.5
34.5 58.5
34.5 64.5
34.5 65.5
35.5 9.5
35.5 10.5
35.5 23.5
35.5 24.5
35.5 29.5
35.5 30.5
35.5 37.5
35.5 40.5
35.5 44.5
35.5 45.5
35.5 50.5
35.5 63.5
35.5 64.5
36.5 10.5
36.5 11.5
36.5 22.5
36.5 23.5
36.5 30.5
36.5 31.5
36.5 37.5
36.5 38.5
36.5 40.5
36.5 44.5
36.5 50.5
36.5 51.5
36.5 62.5
36.5 63.5
37.5 11.5
37.5 12.5
37.5 22.5
37.5 23.5
37.5 31.5
37.5 32.5
37.5 43.5
37.5 44.5
37.5 51.5
37.5 52.5
37.5 61.5
37.5 62.5
38.5 12.5
38.5 21.5
38.5 22.5
38.5 31.5
38.5 32.5
38.5 33.5
38.5 43.5
38.5 52.5
38.5 62.5
38.5 63.5
39.5 12.5
39.5 21.5
39.5 32.5
39.5 33.5
39.5 43.5
39.5 51.5
39.5 62.5
39.5 63.5
40.5 11.5
40.5 12.5
40.5 21.5
40.5 33.5
40.5 34.5
40.5 42.5
40.5 43.5
40.5 52.5
40.5 63.5
40.5 64.5
41.5 10.5
41.5 11.5
41.5 20.5
41.5 21.5
41.5 34.5
41.5 43.5
41.5 52.5
41.5 53.5
41.5 63.5
41.5 64.5
41.5 65.5
42.5 9.5
42.5 10.5
42.5 20.5
42.5 21.5
42.5 31.5
42.5 43.5
42.5 44.5
42.5 53.5
42.5 54.5
42.5 63.5
42.5 64.5
42.5 65.5
43.5 9.5
43.5 10.5
43.5 15.5
43.5 20.5
43.5 21.5
43.5 32.5
43.5 33.5
43.5 44.5
43.5 48.5
43.5 54.5
43.5 55.5
43.5 58.5
43.5 64.5
43.5 65.5
44.5 8.5
44.5 9.5
44.5 14.5
44.5 15.5
44.5 19.5
44.5 20.5
44.5 33.5
44.5 34.5
44.5 35.5
44.5 44.5
44.5 45.5
44.5 48.5
44.5 49.5
44.5 55.5
44.5 58.5
44.5 64.5
44.5 65.5
44.5 66.5
45.5 7.5
45.5 8.5
45.5 14.5
45.5 15.5
45.5 19.5
45.5 20.5
45.5 25.5
45.5 26.5
45.5 34.5
45.5 35.5
45.5 36.5
45.5 39.5
45.5 45.5
45.5 49.5
45.5 50.5
45.5 56.5
45.5 59.5
45.5 65.5
45.5 66.5
46.5 7.5
46.5 13.5
46.5 14.5
46.5 19.5
46.5 24.5
46.5 27.5
46.5 28.5
46.5 36.5
46.5 37.5
46.5 40.5
46.5 45.5
46.5 50.5
46.5 51.5
46.5 59.5
46.5 60.5
46.5 66.5
47.5 13.5
47.5 14.5
47.5 19.5
47.5 23.5
47.5 24.5
47.5 28.5
47.5 29.5
47.5 30.5
47.5 38.5
47.5 40.5
47.5 41.5
47.5 46.5
47.5 50.5
47.5 51.5
47.5 60.5
47.5 61.5
47.5 66.5
48.5 12.5
48.5 13.5
48.5 18.5
48.5 23.5
48.5 29.5
48.5 30.5
48.5 31.5
48.5 41.5
48.5 42.5
48.5 51.5
48.5 52.5
48.5 61.5
49.5 12.5
49.5 13.5
49.5 22.5
49.5 23.5
49.5 30.5
49.5 31.5
49.5 32.5
49.5 42.5
49.5 52.5
49.5 62.5
50.5 12.5
50.5 21.5
50.5 22.5
50.5 32.5
50.5 33.5
50.5 42.5
50.5 43.5
50.5 53.5
50.5 62.5
50.5 63.5
51.5 11.5
51.5 12.5
51.5 21.5
51.5 34.5
51.5 42.5
51.5 43.5
51.5 52.5
51.5 62.5
52.5 11.5
52.5 21.5
52.5 30.5
52.5 42.5
52.5 52.5
52.5 53.5
52.5 61.5
52.5 62.5
53.5 11.5
53.5 12.5
53.5 21.5
53.5 31.5
53.5 32.5
53.5 43.5
53.5 52.5
53.5 53.5
53.5 61.5
54.5 12.5
54.5 13.5
54.5 22.5
54.5 31.5
54.5 32.5
54.5 33.5
54.5 43.5
54.5 53.5
54.5 54.5
54.5 60.5
54.5 61.5
55.5 12.5
55.5 13.5
55.5 22.5
55.5 23.5
55.5 32.5
55.5 33.5
55.5 34.5
55.5 43.5
55.5 44.5
55.5 47.5
55.5 53.5
55.5 54.5
55.5 60.5
55.5 61.5
56.5 7.5
56.5 13.5
56.5 14.5
56.5 22.5
56.5 23.5
56.5 26.5
56.5 33.5
56.5 34.5
56.5 39.5
56.5 44.5
56.5 48.5
56.5 53.5
56.5 54.5
56.5 59.5
56.5 60.5
56.5 66.5
56.5 67.5
57.5 7.5
57.5 8.5
57.5 14.5
57.5 18.5
57.5 23.5
57.5 24.5
57.5 27.5
57.5 34.5
57.5 35.5
57.5 39.5
57.5 40.5
57.5 44.5
57.5 45.5
57.5 48.5
57.5 49.5
57.5 54.5
57.5 55.5
57.5 59.5
57.5 60.5
57.5 65.5
57.5 66.5
58.5 8.5
58.5 9.5
58.5 14.5
58.5 15.5
58.5 18.5
58.5 19.5
58.5 24.5
58.5 27.5
58.5 28.5
58.5 35.5
58.5 36.5
58.5 39.5
58.5 40.5
58.5 45.5
58.5 49.5
58.5 54.5
58.5 55.5
58.5 59.5
58.5 64.5
58.5 65.5
59.5 8.5
59.5 9.5
59.5 15.5
59.5 16.5
59.5 19.5
59.5 20.5
59.5 24.5
59.5 28.5
59.5 29.5
59.5 36.5
59.5 40.5
59.5 41.5
59.5 46.5
59.5 49.5
59.5 50.5
59.5 55.5
59.5 58.5
59.5 59.5
59.5 63.5
59.5 64.5
60.5 9.5
60.5 10.5
60.5 16.5
60.5 19.5
60.5 20.5
60.5 25.5
60.5 29.5
60.5 30.5
60.5 40.5
60.5 41.5
60.5 50.5
60.5 51.5
60.5 58.5
60.5 63.5
61.5 9.5
61.5 10.5
61.5 20.5
61.5 21.5
61.5 30.5
61.5 31.5
61.5 41.5
61.5 50.5
61.5 51.5
61.5 62.5
62.5 10.5
62.5 11.5
62.5 20.5
62.5 21.5
62.5 31.5
62.5 41.5
62.5 42.5
62.5 51.5
62.5 52.5
62.5 61.5
63.5 10.5
63.5 11.5
63.5 21.5
63.5 32.5
63.5 42.5
63.5 52.5
