3.5 21.5
3.5 62.5
4.5 12.5
4.5 21.5
4.5 42.5
4.5 53.5
4.5 63.5
5.5 12.5
5.5 13.5
5.5 20.5
5.5 31.5
5.5 41.5
5.5 53.5
5.5 63.5
6.5 13.5
6.5 20.5
6.5 30.5
6.5 40.5
6.5 64.5
7.5 14.5
7.5 19.5
7.5 29.5
7.5 35.5
7.5 39.5
7.5 48.5
7.5 54.5
7.5 59.5
8.5 14.5
8.5 25.5
8.5 28.5
8.5 35.5
8.5 39.5
8.5 45.5
8.5 54.5
8.5 59.5
8.5 65.5
9.5 8.5
9.5 18.5
9.5 24.5
9.5 34.5
9.5 44.5
9.5 49.5
9.5 59.5
10.5 9.5
10.5 23.5
10.5 33.5
10.5 49.5
10.5 55.5
10.5 60.5
11.5 10.5
11.5 22.5
11.5 33.5
11.5 43.5
11.5 50.5
11.5 60.5
12.5 11.5
12.5 21.5
12.5 32.5
12.5 42.5
12.5 50.5
12.5 60.5
13.5 60.5
14.5 51.5
15.5 11.5
15.5 21.5
16.5 10.5
16.5 22.5
16.5 32.5
16.5 41.5
16.5 51.5
16.5 61.5
17.5 10.5
17.5 23.5
17.5 31.5
17.5 41.5
17.5 62.5
18.5 9.5
18.5 24.5
18.5 31.5
18.5 40.5
18.5 50.5
18.5 63.5
19.5 9.5
19.5 25.5
19.5 30.5
19.5 36.5
19.5 40.5
19.5 50.5
19.5 64.5
20.5 8.5
20.5 14.5
20.5 18.5
20.5 26.5
20.5 30.5
20.5 45.5
20.5 64.5
21.5 14.5
21.5 19.5
21.5 27.5
21.5 35.5
21.5 49.5
21.5 54.5
21.5 58.5
21.5 65.5
22.5 13.5
22.5 19.5
22.5 20.5
22.5 35.5
22.5 44.5
22.5 54.5
22.5 59.5
23.5 12.5
23.5 20.5
23.5 21.5
23.5 34.5
23.5 44.5
23.5 60.5
24.5 12.5
24.5 22.5
24.5 43.5
24.5 53.5
24.5 61.5
25.5 11.5
25.5 23.5
25.5 33.5
25.5 43.5
25.5 62.5
26.5 52.5
27.5 33.5
28.5 22.5
28.5 43.5
28.5 52.5
28.5 61.5
29.5 22.5
29.5 34.5
29.5 43.5
29.5 62.5
30.5 10.5
30.5 23.5
30.5 34.5
30.5 44.5
30.5 53.5
30.5 63.5
31.5 9.5
31.5 23.5
31.5 29.5
31.5 44.5
31.5 63.5
31.5 64.5
32.5 8.5
32.5 15.5
32.5 17.5
32.5 24.5
32.5 29.5
32.5 35.5
32.5 39.5
32.5 45.5
32.5 49.5
32.5 54.5
32.5 64.5
33.5 7.5
33.5 14.5
33.5 18.5
33.5 24.5
33.5 29.5
33.5 35.5
33.5 39.5
33.5 45.5
33.5 58.5
33.5 65.5
34.5 13.5
34.5 25.5
34.5 30.5
34.5 40.5
34.5 50.5
34.5 55.5
34.5 59.5
35.5 12.5
35.5 19.5
35.5 30.5
35.5 40.5
35.5 50.5
35.5 59.5
36.5 11.5
36.5 20.5
36.5 30.5
36.5 41.5
36.5 51.5
36.5 60.5
37.5 20.5
37.5 41.5
37.5 51.5
37.5 61.5
38.5 21.5
38.5 31.5
40.5 30.5
40.5 61.5
41.5 12.5
41.5 20.5
41.5 31.5
41.5 41.5
41.5 62.5
42.5 12.5
42.5 13.5
42.5 31.5
42.5 40.5
42.5 51.5
42.5 63.5
43.5 13.5
43.5 14.5
43.5 19.5
43.5 32.5
43.5 39.5
43.5 50.5
43.5 63.5
44.5 7.5
44.5 32.5
44.5 38.5
44.5 64.5
45.5 8.5
45.5 18.5
45.5 23.5
45.5 27.5
45.5 33.5
45.5 37.5
45.5 45.5
45.5 49.5
45.5 55.5
45.5 65.5
46.5 9.5
46.5 23.5
46.5 44.5
46.5 48.5
46.5 54.5
46.5 59.5
47.5 9.5
47.5 10.5
47.5 28.5
47.5 43.5
47.5 54.5
47.5 60.5
48.5 10.5
48.5 11.5
48.5 22.5
48.5 42.5
48.5 53.5
48.5 61.5
49.5 22.5
49.5 29.5
49.5 40.5
49.5 41.5
49.5 53.5
49.5 61.5
50.5 52.5
50.5 62.5
51.5 30.5
52.5 11.5
52.5 21.5
52.5 62.5
53.5 12.5
53.5 21.5
53.5 30.5
53.5 41.5
53.5 52.5
54.5 12.5
54.5 13.5
54.5 20.5
54.5 31.5
54.5 40.5
54.5 63.5
55.5 13.5
55.5 20.5
55.5 32.5
55.5 39.5
55.5 51.5
55.5 63.5
56.5 14.5
56.5 19.5
56.5 33.5
56.5 38.5
56.5 46.5
56.5 50.5
56.5 64.5
57.5 8.5
57.5 15.5
57.5 19.5
57.5 34.5
57.5 37.5
57.5 45.5
57.5 56.5
57.5 58.5
57.5 64.5
58.5 9.5
58.5 24.5
58.5 28.5
58.5 44.5
58.5 55.5
58.5 59.5
59.5 9.5
59.5 23.5
59.5 29.5
59.5 43.5
59.5 44.5
59.5 54.5
59.5 65.5
60.5 10.5
60.5 23.5
60.5 30.5
60.5 43.5
60.5 54.5
60.5 60.5
61.5 11.5
61.5 22.5
61.5 30.5
61.5 31.5
61.5 42.5
61.5 53.5
61.5 61.5
62.5 12.5
62.5 22.5
62.5 31.5
62.5 62.5
