6.5 18.5
6.5 19.5
7.5 19.5
7.5 20.5
7.5 38.5
7.5 39.5
7.5 58.5
7.5 59.5
8.5 19.5
8.5 20.5
8.5 21.5
8.5 39.5
8.5 40.5
8.5 59.5
8.5 60.5
9.5 20.5
9.5 21.5
9.5 40.5
9.5 41.5
9.5 60.5
9.5 61.5
9.5 62.5
10.5 21.5
10.5 22.5
10.5 41.5
10.5 42.5
10.5 61.5
10.5 62.5
10.5 63.5
11.5 22.5
11.5 42.5
11.5 63.5
12.5 10.5
12.5 43.5
13.5 11.5
13.5 31.5
13.5 51.5
14.5 11.5
14.5 12.5
14.5 31.5
14.5 32.5
14.5 52.5
15.5 12.5
15.5 13.5
15.5 32.5
15.5 33.5
15.5 52.5
15.5 53.5
15.5 54.5
16.5 12.5
16.5 13.5
16.5 14.5
16.5 33.5
16.5 34.5
16.5 53.5
16.5 54.5
16.5 55.5
17.5 13.5
17.5 14.5
17.5 34.5
17.5 35.5
17.5 54.5
17.5 55.5
17.5 56.5
18.5 14.5
18.5 35.5
18.5 36.5
18.5 56.5
26.5 58.5
27.5 16.5
27.5 37.5
27.5 38.5
27.5 59.5
28.5 17.5
28.5 18.5
28.5 38.5
28.5 39.5
28.5 59.5
28.5 60.5
28.5 61.5
29.5 17.5
29.5 18.5
29.5 19.5
29.5 39.5
29.5 40.5
29.5 60.5
29.5 61.5
29.5 62.5
30.5 18.5
30.5 19.5
30.5 20.5
30.5 40.5
30.5 41.5
30.5 61.5
30.5 62.5
30.5 63.5
31.5 20.5
31.5 21.5
31.5 41.5
31.5 42.5
31.5 63.5
31.5 64.5
32.5 21.5
32.5 22.5
33.5 30.5
34.5 9.5
34.5 30.5
34.5 31.5
34.5 51.5
34.5 52.5
35.5 10.5
35.5 11.5
35.5 31.5
35.5 32.5
35.5 52.5
35.5 53.5
35.5 54.5
36.5 11.5
36.5 12.5
36.5 32.5
36.5 33.5
36.5 53.5
36.5 54.5
36.5 55.5
37.5 12.5
37.5 13.5
37.5 33.5
37.5 34.5
37.5 55.5
37.5 56.5
38.5 13.5
38.5 14.5
38.5 34.5
38.5 35.5
38.5 56.5
38.5 57.5
47.5 14.5
47.5 35.5
47.5 58.5
47.5 59.5
48.5 12.5
48.5 13.5
48.5 14.5
48.5 34.5
48.5 35.5
48.5 59.5
48.5 60.5
49.5 11.5
49.5 12.5
49.5 13.5
49.5 33.5
49.5 34.5
49.5 60.5
49.5 61.5
50.5 10.5
50.5 11.5
50.5 32.5
50.5 33.5
50.5 61.5
50.5 62.5
51.5 9.5
51.5 10.5
51.5 32.5
51.5 33.5
51.5 62.5
51.5 63.5
52.5 31.5
52.5 32.5
52.5 64.5
53.5 42.5
53.5 50.5
54.5 21.5
54.5 22.5
54.5 41.5
54.5 42.5
54.5 51.5
54.5 52.5
55.5 20.5
55.5 21.5
55.5 22.5
55.5 40.5
55.5 41.5
55.5 52.5
55.5 53.5
56.5 19.5
56.5 20.5
56.5 21.5
56.5 40.5
56.5 52.5
56.5 53.5
56.5 54.5
57.5 18.5
57.5 19.5
57.5 39.5
57.5 40.5
57.5 54.5
57.5 55.5
58.5 17.5
58.5 18.5
58.5 38.5
58.5 39.5
58.5 55.5
58.5 56.5
59.5 38.5
59.5 56.5
