2.5 13.5
2.5 24.5
2.5 36.5
2.5 51.5
2.5 60.5
3.5 14.5
3.5 24.5
3.5 49.5
3.5 50.5
3.5 61.5
4.5 14.5
4.5 23.5
4.5 35.5
4.5 48.5
4.5 49.5
4.5 62.5
5.5 15.5
5.5 22.5
5.5 34.5
5.5 47.5
5.5 62.5
6.5 8.5
6.5 15.5
6.5 16.5
6.5 21.5
6.5 34.5
6.5 41.5
6.5 45.5
6.5 46.5
6.5 55.5
6.5 57.5
6.5 63.5
7.5 9.5
7.5 16.5
7.5 20.5
7.5 29.5
7.5 33.5
7.5 44.5
7.5 45.5
7.5 54.5
7.5 64.5
8.5 9.5
8.5 17.5
8.5 20.5
8.5 28.5
8.5 32.5
8.5 40.5
8.5 43.5
8.5 53.5
8.5 58.5
8.5 65.5
9.5 10.5
9.5 19.5
9.5 27.5
9.5 32.5
9.5 39.5
9.5 52.5
9.5 59.5
10.5 10.5
10.5 11.5
10.5 26.5
10.5 31.5
10.5 38.5
10.5 51.5
10.5 52.5
10.5 59.5
11.5 11.5
11.5 25.5
11.5 37.5
11.5 50.5
11.5 51.5
11.5 60.5
12.5 12.5
12.5 24.5
12.5 36.5
12.5 50.5
13.5 23.5
13.5 49.5
13.5 61.5
15.5 11.5
15.5 25.5
15.5 38.5
16.5 12.5
16.5 24.5
16.5 37.5
16.5 49.5
16.5 61.5
17.5 13.5
17.5 23.5
17.5 24.5
17.5 35.5
17.5 36.5
17.5 50.5
17.5 62.5
18.5 14.5
18.5 22.5
18.5 23.5
18.5 34.5
18.5 51.5
18.5 63.5
19.5 6.5
19.5 15.5
19.5 22.5
19.5 33.5
19.5 43.5
19.5 45.5
19.5 52.5
19.5 64.5
20.5 7.5
20.5 16.5
20.5 21.5
20.5 31.5
20.5 41.5
20.5 42.5
20.5 46.5
20.5 53.5
20.5 57.5
20.5 65.5
21.5 8.5
21.5 17.5
21.5 20.5
21.5 28.5
21.5 40.5
21.5 47.5
21.5 54.5
21.5 58.5
22.5 9.5
22.5 10.5
22.5 27.5
22.5 38.5
22.5 39.5
22.5 47.5
22.5 59.5
23.5 10.5
23.5 11.5
23.5 26.5
23.5 37.5
23.5 38.5
23.5 48.5
23.5 60.5
24.5 11.5
24.5 12.5
24.5 25.5
24.5 36.5
24.5 49.5
24.5 61.5
25.5 12.5
25.5 13.5
25.5 24.5
25.5 35.5
25.5 49.5
25.5 62.5
26.5 14.5
26.5 24.5
26.5 50.5
27.5 25.5
27.5 36.5
27.5 63.5
28.5 26.5
28.5 37.5
28.5 49.5
28.5 62.5
29.5 12.5
29.5 26.5
29.5 38.5
29.5 50.5
29.5 60.5
29.5 61.5
30.5 12.5
30.5 13.5
30.5 27.5
30.5 32.5
30.5 39.5
30.5 51.5
30.5 59.5
30.5 60.5
30.5 66.5
31.5 13.5
31.5 14.5
31.5 28.5
31.5 40.5
31.5 41.5
31.5 52.5
31.5 58.5
31.5 65.5
32.5 14.5
32.5 15.5
32.5 20.5
32.5 28.5
32.5 33.5
32.5 42.5
32.5 44.5
32.5 45.5
32.5 53.5
32.5 57.5
32.5 65.5
33.5 6.5
33.5 15.5
33.5 16.5
33.5 21.5
33.5 29.5
33.5 34.5
33.5 43.5
33.5 46.5
33.5 56.5
33.5 64.5
34.5 7.5
34.5 17.5
34.5 22.5
34.5 30.5
34.5 35.5
34.5 47.5
34.5 48.5
34.5 63.5
35.5 8.5
35.5 9.5
35.5 18.5
35.5 22.5
35.5 23.5
35.5 36.5
35.5 49.5
35.5 63.5
36.5 10.5
36.5 23.5
36.5 24.5
36.5 36.5
36.5 51.5
36.5 62.5
37.5 11.5
37.5 24.5
37.5 25.5
37.5 37.5
38.5 12.5
38.5 25.5
38.5 38.5
38.5 47.5
38.5 61.5
39.5 36.5
39.5 48.5
40.5 37.5
40.5 49.5
40.5 61.5
41.5 12.5
41.5 23.5
41.5 38.5
41.5 50.5
41.5 60.5
42.5 10.5
42.5 24.5
42.5 25.5
42.5 39.5
42.5 51.5
42.5 52.5
42.5 59.5
43.5 8.5
43.5 9.5
43.5 25.5
43.5 26.5
43.5 39.5
43.5 44.5
43.5 52.5
43.5 53.5
43.5 59.5
44.5 6.5
44.5 7.5
44.5 26.5
44.5 27.5
44.5 31.5
44.5 40.5
44.5 45.5
44.5 53.5
44.5 54.5
44.5 58.5
45.5 17.5
45.5 19.5
45.5 27.5
45.5 28.5
45.5 32.5
45.5 41.5
45.5 46.5
45.5 57.5
45.5 65.5
46.5 15.5
46.5 16.5
46.5 20.5
46.5 29.5
46.5 33.5
46.5 46.5
46.5 47.5
46.5 63.5
46.5 64.5
47.5 13.5
47.5 14.5
47.5 21.5
47.5 34.5
47.5 35.5
47.5 47.5
47.5 62.5
47.5 63.5
48.5 11.5
48.5 22.5
48.5 35.5
48.5 36.5
48.5 48.5
48.5 61.5
48.5 62.5
49.5 23.5
49.5 36.5
49.5 37.5
49.5 49.5
49.5 60.5
50.5 24.5
50.5 38.5
52.5 13.5
52.5 48.5
52.5 62.5
53.5 11.5
53.5 12.5
53.5 24.5
53.5 39.5
53.5 49.5
53.5 61.5
54.5 10.5
54.5 11.5
54.5 23.5
54.5 37.5
54.5 50.5
54.5 51.5
54.5 59.5
54.5 60.5
55.5 8.5
55.5 9.5
55.5 18.5
55.5 22.5
55.5 35.5
55.5 36.5
55.5 52.5
55.5 58.5
56.5 7.5
56.5 8.5
56.5 17.5
56.5 21.5
56.5 33.5
56.5 34.5
56.5 44.5
56.5 53.5
56.5 57.5
56.5 66.5
57.5 6.5
57.5 16.5
57.5 20.5
57.5 29.5
57.5 30.5
57.5 31.5
57.5 32.5
57.5 45.5
57.5 54.5
57.5 65.5
58.5 15.5
58.5 19.5
58.5 27.5
58.5 28.5
58.5 41.5
58.5 46.5
58.5 63.5
58.5 64.5
59.5 14.5
59.5 25.5
59.5 26.5
59.5 40.5
59.5 47.5
59.5 48.5
59.5 62.5
59.5 63.5
60.5 13.5
60.5 24.5
60.5 39.5
60.5 48.5
60.5 49.5
60.5 61.5
61.5 12.5
61.5 38.5
61.5 50.5
62.5 37.5
