5.5 37.5
5.5 62.5
6.5 11.5
6.5 25.5
6.5 37.5
6.5 47.5
6.5 62.5
7.5 11.5
7.5 25.5
7.5 38.5
7.5 47.5
7.5 62.5
7.5 63.5
8.5 11.5
8.5 25.5
8.5 38.5
8.5 46.5
8.5 63.5
9.5 10.5
9.5 25.5
9.5 39.5
9.5 46.5
9.5 63.5
10.5 10.5
10.5 26.5
10.5 39.5
10.5 46.5
10.5 64.5
11.5 10.5
11.5 20.5
11.5 26.5
11.5 32.5
11.5 45.5
11.5 64.5
12.5 16.5
12.5 26.5
12.5 32.5
12.5 33.5
12.5 40.5
12.5 45.5
12.5 51.5
12.5 65.5
13.5 9.5
13.5 33.5
13.5 51.5
13.5 65.5
14.5 15.5
14.5 21.5
14.5 33.5
14.5 57.5
15.5 15.5
15.5 21.5
15.5 33.5
15.5 34.5
15.5 50.5
15.5 57.5
15.5 58.5
16.5 15.5
16.5 34.5
16.5 50.5
16.5 58.5
17.5 14.5
17.5 22.5
17.5 34.5
17.5 50.5
17.5 58.5
17.5 59.5
18.5 14.5
18.5 22.5
18.5 35.5
18.5 49.5
18.5 59.5
19.5 35.5
19.5 49.5
19.5 59.5
19.5 60.5
20.5 60.5
21.5 61.5
22.5 61.5
24.5 35.5
25.5 12.5
25.5 24.5
25.5 34.5
25.5 35.5
26.5 12.5
26.5 34.5
26.5 47.5
27.5 11.5
27.5 25.5
27.5 34.5
27.5 47.5
27.5 61.5
28.5 11.5
28.5 33.5
28.5 34.5
28.5 47.5
28.5 60.5
28.5 61.5
29.5 10.5
29.5 26.5
29.5 33.5
29.5 47.5
29.5 60.5
30.5 10.5
30.5 26.5
30.5 33.5
30.5 59.5
30.5 60.5
31.5 16.5
31.5 21.5
31.5 32.5
31.5 40.5
31.5 46.5
31.5 59.5
32.5 9.5
32.5 21.5
32.5 27.5
32.5 32.5
32.5 40.5
32.5 46.5
32.5 59.5
33.5 15.5
33.5 22.5
33.5 40.5
33.5 46.5
33.5 52.5
33.5 58.5
33.5 66.5
34.5 15.5
34.5 22.5
34.5 39.5
34.5 46.5
34.5 52.5
34.5 58.5
34.5 66.5
35.5 14.5
35.5 15.5
35.5 22.5
35.5 39.5
35.5 52.5
35.5 65.5
36.5 14.5
36.5 22.5
36.5 23.5
36.5 39.5
36.5 51.5
36.5 65.5
37.5 14.5
37.5 23.5
37.5 39.5
37.5 51.5
37.5 64.5
38.5 13.5
38.5 23.5
38.5 38.5
38.5 51.5
38.5 64.5
39.5 13.5
39.5 38.5
39.5 51.5
39.5 63.5
40.5 24.5
40.5 38.5
40.5 63.5
41.5 50.5
42.5 50.5
45.5 24.5
46.5 11.5
46.5 37.5
46.5 63.5
47.5 11.5
47.5 23.5
47.5 38.5
47.5 63.5
48.5 11.5
48.5 23.5
48.5 38.5
48.5 63.5
49.5 10.5
49.5 22.5
49.5 38.5
49.5 51.5
49.5 64.5
50.5 10.5
50.5 22.5
50.5 39.5
50.5 51.5
50.5 64.5
51.5 10.5
51.5 21.5
51.5 39.5
51.5 51.5
51.5 64.5
52.5 10.5
52.5 16.5
52.5 21.5
52.5 33.5
52.5 40.5
52.5 51.5
52.5 65.5
53.5 9.5
53.5 27.5
53.5 33.5
53.5 40.5
53.5 45.5
53.5 51.5
53.5 58.5
53.5 65.5
54.5 9.5
54.5 15.5
54.5 27.5
54.5 33.5
54.5 51.5
54.5 58.5
55.5 15.5
55.5 26.5
55.5 27.5
55.5 34.5
55.5 58.5
56.5 14.5
56.5 26.5
56.5 34.5
56.5 46.5
56.5 58.5
56.5 59.5
57.5 14.5
57.5 26.5
57.5 34.5
57.5 46.5
57.5 59.5
58.5 26.5
58.5 34.5
58.5 46.5
58.5 59.5
59.5 13.5
59.5 25.5
59.5 35.5
59.5 59.5
60.5 13.5
60.5 25.5
60.5 35.5
60.5 47.5
60.5 60.5
61.5 35.5
61.5 47.5
61.5 60.5
