5.5 16.5
6.5 13.5
6.5 14.5
6.5 36.5
6.5 57.5
6.5 58.5
7.5 11.5
7.5 12.5
7.5 32.5
7.5 33.5
7.5 34.5
7.5 60.5
7.5 61.5
7.5 62.5
8.5 10.5
8.5 30.5
8.5 63.5
8.5 64.5
10.5 21.5
10.5 22.5
10.5 42.5
10.5 50.5
10.5 51.5
11.5 19.5
11.5 20.5
11.5 39.5
11.5 40.5
11.5 52.5
11.5 53.5
12.5 17.5
12.5 55.5
12.5 56.5
17.5 36.5
18.5 18.5
18.5 19.5
18.5 20.5
18.5 33.5
18.5 34.5
18.5 55.5
18.5 56.5
19.5 21.5
19.5 22.5
19.5 23.5
19.5 31.5
19.5 52.5
19.5 53.5
21.5 43.5
22.5 10.5
22.5 11.5
22.5 12.5
22.5 39.5
22.5 40.5
22.5 41.5
22.5 61.5
22.5 62.5
23.5 13.5
23.5 14.5
23.5 15.5
23.5 37.5
23.5 38.5
23.5 58.5
23.5 59.5
29.5 17.5
29.5 18.5
29.5 34.5
29.5 35.5
29.5 57.5
29.5 58.5
30.5 20.5
30.5 21.5
30.5 22.5
30.5 31.5
30.5 32.5
30.5 33.5
30.5 59.5
30.5 60.5
31.5 62.5
31.5 63.5
33.5 9.5
33.5 10.5
33.5 41.5
33.5 42.5
33.5 50.5
33.5 51.5
34.5 12.5
34.5 13.5
34.5 14.5
34.5 38.5
34.5 39.5
34.5 40.5
34.5 52.5
34.5 53.5
35.5 16.5
35.5 55.5
35.5 56.5
41.5 15.5
41.5 35.5
41.5 36.5
41.5 56.5
41.5 57.5
42.5 13.5
42.5 32.5
42.5 33.5
42.5 34.5
42.5 54.5
42.5 55.5
43.5 11.5
43.5 31.5
43.5 52.5
43.5 53.5
45.5 22.5
45.5 23.5
45.5 44.5
45.5 64.5
46.5 20.5
46.5 21.5
46.5 41.5
46.5 42.5
46.5 61.5
46.5 62.5
47.5 18.5
47.5 19.5
47.5 39.5
47.5 40.5
47.5 59.5
47.5 60.5
48.5 37.5
54.5 18.5
54.5 19.5
54.5 38.5
54.5 39.5
54.5 58.5
54.5 59.5
54.5 60.5
55.5 20.5
55.5 21.5
55.5 22.5
55.5 41.5
55.5 42.5
55.5 60.5
55.5 61.5
55.5 62.5
56.5 24.5
56.5 43.5
56.5 44.5
56.5 63.5
56.5 64.5
58.5 10.5
58.5 31.5
58.5 32.5
58.5 51.5
59.5 12.5
59.5 13.5
59.5 34.5
59.5 35.5
59.5 53.5
59.5 54.5
60.5 14.5
60.5 15.5
60.5 16.5
60.5 36.5
60.5 37.5
60.5 55.5
61.5 57.5
