4.5 17.5
4.5 18.5
4.5 29.5
4.5 30.5
4.5 39.5
4.5 40.5
4.5 41.5
4.5 47.5
4.5 48.5
4.5 57.5
4.5 58.5
5.5 6.5
5.5 7.5
5.5 16.5
5.5 17.5
5.5 18.5
5.5 29.5
5.5 30.5
5.5 31.5
5.5 39.5
5.5 40.5
5.5 41.5
5.5 42.5
5.5 46.5
5.5 47.5
5.5 48.5
5.5 56.5
5.5 57.5
5.5 58.5
6.5 5.5
6.5 6.5
6.5 15.5
6.5 16.5
6.5 17.5
6.5 30.5
6.5 31.5
6.5 40.5
6.5 41.5
6.5 42.5
6.5 46.5
6.5 47.5
6.5 56.5
6.5 57.5
6.5 62.5
7.5 9.5
7.5 10.5
7.5 11.5
7.5 20.5
7.5 21.5
7.5 25.5
7.5 26.5
7.5 35.5
7.5 36.5
7.5 46.5
7.5 51.5
7.5 52.5
7.5 60.5
7.5 61.5
7.5 62.5
8.5 8.5
8.5 9.5
8.5 10.5
8.5 11.5
8.5 19.5
8.5 20.5
8.5 24.5
8.5 25.5
8.5 26.5
8.5 27.5
8.5 35.5
8.5 36.5
8.5 37.5
8.5 50.5
8.5 51.5
8.5 52.5
8.5 60.5
8.5 61.5
8.5 62.5
9.5 8.5
9.5 9.5
9.5 10.5
9.5 19.5
9.5 20.5
9.5 25.5
9.5 26.5
9.5 27.5
9.5 28.5
9.5 36.5
9.5 37.5
9.5 38.5
9.5 49.5
9.5 50.5
9.5 51.5
9.5 59.5
9.5 60.5
9.5 61.5
10.5 38.5
10.5 49.5
13.5 7.5
13.5 8.5
13.5 27.5
13.5 38.5
13.5 49.5
13.5 50.5
13.5 58.5
13.5 59.5
14.5 6.5
14.5 7.5
14.5 8.5
14.5 17.5
14.5 25.5
14.5 26.5
14.5 27.5
14.5 36.5
14.5 37.5
14.5 38.5
14.5 49.5
14.5 50.5
14.5 51.5
14.5 57.5
14.5 58.5
14.5 59.5
15.5 5.5
15.5 6.5
15.5 7.5
15.5 8.5
15.5 16.5
15.5 17.5
15.5 25.5
15.5 26.5
15.5 27.5
15.5 36.5
15.5 37.5
15.5 38.5
15.5 50.5
15.5 51.5
15.5 52.5
15.5 57.5
15.5 58.5
15.5 59.5
16.5 5.5
16.5 6.5
16.5 7.5
16.5 16.5
16.5 17.5
16.5 24.5
16.5 25.5
16.5 26.5
16.5 35.5
16.5 36.5
16.5 37.5
16.5 50.5
16.5 51.5
16.5 52.5
16.5 56.5
16.5 57.5
16.5 58.5
17.5 11.5
17.5 12.5
17.5 16.5
17.5 20.5
17.5 24.5
17.5 25.5
17.5 30.5
17.5 31.5
17.5 32.5
17.5 41.5
17.5 46.5
17.5 62.5
18.5 10.5
18.5 11.5
18.5 12.5
18.5 19.5
18.5 20.5
18.5 29.5
18.5 30.5
18.5 31.5
18.5 40.5
18.5 41.5
18.5 45.5
18.5 46.5
18.5 47.5
18.5 48.5
18.5 61.5
18.5 62.5
18.5 63.5
19.5 9.5
19.5 10.5
19.5 11.5
19.5 12.5
19.5 19.5
19.5 20.5
19.5 29.5
19.5 30.5
19.5 31.5
19.5 39.5
19.5 40.5
19.5 41.5
19.5 46.5
19.5 47.5
19.5 48.5
19.5 60.5
19.5 61.5
19.5 62.5
20.5 9.5
20.5 10.5
20.5 11.5
20.5 19.5
20.5 20.5
20.5 28.5
20.5 29.5
20.5 30.5
20.5 39.5
20.5 40.5
20.5 47.5
20.5 48.5
20.5 49.5
20.5 60.5
20.5 61.5
20.5 62.5
21.5 10.5
21.5 19.5
21.5 60.5
21.5 61.5
24.5 9.5
24.5 29.5
24.5 38.5
24.5 49.5
25.5 9.5
25.5 10.5
25.5 11.5
25.5 19.5
25.5 20.5
25.5 28.5
25.5 29.5
25.5 30.5
25.5 31.5
25.5 36.5
25.5 37.5
25.5 38.5
25.5 49.5
25.5 50.5
25.5 51.5
25.5 59.5
25.5 60.5
26.5 10.5
26.5 11.5
26.5 19.5
26.5 20.5
26.5 21.5
26.5 29.5
26.5 30.5
26.5 31.5
26.5 36.5
26.5 37.5
26.5 38.5
26.5 49.5
26.5 50.5
26.5 51.5
26.5 52.5
26.5 60.5
26.5 61.5
27.5 6.5
27.5 19.5
27.5 20.5
27.5 21.5
27.5 29.5
27.5 30.5
27.5 31.5
27.5 35.5
27.5 36.5
27.5 37.5
27.5 50.5
27.5 51.5
27.5 52.5
27.5 56.5
27.5 61.5
27.5 62.5
28.5 5.5
28.5 6.5
28.5 7.5
28.5 15.5
28.5 16.5
28.5 20.5
28.5 21.5
28.5 25.5
28.5 31.5
28.5 35.5
28.5 36.5
28.5 45.5
28.5 51.5
28.5 56.5
28.5 57.5
29.5 5.5
29.5 6.5
29.5 7.5
29.5 15.5
29.5 16.5
29.5 17.5
29.5 21.5
29.5 25.5
29.5 26.5
29.5 39.5
29.5 40.5
29.5 41.5
29.5 45.5
29.5 46.5
29.5 47.5
29.5 56.5
29.5 57.5
29.5 58.5
30.5 6.5
30.5 7.5
30.5 16.5
30.5 17.5
30.5 18.5
30.5 25.5
30.5 26.5
30.5 27.5
30.5 39.5
30.5 40.5
30.5 41.5
30.5 46.5
30.5 47.5
30.5 48.5
30.5 56.5
30.5 57.5
30.5 58.5
31.5 18.5
31.5 26.5
31.5 27.5
31.5 38.5
31.5 39.5
31.5 40.5
31.5 47.5
31.5 48.5
32.5 27.5
34.5 8.5
34.5 9.5
34.5 10.5
34.5 16.5
34.5 17.5
34.5 59.5
35.5 9.5
35.5 10.5
35.5 11.5
35.5 15.5
35.5 16.5
35.5 17.5
35.5 18.5
35.5 39.5
35.5 40.5
35.5 47.5
35.5 48.5
35.5 59.5
35.5 60.5
35.5 61.5
36.5 9.5
36.5 10.5
36.5 11.5
36.5 15.5
36.5 16.5
36.5 17.5
36.5 18.5
36.5 28.5
36.5 29.5
36.5 39.5
36.5 40.5
36.5 41.5
36.5 46.5
36.5 47.5
36.5 48.5
36.5 59.5
36.5 60.5
36.5 61.5
36.5 62.5
37.5 28.5
37.5 29.5
37.5 30.5
37.5 40.5
37.5 41.5
37.5 42.5
37.5 46.5
37.5 47.5
37.5 61.5
37.5 62.5
38.5 5.5
38.5 6.5
38.5 7.5
38.5 21.5
38.5 29.5
38.5 30.5
38.5 31.5
38.5 35.5
38.5 36.5
38.5 51.5
38.5 55.5
38.5 56.5
39.5 6.5
39.5 7.5
39.5 8.5
39.5 20.5
39.5 21.5
39.5 25.5
39.5 26.5
39.5 35.5
39.5 36.5
39.5 37.5
39.5 38.5
39.5 50.5
39.5 51.5
39.5 52.5
39.5 55.5
39.5 56.5
39.5 57.5
39.5 58.5
40.5 7.5
40.5 8.5
40.5 9.5
40.5 19.5
40.5 20.5
40.5 21.5
40.5 25.5
40.5 26.5
40.5 27.5
40.5 35.5
40.5 36.5
40.5 37.5
40.5 38.5
40.5 39.5
40.5 50.5
40.5 51.5
40.5 56.5
40.5 57.5
40.5 58.5
41.5 26.5
41.5 27.5
41.5 37.5
41.5 38.5
41.5 50.5
41.5 57.5
41.5 58.5
41.5 59.5
43.5 9.5
44.5 9.5
44.5 10.5
44.5 11.5
44.5 19.5
44.5 20.5
44.5 38.5
45.5 9.5
45.5 10.5
45.5 11.5
45.5 19.5
45.5 20.5
45.5 21.5
45.5 26.5
45.5 27.5
45.5 36.5
45.5 37.5
45.5 38.5
45.5 50.5
45.5 51.5
45.5 59.5
45.5 60.5
45.5 61.5
46.5 9.5
46.5 10.5
46.5 11.5
46.5 20.5
46.5 21.5
46.5 25.5
46.5 26.5
46.5 27.5
46.5 35.5
46.5 36.5
46.5 37.5
46.5 50.5
46.5 51.5
46.5 60.5
46.5 61.5
46.5 62.5
47.5 5.5
47.5 11.5
47.5 15.5
47.5 16.5
47.5 21.5
47.5 25.5
47.5 26.5
47.5 35.5
47.5 36.5
47.5 47.5
47.5 51.5
47.5 52.5
47.5 61.5
47.5 62.5
47.5 63.5
48.5 5.5
48.5 6.5
48.5 15.5
48.5 16.5
48.5 17.5
48.5 30.5
48.5 31.5
48.5 40.5
48.5 41.5
48.5 42.5
48.5 43.5
48.5 47.5
48.5 48.5
48.5 56.5
48.5 57.5
49.5 5.5
49.5 6.5
49.5 7.5
49.5 16.5
49.5 17.5
49.5 18.5
49.5 28.5
49.5 29.5
49.5 30.5
49.5 39.5
49.5 40.5
49.5 41.5
49.5 42.5
49.5 43.5
49.5 47.5
49.5 48.5
49.5 49.5
49.5 56.5
49.5 57.5
49.5 58.5
50.5 5.5
50.5 6.5
50.5 7.5
50.5 16.5
50.5 17.5
50.5 18.5
50.5 28.5
50.5 29.5
50.5 39.5
50.5 40.5
50.5 41.5
50.5 42.5
50.5 47.5
50.5 48.5
50.5 49.5
50.5 57.5
50.5 58.5
50.5 59.5
51.5 7.5
51.5 39.5
51.5 40.5
51.5 48.5
51.5 49.5
54.5 17.5
54.5 27.5
54.5 28.5
54.5 58.5
54.5 59.5
55.5 6.5
55.5 7.5
55.5 16.5
55.5 17.5
55.5 26.5
55.5 27.5
55.5 28.5
55.5 37.5
55.5 38.5
55.5 39.5
55.5 50.5
55.5 51.5
55.5 57.5
55.5 58.5
55.5 59.5
56.5 5.5
56.5 6.5
56.5 7.5
56.5 15.5
56.5 16.5
56.5 17.5
56.5 26.5
56.5 27.5
56.5 28.5
56.5 36.5
56.5 37.5
56.5 38.5
56.5 39.5
56.5 50.5
56.5 51.5
56.5 52.5
56.5 56.5
56.5 57.5
56.5 58.5
56.5 59.5
57.5 5.5
57.5 6.5
57.5 15.5
57.5 16.5
57.5 17.5
57.5 26.5
57.5 27.5
57.5 31.5
57.5 32.5
57.5 36.5
57.5 37.5
57.5 38.5
57.5 51.5
57.5 52.5
57.5 56.5
57.5 57.5
57.5 58.5
58.5 5.5
58.5 10.5
58.5 11.5
58.5 15.5
58.5 21.5
58.5 22.5
58.5 30.5
58.5 31.5
58.5 32.5
58.5 42.5
58.5 43.5
58.5 47.5
58.5 52.5
58.5 62.5
58.5 63.5
59.5 9.5
59.5 10.5
59.5 11.5
59.5 20.5
59.5 21.5
59.5 22.5
59.5 30.5
59.5 31.5
59.5 32.5
59.5 41.5
59.5 42.5
59.5 47.5
59.5 48.5
59.5 61.5
59.5 62.5
59.5 63.5
60.5 9.5
60.5 10.5
60.5 11.5
60.5 19.5
60.5 20.5
60.5 21.5
60.5 30.5
60.5 31.5
60.5 40.5
60.5 41.5
60.5 48.5
60.5 49.5
60.5 60.5
60.5 61.5
60.5 62.5
61.5 9.5
61.5 10.5
61.5 19.5
61.5 20.5
61.5 49.5
61.5 60.5
61.5 61.5
