6.5 11.5
6.5 24.5
6.5 55.5
7.5 11.5
7.5 12.5
7.5 24.5
7.5 39.5
7.5 54.5
8.5 12.5
8.5 23.5
8.5 24.5
8.5 38.5
8.5 39.5
8.5 53.5
8.5 54.5
9.5 12.5
9.5 13.5
9.5 22.5
9.5 23.5
9.5 38.5
9.5 53.5
9.5 54.5
10.5 13.5
10.5 22.5
10.5 37.5
10.5 38.5
10.5 53.5
11.5 14.5
11.5 21.5
11.5 22.5
11.5 37.5
11.5 52.5
11.5 53.5
12.5 37.5
12.5 52.5
13.5 6.5
13.5 30.5
13.5 45.5
14.5 7.5
14.5 29.5
14.5 44.5
14.5 60.5
15.5 7.5
15.5 8.5
15.5 28.5
15.5 29.5
15.5 43.5
15.5 44.5
15.5 59.5
15.5 60.5
16.5 8.5
16.5 28.5
16.5 43.5
16.5 44.5
16.5 59.5
17.5 9.5
17.5 27.5
17.5 28.5
17.5 43.5
17.5 58.5
17.5 59.5
18.5 9.5
18.5 27.5
18.5 42.5
18.5 43.5
18.5 58.5
19.5 42.5
19.5 58.5
26.5 9.5
27.5 8.5
27.5 9.5
27.5 27.5
27.5 40.5
28.5 8.5
28.5 27.5
28.5 28.5
28.5 39.5
28.5 55.5
29.5 7.5
29.5 8.5
29.5 28.5
29.5 38.5
29.5 39.5
29.5 54.5
29.5 55.5
30.5 7.5
30.5 29.5
30.5 37.5
30.5 38.5
30.5 53.5
30.5 54.5
31.5 6.5
31.5 7.5
31.5 29.5
31.5 37.5
31.5 53.5
32.5 52.5
33.5 14.5
33.5 21.5
33.5 45.5
34.5 13.5
34.5 14.5
34.5 22.5
34.5 44.5
34.5 60.5
35.5 13.5
35.5 22.5
35.5 23.5
35.5 43.5
35.5 44.5
35.5 59.5
35.5 60.5
36.5 12.5
36.5 13.5
36.5 22.5
36.5 23.5
36.5 43.5
36.5 59.5
37.5 12.5
37.5 23.5
37.5 42.5
37.5 43.5
37.5 58.5
37.5 59.5
38.5 11.5
38.5 12.5
38.5 23.5
38.5 24.5
38.5 42.5
38.5 57.5
38.5 58.5
39.5 11.5
39.5 57.5
46.5 39.5
47.5 26.5
47.5 39.5
47.5 54.5
48.5 8.5
48.5 27.5
48.5 38.5
48.5 39.5
48.5 54.5
49.5 7.5
49.5 8.5
49.5 27.5
49.5 28.5
49.5 38.5
49.5 53.5
49.5 54.5
50.5 7.5
50.5 28.5
50.5 37.5
50.5 38.5
50.5 52.5
50.5 53.5
51.5 7.5
51.5 28.5
51.5 29.5
51.5 37.5
51.5 52.5
52.5 6.5
52.5 29.5
52.5 37.5
52.5 52.5
53.5 6.5
53.5 45.5
54.5 14.5
54.5 21.5
54.5 44.5
54.5 59.5
55.5 13.5
55.5 21.5
55.5 22.5
55.5 43.5
55.5 44.5
55.5 58.5
55.5 59.5
56.5 12.5
56.5 13.5
56.5 22.5
56.5 23.5
56.5 43.5
56.5 57.5
56.5 58.5
57.5 12.5
57.5 13.5
57.5 23.5
57.5 42.5
57.5 43.5
57.5 57.5
58.5 11.5
58.5 12.5
58.5 23.5
58.5 24.5
58.5 42.5
58.5 56.5
59.5 11.5
59.5 24.5
