4.5 11.5
4.5 25.5
4.5 40.5
4.5 41.5
4.5 42.5
5.5 12.5
5.5 13.5
5.5 14.5
5.5 23.5
5.5 24.5
5.5 38.5
5.5 39.5
5.5 40.5
5.5 54.5
5.5 55.5
5.5 56.5
6.5 15.5
6.5 16.5
6.5 22.5
6.5 36.5
6.5 37.5
6.5 52.5
6.5 53.5
7.5 31.5
7.5 47.5
7.5 48.5
8.5 6.5
8.5 7.5
8.5 8.5
8.5 28.5
8.5 29.5
8.5 30.5
8.5 45.5
8.5 46.5
8.5 61.5
8.5 62.5
9.5 9.5
9.5 10.5
9.5 27.5
9.5 28.5
9.5 43.5
9.5 44.5
9.5 58.5
9.5 59.5
9.5 60.5
10.5 41.5
10.5 57.5
10.5 58.5
14.5 10.5
14.5 11.5
14.5 26.5
14.5 27.5
14.5 41.5
14.5 42.5
14.5 57.5
15.5 11.5
15.5 12.5
15.5 13.5
15.5 24.5
15.5 25.5
15.5 43.5
15.5 44.5
15.5 45.5
15.5 59.5
16.5 13.5
16.5 14.5
16.5 15.5
16.5 23.5
16.5 24.5
16.5 46.5
16.5 47.5
16.5 60.5
16.5 61.5
17.5 15.5
17.5 16.5
17.5 21.5
17.5 22.5
17.5 51.5
17.5 52.5
17.5 62.5
18.5 6.5
18.5 37.5
18.5 38.5
18.5 53.5
18.5 54.5
19.5 7.5
19.5 8.5
19.5 30.5
19.5 31.5
19.5 38.5
19.5 39.5
19.5 55.5
19.5 56.5
20.5 9.5
20.5 28.5
20.5 29.5
20.5 30.5
20.5 40.5
20.5 41.5
21.5 26.5
21.5 27.5
21.5 42.5
24.5 55.5
24.5 56.5
25.5 9.5
25.5 10.5
25.5 11.5
25.5 41.5
25.5 42.5
25.5 43.5
25.5 57.5
25.5 58.5
26.5 5.5
26.5 6.5
26.5 7.5
26.5 8.5
26.5 25.5
26.5 26.5
26.5 27.5
26.5 28.5
26.5 43.5
26.5 44.5
26.5 45.5
26.5 59.5
26.5 60.5
27.5 29.5
27.5 30.5
27.5 31.5
27.5 46.5
27.5 61.5
27.5 62.5
28.5 16.5
28.5 51.5
28.5 52.5
29.5 13.5
29.5 14.5
29.5 21.5
29.5 22.5
29.5 36.5
29.5 37.5
29.5 38.5
29.5 39.5
29.5 52.5
29.5 53.5
29.5 54.5
30.5 10.5
30.5 11.5
30.5 23.5
30.5 24.5
30.5 39.5
30.5 40.5
30.5 41.5
30.5 54.5
30.5 55.5
34.5 11.5
34.5 40.5
35.5 12.5
35.5 13.5
35.5 23.5
35.5 24.5
35.5 25.5
35.5 38.5
35.5 39.5
35.5 54.5
35.5 55.5
35.5 56.5
36.5 13.5
36.5 14.5
36.5 22.5
36.5 23.5
36.5 36.5
36.5 37.5
36.5 38.5
36.5 52.5
36.5 53.5
36.5 54.5
37.5 15.5
37.5 20.5
37.5 21.5
37.5 35.5
37.5 36.5
37.5 50.5
37.5 51.5
37.5 52.5
38.5 5.5
38.5 6.5
38.5 30.5
38.5 45.5
38.5 46.5
38.5 61.5
39.5 6.5
39.5 7.5
39.5 8.5
39.5 28.5
39.5 29.5
39.5 43.5
39.5 44.5
39.5 45.5
39.5 59.5
39.5 60.5
40.5 8.5
40.5 9.5
40.5 10.5
40.5 26.5
40.5 27.5
40.5 41.5
40.5 42.5
40.5 57.5
40.5 58.5
41.5 10.5
41.5 11.5
41.5 25.5
41.5 56.5
45.5 11.5
45.5 25.5
45.5 26.5
45.5 40.5
45.5 41.5
45.5 56.5
46.5 8.5
46.5 9.5
46.5 23.5
46.5 24.5
46.5 37.5
46.5 38.5
46.5 39.5
46.5 54.5
46.5 55.5
47.5 6.5
47.5 7.5
47.5 21.5
47.5 22.5
47.5 53.5
48.5 16.5
48.5 30.5
48.5 31.5
48.5 51.5
48.5 52.5
49.5 13.5
49.5 14.5
49.5 15.5
49.5 28.5
49.5 29.5
49.5 44.5
49.5 45.5
49.5 46.5
49.5 60.5
49.5 61.5
50.5 10.5
50.5 11.5
50.5 12.5
50.5 26.5
50.5 27.5
50.5 41.5
50.5 42.5
50.5 43.5
50.5 58.5
50.5 59.5
51.5 56.5
51.5 57.5
55.5 9.5
55.5 10.5
55.5 11.5
55.5 26.5
55.5 27.5
55.5 40.5
55.5 41.5
56.5 7.5
56.5 8.5
56.5 9.5
56.5 27.5
56.5 28.5
56.5 29.5
56.5 38.5
56.5 39.5
56.5 40.5
56.5 57.5
56.5 58.5
57.5 5.5
57.5 6.5
57.5 29.5
57.5 30.5
57.5 31.5
57.5 36.5
57.5 37.5
57.5 59.5
57.5 60.5
57.5 61.5
58.5 52.5
59.5 14.5
59.5 15.5
59.5 16.5
59.5 21.5
59.5 22.5
59.5 46.5
59.5 47.5
59.5 53.5
60.5 12.5
60.5 13.5
60.5 14.5
60.5 22.5
60.5 23.5
60.5 43.5
60.5 44.5
60.5 45.5
60.5 55.5
61.5 11.5
61.5 12.5
61.5 24.5
61.5 25.5
61.5 41.5
61.5 42.5
61.5 56.5
62.5 25.5
