4.5 6.5
4.5 7.5
4.5 8.5
4.5 22.5
4.5 34.5
4.5 35.5
4.5 36.5
4.5 43.5
4.5 44.5
4.5 45.5
4.5 56.5
4.5 57.5
4.5 58.5
5.5 5.5
5.5 6.5
5.5 7.5
5.5 8.5
5.5 22.5
5.5 23.5
5.5 24.5
5.5 35.5
5.5 36.5
5.5 37.5
5.5 43.5
5.5 44.5
5.5 54.5
5.5 55.5
5.5 56.5
5.5 57.5
5.5 58.5
6.5 5.5
6.5 6.5
6.5 22.5
6.5 23.5
6.5 24.5
6.5 25.5
6.5 36.5
6.5 37.5
6.5 38.5
6.5 42.5
6.5 43.5
6.5 44.5
6.5 54.5
6.5 55.5
6.5 56.5
6.5 57.5
7.5 23.5
7.5 24.5
7.5 25.5
7.5 37.5
7.5 38.5
7.5 42.5
7.5 43.5
7.5 61.5
7.5 62.5
8.5 11.5
8.5 12.5
8.5 13.5
8.5 18.5
8.5 30.5
8.5 31.5
8.5 47.5
8.5 48.5
8.5 49.5
8.5 60.5
8.5 61.5
8.5 62.5
9.5 10.5
9.5 11.5
9.5 12.5
9.5 13.5
9.5 18.5
9.5 19.5
9.5 30.5
9.5 31.5
9.5 32.5
9.5 33.5
9.5 46.5
9.5 47.5
9.5 48.5
9.5 49.5
9.5 59.5
9.5 60.5
9.5 61.5
10.5 9.5
10.5 10.5
10.5 11.5
10.5 12.5
10.5 19.5
10.5 20.5
10.5 31.5
10.5 32.5
10.5 33.5
10.5 46.5
10.5 47.5
10.5 48.5
10.5 59.5
11.5 20.5
11.5 21.5
11.5 32.5
11.5 33.5
14.5 8.5
14.5 9.5
14.5 59.5
14.5 60.5
14.5 61.5
15.5 6.5
15.5 7.5
15.5 8.5
15.5 9.5
15.5 22.5
15.5 23.5
15.5 31.5
15.5 32.5
15.5 33.5
15.5 47.5
15.5 48.5
15.5 49.5
15.5 50.5
15.5 60.5
15.5 61.5
15.5 62.5
16.5 5.5
16.5 6.5
16.5 7.5
16.5 8.5
16.5 22.5
16.5 23.5
16.5 24.5
16.5 30.5
16.5 31.5
16.5 32.5
16.5 48.5
16.5 49.5
16.5 50.5
16.5 51.5
16.5 61.5
16.5 62.5
17.5 24.5
17.5 25.5
17.5 30.5
17.5 55.5
17.5 56.5
18.5 12.5
18.5 13.5
18.5 18.5
18.5 19.5
18.5 36.5
18.5 37.5
18.5 38.5
18.5 42.5
18.5 43.5
18.5 44.5
18.5 56.5
18.5 57.5
18.5 58.5
19.5 10.5
19.5 11.5
19.5 12.5
19.5 17.5
19.5 18.5
19.5 19.5
19.5 20.5
19.5 21.5
19.5 34.5
19.5 35.5
19.5 36.5
19.5 37.5
19.5 43.5
19.5 44.5
19.5 45.5
19.5 46.5
19.5 57.5
19.5 58.5
20.5 9.5
20.5 10.5
20.5 11.5
20.5 19.5
20.5 20.5
20.5 21.5
20.5 34.5
20.5 35.5
20.5 36.5
20.5 44.5
20.5 45.5
20.5 46.5
20.5 47.5
24.5 7.5
24.5 8.5
24.5 21.5
24.5 34.5
24.5 35.5
24.5 59.5
24.5 60.5
25.5 6.5
25.5 7.5
25.5 8.5
25.5 21.5
25.5 22.5
25.5 23.5
25.5 34.5
25.5 35.5
25.5 36.5
25.5 46.5
25.5 47.5
25.5 48.5
25.5 49.5
25.5 60.5
25.5 61.5
26.5 5.5
26.5 6.5
26.5 7.5
26.5 21.5
26.5 22.5
26.5 23.5
26.5 24.5
26.5 36.5
26.5 37.5
26.5 47.5
26.5 48.5
26.5 49.5
26.5 50.5
26.5 60.5
26.5 61.5
26.5 62.5
27.5 22.5
27.5 23.5
27.5 24.5
27.5 30.5
27.5 48.5
27.5 49.5
27.5 50.5
27.5 55.5
28.5 11.5
28.5 12.5
28.5 29.5
28.5 30.5
28.5 31.5
28.5 32.5
28.5 42.5
28.5 43.5
28.5 55.5
28.5 56.5
28.5 57.5
29.5 10.5
29.5 11.5
29.5 12.5
29.5 17.5
29.5 18.5
29.5 30.5
29.5 31.5
29.5 32.5
29.5 33.5
29.5 43.5
29.5 44.5
29.5 55.5
29.5 56.5
29.5 57.5
30.5 9.5
30.5 10.5
30.5 11.5
30.5 12.5
30.5 18.5
30.5 19.5
30.5 31.5
30.5 32.5
30.5 33.5
30.5 44.5
30.5 45.5
30.5 56.5
30.5 57.5
30.5 58.5
31.5 19.5
31.5 20.5
32.5 20.5
34.5 33.5
34.5 45.5
35.5 7.5
35.5 8.5
35.5 9.5
35.5 31.5
35.5 32.5
35.5 33.5
35.5 43.5
35.5 44.5
35.5 45.5
35.5 56.5
35.5 57.5
36.5 5.5
36.5 6.5
36.5 7.5
36.5 8.5
36.5 19.5
36.5 20.5
36.5 21.5
36.5 30.5
36.5 31.5
36.5 42.5
36.5 43.5
36.5 44.5
36.5 45.5
36.5 55.5
36.5 56.5
36.5 57.5
37.5 5.5
37.5 6.5
37.5 7.5
37.5 18.5
37.5 19.5
37.5 20.5
37.5 36.5
37.5 37.5
37.5 42.5
37.5 43.5
37.5 44.5
37.5 54.5
37.5 55.5
38.5 13.5
38.5 14.5
38.5 24.5
38.5 25.5
38.5 35.5
38.5 36.5
38.5 37.5
38.5 49.5
38.5 50.5
38.5 60.5
38.5 61.5
39.5 11.5
39.5 12.5
39.5 13.5
39.5 23.5
39.5 24.5
39.5 25.5
39.5 34.5
39.5 35.5
39.5 36.5
39.5 37.5
39.5 47.5
39.5 48.5
39.5 49.5
39.5 50.5
39.5 59.5
39.5 60.5
39.5 61.5
40.5 10.5
40.5 11.5
40.5 12.5
40.5 23.5
40.5 34.5
40.5 35.5
40.5 36.5
40.5 47.5
40.5 48.5
40.5 49.5
40.5 59.5
40.5 60.5
41.5 46.5
41.5 47.5
41.5 59.5
44.5 10.5
44.5 11.5
44.5 21.5
44.5 22.5
44.5 34.5
45.5 10.5
45.5 11.5
45.5 12.5
45.5 13.5
45.5 20.5
45.5 21.5
45.5 34.5
45.5 35.5
45.5 36.5
45.5 47.5
45.5 48.5
45.5 57.5
45.5 58.5
46.5 11.5
46.5 12.5
46.5 13.5
46.5 14.5
46.5 19.5
46.5 20.5
46.5 35.5
46.5 36.5
46.5 37.5
46.5 47.5
46.5 48.5
46.5 49.5
46.5 55.5
46.5 56.5
46.5 57.5
47.5 13.5
47.5 14.5
47.5 19.5
47.5 36.5
47.5 37.5
47.5 48.5
47.5 49.5
47.5 50.5
47.5 55.5
47.5 56.5
47.5 57.5
48.5 6.5
48.5 24.5
48.5 25.5
48.5 30.5
48.5 31.5
48.5 49.5
48.5 50.5
48.5 55.5
49.5 6.5
49.5 7.5
49.5 8.5
49.5 23.5
49.5 24.5
49.5 25.5
49.5 30.5
49.5 31.5
49.5 32.5
49.5 42.5
49.5 43.5
49.5 44.5
49.5 60.5
49.5 61.5
49.5 62.5
50.5 7.5
50.5 8.5
50.5 9.5
50.5 23.5
50.5 24.5
50.5 31.5
50.5 32.5
50.5 33.5
50.5 42.5
50.5 43.5
50.5 44.5
50.5 45.5
50.5 59.5
50.5 60.5
50.5 61.5
51.5 8.5
51.5 9.5
51.5 10.5
51.5 23.5
51.5 32.5
51.5 33.5
51.5 44.5
51.5 45.5
51.5 59.5
55.5 22.5
55.5 23.5
55.5 34.5
55.5 45.5
55.5 46.5
55.5 59.5
55.5 60.5
55.5 61.5
56.5 11.5
56.5 12.5
56.5 13.5
56.5 23.5
56.5 24.5
56.5 34.5
56.5 35.5
56.5 46.5
56.5 47.5
56.5 48.5
56.5 59.5
56.5 60.5
56.5 61.5
56.5 62.5
57.5 11.5
57.5 12.5
57.5 13.5
57.5 23.5
57.5 24.5
57.5 25.5
57.5 34.5
57.5 35.5
57.5 36.5
57.5 47.5
57.5 48.5
57.5 49.5
57.5 60.5
57.5 61.5
57.5 62.5
58.5 12.5
58.5 13.5
58.5 18.5
58.5 19.5
58.5 25.5
58.5 35.5
58.5 36.5
58.5 37.5
58.5 41.5
58.5 42.5
59.5 18.5
59.5 19.5
59.5 20.5
59.5 30.5
59.5 31.5
59.5 41.5
59.5 42.5
59.5 43.5
59.5 54.5
59.5 55.5
59.5 56.5
60.5 6.5
60.5 7.5
60.5 8.5
60.5 19.5
60.5 20.5
60.5 21.5
60.5 30.5
60.5 31.5
60.5 32.5
60.5 42.5
60.5 43.5
60.5 44.5
60.5 55.5
60.5 56.5
60.5 57.5
61.5 7.5
61.5 8.5
61.5 9.5
61.5 19.5
61.5 20.5
61.5 21.5
61.5 31.5
61.5 32.5
61.5 33.5
61.5 43.5
61.5 44.5
61.5 45.5
61.5 56.5
61.5 57.5
