2.5 55.5
3.5 55.5
3.5 56.5
3.5 57.5
4.5 11.5
4.5 12.5
4.5 27.5
4.5 28.5
4.5 40.5
4.5 41.5
4.5 42.5
4.5 56.5
4.5 57.5
4.5 58.5
5.5 9.5
5.5 10.5
5.5 11.5
5.5 25.5
5.5 26.5
5.5 27.5
5.5 41.5
5.5 42.5
5.5 43.5
5.5 44.5
5.5 57.5
5.5 58.5
5.5 59.5
6.5 7.5
6.5 8.5
6.5 9.5
6.5 10.5
6.5 23.5
6.5 24.5
6.5 25.5
6.5 26.5
6.5 43.5
6.5 44.5
6.5 45.5
6.5 46.5
6.5 58.5
6.5 59.5
6.5 60.5
7.5 5.5
7.5 6.5
7.5 7.5
7.5 8.5
7.5 22.5
7.5 23.5
7.5 24.5
7.5 25.5
7.5 45.5
7.5 46.5
7.5 47.5
7.5 50.5
7.5 59.5
7.5 60.5
7.5 61.5
8.5 5.5
8.5 6.5
8.5 17.5
8.5 18.5
8.5 21.5
8.5 22.5
8.5 23.5
8.5 31.5
8.5 32.5
8.5 47.5
8.5 51.5
8.5 52.5
8.5 60.5
8.5 61.5
9.5 14.5
9.5 15.5
9.5 16.5
9.5 17.5
9.5 30.5
9.5 31.5
9.5 34.5
9.5 35.5
9.5 36.5
9.5 37.5
9.5 38.5
9.5 52.5
9.5 53.5
10.5 12.5
10.5 13.5
10.5 14.5
10.5 15.5
10.5 16.5
10.5 28.5
10.5 29.5
10.5 30.5
10.5 35.5
10.5 36.5
10.5 37.5
10.5 38.5
10.5 39.5
10.5 40.5
10.5 53.5
10.5 54.5
11.5 11.5
11.5 12.5
11.5 13.5
11.5 14.5
11.5 27.5
11.5 28.5
11.5 29.5
11.5 37.5
11.5 38.5
11.5 39.5
11.5 40.5
11.5 41.5
11.5 42.5
11.5 54.5
11.5 55.5
11.5 56.5
12.5 10.5
12.5 11.5
12.5 26.5
12.5 27.5
12.5 28.5
12.5 40.5
12.5 41.5
12.5 42.5
12.5 55.5
12.5 56.5
13.5 26.5
13.5 27.5
14.5 25.5
16.5 10.5
16.5 11.5
16.5 12.5
16.5 54.5
16.5 55.5
16.5 56.5
17.5 11.5
17.5 12.5
17.5 13.5
17.5 14.5
17.5 25.5
17.5 26.5
17.5 39.5
17.5 40.5
17.5 41.5
17.5 42.5
17.5 53.5
17.5 54.5
17.5 55.5
18.5 12.5
18.5 13.5
18.5 14.5
18.5 15.5
18.5 23.5
18.5 24.5
18.5 25.5
18.5 40.5
18.5 41.5
18.5 42.5
18.5 43.5
18.5 44.5
18.5 45.5
18.5 51.5
18.5 52.5
18.5 53.5
18.5 54.5
19.5 14.5
19.5 15.5
19.5 16.5
19.5 21.5
19.5 22.5
19.5 23.5
19.5 24.5
19.5 42.5
19.5 43.5
19.5 44.5
19.5 45.5
19.5 46.5
19.5 50.5
19.5 51.5
19.5 52.5
19.5 53.5
20.5 5.5
20.5 6.5
20.5 16.5
20.5 17.5
20.5 20.5
20.5 21.5
20.5 22.5
20.5 45.5
20.5 46.5
20.5 47.5
20.5 49.5
20.5 50.5
20.5 51.5
21.5 5.5
21.5 6.5
21.5 7.5
21.5 8.5
21.5 20.5
21.5 34.5
21.5 59.5
21.5 60.5
21.5 61.5
21.5 62.5
22.5 6.5
22.5 7.5
22.5 8.5
22.5 9.5
22.5 28.5
22.5 29.5
22.5 30.5
22.5 31.5
22.5 34.5
22.5 35.5
22.5 36.5
22.5 37.5
22.5 57.5
22.5 58.5
22.5 59.5
22.5 60.5
22.5 61.5
23.5 8.5
23.5 9.5
23.5 10.5
23.5 26.5
23.5 27.5
23.5 28.5
23.5 29.5
23.5 30.5
23.5 36.5
23.5 37.5
23.5 38.5
23.5 39.5
23.5 56.5
23.5 57.5
23.5 58.5
23.5 59.5
24.5 10.5
24.5 11.5
24.5 24.5
24.5 25.5
24.5 26.5
24.5 27.5
24.5 28.5
24.5 37.5
24.5 38.5
24.5 39.5
24.5 40.5
24.5 55.5
24.5 56.5
24.5 57.5
25.5 24.5
25.5 25.5
25.5 39.5
25.5 40.5
25.5 41.5
25.5 54.5
25.5 55.5
28.5 8.5
28.5 9.5
28.5 10.5
29.5 9.5
29.5 10.5
29.5 11.5
29.5 12.5
29.5 24.5
29.5 25.5
29.5 26.5
29.5 27.5
29.5 40.5
29.5 41.5
29.5 42.5
29.5 55.5
29.5 56.5
29.5 57.5
30.5 11.5
30.5 12.5
30.5 13.5
30.5 14.5
30.5 21.5
30.5 22.5
30.5 23.5
30.5 24.5
30.5 25.5
30.5 41.5
30.5 42.5
30.5 43.5
30.5 44.5
30.5 53.5
30.5 54.5
30.5 55.5
30.5 56.5
31.5 13.5
31.5 14.5
31.5 15.5
31.5 19.5
31.5 20.5
31.5 21.5
31.5 22.5
31.5 23.5
31.5 42.5
31.5 43.5
31.5 44.5
31.5 45.5
31.5 51.5
31.5 52.5
31.5 53.5
31.5 54.5
31.5 55.5
32.5 5.5
32.5 16.5
32.5 18.5
32.5 19.5
32.5 20.5
32.5 44.5
32.5 45.5
32.5 46.5
32.5 47.5
32.5 50.5
32.5 51.5
32.5 52.5
32.5 53.5
33.5 5.5
33.5 6.5
33.5 7.5
33.5 30.5
33.5 31.5
33.5 34.5
33.5 46.5
33.5 47.5
33.5 61.5
33.5 62.5
34.5 5.5
34.5 6.5
34.5 7.5
34.5 8.5
34.5 27.5
34.5 28.5
34.5 29.5
34.5 30.5
34.5 34.5
34.5 35.5
34.5 36.5
34.5 37.5
34.5 38.5
34.5 59.5
34.5 60.5
34.5 61.5
35.5 7.5
35.5 8.5
35.5 9.5
35.5 25.5
35.5 26.5
35.5 27.5
35.5 28.5
35.5 36.5
35.5 37.5
35.5 38.5
35.5 39.5
35.5 40.5
35.5 58.5
35.5 59.5
35.5 60.5
36.5 8.5
36.5 9.5
36.5 10.5
36.5 23.5
36.5 24.5
36.5 25.5
36.5 26.5
36.5 39.5
36.5 40.5
36.5 41.5
36.5 42.5
36.5 56.5
36.5 57.5
36.5 58.5
36.5 59.5
37.5 10.5
37.5 11.5
37.5 42.5
37.5 56.5
37.5 57.5
40.5 9.5
40.5 10.5
40.5 24.5
40.5 25.5
40.5 26.5
40.5 55.5
40.5 56.5
41.5 10.5
41.5 11.5
41.5 12.5
41.5 23.5
41.5 24.5
41.5 25.5
41.5 40.5
41.5 41.5
41.5 42.5
41.5 43.5
41.5 56.5
41.5 57.5
41.5 58.5
42.5 11.5
42.5 12.5
42.5 13.5
42.5 14.5
42.5 21.5
42.5 22.5
42.5 23.5
42.5 24.5
42.5 38.5
42.5 39.5
42.5 40.5
42.5 41.5
42.5 57.5
42.5 58.5
42.5 59.5
43.5 12.5
43.5 13.5
43.5 14.5
43.5 15.5
43.5 21.5
43.5 22.5
43.5 23.5
43.5 36.5
43.5 37.5
43.5 38.5
43.5 39.5
43.5 40.5
43.5 58.5
43.5 59.5
43.5 60.5
44.5 14.5
44.5 15.5
44.5 16.5
44.5 20.5
44.5 21.5
44.5 22.5
44.5 32.5
44.5 35.5
44.5 36.5
44.5 37.5
44.5 38.5
44.5 47.5
44.5 48.5
44.5 51.5
44.5 59.5
44.5 60.5
44.5 61.5
45.5 15.5
45.5 16.5
45.5 17.5
45.5 20.5
45.5 30.5
45.5 31.5
45.5 32.5
45.5 45.5
45.5 46.5
45.5 47.5
45.5 51.5
45.5 52.5
45.5 53.5
45.5 61.5
45.5 62.5
46.5 5.5
46.5 6.5
46.5 7.5
46.5 28.5
46.5 29.5
46.5 30.5
46.5 31.5
46.5 44.5
46.5 45.5
46.5 46.5
46.5 52.5
46.5 53.5
46.5 54.5
47.5 6.5
47.5 7.5
47.5 8.5
47.5 9.5
47.5 27.5
47.5 28.5
47.5 29.5
47.5 43.5
47.5 44.5
47.5 45.5
47.5 53.5
47.5 54.5
47.5 55.5
48.5 8.5
48.5 9.5
48.5 10.5
48.5 11.5
48.5 26.5
48.5 27.5
48.5 28.5
48.5 42.5
48.5 43.5
48.5 44.5
48.5 54.5
48.5 55.5
48.5 56.5
49.5 10.5
49.5 11.5
49.5 12.5
49.5 25.5
49.5 26.5
49.5 41.5
49.5 42.5
49.5 55.5
49.5 56.5
53.5 10.5
53.5 11.5
53.5 26.5
53.5 27.5
53.5 40.5
53.5 41.5
53.5 42.5
53.5 55.5
53.5 56.5
54.5 10.5
54.5 11.5
54.5 12.5
54.5 13.5
54.5 26.5
54.5 27.5
54.5 28.5
54.5 29.5
54.5 38.5
54.5 39.5
54.5 40.5
54.5 41.5
54.5 53.5
54.5 54.5
54.5 55.5
55.5 12.5
55.5 13.5
55.5 14.5
55.5 15.5
55.5 28.5
55.5 29.5
55.5 30.5
55.5 31.5
55.5 37.5
55.5 38.5
55.5 39.5
55.5 52.5
55.5 53.5
55.5 54.5
56.5 13.5
56.5 14.5
56.5 15.5
56.5 16.5
56.5 29.5
56.5 30.5
56.5 31.5
56.5 32.5
56.5 36.5
56.5 37.5
56.5 38.5
56.5 51.5
56.5 52.5
56.5 53.5
56.5 61.5
57.5 5.5
57.5 15.5
57.5 16.5
57.5 17.5
57.5 20.5
57.5 21.5
57.5 22.5
57.5 32.5
57.5 35.5
57.5 36.5
57.5 45.5
57.5 46.5
57.5 47.5
57.5 48.5
57.5 51.5
57.5 59.5
57.5 60.5
57.5 61.5
58.5 5.5
58.5 6.5
58.5 7.5
58.5 21.5
58.5 22.5
58.5 23.5
58.5 24.5
58.5 43.5
58.5 44.5
58.5 45.5
58.5 46.5
58.5 58.5
58.5 59.5
58.5 60.5
59.5 6.5
59.5 7.5
59.5 8.5
59.5 9.5
59.5 22.5
59.5 23.5
59.5 24.5
59.5 25.5
59.5 41.5
59.5 42.5
59.5 43.5
59.5 44.5
59.5 45.5
59.5 57.5
59.5 58.5
59.5 59.5
59.5 60.5
60.5 8.5
60.5 9.5
60.5 10.5
60.5 24.5
60.5 25.5
60.5 26.5
60.5 40.5
60.5 41.5
60.5 42.5
60.5 56.5
60.5 57.5
60.5 58.5
61.5 9.5
61.5 10.5
61.5 11.5
61.5 26.5
61.5 27.5
61.5 56.5
61.5 57.5
62.5 12.5
