4.5 15.5
4.5 16.5
4.5 35.5
4.5 36.5
4.5 58.5
5.5 12.5
5.5 13.5
5.5 31.5
5.5 32.5
5.5 33.5
5.5 52.5
5.5 53.5
5.5 54.5
5.5 55.5
6.5 10.5
6.5 11.5
6.5 29.5
6.5 30.5
6.5 31.5
6.5 44.5
6.5 48.5
6.5 49.5
6.5 50.5
7.5 8.5
7.5 25.5
7.5 26.5
7.5 27.5
7.5 28.5
7.5 42.5
7.5 44.5
7.5 45.5
7.5 46.5
7.5 62.5
7.5 63.5
7.5 68.5
8.5 5.5
8.5 6.5
8.5 21.5
8.5 22.5
8.5 23.5
8.5 24.5
8.5 25.5
8.5 39.5
8.5 40.5
8.5 58.5
8.5 59.5
8.5 60.5
9.5 17.5
9.5 18.5
9.5 19.5
9.5 20.5
9.5 37.5
9.5 38.5
9.5 55.5
9.5 56.5
10.5 14.5
10.5 15.5
10.5 16.5
10.5 35.5
10.5 51.5
10.5 52.5
11.5 11.5
11.5 12.5
11.5 13.5
11.5 32.5
11.5 33.5
12.5 9.5
12.5 30.5
12.5 31.5
12.5 57.5
13.5 54.5
13.5 55.5
14.5 10.5
14.5 51.5
14.5 52.5
15.5 13.5
15.5 14.5
15.5 31.5
15.5 32.5
15.5 33.5
15.5 49.5
15.5 50.5
16.5 16.5
16.5 17.5
16.5 35.5
16.5 36.5
16.5 37.5
16.5 38.5
16.5 46.5
16.5 47.5
16.5 64.5
17.5 20.5
17.5 21.5
17.5 40.5
17.5 41.5
17.5 42.5
17.5 44.5
17.5 60.5
17.5 61.5
17.5 62.5
18.5 6.5
18.5 7.5
18.5 8.5
18.5 24.5
18.5 25.5
18.5 26.5
18.5 41.5
18.5 56.5
18.5 57.5
18.5 58.5
18.5 59.5
19.5 10.5
19.5 11.5
19.5 12.5
19.5 28.5
19.5 29.5
19.5 30.5
19.5 53.5
19.5 54.5
19.5 55.5
20.5 15.5
20.5 16.5
20.5 32.5
20.5 33.5
20.5 34.5
20.5 50.5
20.5 51.5
20.5 52.5
21.5 37.5
23.5 17.5
23.5 18.5
23.5 37.5
23.5 59.5
23.5 60.5
24.5 13.5
24.5 14.5
24.5 15.5
24.5 33.5
24.5 34.5
24.5 55.5
24.5 56.5
24.5 57.5
25.5 9.5
25.5 10.5
25.5 11.5
25.5 12.5
25.5 30.5
25.5 31.5
25.5 50.5
25.5 51.5
25.5 52.5
25.5 53.5
26.5 6.5
26.5 7.5
26.5 8.5
26.5 25.5
26.5 27.5
26.5 28.5
26.5 47.5
26.5 48.5
26.5 49.5
27.5 21.5
27.5 22.5
27.5 23.5
27.5 24.5
27.5 25.5
27.5 42.5
27.5 43.5
27.5 44.5
27.5 45.5
28.5 18.5
28.5 19.5
28.5 20.5
28.5 38.5
28.5 39.5
28.5 40.5
28.5 61.5
28.5 62.5
28.5 63.5
29.5 15.5
29.5 16.5
29.5 17.5
29.5 34.5
29.5 35.5
29.5 36.5
29.5 37.5
29.5 57.5
29.5 58.5
29.5 59.5
29.5 60.5
30.5 13.5
30.5 14.5
30.5 31.5
30.5 32.5
30.5 33.5
30.5 54.5
30.5 55.5
30.5 56.5
31.5 10.5
31.5 11.5
31.5 51.5
31.5 52.5
33.5 29.5
34.5 11.5
34.5 12.5
34.5 13.5
34.5 32.5
34.5 33.5
34.5 34.5
34.5 51.5
34.5 52.5
35.5 15.5
35.5 16.5
35.5 17.5
35.5 18.5
35.5 35.5
35.5 36.5
35.5 37.5
35.5 54.5
35.5 55.5
35.5 56.5
36.5 21.5
36.5 22.5
36.5 23.5
36.5 24.5
36.5 39.5
36.5 40.5
36.5 41.5
36.5 58.5
36.5 59.5
37.5 27.5
37.5 28.5
37.5 43.5
37.5 44.5
37.5 45.5
37.5 46.5
37.5 61.5
37.5 62.5
37.5 63.5
38.5 5.5
38.5 6.5
38.5 7.5
38.5 8.5
38.5 9.5
38.5 30.5
38.5 31.5
38.5 48.5
38.5 49.5
38.5 50.5
38.5 68.5
39.5 11.5
39.5 12.5
39.5 13.5
39.5 14.5
39.5 15.5
39.5 33.5
39.5 34.5
39.5 51.5
39.5 52.5
39.5 53.5
40.5 37.5
40.5 56.5
40.5 57.5
42.5 37.5
43.5 8.5
43.5 9.5
43.5 33.5
43.5 34.5
43.5 35.5
43.5 55.5
43.5 56.5
44.5 11.5
44.5 12.5
44.5 13.5
44.5 14.5
44.5 30.5
44.5 31.5
44.5 32.5
44.5 52.5
44.5 53.5
45.5 15.5
45.5 16.5
45.5 17.5
45.5 18.5
45.5 27.5
45.5 28.5
45.5 29.5
45.5 49.5
45.5 50.5
45.5 51.5
46.5 20.5
46.5 21.5
46.5 22.5
46.5 25.5
46.5 26.5
46.5 46.5
46.5 47.5
46.5 48.5
47.5 5.5
47.5 22.5
47.5 23.5
47.5 41.5
47.5 42.5
47.5 43.5
47.5 44.5
47.5 45.5
47.5 62.5
47.5 63.5
48.5 8.5
48.5 9.5
48.5 37.5
48.5 38.5
48.5 39.5
48.5 59.5
48.5 60.5
48.5 61.5
48.5 68.5
49.5 11.5
49.5 12.5
49.5 34.5
49.5 35.5
49.5 36.5
49.5 56.5
49.5 57.5
49.5 58.5
50.5 15.5
50.5 31.5
50.5 32.5
50.5 33.5
50.5 53.5
50.5 54.5
50.5 55.5
51.5 29.5
51.5 51.5
51.5 52.5
52.5 9.5
53.5 11.5
54.5 13.5
54.5 14.5
54.5 35.5
54.5 36.5
54.5 37.5
55.5 15.5
55.5 16.5
55.5 32.5
55.5 33.5
55.5 34.5
55.5 55.5
55.5 56.5
56.5 18.5
56.5 19.5
56.5 29.5
56.5 30.5
56.5 31.5
56.5 50.5
56.5 51.5
56.5 52.5
56.5 53.5
56.5 68.5
57.5 20.5
57.5 21.5
57.5 25.5
57.5 26.5
57.5 27.5
57.5 44.5
57.5 46.5
57.5 47.5
57.5 48.5
57.5 49.5
58.5 5.5
58.5 6.5
58.5 23.5
58.5 24.5
58.5 41.5
58.5 42.5
58.5 43.5
58.5 44.5
58.5 62.5
58.5 63.5
59.5 6.5
59.5 7.5
59.5 8.5
59.5 9.5
59.5 37.5
59.5 38.5
59.5 39.5
59.5 58.5
59.5 59.5
60.5 9.5
60.5 10.5
60.5 11.5
60.5 12.5
60.5 34.5
60.5 35.5
60.5 36.5
60.5 54.5
60.5 55.5
60.5 56.5
61.5 13.5
61.5 14.5
61.5 15.5
61.5 32.5
61.5 33.5
61.5 51.5
61.5 52.5
62.5 16.5
62.5 17.5
62.5 29.5
