2.5 9.5
3.5 10.5
3.5 21.5
3.5 29.5
3.5 58.5
4.5 11.5
4.5 18.5
4.5 19.5
4.5 20.5
4.5 28.5
4.5 38.5
4.5 39.5
4.5 48.5
4.5 59.5
4.5 60.5
5.5 5.5
5.5 12.5
5.5 16.5
5.5 17.5
5.5 18.5
5.5 27.5
5.5 37.5
5.5 38.5
5.5 48.5
5.5 49.5
5.5 60.5
5.5 61.5
5.5 62.5
6.5 5.5
6.5 6.5
6.5 13.5
6.5 15.5
6.5 16.5
6.5 23.5
6.5 26.5
6.5 36.5
6.5 37.5
6.5 49.5
6.5 50.5
6.5 51.5
6.5 61.5
6.5 62.5
6.5 63.5
7.5 5.5
7.5 6.5
7.5 7.5
7.5 21.5
7.5 22.5
7.5 25.5
7.5 31.5
7.5 32.5
7.5 35.5
7.5 36.5
7.5 43.5
7.5 45.5
7.5 51.5
7.5 52.5
7.5 54.5
7.5 63.5
7.5 64.5
8.5 6.5
8.5 7.5
8.5 8.5
8.5 20.5
8.5 21.5
8.5 30.5
8.5 31.5
8.5 34.5
8.5 35.5
8.5 42.5
8.5 46.5
8.5 52.5
8.5 55.5
8.5 56.5
9.5 7.5
9.5 8.5
9.5 9.5
9.5 19.5
9.5 29.5
9.5 30.5
9.5 34.5
9.5 40.5
9.5 41.5
9.5 47.5
9.5 56.5
9.5 57.5
9.5 58.5
10.5 8.5
10.5 9.5
10.5 28.5
10.5 29.5
10.5 39.5
10.5 40.5
10.5 48.5
10.5 58.5
10.5 59.5
10.5 60.5
11.5 19.5
11.5 27.5
11.5 28.5
11.5 38.5
11.5 39.5
11.5 49.5
12.5 18.5
12.5 37.5
12.5 49.5
13.5 6.5
13.5 7.5
13.5 17.5
13.5 18.5
13.5 29.5
13.5 48.5
13.5 60.5
14.5 7.5
14.5 8.5
14.5 9.5
14.5 17.5
14.5 27.5
14.5 28.5
14.5 38.5
14.5 39.5
14.5 47.5
14.5 48.5
14.5 59.5
14.5 60.5
15.5 8.5
15.5 9.5
15.5 10.5
15.5 11.5
15.5 16.5
15.5 17.5
15.5 22.5
15.5 26.5
15.5 27.5
15.5 28.5
15.5 39.5
15.5 40.5
15.5 47.5
15.5 58.5
15.5 59.5
16.5 10.5
16.5 11.5
16.5 12.5
16.5 16.5
16.5 21.5
16.5 22.5
16.5 25.5
16.5 26.5
16.5 27.5
16.5 40.5
16.5 41.5
16.5 46.5
16.5 47.5
16.5 57.5
16.5 58.5
16.5 63.5
17.5 12.5
17.5 13.5
17.5 15.5
17.5 16.5
17.5 21.5
17.5 25.5
17.5 26.5
17.5 34.5
17.5 41.5
17.5 42.5
17.5 46.5
17.5 53.5
17.5 54.5
17.5 56.5
17.5 57.5
17.5 63.5
18.5 5.5
18.5 15.5
18.5 20.5
18.5 21.5
18.5 24.5
18.5 32.5
18.5 35.5
18.5 36.5
18.5 42.5
18.5 43.5
18.5 45.5
18.5 51.5
18.5 52.5
18.5 53.5
18.5 55.5
18.5 56.5
18.5 62.5
19.5 6.5
19.5 7.5
19.5 19.5
19.5 20.5
19.5 30.5
19.5 31.5
19.5 36.5
19.5 37.5
19.5 50.5
19.5 51.5
19.5 52.5
19.5 61.5
19.5 62.5
20.5 7.5
20.5 8.5
20.5 19.5
20.5 29.5
20.5 30.5
20.5 37.5
20.5 38.5
20.5 49.5
20.5 50.5
20.5 51.5
20.5 61.5
21.5 18.5
21.5 28.5
21.5 39.5
21.5 48.5
21.5 49.5
21.5 60.5
22.5 9.5
22.5 40.5
22.5 60.5
23.5 8.5
23.5 9.5
23.5 18.5
23.5 27.5
23.5 38.5
23.5 60.5
24.5 7.5
24.5 8.5
24.5 18.5
24.5 19.5
24.5 28.5
24.5 29.5
24.5 38.5
24.5 39.5
24.5 49.5
24.5 59.5
25.5 6.5
25.5 7.5
25.5 19.5
25.5 20.5
25.5 29.5
25.5 30.5
25.5 39.5
25.5 40.5
25.5 50.5
25.5 51.5
25.5 59.5
26.5 5.5
26.5 6.5
26.5 20.5
26.5 24.5
26.5 30.5
26.5 31.5
26.5 34.5
26.5 40.5
26.5 41.5
26.5 51.5
26.5 52.5
26.5 53.5
26.5 58.5
27.5 5.5
27.5 12.5
27.5 15.5
27.5 21.5
27.5 25.5
27.5 32.5
27.5 35.5
27.5 41.5
27.5 42.5
27.5 44.5
27.5 45.5
27.5 52.5
27.5 53.5
27.5 54.5
27.5 57.5
27.5 62.5
28.5 11.5
28.5 15.5
28.5 16.5
28.5 21.5
28.5 22.5
28.5 25.5
28.5 26.5
28.5 36.5
28.5 45.5
28.5 46.5
28.5 54.5
28.5 55.5
28.5 57.5
28.5 61.5
28.5 62.5
29.5 10.5
29.5 11.5
29.5 16.5
29.5 17.5
29.5 22.5
29.5 26.5
29.5 27.5
29.5 36.5
29.5 37.5
29.5 46.5
29.5 47.5
29.5 48.5
29.5 56.5
29.5 61.5
29.5 62.5
30.5 9.5
30.5 10.5
30.5 17.5
30.5 27.5
30.5 28.5
30.5 37.5
30.5 38.5
30.5 48.5
30.5 49.5
30.5 60.5
30.5 61.5
31.5 8.5
31.5 9.5
31.5 17.5
31.5 18.5
31.5 28.5
31.5 50.5
31.5 59.5
31.5 60.5
32.5 8.5
32.5 18.5
32.5 19.5
32.5 29.5
32.5 38.5
32.5 59.5
33.5 27.5
33.5 37.5
33.5 38.5
33.5 49.5
33.5 50.5
34.5 9.5
34.5 19.5
34.5 28.5
34.5 29.5
34.5 37.5
34.5 48.5
34.5 49.5
34.5 60.5
35.5 7.5
35.5 8.5
35.5 18.5
35.5 19.5
35.5 29.5
35.5 30.5
35.5 36.5
35.5 37.5
35.5 46.5
35.5 47.5
35.5 48.5
35.5 59.5
36.5 6.5
36.5 7.5
36.5 16.5
36.5 17.5
36.5 30.5
36.5 31.5
36.5 35.5
36.5 36.5
36.5 41.5
36.5 45.5
36.5 46.5
36.5 47.5
36.5 58.5
36.5 59.5
37.5 5.5
37.5 6.5
37.5 13.5
37.5 15.5
37.5 16.5
37.5 22.5
37.5 24.5
37.5 32.5
37.5 35.5
37.5 40.5
37.5 44.5
37.5 45.5
37.5 46.5
37.5 54.5
37.5 57.5
37.5 58.5
38.5 11.5
38.5 12.5
38.5 14.5
38.5 21.5
38.5 25.5
38.5 26.5
38.5 33.5
38.5 40.5
38.5 44.5
38.5 52.5
38.5 53.5
38.5 56.5
38.5 57.5
38.5 63.5
39.5 9.5
39.5 10.5
39.5 11.5
39.5 19.5
39.5 20.5
39.5 27.5
39.5 28.5
39.5 39.5
39.5 40.5
39.5 43.5
39.5 51.5
39.5 52.5
39.5 56.5
39.5 62.5
40.5 8.5
40.5 9.5
40.5 19.5
40.5 29.5
40.5 39.5
40.5 50.5
40.5 51.5
40.5 61.5
41.5 7.5
41.5 39.5
41.5 48.5
41.5 49.5
41.5 50.5
41.5 60.5
42.5 18.5
42.5 30.5
42.5 38.5
42.5 48.5
42.5 59.5
43.5 8.5
43.5 19.5
43.5 28.5
43.5 29.5
43.5 39.5
44.5 9.5
44.5 10.5
44.5 20.5
44.5 27.5
44.5 28.5
44.5 29.5
44.5 38.5
44.5 59.5
45.5 9.5
45.5 10.5
45.5 11.5
45.5 21.5
45.5 26.5
45.5 27.5
45.5 37.5
45.5 49.5
45.5 50.5
45.5 60.5
46.5 10.5
46.5 11.5
46.5 12.5
46.5 14.5
46.5 15.5
46.5 21.5
46.5 22.5
46.5 25.5
46.5 26.5
46.5 33.5
46.5 36.5
46.5 47.5
46.5 48.5
46.5 49.5
46.5 60.5
46.5 61.5
47.5 5.5
47.5 12.5
47.5 15.5
47.5 16.5
47.5 22.5
47.5 23.5
47.5 24.5
47.5 25.5
47.5 31.5
47.5 32.5
47.5 35.5
47.5 46.5
47.5 47.5
47.5 56.5
47.5 61.5
47.5 62.5
48.5 6.5
48.5 16.5
48.5 17.5
48.5 18.5
48.5 30.5
48.5 31.5
48.5 41.5
48.5 42.5
48.5 44.5
48.5 45.5
48.5 46.5
48.5 53.5
48.5 56.5
48.5 57.5
48.5 62.5
48.5 68.5
49.5 6.5
49.5 7.5
49.5 17.5
49.5 18.5
49.5 19.5
49.5 29.5
49.5 30.5
49.5 39.5
49.5 40.5
49.5 41.5
49.5 44.5
49.5 51.5
49.5 52.5
49.5 57.5
50.5 7.5
50.5 8.5
50.5 19.5
50.5 20.5
50.5 29.5
50.5 38.5
50.5 39.5
50.5 40.5
50.5 51.5
50.5 57.5
50.5 58.5
51.5 8.5
51.5 50.5
51.5 51.5
51.5 58.5
52.5 29.5
52.5 49.5
52.5 50.5
52.5 58.5
52.5 59.5
53.5 8.5
53.5 17.5
53.5 18.5
53.5 29.5
53.5 30.5
53.5 39.5
53.5 48.5
53.5 59.5
54.5 8.5
54.5 9.5
54.5 18.5
54.5 19.5
54.5 20.5
54.5 30.5
54.5 31.5
54.5 38.5
54.5 39.5
54.5 58.5
55.5 9.5
55.5 19.5
55.5 20.5
55.5 21.5
55.5 31.5
55.5 37.5
55.5 38.5
55.5 49.5
55.5 58.5
55.5 59.5
56.5 9.5
56.5 10.5
56.5 14.5
56.5 21.5
56.5 22.5
56.5 25.5
56.5 31.5
56.5 32.5
56.5 37.5
56.5 38.5
56.5 48.5
56.5 49.5
56.5 59.5
56.5 60.5
57.5 10.5
57.5 11.5
57.5 14.5
57.5 15.5
57.5 22.5
57.5 23.5
57.5 25.5
57.5 26.5
57.5 32.5
57.5 33.5
57.5 36.5
57.5 37.5
57.5 43.5
57.5 46.5
57.5 47.5
57.5 48.5
57.5 60.5
57.5 61.5
58.5 5.5
58.5 11.5
58.5 15.5
58.5 16.5
58.5 26.5
58.5 27.5
58.5 33.5
58.5 36.5
58.5 42.5
58.5 43.5
58.5 46.5
58.5 53.5
58.5 61.5
58.5 62.5
59.5 5.5
59.5 6.5
59.5 12.5
59.5 16.5
59.5 17.5
59.5 27.5
59.5 28.5
59.5 29.5
59.5 41.5
59.5 42.5
59.5 51.5
59.5 52.5
59.5 55.5
59.5 62.5
60.5 6.5
60.5 7.5
60.5 16.5
60.5 17.5
60.5 28.5
60.5 29.5
60.5 40.5
60.5 41.5
60.5 50.5
60.5 51.5
60.5 56.5
60.5 57.5
60.5 63.5
61.5 7.5
61.5 17.5
61.5 18.5
61.5 30.5
61.5 39.5
61.5 40.5
61.5 49.5
61.5 50.5
61.5 57.5
61.5 58.5
62.5 7.5
62.5 8.5
62.5 18.5
62.5 49.5
62.5 58.5
62.5 59.5
63.5 9.5
63.5 59.5
63.5 60.5
