4.5 42.5
4.5 43.5
4.5 58.5
4.5 59.5
5.5 7.5
5.5 8.5
5.5 9.5
5.5 27.5
5.5 28.5
5.5 44.5
5.5 45.5
5.5 59.5
5.5 60.5
6.5 5.5
6.5 6.5
6.5 7.5
6.5 28.5
6.5 29.5
6.5 47.5
6.5 61.5
8.5 36.5
8.5 37.5
8.5 38.5
8.5 53.5
8.5 54.5
9.5 14.5
9.5 15.5
9.5 22.5
9.5 23.5
9.5 38.5
9.5 39.5
9.5 40.5
9.5 55.5
10.5 12.5
10.5 13.5
10.5 23.5
10.5 24.5
10.5 56.5
14.5 41.5
15.5 26.5
15.5 43.5
15.5 44.5
15.5 45.5
15.5 53.5
15.5 54.5
15.5 55.5
16.5 9.5
16.5 10.5
16.5 28.5
16.5 29.5
17.5 6.5
17.5 7.5
17.5 8.5
17.5 9.5
18.5 37.5
18.5 38.5
18.5 39.5
18.5 59.5
18.5 60.5
18.5 61.5
19.5 15.5
19.5 22.5
19.5 23.5
19.5 57.5
19.5 58.5
19.5 59.5
20.5 13.5
20.5 25.5
24.5 42.5
24.5 43.5
25.5 10.5
25.5 24.5
25.5 25.5
25.5 43.5
25.5 44.5
25.5 54.5
25.5 55.5
26.5 9.5
26.5 22.5
26.5 23.5
26.5 24.5
26.5 45.5
26.5 46.5
26.5 53.5
26.5 54.5
27.5 7.5
27.5 8.5
27.5 21.5
27.5 22.5
27.5 52.5
28.5 30.5
29.5 14.5
29.5 15.5
29.5 28.5
29.5 29.5
29.5 36.5
29.5 37.5
29.5 38.5
29.5 60.5
30.5 12.5
30.5 13.5
30.5 14.5
30.5 27.5
30.5 28.5
30.5 38.5
30.5 39.5
30.5 40.5
30.5 58.5
30.5 59.5
31.5 40.5
31.5 57.5
36.5 12.5
36.5 13.5
36.5 14.5
36.5 23.5
36.5 24.5
36.5 40.5
36.5 41.5
36.5 58.5
36.5 59.5
37.5 15.5
37.5 21.5
37.5 22.5
37.5 37.5
37.5 38.5
37.5 39.5
37.5 59.5
37.5 60.5
39.5 7.5
39.5 8.5
39.5 28.5
39.5 29.5
39.5 30.5
39.5 45.5
39.5 46.5
39.5 53.5
40.5 9.5
40.5 10.5
40.5 26.5
40.5 27.5
40.5 43.5
40.5 44.5
40.5 55.5
45.5 11.5
45.5 12.5
45.5 24.5
45.5 25.5
45.5 42.5
45.5 57.5
46.5 13.5
46.5 14.5
46.5 22.5
46.5 23.5
46.5 43.5
46.5 44.5
46.5 45.5
46.5 58.5
47.5 15.5
47.5 45.5
47.5 46.5
47.5 59.5
47.5 60.5
49.5 6.5
49.5 7.5
49.5 29.5
49.5 30.5
49.5 37.5
49.5 38.5
49.5 52.5
49.5 53.5
50.5 8.5
50.5 9.5
50.5 27.5
50.5 28.5
50.5 39.5
50.5 40.5
50.5 53.5
50.5 54.5
51.5 41.5
51.5 55.5
55.5 26.5
56.5 11.5
56.5 12.5
56.5 13.5
56.5 28.5
56.5 29.5
56.5 38.5
56.5 39.5
56.5 40.5
56.5 54.5
57.5 14.5
57.5 37.5
57.5 52.5
57.5 53.5
58.5 5.5
58.5 51.5
59.5 7.5
59.5 8.5
59.5 22.5
59.5 23.5
59.5 24.5
59.5 44.5
59.5 45.5
60.5 9.5
60.5 25.5
60.5 42.5
60.5 43.5
60.5 44.5
60.5 59.5
60.5 60.5
61.5 57.5
61.5 58.5
61.5 59.5
