3.5 51.5
4.5 14.5
4.5 15.5
4.5 16.5
4.5 31.5
4.5 32.5
4.5 33.5
4.5 53.5
4.5 54.5
4.5 55.5
5.5 9.5
5.5 10.5
5.5 11.5
5.5 12.5
5.5 34.5
5.5 35.5
5.5 36.5
5.5 37.5
5.5 38.5
5.5 55.5
5.5 56.5
5.5 57.5
5.5 58.5
6.5 5.5
6.5 6.5
6.5 7.5
6.5 38.5
6.5 39.5
6.5 40.5
6.5 41.5
6.5 42.5
6.5 57.5
6.5 58.5
6.5 59.5
6.5 60.5
7.5 25.5
7.5 26.5
7.5 44.5
7.5 45.5
7.5 60.5
7.5 61.5
7.5 62.5
7.5 63.5
8.5 18.5
8.5 19.5
8.5 20.5
8.5 21.5
8.5 22.5
8.5 23.5
8.5 28.5
8.5 29.5
8.5 46.5
8.5 47.5
8.5 48.5
8.5 63.5
8.5 64.5
8.5 68.5
9.5 13.5
9.5 14.5
9.5 15.5
9.5 16.5
9.5 17.5
9.5 18.5
9.5 30.5
9.5 31.5
9.5 32.5
9.5 49.5
9.5 50.5
9.5 51.5
10.5 9.5
10.5 10.5
10.5 11.5
10.5 33.5
10.5 34.5
10.5 35.5
10.5 51.5
10.5 52.5
10.5 53.5
11.5 37.5
11.5 54.5
11.5 55.5
12.5 57.5
13.5 10.5
13.5 11.5
13.5 31.5
14.5 12.5
14.5 13.5
14.5 14.5
14.5 33.5
14.5 34.5
15.5 15.5
15.5 16.5
15.5 17.5
15.5 18.5
15.5 35.5
15.5 36.5
15.5 56.5
15.5 57.5
15.5 58.5
16.5 18.5
16.5 19.5
16.5 20.5
16.5 21.5
16.5 37.5
16.5 38.5
16.5 39.5
16.5 49.5
16.5 50.5
16.5 51.5
16.5 52.5
16.5 53.5
16.5 54.5
17.5 22.5
17.5 23.5
17.5 24.5
17.5 25.5
17.5 40.5
17.5 41.5
17.5 43.5
17.5 44.5
17.5 45.5
17.5 46.5
17.5 47.5
17.5 48.5
17.5 49.5
18.5 5.5
18.5 6.5
18.5 7.5
18.5 26.5
18.5 27.5
18.5 28.5
18.5 29.5
18.5 42.5
18.5 43.5
18.5 63.5
19.5 7.5
19.5 8.5
19.5 9.5
19.5 10.5
19.5 11.5
19.5 30.5
19.5 31.5
19.5 32.5
19.5 58.5
19.5 59.5
19.5 60.5
20.5 11.5
20.5 12.5
20.5 13.5
20.5 14.5
20.5 32.5
20.5 33.5
20.5 34.5
20.5 54.5
20.5 55.5
20.5 56.5
21.5 14.5
21.5 15.5
21.5 16.5
21.5 17.5
21.5 35.5
21.5 36.5
21.5 51.5
21.5 52.5
23.5 56.5
23.5 57.5
24.5 32.5
24.5 33.5
24.5 34.5
24.5 52.5
24.5 53.5
24.5 54.5
25.5 9.5
25.5 10.5
25.5 11.5
25.5 12.5
25.5 36.5
25.5 37.5
25.5 38.5
25.5 48.5
25.5 49.5
25.5 50.5
26.5 14.5
26.5 15.5
26.5 16.5
26.5 17.5
26.5 18.5
26.5 19.5
26.5 41.5
26.5 42.5
26.5 44.5
26.5 45.5
27.5 20.5
27.5 21.5
27.5 22.5
27.5 23.5
27.5 24.5
27.5 25.5
27.5 26.5
27.5 27.5
27.5 62.5
27.5 63.5
27.5 64.5
28.5 28.5
28.5 29.5
28.5 30.5
28.5 31.5
28.5 32.5
28.5 33.5
28.5 54.5
28.5 55.5
28.5 56.5
28.5 57.5
28.5 58.5
28.5 59.5
28.5 60.5
28.5 61.5
28.5 68.5
29.5 5.5
29.5 6.5
29.5 7.5
29.5 8.5
29.5 9.5
29.5 35.5
29.5 36.5
29.5 37.5
29.5 38.5
29.5 50.5
29.5 51.5
29.5 52.5
29.5 53.5
29.5 54.5
30.5 10.5
30.5 11.5
30.5 12.5
30.5 13.5
30.5 14.5
31.5 17.5
31.5 18.5
32.5 30.5
33.5 32.5
33.5 33.5
33.5 34.5
34.5 8.5
34.5 34.5
34.5 35.5
34.5 36.5
34.5 37.5
34.5 54.5
34.5 55.5
34.5 56.5
34.5 57.5
34.5 58.5
35.5 11.5
35.5 12.5
35.5 13.5
35.5 14.5
35.5 15.5
35.5 36.5
35.5 37.5
35.5 38.5
35.5 39.5
35.5 49.5
35.5 50.5
35.5 51.5
35.5 52.5
35.5 53.5
35.5 54.5
36.5 15.5
36.5 16.5
36.5 17.5
36.5 18.5
36.5 19.5
36.5 20.5
36.5 39.5
36.5 40.5
36.5 41.5
36.5 42.5
36.5 45.5
36.5 46.5
36.5 47.5
36.5 48.5
36.5 49.5
36.5 50.5
37.5 20.5
37.5 21.5
37.5 22.5
37.5 23.5
37.5 24.5
37.5 42.5
37.5 43.5
37.5 44.5
38.5 5.5
38.5 6.5
38.5 25.5
38.5 26.5
38.5 27.5
38.5 28.5
38.5 61.5
38.5 62.5
39.5 8.5
39.5 9.5
39.5 28.5
39.5 29.5
39.5 30.5
39.5 31.5
39.5 58.5
39.5 59.5
39.5 60.5
40.5 11.5
40.5 12.5
40.5 32.5
40.5 33.5
40.5 34.5
40.5 35.5
40.5 55.5
40.5 56.5
40.5 57.5
41.5 14.5
41.5 15.5
41.5 36.5
41.5 37.5
41.5 52.5
41.5 53.5
42.5 50.5
44.5 13.5
44.5 14.5
44.5 15.5
44.5 55.5
44.5 56.5
45.5 10.5
45.5 11.5
45.5 12.5
45.5 33.5
45.5 34.5
45.5 35.5
45.5 36.5
45.5 52.5
45.5 53.5
46.5 7.5
46.5 8.5
46.5 9.5
46.5 28.5
46.5 29.5
46.5 30.5
46.5 31.5
46.5 32.5
46.5 48.5
46.5 49.5
46.5 50.5
47.5 5.5
47.5 24.5
47.5 25.5
47.5 26.5
47.5 27.5
47.5 43.5
47.5 45.5
47.5 46.5
47.5 47.5
48.5 19.5
48.5 20.5
48.5 21.5
48.5 22.5
48.5 40.5
48.5 41.5
48.5 43.5
48.5 62.5
48.5 63.5
48.5 64.5
48.5 68.5
49.5 14.5
49.5 15.5
49.5 16.5
49.5 17.5
49.5 18.5
49.5 19.5
49.5 37.5
49.5 38.5
49.5 56.5
49.5 57.5
49.5 58.5
49.5 59.5
49.5 60.5
49.5 61.5
50.5 10.5
50.5 11.5
50.5 12.5
50.5 13.5
50.5 14.5
50.5 34.5
50.5 35.5
50.5 52.5
50.5 53.5
50.5 54.5
50.5 55.5
50.5 56.5
51.5 31.5
51.5 32.5
51.5 49.5
51.5 50.5
53.5 30.5
54.5 15.5
54.5 16.5
54.5 17.5
54.5 32.5
54.5 33.5
55.5 10.5
55.5 11.5
55.5 12.5
55.5 13.5
55.5 34.5
55.5 35.5
55.5 36.5
55.5 54.5
55.5 55.5
55.5 56.5
55.5 57.5
55.5 58.5
56.5 6.5
56.5 7.5
56.5 8.5
56.5 9.5
56.5 37.5
56.5 38.5
56.5 39.5
56.5 49.5
56.5 50.5
56.5 51.5
56.5 52.5
56.5 53.5
56.5 54.5
57.5 5.5
57.5 40.5
57.5 41.5
57.5 42.5
57.5 44.5
57.5 45.5
57.5 46.5
57.5 47.5
57.5 48.5
57.5 49.5
58.5 21.5
58.5 22.5
58.5 23.5
58.5 24.5
58.5 25.5
58.5 43.5
58.5 44.5
58.5 63.5
58.5 64.5
59.5 17.5
59.5 18.5
59.5 19.5
59.5 20.5
59.5 26.5
59.5 27.5
59.5 28.5
59.5 29.5
59.5 30.5
59.5 59.5
59.5 60.5
59.5 61.5
59.5 62.5
60.5 13.5
60.5 14.5
60.5 15.5
60.5 16.5
60.5 30.5
60.5 31.5
60.5 32.5
60.5 33.5
60.5 34.5
60.5 55.5
60.5 56.5
60.5 57.5
60.5 58.5
61.5 10.5
61.5 11.5
61.5 12.5
61.5 34.5
61.5 35.5
61.5 36.5
61.5 37.5
61.5 52.5
61.5 53.5
61.5 54.5
