2.5 7.5
2.5 28.5
2.5 39.5
3.5 18.5
3.5 39.5
3.5 50.5
3.5 59.5
4.5 8.5
4.5 29.5
4.5 40.5
4.5 51.5
4.5 60.5
5.5 9.5
5.5 17.5
5.5 30.5
5.5 51.5
6.5 16.5
6.5 30.5
6.5 35.5
6.5 41.5
6.5 52.5
6.5 56.5
6.5 61.5
7.5 10.5
7.5 16.5
7.5 24.5
7.5 31.5
7.5 46.5
7.5 52.5
7.5 62.5
8.5 11.5
8.5 15.5
8.5 22.5
8.5 25.5
8.5 36.5
8.5 42.5
8.5 57.5
9.5 5.5
9.5 21.5
9.5 32.5
9.5 47.5
9.5 53.5
9.5 57.5
10.5 6.5
10.5 14.5
10.5 20.5
10.5 26.5
10.5 37.5
10.5 43.5
10.5 48.5
11.5 7.5
11.5 20.5
11.5 27.5
11.5 48.5
11.5 58.5
12.5 8.5
12.5 19.5
12.5 28.5
12.5 38.5
13.5 9.5
13.5 18.5
13.5 49.5
13.5 58.5
13.5 59.5
14.5 9.5
14.5 39.5
15.5 8.5
15.5 19.5
15.5 50.5
15.5 59.5
16.5 7.5
16.5 28.5
16.5 39.5
17.5 6.5
17.5 18.5
17.5 29.5
17.5 38.5
17.5 49.5
17.5 60.5
18.5 5.5
18.5 17.5
18.5 22.5
18.5 30.5
18.5 37.5
18.5 48.5
18.5 54.5
19.5 5.5
19.5 17.5
19.5 31.5
19.5 37.5
19.5 44.5
19.5 56.5
19.5 61.5
20.5 12.5
20.5 16.5
20.5 21.5
20.5 32.5
20.5 36.5
20.5 43.5
20.5 47.5
20.5 53.5
20.5 62.5
21.5 11.5
21.5 24.5
21.5 25.5
21.5 33.5
21.5 35.5
21.5 42.5
21.5 46.5
21.5 57.5
22.5 10.5
22.5 20.5
22.5 25.5
22.5 26.5
22.5 41.5
22.5 52.5
22.5 63.5
23.5 9.5
23.5 26.5
23.5 27.5
23.5 41.5
23.5 45.5
23.5 52.5
23.5 58.5
24.5 8.5
24.5 19.5
24.5 28.5
24.5 40.5
24.5 51.5
24.5 59.5
25.5 29.5
25.5 39.5
25.5 51.5
26.5 18.5
26.5 38.5
26.5 60.5
27.5 7.5
27.5 18.5
27.5 59.5
28.5 8.5
28.5 39.5
28.5 50.5
28.5 60.5
29.5 9.5
29.5 17.5
29.5 28.5
29.5 40.5
30.5 9.5
30.5 27.5
30.5 35.5
30.5 41.5
30.5 51.5
30.5 61.5
31.5 10.5
31.5 16.5
31.5 26.5
31.5 35.5
31.5 52.5
31.5 62.5
32.5 11.5
32.5 21.5
32.5 25.5
32.5 32.5
32.5 42.5
32.5 46.5
32.5 56.5
33.5 12.5
33.5 15.5
33.5 24.5
33.5 31.5
33.5 36.5
33.5 43.5
33.5 47.5
33.5 53.5
33.5 57.5
33.5 63.5
34.5 5.5
34.5 12.5
34.5 20.5
34.5 36.5
34.5 47.5
34.5 58.5
35.5 6.5
35.5 13.5
35.5 14.5
35.5 19.5
35.5 30.5
35.5 37.5
35.5 48.5
36.5 37.5
36.5 49.5
36.5 59.5
37.5 7.5
37.5 18.5
37.5 29.5
37.5 37.5
37.5 49.5
37.5 60.5
38.5 17.5
38.5 50.5
39.5 9.5
39.5 20.5
39.5 28.5
39.5 29.5
39.5 38.5
39.5 39.5
39.5 49.5
39.5 59.5
40.5 9.5
40.5 19.5
41.5 28.5
41.5 38.5
41.5 48.5
41.5 60.5
42.5 7.5
42.5 18.5
42.5 37.5
42.5 43.5
42.5 47.5
42.5 61.5
43.5 17.5
43.5 27.5
43.5 55.5
44.5 6.5
44.5 13.5
44.5 16.5
44.5 22.5
44.5 33.5
44.5 36.5
44.5 42.5
44.5 46.5
44.5 52.5
44.5 56.5
44.5 62.5
44.5 68.5
45.5 5.5
45.5 12.5
45.5 16.5
45.5 22.5
45.5 26.5
45.5 32.5
45.5 45.5
45.5 56.5
45.5 63.5
46.5 11.5
46.5 15.5
46.5 35.5
46.5 41.5
46.5 51.5
46.5 57.5
47.5 10.5
47.5 21.5
47.5 25.5
47.5 31.5
47.5 40.5
47.5 51.5
47.5 57.5
48.5 9.5
48.5 30.5
48.5 40.5
48.5 58.5
49.5 8.5
49.5 20.5
49.5 29.5
49.5 39.5
49.5 50.5
49.5 58.5
50.5 7.5
50.5 39.5
50.5 59.5
51.5 7.5
52.5 8.5
52.5 19.5
52.5 27.5
52.5 40.5
52.5 49.5
52.5 60.5
53.5 9.5
53.5 19.5
53.5 28.5
53.5 41.5
53.5 59.5
54.5 10.5
54.5 18.5
54.5 29.5
54.5 41.5
54.5 48.5
55.5 11.5
55.5 17.5
55.5 30.5
55.5 35.5
55.5 42.5
55.5 58.5
56.5 5.5
56.5 12.5
56.5 16.5
56.5 31.5
56.5 42.5
56.5 47.5
56.5 57.5
57.5 6.5
57.5 15.5
57.5 32.5
57.5 36.5
57.5 43.5
57.5 56.5
57.5 62.5
58.5 21.5
58.5 26.5
58.5 37.5
58.5 46.5
58.5 52.5
58.5 68.5
59.5 7.5
59.5 20.5
59.5 27.5
59.5 38.5
59.5 51.5
59.5 61.5
60.5 8.5
60.5 19.5
60.5 28.5
60.5 50.5
60.5 61.5
61.5 17.5
61.5 39.5
61.5 49.5
61.5 60.5
62.5 9.5
62.5 40.5
62.5 60.5
