4.5 7.5
4.5 17.5
5.5 6.5
5.5 29.5
5.5 37.5
5.5 49.5
6.5 5.5
6.5 16.5
6.5 29.5
6.5 36.5
6.5 50.5
6.5 61.5
7.5 30.5
7.5 51.5
8.5 15.5
8.5 30.5
8.5 35.5
8.5 52.5
8.5 62.5
9.5 10.5
9.5 20.5
9.5 57.5
10.5 9.5
10.5 25.5
10.5 40.5
10.5 46.5
10.5 58.5
11.5 9.5
11.5 19.5
11.5 25.5
11.5 39.5
11.5 47.5
11.5 58.5
12.5 8.5
12.5 26.5
12.5 39.5
12.5 48.5
12.5 59.5
13.5 18.5
13.5 26.5
13.5 38.5
17.5 7.5
17.5 60.5
18.5 6.5
18.5 17.5
18.5 50.5
18.5 60.5
19.5 16.5
19.5 26.5
19.5 36.5
19.5 37.5
19.5 51.5
19.5 61.5
20.5 15.5
20.5 26.5
20.5 36.5
20.5 51.5
21.5 25.5
21.5 56.5
22.5 10.5
22.5 30.5
22.5 41.5
22.5 46.5
22.5 57.5
23.5 9.5
23.5 20.5
23.5 30.5
23.5 40.5
23.5 47.5
23.5 57.5
24.5 19.5
24.5 29.5
24.5 48.5
24.5 58.5
29.5 7.5
29.5 38.5
29.5 48.5
30.5 6.5
30.5 47.5
30.5 60.5
31.5 20.5
31.5 27.5
31.5 37.5
31.5 61.5
32.5 21.5
32.5 26.5
33.5 15.5
34.5 9.5
34.5 15.5
34.5 16.5
34.5 31.5
34.5 41.5
34.5 51.5
34.5 57.5
35.5 16.5
35.5 30.5
35.5 40.5
35.5 50.5
35.5 57.5
36.5 17.5
36.5 30.5
36.5 50.5
36.5 58.5
41.5 40.5
42.5 6.5
42.5 18.5
42.5 30.5
42.5 40.5
42.5 48.5
42.5 60.5
43.5 6.5
43.5 19.5
43.5 31.5
43.5 41.5
43.5 47.5
43.5 61.5
44.5 6.5
44.5 20.5
44.5 41.5
44.5 61.5
45.5 25.5
45.5 46.5
45.5 62.5
46.5 14.5
46.5 26.5
47.5 15.5
47.5 26.5
47.5 37.5
47.5 51.5
47.5 57.5
48.5 9.5
48.5 15.5
48.5 27.5
48.5 50.5
48.5 58.5
49.5 9.5
49.5 38.5
49.5 49.5
50.5 16.5
54.5 26.5
54.5 37.5
54.5 50.5
54.5 58.5
55.5 18.5
55.5 25.5
55.5 36.5
55.5 51.5
55.5 57.5
56.5 9.5
56.5 19.5
56.5 36.5
58.5 30.5
58.5 41.5
58.5 46.5
58.5 61.5
59.5 6.5
59.5 14.5
59.5 15.5
59.5 29.5
59.5 40.5
59.5 47.5
59.5 60.5
60.5 6.5
60.5 16.5
60.5 39.5
