2.5 33.5
3.5 22.5
3.5 33.5
3.5 60.5
4.5 10.5
4.5 11.5
4.5 23.5
4.5 32.5
4.5 47.5
4.5 58.5
5.5 8.5
5.5 9.5
5.5 24.5
5.5 31.5
5.5 45.5
5.5 56.5
5.5 57.5
6.5 6.5
6.5 7.5
6.5 16.5
6.5 25.5
6.5 31.5
6.5 43.5
6.5 44.5
6.5 54.5
6.5 55.5
6.5 63.5
7.5 14.5
7.5 18.5
7.5 26.5
7.5 30.5
7.5 41.5
7.5 42.5
7.5 50.5
7.5 53.5
7.5 62.5
8.5 12.5
8.5 13.5
8.5 19.5
8.5 30.5
8.5 39.5
8.5 40.5
8.5 49.5
8.5 61.5
9.5 11.5
9.5 20.5
9.5 29.5
9.5 36.5
9.5 37.5
9.5 48.5
9.5 60.5
10.5 9.5
10.5 10.5
10.5 21.5
10.5 22.5
10.5 34.5
10.5 35.5
10.5 47.5
10.5 59.5
11.5 8.5
11.5 23.5
11.5 33.5
11.5 46.5
11.5 58.5
12.5 24.5
12.5 57.5
13.5 8.5
13.5 46.5
14.5 9.5
14.5 10.5
14.5 22.5
14.5 23.5
14.5 32.5
14.5 33.5
14.5 48.5
14.5 58.5
15.5 11.5
15.5 12.5
15.5 20.5
15.5 21.5
15.5 34.5
15.5 35.5
15.5 49.5
15.5 50.5
15.5 56.5
15.5 57.5
16.5 14.5
16.5 17.5
16.5 18.5
16.5 36.5
16.5 37.5
16.5 51.5
16.5 55.5
17.5 5.5
17.5 6.5
17.5 16.5
17.5 27.5
17.5 29.5
17.5 38.5
17.5 39.5
17.5 53.5
17.5 63.5
17.5 68.5
18.5 7.5
18.5 24.5
18.5 25.5
18.5 30.5
18.5 40.5
18.5 41.5
18.5 42.5
18.5 43.5
18.5 60.5
18.5 61.5
19.5 8.5
19.5 9.5
19.5 22.5
19.5 23.5
19.5 31.5
19.5 44.5
19.5 45.5
19.5 46.5
19.5 47.5
19.5 58.5
19.5 59.5
20.5 10.5
20.5 20.5
20.5 33.5
20.5 56.5
21.5 12.5
21.5 34.5
21.5 56.5
22.5 57.5
23.5 9.5
23.5 10.5
23.5 22.5
23.5 35.5
23.5 44.5
23.5 58.5
24.5 11.5
24.5 12.5
24.5 20.5
24.5 21.5
24.5 33.5
24.5 34.5
24.5 45.5
24.5 59.5
25.5 13.5
25.5 19.5
25.5 32.5
25.5 46.5
25.5 47.5
25.5 52.5
25.5 60.5
26.5 14.5
26.5 15.5
26.5 18.5
26.5 30.5
26.5 31.5
26.5 47.5
26.5 48.5
26.5 53.5
26.5 61.5
27.5 5.5
27.5 16.5
27.5 25.5
27.5 29.5
27.5 38.5
27.5 49.5
27.5 54.5
27.5 62.5
28.5 7.5
28.5 8.5
28.5 24.5
28.5 36.5
28.5 41.5
28.5 50.5
28.5 54.5
28.5 55.5
29.5 9.5
29.5 10.5
29.5 23.5
29.5 34.5
29.5 35.5
29.5 42.5
29.5 55.5
29.5 56.5
30.5 12.5
30.5 22.5
30.5 33.5
30.5 44.5
30.5 56.5
31.5 45.5
31.5 57.5
32.5 9.5
32.5 58.5
33.5 10.5
33.5 22.5
33.5 34.5
34.5 10.5
34.5 11.5
34.5 23.5
34.5 33.5
34.5 46.5
34.5 47.5
34.5 58.5
35.5 11.5
35.5 24.5
35.5 32.5
35.5 43.5
35.5 44.5
35.5 45.5
35.5 57.5
36.5 12.5
36.5 16.5
36.5 25.5
36.5 31.5
36.5 38.5
36.5 41.5
36.5 42.5
36.5 55.5
37.5 12.5
37.5 13.5
37.5 17.5
37.5 26.5
37.5 30.5
37.5 37.5
37.5 39.5
37.5 54.5
37.5 64.5
38.5 5.5
38.5 13.5
38.5 18.5
38.5 19.5
38.5 27.5
38.5 30.5
38.5 36.5
38.5 49.5
38.5 50.5
38.5 53.5
38.5 62.5
38.5 63.5
39.5 5.5
39.5 6.5
39.5 14.5
39.5 19.5
39.5 20.5
39.5 28.5
39.5 29.5
39.5 35.5
39.5 47.5
39.5 48.5
39.5 51.5
39.5 61.5
39.5 62.5
40.5 6.5
40.5 20.5
40.5 21.5
40.5 45.5
40.5 46.5
40.5 59.5
40.5 60.5
41.5 7.5
41.5 21.5
41.5 22.5
41.5 58.5
41.5 59.5
42.5 8.5
42.5 22.5
42.5 23.5
42.5 56.5
42.5 57.5
43.5 8.5
43.5 24.5
43.5 33.5
43.5 47.5
44.5 9.5
44.5 34.5
44.5 45.5
45.5 35.5
45.5 43.5
45.5 44.5
45.5 60.5
45.5 61.5
46.5 10.5
46.5 21.5
46.5 22.5
46.5 23.5
46.5 24.5
46.5 36.5
46.5 42.5
46.5 57.5
46.5 58.5
47.5 6.5
47.5 7.5
47.5 28.5
47.5 29.5
47.5 30.5
47.5 37.5
47.5 38.5
47.5 41.5
47.5 51.5
47.5 54.5
47.5 55.5
47.5 56.5
48.5 31.5
48.5 39.5
48.5 49.5
48.5 50.5
48.5 52.5
48.5 53.5
49.5 13.5
49.5 16.5
49.5 17.5
49.5 18.5
49.5 32.5
49.5 47.5
49.5 48.5
49.5 62.5
49.5 63.5
50.5 10.5
50.5 11.5
50.5 20.5
50.5 21.5
50.5 22.5
50.5 23.5
50.5 34.5
50.5 45.5
50.5 46.5
50.5 60.5
51.5 8.5
51.5 35.5
51.5 43.5
51.5 44.5
51.5 58.5
52.5 34.5
53.5 33.5
54.5 9.5
54.5 20.5
54.5 21.5
54.5 32.5
54.5 46.5
54.5 57.5
55.5 8.5
55.5 22.5
55.5 23.5
55.5 24.5
55.5 31.5
55.5 43.5
55.5 44.5
55.5 58.5
55.5 59.5
56.5 6.5
56.5 7.5
56.5 24.5
56.5 25.5
56.5 26.5
56.5 30.5
56.5 39.5
56.5 42.5
56.5 59.5
56.5 60.5
57.5 5.5
57.5 15.5
57.5 16.5
57.5 29.5
57.5 37.5
57.5 40.5
57.5 50.5
57.5 52.5
57.5 61.5
58.5 13.5
58.5 14.5
58.5 17.5
58.5 18.5
58.5 35.5
58.5 36.5
58.5 49.5
58.5 53.5
58.5 62.5
58.5 63.5
59.5 11.5
59.5 12.5
59.5 19.5
59.5 34.5
59.5 47.5
59.5 54.5
59.5 55.5
59.5 64.5
60.5 9.5
60.5 10.5
60.5 20.5
60.5 32.5
60.5 46.5
60.5 56.5
61.5 8.5
61.5 22.5
61.5 44.5
61.5 57.5
