2.5 9.5
2.5 25.5
2.5 56.5
3.5 10.5
3.5 26.5
3.5 39.5
3.5 40.5
3.5 57.5
4.5 11.5
4.5 27.5
4.5 41.5
4.5 42.5
4.5 57.5
5.5 12.5
5.5 28.5
5.5 43.5
5.5 44.5
5.5 58.5
6.5 13.5
6.5 29.5
6.5 35.5
6.5 45.5
6.5 46.5
6.5 59.5
7.5 14.5
7.5 18.5
7.5 30.5
7.5 36.5
7.5 47.5
7.5 48.5
7.5 50.5
7.5 60.5
8.5 5.5
8.5 15.5
8.5 19.5
8.5 20.5
8.5 31.5
8.5 36.5
8.5 37.5
8.5 50.5
8.5 51.5
8.5 60.5
8.5 61.5
9.5 6.5
9.5 16.5
9.5 21.5
9.5 32.5
9.5 37.5
9.5 38.5
9.5 52.5
9.5 53.5
9.5 61.5
10.5 7.5
10.5 17.5
10.5 22.5
10.5 23.5
10.5 33.5
10.5 38.5
10.5 39.5
10.5 54.5
10.5 62.5
11.5 8.5
11.5 9.5
11.5 23.5
11.5 24.5
11.5 39.5
11.5 40.5
11.5 55.5
11.5 56.5
12.5 9.5
12.5 10.5
12.5 25.5
12.5 41.5
12.5 57.5
13.5 11.5
13.5 26.5
13.5 27.5
13.5 42.5
13.5 58.5
14.5 12.5
14.5 27.5
14.5 28.5
15.5 29.5
16.5 41.5
16.5 57.5
16.5 58.5
17.5 10.5
17.5 11.5
17.5 29.5
17.5 42.5
17.5 55.5
17.5 56.5
18.5 8.5
18.5 9.5
18.5 26.5
18.5 27.5
18.5 43.5
18.5 44.5
18.5 53.5
18.5 54.5
19.5 6.5
19.5 7.5
19.5 23.5
19.5 24.5
19.5 25.5
19.5 44.5
19.5 45.5
19.5 51.5
19.5 52.5
20.5 5.5
20.5 21.5
20.5 22.5
20.5 46.5
20.5 49.5
20.5 50.5
20.5 63.5
21.5 16.5
21.5 17.5
21.5 19.5
21.5 20.5
21.5 33.5
21.5 34.5
21.5 35.5
21.5 47.5
21.5 61.5
21.5 62.5
22.5 14.5
22.5 15.5
22.5 17.5
22.5 31.5
22.5 36.5
22.5 37.5
22.5 59.5
22.5 60.5
23.5 12.5
23.5 13.5
23.5 29.5
23.5 30.5
23.5 38.5
23.5 39.5
23.5 57.5
23.5 58.5
24.5 10.5
24.5 11.5
24.5 27.5
24.5 28.5
24.5 40.5
24.5 41.5
24.5 55.5
24.5 56.5
25.5 8.5
25.5 9.5
25.5 25.5
25.5 26.5
25.5 42.5
25.5 43.5
25.5 54.5
26.5 24.5
27.5 58.5
28.5 12.5
28.5 24.5
28.5 43.5
28.5 57.5
29.5 10.5
29.5 26.5
29.5 41.5
29.5 42.5
29.5 55.5
29.5 56.5
30.5 8.5
30.5 9.5
30.5 27.5
30.5 28.5
30.5 39.5
30.5 40.5
30.5 54.5
31.5 6.5
31.5 7.5
31.5 18.5
31.5 29.5
31.5 30.5
31.5 37.5
31.5 38.5
31.5 48.5
31.5 52.5
31.5 53.5
31.5 63.5
32.5 5.5
32.5 16.5
32.5 17.5
32.5 18.5
32.5 31.5
32.5 32.5
32.5 36.5
32.5 46.5
32.5 47.5
32.5 51.5
32.5 62.5
33.5 14.5
33.5 15.5
33.5 19.5
33.5 20.5
33.5 21.5
33.5 33.5
33.5 34.5
33.5 45.5
33.5 46.5
33.5 50.5
33.5 61.5
34.5 13.5
34.5 14.5
34.5 22.5
34.5 23.5
34.5 43.5
34.5 44.5
34.5 48.5
34.5 60.5
35.5 11.5
35.5 12.5
35.5 24.5
35.5 25.5
35.5 26.5
35.5 42.5
35.5 43.5
35.5 58.5
35.5 59.5
36.5 10.5
36.5 11.5
36.5 27.5
36.5 28.5
36.5 41.5
36.5 57.5
36.5 58.5
37.5 9.5
37.5 39.5
37.5 56.5
37.5 57.5
38.5 55.5
38.5 56.5
39.5 29.5
39.5 43.5
39.5 54.5
40.5 11.5
40.5 12.5
40.5 27.5
40.5 28.5
40.5 41.5
40.5 42.5
41.5 10.5
41.5 25.5
41.5 26.5
41.5 40.5
42.5 8.5
42.5 9.5
42.5 23.5
42.5 24.5
42.5 39.5
42.5 58.5
43.5 7.5
43.5 8.5
43.5 21.5
43.5 22.5
43.5 32.5
43.5 33.5
43.5 37.5
43.5 38.5
43.5 54.5
43.5 55.5
43.5 56.5
44.5 6.5
44.5 18.5
44.5 20.5
44.5 31.5
44.5 32.5
44.5 36.5
44.5 37.5
44.5 48.5
44.5 52.5
44.5 53.5
44.5 54.5
44.5 68.5
45.5 5.5
45.5 16.5
45.5 17.5
45.5 30.5
45.5 35.5
45.5 46.5
45.5 47.5
45.5 49.5
45.5 50.5
45.5 51.5
46.5 14.5
46.5 15.5
46.5 29.5
46.5 34.5
46.5 44.5
46.5 45.5
47.5 12.5
47.5 13.5
47.5 28.5
47.5 43.5
47.5 44.5
47.5 61.5
47.5 62.5
48.5 11.5
48.5 26.5
48.5 27.5
48.5 41.5
48.5 42.5
48.5 58.5
48.5 59.5
49.5 9.5
49.5 40.5
49.5 55.5
49.5 56.5
51.5 28.5
52.5 11.5
52.5 12.5
52.5 27.5
52.5 43.5
52.5 55.5
53.5 12.5
53.5 13.5
53.5 25.5
53.5 26.5
53.5 42.5
53.5 56.5
53.5 57.5
54.5 14.5
54.5 15.5
54.5 24.5
54.5 25.5
54.5 40.5
54.5 41.5
54.5 57.5
54.5 58.5
55.5 16.5
55.5 17.5
55.5 23.5
55.5 39.5
55.5 40.5
55.5 59.5
55.5 60.5
56.5 18.5
56.5 21.5
56.5 22.5
56.5 38.5
56.5 51.5
56.5 60.5
56.5 61.5
57.5 5.5
57.5 6.5
57.5 20.5
57.5 32.5
57.5 36.5
57.5 37.5
57.5 48.5
57.5 52.5
57.5 62.5
57.5 63.5
58.5 7.5
58.5 8.5
58.5 30.5
58.5 31.5
58.5 35.5
58.5 36.5
58.5 46.5
58.5 47.5
58.5 53.5
58.5 64.5
59.5 9.5
59.5 10.5
59.5 28.5
59.5 29.5
59.5 34.5
59.5 45.5
59.5 46.5
59.5 54.5
60.5 11.5
60.5 12.5
60.5 27.5
60.5 28.5
60.5 43.5
60.5 44.5
60.5 55.5
60.5 56.5
61.5 13.5
61.5 26.5
61.5 42.5
61.5 43.5
61.5 57.5
62.5 24.5
62.5 41.5
62.5 58.5
63.5 39.5
63.5 59.5
