6.5 33.5
7.5 15.5
7.5 31.5
7.5 32.5
7.5 52.5
8.5 16.5
8.5 30.5
8.5 31.5
8.5 51.5
8.5 52.5
9.5 17.5
9.5 29.5
9.5 30.5
9.5 50.5
9.5 51.5
10.5 18.5
10.5 28.5
10.5 29.5
10.5 49.5
10.5 50.5
11.5 19.5
11.5 27.5
11.5 49.5
13.5 39.5
14.5 8.5
14.5 9.5
14.5 38.5
14.5 39.5
14.5 59.5
15.5 9.5
15.5 10.5
15.5 36.5
15.5 37.5
15.5 38.5
15.5 57.5
15.5 58.5
16.5 9.5
16.5 10.5
16.5 11.5
16.5 36.5
16.5 56.5
16.5 57.5
17.5 10.5
17.5 11.5
17.5 35.5
17.5 56.5
18.5 12.5
18.5 55.5
26.5 35.5
26.5 53.5
27.5 14.5
27.5 15.5
27.5 35.5
27.5 36.5
27.5 52.5
28.5 15.5
28.5 16.5
28.5 36.5
28.5 37.5
28.5 51.5
29.5 16.5
29.5 17.5
29.5 37.5
29.5 38.5
29.5 50.5
30.5 17.5
30.5 18.5
30.5 38.5
30.5 39.5
30.5 49.5
31.5 18.5
31.5 19.5
31.5 48.5
32.5 28.5
33.5 28.5
33.5 29.5
33.5 60.5
34.5 7.5
34.5 29.5
34.5 30.5
34.5 58.5
34.5 59.5
35.5 8.5
35.5 9.5
35.5 30.5
35.5 31.5
35.5 57.5
35.5 58.5
36.5 9.5
36.5 10.5
36.5 31.5
36.5 56.5
36.5 57.5
37.5 11.5
37.5 12.5
37.5 32.5
37.5 55.5
37.5 56.5
38.5 13.5
46.5 14.5
46.5 54.5
47.5 15.5
47.5 31.5
47.5 32.5
47.5 55.5
47.5 56.5
48.5 15.5
48.5 16.5
48.5 17.5
48.5 30.5
48.5 31.5
48.5 56.5
48.5 57.5
49.5 16.5
49.5 17.5
49.5 18.5
49.5 29.5
49.5 30.5
49.5 57.5
49.5 58.5
50.5 18.5
50.5 29.5
50.5 59.5
51.5 19.5
51.5 28.5
53.5 7.5
53.5 39.5
53.5 48.5
54.5 7.5
54.5 8.5
54.5 38.5
54.5 39.5
54.5 49.5
55.5 8.5
55.5 9.5
55.5 37.5
55.5 38.5
55.5 49.5
55.5 50.5
56.5 9.5
56.5 10.5
56.5 36.5
56.5 37.5
56.5 50.5
56.5 51.5
57.5 10.5
57.5 11.5
57.5 35.5
57.5 36.5
57.5 51.5
57.5 52.5
58.5 35.5
58.5 52.5
58.5 53.5
59.5 34.5
