5.5 27.5
5.5 28.5
5.5 41.5
6.5 8.5
6.5 9.5
6.5 29.5
6.5 30.5
6.5 38.5
6.5 39.5
6.5 59.5
6.5 60.5
7.5 6.5
7.5 7.5
9.5 14.5
9.5 15.5
9.5 23.5
9.5 45.5
9.5 53.5
9.5 54.5
10.5 12.5
10.5 25.5
10.5 43.5
15.5 11.5
15.5 25.5
15.5 41.5
15.5 54.5
16.5 13.5
16.5 14.5
16.5 23.5
16.5 39.5
17.5 37.5
18.5 45.5
18.5 62.5
19.5 6.5
19.5 29.5
19.5 30.5
19.5 43.5
19.5 59.5
19.5 60.5
20.5 8.5
20.5 9.5
20.5 27.5
24.5 42.5
25.5 27.5
25.5 44.5
25.5 45.5
25.5 55.5
25.5 56.5
26.5 8.5
26.5 29.5
26.5 30.5
26.5 52.5
26.5 53.5
28.5 14.5
28.5 21.5
28.5 38.5
29.5 12.5
29.5 24.5
29.5 40.5
29.5 60.5
29.5 61.5
30.5 57.5
34.5 12.5
34.5 26.5
35.5 14.5
35.5 22.5
35.5 23.5
35.5 43.5
35.5 55.5
36.5 45.5
36.5 52.5
36.5 53.5
38.5 7.5
38.5 8.5
38.5 31.5
38.5 37.5
39.5 9.5
39.5 10.5
39.5 28.5
39.5 29.5
39.5 38.5
39.5 39.5
39.5 60.5
40.5 40.5
40.5 58.5
41.5 56.5
45.5 13.5
45.5 14.5
45.5 22.5
45.5 23.5
45.5 24.5
45.5 42.5
46.5 44.5
46.5 45.5
46.5 53.5
46.5 54.5
48.5 7.5
49.5 9.5
49.5 10.5
49.5 29.5
49.5 30.5
49.5 60.5
50.5 26.5
50.5 38.5
50.5 39.5
50.5 40.5
50.5 56.5
50.5 57.5
54.5 12.5
54.5 57.5
55.5 13.5
55.5 14.5
55.5 24.5
55.5 25.5
55.5 41.5
55.5 59.5
55.5 60.5
56.5 15.5
56.5 21.5
56.5 22.5
56.5 39.5
57.5 37.5
58.5 7.5
58.5 46.5
58.5 51.5
58.5 52.5
59.5 8.5
59.5 9.5
59.5 30.5
59.5 44.5
59.5 45.5
59.5 54.5
59.5 55.5
60.5 10.5
60.5 27.5
60.5 28.5
60.5 43.5
