4.5 10.5
4.5 11.5
4.5 12.5
4.5 26.5
4.5 27.5
5.5 11.5
5.5 12.5
5.5 13.5
5.5 14.5
5.5 27.5
5.5 28.5
5.5 29.5
5.5 38.5
5.5 39.5
5.5 40.5
5.5 54.5
5.5 55.5
5.5 56.5
6.5 12.5
6.5 13.5
6.5 14.5
6.5 15.5
6.5 29.5
6.5 30.5
6.5 36.5
6.5 37.5
6.5 38.5
6.5 39.5
6.5 53.5
6.5 54.5
6.5 55.5
7.5 14.5
7.5 15.5
7.5 16.5
7.5 30.5
7.5 31.5
7.5 35.5
7.5 36.5
7.5 37.5
7.5 51.5
7.5 52.5
7.5 53.5
7.5 54.5
8.5 5.5
8.5 6.5
8.5 21.5
8.5 22.5
8.5 23.5
8.5 51.5
8.5 52.5
8.5 53.5
8.5 61.5
8.5 62.5
9.5 6.5
9.5 7.5
9.5 8.5
9.5 21.5
9.5 22.5
9.5 23.5
9.5 24.5
9.5 25.5
9.5 44.5
9.5 45.5
9.5 46.5
9.5 50.5
9.5 59.5
9.5 60.5
9.5 61.5
10.5 7.5
10.5 8.5
10.5 9.5
10.5 23.5
10.5 24.5
10.5 25.5
10.5 26.5
10.5 42.5
10.5 43.5
10.5 44.5
10.5 45.5
10.5 58.5
10.5 59.5
10.5 60.5
11.5 9.5
11.5 10.5
11.5 25.5
11.5 26.5
11.5 41.5
11.5 42.5
11.5 43.5
11.5 44.5
11.5 57.5
11.5 58.5
12.5 41.5
12.5 56.5
16.5 10.5
16.5 11.5
16.5 25.5
16.5 26.5
16.5 27.5
16.5 57.5
16.5 58.5
17.5 11.5
17.5 12.5
17.5 26.5
17.5 27.5
17.5 28.5
17.5 39.5
17.5 40.5
17.5 41.5
17.5 57.5
17.5 58.5
17.5 59.5
17.5 60.5
17.5 61.5
18.5 12.5
18.5 13.5
18.5 27.5
18.5 28.5
18.5 29.5
18.5 30.5
18.5 38.5
18.5 39.5
18.5 40.5
18.5 41.5
18.5 58.5
18.5 59.5
18.5 60.5
18.5 61.5
18.5 62.5
19.5 13.5
19.5 14.5
19.5 28.5
19.5 29.5
19.5 30.5
19.5 31.5
19.5 37.5
19.5 38.5
19.5 39.5
19.5 61.5
19.5 62.5
19.5 63.5
20.5 5.5
20.5 6.5
20.5 14.5
20.5 15.5
20.5 19.5
20.5 30.5
20.5 31.5
20.5 36.5
20.5 37.5
20.5 38.5
21.5 6.5
21.5 7.5
21.5 20.5
21.5 21.5
21.5 22.5
22.5 7.5
22.5 8.5
22.5 9.5
22.5 21.5
22.5 22.5
22.5 23.5
22.5 44.5
22.5 45.5
22.5 46.5
22.5 51.5
22.5 52.5
22.5 53.5
22.5 54.5
22.5 55.5
23.5 8.5
23.5 9.5
23.5 22.5
23.5 23.5
23.5 24.5
23.5 25.5
23.5 43.5
23.5 44.5
23.5 45.5
23.5 53.5
23.5 54.5
23.5 55.5
23.5 56.5
23.5 57.5
24.5 9.5
24.5 10.5
24.5 24.5
24.5 25.5
24.5 26.5
24.5 42.5
24.5 43.5
24.5 44.5
24.5 55.5
24.5 56.5
24.5 57.5
24.5 58.5
25.5 41.5
25.5 42.5
28.5 10.5
29.5 8.5
29.5 9.5
29.5 10.5
29.5 25.5
29.5 26.5
29.5 41.5
29.5 42.5
29.5 56.5
29.5 57.5
30.5 7.5
30.5 8.5
30.5 9.5
30.5 22.5
30.5 23.5
30.5 24.5
30.5 25.5
30.5 26.5
30.5 42.5
30.5 43.5
30.5 44.5
30.5 56.5
30.5 57.5
30.5 58.5
30.5 59.5
30.5 60.5
31.5 7.5
31.5 8.5
31.5 21.5
31.5 22.5
31.5 23.5
31.5 24.5
31.5 44.5
31.5 45.5
31.5 46.5
31.5 57.5
31.5 58.5
31.5 59.5
31.5 60.5
31.5 61.5
32.5 6.5
32.5 7.5
32.5 20.5
32.5 21.5
32.5 22.5
32.5 23.5
32.5 50.5
32.5 60.5
32.5 61.5
33.5 6.5
33.5 14.5
33.5 15.5
33.5 31.5
33.5 32.5
33.5 36.5
33.5 37.5
33.5 38.5
33.5 51.5
33.5 52.5
34.5 13.5
34.5 14.5
34.5 15.5
34.5 29.5
34.5 30.5
34.5 31.5
34.5 37.5
34.5 38.5
34.5 39.5
34.5 40.5
34.5 52.5
34.5 53.5
35.5 12.5
35.5 13.5
35.5 14.5
35.5 28.5
35.5 29.5
35.5 30.5
35.5 38.5
35.5 39.5
35.5 40.5
35.5 41.5
35.5 53.5
35.5 54.5
36.5 11.5
36.5 12.5
36.5 13.5
36.5 27.5
36.5 28.5
36.5 29.5
36.5 41.5
36.5 55.5
37.5 11.5
37.5 12.5
37.5 26.5
37.5 27.5
40.5 41.5
40.5 54.5
40.5 55.5
41.5 26.5
41.5 27.5
41.5 41.5
41.5 42.5
41.5 43.5
41.5 44.5
41.5 53.5
41.5 54.5
41.5 55.5
42.5 11.5
42.5 12.5
42.5 13.5
42.5 27.5
42.5 28.5
42.5 29.5
42.5 42.5
42.5 43.5
42.5 44.5
42.5 45.5
42.5 52.5
42.5 53.5
42.5 54.5
43.5 12.5
43.5 13.5
43.5 14.5
43.5 29.5
43.5 30.5
43.5 31.5
43.5 44.5
43.5 45.5
43.5 46.5
43.5 52.5
43.5 53.5
44.5 13.5
44.5 14.5
44.5 15.5
44.5 32.5
44.5 45.5
44.5 46.5
44.5 47.5
44.5 51.5
44.5 52.5
44.5 61.5
45.5 14.5
45.5 15.5
45.5 16.5
45.5 36.5
45.5 37.5
45.5 38.5
45.5 59.5
45.5 60.5
45.5 61.5
46.5 6.5
46.5 7.5
46.5 16.5
46.5 21.5
46.5 22.5
46.5 23.5
46.5 24.5
46.5 38.5
46.5 39.5
46.5 57.5
46.5 58.5
46.5 59.5
46.5 60.5
47.5 7.5
47.5 8.5
47.5 9.5
47.5 22.5
47.5 23.5
47.5 24.5
47.5 25.5
47.5 26.5
47.5 39.5
47.5 40.5
47.5 41.5
47.5 56.5
47.5 57.5
47.5 58.5
48.5 8.5
48.5 9.5
48.5 10.5
48.5 24.5
48.5 25.5
48.5 26.5
48.5 27.5
48.5 41.5
48.5 42.5
49.5 9.5
49.5 10.5
49.5 11.5
50.5 11.5
52.5 41.5
52.5 42.5
52.5 57.5
53.5 26.5
53.5 27.5
53.5 42.5
53.5 43.5
53.5 57.5
53.5 58.5
53.5 59.5
54.5 11.5
54.5 12.5
54.5 26.5
54.5 27.5
54.5 28.5
54.5 29.5
54.5 43.5
54.5 44.5
54.5 45.5
54.5 58.5
54.5 59.5
54.5 60.5
54.5 61.5
55.5 12.5
55.5 13.5
55.5 14.5
55.5 27.5
55.5 28.5
55.5 29.5
55.5 30.5
55.5 31.5
55.5 44.5
55.5 45.5
55.5 46.5
55.5 59.5
55.5 60.5
55.5 61.5
55.5 62.5
56.5 13.5
56.5 14.5
56.5 15.5
56.5 30.5
56.5 31.5
56.5 35.5
56.5 36.5
56.5 37.5
56.5 60.5
56.5 61.5
56.5 62.5
57.5 15.5
57.5 16.5
57.5 36.5
57.5 37.5
57.5 38.5
57.5 51.5
57.5 52.5
58.5 6.5
58.5 7.5
58.5 21.5
58.5 22.5
58.5 37.5
58.5 38.5
58.5 39.5
58.5 52.5
58.5 53.5
58.5 54.5
59.5 7.5
59.5 8.5
59.5 9.5
59.5 22.5
59.5 23.5
59.5 24.5
59.5 38.5
59.5 39.5
59.5 40.5
59.5 53.5
59.5 54.5
59.5 55.5
60.5 8.5
60.5 9.5
60.5 10.5
60.5 11.5
60.5 23.5
60.5 24.5
60.5 25.5
60.5 55.5
60.5 56.5
61.5 9.5
61.5 10.5
61.5 11.5
61.5 12.5
61.5 25.5
61.5 26.5
