2.5 9.5
3.5 8.5
3.5 9.5
4.5 8.5
4.5 22.5
4.5 35.5
4.5 46.5
4.5 59.5
4.5 60.5
5.5 7.5
5.5 8.5
5.5 22.5
5.5 23.5
5.5 35.5
5.5 47.5
5.5 60.5
6.5 7.5
6.5 8.5
6.5 23.5
6.5 35.5
6.5 36.5
6.5 47.5
6.5 48.5
6.5 60.5
6.5 61.5
7.5 7.5
7.5 8.5
7.5 23.5
7.5 24.5
7.5 36.5
7.5 48.5
7.5 60.5
7.5 61.5
8.5 7.5
8.5 17.5
8.5 24.5
8.5 36.5
8.5 48.5
8.5 49.5
8.5 61.5
8.5 62.5
9.5 6.5
9.5 7.5
9.5 13.5
9.5 17.5
9.5 18.5
9.5 24.5
9.5 25.5
9.5 30.5
9.5 36.5
9.5 37.5
9.5 42.5
9.5 49.5
9.5 61.5
9.5 62.5
10.5 6.5
10.5 13.5
10.5 18.5
10.5 25.5
10.5 30.5
10.5 37.5
10.5 42.5
10.5 43.5
10.5 49.5
10.5 54.5
10.5 62.5
10.5 63.5
11.5 6.5
11.5 12.5
11.5 18.5
11.5 19.5
11.5 30.5
11.5 31.5
11.5 37.5
11.5 42.5
11.5 43.5
11.5 50.5
11.5 54.5
11.5 55.5
11.5 63.5
12.5 12.5
12.5 19.5
12.5 31.5
12.5 43.5
12.5 44.5
12.5 55.5
12.5 56.5
13.5 11.5
13.5 12.5
13.5 19.5
13.5 31.5
13.5 32.5
13.5 43.5
13.5 44.5
13.5 56.5
14.5 11.5
14.5 19.5
14.5 20.5
14.5 32.5
14.5 44.5
14.5 56.5
14.5 57.5
15.5 11.5
15.5 20.5
15.5 32.5
15.5 44.5
15.5 45.5
15.5 57.5
16.5 10.5
16.5 45.5
16.5 58.5
19.5 10.5
19.5 45.5
20.5 9.5
20.5 21.5
20.5 31.5
20.5 32.5
20.5 44.5
20.5 45.5
20.5 57.5
21.5 8.5
21.5 9.5
21.5 21.5
21.5 22.5
21.5 30.5
21.5 31.5
21.5 44.5
21.5 56.5
21.5 57.5
22.5 8.5
22.5 22.5
22.5 30.5
22.5 43.5
22.5 44.5
22.5 56.5
22.5 57.5
23.5 7.5
23.5 22.5
23.5 23.5
23.5 29.5
23.5 43.5
23.5 44.5
23.5 56.5
24.5 6.5
24.5 13.5
24.5 17.5
24.5 23.5
24.5 28.5
24.5 43.5
24.5 50.5
24.5 55.5
24.5 56.5
24.5 62.5
25.5 12.5
25.5 17.5
25.5 23.5
25.5 27.5
25.5 37.5
25.5 38.5
25.5 42.5
25.5 49.5
25.5 50.5
25.5 55.5
25.5 62.5
26.5 11.5
26.5 12.5
26.5 18.5
26.5 35.5
26.5 36.5
26.5 37.5
26.5 42.5
26.5 49.5
26.5 55.5
26.5 61.5
27.5 11.5
27.5 18.5
27.5 34.5
27.5 35.5
27.5 36.5
27.5 49.5
27.5 61.5
28.5 10.5
28.5 11.5
28.5 18.5
28.5 19.5
28.5 33.5
28.5 34.5
28.5 35.5
28.5 48.5
28.5 49.5
28.5 60.5
29.5 10.5
29.5 19.5
29.5 32.5
29.5 33.5
29.5 48.5
29.5 60.5
30.5 48.5
30.5 59.5
33.5 9.5
33.5 20.5
34.5 8.5
34.5 20.5
34.5 33.5
34.5 34.5
34.5 47.5
34.5 59.5
35.5 8.5
35.5 19.5
35.5 32.5
35.5 33.5
35.5 48.5
35.5 60.5
36.5 7.5
36.5 8.5
36.5 19.5
36.5 31.5
36.5 32.5
36.5 33.5
36.5 48.5
36.5 49.5
36.5 60.5
37.5 7.5
37.5 19.5
37.5 30.5
37.5 31.5
37.5 32.5
37.5 48.5
37.5 49.5
37.5 60.5
38.5 6.5
38.5 7.5
38.5 18.5
38.5 19.5
38.5 29.5
38.5 30.5
38.5 31.5
38.5 49.5
38.5 50.5
38.5 60.5
38.5 61.5
39.5 6.5
39.5 13.5
39.5 18.5
39.5 29.5
39.5 30.5
39.5 39.5
39.5 43.5
39.5 50.5
39.5 61.5
40.5 12.5
40.5 13.5
40.5 18.5
40.5 23.5
40.5 28.5
40.5 29.5
40.5 38.5
40.5 39.5
40.5 43.5
40.5 44.5
40.5 50.5
40.5 55.5
40.5 61.5
41.5 12.5
41.5 23.5
41.5 37.5
41.5 38.5
41.5 44.5
41.5 51.5
41.5 55.5
41.5 56.5
41.5 62.5
42.5 11.5
42.5 12.5
42.5 23.5
42.5 36.5
42.5 37.5
42.5 44.5
42.5 56.5
43.5 11.5
43.5 12.5
43.5 22.5
43.5 23.5
43.5 36.5
43.5 37.5
43.5 44.5
43.5 45.5
43.5 56.5
43.5 57.5
44.5 10.5
44.5 11.5
44.5 22.5
44.5 35.5
44.5 36.5
44.5 45.5
44.5 57.5
45.5 10.5
45.5 11.5
45.5 22.5
45.5 34.5
45.5 35.5
45.5 45.5
45.5 57.5
45.5 58.5
46.5 10.5
46.5 22.5
46.5 34.5
46.5 46.5
46.5 58.5
47.5 46.5
49.5 9.5
50.5 10.5
50.5 22.5
50.5 34.5
50.5 46.5
50.5 58.5
51.5 10.5
51.5 11.5
51.5 22.5
51.5 33.5
51.5 46.5
51.5 47.5
51.5 58.5
51.5 59.5
52.5 11.5
52.5 23.5
52.5 32.5
52.5 33.5
52.5 47.5
52.5 59.5
53.5 11.5
53.5 12.5
53.5 23.5
53.5 24.5
53.5 32.5
53.5 47.5
53.5 48.5
53.5 59.5
53.5 60.5
54.5 5.5
54.5 12.5
54.5 24.5
54.5 31.5
54.5 32.5
54.5 48.5
54.5 60.5
55.5 5.5
55.5 6.5
55.5 12.5
55.5 13.5
55.5 24.5
55.5 25.5
55.5 31.5
55.5 42.5
55.5 48.5
55.5 49.5
55.5 54.5
55.5 61.5
56.5 6.5
56.5 13.5
56.5 18.5
56.5 25.5
56.5 30.5
56.5 31.5
56.5 38.5
56.5 42.5
56.5 43.5
56.5 49.5
56.5 54.5
56.5 55.5
56.5 61.5
57.5 6.5
57.5 7.5
57.5 18.5
57.5 19.5
57.5 30.5
57.5 37.5
57.5 38.5
57.5 43.5
57.5 55.5
58.5 6.5
58.5 7.5
58.5 19.5
58.5 20.5
58.5 36.5
58.5 37.5
58.5 43.5
58.5 44.5
58.5 55.5
58.5 56.5
59.5 7.5
59.5 8.5
59.5 19.5
59.5 20.5
59.5 36.5
59.5 44.5
59.5 56.5
60.5 7.5
60.5 8.5
60.5 20.5
60.5 21.5
60.5 35.5
60.5 36.5
60.5 44.5
60.5 45.5
60.5 56.5
60.5 57.5
61.5 8.5
61.5 21.5
61.5 35.5
61.5 45.5
61.5 57.5
62.5 22.5
62.5 34.5
62.5 46.5
