2.5 45.5
2.5 57.5
3.5 23.5
3.5 32.5
3.5 46.5
3.5 57.5
3.5 58.5
4.5 21.5
4.5 22.5
4.5 32.5
4.5 33.5
4.5 34.5
4.5 46.5
4.5 47.5
4.5 58.5
4.5 59.5
5.5 8.5
5.5 9.5
5.5 10.5
5.5 20.5
5.5 21.5
5.5 33.5
5.5 34.5
5.5 35.5
5.5 47.5
5.5 48.5
5.5 58.5
5.5 59.5
5.5 60.5
6.5 9.5
6.5 10.5
6.5 11.5
6.5 12.5
6.5 19.5
6.5 20.5
6.5 34.5
6.5 35.5
6.5 36.5
6.5 37.5
6.5 42.5
6.5 48.5
6.5 49.5
6.5 59.5
6.5 60.5
7.5 11.5
7.5 12.5
7.5 13.5
7.5 14.5
7.5 18.5
7.5 19.5
7.5 20.5
7.5 26.5
7.5 36.5
7.5 37.5
7.5 38.5
7.5 42.5
7.5 43.5
7.5 49.5
7.5 50.5
7.5 53.5
7.5 60.5
7.5 61.5
8.5 13.5
8.5 14.5
8.5 15.5
8.5 18.5
8.5 19.5
8.5 25.5
8.5 26.5
8.5 27.5
8.5 37.5
8.5 38.5
8.5 39.5
8.5 43.5
8.5 44.5
8.5 50.5
8.5 53.5
8.5 54.5
8.5 61.5
8.5 62.5
9.5 5.5
9.5 6.5
9.5 16.5
9.5 17.5
9.5 24.5
9.5 25.5
9.5 28.5
9.5 29.5
9.5 39.5
9.5 40.5
9.5 43.5
9.5 44.5
9.5 51.5
9.5 54.5
9.5 55.5
9.5 61.5
9.5 62.5
10.5 6.5
10.5 7.5
10.5 8.5
10.5 23.5
10.5 24.5
10.5 29.5
10.5 30.5
10.5 31.5
10.5 41.5
10.5 44.5
10.5 45.5
10.5 52.5
10.5 55.5
10.5 56.5
10.5 62.5
11.5 8.5
11.5 9.5
11.5 22.5
11.5 23.5
11.5 30.5
11.5 31.5
11.5 32.5
11.5 45.5
11.5 46.5
11.5 56.5
11.5 57.5
12.5 10.5
12.5 11.5
12.5 22.5
12.5 23.5
12.5 31.5
12.5 32.5
12.5 33.5
12.5 45.5
12.5 46.5
12.5 57.5
12.5 58.5
13.5 12.5
13.5 21.5
13.5 22.5
13.5 33.5
13.5 34.5
13.5 46.5
13.5 47.5
13.5 58.5
14.5 11.5
14.5 20.5
14.5 21.5
14.5 34.5
14.5 35.5
14.5 47.5
14.5 59.5
15.5 10.5
15.5 11.5
15.5 22.5
15.5 45.5
15.5 58.5
15.5 59.5
16.5 8.5
16.5 9.5
16.5 10.5
16.5 21.5
16.5 46.5
16.5 47.5
16.5 57.5
16.5 58.5
17.5 7.5
17.5 8.5
17.5 20.5
17.5 21.5
17.5 31.5
17.5 32.5
17.5 33.5
17.5 47.5
17.5 48.5
17.5 56.5
17.5 57.5
18.5 6.5
18.5 7.5
18.5 14.5
18.5 19.5
18.5 20.5
18.5 32.5
18.5 33.5
18.5 34.5
18.5 35.5
18.5 48.5
18.5 49.5
18.5 50.5
18.5 55.5
18.5 56.5
18.5 63.5
19.5 5.5
19.5 6.5
19.5 13.5
19.5 14.5
19.5 18.5
19.5 19.5
19.5 34.5
19.5 35.5
19.5 36.5
19.5 49.5
19.5 50.5
19.5 51.5
19.5 54.5
19.5 55.5
19.5 62.5
20.5 12.5
20.5 13.5
20.5 18.5
20.5 19.5
20.5 27.5
20.5 35.5
20.5 36.5
20.5 37.5
20.5 38.5
20.5 39.5
20.5 40.5
20.5 41.5
20.5 51.5
20.5 52.5
20.5 53.5
20.5 54.5
20.5 61.5
20.5 62.5
21.5 11.5
21.5 12.5
21.5 17.5
21.5 18.5
21.5 25.5
21.5 26.5
21.5 28.5
21.5 29.5
21.5 37.5
21.5 38.5
21.5 39.5
21.5 40.5
21.5 41.5
21.5 42.5
21.5 43.5
21.5 44.5
21.5 60.5
21.5 61.5
22.5 10.5
22.5 11.5
22.5 16.5
22.5 17.5
22.5 24.5
22.5 25.5
22.5 29.5
22.5 30.5
22.5 42.5
22.5 43.5
22.5 44.5
22.5 45.5
22.5 46.5
22.5 59.5
22.5 60.5
23.5 9.5
23.5 10.5
23.5 11.5
23.5 16.5
23.5 23.5
23.5 24.5
23.5 29.5
23.5 30.5
23.5 31.5
23.5 45.5
23.5 46.5
23.5 47.5
23.5 48.5
23.5 58.5
23.5 59.5
24.5 9.5
24.5 10.5
24.5 15.5
24.5 22.5
24.5 23.5
24.5 30.5
24.5 31.5
24.5 32.5
24.5 48.5
24.5 57.5
24.5 58.5
25.5 8.5
25.5 9.5
25.5 21.5
25.5 22.5
25.5 31.5
25.5 32.5
25.5 33.5
25.5 59.5
26.5 7.5
26.5 8.5
26.5 20.5
26.5 21.5
26.5 33.5
26.5 58.5
27.5 8.5
27.5 9.5
27.5 19.5
27.5 20.5
27.5 34.5
27.5 43.5
27.5 44.5
27.5 45.5
27.5 57.5
27.5 58.5
28.5 7.5
28.5 8.5
28.5 18.5
28.5 31.5
28.5 32.5
28.5 44.5
28.5 45.5
28.5 46.5
28.5 56.5
28.5 57.5
29.5 7.5
29.5 8.5
29.5 18.5
29.5 19.5
29.5 32.5
29.5 33.5
29.5 45.5
29.5 46.5
29.5 47.5
29.5 48.5
29.5 55.5
29.5 56.5
30.5 6.5
30.5 7.5
30.5 19.5
30.5 20.5
30.5 21.5
30.5 33.5
30.5 34.5
30.5 35.5
30.5 39.5
30.5 47.5
30.5 48.5
30.5 49.5
30.5 54.5
30.5 55.5
30.5 63.5
31.5 5.5
31.5 6.5
31.5 7.5
31.5 20.5
31.5 21.5
31.5 22.5
31.5 35.5
31.5 36.5
31.5 40.5
31.5 48.5
31.5 49.5
31.5 50.5
31.5 51.5
31.5 53.5
31.5 54.5
31.5 62.5
31.5 63.5
32.5 5.5
32.5 6.5
32.5 14.5
32.5 22.5
32.5 23.5
32.5 24.5
32.5 26.5
32.5 36.5
32.5 37.5
32.5 41.5
32.5 50.5
32.5 51.5
32.5 53.5
32.5 60.5
32.5 61.5
32.5 62.5
33.5 5.5
33.5 12.5
33.5 13.5
33.5 15.5
33.5 16.5
33.5 24.5
33.5 25.5
33.5 27.5
33.5 28.5
33.5 29.5
33.5 37.5
33.5 38.5
33.5 42.5
33.5 43.5
33.5 52.5
33.5 59.5
33.5 60.5
33.5 61.5
34.5 11.5
34.5 12.5
34.5 13.5
34.5 16.5
34.5 17.5
34.5 26.5
34.5 29.5
34.5 30.5
34.5 31.5
34.5 39.5
34.5 43.5
34.5 44.5
34.5 58.5
34.5 59.5
34.5 60.5
35.5 10.5
35.5 11.5
35.5 12.5
35.5 17.5
35.5 18.5
35.5 30.5
35.5 31.5
35.5 32.5
35.5 33.5
35.5 44.5
35.5 57.5
35.5 58.5
35.5 59.5
36.5 9.5
36.5 10.5
36.5 11.5
36.5 18.5
36.5 19.5
36.5 20.5
36.5 32.5
36.5 33.5
36.5 34.5
36.5 45.5
36.5 57.5
36.5 58.5
37.5 8.5
37.5 9.5
37.5 10.5
37.5 19.5
37.5 20.5
37.5 21.5
37.5 34.5
37.5 35.5
37.5 36.5
37.5 46.5
37.5 56.5
37.5 57.5
38.5 8.5
38.5 21.5
38.5 22.5
38.5 46.5
38.5 55.5
38.5 56.5
39.5 10.5
39.5 22.5
39.5 35.5
39.5 36.5
39.5 45.5
39.5 46.5
39.5 59.5
40.5 9.5
40.5 10.5
40.5 19.5
40.5 20.5
40.5 33.5
40.5 34.5
40.5 35.5
40.5 45.5
40.5 57.5
40.5 58.5
41.5 8.5
41.5 9.5
41.5 20.5
41.5 21.5
41.5 32.5
41.5 33.5
41.5 44.5
41.5 45.5
41.5 56.5
41.5 57.5
41.5 58.5
42.5 7.5
42.5 8.5
42.5 21.5
42.5 22.5
42.5 23.5
42.5 30.5
42.5 31.5
42.5 32.5
42.5 43.5
42.5 44.5
42.5 49.5
42.5 55.5
42.5 56.5
42.5 57.5
43.5 6.5
43.5 7.5
43.5 22.5
43.5 23.5
43.5 24.5
43.5 29.5
43.5 30.5
43.5 31.5
43.5 39.5
43.5 40.5
43.5 43.5
43.5 48.5
43.5 49.5
43.5 54.5
43.5 55.5
43.5 56.5
44.5 5.5
44.5 6.5
44.5 14.5
44.5 24.5
44.5 25.5
44.5 28.5
44.5 29.5
44.5 37.5
44.5 38.5
44.5 39.5
44.5 42.5
44.5 48.5
44.5 53.5
44.5 54.5
44.5 55.5
44.5 64.5
45.5 5.5
45.5 12.5
45.5 13.5
45.5 15.5
45.5 16.5
45.5 17.5
45.5 25.5
45.5 26.5
45.5 27.5
45.5 36.5
45.5 37.5
45.5 38.5
45.5 41.5
45.5 42.5
45.5 47.5
45.5 48.5
45.5 52.5
45.5 53.5
45.5 54.5
45.5 62.5
45.5 63.5
45.5 64.5
46.5 11.5
46.5 12.5
46.5 16.5
46.5 17.5
46.5 18.5
46.5 19.5
46.5 35.5
46.5 36.5
46.5 37.5
46.5 41.5
46.5 47.5
46.5 48.5
46.5 51.5
46.5 52.5
46.5 61.5
46.5 62.5
46.5 63.5
47.5 9.5
47.5 10.5
47.5 11.5
47.5 18.5
47.5 19.5
47.5 20.5
47.5 33.5
47.5 34.5
47.5 35.5
47.5 46.5
47.5 47.5
47.5 51.5
47.5 59.5
47.5 60.5
47.5 61.5
47.5 62.5
48.5 8.5
48.5 9.5
48.5 20.5
48.5 21.5
48.5 22.5
48.5 32.5
48.5 33.5
48.5 34.5
48.5 46.5
48.5 47.5
48.5 58.5
48.5 59.5
48.5 60.5
49.5 7.5
49.5 8.5
49.5 23.5
49.5 31.5
49.5 32.5
49.5 46.5
49.5 57.5
49.5 58.5
49.5 59.5
50.5 9.5
50.5 22.5
50.5 36.5
50.5 45.5
50.5 46.5
50.5 56.5
50.5 57.5
51.5 8.5
51.5 9.5
51.5 21.5
51.5 34.5
51.5 35.5
51.5 45.5
51.5 46.5
52.5 8.5
52.5 20.5
52.5 21.5
52.5 33.5
52.5 34.5
52.5 35.5
52.5 45.5
52.5 46.5
53.5 7.5
53.5 8.5
53.5 19.5
53.5 20.5
53.5 32.5
53.5 33.5
53.5 34.5
53.5 45.5
53.5 55.5
53.5 56.5
53.5 57.5
54.5 6.5
54.5 7.5
54.5 13.5
54.5 18.5
54.5 19.5
54.5 31.5
54.5 32.5
54.5 33.5
54.5 41.5
54.5 42.5
54.5 44.5
54.5 45.5
54.5 57.5
54.5 58.5
54.5 59.5
54.5 60.5
55.5 6.5
55.5 7.5
55.5 12.5
55.5 13.5
55.5 17.5
55.5 18.5
55.5 26.5
55.5 27.5
55.5 30.5
55.5 31.5
55.5 32.5
55.5 40.5
55.5 41.5
55.5 44.5
55.5 58.5
55.5 59.5
55.5 60.5
55.5 61.5
55.5 62.5
56.5 5.5
56.5 6.5
56.5 12.5
56.5 16.5
56.5 17.5
56.5 25.5
56.5 26.5
56.5 29.5
56.5 30.5
56.5 31.5
56.5 38.5
56.5 39.5
56.5 40.5
56.5 43.5
56.5 44.5
56.5 49.5
56.5 51.5
56.5 52.5
56.5 61.5
56.5 62.5
56.5 63.5
56.5 64.5
57.5 5.5
57.5 11.5
57.5 12.5
57.5 15.5
57.5 16.5
57.5 24.5
57.5 25.5
57.5 29.5
57.5 30.5
57.5 37.5
57.5 38.5
57.5 39.5
57.5 43.5
57.5 48.5
57.5 49.5
57.5 52.5
57.5 53.5
57.5 64.5
58.5 10.5
58.5 11.5
58.5 14.5
58.5 15.5
58.5 23.5
58.5 24.5
58.5 28.5
58.5 29.5
58.5 36.5
58.5 37.5
58.5 38.5
58.5 48.5
58.5 53.5
58.5 54.5
58.5 55.5
59.5 9.5
59.5 10.5
59.5 22.5
59.5 23.5
59.5 35.5
59.5 36.5
59.5 47.5
59.5 48.5
59.5 55.5
59.5 56.5
60.5 9.5
60.5 10.5
60.5 21.5
60.5 22.5
60.5 34.5
60.5 35.5
60.5 47.5
60.5 56.5
60.5 57.5
60.5 58.5
61.5 8.5
61.5 9.5
61.5 20.5
61.5 21.5
61.5 33.5
61.5 34.5
61.5 47.5
61.5 58.5
61.5 59.5
62.5 8.5
62.5 19.5
62.5 20.5
63.5 7.5
