3.5 29.5
3.5 38.5
3.5 59.5
4.5 8.5
4.5 20.5
4.5 29.5
4.5 39.5
4.5 50.5
5.5 20.5
5.5 39.5
5.5 58.5
6.5 9.5
6.5 20.5
6.5 30.5
6.5 40.5
6.5 51.5
6.5 58.5
7.5 10.5
7.5 30.5
7.5 51.5
7.5 57.5
8.5 10.5
8.5 21.5
8.5 26.5
8.5 41.5
8.5 57.5
9.5 11.5
9.5 15.5
9.5 21.5
9.5 26.5
9.5 35.5
9.5 42.5
9.5 46.5
9.5 52.5
10.5 21.5
10.5 26.5
10.5 31.5
10.5 52.5
10.5 56.5
10.5 62.5
11.5 5.5
11.5 16.5
11.5 36.5
11.5 43.5
11.5 47.5
12.5 6.5
12.5 36.5
12.5 61.5
13.5 6.5
13.5 17.5
13.5 27.5
13.5 37.5
13.5 48.5
14.5 7.5
14.5 17.5
14.5 27.5
14.5 37.5
14.5 48.5
14.5 60.5
15.5 18.5
15.5 27.5
16.5 38.5
16.5 49.5
16.5 59.5
18.5 7.5
18.5 38.5
19.5 28.5
19.5 48.5
19.5 59.5
20.5 6.5
20.5 17.5
20.5 37.5
20.5 48.5
21.5 6.5
21.5 17.5
21.5 29.5
21.5 37.5
21.5 58.5
22.5 5.5
22.5 17.5
22.5 37.5
22.5 47.5
23.5 5.5
23.5 11.5
23.5 17.5
23.5 30.5
23.5 42.5
23.5 57.5
24.5 11.5
24.5 30.5
24.5 36.5
24.5 46.5
24.5 52.5
24.5 57.5
24.5 62.5
25.5 11.5
25.5 21.5
25.5 31.5
25.5 36.5
25.5 46.5
25.5 52.5
26.5 10.5
26.5 25.5
26.5 41.5
26.5 51.5
26.5 56.5
26.5 61.5
27.5 10.5
27.5 25.5
27.5 32.5
27.5 41.5
27.5 51.5
28.5 10.5
28.5 20.5
28.5 26.5
28.5 60.5
29.5 27.5
29.5 40.5
29.5 50.5
30.5 27.5
30.5 40.5
30.5 59.5
31.5 19.5
31.5 28.5
31.5 49.5
32.5 9.5
32.5 28.5
32.5 39.5
33.5 9.5
33.5 29.5
33.5 49.5
33.5 59.5
34.5 18.5
35.5 10.5
35.5 29.5
35.5 50.5
35.5 60.5
36.5 10.5
36.5 28.5
36.5 40.5
37.5 11.5
37.5 17.5
37.5 28.5
37.5 51.5
37.5 61.5
38.5 5.5
38.5 11.5
38.5 27.5
38.5 41.5
38.5 51.5
38.5 56.5
38.5 61.5
39.5 16.5
39.5 26.5
39.5 41.5
39.5 52.5
40.5 6.5
40.5 12.5
40.5 16.5
40.5 25.5
40.5 33.5
40.5 46.5
40.5 52.5
40.5 57.5
40.5 62.5
41.5 6.5
41.5 12.5
41.5 20.5
41.5 33.5
41.5 37.5
41.5 42.5
41.5 57.5
42.5 6.5
42.5 15.5
42.5 20.5
42.5 32.5
42.5 42.5
42.5 47.5
42.5 53.5
43.5 19.5
43.5 31.5
43.5 38.5
43.5 58.5
44.5 7.5
44.5 19.5
44.5 31.5
44.5 38.5
44.5 48.5
45.5 7.5
45.5 30.5
45.5 59.5
46.5 18.5
46.5 29.5
46.5 39.5
46.5 49.5
46.5 59.5
49.5 18.5
50.5 8.5
50.5 29.5
50.5 40.5
50.5 59.5
51.5 8.5
51.5 19.5
51.5 30.5
51.5 50.5
52.5 19.5
52.5 30.5
52.5 41.5
52.5 58.5
53.5 9.5
53.5 31.5
53.5 41.5
53.5 51.5
53.5 58.5
54.5 9.5
54.5 14.5
54.5 20.5
54.5 32.5
54.5 52.5
54.5 57.5
55.5 20.5
55.5 25.5
55.5 32.5
55.5 46.5
55.5 57.5
56.5 10.5
56.5 15.5
56.5 33.5
56.5 37.5
56.5 42.5
56.5 53.5
56.5 62.5
57.5 5.5
57.5 15.5
57.5 21.5
57.5 26.5
57.5 47.5
57.5 62.5
58.5 26.5
58.5 38.5
59.5 6.5
59.5 16.5
59.5 27.5
59.5 38.5
59.5 48.5
59.5 61.5
60.5 6.5
60.5 16.5
60.5 27.5
60.5 49.5
60.5 61.5
61.5 28.5
61.5 39.5
61.5 49.5
62.5 17.5
