5.5 12.5
5.5 13.5
5.5 14.5
5.5 33.5
5.5 34.5
5.5 35.5
5.5 53.5
5.5 54.5
5.5 55.5
6.5 10.5
6.5 11.5
6.5 12.5
6.5 29.5
6.5 30.5
6.5 31.5
6.5 32.5
6.5 50.5
6.5 51.5
6.5 52.5
6.5 53.5
7.5 7.5
7.5 8.5
7.5 9.5
7.5 10.5
7.5 27.5
7.5 28.5
7.5 29.5
7.5 30.5
7.5 48.5
7.5 49.5
7.5 50.5
7.5 51.5
8.5 5.5
8.5 6.5
8.5 7.5
8.5 25.5
8.5 26.5
8.5 45.5
8.5 46.5
8.5 47.5
9.5 19.5
9.5 20.5
9.5 21.5
9.5 39.5
9.5 40.5
9.5 41.5
9.5 61.5
9.5 62.5
9.5 63.5
9.5 64.5
10.5 16.5
10.5 17.5
10.5 18.5
10.5 19.5
10.5 36.5
10.5 37.5
10.5 38.5
10.5 39.5
10.5 58.5
10.5 59.5
10.5 60.5
10.5 61.5
11.5 13.5
11.5 14.5
11.5 15.5
11.5 16.5
11.5 34.5
11.5 35.5
11.5 36.5
11.5 55.5
11.5 56.5
11.5 57.5
11.5 58.5
12.5 11.5
12.5 12.5
12.5 13.5
12.5 32.5
12.5 33.5
12.5 52.5
12.5 53.5
12.5 54.5
12.5 55.5
16.5 35.5
16.5 36.5
17.5 12.5
17.5 13.5
17.5 14.5
17.5 15.5
17.5 32.5
17.5 33.5
17.5 34.5
17.5 52.5
17.5 53.5
17.5 54.5
18.5 14.5
18.5 15.5
18.5 16.5
18.5 17.5
18.5 18.5
18.5 30.5
18.5 31.5
18.5 32.5
18.5 33.5
18.5 54.5
18.5 55.5
18.5 56.5
18.5 57.5
18.5 58.5
19.5 17.5
19.5 18.5
19.5 19.5
19.5 20.5
19.5 28.5
19.5 29.5
19.5 30.5
19.5 31.5
19.5 57.5
19.5 58.5
19.5 59.5
19.5 60.5
19.5 61.5
20.5 20.5
20.5 21.5
20.5 22.5
20.5 27.5
20.5 28.5
20.5 42.5
20.5 45.5
20.5 46.5
20.5 60.5
20.5 61.5
20.5 62.5
20.5 63.5
21.5 5.5
21.5 39.5
21.5 40.5
21.5 41.5
21.5 47.5
21.5 48.5
22.5 5.5
22.5 6.5
22.5 7.5
22.5 8.5
22.5 37.5
22.5 38.5
22.5 39.5
22.5 49.5
22.5 50.5
22.5 51.5
23.5 8.5
23.5 9.5
23.5 10.5
23.5 11.5
23.5 35.5
23.5 36.5
23.5 37.5
23.5 51.5
23.5 52.5
23.5 53.5
24.5 11.5
24.5 12.5
24.5 13.5
24.5 14.5
24.5 33.5
24.5 34.5
24.5 53.5
24.5 54.5
24.5 55.5
25.5 15.5
29.5 33.5
29.5 34.5
29.5 35.5
29.5 53.5
29.5 54.5
29.5 55.5
30.5 11.5
30.5 12.5
30.5 13.5
30.5 14.5
30.5 15.5
30.5 35.5
30.5 36.5
30.5 37.5
30.5 38.5
30.5 50.5
30.5 51.5
30.5 52.5
30.5 53.5
31.5 14.5
31.5 15.5
31.5 16.5
31.5 17.5
31.5 18.5
31.5 19.5
31.5 37.5
31.5 38.5
31.5 39.5
31.5 40.5
31.5 48.5
31.5 49.5
31.5 50.5
31.5 51.5
32.5 18.5
32.5 19.5
32.5 20.5
32.5 21.5
32.5 39.5
32.5 40.5
32.5 41.5
32.5 46.5
32.5 47.5
32.5 48.5
33.5 5.5
33.5 24.5
33.5 25.5
33.5 26.5
33.5 42.5
33.5 45.5
34.5 6.5
34.5 7.5
34.5 8.5
34.5 26.5
34.5 27.5
34.5 28.5
34.5 29.5
34.5 60.5
34.5 61.5
34.5 62.5
34.5 63.5
35.5 8.5
35.5 9.5
35.5 10.5
35.5 11.5
35.5 29.5
35.5 30.5
35.5 31.5
35.5 32.5
35.5 57.5
35.5 58.5
35.5 59.5
35.5 60.5
36.5 11.5
36.5 12.5
36.5 13.5
36.5 32.5
36.5 33.5
36.5 34.5
36.5 54.5
36.5 55.5
36.5 56.5
36.5 57.5
36.5 58.5
37.5 52.5
37.5 53.5
37.5 54.5
40.5 13.5
40.5 14.5
41.5 11.5
41.5 12.5
42.5 9.5
42.5 10.5
42.5 11.5
42.5 30.5
42.5 31.5
42.5 32.5
42.5 33.5
42.5 34.5
42.5 54.5
42.5 55.5
42.5 56.5
43.5 7.5
43.5 8.5
43.5 9.5
43.5 27.5
43.5 28.5
43.5 29.5
43.5 30.5
43.5 31.5
43.5 32.5
43.5 56.5
43.5 57.5
43.5 58.5
43.5 59.5
43.5 60.5
44.5 5.5
44.5 6.5
44.5 7.5
44.5 25.5
44.5 26.5
44.5 27.5
44.5 28.5
44.5 59.5
44.5 60.5
44.5 61.5
44.5 62.5
44.5 63.5
44.5 68.5
45.5 5.5
45.5 19.5
45.5 20.5
45.5 21.5
45.5 64.5
46.5 16.5
46.5 17.5
46.5 18.5
46.5 19.5
46.5 40.5
46.5 41.5
46.5 45.5
46.5 46.5
47.5 14.5
47.5 15.5
47.5 16.5
47.5 17.5
47.5 37.5
47.5 38.5
47.5 39.5
47.5 40.5
47.5 46.5
47.5 47.5
47.5 48.5
47.5 49.5
47.5 50.5
47.5 51.5
48.5 12.5
48.5 13.5
48.5 14.5
48.5 15.5
48.5 35.5
48.5 36.5
48.5 37.5
48.5 38.5
48.5 49.5
48.5 50.5
48.5 51.5
48.5 52.5
48.5 53.5
48.5 54.5
49.5 11.5
49.5 12.5
49.5 33.5
49.5 34.5
49.5 35.5
49.5 53.5
49.5 54.5
49.5 55.5
49.5 56.5
50.5 32.5
50.5 33.5
54.5 12.5
54.5 13.5
54.5 32.5
54.5 33.5
55.5 13.5
55.5 14.5
55.5 15.5
55.5 16.5
55.5 34.5
55.5 35.5
55.5 36.5
55.5 53.5
55.5 54.5
55.5 55.5
55.5 56.5
55.5 57.5
55.5 58.5
56.5 15.5
56.5 16.5
56.5 17.5
56.5 18.5
56.5 37.5
56.5 38.5
56.5 39.5
56.5 56.5
56.5 57.5
56.5 58.5
56.5 59.5
56.5 60.5
56.5 61.5
57.5 17.5
57.5 18.5
57.5 19.5
57.5 20.5
57.5 40.5
57.5 41.5
57.5 62.5
57.5 63.5
58.5 5.5
58.5 6.5
58.5 20.5
58.5 21.5
58.5 24.5
58.5 25.5
58.5 26.5
58.5 45.5
58.5 46.5
58.5 47.5
59.5 7.5
59.5 8.5
59.5 9.5
59.5 26.5
59.5 27.5
59.5 28.5
59.5 29.5
59.5 30.5
59.5 31.5
59.5 48.5
59.5 49.5
59.5 50.5
60.5 8.5
60.5 9.5
60.5 10.5
60.5 11.5
60.5 29.5
60.5 30.5
60.5 31.5
60.5 32.5
60.5 33.5
60.5 34.5
60.5 51.5
60.5 52.5
60.5 53.5
61.5 11.5
61.5 12.5
61.5 34.5
61.5 35.5
61.5 54.5
61.5 55.5
62.5 13.5
62.5 14.5
