5.5 7.5
5.5 8.5
5.5 9.5
5.5 58.5
5.5 59.5
5.5 60.5
6.5 7.5
6.5 8.5
6.5 9.5
6.5 19.5
6.5 20.5
6.5 21.5
6.5 32.5
6.5 33.5
6.5 43.5
6.5 44.5
6.5 45.5
6.5 58.5
6.5 59.5
6.5 60.5
7.5 6.5
7.5 7.5
7.5 8.5
7.5 18.5
7.5 19.5
7.5 20.5
7.5 21.5
7.5 31.5
7.5 32.5
7.5 33.5
7.5 43.5
7.5 44.5
7.5 45.5
7.5 58.5
7.5 59.5
7.5 60.5
8.5 6.5
8.5 7.5
8.5 8.5
8.5 18.5
8.5 19.5
8.5 20.5
8.5 21.5
8.5 30.5
8.5 31.5
8.5 32.5
8.5 33.5
8.5 42.5
8.5 43.5
8.5 44.5
8.5 45.5
8.5 59.5
8.5 60.5
9.5 6.5
9.5 7.5
9.5 18.5
9.5 19.5
9.5 20.5
9.5 30.5
9.5 31.5
9.5 32.5
9.5 42.5
9.5 43.5
9.5 44.5
10.5 12.5
10.5 18.5
10.5 19.5
10.5 31.5
10.5 37.5
10.5 48.5
10.5 49.5
10.5 54.5
10.5 55.5
11.5 11.5
11.5 12.5
11.5 13.5
11.5 24.5
11.5 25.5
11.5 26.5
11.5 35.5
11.5 36.5
11.5 37.5
11.5 47.5
11.5 48.5
11.5 49.5
11.5 54.5
11.5 55.5
11.5 56.5
12.5 10.5
12.5 11.5
12.5 12.5
12.5 13.5
12.5 23.5
12.5 24.5
12.5 25.5
12.5 35.5
12.5 36.5
12.5 37.5
12.5 47.5
12.5 48.5
12.5 49.5
12.5 54.5
12.5 55.5
12.5 56.5
13.5 10.5
13.5 11.5
13.5 12.5
13.5 13.5
13.5 23.5
13.5 24.5
13.5 25.5
13.5 35.5
13.5 36.5
13.5 37.5
13.5 46.5
13.5 47.5
13.5 48.5
13.5 55.5
13.5 56.5
14.5 10.5
14.5 11.5
14.5 12.5
14.5 23.5
14.5 24.5
14.5 35.5
14.5 36.5
14.5 46.5
14.5 47.5
14.5 56.5
15.5 11.5
19.5 57.5
19.5 58.5
20.5 11.5
20.5 23.5
20.5 24.5
20.5 35.5
20.5 36.5
20.5 46.5
20.5 47.5
20.5 48.5
20.5 57.5
20.5 58.5
20.5 59.5
21.5 10.5
21.5 11.5
21.5 12.5
21.5 23.5
21.5 24.5
21.5 25.5
21.5 35.5
21.5 36.5
21.5 37.5
21.5 46.5
21.5 47.5
21.5 48.5
21.5 57.5
21.5 58.5
21.5 59.5
22.5 11.5
22.5 12.5
22.5 13.5
22.5 23.5
22.5 24.5
22.5 25.5
22.5 26.5
22.5 35.5
22.5 36.5
22.5 37.5
22.5 46.5
22.5 47.5
22.5 48.5
22.5 49.5
22.5 58.5
22.5 59.5
22.5 60.5
23.5 11.5
23.5 12.5
23.5 13.5
23.5 24.5
23.5 25.5
23.5 26.5
23.5 35.5
23.5 36.5
23.5 37.5
23.5 47.5
23.5 48.5
23.5 49.5
23.5 58.5
23.5 59.5
23.5 60.5
24.5 11.5
24.5 12.5
24.5 13.5
24.5 25.5
24.5 26.5
24.5 36.5
24.5 37.5
24.5 48.5
24.5 59.5
25.5 13.5
25.5 19.5
25.5 20.5
25.5 31.5
25.5 32.5
25.5 42.5
25.5 43.5
25.5 44.5
25.5 53.5
25.5 54.5
25.5 55.5
26.5 6.5
26.5 7.5
26.5 8.5
26.5 18.5
26.5 19.5
26.5 20.5
26.5 21.5
26.5 31.5
26.5 32.5
26.5 33.5
26.5 42.5
26.5 43.5
26.5 44.5
26.5 53.5
26.5 54.5
26.5 55.5
26.5 56.5
27.5 6.5
27.5 7.5
27.5 8.5
27.5 19.5
27.5 20.5
27.5 21.5
27.5 31.5
27.5 32.5
27.5 33.5
27.5 42.5
27.5 43.5
27.5 44.5
27.5 45.5
27.5 54.5
27.5 55.5
27.5 56.5
28.5 6.5
28.5 7.5
28.5 8.5
28.5 9.5
28.5 19.5
28.5 20.5
28.5 21.5
28.5 22.5
28.5 32.5
28.5 33.5
28.5 34.5
28.5 43.5
28.5 44.5
28.5 45.5
28.5 54.5
28.5 55.5
28.5 56.5
29.5 7.5
29.5 8.5
29.5 9.5
29.5 20.5
29.5 21.5
29.5 22.5
29.5 33.5
29.5 44.5
29.5 55.5
29.5 56.5
30.5 7.5
30.5 8.5
30.5 9.5
35.5 22.5
35.5 23.5
35.5 24.5
35.5 32.5
35.5 33.5
35.5 46.5
35.5 47.5
35.5 57.5
35.5 58.5
36.5 8.5
36.5 9.5
36.5 22.5
36.5 23.5
36.5 24.5
36.5 31.5
36.5 32.5
36.5 33.5
36.5 45.5
36.5 46.5
36.5 47.5
36.5 57.5
36.5 58.5
36.5 59.5
37.5 7.5
37.5 8.5
37.5 9.5
37.5 22.5
37.5 23.5
37.5 24.5
37.5 25.5
37.5 30.5
37.5 31.5
37.5 32.5
37.5 33.5
37.5 46.5
37.5 47.5
37.5 48.5
37.5 57.5
37.5 58.5
37.5 59.5
38.5 6.5
38.5 7.5
38.5 8.5
38.5 22.5
38.5 23.5
38.5 24.5
38.5 25.5
38.5 30.5
38.5 31.5
38.5 32.5
38.5 46.5
38.5 47.5
38.5 48.5
38.5 58.5
38.5 59.5
39.5 6.5
39.5 7.5
39.5 23.5
39.5 24.5
39.5 25.5
39.5 30.5
39.5 31.5
39.5 47.5
39.5 48.5
39.5 59.5
40.5 12.5
40.5 13.5
40.5 18.5
40.5 36.5
40.5 53.5
40.5 54.5
41.5 11.5
41.5 12.5
41.5 13.5
41.5 18.5
41.5 19.5
41.5 20.5
41.5 35.5
41.5 36.5
41.5 37.5
41.5 42.5
41.5 43.5
41.5 53.5
41.5 54.5
41.5 55.5
42.5 10.5
42.5 11.5
42.5 12.5
42.5 13.5
42.5 18.5
42.5 19.5
42.5 20.5
42.5 34.5
42.5 35.5
42.5 36.5
42.5 37.5
42.5 42.5
42.5 43.5
42.5 44.5
42.5 53.5
42.5 54.5
42.5 55.5
43.5 10.5
43.5 11.5
43.5 12.5
43.5 19.5
43.5 20.5
43.5 21.5
43.5 34.5
43.5 35.5
43.5 36.5
43.5 42.5
43.5 43.5
43.5 44.5
43.5 53.5
43.5 54.5
43.5 55.5
44.5 10.5
44.5 11.5
44.5 19.5
44.5 20.5
44.5 21.5
44.5 33.5
44.5 34.5
44.5 35.5
44.5 36.5
44.5 42.5
44.5 43.5
44.5 44.5
44.5 54.5
44.5 55.5
45.5 34.5
45.5 35.5
45.5 43.5
45.5 44.5
50.5 7.5
50.5 8.5
50.5 9.5
50.5 22.5
50.5 23.5
50.5 55.5
51.5 6.5
51.5 7.5
51.5 8.5
51.5 9.5
51.5 22.5
51.5 23.5
51.5 31.5
51.5 32.5
51.5 45.5
51.5 46.5
51.5 54.5
51.5 55.5
52.5 6.5
52.5 7.5
52.5 8.5
52.5 9.5
52.5 22.5
52.5 23.5
52.5 24.5
52.5 30.5
52.5 31.5
52.5 32.5
52.5 45.5
52.5 46.5
52.5 47.5
52.5 53.5
52.5 54.5
52.5 55.5
53.5 6.5
53.5 7.5
53.5 8.5
53.5 22.5
53.5 23.5
53.5 24.5
53.5 29.5
53.5 30.5
53.5 31.5
53.5 32.5
53.5 45.5
53.5 46.5
53.5 47.5
53.5 48.5
53.5 53.5
53.5 54.5
53.5 55.5
54.5 6.5
54.5 7.5
54.5 23.5
54.5 24.5
54.5 29.5
54.5 30.5
54.5 31.5
54.5 32.5
54.5 46.5
54.5 47.5
54.5 48.5
54.5 53.5
54.5 54.5
55.5 24.5
55.5 30.5
55.5 31.5
55.5 46.5
55.5 47.5
55.5 48.5
55.5 53.5
55.5 59.5
55.5 60.5
56.5 11.5
56.5 12.5
56.5 13.5
56.5 18.5
56.5 19.5
56.5 20.5
56.5 36.5
56.5 42.5
56.5 58.5
56.5 59.5
56.5 60.5
56.5 61.5
57.5 10.5
57.5 11.5
57.5 12.5
57.5 13.5
57.5 18.5
57.5 19.5
57.5 20.5
57.5 35.5
57.5 36.5
57.5 37.5
57.5 41.5
57.5 42.5
57.5 43.5
57.5 58.5
57.5 59.5
57.5 60.5
58.5 10.5
58.5 11.5
58.5 12.5
58.5 13.5
58.5 18.5
58.5 19.5
58.5 20.5
58.5 21.5
58.5 34.5
58.5 35.5
58.5 36.5
58.5 42.5
58.5 43.5
58.5 44.5
58.5 57.5
58.5 58.5
58.5 59.5
58.5 60.5
59.5 10.5
59.5 11.5
59.5 12.5
59.5 19.5
59.5 20.5
59.5 21.5
59.5 34.5
59.5 35.5
59.5 36.5
59.5 42.5
59.5 43.5
59.5 44.5
59.5 57.5
59.5 58.5
59.5 59.5
60.5 10.5
60.5 11.5
60.5 20.5
60.5 21.5
60.5 34.5
60.5 35.5
60.5 43.5
60.5 44.5
