3.5 7.5
3.5 18.5
3.5 39.5
3.5 59.5
4.5 6.5
4.5 7.5
4.5 17.5
4.5 18.5
4.5 28.5
4.5 38.5
4.5 39.5
4.5 48.5
4.5 49.5
4.5 60.5
5.5 5.5
5.5 6.5
5.5 17.5
5.5 28.5
5.5 37.5
5.5 38.5
5.5 47.5
5.5 48.5
5.5 60.5
5.5 61.5
6.5 5.5
6.5 12.5
6.5 16.5
6.5 17.5
6.5 27.5
6.5 36.5
6.5 42.5
6.5 46.5
6.5 47.5
6.5 62.5
6.5 68.5
7.5 11.5
7.5 16.5
7.5 27.5
7.5 33.5
7.5 35.5
7.5 42.5
7.5 46.5
7.5 63.5
8.5 10.5
8.5 11.5
8.5 22.5
8.5 26.5
8.5 32.5
8.5 41.5
8.5 52.5
8.5 56.5
9.5 9.5
9.5 10.5
9.5 21.5
9.5 22.5
9.5 26.5
9.5 31.5
9.5 41.5
9.5 51.5
9.5 57.5
10.5 9.5
10.5 20.5
10.5 21.5
10.5 31.5
10.5 40.5
10.5 50.5
10.5 58.5
11.5 20.5
11.5 30.5
11.5 49.5
11.5 59.5
12.5 19.5
13.5 8.5
13.5 40.5
14.5 9.5
14.5 19.5
14.5 31.5
14.5 40.5
14.5 59.5
15.5 10.5
15.5 11.5
15.5 20.5
15.5 31.5
15.5 41.5
15.5 49.5
15.5 60.5
16.5 5.5
16.5 11.5
16.5 12.5
16.5 21.5
16.5 31.5
16.5 41.5
16.5 50.5
16.5 61.5
16.5 62.5
17.5 5.5
17.5 15.5
17.5 22.5
17.5 31.5
17.5 36.5
17.5 42.5
17.5 45.5
17.5 50.5
17.5 63.5
18.5 6.5
18.5 16.5
18.5 17.5
18.5 26.5
18.5 36.5
18.5 37.5
18.5 46.5
18.5 51.5
18.5 54.5
19.5 6.5
19.5 7.5
19.5 17.5
19.5 18.5
19.5 27.5
19.5 37.5
19.5 46.5
19.5 55.5
19.5 56.5
19.5 57.5
20.5 7.5
20.5 18.5
20.5 19.5
20.5 27.5
20.5 37.5
20.5 38.5
20.5 47.5
20.5 57.5
20.5 58.5
20.5 59.5
21.5 7.5
21.5 28.5
21.5 38.5
21.5 47.5
22.5 48.5
23.5 18.5
23.5 27.5
24.5 7.5
24.5 8.5
24.5 17.5
24.5 28.5
24.5 38.5
24.5 57.5
25.5 8.5
25.5 9.5
25.5 16.5
25.5 17.5
25.5 29.5
25.5 36.5
25.5 37.5
25.5 47.5
25.5 58.5
25.5 59.5
26.5 9.5
26.5 10.5
26.5 15.5
26.5 16.5
26.5 30.5
26.5 35.5
26.5 36.5
26.5 47.5
26.5 60.5
26.5 61.5
27.5 10.5
27.5 11.5
27.5 14.5
27.5 21.5
27.5 24.5
27.5 31.5
27.5 34.5
27.5 47.5
27.5 61.5
27.5 62.5
28.5 20.5
28.5 25.5
28.5 26.5
28.5 42.5
28.5 46.5
28.5 51.5
28.5 63.5
29.5 5.5
29.5 6.5
29.5 19.5
29.5 20.5
29.5 26.5
29.5 27.5
29.5 40.5
29.5 41.5
29.5 51.5
29.5 55.5
30.5 6.5
30.5 7.5
30.5 19.5
30.5 27.5
30.5 28.5
30.5 39.5
30.5 40.5
30.5 50.5
30.5 51.5
30.5 56.5
30.5 57.5
31.5 8.5
31.5 18.5
31.5 28.5
31.5 50.5
31.5 57.5
31.5 58.5
32.5 17.5
32.5 50.5
32.5 59.5
33.5 50.5
34.5 8.5
34.5 28.5
34.5 39.5
35.5 9.5
35.5 17.5
35.5 27.5
35.5 40.5
35.5 41.5
35.5 50.5
36.5 9.5
36.5 10.5
36.5 16.5
36.5 26.5
36.5 42.5
36.5 49.5
36.5 60.5
37.5 10.5
37.5 15.5
37.5 25.5
37.5 31.5
37.5 35.5
37.5 43.5
37.5 44.5
37.5 48.5
37.5 61.5
37.5 62.5
38.5 5.5
38.5 11.5
38.5 15.5
38.5 21.5
38.5 22.5
38.5 31.5
38.5 36.5
38.5 47.5
38.5 62.5
38.5 63.5
39.5 6.5
39.5 14.5
39.5 20.5
39.5 30.5
39.5 31.5
39.5 37.5
39.5 38.5
39.5 52.5
39.5 55.5
39.5 64.5
40.5 7.5
40.5 19.5
40.5 30.5
40.5 38.5
40.5 39.5
40.5 51.5
40.5 56.5
40.5 57.5
41.5 8.5
41.5 18.5
41.5 30.5
41.5 39.5
41.5 50.5
41.5 58.5
41.5 59.5
42.5 29.5
42.5 40.5
42.5 60.5
44.5 18.5
45.5 19.5
45.5 28.5
45.5 39.5
45.5 58.5
46.5 9.5
46.5 19.5
46.5 20.5
46.5 27.5
46.5 28.5
46.5 39.5
46.5 40.5
46.5 41.5
46.5 51.5
46.5 60.5
46.5 61.5
47.5 10.5
47.5 21.5
47.5 26.5
47.5 41.5
47.5 42.5
47.5 47.5
47.5 52.5
47.5 62.5
48.5 11.5
48.5 14.5
48.5 22.5
48.5 25.5
48.5 42.5
48.5 43.5
48.5 47.5
48.5 48.5
48.5 56.5
49.5 5.5
49.5 12.5
49.5 15.5
49.5 32.5
49.5 35.5
49.5 48.5
49.5 57.5
50.5 5.5
50.5 6.5
50.5 16.5
50.5 30.5
50.5 36.5
50.5 37.5
50.5 48.5
50.5 58.5
51.5 6.5
51.5 7.5
51.5 17.5
51.5 28.5
51.5 38.5
51.5 49.5
52.5 8.5
52.5 18.5
52.5 40.5
54.5 27.5
54.5 38.5
54.5 49.5
54.5 58.5
55.5 18.5
55.5 28.5
55.5 29.5
55.5 39.5
55.5 50.5
55.5 51.5
55.5 58.5
56.5 7.5
56.5 8.5
56.5 19.5
56.5 29.5
56.5 30.5
56.5 40.5
56.5 51.5
56.5 52.5
56.5 57.5
57.5 8.5
57.5 9.5
57.5 20.5
57.5 30.5
57.5 31.5
57.5 34.5
57.5 41.5
57.5 52.5
57.5 57.5
57.5 62.5
58.5 10.5
58.5 11.5
58.5 13.5
58.5 21.5
58.5 25.5
58.5 32.5
58.5 35.5
58.5 42.5
58.5 45.5
58.5 53.5
59.5 14.5
59.5 15.5
59.5 22.5
59.5 25.5
59.5 26.5
59.5 36.5
59.5 46.5
59.5 47.5
59.5 61.5
60.5 5.5
60.5 15.5
60.5 16.5
60.5 26.5
60.5 37.5
60.5 48.5
60.5 49.5
60.5 61.5
61.5 6.5
61.5 17.5
61.5 18.5
61.5 27.5
61.5 38.5
61.5 50.5
61.5 61.5
62.5 7.5
62.5 28.5
63.5 60.5
