3.5 33.5
3.5 34.5
3.5 44.5
3.5 45.5
3.5 46.5
3.5 56.5
3.5 57.5
3.5 58.5
4.5 8.5
4.5 9.5
4.5 20.5
4.5 21.5
4.5 33.5
4.5 34.5
4.5 35.5
4.5 43.5
4.5 44.5
4.5 45.5
4.5 46.5
4.5 56.5
4.5 57.5
5.5 7.5
5.5 8.5
5.5 9.5
5.5 20.5
5.5 21.5
5.5 22.5
5.5 33.5
5.5 34.5
5.5 35.5
5.5 36.5
5.5 43.5
5.5 44.5
5.5 45.5
5.5 46.5
5.5 55.5
5.5 56.5
5.5 57.5
6.5 6.5
6.5 7.5
6.5 8.5
6.5 9.5
6.5 20.5
6.5 21.5
6.5 22.5
6.5 23.5
6.5 33.5
6.5 34.5
6.5 35.5
6.5 36.5
6.5 37.5
6.5 42.5
6.5 43.5
6.5 44.5
6.5 45.5
6.5 55.5
6.5 56.5
6.5 57.5
7.5 6.5
7.5 7.5
7.5 8.5
7.5 9.5
7.5 21.5
7.5 22.5
7.5 23.5
7.5 24.5
7.5 34.5
7.5 35.5
7.5 36.5
7.5 37.5
7.5 38.5
7.5 41.5
7.5 42.5
7.5 43.5
7.5 44.5
7.5 45.5
7.5 54.5
7.5 55.5
7.5 56.5
7.5 60.5
8.5 5.5
8.5 6.5
8.5 7.5
8.5 8.5
8.5 22.5
8.5 23.5
8.5 24.5
8.5 25.5
8.5 35.5
8.5 36.5
8.5 37.5
8.5 38.5
8.5 41.5
8.5 42.5
8.5 43.5
8.5 44.5
8.5 49.5
8.5 50.5
8.5 51.5
8.5 54.5
8.5 55.5
8.5 56.5
8.5 59.5
8.5 60.5
8.5 61.5
9.5 5.5
9.5 6.5
9.5 7.5
9.5 8.5
9.5 12.5
9.5 13.5
9.5 16.5
9.5 17.5
9.5 18.5
9.5 23.5
9.5 24.5
9.5 25.5
9.5 29.5
9.5 30.5
9.5 36.5
9.5 37.5
9.5 38.5
9.5 41.5
9.5 42.5
9.5 43.5
9.5 48.5
9.5 49.5
9.5 50.5
9.5 51.5
9.5 54.5
9.5 55.5
9.5 59.5
9.5 60.5
9.5 61.5
10.5 5.5
10.5 6.5
10.5 7.5
10.5 11.5
10.5 12.5
10.5 13.5
10.5 16.5
10.5 17.5
10.5 18.5
10.5 19.5
10.5 24.5
10.5 25.5
10.5 26.5
10.5 28.5
10.5 29.5
10.5 30.5
10.5 31.5
10.5 47.5
10.5 48.5
10.5 49.5
10.5 50.5
10.5 51.5
10.5 58.5
10.5 59.5
10.5 60.5
10.5 61.5
11.5 5.5
11.5 6.5
11.5 11.5
11.5 12.5
11.5 13.5
11.5 16.5
11.5 17.5
11.5 18.5
11.5 19.5
11.5 20.5
11.5 25.5
11.5 29.5
11.5 30.5
11.5 31.5
11.5 32.5
11.5 46.5
11.5 47.5
11.5 48.5
11.5 49.5
11.5 50.5
11.5 58.5
11.5 59.5
11.5 60.5
12.5 10.5
12.5 11.5
12.5 12.5
12.5 17.5
12.5 18.5
12.5 19.5
12.5 20.5
12.5 29.5
12.5 30.5
12.5 31.5
12.5 32.5
12.5 33.5
12.5 46.5
12.5 47.5
12.5 48.5
12.5 49.5
12.5 58.5
12.5 59.5
12.5 60.5
13.5 10.5
13.5 11.5
13.5 12.5
13.5 17.5
13.5 18.5
13.5 19.5
13.5 20.5
13.5 21.5
13.5 30.5
13.5 31.5
13.5 32.5
13.5 33.5
13.5 34.5
13.5 45.5
13.5 46.5
13.5 47.5
13.5 48.5
13.5 58.5
13.5 59.5
13.5 60.5
14.5 10.5
14.5 11.5
14.5 12.5
14.5 18.5
14.5 19.5
14.5 20.5
14.5 21.5
14.5 32.5
14.5 33.5
14.5 34.5
14.5 46.5
14.5 47.5
14.5 58.5
14.5 59.5
15.5 9.5
15.5 10.5
15.5 11.5
15.5 19.5
15.5 20.5
15.5 21.5
15.5 58.5
16.5 9.5
16.5 10.5
16.5 20.5
16.5 21.5
17.5 33.5
17.5 34.5
17.5 45.5
17.5 46.5
17.5 47.5
18.5 33.5
18.5 34.5
18.5 35.5
18.5 44.5
18.5 45.5
18.5 46.5
18.5 47.5
18.5 57.5
18.5 58.5
19.5 9.5
19.5 10.5
19.5 20.5
19.5 21.5
19.5 33.5
19.5 34.5
19.5 35.5
19.5 36.5
19.5 43.5
19.5 44.5
19.5 45.5
19.5 46.5
19.5 47.5
19.5 56.5
19.5 57.5
19.5 58.5
20.5 9.5
20.5 10.5
20.5 11.5
20.5 19.5
20.5 20.5
20.5 21.5
20.5 33.5
20.5 34.5
20.5 35.5
20.5 36.5
20.5 43.5
20.5 44.5
20.5 45.5
20.5 46.5
20.5 56.5
20.5 57.5
20.5 58.5
21.5 10.5
21.5 11.5
21.5 12.5
21.5 18.5
21.5 19.5
21.5 20.5
21.5 21.5
21.5 34.5
21.5 35.5
21.5 36.5
21.5 37.5
21.5 42.5
21.5 43.5
21.5 44.5
21.5 45.5
21.5 46.5
21.5 55.5
21.5 56.5
21.5 57.5
22.5 10.5
22.5 11.5
22.5 12.5
22.5 17.5
22.5 18.5
22.5 19.5
22.5 20.5
22.5 34.5
22.5 35.5
22.5 36.5
22.5 37.5
22.5 41.5
22.5 42.5
22.5 43.5
22.5 44.5
22.5 45.5
22.5 51.5
22.5 55.5
22.5 56.5
22.5 57.5
23.5 6.5
23.5 11.5
23.5 12.5
23.5 13.5
23.5 17.5
23.5 18.5
23.5 19.5
23.5 20.5
23.5 25.5
23.5 29.5
23.5 30.5
23.5 35.5
23.5 36.5
23.5 37.5
23.5 38.5
23.5 41.5
23.5 42.5
23.5 43.5
23.5 44.5
23.5 49.5
23.5 50.5
23.5 51.5
23.5 55.5
23.5 56.5
23.5 57.5
24.5 5.5
24.5 6.5
24.5 7.5
24.5 11.5
24.5 12.5
24.5 13.5
24.5 16.5
24.5 17.5
24.5 18.5
24.5 19.5
24.5 23.5
24.5 24.5
24.5 25.5
24.5 26.5
24.5 29.5
24.5 30.5
24.5 31.5
24.5 36.5
24.5 37.5
24.5 38.5
24.5 41.5
24.5 42.5
24.5 43.5
24.5 48.5
24.5 49.5
24.5 50.5
24.5 51.5
24.5 55.5
24.5 56.5
24.5 60.5
24.5 61.5
25.5 5.5
25.5 6.5
25.5 7.5
25.5 8.5
25.5 12.5
25.5 13.5
25.5 16.5
25.5 17.5
25.5 18.5
25.5 23.5
25.5 24.5
25.5 25.5
25.5 26.5
25.5 29.5
25.5 30.5
25.5 31.5
25.5 32.5
25.5 37.5
25.5 41.5
25.5 47.5
25.5 48.5
25.5 49.5
25.5 50.5
25.5 51.5
25.5 55.5
25.5 59.5
25.5 60.5
25.5 61.5
26.5 5.5
26.5 6.5
26.5 7.5
26.5 8.5
26.5 9.5
26.5 22.5
26.5 23.5
26.5 24.5
26.5 25.5
26.5 29.5
26.5 30.5
26.5 31.5
26.5 32.5
26.5 47.5
26.5 48.5
26.5 49.5
26.5 50.5
26.5 59.5
26.5 60.5
26.5 61.5
27.5 6.5
27.5 7.5
27.5 8.5
27.5 9.5
27.5 22.5
27.5 23.5
27.5 24.5
27.5 25.5
27.5 30.5
27.5 31.5
27.5 32.5
27.5 33.5
27.5 46.5
27.5 47.5
27.5 48.5
27.5 49.5
27.5 50.5
27.5 58.5
27.5 59.5
27.5 60.5
28.5 6.5
28.5 7.5
28.5 8.5
28.5 9.5
28.5 21.5
28.5 22.5
28.5 23.5
28.5 24.5
28.5 25.5
28.5 30.5
28.5 31.5
28.5 32.5
28.5 33.5
28.5 46.5
28.5 47.5
28.5 48.5
28.5 49.5
28.5 58.5
28.5 59.5
28.5 60.5
29.5 7.5
29.5 8.5
29.5 9.5
29.5 10.5
29.5 21.5
29.5 22.5
29.5 23.5
29.5 24.5
29.5 31.5
29.5 32.5
29.5 33.5
29.5 34.5
29.5 45.5
29.5 46.5
29.5 47.5
29.5 48.5
29.5 58.5
29.5 59.5
29.5 60.5
30.5 8.5
30.5 9.5
30.5 21.5
30.5 22.5
30.5 23.5
30.5 32.5
30.5 33.5
30.5 34.5
30.5 46.5
30.5 47.5
30.5 58.5
30.5 59.5
31.5 21.5
31.5 22.5
31.5 33.5
31.5 58.5
33.5 8.5
33.5 9.5
33.5 45.5
33.5 46.5
33.5 47.5
34.5 8.5
34.5 9.5
34.5 10.5
34.5 20.5
34.5 21.5
34.5 22.5
34.5 33.5
34.5 34.5
34.5 35.5
34.5 44.5
34.5 45.5
34.5 46.5
34.5 47.5
34.5 57.5
35.5 8.5
35.5 9.5
35.5 10.5
35.5 11.5
35.5 19.5
35.5 20.5
35.5 21.5
35.5 22.5
35.5 33.5
35.5 34.5
35.5 35.5
35.5 36.5
35.5 43.5
35.5 44.5
35.5 45.5
35.5 46.5
35.5 47.5
35.5 56.5
35.5 57.5
35.5 58.5
36.5 8.5
36.5 9.5
36.5 10.5
36.5 11.5
36.5 12.5
36.5 18.5
36.5 19.5
36.5 20.5
36.5 21.5
36.5 33.5
36.5 34.5
36.5 35.5
36.5 36.5
36.5 42.5
36.5 43.5
36.5 44.5
36.5 45.5
36.5 46.5
36.5 56.5
36.5 57.5
37.5 9.5
37.5 10.5
37.5 11.5
37.5 12.5
37.5 18.5
37.5 19.5
37.5 20.5
37.5 21.5
37.5 34.5
37.5 35.5
37.5 36.5
37.5 37.5
37.5 41.5
37.5 42.5
37.5 43.5
37.5 44.5
37.5 45.5
37.5 55.5
37.5 56.5
37.5 57.5
38.5 9.5
38.5 10.5
38.5 11.5
38.5 12.5
38.5 13.5
38.5 17.5
38.5 18.5
38.5 19.5
38.5 20.5
38.5 21.5
38.5 34.5
38.5 35.5
38.5 36.5
38.5 37.5
38.5 41.5
38.5 42.5
38.5 43.5
38.5 44.5
38.5 50.5
38.5 51.5
38.5 55.5
38.5 56.5
38.5 57.5
39.5 5.5
39.5 10.5
39.5 11.5
39.5 12.5
39.5 13.5
39.5 17.5
39.5 18.5
39.5 19.5
39.5 20.5
39.5 26.5
39.5 29.5
39.5 30.5
39.5 35.5
39.5 36.5
39.5 37.5
39.5 38.5
39.5 41.5
39.5 42.5
39.5 43.5
39.5 49.5
39.5 50.5
39.5 51.5
39.5 55.5
39.5 56.5
39.5 57.5
39.5 61.5
40.5 5.5
40.5 6.5
40.5 11.5
40.5 12.5
40.5 13.5
40.5 16.5
40.5 17.5
40.5 18.5
40.5 19.5
40.5 24.5
40.5 25.5
40.5 26.5
40.5 29.5
40.5 30.5
40.5 31.5
40.5 36.5
40.5 37.5
40.5 41.5
40.5 48.5
40.5 49.5
40.5 50.5
40.5 51.5
40.5 55.5
40.5 56.5
40.5 60.5
40.5 61.5
41.5 5.5
41.5 6.5
41.5 7.5
41.5 12.5
41.5 13.5
41.5 16.5
41.5 17.5
41.5 18.5
41.5 23.5
41.5 24.5
41.5 25.5
41.5 26.5
41.5 29.5
41.5 30.5
41.5 31.5
41.5 32.5
41.5 47.5
41.5 48.5
41.5 49.5
41.5 50.5
41.5 51.5
41.5 55.5
41.5 56.5
41.5 59.5
41.5 60.5
41.5 61.5
42.5 5.5
42.5 6.5
42.5 7.5
42.5 22.5
42.5 23.5
42.5 24.5
42.5 25.5
42.5 30.5
42.5 31.5
42.5 32.5
42.5 33.5
42.5 46.5
42.5 47.5
42.5 48.5
42.5 49.5
42.5 50.5
42.5 55.5
42.5 59.5
42.5 60.5
42.5 61.5
43.5 5.5
43.5 6.5
43.5 7.5
43.5 8.5
43.5 21.5
43.5 22.5
43.5 23.5
43.5 24.5
43.5 25.5
43.5 30.5
43.5 31.5
43.5 32.5
43.5 33.5
43.5 46.5
43.5 47.5
43.5 48.5
43.5 49.5
43.5 50.5
43.5 58.5
43.5 59.5
43.5 60.5
43.5 61.5
44.5 5.5
44.5 6.5
44.5 7.5
44.5 8.5
44.5 21.5
44.5 22.5
44.5 23.5
44.5 24.5
44.5 31.5
44.5 32.5
44.5 33.5
44.5 34.5
44.5 46.5
44.5 47.5
44.5 48.5
44.5 49.5
44.5 58.5
44.5 59.5
44.5 60.5
45.5 6.5
45.5 7.5
45.5 8.5
45.5 9.5
45.5 20.5
45.5 21.5
45.5 22.5
45.5 23.5
45.5 32.5
45.5 33.5
45.5 34.5
45.5 46.5
45.5 47.5
45.5 48.5
45.5 58.5
45.5 59.5
45.5 60.5
46.5 7.5
46.5 8.5
46.5 9.5
46.5 20.5
46.5 21.5
46.5 22.5
46.5 46.5
46.5 58.5
46.5 59.5
47.5 8.5
47.5 9.5
48.5 33.5
48.5 34.5
49.5 21.5
49.5 33.5
49.5 34.5
49.5 35.5
49.5 45.5
49.5 46.5
49.5 47.5
49.5 58.5
49.5 59.5
50.5 8.5
50.5 9.5
50.5 20.5
50.5 21.5
50.5 22.5
50.5 33.5
50.5 34.5
50.5 35.5
50.5 45.5
50.5 46.5
50.5 47.5
50.5 48.5
50.5 58.5
50.5 59.5
50.5 60.5
51.5 7.5
51.5 8.5
51.5 9.5
51.5 19.5
51.5 20.5
51.5 21.5
51.5 22.5
51.5 33.5
51.5 34.5
51.5 35.5
51.5 36.5
51.5 45.5
51.5 46.5
51.5 47.5
51.5 48.5
51.5 58.5
51.5 59.5
51.5 60.5
51.5 61.5
52.5 6.5
52.5 7.5
52.5 8.5
52.5 9.5
52.5 18.5
52.5 19.5
52.5 20.5
52.5 21.5
52.5 33.5
52.5 34.5
52.5 35.5
52.5 36.5
52.5 46.5
52.5 47.5
52.5 48.5
52.5 49.5
52.5 59.5
52.5 60.5
52.5 61.5
53.5 5.5
53.5 6.5
53.5 7.5
53.5 8.5
53.5 18.5
53.5 19.5
53.5 20.5
53.5 21.5
53.5 33.5
53.5 34.5
53.5 35.5
53.5 36.5
53.5 37.5
53.5 41.5
53.5 46.5
53.5 47.5
53.5 48.5
53.5 49.5
53.5 50.5
53.5 59.5
53.5 60.5
53.5 61.5
53.5 62.5
54.5 5.5
54.5 6.5
54.5 7.5
54.5 8.5
54.5 17.5
54.5 18.5
54.5 19.5
54.5 20.5
54.5 21.5
54.5 25.5
54.5 29.5
54.5 34.5
54.5 35.5
54.5 36.5
54.5 37.5
54.5 40.5
54.5 41.5
54.5 42.5
54.5 47.5
54.5 48.5
54.5 49.5
54.5 50.5
54.5 60.5
54.5 61.5
54.5 62.5
55.5 5.5
55.5 6.5
55.5 7.5
55.5 12.5
55.5 13.5
55.5 14.5
55.5 17.5
55.5 18.5
55.5 19.5
55.5 20.5
55.5 24.5
55.5 25.5
55.5 28.5
55.5 29.5
55.5 30.5
55.5 34.5
55.5 35.5
55.5 36.5
55.5 37.5
55.5 40.5
55.5 41.5
55.5 42.5
55.5 43.5
55.5 47.5
55.5 48.5
55.5 49.5
55.5 50.5
55.5 54.5
55.5 55.5
55.5 60.5
55.5 61.5
55.5 62.5
56.5 5.5
56.5 6.5
56.5 7.5
56.5 11.5
56.5 12.5
56.5 13.5
56.5 14.5
56.5 17.5
56.5 18.5
56.5 19.5
56.5 23.5
56.5 24.5
56.5 25.5
56.5 28.5
56.5 29.5
56.5 30.5
56.5 31.5
56.5 35.5
56.5 36.5
56.5 37.5
56.5 40.5
56.5 41.5
56.5 42.5
56.5 43.5
56.5 44.5
56.5 48.5
56.5 49.5
56.5 50.5
56.5 54.5
56.5 55.5
56.5 56.5
56.5 61.5
56.5 62.5
56.5 63.5
57.5 5.5
57.5 6.5
57.5 10.5
57.5 11.5
57.5 12.5
57.5 13.5
57.5 14.5
57.5 17.5
57.5 18.5
57.5 23.5
57.5 24.5
57.5 25.5
57.5 29.5
57.5 30.5
57.5 31.5
57.5 36.5
57.5 41.5
57.5 42.5
57.5 43.5
57.5 44.5
57.5 50.5
57.5 54.5
57.5 55.5
57.5 56.5
57.5 57.5
57.5 62.5
57.5 63.5
58.5 10.5
58.5 11.5
58.5 12.5
58.5 13.5
58.5 22.5
58.5 23.5
58.5 24.5
58.5 25.5
58.5 29.5
58.5 30.5
58.5 31.5
58.5 32.5
58.5 41.5
58.5 42.5
58.5 43.5
58.5 44.5
58.5 54.5
58.5 55.5
58.5 56.5
58.5 57.5
58.5 58.5
59.5 9.5
59.5 10.5
59.5 11.5
59.5 12.5
59.5 13.5
59.5 22.5
59.5 23.5
59.5 24.5
59.5 29.5
59.5 30.5
59.5 31.5
59.5 32.5
59.5 42.5
59.5 43.5
59.5 44.5
59.5 45.5
59.5 55.5
59.5 56.5
59.5 57.5
59.5 58.5
60.5 9.5
60.5 10.5
60.5 11.5
60.5 12.5
60.5 22.5
60.5 23.5
60.5 24.5
60.5 30.5
60.5 31.5
60.5 32.5
60.5 42.5
60.5 43.5
60.5 44.5
60.5 45.5
60.5 55.5
60.5 56.5
60.5 57.5
60.5 58.5
60.5 59.5
61.5 9.5
61.5 10.5
61.5 11.5
61.5 12.5
61.5 22.5
61.5 23.5
61.5 30.5
61.5 31.5
61.5 32.5
61.5 33.5
61.5 43.5
61.5 44.5
61.5 45.5
61.5 56.5
61.5 57.5
61.5 58.5
61.5 59.5
62.5 9.5
62.5 10.5
62.5 11.5
62.5 21.5
62.5 22.5
62.5 31.5
62.5 32.5
62.5 33.5
62.5 44.5
62.5 45.5
62.5 57.5
62.5 58.5
62.5 59.5
