3.5 10.5
4.5 11.5
4.5 21.5
4.5 45.5
4.5 58.5
5.5 11.5
5.5 12.5
5.5 20.5
5.5 33.5
5.5 44.5
5.5 45.5
5.5 56.5
5.5 57.5
6.5 12.5
6.5 18.5
6.5 19.5
6.5 32.5
6.5 43.5
6.5 44.5
6.5 55.5
6.5 56.5
7.5 13.5
7.5 17.5
7.5 18.5
7.5 31.5
7.5 32.5
7.5 42.5
7.5 43.5
7.5 54.5
7.5 55.5
8.5 6.5
8.5 30.5
8.5 38.5
8.5 49.5
8.5 50.5
9.5 7.5
9.5 8.5
9.5 25.5
9.5 26.5
9.5 37.5
9.5 48.5
9.5 49.5
9.5 61.5
10.5 8.5
10.5 23.5
10.5 24.5
10.5 25.5
10.5 36.5
10.5 47.5
10.5 48.5
10.5 60.5
10.5 61.5
11.5 9.5
11.5 22.5
11.5 23.5
11.5 35.5
11.5 47.5
11.5 59.5
11.5 60.5
12.5 10.5
12.5 46.5
12.5 59.5
13.5 58.5
15.5 9.5
15.5 46.5
16.5 10.5
16.5 22.5
16.5 35.5
16.5 47.5
17.5 11.5
17.5 21.5
17.5 36.5
17.5 47.5
17.5 48.5
17.5 57.5
18.5 12.5
18.5 20.5
18.5 36.5
18.5 37.5
18.5 48.5
18.5 49.5
18.5 56.5
18.5 57.5
19.5 13.5
19.5 19.5
19.5 37.5
19.5 49.5
19.5 50.5
19.5 55.5
19.5 56.5
20.5 14.5
20.5 18.5
20.5 31.5
20.5 38.5
20.5 42.5
20.5 50.5
20.5 54.5
20.5 55.5
21.5 5.5
21.5 26.5
21.5 31.5
21.5 43.5
22.5 5.5
22.5 6.5
22.5 7.5
22.5 25.5
22.5 32.5
22.5 44.5
22.5 61.5
23.5 7.5
23.5 8.5
23.5 24.5
23.5 32.5
23.5 33.5
23.5 45.5
23.5 59.5
23.5 60.5
24.5 9.5
24.5 23.5
24.5 33.5
24.5 46.5
24.5 58.5
25.5 22.5
28.5 46.5
28.5 58.5
29.5 8.5
29.5 21.5
29.5 34.5
29.5 44.5
29.5 45.5
29.5 59.5
30.5 9.5
30.5 10.5
30.5 20.5
30.5 21.5
30.5 35.5
30.5 44.5
30.5 59.5
30.5 60.5
31.5 10.5
31.5 11.5
31.5 12.5
31.5 19.5
31.5 20.5
31.5 35.5
31.5 36.5
31.5 43.5
31.5 60.5
32.5 12.5
32.5 13.5
32.5 18.5
32.5 19.5
32.5 36.5
32.5 37.5
32.5 42.5
32.5 61.5
33.5 26.5
33.5 37.5
33.5 49.5
33.5 54.5
33.5 61.5
34.5 5.5
34.5 24.5
34.5 25.5
34.5 30.5
34.5 31.5
34.5 48.5
34.5 49.5
34.5 55.5
35.5 6.5
35.5 7.5
35.5 23.5
35.5 24.5
35.5 31.5
35.5 32.5
35.5 48.5
35.5 55.5
36.5 7.5
36.5 8.5
36.5 22.5
36.5 23.5
36.5 32.5
36.5 33.5
36.5 47.5
36.5 48.5
36.5 56.5
37.5 9.5
37.5 21.5
37.5 34.5
37.5 47.5
37.5 56.5
38.5 46.5
38.5 57.5
41.5 9.5
41.5 10.5
41.5 21.5
41.5 34.5
42.5 11.5
42.5 12.5
42.5 19.5
42.5 20.5
42.5 35.5
42.5 36.5
42.5 46.5
42.5 57.5
43.5 12.5
43.5 13.5
43.5 17.5
43.5 18.5
43.5 36.5
43.5 37.5
43.5 44.5
43.5 45.5
43.5 58.5
43.5 59.5
44.5 38.5
44.5 42.5
44.5 43.5
44.5 59.5
44.5 60.5
45.5 5.5
45.5 25.5
45.5 30.5
45.5 61.5
46.5 6.5
46.5 7.5
46.5 23.5
46.5 24.5
46.5 30.5
46.5 31.5
46.5 49.5
47.5 7.5
47.5 8.5
47.5 9.5
47.5 22.5
47.5 23.5
47.5 31.5
47.5 32.5
47.5 33.5
47.5 47.5
47.5 48.5
47.5 53.5
47.5 54.5
47.5 55.5
48.5 21.5
48.5 33.5
48.5 46.5
48.5 55.5
48.5 56.5
48.5 57.5
49.5 45.5
52.5 9.5
52.5 20.5
52.5 21.5
53.5 10.5
53.5 20.5
53.5 34.5
53.5 44.5
53.5 56.5
54.5 10.5
54.5 11.5
54.5 19.5
54.5 35.5
54.5 43.5
54.5 44.5
54.5 55.5
55.5 11.5
55.5 12.5
55.5 18.5
55.5 19.5
55.5 36.5
55.5 43.5
55.5 54.5
56.5 12.5
56.5 13.5
56.5 18.5
56.5 37.5
56.5 43.5
56.5 53.5
57.5 25.5
57.5 29.5
57.5 38.5
57.5 42.5
57.5 48.5
57.5 52.5
57.5 60.5
57.5 61.5
58.5 6.5
58.5 7.5
58.5 24.5
58.5 30.5
58.5 31.5
58.5 47.5
58.5 48.5
58.5 59.5
58.5 60.5
59.5 8.5
59.5 23.5
59.5 31.5
59.5 32.5
59.5 47.5
59.5 58.5
59.5 59.5
60.5 9.5
60.5 22.5
60.5 32.5
60.5 33.5
60.5 46.5
60.5 58.5
61.5 10.5
61.5 21.5
61.5 34.5
61.5 46.5
61.5 57.5
