4.5 34.5
4.5 46.5
4.5 58.5
5.5 9.5
5.5 22.5
5.5 23.5
5.5 35.5
5.5 36.5
5.5 45.5
5.5 59.5
6.5 10.5
6.5 11.5
6.5 23.5
6.5 36.5
6.5 37.5
6.5 43.5
6.5 44.5
6.5 60.5
7.5 12.5
7.5 24.5
7.5 38.5
7.5 42.5
7.5 60.5
8.5 13.5
8.5 17.5
8.5 25.5
8.5 29.5
8.5 51.5
8.5 61.5
9.5 18.5
9.5 30.5
9.5 31.5
9.5 50.5
9.5 55.5
10.5 5.5
10.5 6.5
10.5 19.5
10.5 32.5
10.5 33.5
10.5 49.5
10.5 56.5
11.5 6.5
11.5 7.5
11.5 20.5
11.5 34.5
11.5 48.5
11.5 56.5
12.5 8.5
12.5 21.5
12.5 47.5
12.5 57.5
15.5 33.5
16.5 9.5
16.5 21.5
16.5 34.5
16.5 47.5
17.5 8.5
17.5 22.5
17.5 35.5
17.5 36.5
17.5 45.5
17.5 46.5
18.5 7.5
18.5 23.5
18.5 37.5
18.5 44.5
18.5 45.5
18.5 57.5
19.5 6.5
19.5 24.5
19.5 38.5
19.5 43.5
19.5 56.5
20.5 17.5
20.5 25.5
20.5 29.5
20.5 55.5
21.5 12.5
21.5 18.5
21.5 30.5
21.5 31.5
21.5 51.5
21.5 61.5
22.5 11.5
22.5 19.5
22.5 32.5
22.5 49.5
22.5 50.5
22.5 60.5
23.5 11.5
23.5 19.5
23.5 33.5
23.5 47.5
23.5 48.5
23.5 60.5
24.5 10.5
24.5 20.5
25.5 59.5
27.5 32.5
28.5 10.5
28.5 21.5
28.5 33.5
28.5 34.5
28.5 46.5
29.5 9.5
29.5 22.5
29.5 35.5
29.5 44.5
29.5 45.5
29.5 59.5
30.5 8.5
30.5 9.5
30.5 22.5
30.5 23.5
30.5 36.5
30.5 37.5
30.5 43.5
30.5 44.5
30.5 59.5
31.5 8.5
31.5 23.5
31.5 38.5
31.5 42.5
31.5 60.5
32.5 7.5
32.5 14.5
32.5 17.5
32.5 24.5
32.5 29.5
32.5 50.5
32.5 54.5
32.5 61.5
33.5 13.5
33.5 18.5
33.5 30.5
33.5 49.5
33.5 54.5
33.5 55.5
33.5 62.5
34.5 13.5
34.5 19.5
34.5 31.5
34.5 48.5
34.5 55.5
35.5 12.5
35.5 19.5
35.5 20.5
35.5 32.5
35.5 46.5
35.5 47.5
35.5 56.5
36.5 11.5
36.5 20.5
36.5 33.5
36.5 45.5
36.5 57.5
37.5 21.5
40.5 21.5
40.5 33.5
40.5 45.5
41.5 11.5
41.5 34.5
41.5 35.5
41.5 44.5
41.5 57.5
42.5 12.5
42.5 22.5
42.5 35.5
42.5 36.5
42.5 43.5
42.5 56.5
43.5 13.5
43.5 23.5
43.5 37.5
43.5 43.5
43.5 55.5
44.5 6.5
44.5 14.5
44.5 17.5
44.5 38.5
44.5 42.5
44.5 54.5
45.5 7.5
45.5 18.5
45.5 24.5
45.5 28.5
45.5 29.5
45.5 49.5
45.5 53.5
45.5 61.5
46.5 8.5
46.5 19.5
46.5 30.5
46.5 31.5
46.5 48.5
46.5 60.5
46.5 61.5
47.5 9.5
47.5 31.5
47.5 32.5
47.5 47.5
47.5 60.5
48.5 20.5
48.5 33.5
48.5 46.5
48.5 59.5
49.5 58.5
51.5 9.5
52.5 10.5
52.5 20.5
52.5 34.5
53.5 10.5
53.5 11.5
53.5 19.5
53.5 33.5
53.5 46.5
53.5 58.5
54.5 11.5
54.5 18.5
54.5 32.5
54.5 45.5
54.5 59.5
55.5 5.5
55.5 12.5
55.5 18.5
55.5 31.5
55.5 44.5
55.5 60.5
56.5 6.5
56.5 13.5
56.5 17.5
56.5 30.5
56.5 39.5
56.5 43.5
56.5 61.5
57.5 6.5
57.5 24.5
57.5 29.5
57.5 38.5
57.5 43.5
57.5 50.5
57.5 62.5
58.5 7.5
58.5 23.5
58.5 24.5
58.5 37.5
58.5 50.5
58.5 55.5
59.5 8.5
59.5 22.5
59.5 23.5
59.5 36.5
59.5 37.5
59.5 49.5
59.5 55.5
60.5 9.5
60.5 22.5
60.5 36.5
60.5 48.5
60.5 56.5
61.5 21.5
61.5 35.5
61.5 48.5
61.5 56.5
62.5 34.5
62.5 47.5
62.5 57.5
