2.5 8.5
2.5 9.5
2.5 22.5
2.5 23.5
2.5 54.5
3.5 8.5
3.5 9.5
3.5 10.5
3.5 21.5
3.5 22.5
3.5 31.5
3.5 32.5
3.5 45.5
3.5 46.5
3.5 55.5
3.5 56.5
4.5 10.5
4.5 11.5
4.5 20.5
4.5 21.5
4.5 32.5
4.5 33.5
4.5 44.5
4.5 45.5
4.5 56.5
4.5 57.5
4.5 58.5
5.5 11.5
5.5 12.5
5.5 19.5
5.5 20.5
5.5 33.5
5.5 34.5
5.5 43.5
5.5 44.5
5.5 58.5
5.5 59.5
5.5 60.5
6.5 5.5
6.5 12.5
6.5 13.5
6.5 18.5
6.5 19.5
6.5 34.5
6.5 35.5
6.5 42.5
6.5 43.5
6.5 59.5
6.5 60.5
6.5 61.5
7.5 5.5
7.5 6.5
7.5 13.5
7.5 14.5
7.5 17.5
7.5 18.5
7.5 26.5
7.5 27.5
7.5 35.5
7.5 36.5
7.5 41.5
7.5 42.5
7.5 51.5
7.5 61.5
7.5 62.5
8.5 6.5
8.5 14.5
8.5 15.5
8.5 16.5
8.5 17.5
8.5 25.5
8.5 26.5
8.5 28.5
8.5 36.5
8.5 37.5
8.5 41.5
8.5 42.5
8.5 49.5
8.5 50.5
8.5 52.5
8.5 53.5
8.5 63.5
8.5 64.5
9.5 6.5
9.5 7.5
9.5 16.5
9.5 24.5
9.5 25.5
9.5 29.5
9.5 30.5
9.5 37.5
9.5 38.5
9.5 40.5
9.5 41.5
9.5 48.5
9.5 49.5
9.5 53.5
9.5 54.5
9.5 55.5
9.5 68.5
10.5 7.5
10.5 8.5
10.5 22.5
10.5 23.5
10.5 24.5
10.5 30.5
10.5 31.5
10.5 38.5
10.5 39.5
10.5 47.5
10.5 48.5
10.5 49.5
10.5 54.5
10.5 55.5
10.5 56.5
11.5 8.5
11.5 9.5
11.5 21.5
11.5 22.5
11.5 31.5
11.5 32.5
11.5 47.5
11.5 48.5
11.5 56.5
11.5 57.5
11.5 58.5
12.5 9.5
12.5 20.5
12.5 21.5
12.5 32.5
12.5 33.5
12.5 46.5
12.5 47.5
12.5 57.5
12.5 58.5
12.5 59.5
13.5 10.5
13.5 19.5
13.5 20.5
13.5 33.5
13.5 34.5
13.5 45.5
13.5 46.5
13.5 59.5
13.5 60.5
14.5 8.5
14.5 22.5
14.5 35.5
14.5 44.5
14.5 45.5
14.5 58.5
15.5 9.5
15.5 10.5
15.5 21.5
15.5 22.5
15.5 34.5
15.5 44.5
15.5 58.5
15.5 59.5
16.5 10.5
16.5 11.5
16.5 20.5
16.5 21.5
16.5 33.5
16.5 34.5
16.5 48.5
16.5 59.5
17.5 11.5
17.5 19.5
17.5 20.5
17.5 33.5
17.5 46.5
17.5 47.5
17.5 59.5
17.5 60.5
18.5 11.5
18.5 12.5
18.5 18.5
18.5 19.5
18.5 32.5
18.5 33.5
18.5 40.5
18.5 44.5
18.5 45.5
18.5 46.5
18.5 59.5
18.5 60.5
19.5 5.5
19.5 12.5
19.5 13.5
19.5 17.5
19.5 18.5
19.5 31.5
19.5 32.5
19.5 39.5
19.5 43.5
19.5 44.5
19.5 45.5
19.5 60.5
19.5 61.5
20.5 5.5
20.5 6.5
20.5 13.5
20.5 14.5
20.5 16.5
20.5 17.5
20.5 26.5
20.5 27.5
20.5 28.5
20.5 30.5
20.5 31.5
20.5 32.5
20.5 38.5
20.5 39.5
20.5 42.5
20.5 43.5
20.5 52.5
20.5 60.5
20.5 61.5
21.5 6.5
21.5 7.5
21.5 14.5
21.5 15.5
21.5 16.5
21.5 25.5
21.5 26.5
21.5 27.5
21.5 30.5
21.5 31.5
21.5 37.5
21.5 38.5
21.5 41.5
21.5 42.5
21.5 50.5
21.5 51.5
21.5 53.5
21.5 54.5
21.5 60.5
21.5 61.5
21.5 68.5
22.5 7.5
22.5 8.5
22.5 23.5
22.5 24.5
22.5 25.5
22.5 29.5
22.5 30.5
22.5 37.5
22.5 49.5
22.5 50.5
22.5 54.5
22.5 55.5
22.5 61.5
22.5 62.5
23.5 8.5
23.5 9.5
23.5 22.5
23.5 23.5
23.5 24.5
23.5 29.5
23.5 36.5
23.5 37.5
23.5 48.5
23.5 49.5
23.5 55.5
23.5 56.5
23.5 61.5
23.5 62.5
24.5 9.5
24.5 10.5
24.5 21.5
24.5 22.5
24.5 23.5
24.5 35.5
24.5 36.5
24.5 47.5
24.5 48.5
24.5 56.5
24.5 62.5
25.5 11.5
25.5 20.5
25.5 21.5
25.5 34.5
25.5 35.5
25.5 46.5
25.5 47.5
25.5 57.5
26.5 9.5
26.5 34.5
26.5 45.5
26.5 58.5
27.5 9.5
27.5 10.5
27.5 20.5
27.5 33.5
27.5 34.5
27.5 47.5
27.5 59.5
28.5 10.5
28.5 21.5
28.5 34.5
28.5 35.5
28.5 46.5
28.5 47.5
28.5 58.5
28.5 59.5
29.5 10.5
29.5 11.5
29.5 21.5
29.5 22.5
29.5 35.5
29.5 36.5
29.5 45.5
29.5 46.5
29.5 58.5
30.5 11.5
30.5 12.5
30.5 16.5
30.5 22.5
30.5 23.5
30.5 35.5
30.5 36.5
30.5 44.5
30.5 45.5
30.5 57.5
31.5 12.5
31.5 13.5
31.5 17.5
31.5 23.5
31.5 24.5
31.5 36.5
31.5 37.5
31.5 44.5
31.5 56.5
31.5 57.5
32.5 5.5
32.5 6.5
32.5 13.5
32.5 17.5
32.5 18.5
32.5 24.5
32.5 25.5
32.5 37.5
32.5 38.5
32.5 43.5
32.5 44.5
32.5 52.5
32.5 55.5
32.5 56.5
32.5 63.5
33.5 5.5
33.5 6.5
33.5 13.5
33.5 14.5
33.5 18.5
33.5 25.5
33.5 26.5
33.5 28.5
33.5 29.5
33.5 37.5
33.5 38.5
33.5 42.5
33.5 43.5
33.5 50.5
33.5 51.5
33.5 55.5
33.5 62.5
33.5 63.5
34.5 6.5
34.5 7.5
34.5 14.5
34.5 18.5
34.5 19.5
34.5 26.5
34.5 27.5
34.5 29.5
34.5 30.5
34.5 38.5
34.5 39.5
34.5 41.5
34.5 42.5
34.5 49.5
34.5 50.5
34.5 54.5
34.5 61.5
34.5 62.5
35.5 7.5
35.5 8.5
35.5 19.5
35.5 20.5
35.5 27.5
35.5 30.5
35.5 31.5
35.5 32.5
35.5 39.5
35.5 41.5
35.5 48.5
35.5 49.5
35.5 53.5
35.5 60.5
35.5 61.5
36.5 8.5
36.5 9.5
36.5 20.5
36.5 31.5
36.5 32.5
36.5 33.5
36.5 47.5
36.5 48.5
36.5 59.5
36.5 60.5
37.5 8.5
37.5 9.5
37.5 20.5
37.5 21.5
37.5 32.5
37.5 33.5
37.5 34.5
37.5 46.5
37.5 47.5
37.5 59.5
38.5 9.5
38.5 10.5
38.5 21.5
38.5 34.5
38.5 35.5
38.5 45.5
38.5 58.5
39.5 7.5
39.5 21.5
39.5 22.5
39.5 44.5
39.5 57.5
39.5 58.5
40.5 8.5
40.5 20.5
40.5 21.5
40.5 34.5
40.5 35.5
40.5 44.5
40.5 45.5
40.5 58.5
40.5 59.5
41.5 8.5
41.5 9.5
41.5 20.5
41.5 33.5
41.5 34.5
41.5 45.5
41.5 46.5
41.5 59.5
41.5 60.5
42.5 9.5
42.5 10.5
42.5 19.5
42.5 20.5
42.5 32.5
42.5 33.5
42.5 46.5
42.5 47.5
42.5 48.5
42.5 60.5
42.5 61.5
43.5 10.5
43.5 11.5
43.5 18.5
43.5 19.5
43.5 31.5
43.5 32.5
43.5 47.5
43.5 48.5
43.5 49.5
43.5 54.5
43.5 61.5
44.5 11.5
44.5 12.5
44.5 18.5
44.5 25.5
44.5 26.5
44.5 30.5
44.5 31.5
44.5 38.5
44.5 39.5
44.5 48.5
44.5 49.5
44.5 50.5
44.5 54.5
44.5 55.5
44.5 61.5
44.5 62.5
45.5 5.5
45.5 12.5
45.5 13.5
45.5 17.5
45.5 18.5
45.5 24.5
45.5 25.5
45.5 29.5
45.5 30.5
45.5 37.5
45.5 38.5
45.5 40.5
45.5 41.5
45.5 49.5
45.5 50.5
45.5 51.5
45.5 55.5
45.5 56.5
45.5 62.5
45.5 63.5
46.5 5.5
46.5 6.5
46.5 13.5
46.5 14.5
46.5 16.5
46.5 17.5
46.5 23.5
46.5 24.5
46.5 28.5
46.5 29.5
46.5 36.5
46.5 37.5
46.5 41.5
46.5 42.5
46.5 51.5
46.5 52.5
46.5 56.5
46.5 63.5
46.5 64.5
47.5 6.5
47.5 7.5
47.5 14.5
47.5 15.5
47.5 16.5
47.5 23.5
47.5 24.5
47.5 27.5
47.5 35.5
47.5 36.5
47.5 42.5
47.5 43.5
47.5 44.5
47.5 52.5
47.5 53.5
47.5 56.5
47.5 57.5
47.5 64.5
48.5 7.5
48.5 8.5
48.5 22.5
48.5 23.5
48.5 34.5
48.5 35.5
48.5 43.5
48.5 44.5
48.5 45.5
48.5 57.5
48.5 58.5
49.5 8.5
49.5 9.5
49.5 21.5
49.5 22.5
49.5 33.5
49.5 34.5
49.5 45.5
49.5 46.5
49.5 58.5
49.5 59.5
50.5 9.5
50.5 10.5
50.5 20.5
50.5 21.5
50.5 33.5
50.5 46.5
50.5 47.5
50.5 58.5
50.5 59.5
51.5 10.5
51.5 11.5
51.5 20.5
51.5 32.5
51.5 48.5
51.5 59.5
51.5 60.5
52.5 7.5
52.5 19.5
52.5 34.5
52.5 57.5
52.5 60.5
53.5 8.5
53.5 9.5
53.5 20.5
53.5 21.5
53.5 33.5
53.5 47.5
53.5 48.5
53.5 58.5
53.5 59.5
54.5 9.5
54.5 10.5
54.5 21.5
54.5 22.5
54.5 32.5
54.5 33.5
54.5 45.5
54.5 46.5
54.5 47.5
54.5 59.5
54.5 60.5
55.5 10.5
55.5 11.5
55.5 22.5
55.5 23.5
55.5 31.5
55.5 32.5
55.5 44.5
55.5 45.5
55.5 46.5
55.5 60.5
55.5 61.5
56.5 11.5
56.5 12.5
56.5 15.5
56.5 16.5
56.5 23.5
56.5 24.5
56.5 30.5
56.5 31.5
56.5 39.5
56.5 42.5
56.5 43.5
56.5 44.5
56.5 52.5
56.5 60.5
56.5 61.5
56.5 62.5
57.5 5.5
57.5 13.5
57.5 16.5
57.5 17.5
57.5 24.5
57.5 25.5
57.5 29.5
57.5 30.5
57.5 37.5
57.5 38.5
57.5 39.5
57.5 41.5
57.5 42.5
57.5 43.5
57.5 51.5
57.5 53.5
57.5 54.5
57.5 61.5
57.5 62.5
58.5 5.5
58.5 6.5
58.5 14.5
58.5 17.5
58.5 18.5
58.5 25.5
58.5 26.5
58.5 28.5
58.5 36.5
58.5 37.5
58.5 38.5
58.5 40.5
58.5 41.5
58.5 49.5
58.5 50.5
58.5 54.5
58.5 55.5
58.5 63.5
59.5 6.5
59.5 7.5
59.5 18.5
59.5 19.5
59.5 26.5
59.5 27.5
59.5 35.5
59.5 36.5
59.5 48.5
59.5 49.5
59.5 56.5
59.5 57.5
59.5 64.5
60.5 7.5
60.5 8.5
60.5 19.5
60.5 20.5
60.5 33.5
60.5 34.5
60.5 35.5
60.5 47.5
60.5 48.5
60.5 57.5
60.5 58.5
61.5 8.5
61.5 9.5
61.5 20.5
61.5 21.5
61.5 32.5
61.5 33.5
61.5 34.5
61.5 46.5
61.5 58.5
61.5 59.5
62.5 10.5
62.5 21.5
62.5 22.5
62.5 31.5
62.5 32.5
62.5 45.5
62.5 60.5
