4.5 9.5
4.5 10.5
5.5 7.5
5.5 8.5
5.5 9.5
5.5 23.5
5.5 24.5
5.5 25.5
6.5 6.5
6.5 7.5
6.5 21.5
6.5 22.5
6.5 23.5
6.5 24.5
6.5 37.5
6.5 38.5
6.5 39.5
6.5 40.5
6.5 57.5
6.5 58.5
6.5 59.5
7.5 20.5
7.5 21.5
7.5 22.5
7.5 36.5
7.5 37.5
7.5 58.5
7.5 59.5
7.5 60.5
7.5 61.5
8.5 13.5
8.5 14.5
8.5 15.5
8.5 45.5
8.5 46.5
9.5 12.5
9.5 13.5
9.5 14.5
9.5 28.5
9.5 29.5
9.5 30.5
9.5 43.5
9.5 44.5
9.5 52.5
9.5 53.5
10.5 11.5
10.5 12.5
10.5 26.5
10.5 27.5
10.5 28.5
10.5 54.5
10.5 55.5
14.5 41.5
14.5 56.5
15.5 9.5
15.5 10.5
15.5 24.5
15.5 25.5
15.5 39.5
15.5 40.5
15.5 57.5
15.5 58.5
16.5 7.5
16.5 8.5
16.5 9.5
16.5 22.5
16.5 23.5
16.5 38.5
16.5 39.5
16.5 59.5
16.5 60.5
17.5 6.5
17.5 7.5
17.5 37.5
17.5 38.5
17.5 52.5
17.5 53.5
18.5 30.5
18.5 31.5
18.5 46.5
18.5 47.5
18.5 53.5
18.5 54.5
19.5 13.5
19.5 14.5
19.5 15.5
19.5 28.5
19.5 29.5
19.5 30.5
19.5 31.5
19.5 44.5
19.5 45.5
19.5 46.5
19.5 54.5
19.5 55.5
20.5 11.5
20.5 12.5
20.5 27.5
20.5 28.5
20.5 29.5
20.5 43.5
20.5 44.5
20.5 45.5
21.5 42.5
21.5 43.5
25.5 11.5
25.5 12.5
25.5 13.5
25.5 27.5
25.5 58.5
26.5 12.5
26.5 13.5
26.5 14.5
26.5 15.5
26.5 28.5
26.5 29.5
26.5 42.5
26.5 43.5
26.5 44.5
26.5 58.5
26.5 59.5
27.5 14.5
27.5 15.5
27.5 29.5
27.5 30.5
27.5 44.5
27.5 45.5
27.5 46.5
27.5 47.5
27.5 59.5
27.5 60.5
28.5 21.5
28.5 22.5
28.5 60.5
29.5 5.5
29.5 6.5
29.5 7.5
29.5 21.5
29.5 22.5
29.5 23.5
29.5 24.5
29.5 37.5
29.5 52.5
29.5 53.5
30.5 6.5
30.5 7.5
30.5 8.5
30.5 23.5
30.5 24.5
30.5 25.5
30.5 37.5
30.5 38.5
30.5 39.5
30.5 40.5
30.5 53.5
30.5 54.5
30.5 55.5
31.5 9.5
31.5 55.5
31.5 56.5
35.5 25.5
35.5 40.5
35.5 41.5
36.5 6.5
36.5 7.5
36.5 8.5
36.5 21.5
36.5 22.5
36.5 23.5
36.5 41.5
36.5 42.5
36.5 43.5
36.5 57.5
37.5 5.5
37.5 43.5
37.5 44.5
37.5 58.5
37.5 59.5
38.5 14.5
38.5 15.5
38.5 50.5
38.5 60.5
39.5 11.5
39.5 12.5
39.5 13.5
39.5 27.5
39.5 28.5
39.5 29.5
39.5 30.5
39.5 35.5
39.5 36.5
39.5 50.5
39.5 51.5
39.5 52.5
39.5 53.5
40.5 26.5
40.5 27.5
40.5 28.5
40.5 36.5
40.5 37.5
40.5 38.5
40.5 52.5
40.5 53.5
40.5 54.5
41.5 38.5
41.5 39.5
44.5 11.5
44.5 12.5
45.5 12.5
45.5 13.5
45.5 14.5
45.5 23.5
45.5 24.5
45.5 25.5
46.5 14.5
46.5 15.5
46.5 21.5
46.5 22.5
46.5 23.5
46.5 24.5
46.5 37.5
46.5 38.5
46.5 51.5
46.5 52.5
46.5 53.5
46.5 54.5
46.5 55.5
47.5 36.5
47.5 37.5
47.5 50.5
47.5 51.5
47.5 52.5
48.5 6.5
48.5 7.5
49.5 7.5
49.5 8.5
49.5 9.5
49.5 29.5
49.5 30.5
49.5 42.5
49.5 43.5
49.5 44.5
49.5 59.5
49.5 60.5
49.5 61.5
50.5 10.5
50.5 26.5
50.5 27.5
50.5 28.5
50.5 29.5
50.5 41.5
50.5 42.5
50.5 57.5
50.5 58.5
50.5 59.5
51.5 56.5
55.5 7.5
55.5 8.5
55.5 9.5
55.5 25.5
55.5 26.5
55.5 40.5
56.5 6.5
56.5 7.5
56.5 23.5
56.5 24.5
56.5 25.5
56.5 38.5
56.5 39.5
56.5 40.5
56.5 53.5
56.5 54.5
56.5 55.5
57.5 22.5
57.5 23.5
57.5 37.5
57.5 38.5
57.5 51.5
57.5 52.5
57.5 53.5
59.5 12.5
59.5 13.5
59.5 14.5
59.5 15.5
59.5 29.5
59.5 30.5
59.5 31.5
59.5 44.5
59.5 45.5
60.5 10.5
60.5 11.5
60.5 12.5
60.5 13.5
60.5 28.5
60.5 29.5
60.5 42.5
60.5 43.5
60.5 44.5
60.5 58.5
60.5 59.5
60.5 60.5
60.5 61.5
61.5 27.5
61.5 28.5
61.5 42.5
61.5 57.5
61.5 58.5
61.5 59.5
