2.5 55.5
3.5 29.5
3.5 46.5
3.5 56.5
4.5 11.5
4.5 12.5
4.5 27.5
4.5 28.5
4.5 43.5
4.5 44.5
4.5 45.5
4.5 57.5
5.5 9.5
5.5 10.5
5.5 25.5
5.5 26.5
5.5 41.5
5.5 42.5
5.5 58.5
5.5 59.5
6.5 7.5
6.5 8.5
6.5 23.5
6.5 24.5
6.5 36.5
6.5 38.5
6.5 39.5
6.5 40.5
6.5 50.5
6.5 51.5
6.5 59.5
6.5 60.5
7.5 6.5
7.5 7.5
7.5 22.5
7.5 23.5
7.5 34.5
7.5 36.5
7.5 37.5
7.5 38.5
7.5 49.5
7.5 51.5
7.5 60.5
7.5 61.5
8.5 5.5
8.5 18.5
8.5 19.5
8.5 20.5
8.5 21.5
8.5 32.5
8.5 33.5
8.5 34.5
8.5 35.5
8.5 47.5
8.5 48.5
8.5 52.5
8.5 53.5
8.5 62.5
9.5 15.5
9.5 16.5
9.5 17.5
9.5 18.5
9.5 19.5
9.5 30.5
9.5 31.5
9.5 46.5
9.5 53.5
9.5 54.5
9.5 63.5
10.5 12.5
10.5 13.5
10.5 14.5
10.5 17.5
10.5 28.5
10.5 29.5
10.5 44.5
10.5 45.5
10.5 55.5
10.5 64.5
10.5 68.5
11.5 10.5
11.5 11.5
11.5 12.5
11.5 26.5
11.5 27.5
11.5 42.5
11.5 43.5
11.5 56.5
12.5 8.5
12.5 9.5
12.5 25.5
12.5 41.5
12.5 57.5
12.5 58.5
13.5 23.5
13.5 59.5
14.5 15.5
14.5 24.5
14.5 41.5
14.5 60.5
15.5 13.5
15.5 14.5
15.5 25.5
15.5 26.5
15.5 42.5
15.5 58.5
15.5 59.5
16.5 11.5
16.5 12.5
16.5 26.5
16.5 27.5
16.5 43.5
16.5 44.5
16.5 57.5
17.5 10.5
17.5 11.5
17.5 27.5
17.5 28.5
17.5 44.5
17.5 45.5
17.5 55.5
17.5 56.5
18.5 8.5
18.5 9.5
18.5 20.5
18.5 21.5
18.5 28.5
18.5 29.5
18.5 30.5
18.5 46.5
18.5 53.5
18.5 54.5
19.5 7.5
19.5 8.5
19.5 20.5
19.5 21.5
19.5 30.5
19.5 31.5
19.5 33.5
19.5 34.5
19.5 47.5
19.5 52.5
20.5 5.5
20.5 6.5
20.5 18.5
20.5 19.5
20.5 21.5
20.5 22.5
20.5 31.5
20.5 32.5
20.5 35.5
20.5 36.5
20.5 48.5
20.5 49.5
20.5 50.5
20.5 51.5
20.5 62.5
20.5 63.5
20.5 68.5
21.5 17.5
21.5 22.5
21.5 32.5
21.5 33.5
21.5 36.5
21.5 37.5
21.5 38.5
21.5 49.5
21.5 50.5
21.5 61.5
21.5 62.5
22.5 15.5
22.5 16.5
22.5 23.5
22.5 34.5
22.5 38.5
22.5 39.5
22.5 40.5
22.5 59.5
22.5 60.5
23.5 14.5
23.5 15.5
23.5 24.5
23.5 35.5
23.5 40.5
23.5 41.5
23.5 42.5
23.5 57.5
23.5 58.5
24.5 13.5
24.5 25.5
24.5 42.5
24.5 43.5
24.5 55.5
24.5 56.5
25.5 11.5
25.5 12.5
25.5 26.5
25.5 44.5
25.5 45.5
25.5 54.5
26.5 10.5
26.5 11.5
26.5 27.5
27.5 9.5
27.5 44.5
27.5 59.5
28.5 9.5
28.5 24.5
28.5 42.5
28.5 57.5
28.5 58.5
29.5 10.5
29.5 11.5
29.5 26.5
29.5 40.5
29.5 41.5
29.5 55.5
29.5 56.5
30.5 12.5
30.5 13.5
30.5 28.5
30.5 38.5
30.5 39.5
30.5 50.5
30.5 54.5
30.5 55.5
31.5 14.5
31.5 15.5
31.5 29.5
31.5 30.5
31.5 36.5
31.5 37.5
31.5 48.5
31.5 52.5
31.5 53.5
32.5 5.5
32.5 16.5
32.5 17.5
32.5 31.5
32.5 32.5
32.5 34.5
32.5 35.5
32.5 46.5
32.5 47.5
32.5 51.5
32.5 63.5
32.5 64.5
33.5 6.5
33.5 7.5
33.5 18.5
33.5 19.5
33.5 20.5
33.5 21.5
33.5 32.5
33.5 33.5
33.5 44.5
33.5 45.5
33.5 49.5
33.5 50.5
33.5 61.5
33.5 62.5
34.5 8.5
34.5 9.5
34.5 20.5
34.5 23.5
34.5 24.5
34.5 25.5
34.5 43.5
34.5 44.5
34.5 48.5
34.5 60.5
34.5 61.5
34.5 68.5
35.5 9.5
35.5 10.5
35.5 26.5
35.5 27.5
35.5 28.5
35.5 41.5
35.5 42.5
35.5 58.5
35.5 59.5
36.5 11.5
36.5 12.5
36.5 29.5
36.5 30.5
36.5 39.5
36.5 40.5
36.5 56.5
36.5 57.5
37.5 13.5
37.5 14.5
37.5 38.5
37.5 55.5
38.5 23.5
38.5 24.5
38.5 39.5
38.5 53.5
39.5 13.5
39.5 14.5
39.5 24.5
39.5 25.5
39.5 40.5
39.5 41.5
39.5 60.5
40.5 11.5
40.5 12.5
40.5 25.5
40.5 26.5
40.5 42.5
40.5 58.5
40.5 59.5
41.5 10.5
41.5 11.5
41.5 27.5
41.5 32.5
41.5 43.5
41.5 56.5
41.5 57.5
42.5 8.5
42.5 9.5
42.5 18.5
42.5 20.5
42.5 28.5
42.5 29.5
42.5 33.5
42.5 44.5
42.5 55.5
42.5 56.5
43.5 6.5
43.5 7.5
43.5 19.5
43.5 29.5
43.5 30.5
43.5 34.5
43.5 35.5
43.5 45.5
43.5 46.5
43.5 53.5
43.5 54.5
44.5 5.5
44.5 17.5
44.5 18.5
44.5 20.5
44.5 30.5
44.5 31.5
44.5 35.5
44.5 36.5
44.5 46.5
44.5 47.5
44.5 52.5
44.5 53.5
45.5 15.5
45.5 16.5
45.5 21.5
45.5 31.5
45.5 32.5
45.5 36.5
45.5 37.5
45.5 47.5
45.5 48.5
45.5 51.5
45.5 63.5
45.5 64.5
46.5 14.5
46.5 15.5
46.5 22.5
46.5 23.5
46.5 33.5
46.5 38.5
46.5 49.5
46.5 50.5
46.5 61.5
46.5 62.5
46.5 63.5
47.5 13.5
47.5 14.5
47.5 23.5
47.5 24.5
47.5 34.5
47.5 39.5
47.5 40.5
47.5 48.5
47.5 50.5
47.5 60.5
47.5 61.5
48.5 11.5
48.5 12.5
48.5 24.5
48.5 25.5
48.5 40.5
48.5 41.5
48.5 58.5
48.5 59.5
49.5 10.5
49.5 11.5
49.5 26.5
49.5 41.5
49.5 42.5
49.5 56.5
49.5 57.5
50.5 9.5
50.5 27.5
50.5 42.5
50.5 43.5
50.5 54.5
50.5 55.5
51.5 10.5
51.5 28.5
51.5 44.5
51.5 53.5
52.5 11.5
52.5 24.5
52.5 29.5
52.5 53.5
53.5 12.5
53.5 25.5
53.5 38.5
53.5 39.5
53.5 55.5
53.5 56.5
54.5 13.5
54.5 14.5
54.5 26.5
54.5 27.5
54.5 40.5
54.5 41.5
54.5 57.5
54.5 58.5
55.5 14.5
55.5 15.5
55.5 28.5
55.5 42.5
55.5 43.5
55.5 59.5
55.5 60.5
56.5 5.5
56.5 16.5
56.5 19.5
56.5 29.5
56.5 30.5
56.5 33.5
56.5 44.5
56.5 45.5
56.5 47.5
56.5 48.5
56.5 61.5
56.5 62.5
57.5 6.5
57.5 7.5
57.5 17.5
57.5 20.5
57.5 21.5
57.5 31.5
57.5 34.5
57.5 35.5
57.5 46.5
57.5 47.5
57.5 49.5
57.5 50.5
57.5 63.5
57.5 64.5
58.5 7.5
58.5 8.5
58.5 18.5
58.5 22.5
58.5 32.5
58.5 36.5
58.5 49.5
58.5 51.5
58.5 52.5
59.5 9.5
59.5 10.5
59.5 23.5
59.5 24.5
59.5 37.5
59.5 38.5
59.5 53.5
59.5 54.5
60.5 10.5
60.5 11.5
60.5 25.5
60.5 39.5
60.5 40.5
60.5 55.5
60.5 56.5
61.5 12.5
61.5 13.5
61.5 26.5
61.5 27.5
61.5 41.5
61.5 57.5
61.5 58.5
62.5 14.5
62.5 28.5
62.5 42.5
62.5 43.5
62.5 60.5
63.5 44.5
