2.5 39.5
3.5 8.5
3.5 29.5
3.5 39.5
3.5 59.5
4.5 9.5
4.5 17.5
4.5 30.5
4.5 38.5
4.5 50.5
4.5 58.5
5.5 10.5
5.5 16.5
5.5 23.5
5.5 30.5
5.5 37.5
5.5 44.5
5.5 45.5
5.5 51.5
6.5 15.5
6.5 21.5
6.5 24.5
6.5 31.5
6.5 37.5
6.5 43.5
6.5 46.5
6.5 52.5
6.5 57.5
7.5 5.5
7.5 25.5
7.5 32.5
7.5 36.5
7.5 43.5
7.5 46.5
7.5 53.5
7.5 56.5
7.5 62.5
8.5 6.5
8.5 20.5
8.5 26.5
8.5 42.5
8.5 47.5
8.5 54.5
8.5 55.5
8.5 61.5
9.5 7.5
9.5 19.5
9.5 26.5
9.5 33.5
9.5 35.5
9.5 41.5
9.5 48.5
9.5 60.5
9.5 68.5
10.5 9.5
10.5 19.5
10.5 27.5
10.5 41.5
10.5 48.5
11.5 10.5
11.5 18.5
11.5 28.5
11.5 40.5
11.5 49.5
12.5 18.5
12.5 29.5
12.5 39.5
12.5 58.5
13.5 8.5
13.5 18.5
13.5 39.5
13.5 50.5
13.5 59.5
14.5 9.5
14.5 30.5
14.5 38.5
14.5 49.5
15.5 10.5
15.5 17.5
15.5 28.5
15.5 40.5
15.5 50.5
15.5 58.5
16.5 11.5
16.5 17.5
16.5 22.5
16.5 26.5
16.5 27.5
16.5 39.5
16.5 51.5
16.5 57.5
16.5 63.5
17.5 13.5
17.5 24.5
17.5 25.5
17.5 34.5
17.5 37.5
17.5 52.5
17.5 62.5
18.5 5.5
18.5 14.5
18.5 16.5
18.5 21.5
18.5 23.5
18.5 32.5
18.5 36.5
18.5 43.5
18.5 44.5
18.5 53.5
18.5 56.5
18.5 61.5
19.5 6.5
19.5 7.5
19.5 16.5
19.5 20.5
19.5 31.5
19.5 34.5
19.5 42.5
19.5 46.5
19.5 54.5
19.5 55.5
20.5 8.5
20.5 29.5
20.5 41.5
20.5 47.5
20.5 60.5
21.5 10.5
21.5 27.5
21.5 49.5
21.5 59.5
22.5 11.5
22.5 18.5
22.5 38.5
22.5 50.5
23.5 19.5
23.5 37.5
23.5 40.5
24.5 8.5
24.5 28.5
24.5 39.5
24.5 47.5
24.5 59.5
25.5 9.5
25.5 20.5
25.5 29.5
25.5 38.5
25.5 49.5
25.5 58.5
26.5 11.5
26.5 15.5
26.5 24.5
26.5 30.5
26.5 37.5
26.5 51.5
26.5 56.5
27.5 12.5
27.5 21.5
27.5 31.5
27.5 36.5
27.5 44.5
27.5 53.5
27.5 55.5
28.5 5.5
28.5 14.5
28.5 16.5
28.5 25.5
28.5 32.5
28.5 35.5
28.5 43.5
28.5 45.5
28.5 63.5
28.5 64.5
29.5 6.5
29.5 17.5
29.5 22.5
29.5 26.5
29.5 33.5
29.5 34.5
29.5 41.5
29.5 47.5
29.5 60.5
29.5 61.5
30.5 8.5
30.5 40.5
30.5 48.5
30.5 58.5
30.5 59.5
31.5 9.5
31.5 18.5
31.5 27.5
31.5 39.5
31.5 49.5
32.5 19.5
32.5 28.5
32.5 37.5
32.5 50.5
33.5 9.5
33.5 20.5
33.5 36.5
33.5 48.5
33.5 62.5
34.5 8.5
34.5 19.5
34.5 29.5
34.5 40.5
34.5 49.5
34.5 60.5
35.5 7.5
35.5 18.5
35.5 28.5
35.5 39.5
35.5 50.5
35.5 58.5
35.5 59.5
36.5 7.5
36.5 17.5
36.5 27.5
36.5 38.5
36.5 51.5
36.5 56.5
36.5 57.5
37.5 6.5
37.5 12.5
37.5 16.5
37.5 26.5
37.5 34.5
37.5 37.5
37.5 52.5
37.5 55.5
38.5 5.5
38.5 15.5
38.5 22.5
38.5 25.5
38.5 33.5
38.5 36.5
38.5 43.5
38.5 45.5
38.5 53.5
38.5 63.5
38.5 68.5
39.5 11.5
39.5 14.5
39.5 21.5
39.5 24.5
39.5 31.5
39.5 32.5
39.5 42.5
39.5 46.5
39.5 61.5
40.5 10.5
40.5 20.5
40.5 30.5
40.5 31.5
40.5 48.5
40.5 60.5
41.5 18.5
41.5 29.5
41.5 41.5
41.5 49.5
42.5 9.5
42.5 17.5
42.5 28.5
42.5 40.5
43.5 8.5
43.5 39.5
43.5 48.5
43.5 60.5
44.5 19.5
44.5 27.5
44.5 39.5
44.5 49.5
44.5 59.5
45.5 18.5
45.5 29.5
45.5 40.5
45.5 50.5
45.5 58.5
46.5 10.5
46.5 17.5
46.5 30.5
46.5 50.5
46.5 57.5
46.5 63.5
47.5 11.5
47.5 15.5
47.5 32.5
47.5 51.5
47.5 56.5
48.5 12.5
48.5 14.5
48.5 25.5
48.5 33.5
48.5 36.5
48.5 42.5
48.5 52.5
48.5 55.5
48.5 62.5
49.5 6.5
49.5 13.5
49.5 20.5
49.5 26.5
49.5 35.5
49.5 37.5
49.5 43.5
49.5 46.5
49.5 53.5
49.5 61.5
50.5 7.5
50.5 8.5
50.5 19.5
50.5 28.5
50.5 38.5
50.5 47.5
50.5 60.5
51.5 9.5
51.5 10.5
51.5 29.5
51.5 39.5
51.5 60.5
52.5 30.5
52.5 40.5
52.5 59.5
53.5 27.5
54.5 7.5
54.5 28.5
54.5 39.5
54.5 49.5
55.5 8.5
55.5 17.5
55.5 29.5
55.5 40.5
55.5 48.5
55.5 60.5
56.5 9.5
56.5 10.5
56.5 16.5
56.5 30.5
56.5 41.5
56.5 48.5
56.5 58.5
57.5 11.5
57.5 15.5
57.5 30.5
57.5 34.5
57.5 41.5
57.5 47.5
57.5 57.5
58.5 12.5
58.5 23.5
58.5 25.5
58.5 31.5
58.5 35.5
58.5 42.5
58.5 46.5
58.5 56.5
59.5 5.5
59.5 21.5
59.5 22.5
59.5 26.5
59.5 32.5
59.5 36.5
59.5 43.5
59.5 52.5
59.5 55.5
59.5 63.5
60.5 6.5
60.5 19.5
60.5 20.5
60.5 33.5
60.5 37.5
60.5 45.5
60.5 51.5
60.5 61.5
61.5 7.5
61.5 18.5
61.5 27.5
61.5 38.5
61.5 50.5
61.5 60.5
62.5 16.5
62.5 39.5
62.5 49.5
62.5 58.5
63.5 28.5
63.5 40.5
63.5 48.5
