3.5 11.5
3.5 20.5
3.5 21.5
4.5 11.5
4.5 12.5
4.5 18.5
4.5 19.5
4.5 20.5
4.5 21.5
4.5 33.5
4.5 34.5
4.5 35.5
4.5 46.5
4.5 58.5
4.5 59.5
5.5 11.5
5.5 12.5
5.5 17.5
5.5 18.5
5.5 19.5
5.5 20.5
5.5 34.5
5.5 35.5
5.5 36.5
5.5 46.5
5.5 47.5
5.5 48.5
5.5 59.5
5.5 60.5
5.5 61.5
6.5 11.5
6.5 12.5
6.5 17.5
6.5 18.5
6.5 35.5
6.5 36.5
6.5 37.5
6.5 47.5
6.5 48.5
6.5 49.5
6.5 60.5
6.5 61.5
6.5 62.5
7.5 12.5
7.5 25.5
7.5 29.5
7.5 30.5
7.5 41.5
7.5 48.5
7.5 49.5
7.5 50.5
8.5 6.5
8.5 7.5
8.5 8.5
8.5 23.5
8.5 24.5
8.5 25.5
8.5 29.5
8.5 30.5
8.5 31.5
8.5 41.5
8.5 42.5
8.5 43.5
8.5 49.5
8.5 50.5
8.5 54.5
8.5 55.5
8.5 56.5
9.5 7.5
9.5 8.5
9.5 9.5
9.5 21.5
9.5 22.5
9.5 23.5
9.5 24.5
9.5 29.5
9.5 30.5
9.5 31.5
9.5 32.5
9.5 42.5
9.5 43.5
9.5 44.5
9.5 55.5
9.5 56.5
9.5 57.5
9.5 58.5
10.5 8.5
10.5 9.5
10.5 21.5
10.5 22.5
10.5 23.5
10.5 30.5
10.5 31.5
10.5 32.5
10.5 44.5
10.5 45.5
10.5 56.5
10.5 57.5
10.5 58.5
11.5 20.5
11.5 21.5
11.5 32.5
14.5 9.5
14.5 32.5
14.5 58.5
14.5 59.5
15.5 9.5
15.5 10.5
15.5 18.5
15.5 19.5
15.5 20.5
15.5 31.5
15.5 32.5
15.5 42.5
15.5 43.5
15.5 44.5
15.5 45.5
15.5 46.5
15.5 58.5
15.5 59.5
15.5 60.5
15.5 61.5
16.5 9.5
16.5 10.5
16.5 11.5
16.5 16.5
16.5 17.5
16.5 18.5
16.5 19.5
16.5 29.5
16.5 30.5
16.5 31.5
16.5 42.5
16.5 43.5
16.5 44.5
16.5 45.5
16.5 46.5
16.5 59.5
16.5 60.5
16.5 61.5
16.5 62.5
17.5 10.5
17.5 11.5
17.5 15.5
17.5 16.5
17.5 17.5
17.5 18.5
17.5 29.5
17.5 30.5
17.5 36.5
17.5 37.5
17.5 38.5
18.5 5.5
18.5 6.5
18.5 28.5
18.5 35.5
18.5 36.5
18.5 37.5
18.5 38.5
18.5 49.5
18.5 50.5
18.5 53.5
18.5 54.5
19.5 5.5
19.5 6.5
19.5 7.5
19.5 22.5
19.5 23.5
19.5 24.5
19.5 34.5
19.5 35.5
19.5 36.5
19.5 37.5
19.5 48.5
19.5 49.5
19.5 54.5
19.5 55.5
19.5 56.5
19.5 57.5
20.5 6.5
20.5 7.5
20.5 8.5
20.5 20.5
20.5 21.5
20.5 22.5
20.5 23.5
20.5 33.5
20.5 34.5
20.5 35.5
20.5 47.5
20.5 48.5
20.5 55.5
20.5 56.5
20.5 57.5
21.5 7.5
21.5 8.5
21.5 19.5
21.5 20.5
21.5 21.5
24.5 34.5
24.5 45.5
24.5 56.5
24.5 57.5
24.5 58.5
25.5 6.5
25.5 7.5
25.5 18.5
25.5 19.5
25.5 20.5
25.5 33.5
25.5 34.5
25.5 35.5
25.5 36.5
25.5 37.5
25.5 43.5
25.5 44.5
25.5 45.5
25.5 55.5
25.5 56.5
25.5 57.5
26.5 5.5
26.5 6.5
26.5 7.5
26.5 16.5
26.5 17.5
26.5 18.5
26.5 19.5
26.5 20.5
26.5 34.5
26.5 35.5
26.5 36.5
26.5 37.5
26.5 38.5
26.5 42.5
26.5 43.5
26.5 44.5
26.5 54.5
26.5 55.5
26.5 56.5
27.5 5.5
27.5 6.5
27.5 15.5
27.5 16.5
27.5 17.5
27.5 18.5
27.5 42.5
27.5 54.5
27.5 61.5
27.5 62.5
28.5 5.5
28.5 11.5
28.5 30.5
28.5 47.5
28.5 48.5
28.5 49.5
28.5 50.5
28.5 60.5
28.5 61.5
28.5 62.5
29.5 10.5
29.5 11.5
29.5 22.5
29.5 23.5
29.5 24.5
29.5 25.5
29.5 30.5
29.5 31.5
29.5 32.5
29.5 45.5
29.5 46.5
29.5 47.5
29.5 48.5
29.5 49.5
29.5 59.5
29.5 60.5
29.5 61.5
30.5 9.5
30.5 10.5
30.5 21.5
30.5 22.5
30.5 23.5
30.5 24.5
30.5 25.5
30.5 31.5
30.5 32.5
30.5 33.5
30.5 45.5
30.5 46.5
30.5 47.5
30.5 58.5
30.5 59.5
31.5 8.5
31.5 9.5
31.5 21.5
31.5 22.5
31.5 23.5
31.5 32.5
31.5 33.5
34.5 43.5
34.5 44.5
34.5 45.5
34.5 46.5
34.5 58.5
34.5 59.5
34.5 60.5
35.5 7.5
35.5 8.5
35.5 9.5
35.5 20.5
35.5 21.5
35.5 34.5
35.5 35.5
35.5 36.5
35.5 37.5
35.5 42.5
35.5 43.5
35.5 44.5
35.5 45.5
35.5 59.5
35.5 60.5
35.5 61.5
35.5 62.5
36.5 6.5
36.5 7.5
36.5 8.5
36.5 18.5
36.5 19.5
36.5 20.5
36.5 21.5
36.5 36.5
36.5 37.5
36.5 38.5
36.5 61.5
36.5 62.5
37.5 5.5
37.5 6.5
37.5 16.5
37.5 17.5
37.5 18.5
37.5 19.5
37.5 20.5
37.5 49.5
37.5 50.5
37.5 55.5
38.5 10.5
38.5 11.5
38.5 12.5
38.5 16.5
38.5 17.5
38.5 31.5
38.5 32.5
38.5 33.5
38.5 47.5
38.5 48.5
38.5 49.5
38.5 50.5
38.5 55.5
38.5 56.5
38.5 57.5
39.5 9.5
39.5 10.5
39.5 11.5
39.5 24.5
39.5 25.5
39.5 26.5
39.5 27.5
39.5 31.5
39.5 32.5
39.5 33.5
39.5 34.5
39.5 46.5
39.5 47.5
39.5 48.5
39.5 49.5
39.5 55.5
39.5 56.5
39.5 57.5
39.5 58.5
40.5 9.5
40.5 10.5
40.5 22.5
40.5 23.5
40.5 24.5
40.5 25.5
40.5 26.5
40.5 33.5
40.5 34.5
40.5 35.5
40.5 47.5
40.5 56.5
40.5 57.5
40.5 58.5
41.5 21.5
41.5 22.5
41.5 23.5
41.5 24.5
43.5 36.5
44.5 7.5
44.5 8.5
44.5 36.5
44.5 37.5
44.5 44.5
44.5 45.5
44.5 46.5
44.5 58.5
44.5 59.5
45.5 6.5
45.5 7.5
45.5 8.5
45.5 21.5
45.5 22.5
45.5 36.5
45.5 37.5
45.5 38.5
45.5 44.5
45.5 45.5
45.5 46.5
45.5 58.5
45.5 59.5
45.5 60.5
45.5 61.5
46.5 5.5
46.5 6.5
46.5 7.5
46.5 21.5
46.5 22.5
46.5 23.5
46.5 24.5
46.5 37.5
46.5 38.5
46.5 39.5
46.5 43.5
46.5 44.5
46.5 45.5
46.5 59.5
46.5 60.5
46.5 61.5
46.5 62.5
47.5 5.5
47.5 6.5
47.5 22.5
47.5 23.5
47.5 24.5
47.5 25.5
47.5 26.5
47.5 38.5
47.5 39.5
47.5 43.5
47.5 44.5
47.5 45.5
47.5 60.5
47.5 61.5
47.5 62.5
48.5 12.5
48.5 16.5
48.5 24.5
48.5 25.5
48.5 26.5
49.5 10.5
49.5 11.5
49.5 12.5
49.5 16.5
49.5 17.5
49.5 18.5
49.5 30.5
49.5 31.5
49.5 32.5
49.5 33.5
49.5 50.5
49.5 51.5
49.5 55.5
49.5 56.5
50.5 9.5
50.5 10.5
50.5 11.5
50.5 12.5
50.5 17.5
50.5 18.5
50.5 19.5
50.5 31.5
50.5 32.5
50.5 33.5
50.5 34.5
50.5 35.5
50.5 48.5
50.5 49.5
50.5 50.5
50.5 51.5
50.5 55.5
50.5 56.5
50.5 57.5
50.5 58.5
51.5 8.5
51.5 9.5
51.5 10.5
51.5 11.5
51.5 18.5
51.5 19.5
51.5 20.5
51.5 32.5
51.5 33.5
51.5 34.5
51.5 35.5
51.5 47.5
51.5 48.5
51.5 49.5
51.5 50.5
51.5 56.5
51.5 57.5
51.5 58.5
51.5 59.5
52.5 19.5
52.5 20.5
52.5 47.5
52.5 48.5
52.5 58.5
52.5 59.5
56.5 6.5
56.5 7.5
56.5 8.5
56.5 9.5
56.5 20.5
56.5 21.5
56.5 33.5
56.5 34.5
56.5 35.5
56.5 36.5
56.5 47.5
56.5 48.5
56.5 49.5
56.5 59.5
56.5 60.5
56.5 61.5
57.5 5.5
57.5 6.5
57.5 7.5
57.5 8.5
57.5 18.5
57.5 19.5
57.5 20.5
57.5 34.5
57.5 35.5
57.5 36.5
57.5 37.5
57.5 38.5
57.5 48.5
57.5 49.5
57.5 50.5
57.5 60.5
57.5 61.5
57.5 62.5
58.5 5.5
58.5 6.5
58.5 17.5
58.5 18.5
58.5 19.5
58.5 36.5
58.5 37.5
58.5 38.5
58.5 49.5
58.5 50.5
58.5 51.5
58.5 61.5
58.5 62.5
58.5 63.5
59.5 12.5
59.5 13.5
59.5 23.5
59.5 24.5
59.5 28.5
59.5 29.5
59.5 30.5
59.5 42.5
59.5 43.5
59.5 44.5
59.5 51.5
59.5 62.5
59.5 63.5
60.5 10.5
60.5 11.5
60.5 12.5
60.5 13.5
60.5 22.5
60.5 23.5
60.5 24.5
60.5 29.5
60.5 30.5
60.5 31.5
60.5 42.5
60.5 43.5
60.5 44.5
60.5 45.5
60.5 55.5
60.5 56.5
60.5 57.5
61.5 9.5
61.5 10.5
61.5 11.5
61.5 21.5
61.5 22.5
61.5 23.5
61.5 30.5
61.5 31.5
61.5 32.5
61.5 43.5
61.5 44.5
61.5 45.5
61.5 46.5
61.5 56.5
61.5 57.5
61.5 58.5
62.5 32.5
62.5 58.5
62.5 59.5
