2.5 9.5
2.5 34.5
2.5 58.5
3.5 20.5
3.5 34.5
3.5 58.5
4.5 8.5
4.5 20.5
4.5 34.5
4.5 35.5
4.5 47.5
4.5 58.5
5.5 8.5
5.5 20.5
5.5 35.5
5.5 47.5
5.5 59.5
6.5 8.5
6.5 13.5
6.5 19.5
6.5 35.5
6.5 59.5
7.5 7.5
7.5 13.5
7.5 19.5
7.5 28.5
7.5 35.5
7.5 42.5
7.5 48.5
7.5 59.5
8.5 7.5
8.5 19.5
8.5 26.5
8.5 28.5
8.5 35.5
8.5 36.5
8.5 42.5
8.5 48.5
8.5 60.5
9.5 7.5
9.5 12.5
9.5 18.5
9.5 19.5
9.5 35.5
9.5 36.5
9.5 42.5
9.5 48.5
9.5 53.5
9.5 60.5
10.5 6.5
10.5 12.5
10.5 18.5
10.5 25.5
10.5 29.5
10.5 36.5
10.5 42.5
10.5 53.5
10.5 60.5
11.5 6.5
11.5 12.5
11.5 18.5
11.5 25.5
11.5 29.5
11.5 36.5
11.5 43.5
11.5 49.5
11.5 54.5
11.5 61.5
12.5 6.5
12.5 12.5
12.5 17.5
12.5 18.5
12.5 24.5
12.5 29.5
12.5 36.5
12.5 43.5
12.5 49.5
12.5 54.5
12.5 61.5
13.5 11.5
13.5 17.5
13.5 24.5
13.5 30.5
13.5 37.5
13.5 43.5
13.5 49.5
13.5 54.5
13.5 61.5
14.5 5.5
14.5 11.5
14.5 17.5
14.5 24.5
14.5 30.5
14.5 37.5
14.5 43.5
14.5 50.5
14.5 55.5
15.5 5.5
15.5 11.5
15.5 17.5
15.5 23.5
15.5 30.5
15.5 37.5
15.5 43.5
15.5 44.5
15.5 50.5
15.5 55.5
15.5 62.5
16.5 11.5
16.5 16.5
16.5 23.5
16.5 30.5
16.5 37.5
16.5 44.5
16.5 50.5
16.5 55.5
16.5 56.5
16.5 62.5
17.5 10.5
17.5 16.5
17.5 22.5
17.5 31.5
17.5 44.5
17.5 56.5
18.5 10.5
18.5 22.5
18.5 31.5
18.5 44.5
18.5 56.5
19.5 10.5
19.5 22.5
19.5 31.5
19.5 44.5
19.5 57.5
20.5 8.5
20.5 10.5
20.5 21.5
20.5 32.5
20.5 45.5
20.5 57.5
20.5 58.5
21.5 21.5
21.5 22.5
21.5 31.5
21.5 32.5
21.5 45.5
21.5 57.5
21.5 58.5
22.5 9.5
22.5 20.5
22.5 32.5
22.5 45.5
22.5 58.5
23.5 9.5
23.5 20.5
23.5 21.5
23.5 32.5
23.5 44.5
23.5 45.5
23.5 57.5
23.5 58.5
24.5 10.5
24.5 21.5
24.5 33.5
24.5 44.5
24.5 57.5
25.5 10.5
25.5 20.5
25.5 33.5
25.5 44.5
25.5 57.5
26.5 5.5
26.5 10.5
26.5 20.5
26.5 33.5
26.5 34.5
26.5 43.5
26.5 44.5
26.5 57.5
27.5 11.5
27.5 19.5
27.5 34.5
27.5 43.5
27.5 56.5
28.5 6.5
28.5 11.5
28.5 19.5
28.5 25.5
28.5 34.5
28.5 35.5
28.5 43.5
28.5 50.5
28.5 56.5
29.5 6.5
29.5 12.5
29.5 18.5
29.5 19.5
29.5 25.5
29.5 27.5
29.5 35.5
29.5 43.5
29.5 50.5
29.5 56.5
29.5 62.5
30.5 6.5
30.5 12.5
30.5 18.5
30.5 28.5
30.5 35.5
30.5 42.5
30.5 43.5
30.5 55.5
30.5 56.5
30.5 62.5
31.5 6.5
31.5 12.5
31.5 18.5
31.5 24.5
31.5 28.5
31.5 36.5
31.5 42.5
31.5 49.5
31.5 55.5
31.5 61.5
32.5 7.5
32.5 13.5
32.5 17.5
32.5 24.5
32.5 29.5
32.5 36.5
32.5 42.5
32.5 49.5
32.5 55.5
32.5 61.5
33.5 7.5
33.5 13.5
33.5 17.5
33.5 23.5
33.5 29.5
33.5 37.5
33.5 42.5
33.5 49.5
33.5 55.5
33.5 61.5
34.5 7.5
34.5 23.5
34.5 30.5
34.5 37.5
34.5 41.5
34.5 48.5
34.5 60.5
35.5 7.5
35.5 14.5
35.5 16.5
35.5 23.5
35.5 30.5
35.5 31.5
35.5 38.5
35.5 41.5
35.5 48.5
35.5 54.5
35.5 60.5
36.5 7.5
36.5 8.5
36.5 22.5
36.5 31.5
36.5 38.5
36.5 41.5
36.5 48.5
36.5 54.5
36.5 60.5
37.5 8.5
37.5 22.5
37.5 31.5
37.5 32.5
37.5 48.5
37.5 54.5
37.5 59.5
38.5 8.5
38.5 22.5
38.5 32.5
38.5 47.5
38.5 59.5
39.5 8.5
39.5 19.5
39.5 21.5
39.5 32.5
39.5 33.5
39.5 47.5
39.5 59.5
40.5 8.5
40.5 21.5
40.5 31.5
40.5 33.5
40.5 47.5
41.5 9.5
41.5 20.5
41.5 33.5
41.5 34.5
41.5 47.5
41.5 48.5
41.5 58.5
41.5 59.5
42.5 9.5
42.5 20.5
42.5 32.5
42.5 34.5
42.5 46.5
42.5 58.5
43.5 9.5
43.5 20.5
43.5 33.5
43.5 46.5
43.5 47.5
43.5 58.5
44.5 9.5
44.5 33.5
44.5 35.5
44.5 47.5
44.5 57.5
44.5 58.5
45.5 10.5
45.5 21.5
45.5 34.5
45.5 46.5
45.5 57.5
46.5 10.5
46.5 16.5
46.5 21.5
46.5 34.5
46.5 46.5
46.5 57.5
47.5 10.5
47.5 21.5
47.5 26.5
47.5 35.5
47.5 45.5
48.5 11.5
48.5 22.5
48.5 35.5
48.5 45.5
48.5 52.5
48.5 56.5
49.5 11.5
49.5 17.5
49.5 22.5
49.5 27.5
49.5 36.5
49.5 44.5
49.5 45.5
49.5 51.5
49.5 56.5
49.5 61.5
50.5 11.5
50.5 17.5
50.5 22.5
50.5 27.5
50.5 28.5
50.5 36.5
50.5 44.5
50.5 51.5
50.5 55.5
50.5 61.5
51.5 5.5
51.5 12.5
51.5 17.5
51.5 23.5
51.5 28.5
51.5 37.5
51.5 44.5
51.5 50.5
51.5 55.5
51.5 60.5
52.5 5.5
52.5 12.5
52.5 23.5
52.5 28.5
52.5 29.5
52.5 37.5
52.5 43.5
52.5 50.5
52.5 55.5
52.5 60.5
53.5 5.5
53.5 12.5
53.5 18.5
53.5 23.5
53.5 29.5
53.5 38.5
53.5 43.5
53.5 54.5
53.5 60.5
54.5 6.5
54.5 13.5
54.5 18.5
54.5 29.5
54.5 30.5
54.5 38.5
54.5 42.5
54.5 49.5
54.5 54.5
54.5 59.5
55.5 6.5
55.5 13.5
55.5 18.5
55.5 24.5
55.5 30.5
55.5 39.5
55.5 42.5
55.5 49.5
55.5 59.5
56.5 7.5
56.5 13.5
56.5 18.5
56.5 24.5
56.5 30.5
56.5 31.5
56.5 48.5
56.5 53.5
56.5 59.5
57.5 7.5
57.5 19.5
57.5 31.5
57.5 40.5
57.5 41.5
57.5 48.5
57.5 58.5
58.5 8.5
58.5 14.5
58.5 19.5
58.5 31.5
58.5 32.5
58.5 47.5
58.5 58.5
59.5 8.5
59.5 14.5
59.5 19.5
59.5 32.5
59.5 47.5
59.5 58.5
60.5 8.5
60.5 19.5
60.5 33.5
60.5 46.5
60.5 57.5
61.5 9.5
61.5 33.5
61.5 46.5
61.5 57.5
62.5 9.5
62.5 20.5
62.5 34.5
62.5 45.5
63.5 10.5
63.5 20.5
63.5 34.5
63.5 45.5
