5.5 39.5
5.5 48.5
6.5 9.5
6.5 19.5
6.5 27.5
6.5 39.5
6.5 47.5
6.5 60.5
7.5 9.5
7.5 19.5
7.5 27.5
7.5 39.5
7.5 40.5
7.5 47.5
7.5 60.5
8.5 9.5
8.5 10.5
8.5 19.5
8.5 20.5
8.5 26.5
8.5 27.5
8.5 40.5
8.5 47.5
8.5 60.5
8.5 61.5
9.5 9.5
9.5 10.5
9.5 20.5
9.5 26.5
9.5 27.5
9.5 40.5
9.5 46.5
9.5 47.5
9.5 61.5
10.5 10.5
10.5 20.5
10.5 26.5
10.5 40.5
10.5 46.5
10.5 47.5
10.5 61.5
10.5 62.5
11.5 10.5
11.5 20.5
11.5 26.5
11.5 40.5
11.5 41.5
11.5 46.5
11.5 61.5
11.5 62.5
12.5 5.5
12.5 11.5
12.5 20.5
12.5 25.5
12.5 41.5
12.5 46.5
12.5 56.5
12.5 62.5
13.5 5.5
13.5 25.5
13.5 31.5
13.5 36.5
13.5 51.5
13.5 56.5
14.5 5.5
14.5 6.5
14.5 16.5
14.5 30.5
14.5 31.5
14.5 36.5
14.5 51.5
14.5 57.5
15.5 6.5
15.5 16.5
15.5 30.5
15.5 36.5
15.5 37.5
15.5 50.5
15.5 51.5
15.5 57.5
16.5 6.5
16.5 16.5
16.5 30.5
16.5 36.5
16.5 37.5
16.5 50.5
16.5 57.5
16.5 58.5
17.5 6.5
17.5 16.5
17.5 17.5
17.5 29.5
17.5 30.5
17.5 37.5
17.5 50.5
17.5 57.5
17.5 58.5
18.5 6.5
18.5 7.5
18.5 17.5
18.5 29.5
18.5 37.5
18.5 49.5
18.5 50.5
18.5 58.5
19.5 7.5
19.5 17.5
19.5 29.5
19.5 37.5
19.5 49.5
19.5 58.5
20.5 38.5
26.5 8.5
26.5 17.5
27.5 8.5
27.5 9.5
27.5 16.5
27.5 27.5
27.5 39.5
27.5 47.5
27.5 58.5
28.5 9.5
28.5 16.5
28.5 27.5
28.5 39.5
28.5 40.5
28.5 47.5
28.5 58.5
29.5 9.5
29.5 16.5
29.5 27.5
29.5 40.5
29.5 47.5
29.5 57.5
29.5 58.5
30.5 9.5
30.5 10.5
30.5 15.5
30.5 16.5
30.5 26.5
30.5 27.5
30.5 40.5
30.5 46.5
30.5 47.5
30.5 57.5
30.5 58.5
31.5 10.5
31.5 15.5
31.5 26.5
31.5 27.5
31.5 40.5
31.5 46.5
31.5 57.5
32.5 10.5
32.5 15.5
32.5 26.5
32.5 40.5
32.5 41.5
32.5 46.5
32.5 57.5
33.5 5.5
33.5 20.5
33.5 26.5
33.5 36.5
33.5 41.5
33.5 51.5
33.5 57.5
33.5 62.5
34.5 5.5
34.5 20.5
34.5 31.5
34.5 36.5
34.5 51.5
34.5 62.5
35.5 5.5
35.5 6.5
35.5 19.5
35.5 20.5
35.5 31.5
35.5 36.5
35.5 50.5
35.5 51.5
35.5 61.5
35.5 62.5
36.5 6.5
36.5 19.5
36.5 20.5
36.5 30.5
36.5 31.5
36.5 37.5
36.5 50.5
36.5 51.5
36.5 61.5
37.5 6.5
37.5 19.5
37.5 20.5
37.5 30.5
37.5 37.5
37.5 50.5
37.5 51.5
37.5 61.5
38.5 6.5
38.5 19.5
38.5 30.5
38.5 37.5
38.5 50.5
38.5 61.5
39.5 7.5
39.5 19.5
39.5 30.5
39.5 38.5
39.5 50.5
39.5 60.5
40.5 38.5
40.5 60.5
46.5 7.5
46.5 18.5
46.5 38.5
46.5 59.5
47.5 7.5
47.5 17.5
47.5 18.5
47.5 30.5
47.5 37.5
47.5 50.5
47.5 59.5
48.5 6.5
48.5 7.5
48.5 17.5
48.5 30.5
48.5 37.5
48.5 50.5
48.5 51.5
48.5 58.5
49.5 6.5
49.5 7.5
49.5 17.5
49.5 30.5
49.5 31.5
49.5 37.5
49.5 51.5
49.5 58.5
50.5 6.5
50.5 16.5
50.5 17.5
50.5 31.5
50.5 37.5
50.5 51.5
50.5 52.5
50.5 58.5
51.5 6.5
51.5 16.5
51.5 17.5
51.5 31.5
51.5 36.5
51.5 37.5
51.5 52.5
51.5 57.5
51.5 58.5
52.5 6.5
52.5 11.5
52.5 16.5
52.5 31.5
52.5 36.5
52.5 52.5
52.5 57.5
53.5 11.5
53.5 16.5
53.5 26.5
53.5 36.5
53.5 57.5
54.5 10.5
54.5 11.5
54.5 21.5
54.5 26.5
54.5 41.5
54.5 47.5
54.5 61.5
55.5 10.5
55.5 11.5
55.5 21.5
55.5 26.5
55.5 27.5
55.5 41.5
55.5 47.5
55.5 48.5
55.5 61.5
56.5 10.5
56.5 20.5
56.5 26.5
56.5 27.5
56.5 41.5
56.5 47.5
56.5 48.5
56.5 61.5
57.5 10.5
57.5 20.5
57.5 27.5
57.5 40.5
57.5 41.5
57.5 48.5
57.5 61.5
58.5 10.5
58.5 20.5
58.5 27.5
58.5 40.5
58.5 41.5
58.5 48.5
58.5 49.5
58.5 60.5
59.5 10.5
59.5 27.5
59.5 40.5
59.5 41.5
59.5 49.5
59.5 60.5
60.5 19.5
60.5 40.5
60.5 49.5
