2.5 10.5
3.5 8.5
3.5 9.5
3.5 10.5
3.5 26.5
3.5 27.5
4.5 6.5
4.5 7.5
4.5 8.5
4.5 23.5
4.5 24.5
4.5 25.5
4.5 26.5
4.5 40.5
4.5 41.5
4.5 42.5
4.5 58.5
5.5 5.5
5.5 6.5
5.5 7.5
5.5 21.5
5.5 22.5
5.5 23.5
5.5 24.5
5.5 25.5
5.5 38.5
5.5 39.5
5.5 40.5
5.5 41.5
5.5 55.5
5.5 56.5
5.5 57.5
6.5 5.5
6.5 20.5
6.5 21.5
6.5 22.5
6.5 36.5
6.5 37.5
6.5 38.5
6.5 39.5
6.5 53.5
6.5 54.5
6.5 55.5
6.5 56.5
7.5 14.5
7.5 15.5
7.5 16.5
7.5 31.5
7.5 32.5
7.5 52.5
7.5 53.5
7.5 54.5
8.5 11.5
8.5 12.5
8.5 13.5
8.5 14.5
8.5 15.5
8.5 29.5
8.5 30.5
8.5 31.5
8.5 45.5
8.5 46.5
8.5 47.5
8.5 48.5
8.5 52.5
8.5 61.5
8.5 62.5
9.5 10.5
9.5 11.5
9.5 12.5
9.5 13.5
9.5 27.5
9.5 28.5
9.5 29.5
9.5 43.5
9.5 44.5
9.5 45.5
9.5 46.5
9.5 47.5
9.5 59.5
9.5 60.5
9.5 61.5
10.5 9.5
10.5 10.5
10.5 26.5
10.5 27.5
10.5 42.5
10.5 43.5
10.5 44.5
10.5 45.5
10.5 58.5
10.5 59.5
11.5 57.5
14.5 9.5
14.5 10.5
14.5 11.5
14.5 26.5
14.5 27.5
14.5 28.5
14.5 41.5
15.5 10.5
15.5 11.5
15.5 12.5
15.5 13.5
15.5 14.5
15.5 27.5
15.5 28.5
15.5 29.5
15.5 30.5
15.5 42.5
15.5 43.5
15.5 44.5
15.5 57.5
15.5 58.5
15.5 59.5
15.5 60.5
16.5 13.5
16.5 14.5
16.5 15.5
16.5 16.5
16.5 29.5
16.5 30.5
16.5 31.5
16.5 44.5
16.5 45.5
16.5 46.5
16.5 59.5
16.5 60.5
16.5 61.5
16.5 62.5
17.5 20.5
17.5 21.5
17.5 31.5
17.5 32.5
17.5 36.5
17.5 46.5
17.5 47.5
17.5 61.5
17.5 62.5
17.5 63.5
18.5 5.5
18.5 6.5
18.5 7.5
18.5 21.5
18.5 22.5
18.5 23.5
18.5 37.5
18.5 38.5
18.5 39.5
19.5 6.5
19.5 7.5
19.5 8.5
19.5 9.5
19.5 23.5
19.5 24.5
19.5 25.5
19.5 38.5
19.5 39.5
19.5 40.5
19.5 52.5
19.5 53.5
19.5 54.5
19.5 55.5
20.5 8.5
20.5 9.5
20.5 10.5
20.5 24.5
20.5 25.5
20.5 26.5
20.5 39.5
20.5 40.5
20.5 41.5
20.5 54.5
20.5 55.5
20.5 56.5
20.5 57.5
24.5 10.5
24.5 11.5
24.5 25.5
25.5 8.5
25.5 9.5
25.5 10.5
25.5 26.5
25.5 27.5
25.5 28.5
25.5 41.5
25.5 42.5
25.5 43.5
25.5 54.5
25.5 55.5
25.5 56.5
25.5 57.5
26.5 6.5
26.5 7.5
26.5 8.5
26.5 9.5
26.5 28.5
26.5 29.5
26.5 30.5
26.5 43.5
26.5 44.5
26.5 45.5
26.5 51.5
26.5 52.5
26.5 53.5
26.5 54.5
26.5 55.5
27.5 5.5
27.5 6.5
27.5 7.5
27.5 30.5
27.5 31.5
27.5 46.5
27.5 47.5
27.5 51.5
28.5 15.5
28.5 16.5
28.5 20.5
28.5 21.5
28.5 22.5
28.5 36.5
28.5 37.5
28.5 60.5
28.5 61.5
28.5 62.5
29.5 13.5
29.5 14.5
29.5 15.5
29.5 21.5
29.5 22.5
29.5 23.5
29.5 24.5
29.5 37.5
29.5 38.5
29.5 39.5
29.5 40.5
29.5 58.5
29.5 59.5
29.5 60.5
30.5 11.5
30.5 12.5
30.5 13.5
30.5 14.5
30.5 23.5
30.5 24.5
30.5 25.5
30.5 39.5
30.5 40.5
30.5 41.5
30.5 42.5
30.5 56.5
30.5 57.5
30.5 58.5
31.5 10.5
31.5 11.5
31.5 12.5
31.5 25.5
31.5 26.5
34.5 40.5
34.5 56.5
34.5 57.5
35.5 10.5
35.5 11.5
35.5 25.5
35.5 26.5
35.5 41.5
35.5 42.5
35.5 43.5
35.5 57.5
35.5 58.5
35.5 59.5
36.5 11.5
36.5 12.5
36.5 13.5
36.5 26.5
36.5 27.5
36.5 28.5
36.5 29.5
36.5 42.5
36.5 43.5
36.5 44.5
36.5 45.5
36.5 58.5
36.5 59.5
36.5 60.5
36.5 61.5
37.5 12.5
37.5 13.5
37.5 14.5
37.5 28.5
37.5 29.5
37.5 30.5
37.5 31.5
37.5 44.5
37.5 45.5
37.5 46.5
37.5 60.5
37.5 61.5
37.5 62.5
38.5 5.5
38.5 14.5
38.5 15.5
38.5 35.5
38.5 36.5
38.5 50.5
38.5 51.5
38.5 61.5
38.5 62.5
38.5 63.5
39.5 6.5
39.5 7.5
39.5 8.5
39.5 19.5
39.5 20.5
39.5 21.5
39.5 36.5
39.5 37.5
39.5 38.5
39.5 51.5
39.5 52.5
39.5 53.5
40.5 7.5
40.5 8.5
40.5 9.5
40.5 21.5
40.5 22.5
40.5 23.5
40.5 24.5
40.5 38.5
40.5 39.5
40.5 40.5
40.5 52.5
40.5 53.5
40.5 54.5
40.5 55.5
41.5 9.5
41.5 10.5
41.5 23.5
41.5 24.5
41.5 25.5
41.5 26.5
41.5 40.5
41.5 41.5
41.5 54.5
41.5 55.5
41.5 56.5
42.5 56.5
42.5 57.5
45.5 26.5
45.5 38.5
45.5 39.5
45.5 40.5
45.5 41.5
46.5 7.5
46.5 8.5
46.5 9.5
46.5 10.5
46.5 23.5
46.5 24.5
46.5 25.5
46.5 36.5
46.5 37.5
46.5 38.5
46.5 39.5
46.5 54.5
46.5 55.5
46.5 56.5
46.5 57.5
47.5 6.5
47.5 7.5
47.5 8.5
47.5 9.5
47.5 21.5
47.5 22.5
47.5 23.5
47.5 24.5
47.5 50.5
47.5 51.5
47.5 52.5
47.5 53.5
47.5 54.5
48.5 5.5
48.5 6.5
48.5 20.5
48.5 21.5
48.5 30.5
48.5 31.5
48.5 43.5
48.5 44.5
48.5 45.5
48.5 46.5
49.5 15.5
49.5 16.5
49.5 17.5
49.5 28.5
49.5 29.5
49.5 41.5
49.5 42.5
49.5 43.5
49.5 44.5
49.5 61.5
49.5 62.5
50.5 12.5
50.5 13.5
50.5 14.5
50.5 15.5
50.5 26.5
50.5 27.5
50.5 57.5
50.5 58.5
50.5 59.5
50.5 60.5
50.5 61.5
51.5 11.5
51.5 12.5
51.5 13.5
51.5 55.5
51.5 56.5
53.5 41.5
54.5 26.5
54.5 39.5
54.5 40.5
54.5 41.5
54.5 55.5
54.5 56.5
55.5 11.5
55.5 26.5
55.5 27.5
55.5 28.5
55.5 29.5
55.5 37.5
55.5 38.5
55.5 39.5
55.5 40.5
55.5 56.5
55.5 57.5
55.5 58.5
55.5 59.5
56.5 12.5
56.5 13.5
56.5 14.5
56.5 15.5
56.5 27.5
56.5 28.5
56.5 29.5
56.5 30.5
56.5 36.5
56.5 37.5
56.5 38.5
56.5 59.5
56.5 60.5
56.5 61.5
57.5 14.5
57.5 15.5
57.5 16.5
57.5 17.5
57.5 29.5
57.5 30.5
57.5 31.5
57.5 35.5
57.5 36.5
57.5 51.5
57.5 52.5
58.5 20.5
58.5 21.5
58.5 44.5
58.5 45.5
58.5 46.5
58.5 52.5
58.5 53.5
58.5 54.5
59.5 5.5
59.5 6.5
59.5 7.5
59.5 8.5
59.5 21.5
59.5 22.5
59.5 23.5
59.5 42.5
59.5 43.5
59.5 44.5
59.5 45.5
59.5 54.5
59.5 55.5
59.5 56.5
60.5 6.5
60.5 7.5
60.5 8.5
60.5 9.5
60.5 10.5
60.5 23.5
60.5 24.5
60.5 25.5
60.5 41.5
60.5 42.5
60.5 43.5
60.5 56.5
61.5 9.5
61.5 10.5
61.5 11.5
61.5 25.5
61.5 26.5
61.5 40.5
61.5 41.5
