3.5 58.5
4.5 9.5
4.5 27.5
4.5 42.5
4.5 56.5
4.5 57.5
5.5 11.5
5.5 24.5
5.5 25.5
5.5 39.5
5.5 40.5
5.5 54.5
5.5 55.5
6.5 13.5
6.5 22.5
6.5 37.5
6.5 38.5
6.5 52.5
6.5 53.5
6.5 62.5
7.5 15.5
7.5 19.5
7.5 20.5
7.5 36.5
7.5 48.5
7.5 50.5
7.5 61.5
7.5 68.5
8.5 5.5
8.5 17.5
8.5 31.5
8.5 32.5
8.5 33.5
8.5 34.5
8.5 45.5
8.5 46.5
8.5 59.5
9.5 7.5
9.5 8.5
9.5 27.5
9.5 28.5
9.5 29.5
9.5 44.5
9.5 58.5
10.5 10.5
10.5 11.5
10.5 24.5
10.5 25.5
10.5 42.5
10.5 57.5
11.5 40.5
11.5 55.5
12.5 55.5
13.5 56.5
14.5 10.5
14.5 25.5
14.5 41.5
14.5 42.5
14.5 57.5
15.5 7.5
15.5 27.5
15.5 28.5
15.5 29.5
15.5 44.5
15.5 45.5
15.5 58.5
16.5 5.5
16.5 30.5
16.5 31.5
16.5 47.5
16.5 48.5
16.5 49.5
16.5 59.5
16.5 60.5
17.5 16.5
17.5 18.5
17.5 33.5
17.5 34.5
17.5 36.5
17.5 37.5
17.5 51.5
17.5 61.5
18.5 13.5
18.5 14.5
18.5 20.5
18.5 21.5
18.5 39.5
18.5 53.5
18.5 62.5
19.5 10.5
19.5 11.5
19.5 23.5
19.5 24.5
19.5 41.5
19.5 42.5
19.5 54.5
19.5 55.5
19.5 63.5
20.5 8.5
20.5 26.5
20.5 27.5
20.5 43.5
20.5 56.5
21.5 29.5
21.5 58.5
23.5 11.5
23.5 12.5
23.5 41.5
24.5 9.5
24.5 10.5
24.5 23.5
24.5 24.5
24.5 42.5
25.5 8.5
25.5 26.5
25.5 27.5
25.5 28.5
25.5 43.5
25.5 44.5
25.5 56.5
25.5 57.5
25.5 58.5
26.5 6.5
26.5 29.5
26.5 30.5
26.5 31.5
26.5 45.5
26.5 52.5
26.5 53.5
26.5 54.5
26.5 55.5
27.5 5.5
27.5 16.5
27.5 19.5
27.5 33.5
27.5 34.5
27.5 35.5
27.5 46.5
27.5 50.5
27.5 51.5
28.5 14.5
28.5 15.5
28.5 21.5
28.5 36.5
28.5 37.5
28.5 47.5
28.5 64.5
29.5 12.5
29.5 13.5
29.5 23.5
29.5 38.5
29.5 39.5
29.5 61.5
29.5 62.5
30.5 10.5
30.5 25.5
30.5 26.5
30.5 40.5
30.5 41.5
30.5 59.5
30.5 60.5
31.5 8.5
31.5 42.5
31.5 43.5
31.5 56.5
31.5 57.5
32.5 54.5
33.5 24.5
34.5 8.5
34.5 26.5
34.5 43.5
35.5 10.5
35.5 11.5
35.5 28.5
35.5 29.5
35.5 38.5
35.5 39.5
35.5 40.5
35.5 57.5
36.5 12.5
36.5 13.5
36.5 31.5
36.5 34.5
36.5 35.5
36.5 54.5
36.5 55.5
37.5 14.5
37.5 15.5
37.5 18.5
37.5 51.5
37.5 52.5
37.5 64.5
38.5 17.5
38.5 20.5
38.5 21.5
38.5 22.5
38.5 23.5
38.5 46.5
38.5 47.5
38.5 48.5
38.5 49.5
38.5 61.5
38.5 62.5
39.5 6.5
39.5 24.5
39.5 25.5
39.5 26.5
39.5 41.5
39.5 42.5
39.5 43.5
39.5 59.5
39.5 60.5
40.5 7.5
40.5 8.5
40.5 28.5
40.5 57.5
41.5 9.5
41.5 10.5
41.5 55.5
42.5 11.5
43.5 44.5
43.5 55.5
44.5 23.5
44.5 24.5
44.5 25.5
44.5 41.5
44.5 42.5
44.5 56.5
44.5 57.5
45.5 10.5
45.5 26.5
45.5 27.5
45.5 28.5
45.5 39.5
45.5 40.5
45.5 58.5
46.5 12.5
46.5 29.5
46.5 30.5
46.5 31.5
46.5 36.5
46.5 37.5
46.5 60.5
47.5 13.5
47.5 14.5
47.5 33.5
47.5 34.5
47.5 35.5
47.5 49.5
47.5 61.5
47.5 62.5
48.5 16.5
48.5 19.5
48.5 20.5
48.5 47.5
48.5 50.5
48.5 51.5
48.5 63.5
49.5 6.5
49.5 7.5
49.5 18.5
49.5 22.5
49.5 45.5
49.5 52.5
49.5 53.5
50.5 9.5
50.5 10.5
50.5 24.5
50.5 43.5
50.5 44.5
50.5 54.5
50.5 55.5
51.5 12.5
51.5 26.5
51.5 27.5
51.5 41.5
51.5 42.5
51.5 56.5
51.5 57.5
52.5 39.5
52.5 40.5
52.5 59.5
54.5 13.5
54.5 24.5
55.5 10.5
55.5 11.5
55.5 26.5
55.5 27.5
55.5 40.5
55.5 41.5
55.5 53.5
56.5 7.5
56.5 8.5
56.5 9.5
56.5 28.5
56.5 29.5
56.5 42.5
56.5 43.5
56.5 55.5
56.5 56.5
57.5 5.5
57.5 6.5
57.5 31.5
57.5 34.5
57.5 45.5
57.5 58.5
57.5 59.5
58.5 18.5
58.5 21.5
58.5 36.5
58.5 37.5
58.5 47.5
58.5 48.5
58.5 61.5
58.5 62.5
59.5 15.5
59.5 16.5
59.5 23.5
59.5 38.5
59.5 39.5
59.5 50.5
59.5 51.5
60.5 13.5
60.5 14.5
60.5 25.5
60.5 40.5
60.5 41.5
60.5 53.5
61.5 11.5
61.5 12.5
61.5 27.5
61.5 55.5
62.5 9.5
