4.5 8.5
4.5 9.5
4.5 33.5
4.5 34.5
4.5 46.5
4.5 57.5
5.5 7.5
5.5 8.5
5.5 20.5
5.5 21.5
5.5 22.5
5.5 31.5
5.5 32.5
5.5 33.5
5.5 47.5
5.5 48.5
5.5 54.5
5.5 55.5
5.5 56.5
6.5 6.5
6.5 7.5
6.5 18.5
6.5 19.5
6.5 20.5
6.5 30.5
6.5 31.5
6.5 49.5
6.5 53.5
6.5 54.5
7.5 5.5
7.5 6.5
7.5 17.5
7.5 18.5
7.5 19.5
7.5 26.5
7.5 37.5
7.5 38.5
7.5 42.5
7.5 43.5
7.5 60.5
7.5 61.5
7.5 62.5
8.5 13.5
8.5 14.5
8.5 24.5
8.5 25.5
8.5 36.5
8.5 37.5
8.5 42.5
8.5 43.5
8.5 44.5
8.5 45.5
8.5 58.5
8.5 59.5
8.5 60.5
8.5 61.5
9.5 11.5
9.5 12.5
9.5 13.5
9.5 23.5
9.5 24.5
9.5 35.5
9.5 36.5
9.5 43.5
9.5 44.5
9.5 45.5
9.5 46.5
9.5 57.5
9.5 58.5
9.5 59.5
10.5 9.5
10.5 10.5
10.5 11.5
10.5 12.5
10.5 22.5
10.5 34.5
10.5 35.5
10.5 45.5
11.5 9.5
13.5 58.5
14.5 23.5
14.5 24.5
14.5 33.5
14.5 45.5
14.5 46.5
14.5 56.5
14.5 57.5
14.5 58.5
15.5 10.5
15.5 11.5
15.5 12.5
15.5 23.5
15.5 24.5
15.5 25.5
15.5 32.5
15.5 33.5
15.5 46.5
15.5 47.5
15.5 48.5
15.5 55.5
15.5 56.5
15.5 57.5
16.5 11.5
16.5 12.5
16.5 13.5
16.5 14.5
16.5 24.5
16.5 25.5
16.5 26.5
16.5 31.5
16.5 32.5
16.5 47.5
16.5 48.5
16.5 49.5
16.5 50.5
16.5 54.5
16.5 55.5
16.5 56.5
17.5 25.5
17.5 26.5
17.5 30.5
17.5 31.5
17.5 32.5
17.5 49.5
17.5 50.5
17.5 54.5
17.5 62.5
18.5 5.5
18.5 6.5
18.5 7.5
18.5 18.5
18.5 19.5
18.5 30.5
18.5 61.5
18.5 62.5
19.5 6.5
19.5 7.5
19.5 8.5
19.5 19.5
19.5 20.5
19.5 21.5
19.5 36.5
19.5 37.5
19.5 41.5
19.5 42.5
19.5 43.5
19.5 59.5
19.5 60.5
19.5 61.5
20.5 8.5
20.5 9.5
20.5 10.5
20.5 21.5
20.5 22.5
20.5 35.5
20.5 36.5
20.5 43.5
20.5 44.5
20.5 45.5
20.5 59.5
20.5 60.5
21.5 34.5
21.5 35.5
21.5 45.5
21.5 46.5
21.5 58.5
22.5 34.5
24.5 22.5
24.5 58.5
25.5 10.5
25.5 11.5
25.5 23.5
25.5 24.5
25.5 33.5
25.5 34.5
25.5 45.5
25.5 46.5
25.5 59.5
25.5 60.5
26.5 10.5
26.5 11.5
26.5 12.5
26.5 24.5
26.5 25.5
26.5 31.5
26.5 32.5
26.5 33.5
26.5 43.5
26.5 44.5
26.5 45.5
26.5 60.5
26.5 61.5
26.5 62.5
27.5 12.5
27.5 13.5
27.5 17.5
27.5 18.5
27.5 26.5
27.5 30.5
27.5 31.5
27.5 42.5
27.5 43.5
27.5 62.5
27.5 63.5
28.5 6.5
28.5 18.5
28.5 19.5
28.5 20.5
28.5 37.5
28.5 38.5
28.5 49.5
28.5 50.5
28.5 54.5
28.5 55.5
28.5 56.5
29.5 6.5
29.5 7.5
29.5 19.5
29.5 20.5
29.5 21.5
29.5 35.5
29.5 36.5
29.5 37.5
29.5 48.5
29.5 49.5
29.5 50.5
29.5 55.5
29.5 56.5
29.5 57.5
30.5 8.5
30.5 9.5
30.5 20.5
30.5 21.5
30.5 22.5
30.5 34.5
30.5 35.5
30.5 47.5
30.5 48.5
30.5 49.5
30.5 56.5
30.5 57.5
30.5 58.5
31.5 9.5
31.5 46.5
31.5 47.5
31.5 57.5
31.5 58.5
34.5 9.5
34.5 21.5
34.5 22.5
34.5 34.5
34.5 35.5
35.5 7.5
35.5 8.5
35.5 19.5
35.5 20.5
35.5 21.5
35.5 35.5
35.5 36.5
35.5 46.5
35.5 47.5
35.5 58.5
35.5 59.5
35.5 60.5
36.5 6.5
36.5 7.5
36.5 18.5
36.5 19.5
36.5 20.5
36.5 36.5
36.5 37.5
36.5 47.5
36.5 48.5
36.5 59.5
36.5 60.5
36.5 61.5
37.5 5.5
37.5 6.5
37.5 17.5
37.5 18.5
37.5 26.5
37.5 30.5
37.5 37.5
37.5 38.5
37.5 42.5
37.5 49.5
37.5 50.5
37.5 60.5
37.5 61.5
37.5 62.5
38.5 11.5
38.5 12.5
38.5 13.5
38.5 24.5
38.5 25.5
38.5 26.5
38.5 30.5
38.5 31.5
38.5 42.5
38.5 43.5
38.5 44.5
38.5 62.5
39.5 9.5
39.5 10.5
39.5 11.5
39.5 12.5
39.5 23.5
39.5 24.5
39.5 25.5
39.5 31.5
39.5 32.5
39.5 33.5
39.5 43.5
39.5 44.5
39.5 45.5
39.5 54.5
39.5 55.5
40.5 8.5
40.5 9.5
40.5 10.5
40.5 22.5
40.5 23.5
40.5 24.5
40.5 32.5
40.5 33.5
40.5 45.5
40.5 46.5
40.5 55.5
40.5 56.5
40.5 57.5
41.5 22.5
41.5 33.5
41.5 34.5
41.5 58.5
44.5 9.5
44.5 10.5
44.5 45.5
44.5 46.5
45.5 9.5
45.5 10.5
45.5 11.5
45.5 20.5
45.5 21.5
45.5 22.5
45.5 33.5
45.5 34.5
45.5 44.5
45.5 45.5
45.5 56.5
45.5 57.5
45.5 58.5
46.5 11.5
46.5 12.5
46.5 13.5
46.5 19.5
46.5 20.5
46.5 21.5
46.5 32.5
46.5 33.5
46.5 43.5
46.5 44.5
46.5 55.5
46.5 56.5
46.5 57.5
47.5 12.5
47.5 13.5
47.5 18.5
47.5 19.5
47.5 31.5
47.5 32.5
47.5 42.5
47.5 43.5
47.5 54.5
47.5 55.5
47.5 56.5
48.5 5.5
48.5 6.5
48.5 30.5
48.5 31.5
48.5 37.5
48.5 38.5
48.5 42.5
48.5 49.5
48.5 50.5
48.5 54.5
48.5 55.5
49.5 5.5
49.5 6.5
49.5 7.5
49.5 24.5
49.5 25.5
49.5 26.5
49.5 36.5
49.5 37.5
49.5 48.5
49.5 49.5
49.5 61.5
49.5 62.5
50.5 6.5
50.5 7.5
50.5 8.5
50.5 23.5
50.5 24.5
50.5 25.5
50.5 35.5
50.5 36.5
50.5 37.5
50.5 47.5
50.5 48.5
50.5 49.5
50.5 60.5
50.5 61.5
51.5 8.5
51.5 9.5
51.5 22.5
51.5 23.5
51.5 35.5
51.5 46.5
51.5 47.5
51.5 59.5
51.5 60.5
52.5 58.5
52.5 59.5
55.5 8.5
55.5 9.5
55.5 21.5
55.5 22.5
55.5 34.5
55.5 35.5
55.5 46.5
56.5 6.5
56.5 7.5
56.5 8.5
56.5 22.5
56.5 23.5
56.5 24.5
56.5 35.5
56.5 36.5
56.5 37.5
56.5 47.5
56.5 48.5
56.5 49.5
56.5 58.5
56.5 59.5
56.5 60.5
57.5 5.5
57.5 6.5
57.5 7.5
57.5 23.5
57.5 24.5
57.5 25.5
57.5 26.5
57.5 37.5
57.5 38.5
57.5 48.5
57.5 49.5
57.5 50.5
57.5 59.5
57.5 60.5
57.5 61.5
58.5 13.5
58.5 14.5
58.5 17.5
58.5 18.5
58.5 29.5
58.5 30.5
58.5 41.5
58.5 42.5
58.5 43.5
58.5 50.5
58.5 51.5
58.5 60.5
58.5 61.5
59.5 11.5
59.5 12.5
59.5 13.5
59.5 18.5
59.5 19.5
59.5 30.5
59.5 31.5
59.5 32.5
59.5 33.5
59.5 43.5
59.5 44.5
59.5 45.5
59.5 55.5
60.5 10.5
60.5 11.5
60.5 12.5
60.5 19.5
60.5 20.5
60.5 32.5
60.5 33.5
60.5 34.5
60.5 44.5
60.5 45.5
60.5 46.5
60.5 55.5
60.5 56.5
61.5 9.5
61.5 10.5
61.5 20.5
61.5 21.5
61.5 56.5
61.5 57.5
