3.5 20.5
4.5 20.5
4.5 33.5
4.5 46.5
4.5 59.5
5.5 10.5
5.5 19.5
5.5 20.5
5.5 33.5
5.5 47.5
5.5 59.5
6.5 10.5
6.5 19.5
6.5 32.5
6.5 33.5
6.5 47.5
6.5 59.5
7.5 10.5
7.5 18.5
7.5 19.5
7.5 32.5
7.5 47.5
7.5 48.5
7.5 59.5
7.5 60.5
8.5 10.5
8.5 11.5
8.5 18.5
8.5 19.5
8.5 31.5
8.5 32.5
8.5 48.5
8.5 60.5
9.5 11.5
9.5 18.5
9.5 31.5
9.5 32.5
9.5 48.5
9.5 49.5
9.5 60.5
9.5 61.5
10.5 11.5
10.5 17.5
10.5 18.5
10.5 31.5
10.5 32.5
10.5 42.5
10.5 48.5
10.5 49.5
10.5 54.5
10.5 61.5
11.5 5.5
11.5 11.5
11.5 17.5
11.5 24.5
11.5 31.5
11.5 38.5
11.5 49.5
11.5 55.5
11.5 61.5
12.5 5.5
12.5 11.5
12.5 17.5
12.5 24.5
12.5 30.5
12.5 31.5
12.5 38.5
12.5 43.5
12.5 49.5
12.5 55.5
12.5 62.5
13.5 5.5
13.5 6.5
13.5 12.5
13.5 16.5
13.5 23.5
13.5 24.5
13.5 30.5
13.5 37.5
13.5 38.5
13.5 43.5
13.5 50.5
13.5 55.5
13.5 56.5
13.5 62.5
14.5 6.5
14.5 12.5
14.5 16.5
14.5 23.5
14.5 24.5
14.5 30.5
14.5 37.5
14.5 43.5
14.5 44.5
14.5 55.5
14.5 56.5
15.5 6.5
15.5 23.5
15.5 36.5
15.5 37.5
15.5 44.5
15.5 56.5
16.5 6.5
16.5 7.5
16.5 22.5
16.5 23.5
16.5 36.5
16.5 44.5
16.5 45.5
16.5 56.5
16.5 57.5
17.5 7.5
17.5 22.5
17.5 23.5
17.5 35.5
17.5 36.5
17.5 45.5
17.5 57.5
18.5 7.5
18.5 22.5
18.5 35.5
18.5 45.5
18.5 57.5
19.5 7.5
19.5 21.5
19.5 22.5
19.5 35.5
19.5 46.5
20.5 8.5
20.5 21.5
20.5 34.5
20.5 46.5
21.5 8.5
21.5 21.5
21.5 34.5
23.5 46.5
23.5 58.5
24.5 8.5
24.5 34.5
24.5 46.5
24.5 58.5
25.5 7.5
25.5 21.5
25.5 34.5
25.5 45.5
25.5 58.5
26.5 7.5
26.5 20.5
26.5 35.5
26.5 45.5
26.5 58.5
26.5 59.5
27.5 7.5
27.5 19.5
27.5 20.5
27.5 35.5
27.5 44.5
27.5 45.5
27.5 59.5
28.5 6.5
28.5 7.5
28.5 19.5
28.5 35.5
28.5 36.5
28.5 44.5
28.5 59.5
29.5 6.5
29.5 18.5
29.5 19.5
29.5 35.5
29.5 36.5
29.5 43.5
29.5 44.5
29.5 59.5
29.5 60.5
30.5 6.5
30.5 18.5
30.5 36.5
30.5 43.5
30.5 54.5
30.5 59.5
30.5 60.5
31.5 5.5
31.5 6.5
31.5 12.5
31.5 17.5
31.5 18.5
31.5 36.5
31.5 43.5
31.5 49.5
31.5 54.5
31.5 60.5
32.5 5.5
32.5 11.5
32.5 17.5
32.5 25.5
32.5 29.5
32.5 36.5
32.5 37.5
32.5 42.5
32.5 49.5
32.5 54.5
32.5 60.5
33.5 5.5
33.5 11.5
33.5 16.5
33.5 17.5
33.5 24.5
33.5 30.5
33.5 37.5
33.5 42.5
33.5 49.5
33.5 55.5
33.5 60.5
34.5 10.5
34.5 11.5
34.5 16.5
34.5 23.5
34.5 24.5
34.5 30.5
34.5 37.5
34.5 48.5
34.5 49.5
34.5 55.5
35.5 10.5
35.5 23.5
35.5 30.5
35.5 31.5
35.5 48.5
35.5 55.5
36.5 10.5
36.5 22.5
36.5 23.5
36.5 30.5
36.5 31.5
36.5 47.5
36.5 48.5
36.5 55.5
36.5 56.5
37.5 9.5
37.5 10.5
37.5 22.5
37.5 31.5
37.5 47.5
37.5 48.5
37.5 56.5
38.5 9.5
38.5 21.5
38.5 22.5
38.5 31.5
38.5 32.5
38.5 47.5
38.5 48.5
38.5 56.5
39.5 9.5
39.5 21.5
39.5 32.5
39.5 47.5
39.5 56.5
40.5 20.5
40.5 21.5
40.5 32.5
40.5 46.5
40.5 47.5
40.5 56.5
41.5 20.5
41.5 32.5
41.5 46.5
41.5 57.5
42.5 33.5
42.5 46.5
42.5 57.5
44.5 8.5
45.5 7.5
45.5 33.5
45.5 46.5
46.5 7.5
46.5 19.5
46.5 33.5
46.5 45.5
46.5 46.5
46.5 58.5
47.5 7.5
47.5 19.5
47.5 33.5
47.5 34.5
47.5 45.5
47.5 58.5
48.5 6.5
48.5 7.5
48.5 19.5
48.5 34.5
48.5 44.5
48.5 45.5
48.5 58.5
49.5 6.5
49.5 18.5
49.5 19.5
49.5 34.5
49.5 35.5
49.5 44.5
49.5 45.5
49.5 58.5
49.5 59.5
50.5 6.5
50.5 18.5
50.5 19.5
50.5 35.5
50.5 36.5
50.5 43.5
50.5 44.5
50.5 59.5
51.5 5.5
51.5 6.5
51.5 12.5
51.5 18.5
51.5 19.5
51.5 35.5
51.5 36.5
51.5 43.5
51.5 44.5
51.5 59.5
52.5 5.5
52.5 11.5
52.5 12.5
52.5 18.5
52.5 25.5
52.5 36.5
52.5 42.5
52.5 43.5
52.5 54.5
52.5 59.5
53.5 5.5
53.5 11.5
53.5 18.5
53.5 25.5
53.5 30.5
53.5 37.5
53.5 42.5
53.5 50.5
53.5 60.5
54.5 11.5
54.5 18.5
54.5 24.5
54.5 25.5
54.5 30.5
54.5 31.5
54.5 37.5
54.5 42.5
54.5 49.5
54.5 50.5
54.5 55.5
54.5 60.5
55.5 10.5
55.5 11.5
55.5 24.5
55.5 31.5
55.5 49.5
55.5 55.5
55.5 60.5
56.5 10.5
56.5 11.5
56.5 24.5
56.5 31.5
56.5 32.5
56.5 48.5
56.5 49.5
56.5 55.5
57.5 10.5
57.5 11.5
57.5 23.5
57.5 24.5
57.5 32.5
57.5 48.5
57.5 56.5
58.5 10.5
58.5 23.5
58.5 24.5
58.5 32.5
58.5 47.5
58.5 48.5
58.5 56.5
59.5 10.5
59.5 23.5
59.5 33.5
59.5 47.5
59.5 56.5
60.5 10.5
60.5 23.5
60.5 33.5
60.5 46.5
60.5 47.5
60.5 57.5
61.5 22.5
61.5 23.5
61.5 34.5
61.5 46.5
61.5 57.5
62.5 22.5
