3.5 59.5
4.5 8.5
4.5 20.5
4.5 59.5
4.5 60.5
5.5 7.5
5.5 8.5
5.5 19.5
5.5 20.5
5.5 32.5
5.5 33.5
5.5 47.5
5.5 48.5
5.5 59.5
5.5 60.5
6.5 7.5
6.5 8.5
6.5 18.5
6.5 19.5
6.5 20.5
6.5 31.5
6.5 32.5
6.5 33.5
6.5 34.5
6.5 47.5
6.5 48.5
6.5 49.5
6.5 59.5
6.5 60.5
6.5 61.5
7.5 6.5
7.5 7.5
7.5 8.5
7.5 17.5
7.5 18.5
7.5 19.5
7.5 31.5
7.5 32.5
7.5 33.5
7.5 34.5
7.5 47.5
7.5 48.5
7.5 49.5
7.5 59.5
7.5 60.5
7.5 61.5
8.5 6.5
8.5 7.5
8.5 8.5
8.5 17.5
8.5 18.5
8.5 19.5
8.5 30.5
8.5 31.5
8.5 32.5
8.5 33.5
8.5 34.5
8.5 47.5
8.5 48.5
8.5 49.5
8.5 59.5
8.5 60.5
8.5 61.5
8.5 62.5
9.5 6.5
9.5 7.5
9.5 8.5
9.5 17.5
9.5 18.5
9.5 19.5
9.5 30.5
9.5 31.5
9.5 32.5
9.5 33.5
9.5 47.5
9.5 48.5
9.5 49.5
9.5 50.5
9.5 60.5
9.5 61.5
9.5 62.5
10.5 6.5
10.5 7.5
10.5 8.5
10.5 16.5
10.5 17.5
10.5 18.5
10.5 23.5
10.5 24.5
10.5 29.5
10.5 30.5
10.5 31.5
10.5 32.5
10.5 33.5
10.5 47.5
10.5 48.5
10.5 49.5
10.5 50.5
10.5 60.5
10.5 61.5
10.5 62.5
11.5 6.5
11.5 7.5
11.5 12.5
11.5 16.5
11.5 17.5
11.5 23.5
11.5 24.5
11.5 29.5
11.5 30.5
11.5 31.5
11.5 32.5
11.5 48.5
11.5 49.5
11.5 50.5
11.5 55.5
11.5 56.5
11.5 60.5
11.5 61.5
11.5 62.5
12.5 6.5
12.5 7.5
12.5 11.5
12.5 12.5
12.5 16.5
12.5 17.5
12.5 22.5
12.5 23.5
12.5 24.5
12.5 29.5
12.5 30.5
12.5 31.5
12.5 32.5
12.5 38.5
12.5 39.5
12.5 43.5
12.5 48.5
12.5 49.5
12.5 50.5
12.5 54.5
12.5 55.5
12.5 56.5
12.5 61.5
12.5 62.5
13.5 6.5
13.5 11.5
13.5 12.5
13.5 21.5
13.5 22.5
13.5 23.5
13.5 24.5
13.5 29.5
13.5 30.5
13.5 31.5
13.5 37.5
13.5 38.5
13.5 39.5
13.5 43.5
13.5 44.5
13.5 48.5
13.5 49.5
13.5 50.5
13.5 54.5
13.5 55.5
13.5 56.5
14.5 10.5
14.5 11.5
14.5 12.5
14.5 21.5
14.5 22.5
14.5 23.5
14.5 24.5
14.5 36.5
14.5 37.5
14.5 38.5
14.5 43.5
14.5 44.5
14.5 49.5
14.5 50.5
14.5 54.5
14.5 55.5
14.5 56.5
14.5 57.5
15.5 10.5
15.5 11.5
15.5 12.5
15.5 21.5
15.5 22.5
15.5 23.5
15.5 24.5
15.5 35.5
15.5 36.5
15.5 37.5
15.5 38.5
15.5 43.5
15.5 44.5
15.5 45.5
15.5 55.5
15.5 56.5
15.5 57.5
16.5 10.5
16.5 11.5
16.5 21.5
16.5 22.5
16.5 23.5
16.5 35.5
16.5 36.5
16.5 37.5
16.5 38.5
16.5 43.5
16.5 44.5
16.5 45.5
16.5 55.5
16.5 56.5
16.5 57.5
17.5 9.5
17.5 10.5
17.5 11.5
17.5 20.5
17.5 21.5
17.5 22.5
17.5 23.5
17.5 34.5
17.5 35.5
17.5 36.5
17.5 37.5
17.5 44.5
17.5 45.5
17.5 55.5
17.5 56.5
17.5 57.5
18.5 9.5
18.5 10.5
18.5 20.5
18.5 21.5
18.5 22.5
18.5 34.5
18.5 35.5
18.5 36.5
18.5 44.5
18.5 45.5
18.5 46.5
18.5 55.5
18.5 56.5
18.5 57.5
19.5 9.5
19.5 10.5
19.5 21.5
19.5 34.5
19.5 35.5
19.5 44.5
19.5 45.5
19.5 46.5
19.5 56.5
19.5 57.5
20.5 34.5
20.5 45.5
20.5 46.5
20.5 56.5
20.5 57.5
24.5 9.5
24.5 10.5
24.5 20.5
24.5 21.5
24.5 34.5
25.5 9.5
25.5 10.5
25.5 19.5
25.5 20.5
25.5 21.5
25.5 34.5
25.5 35.5
25.5 46.5
25.5 57.5
25.5 58.5
26.5 9.5
26.5 10.5
26.5 11.5
26.5 18.5
26.5 19.5
26.5 20.5
26.5 21.5
26.5 33.5
26.5 34.5
26.5 35.5
26.5 46.5
26.5 47.5
26.5 57.5
26.5 58.5
26.5 59.5
27.5 10.5
27.5 11.5
27.5 18.5
27.5 19.5
27.5 20.5
27.5 33.5
27.5 34.5
27.5 35.5
27.5 36.5
27.5 46.5
27.5 47.5
27.5 48.5
27.5 57.5
27.5 58.5
27.5 59.5
27.5 60.5
28.5 10.5
28.5 11.5
28.5 12.5
28.5 17.5
28.5 18.5
28.5 19.5
28.5 20.5
28.5 33.5
28.5 34.5
28.5 35.5
28.5 36.5
28.5 46.5
28.5 47.5
28.5 48.5
28.5 58.5
28.5 59.5
28.5 60.5
29.5 10.5
29.5 11.5
29.5 12.5
29.5 17.5
29.5 18.5
29.5 19.5
29.5 20.5
29.5 34.5
29.5 35.5
29.5 36.5
29.5 47.5
29.5 48.5
29.5 58.5
29.5 59.5
29.5 60.5
30.5 10.5
30.5 11.5
30.5 12.5
30.5 17.5
30.5 18.5
30.5 19.5
30.5 20.5
30.5 34.5
30.5 35.5
30.5 36.5
30.5 47.5
30.5 48.5
30.5 49.5
30.5 58.5
30.5 59.5
30.5 60.5
30.5 61.5
31.5 6.5
31.5 11.5
31.5 12.5
31.5 17.5
31.5 18.5
31.5 19.5
31.5 25.5
31.5 34.5
31.5 35.5
31.5 36.5
31.5 41.5
31.5 42.5
31.5 47.5
31.5 48.5
31.5 49.5
31.5 58.5
31.5 59.5
31.5 60.5
31.5 61.5
32.5 6.5
32.5 7.5
32.5 11.5
32.5 12.5
32.5 17.5
32.5 18.5
32.5 19.5
32.5 24.5
32.5 25.5
32.5 26.5
32.5 29.5
32.5 30.5
32.5 34.5
32.5 35.5
32.5 36.5
32.5 41.5
32.5 42.5
32.5 43.5
32.5 48.5
32.5 49.5
32.5 53.5
32.5 54.5
32.5 59.5
32.5 60.5
32.5 61.5
33.5 6.5
33.5 7.5
33.5 12.5
33.5 17.5
33.5 18.5
33.5 23.5
33.5 24.5
33.5 25.5
33.5 26.5
33.5 30.5
33.5 35.5
33.5 36.5
33.5 41.5
33.5 42.5
33.5 43.5
33.5 48.5
33.5 49.5
33.5 53.5
33.5 54.5
33.5 59.5
33.5 60.5
33.5 61.5
34.5 6.5
34.5 7.5
34.5 8.5
34.5 12.5
34.5 17.5
34.5 23.5
34.5 24.5
34.5 25.5
34.5 30.5
34.5 31.5
34.5 41.5
34.5 42.5
34.5 43.5
34.5 44.5
34.5 49.5
34.5 53.5
34.5 54.5
34.5 55.5
34.5 60.5
35.5 6.5
35.5 7.5
35.5 8.5
35.5 22.5
35.5 23.5
35.5 24.5
35.5 25.5
35.5 30.5
35.5 31.5
35.5 41.5
35.5 42.5
35.5 43.5
35.5 44.5
35.5 53.5
35.5 54.5
35.5 55.5
35.5 56.5
36.5 6.5
36.5 7.5
36.5 8.5
36.5 22.5
36.5 23.5
36.5 24.5
36.5 25.5
36.5 30.5
36.5 31.5
36.5 41.5
36.5 42.5
36.5 43.5
36.5 44.5
36.5 54.5
36.5 55.5
36.5 56.5
37.5 6.5
37.5 7.5
37.5 8.5
37.5 22.5
37.5 23.5
37.5 24.5
37.5 30.5
37.5 31.5
37.5 32.5
37.5 41.5
37.5 42.5
37.5 43.5
37.5 44.5
37.5 54.5
37.5 55.5
37.5 56.5
38.5 7.5
38.5 8.5
38.5 9.5
38.5 21.5
38.5 22.5
38.5 23.5
38.5 24.5
38.5 31.5
38.5 32.5
38.5 42.5
38.5 43.5
38.5 44.5
38.5 55.5
38.5 56.5
38.5 57.5
39.5 7.5
39.5 8.5
39.5 9.5
39.5 21.5
39.5 22.5
39.5 23.5
39.5 31.5
39.5 32.5
39.5 42.5
39.5 43.5
39.5 44.5
39.5 55.5
39.5 56.5
39.5 57.5
40.5 8.5
40.5 9.5
40.5 21.5
40.5 22.5
40.5 23.5
40.5 32.5
40.5 43.5
40.5 44.5
40.5 56.5
40.5 57.5
45.5 8.5
45.5 32.5
45.5 43.5
45.5 44.5
45.5 57.5
45.5 58.5
46.5 7.5
46.5 8.5
46.5 9.5
46.5 21.5
46.5 22.5
46.5 31.5
46.5 32.5
46.5 42.5
46.5 43.5
46.5 44.5
46.5 57.5
46.5 58.5
46.5 59.5
47.5 7.5
47.5 8.5
47.5 9.5
47.5 21.5
47.5 22.5
47.5 23.5
47.5 31.5
47.5 42.5
47.5 43.5
47.5 44.5
47.5 58.5
47.5 59.5
48.5 6.5
48.5 7.5
48.5 8.5
48.5 21.5
48.5 22.5
48.5 23.5
48.5 24.5
48.5 30.5
48.5 31.5
48.5 41.5
48.5 42.5
48.5 43.5
48.5 44.5
48.5 58.5
48.5 59.5
48.5 60.5
49.5 6.5
49.5 7.5
49.5 8.5
49.5 21.5
49.5 22.5
49.5 23.5
49.5 24.5
49.5 30.5
49.5 31.5
49.5 41.5
49.5 42.5
49.5 43.5
49.5 44.5
49.5 58.5
49.5 59.5
49.5 60.5
49.5 61.5
50.5 5.5
50.5 6.5
50.5 7.5
50.5 8.5
50.5 21.5
50.5 22.5
50.5 23.5
50.5 24.5
50.5 29.5
50.5 30.5
50.5 31.5
50.5 41.5
50.5 42.5
50.5 43.5
50.5 44.5
50.5 59.5
50.5 60.5
50.5 61.5
51.5 5.5
51.5 6.5
51.5 7.5
51.5 21.5
51.5 22.5
51.5 23.5
51.5 24.5
51.5 29.5
51.5 30.5
51.5 40.5
51.5 41.5
51.5 42.5
51.5 43.5
51.5 59.5
51.5 60.5
51.5 61.5
52.5 5.5
52.5 6.5
52.5 7.5
52.5 11.5
52.5 12.5
52.5 16.5
52.5 22.5
52.5 23.5
52.5 24.5
52.5 29.5
52.5 30.5
52.5 35.5
52.5 40.5
52.5 41.5
52.5 42.5
52.5 43.5
52.5 49.5
52.5 54.5
52.5 55.5
52.5 60.5
52.5 61.5
52.5 62.5
53.5 5.5
53.5 6.5
53.5 11.5
53.5 12.5
53.5 16.5
53.5 17.5
53.5 22.5
53.5 23.5
53.5 24.5
53.5 29.5
53.5 34.5
53.5 35.5
53.5 40.5
53.5 41.5
53.5 42.5
53.5 43.5
53.5 48.5
53.5 49.5
53.5 54.5
53.5 55.5
53.5 56.5
53.5 61.5
53.5 62.5
54.5 10.5
54.5 11.5
54.5 12.5
54.5 16.5
54.5 17.5
54.5 18.5
54.5 23.5
54.5 24.5
54.5 28.5
54.5 29.5
54.5 33.5
54.5 34.5
54.5 35.5
54.5 36.5
54.5 40.5
54.5 41.5
54.5 42.5
54.5 47.5
54.5 48.5
54.5 49.5
54.5 54.5
54.5 55.5
54.5 56.5
55.5 10.5
55.5 11.5
55.5 16.5
55.5 17.5
55.5 18.5
55.5 24.5
55.5 33.5
55.5 34.5
55.5 35.5
55.5 36.5
55.5 41.5
55.5 47.5
55.5 48.5
55.5 49.5
55.5 54.5
55.5 55.5
55.5 56.5
55.5 57.5
56.5 9.5
56.5 10.5
56.5 11.5
56.5 16.5
56.5 17.5
56.5 18.5
56.5 19.5
56.5 33.5
56.5 34.5
56.5 35.5
56.5 46.5
56.5 47.5
56.5 48.5
56.5 49.5
56.5 55.5
56.5 56.5
56.5 57.5
57.5 9.5
57.5 10.5
57.5 17.5
57.5 18.5
57.5 19.5
57.5 32.5
57.5 33.5
57.5 34.5
57.5 35.5
57.5 46.5
57.5 47.5
57.5 48.5
57.5 49.5
57.5 55.5
57.5 56.5
57.5 57.5
57.5 58.5
58.5 9.5
58.5 10.5
58.5 17.5
58.5 18.5
58.5 19.5
58.5 32.5
58.5 33.5
58.5 34.5
58.5 35.5
58.5 46.5
58.5 47.5
58.5 48.5
58.5 55.5
58.5 56.5
58.5 57.5
58.5 58.5
59.5 9.5
59.5 17.5
59.5 18.5
59.5 19.5
59.5 32.5
59.5 33.5
59.5 34.5
59.5 35.5
59.5 46.5
59.5 47.5
59.5 48.5
59.5 56.5
59.5 57.5
59.5 58.5
60.5 18.5
60.5 19.5
60.5 32.5
60.5 33.5
60.5 34.5
60.5 46.5
60.5 47.5
60.5 57.5
60.5 58.5
61.5 19.5
61.5 32.5
61.5 33.5
61.5 34.5
61.5 46.5
61.5 47.5
61.5 58.5
62.5 32.5
62.5 33.5
62.5 46.5
