3.5 6.5
3.5 7.5
3.5 8.5
4.5 6.5
4.5 7.5
4.5 8.5
4.5 16.5
4.5 17.5
4.5 18.5
4.5 39.5
4.5 40.5
4.5 41.5
4.5 46.5
4.5 47.5
4.5 48.5
4.5 58.5
4.5 59.5
4.5 60.5
4.5 61.5
5.5 5.5
5.5 6.5
5.5 7.5
5.5 15.5
5.5 16.5
5.5 17.5
5.5 18.5
5.5 29.5
5.5 30.5
5.5 31.5
5.5 39.5
5.5 40.5
5.5 41.5
5.5 42.5
5.5 45.5
5.5 46.5
5.5 47.5
5.5 58.5
5.5 59.5
5.5 60.5
5.5 61.5
5.5 62.5
6.5 5.5
6.5 6.5
6.5 7.5
6.5 11.5
6.5 15.5
6.5 16.5
6.5 17.5
6.5 18.5
6.5 30.5
6.5 31.5
6.5 32.5
6.5 40.5
6.5 41.5
6.5 42.5
6.5 46.5
6.5 59.5
6.5 60.5
6.5 61.5
6.5 62.5
7.5 9.5
7.5 10.5
7.5 11.5
7.5 12.5
7.5 31.5
7.5 32.5
7.5 36.5
7.5 37.5
7.5 38.5
7.5 49.5
7.5 50.5
7.5 51.5
7.5 60.5
7.5 61.5
7.5 62.5
8.5 9.5
8.5 10.5
8.5 11.5
8.5 20.5
8.5 21.5
8.5 25.5
8.5 26.5
8.5 27.5
8.5 28.5
8.5 36.5
8.5 37.5
8.5 38.5
8.5 39.5
8.5 49.5
8.5 50.5
8.5 51.5
8.5 55.5
8.5 56.5
8.5 57.5
9.5 9.5
9.5 10.5
9.5 11.5
9.5 19.5
9.5 20.5
9.5 21.5
9.5 25.5
9.5 26.5
9.5 27.5
9.5 28.5
9.5 29.5
9.5 37.5
9.5 38.5
9.5 39.5
9.5 49.5
9.5 50.5
9.5 51.5
9.5 55.5
9.5 56.5
9.5 57.5
9.5 58.5
10.5 9.5
10.5 19.5
10.5 20.5
10.5 26.5
10.5 27.5
10.5 28.5
10.5 29.5
10.5 49.5
10.5 50.5
10.5 56.5
10.5 57.5
10.5 58.5
11.5 57.5
11.5 58.5
12.5 40.5
13.5 9.5
13.5 40.5
13.5 41.5
13.5 47.5
13.5 48.5
14.5 9.5
14.5 10.5
14.5 11.5
14.5 16.5
14.5 17.5
14.5 18.5
14.5 28.5
14.5 29.5
14.5 30.5
14.5 31.5
14.5 40.5
14.5 41.5
14.5 42.5
14.5 46.5
14.5 47.5
14.5 48.5
14.5 59.5
14.5 60.5
15.5 9.5
15.5 10.5
15.5 11.5
15.5 16.5
15.5 17.5
15.5 18.5
15.5 28.5
15.5 29.5
15.5 30.5
15.5 31.5
15.5 32.5
15.5 40.5
15.5 41.5
15.5 42.5
15.5 46.5
15.5 47.5
15.5 48.5
15.5 59.5
15.5 60.5
15.5 61.5
16.5 9.5
16.5 10.5
16.5 11.5
16.5 15.5
16.5 16.5
16.5 17.5
16.5 29.5
16.5 30.5
16.5 31.5
16.5 32.5
16.5 41.5
16.5 42.5
16.5 46.5
16.5 47.5
16.5 48.5
16.5 59.5
16.5 60.5
16.5 61.5
16.5 62.5
17.5 5.5
17.5 6.5
17.5 10.5
17.5 11.5
17.5 15.5
17.5 16.5
17.5 21.5
17.5 25.5
17.5 30.5
17.5 31.5
17.5 36.5
17.5 37.5
17.5 38.5
17.5 46.5
17.5 47.5
17.5 60.5
17.5 61.5
18.5 5.5
18.5 6.5
18.5 7.5
18.5 19.5
18.5 20.5
18.5 21.5
18.5 25.5
18.5 26.5
18.5 27.5
18.5 36.5
18.5 37.5
18.5 38.5
18.5 50.5
18.5 51.5
18.5 52.5
18.5 55.5
18.5 56.5
18.5 57.5
19.5 5.5
19.5 6.5
19.5 7.5
19.5 18.5
19.5 19.5
19.5 20.5
19.5 21.5
19.5 26.5
19.5 27.5
19.5 28.5
19.5 36.5
19.5 37.5
19.5 38.5
19.5 39.5
19.5 49.5
19.5 50.5
19.5 51.5
19.5 55.5
19.5 56.5
19.5 57.5
19.5 58.5
20.5 5.5
20.5 6.5
20.5 7.5
20.5 18.5
20.5 19.5
20.5 20.5
20.5 27.5
20.5 28.5
20.5 37.5
20.5 38.5
20.5 39.5
20.5 49.5
20.5 50.5
20.5 51.5
20.5 56.5
20.5 57.5
20.5 58.5
21.5 7.5
21.5 49.5
23.5 27.5
23.5 28.5
24.5 18.5
24.5 19.5
24.5 20.5
24.5 21.5
24.5 26.5
24.5 27.5
24.5 28.5
24.5 37.5
24.5 38.5
24.5 39.5
24.5 49.5
24.5 50.5
24.5 56.5
24.5 57.5
24.5 58.5
25.5 5.5
25.5 6.5
25.5 7.5
25.5 18.5
25.5 19.5
25.5 20.5
25.5 21.5
25.5 22.5
25.5 26.5
25.5 27.5
25.5 28.5
25.5 36.5
25.5 37.5
25.5 38.5
25.5 39.5
25.5 49.5
25.5 50.5
25.5 51.5
25.5 56.5
25.5 57.5
25.5 58.5
26.5 5.5
26.5 6.5
26.5 7.5
26.5 19.5
26.5 20.5
26.5 21.5
26.5 22.5
26.5 25.5
26.5 26.5
26.5 27.5
26.5 36.5
26.5 37.5
26.5 38.5
26.5 50.5
26.5 51.5
26.5 52.5
26.5 55.5
26.5 56.5
26.5 57.5
27.5 5.5
27.5 6.5
27.5 7.5
27.5 20.5
27.5 21.5
27.5 30.5
27.5 31.5
27.5 32.5
27.5 36.5
27.5 37.5
27.5 41.5
27.5 42.5
27.5 46.5
27.5 47.5
27.5 51.5
27.5 56.5
27.5 60.5
27.5 61.5
28.5 5.5
28.5 6.5
28.5 10.5
28.5 15.5
28.5 16.5
28.5 17.5
28.5 29.5
28.5 30.5
28.5 31.5
28.5 32.5
28.5 40.5
28.5 41.5
28.5 42.5
28.5 45.5
28.5 46.5
28.5 47.5
28.5 48.5
28.5 59.5
28.5 60.5
28.5 61.5
29.5 9.5
29.5 10.5
29.5 11.5
29.5 15.5
29.5 16.5
29.5 17.5
29.5 18.5
29.5 29.5
29.5 30.5
29.5 31.5
29.5 32.5
29.5 40.5
29.5 41.5
29.5 46.5
29.5 47.5
29.5 48.5
29.5 59.5
29.5 60.5
29.5 61.5
30.5 8.5
30.5 9.5
30.5 10.5
30.5 15.5
30.5 16.5
30.5 17.5
30.5 18.5
30.5 29.5
30.5 30.5
30.5 31.5
30.5 40.5
30.5 47.5
30.5 48.5
30.5 59.5
30.5 60.5
31.5 8.5
31.5 9.5
31.5 10.5
31.5 17.5
33.5 49.5
34.5 17.5
34.5 18.5
34.5 29.5
34.5 30.5
34.5 31.5
34.5 32.5
34.5 39.5
34.5 40.5
34.5 41.5
34.5 49.5
34.5 50.5
34.5 51.5
34.5 57.5
34.5 58.5
35.5 7.5
35.5 8.5
35.5 16.5
35.5 17.5
35.5 18.5
35.5 29.5
35.5 30.5
35.5 31.5
35.5 32.5
35.5 39.5
35.5 40.5
35.5 41.5
35.5 49.5
35.5 50.5
35.5 51.5
35.5 52.5
35.5 56.5
35.5 57.5
35.5 58.5
36.5 6.5
36.5 7.5
36.5 8.5
36.5 15.5
36.5 16.5
36.5 17.5
36.5 18.5
36.5 30.5
36.5 31.5
36.5 32.5
36.5 33.5
36.5 40.5
36.5 41.5
36.5 42.5
36.5 50.5
36.5 51.5
36.5 52.5
36.5 56.5
36.5 57.5
36.5 58.5
37.5 5.5
37.5 6.5
37.5 7.5
37.5 8.5
37.5 15.5
37.5 16.5
37.5 21.5
37.5 26.5
37.5 31.5
37.5 32.5
37.5 33.5
37.5 37.5
37.5 41.5
37.5 45.5
37.5 46.5
37.5 47.5
37.5 56.5
37.5 57.5
38.5 5.5
38.5 6.5
38.5 7.5
38.5 10.5
38.5 11.5
38.5 19.5
38.5 20.5
38.5 21.5
38.5 22.5
38.5 26.5
38.5 27.5
38.5 28.5
38.5 36.5
38.5 37.5
38.5 38.5
38.5 45.5
38.5 46.5
38.5 47.5
38.5 48.5
38.5 60.5
38.5 61.5
38.5 62.5
39.5 9.5
39.5 10.5
39.5 11.5
39.5 19.5
39.5 20.5
39.5 21.5
39.5 22.5
39.5 26.5
39.5 27.5
39.5 28.5
39.5 29.5
39.5 37.5
39.5 38.5
39.5 39.5
39.5 46.5
39.5 47.5
39.5 48.5
39.5 59.5
39.5 60.5
39.5 61.5
39.5 62.5
40.5 9.5
40.5 10.5
40.5 11.5
40.5 19.5
40.5 20.5
40.5 21.5
40.5 26.5
40.5 27.5
40.5 28.5
40.5 29.5
40.5 37.5
40.5 38.5
40.5 39.5
40.5 47.5
40.5 48.5
40.5 59.5
40.5 60.5
40.5 61.5
40.5 62.5
41.5 9.5
41.5 10.5
41.5 19.5
41.5 20.5
41.5 27.5
41.5 28.5
41.5 29.5
41.5 59.5
41.5 60.5
41.5 61.5
44.5 9.5
44.5 10.5
44.5 17.5
44.5 18.5
44.5 37.5
44.5 38.5
44.5 47.5
44.5 48.5
44.5 49.5
45.5 9.5
45.5 10.5
45.5 11.5
45.5 16.5
45.5 17.5
45.5 18.5
45.5 29.5
45.5 30.5
45.5 31.5
45.5 32.5
45.5 36.5
45.5 37.5
45.5 38.5
45.5 46.5
45.5 47.5
45.5 48.5
45.5 49.5
45.5 57.5
45.5 58.5
45.5 59.5
46.5 9.5
46.5 10.5
46.5 11.5
46.5 12.5
46.5 15.5
46.5 16.5
46.5 17.5
46.5 18.5
46.5 30.5
46.5 31.5
46.5 32.5
46.5 36.5
46.5 37.5
46.5 45.5
46.5 46.5
46.5 47.5
46.5 48.5
46.5 56.5
46.5 57.5
46.5 58.5
46.5 59.5
47.5 10.5
47.5 11.5
47.5 12.5
47.5 15.5
47.5 16.5
47.5 17.5
47.5 31.5
47.5 32.5
47.5 40.5
47.5 41.5
47.5 42.5
47.5 46.5
47.5 47.5
47.5 52.5
47.5 56.5
47.5 57.5
47.5 58.5
48.5 6.5
48.5 7.5
48.5 20.5
48.5 21.5
48.5 22.5
48.5 25.5
48.5 26.5
48.5 27.5
48.5 28.5
48.5 39.5
48.5 40.5
48.5 41.5
48.5 42.5
48.5 50.5
48.5 51.5
48.5 52.5
48.5 56.5
48.5 57.5
48.5 58.5
49.5 6.5
49.5 7.5
49.5 8.5
49.5 19.5
49.5 20.5
49.5 21.5
49.5 22.5
49.5 26.5
49.5 27.5
49.5 28.5
49.5 29.5
49.5 39.5
49.5 40.5
49.5 41.5
49.5 42.5
49.5 49.5
49.5 50.5
49.5 51.5
49.5 52.5
49.5 60.5
49.5 61.5
49.5 62.5
50.5 6.5
50.5 7.5
50.5 8.5
50.5 19.5
50.5 20.5
50.5 21.5
50.5 26.5
50.5 27.5
50.5 28.5
50.5 29.5
50.5 39.5
50.5 40.5
50.5 41.5
50.5 49.5
50.5 50.5
50.5 51.5
50.5 52.5
50.5 59.5
50.5 60.5
50.5 61.5
51.5 7.5
51.5 8.5
51.5 19.5
51.5 49.5
51.5 50.5
51.5 51.5
51.5 59.5
51.5 60.5
53.5 39.5
53.5 40.5
54.5 9.5
54.5 10.5
54.5 17.5
54.5 18.5
54.5 29.5
54.5 30.5
54.5 31.5
54.5 39.5
54.5 40.5
54.5 41.5
54.5 48.5
55.5 9.5
55.5 10.5
55.5 11.5
55.5 16.5
55.5 17.5
55.5 18.5
55.5 29.5
55.5 30.5
55.5 31.5
55.5 32.5
55.5 40.5
55.5 41.5
55.5 42.5
55.5 46.5
55.5 47.5
55.5 48.5
55.5 59.5
55.5 60.5
55.5 61.5
56.5 9.5
56.5 10.5
56.5 11.5
56.5 12.5
56.5 15.5
56.5 16.5
56.5 17.5
56.5 18.5
56.5 29.5
56.5 30.5
56.5 31.5
56.5 32.5
56.5 36.5
56.5 37.5
56.5 41.5
56.5 45.5
56.5 46.5
56.5 47.5
56.5 59.5
56.5 60.5
56.5 61.5
56.5 62.5
57.5 10.5
57.5 11.5
57.5 12.5
57.5 15.5
57.5 16.5
57.5 17.5
57.5 30.5
57.5 31.5
57.5 32.5
57.5 36.5
57.5 37.5
57.5 38.5
57.5 60.5
57.5 61.5
57.5 62.5
58.5 5.5
58.5 6.5
58.5 7.5
58.5 20.5
58.5 21.5
58.5 22.5
58.5 26.5
58.5 27.5
58.5 36.5
58.5 37.5
58.5 38.5
58.5 49.5
58.5 50.5
58.5 51.5
58.5 52.5
58.5 56.5
58.5 57.5
59.5 5.5
59.5 6.5
59.5 7.5
59.5 8.5
59.5 19.5
59.5 20.5
59.5 21.5
59.5 22.5
59.5 26.5
59.5 27.5
59.5 28.5
59.5 36.5
59.5 37.5
59.5 38.5
59.5 48.5
59.5 49.5
59.5 50.5
59.5 51.5
59.5 56.5
59.5 57.5
59.5 58.5
60.5 5.5
60.5 6.5
60.5 7.5
60.5 8.5
60.5 19.5
60.5 20.5
60.5 21.5
60.5 26.5
60.5 27.5
60.5 28.5
60.5 29.5
60.5 49.5
60.5 50.5
60.5 56.5
60.5 57.5
60.5 58.5
60.5 59.5
61.5 19.5
61.5 20.5
61.5 21.5
61.5 27.5
61.5 28.5
61.5 29.5
61.5 58.5
