4.5 11.5
4.5 12.5
4.5 27.5
4.5 28.5
4.5 29.5
4.5 40.5
4.5 41.5
4.5 42.5
5.5 11.5
5.5 12.5
5.5 13.5
5.5 27.5
5.5 28.5
5.5 29.5
5.5 30.5
5.5 39.5
5.5 40.5
5.5 41.5
5.5 55.5
6.5 11.5
6.5 12.5
6.5 13.5
6.5 14.5
6.5 28.5
6.5 29.5
6.5 30.5
6.5 31.5
6.5 38.5
6.5 39.5
6.5 40.5
6.5 41.5
6.5 53.5
6.5 54.5
6.5 55.5
7.5 12.5
7.5 13.5
7.5 14.5
7.5 15.5
7.5 29.5
7.5 30.5
7.5 31.5
7.5 37.5
7.5 38.5
7.5 39.5
7.5 40.5
7.5 53.5
7.5 54.5
7.5 55.5
8.5 13.5
8.5 14.5
8.5 15.5
8.5 30.5
8.5 31.5
8.5 38.5
8.5 52.5
8.5 53.5
8.5 54.5
9.5 5.5
9.5 22.5
9.5 23.5
9.5 46.5
9.5 52.5
9.5 53.5
10.5 5.5
10.5 6.5
10.5 7.5
10.5 22.5
10.5 23.5
10.5 24.5
10.5 44.5
10.5 45.5
10.5 46.5
10.5 60.5
11.5 5.5
11.5 6.5
11.5 7.5
11.5 8.5
11.5 22.5
11.5 23.5
11.5 24.5
11.5 25.5
11.5 43.5
11.5 44.5
11.5 45.5
11.5 46.5
11.5 58.5
11.5 59.5
11.5 60.5
12.5 6.5
12.5 7.5
12.5 8.5
12.5 9.5
12.5 23.5
12.5 24.5
12.5 25.5
12.5 26.5
12.5 43.5
12.5 44.5
12.5 45.5
12.5 57.5
12.5 58.5
12.5 59.5
12.5 60.5
13.5 7.5
13.5 8.5
13.5 9.5
13.5 10.5
13.5 25.5
13.5 26.5
13.5 42.5
13.5 43.5
13.5 44.5
13.5 57.5
13.5 58.5
13.5 59.5
14.5 9.5
14.5 56.5
14.5 57.5
19.5 27.5
19.5 42.5
20.5 9.5
20.5 10.5
20.5 27.5
20.5 28.5
20.5 29.5
20.5 42.5
20.5 43.5
20.5 44.5
20.5 54.5
20.5 55.5
20.5 56.5
21.5 7.5
21.5 8.5
21.5 9.5
21.5 10.5
21.5 27.5
21.5 28.5
21.5 29.5
21.5 30.5
21.5 42.5
21.5 43.5
21.5 44.5
21.5 45.5
21.5 53.5
21.5 54.5
21.5 55.5
21.5 56.5
22.5 7.5
22.5 8.5
22.5 9.5
22.5 28.5
22.5 29.5
22.5 30.5
22.5 43.5
22.5 44.5
22.5 45.5
22.5 52.5
22.5 53.5
22.5 54.5
22.5 55.5
23.5 6.5
23.5 7.5
23.5 8.5
23.5 9.5
23.5 28.5
23.5 29.5
23.5 30.5
23.5 31.5
23.5 44.5
23.5 45.5
23.5 46.5
23.5 52.5
23.5 53.5
23.5 54.5
24.5 6.5
24.5 7.5
24.5 30.5
24.5 31.5
24.5 45.5
24.5 46.5
24.5 52.5
25.5 15.5
25.5 16.5
25.5 22.5
25.5 23.5
25.5 37.5
25.5 38.5
25.5 39.5
25.5 60.5
25.5 61.5
26.5 13.5
26.5 14.5
26.5 15.5
26.5 16.5
26.5 22.5
26.5 23.5
26.5 24.5
26.5 37.5
26.5 38.5
26.5 39.5
26.5 40.5
26.5 59.5
26.5 60.5
26.5 61.5
27.5 13.5
27.5 14.5
27.5 15.5
27.5 22.5
27.5 23.5
27.5 24.5
27.5 25.5
27.5 38.5
27.5 39.5
27.5 40.5
27.5 58.5
27.5 59.5
27.5 60.5
27.5 61.5
28.5 12.5
28.5 13.5
28.5 14.5
28.5 15.5
28.5 23.5
28.5 24.5
28.5 25.5
28.5 38.5
28.5 39.5
28.5 40.5
28.5 41.5
28.5 57.5
28.5 58.5
28.5 59.5
28.5 60.5
29.5 12.5
29.5 13.5
29.5 14.5
29.5 24.5
29.5 25.5
29.5 26.5
29.5 39.5
29.5 40.5
29.5 41.5
29.5 57.5
29.5 58.5
29.5 59.5
30.5 12.5
30.5 13.5
30.5 25.5
30.5 26.5
35.5 42.5
36.5 11.5
36.5 12.5
36.5 13.5
36.5 27.5
36.5 28.5
36.5 41.5
36.5 42.5
36.5 43.5
36.5 44.5
36.5 54.5
36.5 55.5
36.5 56.5
37.5 12.5
37.5 13.5
37.5 14.5
37.5 27.5
37.5 28.5
37.5 29.5
37.5 42.5
37.5 43.5
37.5 44.5
37.5 53.5
37.5 54.5
37.5 55.5
37.5 56.5
38.5 12.5
38.5 13.5
38.5 14.5
38.5 15.5
38.5 27.5
38.5 28.5
38.5 29.5
38.5 30.5
38.5 42.5
38.5 43.5
38.5 44.5
38.5 45.5
38.5 52.5
38.5 53.5
38.5 54.5
38.5 55.5
39.5 13.5
39.5 14.5
39.5 15.5
39.5 29.5
39.5 30.5
39.5 43.5
39.5 44.5
39.5 45.5
39.5 52.5
39.5 53.5
39.5 54.5
40.5 6.5
40.5 15.5
40.5 36.5
40.5 45.5
40.5 52.5
41.5 6.5
41.5 7.5
41.5 8.5
41.5 21.5
41.5 22.5
41.5 23.5
41.5 36.5
41.5 37.5
41.5 38.5
41.5 60.5
41.5 61.5
41.5 62.5
42.5 7.5
42.5 8.5
42.5 9.5
42.5 22.5
42.5 23.5
42.5 24.5
42.5 37.5
42.5 38.5
42.5 39.5
42.5 58.5
42.5 59.5
42.5 60.5
42.5 61.5
43.5 7.5
43.5 8.5
43.5 9.5
43.5 10.5
43.5 22.5
43.5 23.5
43.5 24.5
43.5 25.5
43.5 37.5
43.5 38.5
43.5 39.5
43.5 40.5
43.5 57.5
43.5 58.5
43.5 59.5
43.5 60.5
44.5 9.5
44.5 10.5
44.5 24.5
44.5 25.5
44.5 39.5
44.5 40.5
44.5 57.5
44.5 58.5
44.5 59.5
50.5 9.5
50.5 10.5
50.5 26.5
50.5 27.5
50.5 39.5
50.5 56.5
51.5 8.5
51.5 9.5
51.5 10.5
51.5 26.5
51.5 27.5
51.5 28.5
51.5 38.5
51.5 39.5
51.5 40.5
51.5 54.5
51.5 55.5
51.5 56.5
51.5 57.5
52.5 7.5
52.5 8.5
52.5 9.5
52.5 26.5
52.5 27.5
52.5 28.5
52.5 37.5
52.5 38.5
52.5 39.5
52.5 53.5
52.5 54.5
52.5 55.5
52.5 56.5
53.5 6.5
53.5 7.5
53.5 8.5
53.5 9.5
53.5 27.5
53.5 28.5
53.5 29.5
53.5 36.5
53.5 37.5
53.5 38.5
53.5 39.5
53.5 53.5
53.5 54.5
53.5 55.5
53.5 56.5
54.5 6.5
54.5 7.5
54.5 8.5
54.5 27.5
54.5 28.5
54.5 29.5
54.5 36.5
54.5 37.5
54.5 38.5
54.5 52.5
54.5 53.5
54.5 54.5
55.5 6.5
55.5 28.5
55.5 29.5
55.5 36.5
55.5 37.5
55.5 62.5
56.5 14.5
56.5 15.5
56.5 21.5
56.5 45.5
56.5 46.5
56.5 60.5
56.5 61.5
56.5 62.5
57.5 12.5
57.5 13.5
57.5 14.5
57.5 15.5
57.5 21.5
57.5 22.5
57.5 23.5
57.5 43.5
57.5 44.5
57.5 45.5
57.5 46.5
57.5 60.5
57.5 61.5
57.5 62.5
58.5 12.5
58.5 13.5
58.5 14.5
58.5 21.5
58.5 22.5
58.5 23.5
58.5 42.5
58.5 43.5
58.5 44.5
58.5 45.5
58.5 59.5
58.5 60.5
58.5 61.5
58.5 62.5
59.5 11.5
59.5 12.5
59.5 13.5
59.5 14.5
59.5 21.5
59.5 22.5
59.5 23.5
59.5 24.5
59.5 41.5
59.5 42.5
59.5 43.5
59.5 44.5
59.5 59.5
59.5 60.5
59.5 61.5
60.5 11.5
60.5 12.5
60.5 13.5
60.5 22.5
60.5 23.5
60.5 24.5
60.5 41.5
60.5 42.5
60.5 43.5
60.5 59.5
61.5 11.5
61.5 12.5
61.5 23.5
61.5 24.5
62.5 24.5
