3.5 35.5
4.5 11.5
4.5 12.5
4.5 33.5
4.5 34.5
4.5 53.5
4.5 54.5
5.5 13.5
5.5 14.5
5.5 15.5
5.5 32.5
5.5 33.5
5.5 52.5
5.5 53.5
6.5 15.5
6.5 16.5
6.5 17.5
6.5 18.5
6.5 30.5
6.5 31.5
6.5 32.5
6.5 50.5
6.5 51.5
6.5 52.5
7.5 17.5
7.5 18.5
7.5 19.5
7.5 20.5
7.5 29.5
7.5 30.5
7.5 49.5
7.5 50.5
8.5 20.5
8.5 21.5
8.5 22.5
8.5 28.5
8.5 29.5
8.5 47.5
8.5 48.5
8.5 49.5
9.5 23.5
9.5 24.5
9.5 27.5
9.5 41.5
9.5 42.5
9.5 46.5
9.5 47.5
9.5 61.5
9.5 62.5
10.5 5.5
10.5 6.5
10.5 39.5
10.5 40.5
10.5 45.5
10.5 59.5
10.5 60.5
11.5 6.5
11.5 7.5
11.5 8.5
11.5 37.5
11.5 38.5
11.5 39.5
11.5 57.5
11.5 58.5
11.5 59.5
12.5 8.5
12.5 9.5
12.5 10.5
12.5 11.5
12.5 35.5
12.5 36.5
12.5 37.5
12.5 56.5
12.5 57.5
12.5 58.5
13.5 10.5
13.5 11.5
13.5 12.5
13.5 13.5
13.5 34.5
13.5 35.5
13.5 36.5
13.5 54.5
13.5 55.5
13.5 56.5
14.5 12.5
14.5 13.5
14.5 14.5
14.5 15.5
14.5 33.5
14.5 34.5
14.5 53.5
14.5 54.5
15.5 15.5
15.5 16.5
15.5 52.5
19.5 35.5
19.5 36.5
19.5 55.5
19.5 56.5
20.5 11.5
20.5 12.5
20.5 33.5
20.5 34.5
20.5 53.5
20.5 54.5
20.5 55.5
21.5 13.5
21.5 14.5
21.5 15.5
21.5 31.5
21.5 32.5
21.5 33.5
21.5 52.5
21.5 53.5
22.5 14.5
22.5 15.5
22.5 16.5
22.5 17.5
22.5 29.5
22.5 30.5
22.5 31.5
22.5 51.5
22.5 52.5
23.5 16.5
23.5 17.5
23.5 18.5
23.5 19.5
23.5 28.5
23.5 29.5
23.5 30.5
23.5 49.5
23.5 50.5
23.5 51.5
24.5 19.5
24.5 20.5
24.5 21.5
24.5 26.5
24.5 27.5
24.5 28.5
24.5 48.5
24.5 49.5
25.5 5.5
25.5 6.5
25.5 22.5
25.5 25.5
25.5 26.5
25.5 41.5
25.5 42.5
25.5 47.5
25.5 48.5
25.5 61.5
25.5 62.5
25.5 63.5
26.5 6.5
26.5 7.5
26.5 8.5
26.5 39.5
26.5 40.5
26.5 41.5
26.5 46.5
26.5 60.5
26.5 61.5
27.5 8.5
27.5 9.5
27.5 37.5
27.5 38.5
27.5 39.5
27.5 58.5
27.5 59.5
27.5 60.5
28.5 9.5
28.5 10.5
28.5 11.5
28.5 35.5
28.5 36.5
28.5 37.5
28.5 38.5
28.5 56.5
28.5 57.5
28.5 58.5
29.5 11.5
29.5 12.5
29.5 13.5
29.5 34.5
29.5 35.5
29.5 36.5
29.5 55.5
29.5 56.5
29.5 57.5
30.5 13.5
30.5 14.5
30.5 32.5
30.5 33.5
30.5 34.5
30.5 54.5
30.5 55.5
31.5 15.5
31.5 31.5
31.5 32.5
31.5 52.5
31.5 53.5
35.5 12.5
35.5 13.5
35.5 31.5
36.5 13.5
36.5 14.5
36.5 15.5
36.5 32.5
36.5 33.5
36.5 34.5
36.5 52.5
36.5 53.5
36.5 54.5
37.5 14.5
37.5 15.5
37.5 16.5
37.5 34.5
37.5 35.5
37.5 36.5
37.5 54.5
37.5 55.5
37.5 56.5
37.5 57.5
38.5 16.5
38.5 17.5
38.5 18.5
38.5 36.5
38.5 37.5
38.5 38.5
38.5 56.5
38.5 57.5
38.5 58.5
38.5 59.5
39.5 5.5
39.5 18.5
39.5 19.5
39.5 20.5
39.5 38.5
39.5 39.5
39.5 59.5
39.5 60.5
39.5 61.5
40.5 6.5
40.5 7.5
40.5 20.5
40.5 21.5
40.5 24.5
40.5 25.5
40.5 40.5
40.5 41.5
40.5 62.5
40.5 63.5
41.5 7.5
41.5 8.5
41.5 25.5
41.5 26.5
41.5 27.5
41.5 28.5
41.5 42.5
41.5 45.5
41.5 46.5
41.5 47.5
42.5 8.5
42.5 9.5
42.5 10.5
42.5 27.5
42.5 28.5
42.5 29.5
42.5 30.5
42.5 47.5
42.5 48.5
42.5 49.5
43.5 10.5
43.5 11.5
43.5 29.5
43.5 30.5
43.5 31.5
43.5 32.5
43.5 49.5
43.5 50.5
43.5 51.5
43.5 52.5
44.5 11.5
44.5 12.5
44.5 32.5
44.5 33.5
44.5 52.5
44.5 53.5
44.5 54.5
45.5 13.5
45.5 55.5
45.5 56.5
49.5 11.5
49.5 33.5
49.5 34.5
49.5 56.5
50.5 12.5
50.5 13.5
50.5 31.5
50.5 32.5
50.5 54.5
50.5 55.5
51.5 13.5
51.5 14.5
51.5 28.5
51.5 29.5
51.5 30.5
51.5 31.5
51.5 52.5
51.5 53.5
51.5 54.5
52.5 14.5
52.5 15.5
52.5 27.5
52.5 28.5
52.5 29.5
52.5 50.5
52.5 51.5
52.5 52.5
53.5 15.5
53.5 16.5
53.5 25.5
53.5 26.5
53.5 27.5
53.5 49.5
53.5 50.5
53.5 51.5
54.5 5.5
54.5 17.5
54.5 18.5
54.5 23.5
54.5 24.5
54.5 25.5
54.5 47.5
54.5 48.5
54.5 49.5
54.5 63.5
55.5 6.5
55.5 7.5
55.5 18.5
55.5 19.5
55.5 22.5
55.5 23.5
55.5 42.5
55.5 46.5
55.5 47.5
55.5 61.5
55.5 62.5
56.5 7.5
56.5 8.5
56.5 38.5
56.5 39.5
56.5 40.5
56.5 41.5
56.5 45.5
56.5 46.5
56.5 59.5
56.5 60.5
56.5 61.5
57.5 8.5
57.5 9.5
57.5 36.5
57.5 37.5
57.5 38.5
57.5 39.5
57.5 58.5
57.5 59.5
58.5 9.5
58.5 10.5
58.5 33.5
58.5 34.5
58.5 35.5
58.5 36.5
58.5 37.5
58.5 56.5
58.5 57.5
58.5 58.5
59.5 10.5
59.5 11.5
59.5 31.5
59.5 32.5
59.5 33.5
59.5 34.5
59.5 35.5
59.5 55.5
59.5 56.5
60.5 11.5
60.5 12.5
60.5 30.5
60.5 31.5
60.5 32.5
60.5 53.5
60.5 54.5
61.5 13.5
61.5 52.5
61.5 53.5
62.5 14.5
