3.5 19.5
3.5 29.5
3.5 37.5
3.5 48.5
4.5 19.5
4.5 29.5
4.5 37.5
4.5 49.5
5.5 7.5
5.5 49.5
5.5 59.5
6.5 7.5
6.5 20.5
6.5 30.5
6.5 50.5
6.5 59.5
7.5 7.5
7.5 20.5
7.5 30.5
7.5 36.5
7.5 50.5
8.5 7.5
8.5 20.5
8.5 30.5
8.5 36.5
8.5 51.5
8.5 58.5
9.5 7.5
9.5 15.5
9.5 36.5
9.5 51.5
9.5 58.5
10.5 6.5
10.5 12.5
10.5 21.5
10.5 31.5
10.5 40.5
10.5 44.5
10.5 51.5
10.5 58.5
11.5 6.5
11.5 12.5
11.5 21.5
11.5 26.5
11.5 31.5
11.5 40.5
11.5 52.5
12.5 6.5
12.5 16.5
12.5 21.5
12.5 26.5
12.5 35.5
12.5 40.5
12.5 45.5
12.5 62.5
13.5 6.5
13.5 11.5
13.5 16.5
13.5 35.5
13.5 40.5
13.5 46.5
13.5 53.5
13.5 57.5
13.5 62.5
14.5 11.5
14.5 22.5
14.5 27.5
14.5 46.5
14.5 57.5
15.5 11.5
15.5 17.5
15.5 27.5
15.5 39.5
15.5 47.5
16.5 17.5
16.5 27.5
16.5 39.5
16.5 47.5
16.5 61.5
17.5 10.5
17.5 39.5
17.5 48.5
17.5 61.5
18.5 10.5
18.5 18.5
18.5 28.5
18.5 39.5
18.5 48.5
18.5 61.5
19.5 18.5
19.5 28.5
19.5 49.5
20.5 49.5
20.5 60.5
21.5 9.5
21.5 60.5
22.5 9.5
22.5 49.5
23.5 9.5
23.5 19.5
23.5 28.5
24.5 19.5
24.5 28.5
24.5 38.5
24.5 59.5
25.5 50.5
26.5 27.5
26.5 37.5
26.5 50.5
27.5 10.5
27.5 20.5
27.5 27.5
27.5 37.5
27.5 50.5
27.5 58.5
28.5 10.5
28.5 20.5
28.5 27.5
28.5 58.5
29.5 5.5
29.5 10.5
29.5 36.5
29.5 42.5
29.5 51.5
30.5 5.5
30.5 21.5
30.5 26.5
30.5 36.5
30.5 51.5
30.5 57.5
31.5 21.5
31.5 26.5
31.5 31.5
31.5 51.5
31.5 57.5
32.5 11.5
32.5 16.5
32.5 26.5
32.5 35.5
32.5 41.5
32.5 46.5
32.5 51.5
32.5 62.5
33.5 6.5
33.5 11.5
33.5 16.5
33.5 35.5
33.5 41.5
33.5 56.5
34.5 6.5
34.5 11.5
34.5 16.5
34.5 22.5
34.5 30.5
34.5 41.5
34.5 52.5
34.5 56.5
34.5 61.5
35.5 6.5
35.5 17.5
35.5 25.5
35.5 30.5
35.5 34.5
35.5 40.5
35.5 47.5
35.5 52.5
35.5 61.5
36.5 6.5
36.5 17.5
36.5 40.5
36.5 47.5
36.5 60.5
37.5 6.5
37.5 17.5
37.5 29.5
37.5 40.5
37.5 47.5
37.5 60.5
38.5 17.5
38.5 29.5
38.5 40.5
39.5 7.5
39.5 39.5
39.5 48.5
39.5 59.5
40.5 7.5
40.5 18.5
40.5 39.5
40.5 48.5
40.5 59.5
41.5 7.5
41.5 18.5
41.5 28.5
41.5 39.5
42.5 58.5
42.5 59.5
43.5 28.5
44.5 49.5
45.5 7.5
45.5 18.5
45.5 38.5
45.5 58.5
46.5 7.5
46.5 18.5
46.5 29.5
46.5 38.5
46.5 58.5
47.5 18.5
47.5 38.5
47.5 50.5
48.5 6.5
48.5 30.5
48.5 37.5
48.5 50.5
48.5 57.5
49.5 6.5
49.5 17.5
49.5 22.5
49.5 30.5
49.5 37.5
49.5 50.5
49.5 57.5
50.5 17.5
50.5 22.5
50.5 37.5
51.5 5.5
51.5 26.5
51.5 31.5
51.5 51.5
51.5 56.5
51.5 62.5
52.5 5.5
52.5 11.5
52.5 16.5
52.5 26.5
52.5 31.5
52.5 36.5
52.5 46.5
52.5 51.5
52.5 56.5
52.5 62.5
53.5 11.5
53.5 16.5
53.5 21.5
53.5 26.5
53.5 36.5
53.5 42.5
53.5 51.5
53.5 62.5
54.5 16.5
54.5 21.5
54.5 32.5
54.5 55.5
54.5 61.5
55.5 10.5
55.5 27.5
55.5 41.5
55.5 47.5
55.5 61.5
56.5 10.5
56.5 27.5
56.5 41.5
56.5 47.5
56.5 52.5
56.5 61.5
57.5 10.5
57.5 20.5
57.5 27.5
57.5 40.5
57.5 47.5
58.5 20.5
58.5 27.5
58.5 40.5
58.5 60.5
59.5 9.5
59.5 48.5
59.5 60.5
60.5 9.5
60.5 28.5
60.5 39.5
60.5 48.5
60.5 60.5
61.5 19.5
61.5 28.5
62.5 19.5
62.5 59.5
