2.5 20.5
3.5 6.5
3.5 7.5
3.5 21.5
3.5 22.5
3.5 36.5
3.5 58.5
4.5 8.5
4.5 9.5
4.5 22.5
4.5 23.5
4.5 33.5
4.5 34.5
4.5 35.5
4.5 59.5
4.5 60.5
5.5 10.5
5.5 11.5
5.5 12.5
5.5 23.5
5.5 24.5
5.5 31.5
5.5 32.5
5.5 33.5
5.5 45.5
5.5 46.5
5.5 47.5
5.5 61.5
5.5 62.5
6.5 12.5
6.5 13.5
6.5 14.5
6.5 16.5
6.5 24.5
6.5 25.5
6.5 30.5
6.5 31.5
6.5 47.5
6.5 48.5
6.5 49.5
6.5 63.5
6.5 68.5
7.5 5.5
7.5 17.5
7.5 18.5
7.5 26.5
7.5 28.5
7.5 29.5
7.5 49.5
7.5 50.5
7.5 52.5
7.5 53.5
8.5 5.5
8.5 6.5
8.5 18.5
8.5 19.5
8.5 39.5
8.5 40.5
8.5 42.5
8.5 51.5
8.5 54.5
8.5 55.5
8.5 56.5
9.5 7.5
9.5 8.5
9.5 19.5
9.5 20.5
9.5 36.5
9.5 37.5
9.5 38.5
9.5 43.5
9.5 56.5
9.5 57.5
9.5 58.5
9.5 59.5
10.5 8.5
10.5 9.5
10.5 21.5
10.5 34.5
10.5 35.5
10.5 36.5
10.5 44.5
10.5 45.5
10.5 59.5
10.5 60.5
11.5 10.5
11.5 22.5
11.5 32.5
11.5 33.5
11.5 46.5
12.5 8.5
12.5 47.5
13.5 9.5
13.5 20.5
13.5 21.5
13.5 56.5
14.5 9.5
14.5 10.5
14.5 22.5
14.5 33.5
14.5 34.5
14.5 35.5
14.5 46.5
14.5 57.5
14.5 58.5
14.5 59.5
15.5 10.5
15.5 24.5
15.5 30.5
15.5 31.5
15.5 32.5
15.5 44.5
15.5 45.5
15.5 59.5
15.5 60.5
15.5 61.5
15.5 62.5
16.5 10.5
16.5 11.5
16.5 15.5
16.5 26.5
16.5 27.5
16.5 28.5
16.5 43.5
16.5 62.5
16.5 63.5
16.5 64.5
17.5 11.5
17.5 12.5
17.5 15.5
17.5 16.5
17.5 17.5
17.5 37.5
17.5 38.5
17.5 39.5
17.5 49.5
17.5 50.5
17.5 51.5
17.5 52.5
17.5 68.5
18.5 5.5
18.5 12.5
18.5 17.5
18.5 18.5
18.5 19.5
18.5 34.5
18.5 35.5
18.5 36.5
18.5 48.5
18.5 49.5
18.5 53.5
18.5 54.5
18.5 55.5
19.5 5.5
19.5 6.5
19.5 13.5
19.5 19.5
19.5 20.5
19.5 21.5
19.5 32.5
19.5 47.5
19.5 55.5
19.5 56.5
19.5 57.5
20.5 6.5
20.5 7.5
20.5 21.5
20.5 22.5
20.5 46.5
20.5 58.5
20.5 59.5
21.5 7.5
21.5 8.5
21.5 36.5
22.5 9.5
22.5 34.5
22.5 35.5
23.5 33.5
23.5 34.5
23.5 46.5
23.5 56.5
23.5 57.5
24.5 19.5
24.5 20.5
24.5 21.5
24.5 31.5
24.5 32.5
24.5 33.5
24.5 47.5
24.5 57.5
24.5 58.5
24.5 59.5
25.5 8.5
25.5 9.5
25.5 21.5
25.5 22.5
25.5 23.5
25.5 24.5
25.5 30.5
25.5 31.5
25.5 32.5
25.5 43.5
25.5 48.5
25.5 59.5
25.5 60.5
26.5 7.5
26.5 8.5
26.5 23.5
26.5 24.5
26.5 25.5
26.5 29.5
26.5 30.5
26.5 40.5
26.5 43.5
26.5 49.5
26.5 51.5
26.5 60.5
26.5 61.5
26.5 62.5
27.5 5.5
27.5 6.5
27.5 26.5
27.5 27.5
27.5 28.5
27.5 38.5
27.5 39.5
27.5 44.5
27.5 50.5
27.5 52.5
27.5 53.5
27.5 62.5
27.5 63.5
28.5 13.5
28.5 16.5
28.5 17.5
28.5 37.5
28.5 38.5
28.5 44.5
28.5 54.5
28.5 55.5
29.5 11.5
29.5 12.5
29.5 18.5
29.5 19.5
29.5 36.5
29.5 37.5
29.5 44.5
29.5 45.5
29.5 55.5
29.5 56.5
30.5 9.5
30.5 10.5
30.5 20.5
30.5 21.5
30.5 35.5
30.5 36.5
30.5 45.5
30.5 57.5
31.5 8.5
31.5 22.5
31.5 23.5
31.5 34.5
31.5 35.5
31.5 45.5
31.5 58.5
31.5 59.5
32.5 33.5
32.5 34.5
32.5 46.5
33.5 8.5
33.5 23.5
33.5 46.5
33.5 58.5
34.5 9.5
34.5 10.5
34.5 21.5
34.5 22.5
34.5 32.5
34.5 45.5
34.5 46.5
34.5 57.5
34.5 58.5
35.5 10.5
35.5 11.5
35.5 19.5
35.5 20.5
35.5 33.5
35.5 34.5
35.5 46.5
35.5 47.5
35.5 56.5
35.5 57.5
36.5 12.5
36.5 13.5
36.5 17.5
36.5 18.5
36.5 35.5
36.5 36.5
36.5 47.5
36.5 48.5
36.5 54.5
36.5 55.5
36.5 63.5
37.5 5.5
37.5 13.5
37.5 14.5
37.5 16.5
37.5 17.5
37.5 26.5
37.5 27.5
37.5 29.5
37.5 30.5
37.5 37.5
37.5 38.5
37.5 48.5
37.5 49.5
37.5 53.5
37.5 54.5
37.5 62.5
38.5 6.5
38.5 7.5
38.5 24.5
38.5 25.5
38.5 26.5
38.5 30.5
38.5 31.5
38.5 40.5
38.5 41.5
38.5 49.5
38.5 50.5
38.5 52.5
38.5 53.5
38.5 60.5
38.5 61.5
39.5 7.5
39.5 8.5
39.5 23.5
39.5 24.5
39.5 31.5
39.5 32.5
39.5 42.5
39.5 43.5
39.5 59.5
39.5 60.5
40.5 8.5
40.5 9.5
40.5 21.5
40.5 22.5
40.5 23.5
40.5 32.5
40.5 33.5
40.5 44.5
40.5 45.5
40.5 58.5
41.5 10.5
41.5 20.5
41.5 33.5
41.5 47.5
41.5 57.5
43.5 8.5
43.5 9.5
43.5 34.5
43.5 57.5
44.5 10.5
44.5 33.5
44.5 45.5
44.5 46.5
44.5 47.5
44.5 58.5
44.5 59.5
45.5 11.5
45.5 20.5
45.5 21.5
45.5 22.5
45.5 32.5
45.5 38.5
45.5 42.5
45.5 43.5
45.5 44.5
45.5 45.5
45.5 59.5
45.5 60.5
46.5 12.5
46.5 13.5
46.5 18.5
46.5 19.5
46.5 20.5
46.5 21.5
46.5 31.5
46.5 37.5
46.5 38.5
46.5 40.5
46.5 41.5
46.5 42.5
46.5 60.5
46.5 61.5
47.5 13.5
47.5 14.5
47.5 16.5
47.5 17.5
47.5 18.5
47.5 30.5
47.5 31.5
47.5 37.5
47.5 51.5
47.5 62.5
47.5 63.5
48.5 5.5
48.5 15.5
48.5 27.5
48.5 28.5
48.5 30.5
48.5 36.5
48.5 49.5
48.5 50.5
48.5 52.5
48.5 53.5
48.5 63.5
48.5 64.5
49.5 5.5
49.5 6.5
49.5 7.5
49.5 25.5
49.5 26.5
49.5 35.5
49.5 47.5
49.5 48.5
49.5 49.5
49.5 53.5
49.5 54.5
49.5 55.5
50.5 7.5
50.5 8.5
50.5 9.5
50.5 10.5
50.5 23.5
50.5 24.5
50.5 34.5
50.5 35.5
50.5 46.5
50.5 47.5
50.5 55.5
50.5 56.5
50.5 57.5
51.5 9.5
51.5 10.5
51.5 11.5
51.5 21.5
51.5 22.5
51.5 34.5
51.5 45.5
51.5 46.5
51.5 57.5
51.5 58.5
51.5 59.5
52.5 60.5
52.5 61.5
53.5 21.5
53.5 34.5
54.5 22.5
54.5 35.5
54.5 45.5
54.5 46.5
55.5 6.5
55.5 7.5
55.5 8.5
55.5 23.5
55.5 24.5
55.5 35.5
55.5 36.5
55.5 44.5
55.5 45.5
55.5 56.5
55.5 57.5
56.5 9.5
56.5 10.5
56.5 11.5
56.5 12.5
56.5 13.5
56.5 14.5
56.5 23.5
56.5 24.5
56.5 25.5
56.5 36.5
56.5 37.5
56.5 43.5
56.5 58.5
56.5 59.5
56.5 60.5
57.5 14.5
57.5 15.5
57.5 16.5
57.5 17.5
57.5 25.5
57.5 26.5
57.5 28.5
57.5 37.5
57.5 41.5
57.5 42.5
57.5 60.5
57.5 61.5
57.5 62.5
58.5 18.5
58.5 19.5
58.5 26.5
58.5 29.5
58.5 30.5
58.5 38.5
58.5 40.5
58.5 41.5
58.5 50.5
58.5 51.5
58.5 52.5
58.5 63.5
58.5 64.5
59.5 5.5
59.5 19.5
59.5 27.5
59.5 30.5
59.5 31.5
59.5 48.5
59.5 49.5
59.5 53.5
59.5 54.5
59.5 68.5
60.5 6.5
60.5 7.5
60.5 8.5
60.5 20.5
60.5 31.5
60.5 32.5
60.5 33.5
60.5 46.5
60.5 47.5
60.5 55.5
60.5 56.5
61.5 9.5
61.5 10.5
61.5 21.5
61.5 33.5
61.5 34.5
61.5 44.5
61.5 45.5
61.5 57.5
61.5 58.5
62.5 22.5
62.5 34.5
62.5 43.5
62.5 59.5
