4.5 32.5
4.5 33.5
5.5 11.5
5.5 12.5
5.5 30.5
5.5 31.5
5.5 52.5
5.5 53.5
5.5 54.5
6.5 9.5
6.5 10.5
6.5 28.5
6.5 29.5
6.5 30.5
6.5 50.5
6.5 51.5
6.5 52.5
7.5 8.5
7.5 27.5
7.5 48.5
7.5 49.5
7.5 50.5
9.5 18.5
9.5 19.5
9.5 40.5
9.5 61.5
10.5 16.5
10.5 17.5
10.5 37.5
10.5 38.5
10.5 39.5
10.5 59.5
10.5 60.5
11.5 14.5
11.5 15.5
11.5 35.5
11.5 36.5
11.5 37.5
11.5 57.5
11.5 58.5
12.5 34.5
12.5 55.5
12.5 56.5
18.5 15.5
18.5 16.5
18.5 55.5
18.5 56.5
19.5 17.5
19.5 18.5
19.5 35.5
19.5 36.5
19.5 37.5
19.5 57.5
19.5 58.5
19.5 59.5
20.5 20.5
20.5 37.5
20.5 38.5
20.5 39.5
20.5 60.5
20.5 61.5
22.5 8.5
22.5 9.5
22.5 10.5
22.5 27.5
22.5 28.5
23.5 10.5
23.5 11.5
23.5 12.5
23.5 29.5
23.5 30.5
23.5 49.5
23.5 50.5
23.5 51.5
24.5 31.5
24.5 32.5
24.5 51.5
24.5 52.5
24.5 53.5
30.5 13.5
30.5 14.5
30.5 15.5
30.5 31.5
30.5 32.5
30.5 54.5
30.5 55.5
31.5 16.5
31.5 17.5
31.5 29.5
31.5 30.5
31.5 56.5
31.5 57.5
31.5 58.5
32.5 19.5
32.5 27.5
32.5 60.5
34.5 7.5
34.5 8.5
34.5 40.5
34.5 47.5
34.5 48.5
35.5 9.5
35.5 10.5
35.5 36.5
35.5 37.5
35.5 38.5
35.5 49.5
35.5 50.5
35.5 51.5
36.5 12.5
36.5 33.5
36.5 34.5
36.5 35.5
36.5 52.5
36.5 53.5
42.5 10.5
42.5 11.5
42.5 33.5
42.5 34.5
42.5 55.5
42.5 56.5
42.5 57.5
43.5 8.5
43.5 9.5
43.5 29.5
43.5 30.5
43.5 31.5
43.5 32.5
43.5 58.5
43.5 59.5
44.5 6.5
44.5 7.5
44.5 28.5
45.5 47.5
46.5 20.5
46.5 38.5
46.5 39.5
46.5 49.5
46.5 50.5
46.5 51.5
47.5 16.5
47.5 17.5
47.5 18.5
47.5 36.5
47.5 37.5
47.5 52.5
47.5 53.5
48.5 13.5
48.5 14.5
48.5 35.5
53.5 35.5
53.5 52.5
53.5 53.5
54.5 36.5
54.5 37.5
54.5 50.5
54.5 51.5
54.5 52.5
55.5 15.5
55.5 16.5
55.5 17.5
55.5 37.5
55.5 38.5
55.5 49.5
55.5 50.5
56.5 18.5
56.5 19.5
56.5 20.5
56.5 38.5
56.5 39.5
56.5 47.5
56.5 48.5
57.5 40.5
58.5 60.5
59.5 7.5
59.5 8.5
59.5 9.5
59.5 29.5
59.5 30.5
59.5 57.5
59.5 58.5
59.5 59.5
60.5 10.5
60.5 11.5
60.5 31.5
60.5 32.5
60.5 56.5
60.5 57.5
61.5 13.5
61.5 33.5
61.5 34.5
61.5 54.5
