4.5 7.5
5.5 6.5
5.5 7.5
5.5 17.5
5.5 27.5
5.5 37.5
5.5 38.5
5.5 48.5
5.5 59.5
6.5 6.5
6.5 7.5
6.5 17.5
6.5 27.5
6.5 37.5
6.5 38.5
6.5 47.5
6.5 48.5
6.5 59.5
6.5 60.5
7.5 6.5
7.5 7.5
7.5 16.5
7.5 17.5
7.5 26.5
7.5 27.5
7.5 37.5
7.5 38.5
7.5 47.5
7.5 48.5
7.5 59.5
7.5 60.5
8.5 5.5
8.5 6.5
8.5 7.5
8.5 16.5
8.5 17.5
8.5 26.5
8.5 27.5
8.5 36.5
8.5 37.5
8.5 46.5
8.5 47.5
8.5 48.5
8.5 60.5
8.5 61.5
9.5 5.5
9.5 6.5
9.5 7.5
9.5 16.5
9.5 17.5
9.5 26.5
9.5 27.5
9.5 36.5
9.5 37.5
9.5 46.5
9.5 47.5
9.5 60.5
9.5 61.5
10.5 5.5
10.5 6.5
10.5 16.5
10.5 26.5
10.5 27.5
10.5 36.5
10.5 37.5
10.5 46.5
10.5 47.5
10.5 60.5
10.5 61.5
11.5 5.5
11.5 6.5
11.5 11.5
11.5 15.5
11.5 16.5
11.5 21.5
11.5 25.5
11.5 26.5
11.5 31.5
11.5 36.5
11.5 37.5
11.5 41.5
11.5 45.5
11.5 46.5
11.5 61.5
11.5 62.5
12.5 5.5
12.5 11.5
12.5 15.5
12.5 20.5
12.5 21.5
12.5 25.5
12.5 26.5
12.5 31.5
12.5 36.5
12.5 41.5
12.5 45.5
12.5 46.5
12.5 51.5
12.5 56.5
12.5 61.5
12.5 62.5
13.5 10.5
13.5 11.5
13.5 20.5
13.5 21.5
13.5 30.5
13.5 31.5
13.5 40.5
13.5 41.5
13.5 45.5
13.5 50.5
13.5 51.5
13.5 56.5
13.5 62.5
14.5 10.5
14.5 11.5
14.5 19.5
14.5 20.5
14.5 21.5
14.5 30.5
14.5 31.5
14.5 40.5
14.5 41.5
14.5 50.5
14.5 51.5
14.5 56.5
14.5 57.5
15.5 9.5
15.5 10.5
15.5 19.5
15.5 20.5
15.5 30.5
15.5 31.5
15.5 40.5
15.5 49.5
15.5 50.5
15.5 51.5
15.5 56.5
15.5 57.5
16.5 9.5
16.5 10.5
16.5 19.5
16.5 20.5
16.5 29.5
16.5 30.5
16.5 31.5
16.5 39.5
16.5 40.5
16.5 49.5
16.5 50.5
16.5 56.5
16.5 57.5
16.5 58.5
17.5 9.5
17.5 10.5
17.5 19.5
17.5 20.5
17.5 29.5
17.5 30.5
17.5 39.5
17.5 40.5
17.5 49.5
17.5 50.5
17.5 57.5
17.5 58.5
18.5 9.5
18.5 19.5
18.5 29.5
18.5 30.5
18.5 39.5
18.5 48.5
18.5 49.5
18.5 57.5
18.5 58.5
19.5 19.5
19.5 29.5
19.5 39.5
19.5 48.5
19.5 49.5
19.5 58.5
24.5 8.5
24.5 9.5
24.5 19.5
24.5 28.5
24.5 39.5
25.5 8.5
25.5 9.5
25.5 19.5
25.5 20.5
25.5 28.5
25.5 39.5
25.5 47.5
25.5 59.5
25.5 60.5
26.5 8.5
26.5 9.5
26.5 19.5
26.5 20.5
26.5 27.5
26.5 28.5
26.5 39.5
26.5 40.5
26.5 47.5
26.5 59.5
26.5 60.5
27.5 9.5
27.5 10.5
27.5 19.5
27.5 20.5
27.5 21.5
27.5 27.5
27.5 28.5
27.5 39.5
27.5 40.5
27.5 46.5
27.5 47.5
27.5 60.5
27.5 61.5
28.5 9.5
28.5 10.5
28.5 20.5
28.5 21.5
28.5 27.5
28.5 28.5
28.5 40.5
28.5 46.5
28.5 47.5
28.5 60.5
28.5 61.5
28.5 62.5
29.5 9.5
29.5 10.5
29.5 20.5
29.5 21.5
29.5 26.5
29.5 27.5
29.5 40.5
29.5 41.5
29.5 46.5
29.5 47.5
29.5 61.5
29.5 62.5
30.5 9.5
30.5 10.5
30.5 20.5
30.5 21.5
30.5 26.5
30.5 27.5
30.5 40.5
30.5 41.5
30.5 46.5
30.5 47.5
30.5 61.5
30.5 62.5
31.5 10.5
31.5 15.5
31.5 21.5
31.5 26.5
31.5 27.5
31.5 36.5
31.5 40.5
31.5 41.5
31.5 45.5
31.5 46.5
31.5 56.5
31.5 62.5
31.5 63.5
32.5 6.5
32.5 10.5
32.5 15.5
32.5 16.5
32.5 21.5
32.5 22.5
32.5 26.5
32.5 31.5
32.5 36.5
32.5 41.5
32.5 45.5
32.5 46.5
32.5 51.5
32.5 56.5
32.5 57.5
32.5 63.5
33.5 6.5
33.5 15.5
33.5 16.5
33.5 30.5
33.5 31.5
33.5 36.5
33.5 37.5
33.5 45.5
33.5 50.5
33.5 51.5
33.5 56.5
33.5 57.5
34.5 6.5
34.5 15.5
34.5 16.5
34.5 17.5
34.5 30.5
34.5 31.5
34.5 36.5
34.5 37.5
34.5 50.5
34.5 51.5
34.5 56.5
34.5 57.5
34.5 58.5
35.5 6.5
35.5 7.5
35.5 16.5
35.5 17.5
35.5 30.5
35.5 31.5
35.5 36.5
35.5 37.5
35.5 50.5
35.5 51.5
35.5 57.5
35.5 58.5
36.5 6.5
36.5 7.5
36.5 16.5
36.5 17.5
36.5 30.5
36.5 36.5
36.5 37.5
36.5 50.5
36.5 51.5
36.5 57.5
36.5 58.5
36.5 59.5
37.5 7.5
37.5 16.5
37.5 17.5
37.5 29.5
37.5 30.5
37.5 36.5
37.5 37.5
37.5 38.5
37.5 49.5
37.5 50.5
37.5 51.5
37.5 57.5
37.5 58.5
37.5 59.5
38.5 7.5
38.5 17.5
38.5 18.5
38.5 29.5
38.5 30.5
38.5 37.5
38.5 38.5
38.5 49.5
38.5 50.5
38.5 58.5
38.5 59.5
39.5 7.5
39.5 17.5
39.5 18.5
39.5 29.5
39.5 37.5
39.5 38.5
39.5 49.5
39.5 50.5
39.5 59.5
40.5 29.5
40.5 37.5
40.5 38.5
40.5 49.5
44.5 17.5
45.5 9.5
45.5 17.5
45.5 60.5
45.5 61.5
46.5 9.5
46.5 16.5
46.5 17.5
46.5 27.5
46.5 39.5
46.5 48.5
46.5 60.5
46.5 61.5
47.5 9.5
47.5 10.5
47.5 16.5
47.5 17.5
47.5 27.5
47.5 39.5
47.5 40.5
47.5 47.5
47.5 48.5
47.5 60.5
47.5 61.5
47.5 62.5
48.5 9.5
48.5 10.5
48.5 15.5
48.5 16.5
48.5 17.5
48.5 26.5
48.5 27.5
48.5 39.5
48.5 40.5
48.5 47.5
48.5 48.5
48.5 61.5
48.5 62.5
49.5 9.5
49.5 10.5
49.5 15.5
49.5 16.5
49.5 26.5
49.5 27.5
49.5 39.5
49.5 40.5
49.5 41.5
49.5 47.5
49.5 48.5
49.5 61.5
49.5 62.5
50.5 10.5
50.5 15.5
50.5 16.5
50.5 26.5
50.5 27.5
50.5 40.5
50.5 41.5
50.5 46.5
50.5 47.5
50.5 48.5
50.5 61.5
50.5 62.5
50.5 63.5
51.5 10.5
51.5 14.5
51.5 15.5
51.5 21.5
51.5 25.5
51.5 26.5
51.5 40.5
51.5 41.5
51.5 46.5
51.5 47.5
51.5 61.5
51.5 62.5
51.5 63.5
52.5 6.5
52.5 10.5
52.5 15.5
52.5 20.5
52.5 21.5
52.5 25.5
52.5 26.5
52.5 41.5
52.5 42.5
52.5 46.5
52.5 47.5
52.5 52.5
52.5 56.5
52.5 62.5
52.5 63.5
53.5 6.5
53.5 7.5
53.5 20.5
53.5 21.5
53.5 25.5
53.5 26.5
53.5 30.5
53.5 31.5
53.5 35.5
53.5 36.5
53.5 41.5
53.5 42.5
53.5 46.5
53.5 51.5
53.5 52.5
53.5 56.5
53.5 57.5
53.5 62.5
53.5 63.5
54.5 6.5
54.5 7.5
54.5 19.5
54.5 20.5
54.5 25.5
54.5 30.5
54.5 31.5
54.5 35.5
54.5 36.5
54.5 51.5
54.5 52.5
54.5 56.5
54.5 57.5
54.5 63.5
55.5 6.5
55.5 7.5
55.5 19.5
55.5 20.5
55.5 29.5
55.5 30.5
55.5 31.5
55.5 36.5
55.5 37.5
55.5 50.5
55.5 51.5
55.5 56.5
55.5 57.5
55.5 58.5
56.5 6.5
56.5 7.5
56.5 19.5
56.5 20.5
56.5 29.5
56.5 30.5
56.5 36.5
56.5 37.5
56.5 50.5
56.5 51.5
56.5 57.5
56.5 58.5
57.5 6.5
57.5 7.5
57.5 18.5
57.5 19.5
57.5 20.5
57.5 29.5
57.5 30.5
57.5 36.5
57.5 37.5
57.5 38.5
57.5 50.5
57.5 51.5
57.5 57.5
57.5 58.5
58.5 7.5
58.5 18.5
58.5 19.5
58.5 29.5
58.5 30.5
58.5 36.5
58.5 37.5
58.5 38.5
58.5 50.5
58.5 57.5
58.5 58.5
58.5 59.5
59.5 7.5
59.5 18.5
59.5 19.5
59.5 28.5
59.5 29.5
59.5 37.5
59.5 38.5
59.5 49.5
59.5 50.5
59.5 58.5
59.5 59.5
60.5 18.5
60.5 28.5
60.5 29.5
60.5 37.5
60.5 38.5
60.5 49.5
60.5 58.5
60.5 59.5
61.5 28.5
61.5 29.5
61.5 38.5
61.5 59.5
