2.5 8.5
2.5 9.5
2.5 58.5
3.5 8.5
3.5 9.5
3.5 21.5
3.5 45.5
3.5 58.5
3.5 59.5
4.5 8.5
4.5 9.5
4.5 20.5
4.5 21.5
4.5 33.5
4.5 44.5
4.5 45.5
4.5 58.5
4.5 59.5
5.5 7.5
5.5 8.5
5.5 20.5
5.5 21.5
5.5 33.5
5.5 34.5
5.5 44.5
5.5 45.5
5.5 58.5
5.5 59.5
5.5 60.5
6.5 7.5
6.5 8.5
6.5 19.5
6.5 20.5
6.5 21.5
6.5 33.5
6.5 34.5
6.5 43.5
6.5 44.5
6.5 45.5
6.5 59.5
6.5 60.5
7.5 7.5
7.5 8.5
7.5 19.5
7.5 20.5
7.5 34.5
7.5 35.5
7.5 43.5
7.5 44.5
7.5 59.5
7.5 60.5
8.5 6.5
8.5 7.5
8.5 8.5
8.5 19.5
8.5 20.5
8.5 34.5
8.5 35.5
8.5 43.5
8.5 44.5
8.5 59.5
8.5 60.5
8.5 61.5
9.5 6.5
9.5 7.5
9.5 8.5
9.5 14.5
9.5 18.5
9.5 19.5
9.5 20.5
9.5 34.5
9.5 35.5
9.5 36.5
9.5 42.5
9.5 43.5
9.5 44.5
9.5 50.5
9.5 54.5
9.5 60.5
9.5 61.5
10.5 6.5
10.5 7.5
10.5 13.5
10.5 14.5
10.5 18.5
10.5 19.5
10.5 25.5
10.5 35.5
10.5 36.5
10.5 42.5
10.5 43.5
10.5 49.5
10.5 50.5
10.5 54.5
10.5 60.5
10.5 61.5
11.5 6.5
11.5 7.5
11.5 13.5
11.5 18.5
11.5 19.5
11.5 24.5
11.5 25.5
11.5 29.5
11.5 35.5
11.5 36.5
11.5 42.5
11.5 43.5
11.5 49.5
11.5 50.5
11.5 54.5
11.5 55.5
11.5 60.5
11.5 61.5
11.5 62.5
12.5 6.5
12.5 7.5
12.5 12.5
12.5 13.5
12.5 18.5
12.5 24.5
12.5 25.5
12.5 29.5
12.5 30.5
12.5 36.5
12.5 37.5
12.5 41.5
12.5 42.5
12.5 48.5
12.5 49.5
12.5 50.5
12.5 54.5
12.5 55.5
12.5 61.5
12.5 62.5
13.5 6.5
13.5 12.5
13.5 13.5
13.5 17.5
13.5 18.5
13.5 24.5
13.5 25.5
13.5 29.5
13.5 30.5
13.5 36.5
13.5 37.5
13.5 41.5
13.5 42.5
13.5 48.5
13.5 49.5
13.5 55.5
13.5 61.5
13.5 62.5
14.5 6.5
14.5 12.5
14.5 13.5
14.5 17.5
14.5 23.5
14.5 24.5
14.5 30.5
14.5 31.5
14.5 37.5
14.5 41.5
14.5 48.5
14.5 49.5
14.5 55.5
14.5 56.5
14.5 62.5
15.5 11.5
15.5 12.5
15.5 23.5
15.5 24.5
15.5 30.5
15.5 31.5
15.5 37.5
15.5 47.5
15.5 48.5
15.5 49.5
15.5 55.5
15.5 56.5
16.5 11.5
16.5 12.5
16.5 23.5
16.5 24.5
16.5 31.5
16.5 32.5
16.5 47.5
16.5 48.5
16.5 56.5
16.5 57.5
17.5 10.5
17.5 11.5
17.5 22.5
17.5 23.5
17.5 31.5
17.5 32.5
17.5 47.5
17.5 48.5
17.5 56.5
17.5 57.5
18.5 10.5
18.5 11.5
18.5 22.5
18.5 23.5
18.5 31.5
18.5 32.5
18.5 33.5
18.5 46.5
18.5 47.5
18.5 48.5
18.5 56.5
18.5 57.5
19.5 10.5
19.5 11.5
19.5 22.5
19.5 23.5
19.5 32.5
19.5 33.5
19.5 46.5
19.5 47.5
19.5 57.5
20.5 10.5
20.5 22.5
20.5 32.5
20.5 33.5
20.5 46.5
20.5 47.5
20.5 57.5
21.5 22.5
21.5 33.5
21.5 46.5
21.5 58.5
23.5 10.5
23.5 21.5
23.5 22.5
23.5 58.5
24.5 10.5
24.5 11.5
24.5 21.5
24.5 33.5
24.5 34.5
24.5 46.5
24.5 58.5
25.5 10.5
25.5 11.5
25.5 20.5
25.5 21.5
25.5 34.5
25.5 45.5
25.5 46.5
25.5 58.5
25.5 59.5
26.5 10.5
26.5 11.5
26.5 12.5
26.5 20.5
26.5 21.5
26.5 34.5
26.5 35.5
26.5 45.5
26.5 46.5
26.5 58.5
26.5 59.5
27.5 11.5
27.5 12.5
27.5 20.5
27.5 21.5
27.5 34.5
27.5 35.5
27.5 44.5
27.5 45.5
27.5 59.5
27.5 60.5
28.5 11.5
28.5 12.5
28.5 19.5
28.5 20.5
28.5 21.5
28.5 34.5
28.5 35.5
28.5 36.5
28.5 44.5
28.5 45.5
28.5 59.5
28.5 60.5
29.5 11.5
29.5 12.5
29.5 13.5
29.5 19.5
29.5 20.5
29.5 35.5
29.5 36.5
29.5 43.5
29.5 44.5
29.5 45.5
29.5 59.5
29.5 60.5
30.5 12.5
30.5 13.5
30.5 19.5
30.5 20.5
30.5 29.5
30.5 35.5
30.5 36.5
30.5 37.5
30.5 43.5
30.5 44.5
30.5 51.5
30.5 55.5
30.5 60.5
30.5 61.5
31.5 6.5
31.5 12.5
31.5 13.5
31.5 19.5
31.5 20.5
31.5 25.5
31.5 29.5
31.5 30.5
31.5 36.5
31.5 37.5
31.5 42.5
31.5 43.5
31.5 44.5
31.5 50.5
31.5 51.5
31.5 55.5
31.5 60.5
31.5 61.5
32.5 6.5
32.5 7.5
32.5 13.5
32.5 14.5
32.5 18.5
32.5 19.5
32.5 25.5
32.5 29.5
32.5 30.5
32.5 36.5
32.5 37.5
32.5 42.5
32.5 43.5
32.5 50.5
32.5 51.5
32.5 55.5
32.5 56.5
32.5 61.5
33.5 6.5
33.5 7.5
33.5 13.5
33.5 14.5
33.5 18.5
33.5 19.5
33.5 24.5
33.5 25.5
33.5 30.5
33.5 31.5
33.5 37.5
33.5 38.5
33.5 42.5
33.5 43.5
33.5 49.5
33.5 50.5
33.5 51.5
33.5 55.5
33.5 56.5
33.5 61.5
34.5 6.5
34.5 7.5
34.5 8.5
34.5 14.5
34.5 18.5
34.5 24.5
34.5 25.5
34.5 30.5
34.5 31.5
34.5 37.5
34.5 38.5
34.5 42.5
34.5 49.5
34.5 50.5
34.5 56.5
34.5 57.5
34.5 62.5
35.5 6.5
35.5 7.5
35.5 8.5
35.5 23.5
35.5 24.5
35.5 30.5
35.5 31.5
35.5 32.5
35.5 38.5
35.5 48.5
35.5 49.5
35.5 50.5
35.5 56.5
35.5 57.5
36.5 7.5
36.5 8.5
36.5 23.5
36.5 24.5
36.5 31.5
36.5 32.5
36.5 48.5
36.5 49.5
36.5 56.5
36.5 57.5
37.5 7.5
37.5 8.5
37.5 9.5
37.5 23.5
37.5 24.5
37.5 31.5
37.5 32.5
37.5 33.5
37.5 47.5
37.5 48.5
37.5 49.5
37.5 57.5
37.5 58.5
38.5 8.5
38.5 9.5
38.5 22.5
38.5 23.5
38.5 31.5
38.5 32.5
38.5 33.5
38.5 47.5
38.5 48.5
38.5 49.5
38.5 57.5
38.5 58.5
39.5 8.5
39.5 9.5
39.5 22.5
39.5 23.5
39.5 32.5
39.5 33.5
39.5 47.5
39.5 48.5
39.5 58.5
40.5 9.5
40.5 10.5
40.5 22.5
40.5 32.5
40.5 33.5
40.5 47.5
40.5 58.5
41.5 9.5
41.5 10.5
41.5 22.5
41.5 33.5
41.5 34.5
41.5 46.5
41.5 47.5
41.5 59.5
42.5 34.5
43.5 9.5
43.5 59.5
44.5 9.5
44.5 10.5
44.5 21.5
44.5 33.5
44.5 47.5
44.5 59.5
45.5 9.5
45.5 10.5
45.5 20.5
45.5 21.5
45.5 33.5
45.5 34.5
45.5 46.5
45.5 47.5
45.5 59.5
45.5 60.5
46.5 9.5
46.5 10.5
46.5 20.5
46.5 21.5
46.5 34.5
46.5 35.5
46.5 45.5
46.5 46.5
46.5 47.5
46.5 59.5
46.5 60.5
47.5 9.5
47.5 10.5
47.5 11.5
47.5 19.5
47.5 20.5
47.5 34.5
47.5 35.5
47.5 36.5
47.5 45.5
47.5 46.5
47.5 60.5
48.5 10.5
48.5 11.5
48.5 19.5
48.5 20.5
48.5 34.5
48.5 35.5
48.5 36.5
48.5 44.5
48.5 45.5
48.5 46.5
48.5 60.5
48.5 61.5
49.5 10.5
49.5 11.5
49.5 18.5
49.5 19.5
49.5 35.5
49.5 36.5
49.5 37.5
49.5 44.5
49.5 45.5
49.5 60.5
49.5 61.5
50.5 10.5
50.5 11.5
50.5 12.5
50.5 18.5
50.5 19.5
50.5 36.5
50.5 37.5
50.5 43.5
50.5 44.5
50.5 45.5
50.5 51.5
50.5 55.5
50.5 60.5
50.5 61.5
51.5 5.5
51.5 10.5
51.5 11.5
51.5 12.5
51.5 17.5
51.5 18.5
51.5 25.5
51.5 29.5
51.5 30.5
51.5 36.5
51.5 37.5
51.5 38.5
51.5 43.5
51.5 44.5
51.5 50.5
51.5 51.5
51.5 55.5
51.5 61.5
51.5 62.5
52.5 5.5
52.5 11.5
52.5 12.5
52.5 17.5
52.5 18.5
52.5 24.5
52.5 25.5
52.5 29.5
52.5 30.5
52.5 37.5
52.5 38.5
52.5 43.5
52.5 44.5
52.5 50.5
52.5 55.5
52.5 56.5
52.5 61.5
52.5 62.5
53.5 5.5
53.5 6.5
53.5 11.5
53.5 12.5
53.5 16.5
53.5 17.5
53.5 23.5
53.5 24.5
53.5 25.5
53.5 30.5
53.5 31.5
53.5 38.5
53.5 42.5
53.5 43.5
53.5 49.5
53.5 50.5
53.5 55.5
53.5 56.5
53.5 62.5
54.5 5.5
54.5 6.5
54.5 11.5
54.5 12.5
54.5 16.5
54.5 17.5
54.5 23.5
54.5 24.5
54.5 30.5
54.5 31.5
54.5 32.5
54.5 39.5
54.5 42.5
54.5 49.5
54.5 50.5
54.5 55.5
54.5 56.5
54.5 57.5
54.5 62.5
55.5 6.5
55.5 12.5
55.5 16.5
55.5 22.5
55.5 23.5
55.5 24.5
55.5 30.5
55.5 31.5
55.5 32.5
55.5 48.5
55.5 49.5
55.5 55.5
55.5 56.5
55.5 57.5
56.5 6.5
56.5 7.5
56.5 22.5
56.5 23.5
56.5 24.5
56.5 31.5
56.5 32.5
56.5 33.5
56.5 48.5
56.5 49.5
56.5 56.5
56.5 57.5
57.5 6.5
57.5 7.5
57.5 21.5
57.5 22.5
57.5 23.5
57.5 32.5
57.5 33.5
57.5 47.5
57.5 48.5
57.5 56.5
57.5 57.5
58.5 7.5
58.5 21.5
58.5 22.5
58.5 32.5
58.5 33.5
58.5 34.5
58.5 47.5
58.5 48.5
58.5 56.5
58.5 57.5
58.5 58.5
59.5 7.5
59.5 8.5
59.5 20.5
59.5 21.5
59.5 22.5
59.5 33.5
59.5 34.5
59.5 47.5
59.5 57.5
59.5 58.5
60.5 8.5
60.5 20.5
60.5 21.5
60.5 33.5
60.5 34.5
60.5 46.5
60.5 47.5
60.5 57.5
60.5 58.5
61.5 8.5
61.5 20.5
61.5 21.5
61.5 34.5
61.5 46.5
61.5 58.5
62.5 20.5
62.5 58.5
