3.5 34.5
4.5 12.5
4.5 32.5
4.5 33.5
4.5 34.5
5.5 13.5
5.5 14.5
5.5 31.5
5.5 32.5
5.5 33.5
5.5 53.5
5.5 54.5
5.5 55.5
6.5 14.5
6.5 15.5
6.5 16.5
6.5 30.5
6.5 31.5
6.5 50.5
6.5 51.5
6.5 52.5
6.5 53.5
7.5 16.5
7.5 17.5
7.5 28.5
7.5 29.5
7.5 30.5
7.5 48.5
7.5 49.5
7.5 50.5
7.5 51.5
8.5 17.5
8.5 18.5
8.5 19.5
8.5 27.5
8.5 28.5
8.5 29.5
8.5 41.5
8.5 46.5
8.5 47.5
8.5 48.5
8.5 49.5
9.5 19.5
9.5 20.5
9.5 26.5
9.5 27.5
9.5 40.5
9.5 41.5
9.5 45.5
9.5 46.5
10.5 5.5
10.5 6.5
10.5 20.5
10.5 21.5
10.5 25.5
10.5 38.5
10.5 39.5
10.5 40.5
10.5 62.5
10.5 63.5
11.5 7.5
11.5 8.5
11.5 37.5
11.5 38.5
11.5 39.5
11.5 60.5
11.5 61.5
12.5 8.5
12.5 9.5
12.5 10.5
12.5 11.5
12.5 36.5
12.5 37.5
12.5 38.5
12.5 58.5
12.5 59.5
12.5 60.5
13.5 10.5
13.5 11.5
13.5 12.5
13.5 13.5
13.5 35.5
13.5 36.5
13.5 56.5
13.5 57.5
13.5 58.5
14.5 13.5
14.5 14.5
14.5 34.5
14.5 35.5
14.5 54.5
14.5 55.5
14.5 56.5
15.5 15.5
15.5 16.5
15.5 33.5
15.5 34.5
15.5 53.5
20.5 15.5
20.5 33.5
20.5 34.5
20.5 53.5
20.5 54.5
21.5 12.5
21.5 13.5
21.5 14.5
21.5 35.5
21.5 36.5
21.5 54.5
21.5 55.5
22.5 10.5
22.5 11.5
22.5 12.5
22.5 36.5
22.5 37.5
22.5 38.5
22.5 55.5
22.5 56.5
22.5 57.5
23.5 8.5
23.5 9.5
23.5 10.5
23.5 11.5
23.5 38.5
23.5 39.5
23.5 57.5
23.5 58.5
23.5 59.5
24.5 6.5
24.5 7.5
24.5 8.5
24.5 39.5
24.5 40.5
24.5 41.5
24.5 46.5
24.5 58.5
24.5 59.5
24.5 60.5
25.5 5.5
25.5 6.5
25.5 23.5
25.5 26.5
25.5 41.5
25.5 42.5
25.5 47.5
25.5 60.5
25.5 61.5
26.5 20.5
26.5 21.5
26.5 22.5
26.5 27.5
26.5 28.5
26.5 48.5
26.5 49.5
27.5 18.5
27.5 19.5
27.5 20.5
27.5 28.5
27.5 29.5
27.5 30.5
27.5 49.5
27.5 50.5
28.5 16.5
28.5 17.5
28.5 18.5
28.5 30.5
28.5 31.5
28.5 32.5
28.5 50.5
28.5 51.5
28.5 52.5
29.5 15.5
29.5 16.5
29.5 17.5
29.5 32.5
29.5 33.5
29.5 34.5
29.5 52.5
29.5 53.5
30.5 13.5
30.5 14.5
30.5 34.5
30.5 35.5
30.5 53.5
30.5 54.5
31.5 12.5
35.5 32.5
35.5 54.5
36.5 13.5
36.5 14.5
36.5 15.5
36.5 33.5
36.5 34.5
36.5 35.5
36.5 52.5
36.5 53.5
37.5 11.5
37.5 12.5
37.5 13.5
37.5 34.5
37.5 35.5
37.5 36.5
37.5 37.5
37.5 50.5
37.5 51.5
37.5 52.5
38.5 9.5
38.5 10.5
38.5 11.5
38.5 12.5
38.5 36.5
38.5 37.5
38.5 38.5
38.5 49.5
38.5 50.5
39.5 8.5
39.5 9.5
39.5 10.5
39.5 38.5
39.5 39.5
39.5 40.5
39.5 47.5
39.5 48.5
39.5 49.5
40.5 6.5
40.5 7.5
40.5 8.5
40.5 40.5
40.5 41.5
40.5 46.5
40.5 47.5
41.5 5.5
41.5 6.5
41.5 20.5
41.5 21.5
41.5 26.5
41.5 27.5
41.5 45.5
41.5 60.5
41.5 61.5
42.5 18.5
42.5 19.5
42.5 20.5
42.5 27.5
42.5 28.5
42.5 29.5
42.5 58.5
42.5 59.5
42.5 60.5
43.5 17.5
43.5 18.5
43.5 29.5
43.5 30.5
43.5 31.5
43.5 56.5
43.5 57.5
43.5 58.5
44.5 15.5
44.5 16.5
44.5 17.5
44.5 30.5
44.5 31.5
44.5 32.5
44.5 54.5
44.5 55.5
44.5 56.5
45.5 14.5
45.5 15.5
45.5 32.5
45.5 33.5
45.5 34.5
45.5 53.5
45.5 54.5
45.5 55.5
46.5 12.5
46.5 13.5
46.5 35.5
46.5 52.5
51.5 14.5
51.5 15.5
51.5 32.5
51.5 33.5
51.5 34.5
51.5 54.5
51.5 55.5
52.5 12.5
52.5 13.5
52.5 14.5
52.5 34.5
52.5 35.5
52.5 36.5
52.5 51.5
52.5 52.5
52.5 53.5
53.5 11.5
53.5 12.5
53.5 36.5
53.5 37.5
53.5 38.5
53.5 48.5
53.5 49.5
53.5 50.5
53.5 51.5
54.5 9.5
54.5 10.5
54.5 11.5
54.5 38.5
54.5 39.5
54.5 40.5
54.5 46.5
54.5 47.5
54.5 48.5
55.5 8.5
55.5 9.5
55.5 10.5
55.5 22.5
55.5 25.5
55.5 41.5
55.5 45.5
56.5 7.5
56.5 8.5
56.5 20.5
56.5 21.5
56.5 26.5
56.5 27.5
56.5 28.5
56.5 59.5
56.5 60.5
56.5 61.5
57.5 6.5
57.5 19.5
57.5 20.5
57.5 28.5
57.5 29.5
57.5 30.5
57.5 56.5
57.5 57.5
57.5 58.5
57.5 59.5
58.5 17.5
58.5 18.5
58.5 19.5
58.5 30.5
58.5 31.5
58.5 32.5
58.5 54.5
58.5 55.5
58.5 56.5
59.5 16.5
59.5 17.5
59.5 32.5
59.5 33.5
59.5 52.5
59.5 53.5
60.5 15.5
60.5 16.5
60.5 34.5
60.5 35.5
61.5 14.5
