4.5 10.5
4.5 11.5
4.5 12.5
5.5 12.5
5.5 13.5
5.5 14.5
5.5 15.5
5.5 35.5
5.5 36.5
5.5 37.5
6.5 14.5
6.5 15.5
6.5 16.5
6.5 17.5
6.5 18.5
6.5 30.5
6.5 31.5
6.5 32.5
6.5 33.5
6.5 34.5
6.5 35.5
6.5 36.5
6.5 52.5
6.5 53.5
6.5 54.5
7.5 16.5
7.5 17.5
7.5 18.5
7.5 19.5
7.5 20.5
7.5 27.5
7.5 28.5
7.5 29.5
7.5 30.5
7.5 31.5
7.5 32.5
7.5 33.5
7.5 53.5
7.5 54.5
7.5 55.5
7.5 56.5
7.5 57.5
8.5 19.5
8.5 20.5
8.5 21.5
8.5 22.5
8.5 24.5
8.5 25.5
8.5 26.5
8.5 27.5
8.5 28.5
8.5 29.5
8.5 56.5
8.5 57.5
8.5 58.5
8.5 59.5
8.5 60.5
9.5 22.5
9.5 23.5
9.5 24.5
9.5 58.5
9.5 59.5
9.5 60.5
9.5 61.5
9.5 62.5
10.5 61.5
10.5 62.5
10.5 63.5
10.5 68.5
11.5 5.5
11.5 6.5
11.5 7.5
11.5 41.5
11.5 42.5
11.5 43.5
11.5 44.5
11.5 45.5
11.5 46.5
11.5 47.5
12.5 5.5
12.5 6.5
12.5 7.5
12.5 8.5
12.5 9.5
12.5 10.5
12.5 11.5
12.5 37.5
12.5 38.5
12.5 39.5
12.5 40.5
12.5 41.5
12.5 42.5
12.5 47.5
12.5 48.5
12.5 49.5
12.5 50.5
13.5 8.5
13.5 9.5
13.5 10.5
13.5 11.5
13.5 12.5
13.5 13.5
13.5 14.5
13.5 34.5
13.5 35.5
13.5 36.5
13.5 37.5
13.5 38.5
13.5 39.5
13.5 49.5
13.5 50.5
13.5 51.5
13.5 52.5
14.5 12.5
14.5 13.5
14.5 14.5
14.5 15.5
14.5 16.5
14.5 31.5
14.5 32.5
14.5 33.5
14.5 34.5
14.5 35.5
14.5 36.5
14.5 51.5
14.5 52.5
14.5 53.5
14.5 54.5
15.5 54.5
15.5 55.5
15.5 56.5
16.5 57.5
19.5 9.5
19.5 35.5
19.5 36.5
19.5 37.5
19.5 52.5
19.5 53.5
20.5 9.5
20.5 10.5
20.5 11.5
20.5 12.5
20.5 33.5
20.5 34.5
20.5 35.5
20.5 36.5
20.5 53.5
20.5 54.5
20.5 55.5
21.5 11.5
21.5 12.5
21.5 13.5
21.5 14.5
21.5 15.5
21.5 31.5
21.5 32.5
21.5 33.5
21.5 34.5
21.5 54.5
21.5 55.5
21.5 56.5
22.5 13.5
22.5 14.5
22.5 15.5
22.5 16.5
22.5 17.5
22.5 18.5
22.5 29.5
22.5 30.5
22.5 31.5
22.5 32.5
22.5 55.5
22.5 56.5
22.5 57.5
22.5 58.5
23.5 15.5
23.5 16.5
23.5 17.5
23.5 18.5
23.5 19.5
23.5 20.5
23.5 27.5
23.5 28.5
23.5 29.5
23.5 30.5
23.5 57.5
23.5 58.5
23.5 59.5
23.5 60.5
24.5 18.5
24.5 19.5
24.5 20.5
24.5 21.5
24.5 25.5
24.5 26.5
24.5 27.5
24.5 28.5
24.5 44.5
24.5 45.5
24.5 59.5
24.5 60.5
24.5 61.5
25.5 5.5
25.5 21.5
25.5 22.5
25.5 23.5
25.5 24.5
25.5 25.5
25.5 26.5
25.5 42.5
25.5 43.5
25.5 46.5
25.5 47.5
25.5 61.5
25.5 62.5
25.5 68.5
26.5 5.5
26.5 6.5
26.5 7.5
26.5 39.5
26.5 40.5
26.5 41.5
26.5 42.5
26.5 47.5
26.5 48.5
26.5 49.5
26.5 63.5
27.5 6.5
27.5 7.5
27.5 8.5
27.5 9.5
27.5 37.5
27.5 38.5
27.5 39.5
27.5 40.5
27.5 49.5
27.5 50.5
27.5 51.5
28.5 8.5
28.5 9.5
28.5 10.5
28.5 35.5
28.5 36.5
28.5 37.5
28.5 38.5
28.5 50.5
28.5 51.5
28.5 52.5
28.5 53.5
29.5 10.5
29.5 11.5
29.5 12.5
29.5 33.5
29.5 34.5
29.5 35.5
29.5 36.5
29.5 52.5
29.5 53.5
29.5 54.5
30.5 12.5
30.5 13.5
30.5 14.5
30.5 32.5
30.5 33.5
30.5 34.5
30.5 54.5
30.5 55.5
30.5 56.5
31.5 14.5
31.5 15.5
31.5 30.5
31.5 31.5
31.5 56.5
31.5 57.5
32.5 16.5
34.5 10.5
34.5 11.5
34.5 30.5
34.5 51.5
34.5 52.5
35.5 11.5
35.5 12.5
35.5 13.5
35.5 31.5
35.5 32.5
35.5 33.5
35.5 53.5
35.5 54.5
35.5 55.5
36.5 13.5
36.5 14.5
36.5 15.5
36.5 33.5
36.5 34.5
36.5 35.5
36.5 36.5
36.5 54.5
36.5 55.5
36.5 56.5
36.5 57.5
37.5 14.5
37.5 15.5
37.5 16.5
37.5 17.5
37.5 34.5
37.5 35.5
37.5 36.5
37.5 37.5
37.5 38.5
37.5 56.5
37.5 57.5
37.5 58.5
38.5 16.5
38.5 17.5
38.5 18.5
38.5 19.5
38.5 36.5
38.5 37.5
38.5 38.5
38.5 39.5
38.5 40.5
38.5 58.5
38.5 59.5
38.5 60.5
39.5 18.5
39.5 19.5
39.5 20.5
39.5 24.5
39.5 25.5
39.5 39.5
39.5 40.5
39.5 41.5
39.5 42.5
39.5 44.5
39.5 45.5
39.5 46.5
39.5 60.5
39.5 61.5
39.5 62.5
40.5 5.5
40.5 20.5
40.5 21.5
40.5 22.5
40.5 25.5
40.5 26.5
40.5 27.5
40.5 41.5
40.5 42.5
40.5 43.5
40.5 45.5
40.5 46.5
40.5 47.5
40.5 48.5
40.5 62.5
40.5 63.5
40.5 68.5
41.5 5.5
41.5 6.5
41.5 7.5
41.5 8.5
41.5 22.5
41.5 23.5
41.5 26.5
41.5 27.5
41.5 28.5
41.5 29.5
41.5 47.5
41.5 48.5
41.5 49.5
41.5 50.5
42.5 7.5
42.5 8.5
42.5 9.5
42.5 10.5
42.5 28.5
42.5 29.5
42.5 30.5
42.5 49.5
42.5 50.5
42.5 51.5
42.5 52.5
43.5 9.5
43.5 10.5
43.5 11.5
43.5 12.5
43.5 30.5
43.5 31.5
43.5 32.5
43.5 51.5
43.5 52.5
43.5 53.5
43.5 54.5
44.5 11.5
44.5 12.5
44.5 13.5
44.5 14.5
44.5 32.5
44.5 33.5
44.5 34.5
44.5 53.5
44.5 54.5
44.5 55.5
45.5 13.5
45.5 14.5
45.5 15.5
45.5 34.5
45.5 35.5
45.5 56.5
46.5 16.5
46.5 36.5
48.5 36.5
48.5 55.5
48.5 56.5
49.5 16.5
49.5 34.5
49.5 35.5
49.5 54.5
49.5 55.5
50.5 13.5
50.5 14.5
50.5 15.5
50.5 32.5
50.5 33.5
50.5 34.5
50.5 52.5
50.5 53.5
50.5 54.5
51.5 11.5
51.5 12.5
51.5 13.5
51.5 30.5
51.5 31.5
51.5 32.5
51.5 50.5
51.5 51.5
51.5 52.5
51.5 53.5
52.5 9.5
52.5 10.5
52.5 11.5
52.5 29.5
52.5 30.5
52.5 31.5
52.5 49.5
52.5 50.5
52.5 51.5
53.5 7.5
53.5 8.5
53.5 9.5
53.5 27.5
53.5 28.5
53.5 29.5
53.5 48.5
53.5 49.5
53.5 50.5
53.5 63.5
53.5 64.5
54.5 5.5
54.5 6.5
54.5 7.5
54.5 21.5
54.5 22.5
54.5 26.5
54.5 27.5
54.5 28.5
54.5 42.5
54.5 43.5
54.5 46.5
54.5 47.5
54.5 48.5
54.5 61.5
54.5 62.5
54.5 63.5
54.5 68.5
55.5 5.5
55.5 19.5
55.5 20.5
55.5 21.5
55.5 24.5
55.5 25.5
55.5 26.5
55.5 40.5
55.5 41.5
55.5 42.5
55.5 45.5
55.5 46.5
55.5 47.5
55.5 59.5
55.5 60.5
55.5 61.5
56.5 17.5
56.5 18.5
56.5 19.5
56.5 23.5
56.5 24.5
56.5 38.5
56.5 39.5
56.5 40.5
56.5 44.5
56.5 45.5
56.5 58.5
56.5 59.5
56.5 60.5
57.5 15.5
57.5 16.5
57.5 17.5
57.5 18.5
57.5 36.5
57.5 37.5
57.5 38.5
57.5 39.5
57.5 56.5
57.5 57.5
57.5 58.5
57.5 59.5
58.5 13.5
58.5 14.5
58.5 15.5
58.5 16.5
58.5 34.5
58.5 35.5
58.5 36.5
58.5 37.5
58.5 55.5
58.5 56.5
58.5 57.5
59.5 12.5
59.5 13.5
59.5 14.5
59.5 32.5
59.5 33.5
59.5 34.5
59.5 35.5
59.5 53.5
59.5 54.5
59.5 55.5
59.5 56.5
60.5 11.5
60.5 12.5
60.5 31.5
60.5 32.5
60.5 33.5
60.5 52.5
60.5 53.5
60.5 54.5
61.5 30.5
61.5 31.5
61.5 51.5
61.5 52.5
