3.5 31.5
3.5 32.5
3.5 43.5
3.5 44.5
3.5 45.5
4.5 21.5
4.5 22.5
4.5 23.5
4.5 30.5
4.5 31.5
4.5 32.5
4.5 41.5
4.5 42.5
4.5 43.5
4.5 44.5
4.5 45.5
4.5 55.5
4.5 56.5
4.5 57.5
4.5 58.5
5.5 8.5
5.5 9.5
5.5 10.5
5.5 21.5
5.5 22.5
5.5 23.5
5.5 24.5
5.5 29.5
5.5 30.5
5.5 31.5
5.5 32.5
5.5 41.5
5.5 42.5
5.5 43.5
5.5 44.5
5.5 55.5
5.5 56.5
5.5 57.5
5.5 58.5
6.5 8.5
6.5 9.5
6.5 10.5
6.5 11.5
6.5 21.5
6.5 22.5
6.5 23.5
6.5 24.5
6.5 25.5
6.5 29.5
6.5 30.5
6.5 40.5
6.5 41.5
6.5 42.5
6.5 43.5
6.5 54.5
6.5 55.5
6.5 56.5
6.5 57.5
7.5 9.5
7.5 10.5
7.5 11.5
7.5 12.5
7.5 23.5
7.5 24.5
7.5 34.5
7.5 35.5
7.5 36.5
7.5 47.5
7.5 48.5
7.5 49.5
7.5 50.5
7.5 55.5
7.5 56.5
8.5 5.5
8.5 6.5
8.5 16.5
8.5 17.5
8.5 18.5
8.5 19.5
8.5 33.5
8.5 34.5
8.5 35.5
8.5 36.5
8.5 46.5
8.5 47.5
8.5 48.5
8.5 49.5
8.5 60.5
8.5 61.5
8.5 62.5
9.5 5.5
9.5 6.5
9.5 7.5
9.5 17.5
9.5 18.5
9.5 19.5
9.5 20.5
9.5 33.5
9.5 34.5
9.5 35.5
9.5 45.5
9.5 46.5
9.5 47.5
9.5 48.5
9.5 49.5
9.5 59.5
9.5 60.5
9.5 61.5
9.5 62.5
10.5 7.5
10.5 19.5
10.5 20.5
10.5 45.5
10.5 46.5
10.5 47.5
10.5 48.5
10.5 58.5
10.5 59.5
10.5 60.5
10.5 61.5
11.5 58.5
11.5 59.5
11.5 60.5
13.5 6.5
13.5 7.5
13.5 18.5
13.5 19.5
13.5 20.5
14.5 5.5
14.5 6.5
14.5 7.5
14.5 8.5
14.5 17.5
14.5 18.5
14.5 19.5
14.5 20.5
14.5 30.5
14.5 31.5
14.5 32.5
14.5 45.5
14.5 46.5
14.5 47.5
15.5 5.5
15.5 6.5
15.5 7.5
15.5 8.5
15.5 17.5
15.5 18.5
15.5 19.5
15.5 30.5
15.5 31.5
15.5 32.5
15.5 45.5
15.5 46.5
15.5 47.5
15.5 48.5
15.5 56.5
15.5 57.5
16.5 5.5
16.5 6.5
16.5 7.5
16.5 11.5
16.5 12.5
16.5 23.5
16.5 24.5
16.5 29.5
16.5 30.5
16.5 31.5
16.5 32.5
16.5 46.5
16.5 47.5
16.5 48.5
16.5 49.5
16.5 54.5
16.5 55.5
16.5 56.5
16.5 57.5
17.5 10.5
17.5 11.5
17.5 12.5
17.5 22.5
17.5 23.5
17.5 24.5
17.5 25.5
17.5 29.5
17.5 30.5
17.5 31.5
17.5 47.5
17.5 48.5
17.5 49.5
17.5 54.5
17.5 55.5
17.5 56.5
17.5 57.5
18.5 9.5
18.5 10.5
18.5 11.5
18.5 12.5
18.5 21.5
18.5 22.5
18.5 23.5
18.5 24.5
18.5 25.5
18.5 34.5
18.5 35.5
18.5 36.5
18.5 40.5
18.5 41.5
18.5 42.5
18.5 43.5
18.5 54.5
18.5 55.5
18.5 61.5
19.5 9.5
19.5 10.5
19.5 22.5
19.5 23.5
19.5 24.5
19.5 33.5
19.5 34.5
19.5 35.5
19.5 36.5
19.5 41.5
19.5 42.5
19.5 43.5
19.5 44.5
19.5 59.5
19.5 60.5
19.5 61.5
19.5 62.5
20.5 33.5
20.5 34.5
20.5 35.5
20.5 41.5
20.5 42.5
20.5 43.5
20.5 44.5
20.5 45.5
20.5 58.5
20.5 59.5
20.5 60.5
20.5 61.5
21.5 33.5
21.5 34.5
21.5 43.5
21.5 44.5
21.5 58.5
21.5 59.5
23.5 10.5
23.5 11.5
23.5 12.5
23.5 21.5
23.5 22.5
24.5 10.5
24.5 11.5
24.5 12.5
24.5 13.5
24.5 21.5
24.5 22.5
24.5 23.5
24.5 58.5
24.5 59.5
24.5 60.5
25.5 10.5
25.5 11.5
25.5 12.5
25.5 13.5
25.5 22.5
25.5 23.5
25.5 24.5
25.5 29.5
25.5 30.5
25.5 31.5
25.5 32.5
25.5 42.5
25.5 43.5
25.5 44.5
25.5 45.5
25.5 58.5
25.5 59.5
25.5 60.5
25.5 61.5
26.5 10.5
26.5 11.5
26.5 12.5
26.5 13.5
26.5 17.5
26.5 18.5
26.5 19.5
26.5 23.5
26.5 24.5
26.5 28.5
26.5 29.5
26.5 30.5
26.5 31.5
26.5 41.5
26.5 42.5
26.5 43.5
26.5 44.5
26.5 45.5
26.5 58.5
26.5 59.5
26.5 60.5
26.5 61.5
27.5 12.5
27.5 17.5
27.5 18.5
27.5 19.5
27.5 28.5
27.5 29.5
27.5 35.5
27.5 36.5
27.5 42.5
27.5 43.5
27.5 44.5
27.5 49.5
27.5 55.5
28.5 7.5
28.5 8.5
28.5 17.5
28.5 18.5
28.5 19.5
28.5 20.5
28.5 33.5
28.5 34.5
28.5 35.5
28.5 36.5
28.5 37.5
28.5 47.5
28.5 48.5
28.5 49.5
28.5 50.5
28.5 55.5
28.5 56.5
28.5 57.5
29.5 7.5
29.5 8.5
29.5 9.5
29.5 18.5
29.5 19.5
29.5 20.5
29.5 32.5
29.5 33.5
29.5 34.5
29.5 35.5
29.5 36.5
29.5 47.5
29.5 48.5
29.5 49.5
29.5 50.5
29.5 55.5
29.5 56.5
29.5 57.5
30.5 7.5
30.5 8.5
30.5 9.5
30.5 10.5
30.5 19.5
30.5 33.5
30.5 34.5
30.5 47.5
30.5 48.5
31.5 9.5
31.5 10.5
33.5 32.5
33.5 48.5
33.5 59.5
33.5 60.5
34.5 19.5
34.5 20.5
34.5 30.5
34.5 31.5
34.5 32.5
34.5 33.5
34.5 34.5
34.5 47.5
34.5 48.5
34.5 49.5
34.5 50.5
34.5 59.5
34.5 60.5
34.5 61.5
35.5 11.5
35.5 12.5
35.5 18.5
35.5 19.5
35.5 20.5
35.5 30.5
35.5 31.5
35.5 32.5
35.5 33.5
35.5 34.5
35.5 47.5
35.5 48.5
35.5 49.5
35.5 50.5
35.5 59.5
35.5 60.5
35.5 61.5
36.5 11.5
36.5 12.5
36.5 13.5
36.5 18.5
36.5 19.5
36.5 20.5
36.5 29.5
36.5 30.5
36.5 31.5
36.5 32.5
36.5 33.5
36.5 48.5
36.5 49.5
36.5 50.5
36.5 51.5
36.5 60.5
36.5 61.5
37.5 12.5
37.5 13.5
37.5 14.5
37.5 18.5
37.5 19.5
37.5 24.5
37.5 30.5
37.5 31.5
37.5 32.5
37.5 37.5
37.5 38.5
37.5 42.5
37.5 43.5
37.5 44.5
37.5 49.5
37.5 50.5
37.5 55.5
37.5 56.5
38.5 7.5
38.5 8.5
38.5 13.5
38.5 14.5
38.5 18.5
38.5 23.5
38.5 24.5
38.5 25.5
38.5 36.5
38.5 37.5
38.5 38.5
38.5 42.5
38.5 43.5
38.5 44.5
38.5 45.5
38.5 55.5
38.5 56.5
38.5 57.5
39.5 7.5
39.5 8.5
39.5 9.5
39.5 10.5
39.5 22.5
39.5 23.5
39.5 24.5
39.5 25.5
39.5 35.5
39.5 36.5
39.5 37.5
39.5 38.5
39.5 43.5
39.5 44.5
39.5 45.5
39.5 46.5
39.5 55.5
39.5 56.5
39.5 57.5
39.5 58.5
40.5 7.5
40.5 8.5
40.5 9.5
40.5 10.5
40.5 22.5
40.5 23.5
40.5 24.5
40.5 25.5
40.5 35.5
40.5 36.5
40.5 37.5
40.5 44.5
40.5 45.5
40.5 46.5
40.5 56.5
40.5 57.5
40.5 58.5
41.5 8.5
41.5 9.5
41.5 10.5
41.5 22.5
41.5 23.5
41.5 24.5
41.5 35.5
41.5 36.5
44.5 46.5
44.5 47.5
44.5 48.5
44.5 56.5
44.5 57.5
45.5 10.5
45.5 11.5
45.5 12.5
45.5 23.5
45.5 24.5
45.5 25.5
45.5 35.5
45.5 36.5
45.5 37.5
45.5 46.5
45.5 47.5
45.5 48.5
45.5 49.5
45.5 55.5
45.5 56.5
45.5 57.5
46.5 10.5
46.5 11.5
46.5 12.5
46.5 13.5
46.5 23.5
46.5 24.5
46.5 25.5
46.5 26.5
46.5 35.5
46.5 36.5
46.5 37.5
46.5 46.5
46.5 47.5
46.5 48.5
46.5 49.5
46.5 54.5
46.5 55.5
46.5 56.5
47.5 11.5
47.5 12.5
47.5 13.5
47.5 14.5
47.5 24.5
47.5 25.5
47.5 26.5
47.5 27.5
47.5 35.5
47.5 36.5
47.5 37.5
47.5 38.5
47.5 48.5
47.5 49.5
47.5 54.5
47.5 55.5
48.5 5.5
48.5 6.5
48.5 7.5
48.5 13.5
48.5 19.5
48.5 20.5
48.5 26.5
48.5 31.5
48.5 32.5
48.5 36.5
48.5 37.5
48.5 42.5
48.5 43.5
48.5 44.5
48.5 59.5
48.5 60.5
48.5 61.5
49.5 5.5
49.5 6.5
49.5 7.5
49.5 8.5
49.5 18.5
49.5 19.5
49.5 20.5
49.5 21.5
49.5 22.5
49.5 31.5
49.5 32.5
49.5 33.5
49.5 42.5
49.5 43.5
49.5 44.5
49.5 45.5
49.5 58.5
49.5 59.5
49.5 60.5
49.5 61.5
49.5 62.5
50.5 5.5
50.5 6.5
50.5 7.5
50.5 8.5
50.5 9.5
50.5 19.5
50.5 20.5
50.5 21.5
50.5 22.5
50.5 32.5
50.5 33.5
50.5 34.5
50.5 42.5
50.5 43.5
50.5 44.5
50.5 45.5
50.5 58.5
50.5 59.5
50.5 60.5
50.5 61.5
51.5 6.5
51.5 7.5
51.5 8.5
51.5 20.5
51.5 21.5
51.5 22.5
51.5 33.5
51.5 34.5
51.5 44.5
51.5 58.5
51.5 59.5
51.5 60.5
55.5 6.5
55.5 7.5
55.5 8.5
55.5 9.5
55.5 22.5
55.5 23.5
55.5 24.5
55.5 25.5
55.5 34.5
55.5 35.5
55.5 36.5
55.5 45.5
55.5 46.5
55.5 47.5
55.5 58.5
55.5 59.5
55.5 60.5
56.5 5.5
56.5 6.5
56.5 7.5
56.5 8.5
56.5 9.5
56.5 22.5
56.5 23.5
56.5 24.5
56.5 25.5
56.5 26.5
56.5 35.5
56.5 36.5
56.5 37.5
56.5 45.5
56.5 46.5
56.5 47.5
56.5 48.5
56.5 58.5
56.5 59.5
56.5 60.5
56.5 61.5
56.5 62.5
57.5 5.5
57.5 6.5
57.5 7.5
57.5 8.5
57.5 22.5
57.5 23.5
57.5 24.5
57.5 25.5
57.5 26.5
57.5 36.5
57.5 37.5
57.5 45.5
57.5 46.5
57.5 47.5
57.5 48.5
57.5 60.5
57.5 61.5
57.5 62.5
58.5 6.5
58.5 7.5
58.5 12.5
58.5 13.5
58.5 23.5
58.5 24.5
58.5 25.5
58.5 26.5
58.5 30.5
58.5 31.5
58.5 32.5
58.5 41.5
58.5 46.5
58.5 47.5
58.5 48.5
58.5 53.5
58.5 54.5
58.5 55.5
58.5 56.5
59.5 11.5
59.5 12.5
59.5 13.5
59.5 17.5
59.5 18.5
59.5 19.5
59.5 20.5
59.5 30.5
59.5 31.5
59.5 32.5
59.5 33.5
59.5 41.5
59.5 42.5
59.5 43.5
59.5 53.5
59.5 54.5
59.5 55.5
59.5 56.5
59.5 57.5
60.5 10.5
60.5 11.5
60.5 12.5
60.5 13.5
60.5 18.5
60.5 19.5
60.5 20.5
60.5 21.5
60.5 30.5
60.5 31.5
60.5 32.5
60.5 33.5
60.5 42.5
60.5 43.5
60.5 44.5
60.5 53.5
60.5 54.5
60.5 55.5
60.5 56.5
60.5 57.5
61.5 10.5
61.5 11.5
61.5 12.5
61.5 18.5
61.5 19.5
61.5 20.5
61.5 21.5
61.5 31.5
61.5 32.5
61.5 33.5
61.5 43.5
61.5 44.5
61.5 54.5
61.5 55.5
61.5 56.5
61.5 57.5
62.5 20.5
62.5 21.5
