4.5 8.5
4.5 20.5
4.5 32.5
4.5 45.5
4.5 58.5
5.5 8.5
5.5 20.5
5.5 32.5
5.5 45.5
5.5 46.5
5.5 57.5
6.5 9.5
6.5 19.5
6.5 32.5
6.5 46.5
6.5 57.5
7.5 9.5
7.5 10.5
7.5 19.5
7.5 31.5
7.5 32.5
7.5 46.5
7.5 47.5
7.5 56.5
7.5 57.5
8.5 10.5
8.5 18.5
8.5 19.5
8.5 31.5
8.5 47.5
8.5 56.5
9.5 10.5
9.5 11.5
9.5 18.5
9.5 31.5
9.5 48.5
9.5 55.5
9.5 56.5
10.5 11.5
10.5 18.5
10.5 30.5
10.5 31.5
10.5 37.5
10.5 48.5
10.5 49.5
10.5 55.5
11.5 11.5
11.5 17.5
11.5 18.5
11.5 24.5
11.5 30.5
11.5 37.5
11.5 42.5
11.5 49.5
11.5 54.5
11.5 55.5
11.5 62.5
12.5 5.5
12.5 12.5
12.5 17.5
12.5 24.5
12.5 30.5
12.5 36.5
12.5 42.5
12.5 54.5
12.5 62.5
13.5 5.5
13.5 12.5
13.5 17.5
13.5 23.5
13.5 24.5
13.5 30.5
13.5 36.5
13.5 42.5
13.5 43.5
13.5 50.5
13.5 61.5
13.5 62.5
14.5 5.5
14.5 6.5
14.5 23.5
14.5 29.5
14.5 36.5
14.5 43.5
14.5 61.5
15.5 5.5
15.5 6.5
15.5 23.5
15.5 35.5
15.5 36.5
15.5 43.5
15.5 44.5
15.5 60.5
15.5 61.5
16.5 6.5
16.5 22.5
16.5 23.5
16.5 35.5
16.5 43.5
16.5 44.5
16.5 60.5
17.5 6.5
17.5 7.5
17.5 22.5
17.5 23.5
17.5 35.5
17.5 44.5
17.5 60.5
18.5 7.5
18.5 22.5
18.5 34.5
18.5 35.5
18.5 44.5
18.5 45.5
18.5 59.5
18.5 60.5
19.5 7.5
19.5 22.5
19.5 34.5
19.5 45.5
19.5 59.5
20.5 8.5
20.5 34.5
20.5 45.5
21.5 8.5
23.5 46.5
23.5 58.5
24.5 8.5
24.5 21.5
24.5 46.5
24.5 58.5
25.5 8.5
25.5 9.5
25.5 21.5
25.5 33.5
25.5 46.5
25.5 47.5
25.5 57.5
25.5 58.5
26.5 9.5
26.5 20.5
26.5 21.5
26.5 32.5
26.5 47.5
26.5 57.5
27.5 9.5
27.5 10.5
27.5 20.5
27.5 32.5
27.5 47.5
27.5 48.5
27.5 57.5
28.5 10.5
28.5 19.5
28.5 20.5
28.5 31.5
28.5 32.5
28.5 48.5
28.5 56.5
28.5 57.5
29.5 10.5
29.5 11.5
29.5 19.5
29.5 20.5
29.5 31.5
29.5 48.5
29.5 49.5
29.5 56.5
30.5 11.5
30.5 12.5
30.5 19.5
30.5 31.5
30.5 49.5
30.5 56.5
30.5 63.5
31.5 11.5
31.5 12.5
31.5 19.5
31.5 25.5
31.5 30.5
31.5 31.5
31.5 37.5
31.5 41.5
31.5 49.5
31.5 50.5
31.5 55.5
31.5 62.5
31.5 63.5
32.5 12.5
32.5 18.5
32.5 19.5
32.5 25.5
32.5 30.5
32.5 37.5
32.5 42.5
32.5 50.5
32.5 55.5
32.5 62.5
33.5 5.5
33.5 13.5
33.5 18.5
33.5 24.5
33.5 25.5
33.5 30.5
33.5 36.5
33.5 42.5
33.5 62.5
34.5 5.5
34.5 6.5
34.5 13.5
34.5 18.5
34.5 24.5
34.5 29.5
34.5 36.5
34.5 42.5
34.5 43.5
34.5 61.5
34.5 62.5
35.5 5.5
35.5 6.5
35.5 24.5
35.5 35.5
35.5 36.5
35.5 43.5
35.5 44.5
35.5 61.5
35.5 62.5
36.5 6.5
36.5 7.5
36.5 23.5
36.5 35.5
36.5 43.5
36.5 44.5
36.5 61.5
37.5 7.5
37.5 23.5
37.5 34.5
37.5 35.5
37.5 44.5
37.5 45.5
37.5 60.5
37.5 61.5
38.5 7.5
38.5 8.5
38.5 22.5
38.5 23.5
38.5 34.5
38.5 44.5
38.5 45.5
38.5 60.5
38.5 61.5
39.5 8.5
39.5 22.5
39.5 34.5
39.5 45.5
39.5 60.5
40.5 9.5
40.5 22.5
40.5 33.5
40.5 46.5
40.5 60.5
41.5 9.5
41.5 33.5
43.5 46.5
44.5 9.5
44.5 21.5
44.5 46.5
44.5 59.5
45.5 9.5
45.5 10.5
45.5 21.5
45.5 33.5
45.5 46.5
45.5 47.5
45.5 58.5
45.5 59.5
46.5 10.5
46.5 21.5
46.5 33.5
46.5 34.5
46.5 47.5
46.5 58.5
47.5 10.5
47.5 11.5
47.5 20.5
47.5 34.5
47.5 47.5
47.5 57.5
47.5 58.5
48.5 11.5
48.5 20.5
48.5 34.5
48.5 35.5
48.5 47.5
48.5 48.5
48.5 57.5
48.5 58.5
49.5 11.5
49.5 12.5
49.5 20.5
49.5 34.5
49.5 35.5
49.5 47.5
49.5 48.5
49.5 56.5
49.5 57.5
50.5 12.5
50.5 19.5
50.5 35.5
50.5 48.5
50.5 56.5
50.5 57.5
51.5 12.5
51.5 13.5
51.5 19.5
51.5 25.5
51.5 29.5
51.5 35.5
51.5 36.5
51.5 48.5
51.5 49.5
51.5 56.5
52.5 5.5
52.5 13.5
52.5 19.5
52.5 25.5
52.5 30.5
52.5 36.5
52.5 41.5
52.5 48.5
52.5 49.5
52.5 55.5
52.5 56.5
53.5 5.5
53.5 6.5
53.5 13.5
53.5 14.5
53.5 24.5
53.5 30.5
53.5 41.5
53.5 42.5
53.5 49.5
53.5 55.5
53.5 63.5
54.5 6.5
54.5 14.5
54.5 18.5
54.5 24.5
54.5 30.5
54.5 37.5
54.5 42.5
54.5 49.5
54.5 55.5
54.5 62.5
54.5 63.5
55.5 6.5
55.5 7.5
55.5 24.5
55.5 30.5
55.5 31.5
55.5 42.5
55.5 43.5
55.5 61.5
55.5 62.5
56.5 7.5
56.5 23.5
56.5 24.5
56.5 31.5
56.5 43.5
56.5 61.5
57.5 7.5
57.5 8.5
57.5 23.5
57.5 31.5
57.5 32.5
57.5 43.5
57.5 44.5
57.5 60.5
57.5 61.5
58.5 8.5
58.5 23.5
58.5 32.5
58.5 44.5
58.5 60.5
59.5 8.5
59.5 9.5
59.5 23.5
59.5 32.5
59.5 44.5
59.5 45.5
59.5 59.5
59.5 60.5
60.5 9.5
60.5 23.5
60.5 45.5
60.5 59.5
61.5 9.5
61.5 22.5
61.5 33.5
61.5 58.5
62.5 58.5
