3.5 9.5
3.5 33.5
3.5 46.5
3.5 58.5
4.5 8.5
4.5 9.5
4.5 45.5
5.5 7.5
5.5 8.5
5.5 21.5
5.5 34.5
5.5 44.5
5.5 45.5
5.5 57.5
6.5 7.5
6.5 20.5
6.5 35.5
6.5 44.5
6.5 57.5
7.5 6.5
7.5 20.5
7.5 35.5
7.5 43.5
7.5 44.5
7.5 56.5
8.5 5.5
8.5 19.5
8.5 36.5
8.5 43.5
8.5 56.5
9.5 14.5
9.5 19.5
9.5 25.5
9.5 36.5
9.5 42.5
9.5 51.5
10.5 13.5
10.5 29.5
10.5 37.5
10.5 50.5
10.5 55.5
10.5 61.5
11.5 12.5
11.5 24.5
11.5 30.5
11.5 49.5
11.5 61.5
12.5 11.5
12.5 12.5
12.5 31.5
12.5 49.5
12.5 60.5
13.5 11.5
13.5 23.5
13.5 32.5
13.5 48.5
13.5 60.5
14.5 10.5
14.5 33.5
14.5 47.5
15.5 22.5
15.5 47.5
15.5 59.5
16.5 46.5
16.5 59.5
18.5 10.5
19.5 10.5
19.5 21.5
19.5 33.5
19.5 46.5
20.5 11.5
20.5 20.5
20.5 34.5
20.5 46.5
20.5 58.5
21.5 11.5
21.5 19.5
21.5 35.5
21.5 47.5
21.5 57.5
22.5 5.5
22.5 12.5
22.5 18.5
22.5 36.5
22.5 47.5
22.5 48.5
22.5 56.5
22.5 57.5
23.5 5.5
23.5 12.5
23.5 36.5
23.5 37.5
23.5 48.5
23.5 56.5
24.5 5.5
24.5 25.5
24.5 37.5
24.5 42.5
24.5 49.5
24.5 55.5
25.5 6.5
25.5 24.5
25.5 30.5
25.5 38.5
25.5 42.5
25.5 49.5
25.5 54.5
26.5 6.5
26.5 23.5
26.5 24.5
26.5 31.5
26.5 43.5
26.5 53.5
26.5 62.5
27.5 6.5
27.5 23.5
27.5 31.5
27.5 43.5
27.5 61.5
28.5 6.5
28.5 22.5
28.5 32.5
28.5 44.5
28.5 59.5
28.5 60.5
29.5 7.5
29.5 21.5
29.5 22.5
29.5 32.5
29.5 58.5
29.5 59.5
30.5 7.5
30.5 21.5
30.5 33.5
30.5 45.5
30.5 57.5
31.5 20.5
33.5 45.5
34.5 7.5
34.5 20.5
34.5 34.5
34.5 57.5
35.5 6.5
35.5 20.5
35.5 34.5
35.5 44.5
35.5 58.5
36.5 6.5
36.5 20.5
36.5 35.5
36.5 58.5
36.5 59.5
37.5 5.5
37.5 19.5
37.5 20.5
37.5 35.5
37.5 43.5
37.5 59.5
38.5 5.5
38.5 19.5
38.5 36.5
38.5 59.5
38.5 60.5
39.5 12.5
39.5 19.5
39.5 36.5
39.5 42.5
39.5 49.5
39.5 60.5
40.5 12.5
40.5 19.5
40.5 27.5
40.5 30.5
40.5 37.5
40.5 48.5
40.5 53.5
40.5 61.5
41.5 11.5
41.5 26.5
41.5 31.5
41.5 37.5
41.5 41.5
41.5 48.5
41.5 54.5
42.5 11.5
42.5 25.5
42.5 47.5
42.5 48.5
42.5 54.5
43.5 10.5
43.5 24.5
43.5 32.5
43.5 47.5
43.5 55.5
44.5 10.5
44.5 24.5
44.5 33.5
44.5 46.5
44.5 47.5
44.5 55.5
45.5 23.5
45.5 34.5
45.5 46.5
46.5 9.5
46.5 56.5
48.5 23.5
48.5 34.5
50.5 10.5
50.5 24.5
50.5 33.5
50.5 46.5
51.5 10.5
51.5 25.5
51.5 33.5
51.5 45.5
51.5 56.5
52.5 10.5
52.5 11.5
52.5 25.5
52.5 44.5
52.5 45.5
53.5 11.5
53.5 26.5
53.5 32.5
53.5 44.5
53.5 55.5
54.5 11.5
54.5 26.5
54.5 32.5
54.5 38.5
54.5 43.5
54.5 44.5
54.5 55.5
54.5 60.5
55.5 11.5
55.5 12.5
55.5 18.5
55.5 27.5
55.5 38.5
55.5 43.5
55.5 50.5
55.5 60.5
56.5 5.5
56.5 12.5
56.5 18.5
56.5 19.5
56.5 31.5
56.5 37.5
56.5 50.5
56.5 54.5
56.5 60.5
57.5 12.5
57.5 19.5
57.5 20.5
57.5 37.5
57.5 49.5
57.5 60.5
58.5 6.5
58.5 20.5
58.5 36.5
58.5 49.5
58.5 59.5
59.5 20.5
59.5 21.5
59.5 36.5
59.5 48.5
59.5 59.5
60.5 7.5
60.5 21.5
60.5 35.5
60.5 59.5
61.5 22.5
61.5 35.5
61.5 47.5
61.5 59.5
62.5 8.5
