4.5 7.5
4.5 8.5
4.5 9.5
4.5 19.5
4.5 20.5
4.5 21.5
4.5 44.5
4.5 56.5
4.5 57.5
5.5 6.5
5.5 7.5
5.5 8.5
5.5 18.5
5.5 19.5
5.5 20.5
5.5 21.5
5.5 31.5
5.5 32.5
5.5 42.5
5.5 43.5
5.5 44.5
5.5 55.5
5.5 56.5
5.5 57.5
5.5 58.5
6.5 6.5
6.5 7.5
6.5 8.5
6.5 18.5
6.5 19.5
6.5 20.5
6.5 21.5
6.5 30.5
6.5 31.5
6.5 32.5
6.5 41.5
6.5 42.5
6.5 43.5
6.5 54.5
6.5 55.5
6.5 56.5
6.5 57.5
6.5 58.5
7.5 6.5
7.5 7.5
7.5 17.5
7.5 18.5
7.5 19.5
7.5 20.5
7.5 30.5
7.5 31.5
7.5 32.5
7.5 40.5
7.5 41.5
7.5 42.5
7.5 54.5
7.5 55.5
7.5 56.5
7.5 57.5
8.5 6.5
8.5 11.5
8.5 12.5
8.5 13.5
8.5 18.5
8.5 19.5
8.5 29.5
8.5 30.5
8.5 31.5
8.5 32.5
8.5 41.5
8.5 47.5
8.5 48.5
8.5 49.5
8.5 55.5
8.5 56.5
8.5 61.5
8.5 62.5
9.5 11.5
9.5 12.5
9.5 13.5
9.5 24.5
9.5 25.5
9.5 29.5
9.5 30.5
9.5 31.5
9.5 36.5
9.5 46.5
9.5 47.5
9.5 48.5
9.5 49.5
9.5 50.5
9.5 60.5
9.5 61.5
9.5 62.5
10.5 10.5
10.5 11.5
10.5 12.5
10.5 13.5
10.5 23.5
10.5 24.5
10.5 25.5
10.5 34.5
10.5 35.5
10.5 36.5
10.5 45.5
10.5 46.5
10.5 47.5
10.5 48.5
10.5 49.5
10.5 59.5
10.5 60.5
10.5 61.5
11.5 10.5
11.5 11.5
11.5 12.5
11.5 22.5
11.5 23.5
11.5 24.5
11.5 25.5
11.5 33.5
11.5 34.5
11.5 35.5
11.5 45.5
11.5 46.5
11.5 47.5
11.5 48.5
11.5 59.5
11.5 60.5
12.5 10.5
12.5 11.5
12.5 22.5
12.5 23.5
12.5 24.5
12.5 33.5
12.5 34.5
13.5 22.5
16.5 9.5
16.5 34.5
16.5 46.5
16.5 47.5
16.5 48.5
16.5 59.5
16.5 60.5
16.5 61.5
17.5 7.5
17.5 8.5
17.5 9.5
17.5 21.5
17.5 34.5
17.5 35.5
17.5 36.5
17.5 46.5
17.5 47.5
17.5 48.5
17.5 49.5
17.5 60.5
17.5 61.5
17.5 62.5
18.5 6.5
18.5 7.5
18.5 8.5
18.5 9.5
18.5 19.5
18.5 20.5
18.5 21.5
18.5 34.5
18.5 35.5
18.5 36.5
18.5 37.5
18.5 46.5
18.5 47.5
18.5 48.5
18.5 49.5
18.5 50.5
18.5 60.5
18.5 61.5
18.5 62.5
19.5 5.5
19.5 6.5
19.5 7.5
19.5 19.5
19.5 20.5
19.5 21.5
19.5 35.5
19.5 36.5
19.5 37.5
19.5 47.5
19.5 48.5
19.5 49.5
19.5 50.5
19.5 61.5
19.5 62.5
19.5 63.5
20.5 18.5
20.5 19.5
20.5 20.5
20.5 21.5
20.5 35.5
20.5 36.5
20.5 37.5
20.5 42.5
20.5 48.5
20.5 49.5
20.5 50.5
20.5 62.5
20.5 63.5
21.5 11.5
21.5 12.5
21.5 13.5
21.5 18.5
21.5 19.5
21.5 20.5
21.5 42.5
21.5 43.5
21.5 55.5
21.5 56.5
21.5 57.5
21.5 58.5
22.5 10.5
22.5 11.5
22.5 12.5
22.5 13.5
22.5 18.5
22.5 19.5
22.5 25.5
22.5 30.5
22.5 31.5
22.5 32.5
22.5 42.5
22.5 43.5
22.5 44.5
22.5 55.5
22.5 56.5
22.5 57.5
22.5 58.5
22.5 59.5
23.5 9.5
23.5 10.5
23.5 11.5
23.5 12.5
23.5 13.5
23.5 23.5
23.5 24.5
23.5 25.5
23.5 30.5
23.5 31.5
23.5 32.5
23.5 33.5
23.5 43.5
23.5 44.5
23.5 45.5
23.5 55.5
23.5 56.5
23.5 57.5
23.5 58.5
23.5 59.5
24.5 9.5
24.5 10.5
24.5 11.5
24.5 12.5
24.5 23.5
24.5 24.5
24.5 25.5
24.5 31.5
24.5 32.5
24.5 33.5
24.5 34.5
24.5 44.5
24.5 45.5
24.5 56.5
24.5 57.5
24.5 58.5
24.5 59.5
25.5 9.5
25.5 10.5
25.5 11.5
25.5 22.5
25.5 23.5
25.5 24.5
25.5 25.5
25.5 31.5
25.5 32.5
25.5 33.5
25.5 34.5
25.5 45.5
26.5 22.5
26.5 23.5
26.5 24.5
26.5 33.5
27.5 22.5
27.5 23.5
29.5 6.5
29.5 7.5
29.5 8.5
29.5 46.5
29.5 47.5
29.5 58.5
29.5 59.5
29.5 60.5
29.5 61.5
30.5 5.5
30.5 6.5
30.5 7.5
30.5 8.5
30.5 9.5
30.5 34.5
30.5 35.5
30.5 36.5
30.5 37.5
30.5 46.5
30.5 47.5
30.5 48.5
30.5 58.5
30.5 59.5
30.5 60.5
30.5 61.5
30.5 62.5
31.5 5.5
31.5 6.5
31.5 7.5
31.5 8.5
31.5 9.5
31.5 20.5
31.5 21.5
31.5 22.5
31.5 34.5
31.5 35.5
31.5 36.5
31.5 37.5
31.5 47.5
31.5 48.5
31.5 49.5
31.5 59.5
31.5 60.5
31.5 61.5
31.5 62.5
31.5 63.5
32.5 5.5
32.5 6.5
32.5 7.5
32.5 8.5
32.5 18.5
32.5 19.5
32.5 20.5
32.5 21.5
32.5 41.5
32.5 42.5
32.5 43.5
32.5 48.5
32.5 49.5
32.5 61.5
32.5 62.5
33.5 18.5
33.5 19.5
33.5 30.5
33.5 31.5
33.5 41.5
33.5 42.5
33.5 43.5
33.5 44.5
33.5 53.5
33.5 54.5
33.5 55.5
33.5 56.5
34.5 11.5
34.5 12.5
34.5 13.5
34.5 23.5
34.5 24.5
34.5 25.5
34.5 29.5
34.5 30.5
34.5 31.5
34.5 32.5
34.5 42.5
34.5 43.5
34.5 44.5
34.5 45.5
34.5 54.5
34.5 55.5
34.5 56.5
34.5 57.5
35.5 10.5
35.5 11.5
35.5 12.5
35.5 13.5
35.5 22.5
35.5 23.5
35.5 24.5
35.5 25.5
35.5 30.5
35.5 31.5
35.5 32.5
35.5 44.5
35.5 45.5
35.5 55.5
35.5 56.5
35.5 57.5
36.5 10.5
36.5 11.5
36.5 22.5
36.5 23.5
36.5 24.5
36.5 57.5
39.5 33.5
39.5 34.5
39.5 43.5
39.5 44.5
40.5 10.5
40.5 11.5
40.5 12.5
40.5 20.5
40.5 21.5
40.5 33.5
40.5 34.5
40.5 35.5
40.5 42.5
40.5 43.5
40.5 44.5
40.5 58.5
40.5 59.5
40.5 60.5
41.5 10.5
41.5 11.5
41.5 12.5
41.5 13.5
41.5 19.5
41.5 20.5
41.5 21.5
41.5 33.5
41.5 34.5
41.5 35.5
41.5 41.5
41.5 42.5
41.5 43.5
41.5 44.5
41.5 58.5
41.5 59.5
41.5 60.5
41.5 61.5
42.5 11.5
42.5 12.5
42.5 13.5
42.5 14.5
42.5 18.5
42.5 19.5
42.5 20.5
42.5 21.5
42.5 33.5
42.5 34.5
42.5 35.5
42.5 36.5
42.5 41.5
42.5 42.5
42.5 43.5
42.5 44.5
42.5 59.5
42.5 60.5
42.5 61.5
42.5 62.5
43.5 12.5
43.5 13.5
43.5 14.5
43.5 18.5
43.5 19.5
43.5 20.5
43.5 34.5
43.5 35.5
43.5 36.5
43.5 41.5
43.5 42.5
43.5 43.5
43.5 44.5
43.5 61.5
43.5 62.5
44.5 5.5
44.5 6.5
44.5 7.5
44.5 24.5
44.5 35.5
44.5 36.5
44.5 41.5
44.5 42.5
44.5 43.5
44.5 54.5
44.5 55.5
44.5 56.5
45.5 5.5
45.5 6.5
45.5 7.5
45.5 8.5
45.5 23.5
45.5 24.5
45.5 25.5
45.5 29.5
45.5 30.5
45.5 47.5
45.5 48.5
45.5 49.5
45.5 54.5
45.5 55.5
45.5 56.5
45.5 57.5
46.5 6.5
46.5 7.5
46.5 8.5
46.5 9.5
46.5 22.5
46.5 23.5
46.5 24.5
46.5 29.5
46.5 30.5
46.5 31.5
46.5 46.5
46.5 47.5
46.5 48.5
46.5 49.5
46.5 54.5
46.5 55.5
46.5 56.5
46.5 57.5
46.5 58.5
47.5 7.5
47.5 8.5
47.5 9.5
47.5 22.5
47.5 23.5
47.5 24.5
47.5 29.5
47.5 30.5
47.5 31.5
47.5 32.5
47.5 46.5
47.5 47.5
47.5 48.5
47.5 55.5
47.5 56.5
47.5 57.5
47.5 58.5
48.5 22.5
48.5 30.5
48.5 31.5
48.5 32.5
48.5 45.5
48.5 46.5
48.5 47.5
49.5 31.5
49.5 32.5
49.5 33.5
49.5 45.5
49.5 46.5
52.5 9.5
52.5 10.5
52.5 11.5
52.5 20.5
52.5 58.5
52.5 59.5
52.5 60.5
53.5 9.5
53.5 10.5
53.5 11.5
53.5 12.5
53.5 19.5
53.5 20.5
53.5 44.5
53.5 45.5
53.5 58.5
53.5 59.5
53.5 60.5
53.5 61.5
54.5 9.5
54.5 10.5
54.5 11.5
54.5 12.5
54.5 13.5
54.5 18.5
54.5 19.5
54.5 20.5
54.5 31.5
54.5 32.5
54.5 33.5
54.5 43.5
54.5 44.5
54.5 45.5
54.5 59.5
54.5 60.5
54.5 61.5
54.5 62.5
55.5 10.5
55.5 11.5
55.5 12.5
55.5 13.5
55.5 18.5
55.5 19.5
55.5 20.5
55.5 30.5
55.5 31.5
55.5 32.5
55.5 33.5
55.5 42.5
55.5 43.5
55.5 44.5
55.5 60.5
55.5 61.5
55.5 62.5
56.5 11.5
56.5 12.5
56.5 13.5
56.5 17.5
56.5 18.5
56.5 19.5
56.5 29.5
56.5 30.5
56.5 31.5
56.5 32.5
56.5 41.5
56.5 42.5
56.5 43.5
56.5 49.5
56.5 54.5
56.5 55.5
57.5 5.5
57.5 6.5
57.5 18.5
57.5 24.5
57.5 29.5
57.5 30.5
57.5 31.5
57.5 32.5
57.5 47.5
57.5 48.5
57.5 49.5
57.5 50.5
57.5 54.5
57.5 55.5
57.5 56.5
58.5 5.5
58.5 6.5
58.5 7.5
58.5 22.5
58.5 23.5
58.5 24.5
58.5 25.5
58.5 29.5
58.5 30.5
58.5 36.5
58.5 37.5
58.5 46.5
58.5 47.5
58.5 48.5
58.5 49.5
58.5 55.5
58.5 56.5
58.5 57.5
59.5 6.5
59.5 7.5
59.5 8.5
59.5 22.5
59.5 23.5
59.5 24.5
59.5 35.5
59.5 36.5
59.5 37.5
59.5 46.5
59.5 47.5
59.5 48.5
59.5 49.5
59.5 56.5
59.5 57.5
59.5 58.5
60.5 7.5
60.5 8.5
60.5 21.5
60.5 22.5
60.5 23.5
60.5 24.5
60.5 34.5
60.5 35.5
60.5 36.5
60.5 46.5
60.5 47.5
60.5 57.5
60.5 58.5
61.5 21.5
61.5 22.5
61.5 23.5
61.5 34.5
61.5 35.5
62.5 22.5
