2.5 35.5
3.5 32.5
3.5 33.5
3.5 34.5
4.5 10.5
4.5 11.5
4.5 12.5
4.5 13.5
4.5 14.5
4.5 15.5
4.5 30.5
4.5 31.5
4.5 32.5
4.5 33.5
4.5 50.5
4.5 51.5
4.5 52.5
4.5 53.5
4.5 54.5
4.5 55.5
5.5 13.5
5.5 14.5
5.5 15.5
5.5 16.5
5.5 17.5
5.5 18.5
5.5 19.5
5.5 28.5
5.5 29.5
5.5 30.5
5.5 47.5
5.5 48.5
5.5 49.5
5.5 50.5
5.5 51.5
5.5 52.5
5.5 53.5
6.5 16.5
6.5 17.5
6.5 18.5
6.5 19.5
6.5 20.5
6.5 21.5
6.5 22.5
6.5 26.5
6.5 27.5
6.5 28.5
6.5 45.5
6.5 46.5
6.5 47.5
6.5 48.5
6.5 49.5
7.5 5.5
7.5 24.5
7.5 25.5
7.5 38.5
7.5 39.5
7.5 40.5
7.5 41.5
7.5 42.5
7.5 60.5
7.5 61.5
7.5 62.5
8.5 5.5
8.5 6.5
8.5 7.5
8.5 8.5
8.5 9.5
8.5 35.5
8.5 36.5
8.5 37.5
8.5 38.5
8.5 39.5
8.5 40.5
8.5 57.5
8.5 58.5
8.5 59.5
8.5 60.5
8.5 61.5
9.5 8.5
9.5 9.5
9.5 10.5
9.5 11.5
9.5 12.5
9.5 32.5
9.5 33.5
9.5 34.5
9.5 35.5
9.5 36.5
9.5 37.5
9.5 55.5
9.5 56.5
9.5 57.5
9.5 58.5
10.5 11.5
10.5 12.5
10.5 13.5
10.5 14.5
10.5 31.5
10.5 32.5
10.5 33.5
10.5 53.5
10.5 54.5
10.5 55.5
14.5 10.5
14.5 11.5
14.5 12.5
14.5 31.5
14.5 32.5
14.5 33.5
14.5 34.5
14.5 53.5
14.5 54.5
14.5 55.5
14.5 56.5
15.5 12.5
15.5 13.5
15.5 14.5
15.5 15.5
15.5 16.5
15.5 33.5
15.5 34.5
15.5 35.5
15.5 36.5
15.5 37.5
15.5 38.5
15.5 39.5
15.5 56.5
15.5 57.5
15.5 58.5
15.5 59.5
15.5 60.5
16.5 14.5
16.5 15.5
16.5 16.5
16.5 17.5
16.5 18.5
16.5 19.5
16.5 37.5
16.5 38.5
16.5 39.5
16.5 40.5
16.5 41.5
16.5 42.5
16.5 59.5
16.5 60.5
16.5 61.5
16.5 62.5
16.5 63.5
17.5 18.5
17.5 19.5
17.5 20.5
17.5 21.5
17.5 45.5
17.5 46.5
17.5 47.5
18.5 5.5
18.5 6.5
18.5 7.5
18.5 8.5
18.5 24.5
18.5 25.5
18.5 26.5
18.5 27.5
18.5 28.5
18.5 29.5
18.5 47.5
18.5 48.5
18.5 49.5
18.5 50.5
18.5 51.5
18.5 52.5
18.5 53.5
19.5 7.5
19.5 8.5
19.5 9.5
19.5 10.5
19.5 11.5
19.5 27.5
19.5 28.5
19.5 29.5
19.5 30.5
19.5 31.5
19.5 32.5
19.5 33.5
19.5 51.5
19.5 52.5
19.5 53.5
19.5 54.5
19.5 55.5
19.5 56.5
20.5 10.5
20.5 11.5
20.5 12.5
20.5 13.5
20.5 31.5
20.5 32.5
20.5 33.5
20.5 34.5
20.5 35.5
21.5 13.5
21.5 14.5
21.5 15.5
23.5 51.5
24.5 13.5
24.5 14.5
24.5 15.5
24.5 32.5
24.5 33.5
24.5 34.5
24.5 51.5
24.5 52.5
24.5 53.5
24.5 54.5
24.5 55.5
24.5 56.5
25.5 9.5
25.5 10.5
25.5 11.5
25.5 12.5
25.5 13.5
25.5 28.5
25.5 29.5
25.5 30.5
25.5 31.5
25.5 32.5
25.5 54.5
25.5 55.5
25.5 56.5
25.5 57.5
25.5 58.5
25.5 59.5
26.5 6.5
26.5 7.5
26.5 8.5
26.5 9.5
26.5 10.5
26.5 11.5
26.5 26.5
26.5 27.5
26.5 28.5
26.5 29.5
26.5 56.5
26.5 57.5
26.5 58.5
26.5 59.5
26.5 60.5
26.5 61.5
27.5 5.5
27.5 6.5
27.5 7.5
27.5 24.5
27.5 25.5
27.5 39.5
27.5 40.5
27.5 41.5
27.5 44.5
27.5 45.5
27.5 46.5
27.5 60.5
27.5 61.5
27.5 62.5
27.5 63.5
28.5 17.5
28.5 18.5
28.5 19.5
28.5 20.5
28.5 35.5
28.5 36.5
28.5 37.5
28.5 38.5
28.5 39.5
28.5 45.5
28.5 46.5
28.5 47.5
28.5 48.5
28.5 49.5
29.5 14.5
29.5 15.5
29.5 16.5
29.5 17.5
29.5 18.5
29.5 33.5
29.5 34.5
29.5 35.5
29.5 36.5
29.5 37.5
29.5 48.5
29.5 49.5
29.5 50.5
29.5 51.5
30.5 11.5
30.5 12.5
30.5 13.5
30.5 14.5
30.5 31.5
30.5 32.5
30.5 33.5
30.5 50.5
30.5 51.5
30.5 52.5
30.5 53.5
30.5 54.5
31.5 54.5
31.5 55.5
34.5 12.5
34.5 13.5
34.5 14.5
34.5 15.5
34.5 32.5
34.5 33.5
34.5 34.5
34.5 35.5
35.5 9.5
35.5 10.5
35.5 11.5
35.5 12.5
35.5 13.5
35.5 30.5
35.5 31.5
35.5 32.5
35.5 33.5
35.5 49.5
35.5 50.5
35.5 51.5
35.5 52.5
35.5 53.5
35.5 54.5
35.5 55.5
36.5 6.5
36.5 7.5
36.5 8.5
36.5 9.5
36.5 10.5
36.5 27.5
36.5 28.5
36.5 29.5
36.5 30.5
36.5 31.5
36.5 45.5
36.5 46.5
36.5 47.5
36.5 48.5
36.5 49.5
36.5 50.5
36.5 51.5
37.5 5.5
37.5 6.5
37.5 7.5
37.5 25.5
37.5 26.5
37.5 27.5
37.5 28.5
37.5 29.5
37.5 42.5
37.5 43.5
37.5 61.5
37.5 62.5
38.5 18.5
38.5 19.5
38.5 20.5
38.5 21.5
38.5 22.5
38.5 24.5
38.5 25.5
38.5 26.5
38.5 38.5
38.5 39.5
38.5 40.5
38.5 41.5
38.5 42.5
38.5 57.5
38.5 58.5
38.5 59.5
38.5 60.5
38.5 61.5
39.5 15.5
39.5 16.5
39.5 17.5
39.5 18.5
39.5 19.5
39.5 20.5
39.5 35.5
39.5 36.5
39.5 37.5
39.5 38.5
39.5 39.5
39.5 54.5
39.5 55.5
39.5 56.5
39.5 57.5
39.5 58.5
40.5 12.5
40.5 13.5
40.5 14.5
40.5 15.5
40.5 16.5
40.5 17.5
40.5 33.5
40.5 34.5
40.5 35.5
40.5 36.5
40.5 52.5
40.5 53.5
40.5 54.5
41.5 11.5
41.5 12.5
41.5 13.5
41.5 14.5
41.5 31.5
41.5 32.5
41.5 33.5
43.5 52.5
43.5 53.5
43.5 54.5
44.5 54.5
44.5 55.5
44.5 56.5
45.5 13.5
45.5 14.5
45.5 15.5
45.5 31.5
45.5 32.5
45.5 33.5
45.5 34.5
45.5 35.5
45.5 36.5
45.5 37.5
45.5 55.5
45.5 56.5
45.5 57.5
45.5 58.5
46.5 10.5
46.5 11.5
46.5 12.5
46.5 13.5
46.5 14.5
46.5 32.5
46.5 33.5
46.5 34.5
46.5 35.5
46.5 36.5
46.5 37.5
46.5 38.5
46.5 39.5
46.5 40.5
46.5 41.5
46.5 42.5
46.5 57.5
46.5 58.5
46.5 59.5
46.5 60.5
47.5 7.5
47.5 8.5
47.5 9.5
47.5 10.5
47.5 11.5
47.5 12.5
47.5 38.5
47.5 39.5
47.5 40.5
47.5 41.5
47.5 42.5
47.5 43.5
47.5 45.5
47.5 46.5
47.5 60.5
47.5 61.5
47.5 62.5
48.5 5.5
48.5 6.5
48.5 7.5
48.5 8.5
48.5 9.5
48.5 25.5
48.5 46.5
48.5 47.5
48.5 48.5
48.5 49.5
48.5 50.5
48.5 62.5
48.5 63.5
49.5 19.5
49.5 20.5
49.5 21.5
49.5 22.5
49.5 26.5
49.5 27.5
49.5 28.5
49.5 29.5
49.5 48.5
49.5 49.5
49.5 50.5
49.5 51.5
49.5 52.5
49.5 53.5
50.5 16.5
50.5 17.5
50.5 18.5
50.5 19.5
50.5 20.5
50.5 29.5
50.5 30.5
50.5 31.5
50.5 32.5
50.5 51.5
50.5 52.5
50.5 53.5
50.5 54.5
50.5 55.5
51.5 13.5
51.5 14.5
51.5 15.5
51.5 16.5
51.5 17.5
51.5 32.5
51.5 33.5
51.5 34.5
51.5 35.5
51.5 54.5
51.5 55.5
51.5 56.5
52.5 11.5
52.5 12.5
52.5 13.5
54.5 34.5
54.5 35.5
55.5 30.5
55.5 31.5
55.5 32.5
55.5 33.5
55.5 54.5
55.5 55.5
55.5 56.5
56.5 12.5
56.5 13.5
56.5 14.5
56.5 15.5
56.5 16.5
56.5 17.5
56.5 18.5
56.5 19.5
56.5 20.5
56.5 27.5
56.5 28.5
56.5 29.5
56.5 30.5
56.5 49.5
56.5 50.5
56.5 51.5
56.5 52.5
56.5 53.5
56.5 54.5
56.5 55.5
57.5 19.5
57.5 20.5
57.5 21.5
57.5 22.5
57.5 23.5
57.5 25.5
57.5 26.5
57.5 47.5
57.5 48.5
57.5 49.5
57.5 50.5
57.5 51.5
57.5 52.5
58.5 40.5
58.5 41.5
58.5 44.5
58.5 45.5
58.5 46.5
58.5 47.5
58.5 48.5
58.5 68.5
59.5 5.5
59.5 6.5
59.5 7.5
59.5 8.5
59.5 9.5
59.5 10.5
59.5 33.5
59.5 34.5
59.5 35.5
59.5 36.5
59.5 37.5
59.5 38.5
59.5 39.5
59.5 40.5
59.5 41.5
59.5 42.5
59.5 59.5
59.5 60.5
59.5 61.5
59.5 62.5
60.5 8.5
60.5 9.5
60.5 10.5
60.5 11.5
60.5 12.5
60.5 13.5
60.5 14.5
60.5 15.5
60.5 31.5
60.5 32.5
60.5 33.5
60.5 34.5
60.5 35.5
60.5 36.5
60.5 37.5
60.5 38.5
60.5 56.5
60.5 57.5
60.5 58.5
60.5 59.5
60.5 60.5
61.5 54.5
61.5 55.5
61.5 56.5
61.5 57.5
61.5 58.5
62.5 52.5
62.5 53.5
62.5 54.5
62.5 55.5
