3.5 22.5
4.5 22.5
4.5 23.5
4.5 35.5
4.5 36.5
4.5 45.5
4.5 59.5
4.5 60.5
5.5 9.5
5.5 10.5
5.5 11.5
5.5 23.5
5.5 24.5
5.5 36.5
5.5 44.5
5.5 45.5
5.5 60.5
5.5 61.5
6.5 10.5
6.5 11.5
6.5 12.5
6.5 24.5
6.5 25.5
6.5 36.5
6.5 37.5
6.5 43.5
6.5 44.5
6.5 61.5
6.5 62.5
7.5 12.5
7.5 13.5
7.5 18.5
7.5 25.5
7.5 37.5
7.5 38.5
7.5 43.5
7.5 62.5
8.5 18.5
8.5 38.5
8.5 55.5
9.5 5.5
9.5 18.5
9.5 19.5
9.5 31.5
9.5 32.5
9.5 49.5
9.5 55.5
9.5 56.5
10.5 6.5
10.5 7.5
10.5 19.5
10.5 20.5
10.5 31.5
10.5 32.5
10.5 33.5
10.5 48.5
10.5 49.5
10.5 56.5
10.5 57.5
11.5 7.5
11.5 8.5
11.5 20.5
11.5 32.5
11.5 33.5
11.5 47.5
11.5 48.5
11.5 56.5
11.5 57.5
12.5 33.5
12.5 47.5
12.5 48.5
12.5 57.5
12.5 58.5
13.5 47.5
16.5 8.5
16.5 21.5
17.5 7.5
17.5 8.5
17.5 22.5
17.5 23.5
17.5 31.5
17.5 32.5
17.5 59.5
17.5 60.5
18.5 6.5
18.5 7.5
18.5 23.5
18.5 24.5
18.5 29.5
18.5 30.5
18.5 31.5
18.5 45.5
18.5 46.5
18.5 60.5
18.5 61.5
19.5 6.5
19.5 7.5
19.5 43.5
19.5 44.5
19.5 45.5
19.5 61.5
19.5 62.5
20.5 6.5
20.5 13.5
20.5 18.5
20.5 42.5
20.5 43.5
20.5 44.5
21.5 12.5
21.5 13.5
21.5 18.5
21.5 19.5
21.5 35.5
21.5 36.5
21.5 37.5
22.5 11.5
22.5 12.5
22.5 19.5
22.5 20.5
22.5 34.5
22.5 35.5
22.5 36.5
22.5 50.5
22.5 55.5
22.5 56.5
23.5 10.5
23.5 11.5
23.5 20.5
23.5 33.5
23.5 34.5
23.5 48.5
23.5 49.5
23.5 50.5
23.5 56.5
23.5 57.5
23.5 58.5
24.5 10.5
24.5 47.5
24.5 48.5
24.5 49.5
24.5 58.5
25.5 47.5
28.5 22.5
28.5 23.5
28.5 32.5
28.5 33.5
29.5 10.5
29.5 23.5
29.5 24.5
29.5 31.5
29.5 32.5
29.5 59.5
29.5 60.5
30.5 10.5
30.5 11.5
30.5 12.5
30.5 23.5
30.5 24.5
30.5 30.5
30.5 31.5
30.5 32.5
30.5 44.5
30.5 45.5
30.5 46.5
30.5 60.5
30.5 61.5
31.5 12.5
31.5 13.5
31.5 24.5
31.5 25.5
31.5 30.5
31.5 43.5
31.5 44.5
31.5 60.5
31.5 61.5
32.5 42.5
32.5 61.5
32.5 62.5
33.5 6.5
33.5 7.5
33.5 18.5
33.5 19.5
33.5 36.5
33.5 37.5
33.5 50.5
34.5 7.5
34.5 8.5
34.5 19.5
34.5 20.5
34.5 21.5
34.5 35.5
34.5 36.5
34.5 48.5
34.5 49.5
34.5 55.5
34.5 56.5
35.5 8.5
35.5 9.5
35.5 21.5
35.5 35.5
35.5 47.5
35.5 48.5
35.5 56.5
35.5 57.5
36.5 46.5
36.5 47.5
36.5 57.5
36.5 58.5
40.5 10.5
40.5 22.5
40.5 34.5
40.5 35.5
41.5 11.5
41.5 22.5
41.5 23.5
41.5 24.5
41.5 35.5
41.5 36.5
41.5 44.5
41.5 45.5
41.5 57.5
42.5 11.5
42.5 12.5
42.5 23.5
42.5 24.5
42.5 36.5
42.5 43.5
42.5 44.5
42.5 56.5
42.5 57.5
43.5 11.5
43.5 12.5
43.5 24.5
43.5 25.5
43.5 36.5
43.5 37.5
43.5 42.5
43.5 43.5
43.5 55.5
43.5 56.5
44.5 12.5
44.5 17.5
44.5 31.5
44.5 55.5
44.5 56.5
45.5 6.5
45.5 7.5
45.5 18.5
45.5 31.5
45.5 49.5
45.5 54.5
46.5 7.5
46.5 18.5
46.5 19.5
46.5 31.5
46.5 32.5
46.5 47.5
46.5 48.5
46.5 49.5
46.5 61.5
46.5 62.5
47.5 7.5
47.5 8.5
47.5 19.5
47.5 20.5
47.5 32.5
47.5 33.5
47.5 46.5
47.5 47.5
47.5 48.5
47.5 60.5
47.5 61.5
48.5 8.5
48.5 9.5
48.5 20.5
48.5 21.5
48.5 33.5
48.5 46.5
48.5 47.5
48.5 59.5
48.5 60.5
48.5 61.5
49.5 9.5
49.5 59.5
49.5 60.5
53.5 34.5
53.5 45.5
54.5 9.5
54.5 10.5
54.5 22.5
54.5 35.5
54.5 44.5
54.5 45.5
55.5 10.5
55.5 11.5
55.5 22.5
55.5 23.5
55.5 35.5
55.5 36.5
55.5 43.5
55.5 44.5
55.5 45.5
55.5 59.5
55.5 60.5
56.5 11.5
56.5 23.5
56.5 24.5
56.5 36.5
56.5 37.5
56.5 43.5
56.5 44.5
56.5 60.5
56.5 61.5
57.5 12.5
57.5 24.5
57.5 37.5
57.5 42.5
57.5 43.5
57.5 61.5
58.5 6.5
58.5 17.5
58.5 30.5
58.5 54.5
58.5 62.5
59.5 6.5
59.5 7.5
59.5 17.5
59.5 18.5
59.5 30.5
59.5 31.5
59.5 49.5
59.5 55.5
60.5 6.5
60.5 7.5
60.5 18.5
60.5 19.5
60.5 31.5
60.5 32.5
60.5 48.5
60.5 49.5
60.5 55.5
60.5 56.5
61.5 7.5
61.5 19.5
61.5 20.5
61.5 32.5
61.5 33.5
61.5 47.5
61.5 48.5
61.5 56.5
61.5 57.5
62.5 8.5
62.5 20.5
62.5 33.5
62.5 47.5
