3.5 12.5
4.5 12.5
4.5 26.5
4.5 57.5
5.5 12.5
5.5 13.5
5.5 26.5
5.5 27.5
5.5 41.5
5.5 42.5
5.5 56.5
5.5 57.5
6.5 12.5
6.5 13.5
6.5 26.5
6.5 27.5
6.5 41.5
6.5 42.5
6.5 43.5
6.5 55.5
6.5 56.5
7.5 13.5
7.5 14.5
7.5 26.5
7.5 27.5
7.5 28.5
7.5 42.5
7.5 43.5
7.5 44.5
7.5 54.5
7.5 55.5
7.5 56.5
8.5 13.5
8.5 14.5
8.5 27.5
8.5 28.5
8.5 43.5
8.5 44.5
8.5 45.5
8.5 54.5
8.5 55.5
9.5 6.5
9.5 13.5
9.5 14.5
9.5 27.5
9.5 28.5
9.5 29.5
9.5 44.5
9.5 45.5
9.5 46.5
9.5 53.5
9.5 54.5
10.5 6.5
10.5 7.5
10.5 14.5
10.5 15.5
10.5 20.5
10.5 28.5
10.5 29.5
10.5 44.5
10.5 45.5
10.5 46.5
10.5 47.5
10.5 53.5
10.5 54.5
10.5 61.5
11.5 6.5
11.5 7.5
11.5 14.5
11.5 15.5
11.5 20.5
11.5 21.5
11.5 28.5
11.5 29.5
11.5 30.5
11.5 35.5
11.5 36.5
11.5 46.5
11.5 47.5
11.5 52.5
11.5 53.5
11.5 60.5
11.5 61.5
12.5 6.5
12.5 7.5
12.5 8.5
12.5 14.5
12.5 15.5
12.5 20.5
12.5 21.5
12.5 29.5
12.5 30.5
12.5 35.5
12.5 36.5
12.5 37.5
12.5 47.5
12.5 48.5
12.5 52.5
12.5 59.5
12.5 60.5
12.5 61.5
13.5 6.5
13.5 7.5
13.5 8.5
13.5 15.5
13.5 21.5
13.5 22.5
13.5 29.5
13.5 30.5
13.5 36.5
13.5 37.5
13.5 38.5
13.5 48.5
13.5 51.5
13.5 59.5
13.5 60.5
13.5 61.5
14.5 7.5
14.5 8.5
14.5 21.5
14.5 22.5
14.5 23.5
14.5 30.5
14.5 36.5
14.5 37.5
14.5 38.5
14.5 39.5
14.5 58.5
14.5 59.5
14.5 60.5
15.5 7.5
15.5 8.5
15.5 9.5
15.5 21.5
15.5 22.5
15.5 23.5
15.5 37.5
15.5 38.5
15.5 39.5
15.5 58.5
15.5 59.5
15.5 60.5
16.5 7.5
16.5 8.5
16.5 9.5
16.5 22.5
16.5 23.5
16.5 24.5
16.5 38.5
16.5 39.5
16.5 40.5
16.5 58.5
16.5 59.5
17.5 8.5
17.5 9.5
17.5 22.5
17.5 23.5
17.5 24.5
17.5 38.5
17.5 39.5
17.5 40.5
17.5 41.5
17.5 57.5
17.5 58.5
17.5 59.5
18.5 8.5
18.5 9.5
18.5 23.5
18.5 24.5
18.5 39.5
18.5 40.5
18.5 41.5
18.5 57.5
18.5 58.5
19.5 8.5
19.5 9.5
19.5 23.5
19.5 24.5
19.5 25.5
19.5 40.5
19.5 41.5
19.5 57.5
19.5 58.5
20.5 9.5
20.5 24.5
20.5 25.5
20.5 41.5
20.5 57.5
21.5 25.5
23.5 9.5
23.5 40.5
23.5 41.5
23.5 56.5
23.5 57.5
24.5 8.5
24.5 9.5
24.5 24.5
24.5 40.5
24.5 41.5
24.5 42.5
24.5 56.5
24.5 57.5
25.5 8.5
25.5 9.5
25.5 24.5
25.5 41.5
25.5 42.5
25.5 55.5
25.5 56.5
26.5 7.5
26.5 8.5
26.5 9.5
26.5 23.5
26.5 24.5
26.5 41.5
26.5 42.5
26.5 43.5
26.5 54.5
26.5 55.5
26.5 56.5
27.5 7.5
27.5 8.5
27.5 9.5
27.5 23.5
27.5 24.5
27.5 41.5
27.5 42.5
27.5 43.5
27.5 53.5
27.5 54.5
27.5 55.5
28.5 7.5
28.5 8.5
28.5 22.5
28.5 23.5
28.5 24.5
28.5 42.5
28.5 43.5
28.5 44.5
28.5 53.5
28.5 54.5
28.5 55.5
29.5 6.5
29.5 7.5
29.5 8.5
29.5 22.5
29.5 23.5
29.5 24.5
29.5 42.5
29.5 43.5
29.5 44.5
29.5 52.5
29.5 53.5
29.5 54.5
30.5 6.5
30.5 7.5
30.5 8.5
30.5 15.5
30.5 22.5
30.5 23.5
30.5 24.5
30.5 43.5
30.5 44.5
30.5 45.5
30.5 52.5
30.5 53.5
31.5 6.5
31.5 7.5
31.5 15.5
31.5 22.5
31.5 23.5
31.5 35.5
31.5 43.5
31.5 44.5
31.5 45.5
31.5 51.5
31.5 52.5
31.5 53.5
31.5 62.5
31.5 63.5
32.5 6.5
32.5 7.5
32.5 14.5
32.5 15.5
32.5 21.5
32.5 22.5
32.5 23.5
32.5 30.5
32.5 35.5
32.5 36.5
32.5 44.5
32.5 45.5
32.5 51.5
32.5 52.5
32.5 61.5
32.5 62.5
33.5 6.5
33.5 7.5
33.5 14.5
33.5 15.5
33.5 21.5
33.5 22.5
33.5 23.5
33.5 29.5
33.5 30.5
33.5 35.5
33.5 36.5
33.5 45.5
33.5 46.5
33.5 51.5
33.5 60.5
33.5 61.5
33.5 62.5
34.5 6.5
34.5 13.5
34.5 14.5
34.5 15.5
34.5 21.5
34.5 22.5
34.5 29.5
34.5 30.5
34.5 36.5
34.5 37.5
34.5 59.5
34.5 60.5
34.5 61.5
35.5 13.5
35.5 14.5
35.5 15.5
35.5 21.5
35.5 22.5
35.5 28.5
35.5 29.5
35.5 36.5
35.5 37.5
35.5 38.5
35.5 58.5
35.5 59.5
35.5 60.5
36.5 13.5
36.5 14.5
36.5 15.5
36.5 21.5
36.5 28.5
36.5 29.5
36.5 37.5
36.5 38.5
36.5 57.5
36.5 58.5
36.5 59.5
36.5 60.5
37.5 13.5
37.5 14.5
37.5 28.5
37.5 29.5
37.5 37.5
37.5 38.5
37.5 39.5
37.5 57.5
37.5 58.5
37.5 59.5
38.5 12.5
38.5 13.5
38.5 14.5
38.5 27.5
38.5 28.5
38.5 38.5
38.5 39.5
38.5 56.5
38.5 57.5
38.5 58.5
39.5 12.5
39.5 13.5
39.5 14.5
39.5 27.5
39.5 28.5
39.5 39.5
39.5 40.5
39.5 55.5
39.5 56.5
39.5 57.5
40.5 12.5
40.5 13.5
40.5 26.5
40.5 27.5
40.5 40.5
40.5 55.5
40.5 56.5
41.5 12.5
41.5 13.5
41.5 26.5
41.5 27.5
42.5 12.5
42.5 13.5
42.5 26.5
43.5 57.5
44.5 40.5
44.5 56.5
44.5 57.5
45.5 11.5
45.5 26.5
45.5 40.5
45.5 41.5
45.5 55.5
45.5 56.5
46.5 12.5
46.5 26.5
46.5 27.5
46.5 41.5
46.5 42.5
46.5 54.5
46.5 55.5
46.5 56.5
47.5 12.5
47.5 13.5
47.5 27.5
47.5 28.5
47.5 41.5
47.5 42.5
47.5 54.5
47.5 55.5
47.5 56.5
48.5 13.5
48.5 14.5
48.5 27.5
48.5 28.5
48.5 41.5
48.5 42.5
48.5 43.5
48.5 53.5
48.5 54.5
48.5 55.5
49.5 13.5
49.5 14.5
49.5 15.5
49.5 27.5
49.5 28.5
49.5 42.5
49.5 43.5
49.5 52.5
49.5 53.5
49.5 54.5
50.5 14.5
50.5 15.5
50.5 27.5
50.5 28.5
50.5 29.5
50.5 42.5
50.5 43.5
50.5 44.5
50.5 52.5
50.5 53.5
50.5 54.5
51.5 6.5
51.5 7.5
51.5 14.5
51.5 15.5
51.5 16.5
51.5 28.5
51.5 29.5
51.5 35.5
51.5 43.5
51.5 44.5
51.5 51.5
51.5 52.5
51.5 53.5
51.5 63.5
52.5 7.5
52.5 15.5
52.5 16.5
52.5 21.5
52.5 28.5
52.5 29.5
52.5 35.5
52.5 36.5
52.5 43.5
52.5 44.5
52.5 51.5
52.5 52.5
52.5 62.5
52.5 63.5
53.5 7.5
53.5 8.5
53.5 16.5
53.5 17.5
53.5 21.5
53.5 22.5
53.5 28.5
53.5 29.5
53.5 30.5
53.5 35.5
53.5 36.5
53.5 44.5
53.5 45.5
53.5 50.5
53.5 51.5
53.5 52.5
53.5 61.5
53.5 62.5
53.5 63.5
54.5 7.5
54.5 8.5
54.5 9.5
54.5 17.5
54.5 22.5
54.5 29.5
54.5 30.5
54.5 35.5
54.5 36.5
54.5 37.5
54.5 44.5
54.5 45.5
54.5 50.5
54.5 51.5
54.5 60.5
54.5 61.5
54.5 62.5
55.5 7.5
55.5 8.5
55.5 9.5
55.5 22.5
55.5 23.5
55.5 29.5
55.5 30.5
55.5 36.5
55.5 37.5
55.5 38.5
55.5 45.5
55.5 50.5
55.5 59.5
55.5 60.5
55.5 61.5
56.5 8.5
56.5 9.5
56.5 10.5
56.5 22.5
56.5 23.5
56.5 24.5
56.5 30.5
56.5 36.5
56.5 37.5
56.5 38.5
56.5 58.5
56.5 59.5
56.5 60.5
56.5 61.5
57.5 8.5
57.5 9.5
57.5 10.5
57.5 23.5
57.5 24.5
57.5 37.5
57.5 38.5
57.5 39.5
57.5 58.5
57.5 59.5
57.5 60.5
58.5 9.5
58.5 10.5
58.5 11.5
58.5 23.5
58.5 24.5
58.5 25.5
58.5 37.5
58.5 38.5
58.5 39.5
58.5 57.5
58.5 58.5
58.5 59.5
59.5 9.5
59.5 10.5
59.5 11.5
59.5 24.5
59.5 25.5
59.5 38.5
59.5 39.5
59.5 57.5
59.5 58.5
59.5 59.5
60.5 10.5
60.5 11.5
60.5 25.5
60.5 38.5
60.5 39.5
60.5 40.5
60.5 56.5
60.5 57.5
60.5 58.5
61.5 11.5
61.5 25.5
61.5 26.5
61.5 39.5
61.5 40.5
61.5 56.5
61.5 57.5
62.5 11.5
62.5 26.5
62.5 40.5
