2.5 38.5
2.5 58.5
3.5 27.5
3.5 48.5
3.5 58.5
4.5 8.5
4.5 39.5
5.5 7.5
5.5 17.5
5.5 28.5
5.5 40.5
5.5 47.5
5.5 57.5
6.5 6.5
6.5 28.5
6.5 40.5
6.5 57.5
7.5 16.5
7.5 29.5
7.5 33.5
7.5 41.5
7.5 51.5
8.5 5.5
8.5 11.5
8.5 16.5
8.5 24.5
8.5 29.5
8.5 34.5
8.5 41.5
8.5 46.5
8.5 51.5
8.5 56.5
9.5 11.5
9.5 21.5
9.5 34.5
9.5 42.5
9.5 56.5
9.5 62.5
10.5 10.5
10.5 15.5
10.5 21.5
10.5 25.5
10.5 30.5
10.5 35.5
10.5 45.5
10.5 50.5
11.5 10.5
11.5 20.5
11.5 36.5
11.5 50.5
11.5 61.5
12.5 9.5
12.5 20.5
12.5 26.5
12.5 36.5
12.5 55.5
13.5 9.5
13.5 19.5
13.5 37.5
13.5 60.5
14.5 8.5
14.5 19.5
14.5 27.5
14.5 49.5
15.5 18.5
15.5 38.5
15.5 49.5
15.5 59.5
16.5 7.5
16.5 18.5
16.5 28.5
17.5 28.5
17.5 37.5
17.5 58.5
18.5 7.5
18.5 18.5
18.5 38.5
18.5 48.5
19.5 7.5
19.5 27.5
19.5 38.5
19.5 48.5
19.5 59.5
20.5 19.5
20.5 39.5
20.5 47.5
21.5 6.5
21.5 19.5
21.5 26.5
21.5 39.5
21.5 47.5
21.5 58.5
22.5 6.5
22.5 20.5
22.5 25.5
22.5 30.5
22.5 40.5
22.5 46.5
22.5 57.5
23.5 6.5
23.5 20.5
23.5 30.5
23.5 34.5
23.5 40.5
23.5 46.5
23.5 57.5
23.5 62.5
24.5 5.5
24.5 11.5
24.5 15.5
24.5 24.5
24.5 41.5
24.5 52.5
24.5 56.5
24.5 62.5
25.5 5.5
25.5 11.5
25.5 15.5
25.5 21.5
25.5 29.5
25.5 35.5
25.5 41.5
25.5 45.5
26.5 10.5
26.5 29.5
26.5 35.5
26.5 51.5
26.5 55.5
26.5 61.5
27.5 10.5
27.5 16.5
27.5 28.5
27.5 36.5
27.5 50.5
28.5 9.5
28.5 28.5
28.5 36.5
28.5 60.5
29.5 9.5
29.5 17.5
29.5 28.5
29.5 37.5
29.5 49.5
29.5 60.5
30.5 8.5
30.5 37.5
30.5 48.5
31.5 8.5
31.5 27.5
31.5 59.5
32.5 27.5
32.5 49.5
33.5 8.5
33.5 18.5
33.5 27.5
33.5 38.5
33.5 59.5
34.5 48.5
35.5 19.5
35.5 37.5
35.5 48.5
35.5 58.5
36.5 9.5
36.5 19.5
36.5 26.5
36.5 37.5
36.5 48.5
37.5 9.5
37.5 26.5
37.5 42.5
37.5 57.5
38.5 14.5
38.5 20.5
38.5 26.5
38.5 36.5
38.5 42.5
38.5 47.5
38.5 62.5
39.5 10.5
39.5 26.5
39.5 32.5
39.5 36.5
39.5 47.5
39.5 52.5
39.5 56.5
40.5 5.5
40.5 10.5
40.5 15.5
40.5 21.5
40.5 61.5
41.5 5.5
41.5 21.5
41.5 31.5
41.5 35.5
41.5 41.5
41.5 55.5
41.5 61.5
42.5 5.5
42.5 16.5
42.5 31.5
42.5 41.5
42.5 46.5
42.5 51.5
42.5 61.5
43.5 6.5
43.5 16.5
43.5 25.5
43.5 30.5
43.5 41.5
43.5 60.5
44.5 6.5
44.5 17.5
44.5 30.5
44.5 50.5
44.5 60.5
45.5 6.5
45.5 17.5
45.5 40.5
45.5 60.5
46.5 18.5
46.5 29.5
46.5 40.5
46.5 59.5
47.5 7.5
47.5 18.5
47.5 49.5
47.5 59.5
48.5 7.5
48.5 29.5
48.5 40.5
49.5 40.5
50.5 7.5
50.5 30.5
50.5 50.5
50.5 58.5
51.5 8.5
51.5 18.5
51.5 30.5
51.5 41.5
51.5 58.5
52.5 8.5
52.5 19.5
52.5 30.5
52.5 41.5
52.5 58.5
53.5 20.5
53.5 31.5
53.5 41.5
53.5 51.5
53.5 57.5
54.5 9.5
54.5 14.5
54.5 21.5
54.5 31.5
54.5 36.5
54.5 57.5
55.5 22.5
55.5 31.5
55.5 36.5
55.5 42.5
55.5 47.5
55.5 57.5
55.5 63.5
55.5 68.5
56.5 10.5
56.5 15.5
56.5 26.5
56.5 32.5
56.5 42.5
56.5 47.5
56.5 52.5
56.5 56.5
57.5 5.5
57.5 16.5
57.5 32.5
57.5 37.5
57.5 42.5
57.5 47.5
57.5 56.5
57.5 62.5
58.5 5.5
58.5 11.5
58.5 16.5
58.5 27.5
58.5 37.5
58.5 61.5
59.5 6.5
59.5 17.5
59.5 28.5
59.5 48.5
59.5 61.5
60.5 48.5
60.5 60.5
61.5 7.5
61.5 18.5
61.5 29.5
61.5 38.5
61.5 48.5
62.5 59.5
63.5 8.5
