3.5 21.5
4.5 10.5
4.5 11.5
4.5 20.5
4.5 32.5
4.5 57.5
5.5 12.5
5.5 13.5
5.5 19.5
5.5 30.5
5.5 31.5
5.5 43.5
5.5 56.5
6.5 14.5
6.5 18.5
6.5 26.5
6.5 29.5
6.5 41.5
6.5 54.5
6.5 55.5
7.5 5.5
7.5 24.5
7.5 25.5
7.5 50.5
7.5 53.5
7.5 62.5
8.5 6.5
8.5 23.5
8.5 35.5
8.5 47.5
8.5 48.5
8.5 60.5
8.5 61.5
9.5 8.5
9.5 22.5
9.5 34.5
9.5 45.5
9.5 46.5
9.5 58.5
9.5 59.5
13.5 33.5
14.5 9.5
14.5 23.5
14.5 32.5
14.5 44.5
14.5 45.5
14.5 46.5
14.5 58.5
15.5 10.5
15.5 11.5
15.5 24.5
15.5 31.5
15.5 41.5
15.5 42.5
15.5 59.5
15.5 60.5
16.5 12.5
16.5 25.5
16.5 26.5
16.5 31.5
16.5 61.5
17.5 13.5
17.5 30.5
17.5 37.5
17.5 49.5
18.5 5.5
18.5 18.5
18.5 19.5
18.5 36.5
18.5 48.5
18.5 54.5
19.5 6.5
19.5 7.5
19.5 19.5
19.5 20.5
19.5 35.5
19.5 48.5
19.5 55.5
19.5 56.5
20.5 7.5
20.5 8.5
20.5 21.5
20.5 22.5
20.5 47.5
20.5 56.5
20.5 57.5
21.5 9.5
24.5 35.5
24.5 36.5
24.5 47.5
25.5 9.5
25.5 21.5
25.5 22.5
25.5 36.5
25.5 37.5
25.5 48.5
25.5 58.5
26.5 7.5
26.5 8.5
26.5 23.5
26.5 24.5
26.5 37.5
26.5 38.5
26.5 48.5
26.5 59.5
27.5 6.5
27.5 7.5
27.5 25.5
27.5 38.5
27.5 43.5
27.5 49.5
27.5 60.5
28.5 5.5
28.5 16.5
28.5 29.5
28.5 30.5
28.5 44.5
28.5 53.5
29.5 12.5
29.5 17.5
29.5 31.5
29.5 44.5
29.5 54.5
30.5 11.5
30.5 18.5
30.5 19.5
30.5 32.5
30.5 33.5
30.5 45.5
30.5 55.5
30.5 56.5
31.5 20.5
31.5 34.5
31.5 45.5
31.5 57.5
35.5 20.5
35.5 46.5
35.5 57.5
36.5 19.5
36.5 33.5
36.5 47.5
36.5 55.5
36.5 56.5
37.5 11.5
37.5 17.5
37.5 18.5
37.5 31.5
37.5 32.5
37.5 49.5
37.5 53.5
38.5 12.5
38.5 16.5
38.5 30.5
38.5 31.5
39.5 6.5
39.5 26.5
39.5 42.5
39.5 43.5
39.5 62.5
40.5 7.5
40.5 8.5
40.5 23.5
40.5 24.5
40.5 25.5
40.5 37.5
40.5 43.5
40.5 44.5
40.5 59.5
40.5 60.5
40.5 61.5
41.5 9.5
41.5 21.5
41.5 22.5
41.5 36.5
41.5 57.5
41.5 58.5
42.5 35.5
45.5 9.5
45.5 45.5
46.5 6.5
46.5 7.5
46.5 22.5
46.5 23.5
46.5 35.5
46.5 46.5
46.5 47.5
46.5 56.5
46.5 57.5
47.5 24.5
47.5 25.5
47.5 36.5
47.5 48.5
47.5 49.5
47.5 53.5
47.5 54.5
47.5 55.5
48.5 27.5
48.5 37.5
49.5 11.5
49.5 12.5
49.5 16.5
49.5 17.5
49.5 31.5
49.5 41.5
49.5 42.5
50.5 10.5
50.5 11.5
50.5 18.5
50.5 19.5
50.5 32.5
50.5 43.5
50.5 60.5
50.5 61.5
51.5 20.5
51.5 21.5
51.5 45.5
51.5 58.5
51.5 59.5
55.5 8.5
55.5 32.5
55.5 44.5
56.5 7.5
56.5 8.5
56.5 21.5
56.5 22.5
56.5 23.5
56.5 24.5
56.5 31.5
56.5 43.5
56.5 56.5
56.5 57.5
57.5 7.5
57.5 42.5
57.5 55.5
57.5 56.5
58.5 6.5
58.5 41.5
58.5 53.5
58.5 54.5
59.5 18.5
59.5 35.5
59.5 36.5
59.5 48.5
59.5 49.5
60.5 12.5
60.5 13.5
60.5 20.5
60.5 34.5
60.5 47.5
60.5 48.5
60.5 61.5
61.5 10.5
61.5 46.5
61.5 59.5
61.5 60.5
62.5 45.5
62.5 59.5
