3.5 7.5
3.5 8.5
3.5 34.5
3.5 35.5
3.5 45.5
3.5 46.5
4.5 7.5
4.5 8.5
4.5 20.5
4.5 21.5
4.5 34.5
4.5 35.5
4.5 36.5
4.5 44.5
4.5 45.5
4.5 46.5
5.5 6.5
5.5 7.5
5.5 8.5
5.5 19.5
5.5 20.5
5.5 21.5
5.5 35.5
5.5 36.5
5.5 37.5
5.5 44.5
5.5 45.5
5.5 46.5
5.5 56.5
5.5 57.5
6.5 6.5
6.5 7.5
6.5 18.5
6.5 19.5
6.5 20.5
6.5 21.5
6.5 35.5
6.5 36.5
6.5 37.5
6.5 43.5
6.5 44.5
6.5 45.5
6.5 56.5
6.5 57.5
7.5 6.5
7.5 7.5
7.5 17.5
7.5 18.5
7.5 19.5
7.5 20.5
7.5 36.5
7.5 37.5
7.5 38.5
7.5 43.5
7.5 44.5
7.5 45.5
7.5 55.5
7.5 56.5
7.5 57.5
8.5 5.5
8.5 6.5
8.5 7.5
8.5 12.5
8.5 17.5
8.5 18.5
8.5 19.5
8.5 37.5
8.5 38.5
8.5 43.5
8.5 44.5
8.5 55.5
8.5 56.5
8.5 57.5
9.5 5.5
9.5 6.5
9.5 11.5
9.5 12.5
9.5 17.5
9.5 18.5
9.5 25.5
9.5 26.5
9.5 30.5
9.5 31.5
9.5 38.5
9.5 43.5
9.5 49.5
9.5 50.5
9.5 55.5
9.5 56.5
10.5 11.5
10.5 12.5
10.5 24.5
10.5 25.5
10.5 26.5
10.5 30.5
10.5 31.5
10.5 32.5
10.5 48.5
10.5 49.5
10.5 50.5
10.5 54.5
10.5 55.5
10.5 56.5
10.5 61.5
11.5 10.5
11.5 11.5
11.5 12.5
11.5 24.5
11.5 25.5
11.5 26.5
11.5 31.5
11.5 32.5
11.5 33.5
11.5 48.5
11.5 49.5
11.5 50.5
11.5 54.5
11.5 55.5
11.5 60.5
11.5 61.5
12.5 10.5
12.5 11.5
12.5 12.5
12.5 23.5
12.5 24.5
12.5 25.5
12.5 31.5
12.5 32.5
12.5 33.5
12.5 47.5
12.5 48.5
12.5 49.5
12.5 59.5
12.5 60.5
12.5 61.5
13.5 10.5
13.5 11.5
13.5 23.5
13.5 24.5
13.5 25.5
13.5 32.5
13.5 33.5
13.5 34.5
13.5 47.5
13.5 48.5
13.5 49.5
13.5 59.5
13.5 60.5
14.5 10.5
14.5 11.5
14.5 22.5
14.5 23.5
14.5 24.5
14.5 32.5
14.5 33.5
14.5 34.5
14.5 47.5
14.5 48.5
14.5 58.5
14.5 59.5
14.5 60.5
15.5 22.5
15.5 23.5
15.5 34.5
15.5 47.5
15.5 58.5
15.5 59.5
18.5 10.5
19.5 10.5
19.5 11.5
19.5 22.5
19.5 34.5
19.5 35.5
19.5 46.5
19.5 47.5
19.5 58.5
20.5 10.5
20.5 11.5
20.5 12.5
20.5 22.5
20.5 23.5
20.5 34.5
20.5 35.5
20.5 36.5
20.5 47.5
20.5 48.5
20.5 57.5
20.5 58.5
21.5 10.5
21.5 11.5
21.5 12.5
21.5 22.5
21.5 23.5
21.5 24.5
21.5 34.5
21.5 35.5
21.5 36.5
21.5 47.5
21.5 48.5
21.5 49.5
21.5 56.5
21.5 57.5
21.5 58.5
22.5 10.5
22.5 11.5
22.5 12.5
22.5 23.5
22.5 24.5
22.5 25.5
22.5 34.5
22.5 35.5
22.5 36.5
22.5 37.5
22.5 48.5
22.5 49.5
22.5 55.5
22.5 56.5
22.5 57.5
23.5 11.5
23.5 12.5
23.5 13.5
23.5 23.5
23.5 24.5
23.5 25.5
23.5 35.5
23.5 36.5
23.5 37.5
23.5 42.5
23.5 48.5
23.5 49.5
23.5 50.5
23.5 55.5
23.5 56.5
24.5 6.5
24.5 11.5
24.5 12.5
24.5 13.5
24.5 17.5
24.5 18.5
24.5 24.5
24.5 25.5
24.5 35.5
24.5 36.5
24.5 37.5
24.5 42.5
24.5 43.5
24.5 49.5
24.5 50.5
24.5 54.5
24.5 55.5
24.5 56.5
24.5 62.5
25.5 6.5
25.5 7.5
25.5 12.5
25.5 13.5
25.5 17.5
25.5 18.5
25.5 19.5
25.5 25.5
25.5 26.5
25.5 30.5
25.5 35.5
25.5 36.5
25.5 37.5
25.5 42.5
25.5 43.5
25.5 44.5
25.5 50.5
25.5 54.5
25.5 55.5
25.5 61.5
25.5 62.5
26.5 7.5
26.5 8.5
26.5 18.5
26.5 19.5
26.5 20.5
26.5 30.5
26.5 31.5
26.5 42.5
26.5 43.5
26.5 44.5
26.5 60.5
26.5 61.5
26.5 62.5
27.5 7.5
27.5 8.5
27.5 18.5
27.5 19.5
27.5 20.5
27.5 30.5
27.5 31.5
27.5 42.5
27.5 43.5
27.5 44.5
27.5 45.5
27.5 59.5
27.5 60.5
27.5 61.5
27.5 62.5
28.5 7.5
28.5 8.5
28.5 18.5
28.5 19.5
28.5 20.5
28.5 21.5
28.5 30.5
28.5 31.5
28.5 32.5
28.5 43.5
28.5 44.5
28.5 45.5
28.5 59.5
28.5 60.5
28.5 61.5
28.5 62.5
29.5 8.5
29.5 9.5
29.5 19.5
29.5 20.5
29.5 21.5
29.5 31.5
29.5 32.5
29.5 43.5
29.5 44.5
29.5 45.5
29.5 59.5
29.5 60.5
29.5 61.5
30.5 8.5
30.5 9.5
30.5 20.5
30.5 21.5
30.5 31.5
30.5 32.5
30.5 44.5
30.5 45.5
30.5 59.5
30.5 60.5
31.5 9.5
31.5 32.5
31.5 59.5
35.5 10.5
35.5 20.5
35.5 21.5
35.5 33.5
35.5 34.5
35.5 44.5
35.5 45.5
35.5 46.5
35.5 58.5
35.5 59.5
35.5 60.5
36.5 10.5
36.5 11.5
36.5 19.5
36.5 20.5
36.5 21.5
36.5 33.5
36.5 34.5
36.5 45.5
36.5 46.5
36.5 47.5
36.5 59.5
36.5 60.5
36.5 61.5
37.5 10.5
37.5 11.5
37.5 12.5
37.5 18.5
37.5 19.5
37.5 20.5
37.5 34.5
37.5 35.5
37.5 45.5
37.5 46.5
37.5 47.5
37.5 48.5
37.5 59.5
37.5 60.5
37.5 61.5
38.5 11.5
38.5 12.5
38.5 17.5
38.5 18.5
38.5 19.5
38.5 20.5
38.5 34.5
38.5 35.5
38.5 36.5
38.5 46.5
38.5 47.5
38.5 48.5
38.5 49.5
38.5 60.5
38.5 61.5
38.5 62.5
39.5 11.5
39.5 12.5
39.5 17.5
39.5 18.5
39.5 19.5
39.5 35.5
39.5 36.5
39.5 40.5
39.5 47.5
39.5 48.5
39.5 49.5
39.5 53.5
39.5 54.5
39.5 60.5
39.5 61.5
39.5 62.5
40.5 6.5
40.5 7.5
40.5 12.5
40.5 13.5
40.5 17.5
40.5 18.5
40.5 24.5
40.5 25.5
40.5 29.5
40.5 30.5
40.5 36.5
40.5 40.5
40.5 41.5
40.5 42.5
40.5 48.5
40.5 49.5
40.5 53.5
40.5 54.5
40.5 55.5
40.5 61.5
40.5 62.5
40.5 63.5
41.5 6.5
41.5 7.5
41.5 8.5
41.5 23.5
41.5 24.5
41.5 25.5
41.5 29.5
41.5 30.5
41.5 31.5
41.5 41.5
41.5 42.5
41.5 54.5
41.5 55.5
41.5 56.5
42.5 6.5
42.5 7.5
42.5 8.5
42.5 22.5
42.5 23.5
42.5 24.5
42.5 29.5
42.5 30.5
42.5 31.5
42.5 32.5
42.5 41.5
42.5 42.5
42.5 43.5
42.5 54.5
42.5 55.5
42.5 56.5
42.5 57.5
43.5 6.5
43.5 7.5
43.5 8.5
43.5 9.5
43.5 22.5
43.5 23.5
43.5 24.5
43.5 30.5
43.5 31.5
43.5 32.5
43.5 42.5
43.5 43.5
43.5 44.5
43.5 55.5
43.5 56.5
43.5 57.5
44.5 7.5
44.5 8.5
44.5 9.5
44.5 21.5
44.5 22.5
44.5 23.5
44.5 30.5
44.5 31.5
44.5 32.5
44.5 43.5
44.5 44.5
44.5 56.5
44.5 57.5
45.5 7.5
45.5 8.5
45.5 9.5
45.5 21.5
45.5 22.5
45.5 31.5
45.5 32.5
45.5 33.5
45.5 44.5
45.5 57.5
46.5 8.5
46.5 9.5
46.5 21.5
46.5 32.5
49.5 44.5
49.5 57.5
49.5 58.5
50.5 9.5
50.5 20.5
50.5 21.5
50.5 32.5
50.5 33.5
50.5 43.5
50.5 44.5
50.5 57.5
50.5 58.5
50.5 59.5
51.5 9.5
51.5 10.5
51.5 11.5
51.5 19.5
51.5 20.5
51.5 21.5
51.5 31.5
51.5 32.5
51.5 33.5
51.5 43.5
51.5 44.5
51.5 57.5
51.5 58.5
51.5 59.5
52.5 9.5
52.5 10.5
52.5 11.5
52.5 19.5
52.5 20.5
52.5 31.5
52.5 32.5
52.5 42.5
52.5 43.5
52.5 44.5
52.5 58.5
52.5 59.5
52.5 60.5
53.5 10.5
53.5 11.5
53.5 12.5
53.5 18.5
53.5 19.5
53.5 20.5
53.5 30.5
53.5 31.5
53.5 32.5
53.5 42.5
53.5 43.5
53.5 58.5
53.5 59.5
53.5 60.5
54.5 10.5
54.5 11.5
54.5 12.5
54.5 18.5
54.5 19.5
54.5 30.5
54.5 31.5
54.5 41.5
54.5 42.5
54.5 43.5
54.5 53.5
54.5 59.5
54.5 60.5
54.5 61.5
55.5 11.5
55.5 12.5
55.5 13.5
55.5 17.5
55.5 18.5
55.5 19.5
55.5 25.5
55.5 29.5
55.5 30.5
55.5 31.5
55.5 36.5
55.5 37.5
55.5 41.5
55.5 42.5
55.5 48.5
55.5 49.5
55.5 53.5
55.5 54.5
55.5 60.5
55.5 61.5
56.5 5.5
56.5 6.5
56.5 12.5
56.5 13.5
56.5 17.5
56.5 18.5
56.5 24.5
56.5 25.5
56.5 29.5
56.5 30.5
56.5 35.5
56.5 36.5
56.5 37.5
56.5 41.5
56.5 47.5
56.5 48.5
56.5 49.5
56.5 53.5
56.5 54.5
56.5 55.5
57.5 5.5
57.5 6.5
57.5 7.5
57.5 23.5
57.5 24.5
57.5 25.5
57.5 35.5
57.5 36.5
57.5 46.5
57.5 47.5
57.5 48.5
57.5 49.5
57.5 54.5
57.5 55.5
58.5 6.5
58.5 7.5
58.5 8.5
58.5 22.5
58.5 23.5
58.5 24.5
58.5 25.5
58.5 34.5
58.5 35.5
58.5 36.5
58.5 46.5
58.5 47.5
58.5 48.5
58.5 54.5
58.5 55.5
58.5 56.5
59.5 6.5
59.5 7.5
59.5 8.5
59.5 22.5
59.5 23.5
59.5 24.5
59.5 34.5
59.5 35.5
59.5 36.5
59.5 46.5
59.5 47.5
59.5 48.5
59.5 55.5
59.5 56.5
60.5 7.5
60.5 8.5
60.5 9.5
60.5 22.5
60.5 23.5
60.5 34.5
60.5 35.5
60.5 46.5
60.5 47.5
60.5 48.5
60.5 55.5
60.5 56.5
61.5 8.5
61.5 9.5
61.5 21.5
61.5 22.5
61.5 34.5
61.5 45.5
61.5 46.5
61.5 47.5
61.5 56.5
61.5 57.5
62.5 46.5
