5.5 11.5
5.5 20.5
5.5 33.5
5.5 46.5
5.5 59.5
6.5 11.5
6.5 20.5
6.5 34.5
6.5 46.5
6.5 47.5
6.5 59.5
7.5 12.5
7.5 19.5
7.5 34.5
7.5 47.5
7.5 59.5
8.5 12.5
8.5 19.5
8.5 34.5
8.5 47.5
8.5 48.5
8.5 60.5
9.5 12.5
9.5 19.5
9.5 35.5
9.5 48.5
9.5 60.5
10.5 13.5
10.5 19.5
10.5 35.5
10.5 48.5
11.5 13.5
11.5 18.5
11.5 35.5
11.5 42.5
11.5 49.5
11.5 54.5
11.5 61.5
12.5 7.5
12.5 18.5
12.5 24.5
12.5 36.5
12.5 42.5
12.5 55.5
13.5 7.5
13.5 29.5
13.5 42.5
13.5 55.5
14.5 7.5
14.5 23.5
14.5 30.5
14.5 43.5
14.5 55.5
15.5 8.5
15.5 23.5
15.5 30.5
15.5 43.5
15.5 56.5
16.5 8.5
16.5 31.5
16.5 44.5
16.5 56.5
17.5 8.5
17.5 22.5
17.5 31.5
17.5 44.5
17.5 57.5
18.5 8.5
18.5 22.5
18.5 32.5
18.5 57.5
19.5 32.5
24.5 57.5
25.5 10.5
25.5 22.5
25.5 33.5
25.5 46.5
25.5 57.5
26.5 10.5
26.5 22.5
26.5 47.5
26.5 56.5
27.5 10.5
27.5 11.5
27.5 34.5
27.5 47.5
27.5 56.5
28.5 11.5
28.5 23.5
28.5 34.5
28.5 47.5
28.5 56.5
29.5 11.5
29.5 23.5
29.5 35.5
29.5 48.5
29.5 55.5
30.5 11.5
30.5 12.5
30.5 35.5
30.5 48.5
30.5 55.5
31.5 12.5
31.5 24.5
31.5 36.5
32.5 12.5
32.5 24.5
32.5 29.5
32.5 36.5
32.5 42.5
32.5 49.5
32.5 54.5
32.5 61.5
33.5 5.5
33.5 12.5
33.5 19.5
33.5 30.5
33.5 42.5
33.5 61.5
34.5 5.5
34.5 19.5
34.5 30.5
34.5 42.5
34.5 43.5
34.5 60.5
35.5 6.5
35.5 19.5
35.5 30.5
35.5 43.5
35.5 60.5
36.5 6.5
36.5 19.5
36.5 31.5
36.5 43.5
36.5 60.5
37.5 7.5
37.5 20.5
37.5 31.5
37.5 44.5
37.5 59.5
38.5 7.5
38.5 20.5
38.5 44.5
38.5 59.5
39.5 8.5
39.5 20.5
39.5 32.5
40.5 8.5
46.5 46.5
46.5 57.5
47.5 7.5
47.5 22.5
47.5 34.5
47.5 47.5
47.5 57.5
48.5 6.5
48.5 7.5
48.5 22.5
48.5 34.5
48.5 47.5
48.5 56.5
49.5 6.5
49.5 23.5
49.5 35.5
49.5 48.5
49.5 56.5
50.5 5.5
50.5 6.5
50.5 23.5
50.5 35.5
50.5 48.5
50.5 56.5
51.5 5.5
51.5 23.5
51.5 35.5
51.5 49.5
51.5 55.5
52.5 24.5
52.5 49.5
52.5 55.5
53.5 12.5
53.5 24.5
53.5 36.5
53.5 42.5
53.5 61.5
54.5 12.5
54.5 18.5
54.5 30.5
54.5 36.5
54.5 42.5
54.5 61.5
55.5 11.5
55.5 18.5
55.5 30.5
55.5 43.5
55.5 60.5
56.5 10.5
56.5 11.5
56.5 19.5
56.5 31.5
56.5 43.5
56.5 60.5
57.5 10.5
57.5 19.5
57.5 31.5
57.5 43.5
57.5 44.5
57.5 60.5
58.5 9.5
58.5 20.5
58.5 31.5
58.5 44.5
58.5 59.5
59.5 20.5
59.5 32.5
59.5 44.5
59.5 59.5
60.5 32.5
60.5 45.5
