3.5 7.5
3.5 8.5
4.5 6.5
4.5 7.5
4.5 8.5
4.5 19.5
4.5 20.5
4.5 46.5
4.5 47.5
4.5 57.5
4.5 58.5
5.5 6.5
5.5 7.5
5.5 18.5
5.5 19.5
5.5 20.5
5.5 32.5
5.5 33.5
5.5 46.5
5.5 47.5
5.5 48.5
5.5 56.5
5.5 57.5
5.5 58.5
6.5 5.5
6.5 6.5
6.5 7.5
6.5 17.5
6.5 18.5
6.5 19.5
6.5 20.5
6.5 31.5
6.5 32.5
6.5 33.5
6.5 47.5
6.5 48.5
6.5 49.5
6.5 50.5
6.5 55.5
6.5 56.5
6.5 57.5
7.5 5.5
7.5 6.5
7.5 17.5
7.5 18.5
7.5 19.5
7.5 30.5
7.5 31.5
7.5 32.5
7.5 49.5
7.5 50.5
7.5 55.5
8.5 5.5
8.5 11.5
8.5 12.5
8.5 17.5
8.5 18.5
8.5 30.5
8.5 31.5
8.5 42.5
8.5 43.5
8.5 60.5
8.5 61.5
9.5 10.5
9.5 11.5
9.5 12.5
9.5 24.5
9.5 25.5
9.5 30.5
9.5 36.5
9.5 37.5
9.5 42.5
9.5 43.5
9.5 44.5
9.5 45.5
9.5 59.5
9.5 60.5
9.5 61.5
10.5 10.5
10.5 11.5
10.5 12.5
10.5 23.5
10.5 24.5
10.5 25.5
10.5 35.5
10.5 36.5
10.5 37.5
10.5 42.5
10.5 43.5
10.5 44.5
10.5 45.5
10.5 46.5
10.5 59.5
10.5 60.5
10.5 61.5
11.5 9.5
11.5 10.5
11.5 11.5
11.5 22.5
11.5 23.5
11.5 24.5
11.5 35.5
11.5 36.5
11.5 44.5
11.5 45.5
11.5 46.5
11.5 59.5
11.5 60.5
12.5 9.5
12.5 10.5
12.5 11.5
12.5 21.5
12.5 22.5
12.5 23.5
12.5 24.5
12.5 34.5
12.5 35.5
12.5 36.5
13.5 9.5
13.5 21.5
13.5 22.5
13.5 34.5
16.5 46.5
16.5 47.5
16.5 56.5
16.5 57.5
17.5 8.5
17.5 9.5
17.5 21.5
17.5 34.5
17.5 46.5
17.5 47.5
17.5 48.5
17.5 55.5
17.5 56.5
17.5 57.5
18.5 7.5
18.5 8.5
18.5 9.5
18.5 19.5
18.5 20.5
18.5 21.5
18.5 22.5
18.5 34.5
18.5 35.5
18.5 36.5
18.5 46.5
18.5 47.5
18.5 48.5
18.5 49.5
18.5 54.5
18.5 55.5
18.5 56.5
19.5 6.5
19.5 7.5
19.5 8.5
19.5 18.5
19.5 19.5
19.5 20.5
19.5 21.5
19.5 35.5
19.5 36.5
19.5 37.5
19.5 47.5
19.5 48.5
19.5 49.5
19.5 54.5
19.5 55.5
20.5 5.5
20.5 6.5
20.5 7.5
20.5 18.5
20.5 19.5
20.5 36.5
20.5 37.5
20.5 54.5
21.5 12.5
21.5 13.5
21.5 14.5
21.5 24.5
21.5 25.5
21.5 30.5
21.5 31.5
21.5 42.5
21.5 43.5
21.5 59.5
21.5 60.5
22.5 11.5
22.5 12.5
22.5 13.5
22.5 23.5
22.5 24.5
22.5 25.5
22.5 30.5
22.5 31.5
22.5 32.5
22.5 42.5
22.5 43.5
22.5 44.5
22.5 58.5
22.5 59.5
22.5 60.5
23.5 10.5
23.5 11.5
23.5 12.5
23.5 23.5
23.5 24.5
23.5 31.5
23.5 32.5
23.5 33.5
23.5 43.5
23.5 44.5
23.5 57.5
23.5 58.5
23.5 59.5
24.5 10.5
24.5 11.5
24.5 22.5
24.5 23.5
24.5 32.5
24.5 33.5
24.5 44.5
24.5 45.5
24.5 57.5
28.5 10.5
28.5 11.5
28.5 22.5
28.5 23.5
28.5 33.5
28.5 56.5
29.5 10.5
29.5 11.5
29.5 12.5
29.5 22.5
29.5 23.5
29.5 24.5
29.5 31.5
29.5 32.5
29.5 33.5
29.5 43.5
29.5 44.5
29.5 45.5
29.5 55.5
29.5 56.5
29.5 57.5
30.5 11.5
30.5 12.5
30.5 13.5
30.5 23.5
30.5 24.5
30.5 30.5
30.5 31.5
30.5 32.5
30.5 43.5
30.5 44.5
30.5 54.5
30.5 55.5
30.5 56.5
31.5 11.5
31.5 12.5
31.5 13.5
31.5 14.5
31.5 24.5
31.5 25.5
31.5 29.5
31.5 30.5
31.5 31.5
31.5 42.5
31.5 43.5
31.5 44.5
31.5 54.5
31.5 55.5
31.5 56.5
32.5 13.5
32.5 14.5
32.5 19.5
32.5 25.5
32.5 29.5
32.5 30.5
32.5 42.5
32.5 43.5
32.5 53.5
32.5 54.5
32.5 55.5
33.5 6.5
33.5 7.5
33.5 19.5
33.5 20.5
33.5 35.5
33.5 36.5
33.5 37.5
33.5 42.5
33.5 47.5
33.5 48.5
33.5 49.5
33.5 60.5
33.5 61.5
33.5 62.5
34.5 6.5
34.5 7.5
34.5 8.5
34.5 9.5
34.5 19.5
34.5 20.5
34.5 21.5
34.5 34.5
34.5 35.5
34.5 36.5
34.5 37.5
34.5 47.5
34.5 48.5
34.5 49.5
34.5 59.5
34.5 60.5
34.5 61.5
35.5 7.5
35.5 8.5
35.5 9.5
35.5 20.5
35.5 21.5
35.5 34.5
35.5 35.5
35.5 36.5
35.5 46.5
35.5 47.5
35.5 48.5
35.5 59.5
35.5 60.5
35.5 61.5
36.5 8.5
36.5 9.5
36.5 10.5
36.5 21.5
36.5 33.5
36.5 34.5
36.5 35.5
36.5 46.5
36.5 47.5
36.5 58.5
36.5 59.5
36.5 60.5
37.5 46.5
37.5 58.5
40.5 22.5
41.5 10.5
41.5 11.5
41.5 22.5
41.5 23.5
41.5 32.5
41.5 33.5
41.5 45.5
41.5 58.5
41.5 59.5
42.5 10.5
42.5 11.5
42.5 12.5
42.5 23.5
42.5 24.5
42.5 31.5
42.5 32.5
42.5 33.5
42.5 43.5
42.5 44.5
42.5 45.5
42.5 58.5
42.5 59.5
42.5 60.5
42.5 61.5
43.5 10.5
43.5 11.5
43.5 12.5
43.5 13.5
43.5 23.5
43.5 24.5
43.5 25.5
43.5 30.5
43.5 31.5
43.5 32.5
43.5 42.5
43.5 43.5
43.5 44.5
43.5 45.5
43.5 59.5
43.5 60.5
43.5 61.5
43.5 62.5
44.5 11.5
44.5 12.5
44.5 13.5
44.5 24.5
44.5 25.5
44.5 30.5
44.5 31.5
44.5 32.5
44.5 42.5
44.5 43.5
44.5 60.5
44.5 61.5
44.5 62.5
45.5 5.5
45.5 6.5
45.5 17.5
45.5 18.5
45.5 19.5
45.5 30.5
45.5 37.5
45.5 38.5
45.5 49.5
45.5 54.5
46.5 5.5
46.5 6.5
46.5 7.5
46.5 17.5
46.5 18.5
46.5 19.5
46.5 20.5
46.5 35.5
46.5 36.5
46.5 37.5
46.5 47.5
46.5 48.5
46.5 49.5
46.5 54.5
46.5 55.5
46.5 56.5
47.5 6.5
47.5 7.5
47.5 8.5
47.5 18.5
47.5 19.5
47.5 20.5
47.5 21.5
47.5 35.5
47.5 36.5
47.5 46.5
47.5 47.5
47.5 48.5
47.5 49.5
47.5 54.5
47.5 55.5
47.5 56.5
47.5 57.5
48.5 6.5
48.5 7.5
48.5 8.5
48.5 19.5
48.5 20.5
48.5 21.5
48.5 34.5
48.5 35.5
48.5 46.5
48.5 47.5
48.5 48.5
48.5 55.5
48.5 56.5
48.5 57.5
49.5 57.5
53.5 7.5
53.5 8.5
53.5 20.5
53.5 21.5
53.5 22.5
53.5 34.5
53.5 35.5
53.5 36.5
53.5 44.5
53.5 45.5
53.5 58.5
53.5 59.5
54.5 6.5
54.5 7.5
54.5 8.5
54.5 21.5
54.5 22.5
54.5 23.5
54.5 34.5
54.5 35.5
54.5 36.5
54.5 37.5
54.5 43.5
54.5 44.5
54.5 45.5
54.5 58.5
54.5 59.5
54.5 60.5
55.5 6.5
55.5 7.5
55.5 8.5
55.5 21.5
55.5 22.5
55.5 23.5
55.5 24.5
55.5 35.5
55.5 36.5
55.5 37.5
55.5 42.5
55.5 43.5
55.5 44.5
55.5 45.5
55.5 59.5
55.5 60.5
55.5 61.5
56.5 6.5
56.5 7.5
56.5 22.5
56.5 23.5
56.5 24.5
56.5 25.5
56.5 36.5
56.5 37.5
56.5 42.5
56.5 43.5
56.5 44.5
56.5 60.5
56.5 61.5
57.5 6.5
57.5 12.5
57.5 16.5
57.5 17.5
57.5 24.5
57.5 25.5
57.5 30.5
57.5 37.5
57.5 42.5
57.5 54.5
58.5 11.5
58.5 12.5
58.5 17.5
58.5 18.5
58.5 30.5
58.5 31.5
58.5 32.5
58.5 48.5
58.5 49.5
58.5 50.5
58.5 54.5
58.5 55.5
58.5 56.5
59.5 11.5
59.5 12.5
59.5 17.5
59.5 18.5
59.5 19.5
59.5 30.5
59.5 31.5
59.5 32.5
59.5 47.5
59.5 48.5
59.5 49.5
59.5 55.5
59.5 56.5
59.5 57.5
60.5 10.5
60.5 11.5
60.5 12.5
60.5 18.5
60.5 19.5
60.5 20.5
60.5 31.5
60.5 32.5
60.5 33.5
60.5 46.5
60.5 47.5
60.5 48.5
60.5 49.5
60.5 56.5
60.5 57.5
61.5 10.5
61.5 11.5
61.5 19.5
61.5 20.5
61.5 32.5
61.5 33.5
61.5 46.5
61.5 47.5
61.5 57.5
