4.5 8.5
4.5 9.5
4.5 35.5
4.5 45.5
4.5 57.5
4.5 58.5
5.5 6.5
5.5 7.5
5.5 8.5
5.5 9.5
5.5 23.5
5.5 24.5
5.5 36.5
5.5 44.5
5.5 45.5
5.5 57.5
5.5 58.5
6.5 5.5
6.5 6.5
6.5 7.5
6.5 8.5
6.5 23.5
6.5 24.5
6.5 25.5
6.5 26.5
6.5 36.5
6.5 37.5
6.5 43.5
6.5 44.5
6.5 58.5
6.5 59.5
7.5 5.5
7.5 6.5
7.5 25.5
7.5 26.5
7.5 37.5
7.5 38.5
7.5 42.5
7.5 43.5
7.5 58.5
7.5 59.5
8.5 31.5
8.5 59.5
9.5 12.5
9.5 13.5
9.5 14.5
9.5 19.5
9.5 20.5
9.5 31.5
9.5 32.5
9.5 33.5
9.5 48.5
9.5 49.5
9.5 53.5
9.5 54.5
10.5 11.5
10.5 12.5
10.5 13.5
10.5 19.5
10.5 20.5
10.5 21.5
10.5 32.5
10.5 33.5
10.5 47.5
10.5 48.5
10.5 54.5
11.5 10.5
11.5 11.5
11.5 21.5
11.5 34.5
11.5 46.5
11.5 47.5
11.5 54.5
11.5 55.5
12.5 46.5
12.5 55.5
16.5 10.5
16.5 22.5
16.5 23.5
16.5 32.5
16.5 33.5
17.5 10.5
17.5 11.5
17.5 23.5
17.5 24.5
17.5 31.5
17.5 32.5
17.5 33.5
17.5 44.5
17.5 45.5
17.5 56.5
18.5 10.5
18.5 11.5
18.5 12.5
18.5 23.5
18.5 24.5
18.5 25.5
18.5 31.5
18.5 32.5
18.5 44.5
18.5 45.5
18.5 55.5
18.5 56.5
19.5 11.5
19.5 12.5
19.5 13.5
19.5 24.5
19.5 25.5
19.5 30.5
19.5 31.5
19.5 43.5
19.5 44.5
19.5 55.5
19.5 56.5
20.5 13.5
20.5 38.5
20.5 55.5
21.5 5.5
21.5 6.5
21.5 18.5
21.5 19.5
21.5 36.5
21.5 37.5
21.5 38.5
21.5 49.5
21.5 50.5
21.5 60.5
22.5 6.5
22.5 7.5
22.5 19.5
22.5 20.5
22.5 36.5
22.5 37.5
22.5 49.5
22.5 50.5
22.5 59.5
22.5 60.5
23.5 7.5
23.5 8.5
23.5 19.5
23.5 20.5
23.5 21.5
23.5 35.5
23.5 36.5
23.5 48.5
23.5 49.5
23.5 59.5
23.5 60.5
24.5 8.5
24.5 9.5
24.5 21.5
24.5 48.5
24.5 49.5
24.5 59.5
29.5 9.5
29.5 10.5
29.5 22.5
29.5 35.5
29.5 36.5
29.5 48.5
29.5 60.5
30.5 10.5
30.5 11.5
30.5 22.5
30.5 23.5
30.5 35.5
30.5 36.5
30.5 37.5
30.5 48.5
30.5 49.5
30.5 60.5
30.5 61.5
31.5 10.5
31.5 11.5
31.5 12.5
31.5 23.5
31.5 24.5
31.5 35.5
31.5 36.5
31.5 37.5
31.5 49.5
31.5 50.5
31.5 60.5
31.5 61.5
31.5 62.5
32.5 12.5
32.5 24.5
32.5 25.5
32.5 36.5
32.5 37.5
32.5 50.5
32.5 61.5
32.5 62.5
33.5 5.5
33.5 6.5
33.5 17.5
33.5 30.5
33.5 43.5
33.5 44.5
34.5 5.5
34.5 6.5
34.5 7.5
34.5 17.5
34.5 18.5
34.5 19.5
34.5 30.5
34.5 31.5
34.5 43.5
34.5 44.5
34.5 45.5
34.5 55.5
34.5 56.5
35.5 6.5
35.5 7.5
35.5 18.5
35.5 19.5
35.5 30.5
35.5 31.5
35.5 43.5
35.5 44.5
35.5 45.5
35.5 56.5
35.5 57.5
35.5 58.5
36.5 7.5
36.5 19.5
36.5 20.5
36.5 31.5
36.5 32.5
36.5 44.5
36.5 45.5
36.5 57.5
36.5 58.5
37.5 32.5
41.5 9.5
41.5 19.5
41.5 20.5
41.5 33.5
41.5 43.5
41.5 44.5
41.5 45.5
41.5 58.5
41.5 59.5
42.5 9.5
42.5 10.5
42.5 18.5
42.5 19.5
42.5 20.5
42.5 34.5
42.5 35.5
42.5 41.5
42.5 42.5
42.5 43.5
42.5 59.5
42.5 60.5
42.5 61.5
43.5 10.5
43.5 11.5
43.5 17.5
43.5 18.5
43.5 19.5
43.5 36.5
43.5 60.5
43.5 61.5
43.5 62.5
44.5 11.5
44.5 12.5
44.5 17.5
44.5 49.5
45.5 29.5
45.5 30.5
45.5 47.5
45.5 48.5
45.5 49.5
45.5 54.5
45.5 55.5
46.5 5.5
46.5 6.5
46.5 23.5
46.5 24.5
46.5 29.5
46.5 30.5
46.5 31.5
46.5 32.5
46.5 46.5
46.5 47.5
46.5 48.5
46.5 55.5
46.5 56.5
47.5 5.5
47.5 6.5
47.5 7.5
47.5 22.5
47.5 23.5
47.5 31.5
47.5 32.5
47.5 33.5
47.5 46.5
47.5 56.5
47.5 57.5
48.5 6.5
48.5 7.5
48.5 8.5
48.5 21.5
48.5 22.5
52.5 34.5
52.5 44.5
52.5 45.5
52.5 58.5
53.5 9.5
53.5 20.5
53.5 34.5
53.5 35.5
53.5 44.5
53.5 45.5
53.5 58.5
53.5 59.5
53.5 60.5
54.5 9.5
54.5 10.5
54.5 11.5
54.5 19.5
54.5 20.5
54.5 35.5
54.5 36.5
54.5 44.5
54.5 45.5
54.5 59.5
54.5 60.5
55.5 10.5
55.5 11.5
55.5 12.5
55.5 18.5
55.5 19.5
55.5 20.5
55.5 35.5
55.5 36.5
55.5 37.5
55.5 43.5
55.5 44.5
55.5 45.5
55.5 60.5
55.5 61.5
56.5 12.5
56.5 13.5
56.5 18.5
56.5 19.5
56.5 36.5
56.5 37.5
56.5 43.5
56.5 44.5
57.5 37.5
57.5 38.5
57.5 44.5
57.5 54.5
57.5 55.5
58.5 5.5
58.5 6.5
58.5 24.5
58.5 25.5
58.5 49.5
58.5 54.5
58.5 55.5
58.5 56.5
59.5 5.5
59.5 6.5
59.5 7.5
59.5 8.5
59.5 23.5
59.5 24.5
59.5 30.5
59.5 31.5
59.5 48.5
59.5 49.5
59.5 55.5
59.5 56.5
59.5 57.5
60.5 7.5
60.5 8.5
60.5 9.5
60.5 23.5
60.5 24.5
60.5 31.5
60.5 32.5
60.5 48.5
60.5 57.5
61.5 8.5
61.5 9.5
61.5 23.5
61.5 32.5
61.5 33.5
61.5 47.5
62.5 33.5
62.5 34.5
