2.5 9.5
2.5 59.5
3.5 8.5
3.5 18.5
3.5 29.5
3.5 49.5
3.5 58.5
4.5 8.5
4.5 18.5
4.5 29.5
4.5 39.5
4.5 49.5
4.5 58.5
5.5 7.5
5.5 8.5
5.5 18.5
5.5 30.5
5.5 40.5
5.5 49.5
5.5 50.5
5.5 57.5
5.5 58.5
6.5 7.5
6.5 18.5
6.5 30.5
6.5 40.5
6.5 50.5
6.5 57.5
7.5 7.5
7.5 12.5
7.5 17.5
7.5 18.5
7.5 30.5
7.5 31.5
7.5 40.5
7.5 41.5
7.5 50.5
7.5 57.5
7.5 62.5
8.5 6.5
8.5 12.5
8.5 17.5
8.5 18.5
8.5 25.5
8.5 30.5
8.5 31.5
8.5 36.5
8.5 41.5
8.5 50.5
8.5 51.5
8.5 56.5
8.5 61.5
9.5 6.5
9.5 11.5
9.5 12.5
9.5 17.5
9.5 22.5
9.5 25.5
9.5 31.5
9.5 36.5
9.5 41.5
9.5 42.5
9.5 45.5
9.5 51.5
9.5 56.5
9.5 61.5
10.5 11.5
10.5 12.5
10.5 17.5
10.5 22.5
10.5 26.5
10.5 31.5
10.5 36.5
10.5 37.5
10.5 42.5
10.5 46.5
10.5 51.5
10.5 52.5
10.5 61.5
11.5 5.5
11.5 11.5
11.5 17.5
11.5 21.5
11.5 22.5
11.5 26.5
11.5 31.5
11.5 32.5
11.5 36.5
11.5 37.5
11.5 46.5
11.5 52.5
11.5 55.5
11.5 60.5
11.5 61.5
12.5 10.5
12.5 11.5
12.5 21.5
12.5 26.5
12.5 32.5
12.5 37.5
12.5 47.5
12.5 52.5
12.5 60.5
13.5 10.5
13.5 11.5
13.5 21.5
13.5 26.5
13.5 27.5
13.5 37.5
13.5 47.5
13.5 48.5
13.5 60.5
14.5 10.5
14.5 20.5
14.5 27.5
14.5 37.5
14.5 38.5
14.5 48.5
14.5 59.5
14.5 60.5
15.5 10.5
15.5 20.5
15.5 27.5
15.5 38.5
15.5 48.5
15.5 49.5
15.5 59.5
16.5 10.5
16.5 28.5
16.5 38.5
16.5 49.5
16.5 59.5
17.5 9.5
17.5 19.5
17.5 28.5
17.5 58.5
18.5 9.5
18.5 19.5
18.5 38.5
18.5 48.5
18.5 58.5
19.5 9.5
19.5 10.5
19.5 19.5
19.5 28.5
19.5 38.5
19.5 39.5
19.5 48.5
19.5 58.5
20.5 10.5
20.5 19.5
20.5 28.5
20.5 39.5
20.5 48.5
20.5 59.5
21.5 10.5
21.5 20.5
21.5 29.5
21.5 39.5
21.5 40.5
21.5 47.5
21.5 48.5
21.5 59.5
21.5 60.5
22.5 10.5
22.5 11.5
22.5 20.5
22.5 29.5
22.5 40.5
22.5 41.5
22.5 47.5
22.5 48.5
22.5 55.5
22.5 60.5
23.5 11.5
23.5 16.5
23.5 20.5
23.5 24.5
23.5 29.5
23.5 30.5
23.5 41.5
23.5 47.5
23.5 52.5
23.5 55.5
23.5 60.5
23.5 61.5
24.5 6.5
24.5 11.5
24.5 16.5
24.5 20.5
24.5 24.5
24.5 30.5
24.5 34.5
24.5 41.5
24.5 42.5
24.5 47.5
24.5 52.5
24.5 56.5
24.5 61.5
25.5 6.5
25.5 11.5
25.5 12.5
25.5 16.5
25.5 21.5
25.5 25.5
25.5 30.5
25.5 35.5
25.5 42.5
25.5 47.5
25.5 52.5
25.5 56.5
25.5 62.5
26.5 6.5
26.5 12.5
26.5 16.5
26.5 21.5
26.5 25.5
26.5 31.5
26.5 35.5
26.5 36.5
26.5 42.5
26.5 46.5
26.5 51.5
26.5 56.5
26.5 62.5
27.5 6.5
27.5 7.5
27.5 12.5
27.5 16.5
27.5 17.5
27.5 21.5
27.5 25.5
27.5 26.5
27.5 31.5
27.5 36.5
27.5 37.5
27.5 43.5
27.5 46.5
27.5 51.5
27.5 56.5
27.5 57.5
28.5 7.5
28.5 17.5
28.5 26.5
28.5 37.5
28.5 46.5
28.5 51.5
28.5 57.5
29.5 7.5
29.5 17.5
29.5 26.5
29.5 27.5
29.5 37.5
29.5 38.5
29.5 50.5
29.5 57.5
30.5 7.5
30.5 8.5
30.5 17.5
30.5 27.5
30.5 38.5
30.5 50.5
30.5 57.5
30.5 58.5
31.5 8.5
31.5 17.5
31.5 27.5
31.5 28.5
31.5 39.5
31.5 50.5
31.5 58.5
32.5 8.5
32.5 28.5
32.5 39.5
32.5 40.5
32.5 58.5
33.5 8.5
33.5 18.5
33.5 49.5
33.5 59.5
34.5 8.5
34.5 27.5
34.5 38.5
34.5 59.5
35.5 8.5
35.5 17.5
35.5 27.5
35.5 38.5
35.5 39.5
35.5 49.5
35.5 58.5
36.5 9.5
36.5 17.5
36.5 26.5
36.5 27.5
36.5 39.5
36.5 48.5
36.5 58.5
37.5 9.5
37.5 10.5
37.5 16.5
37.5 26.5
37.5 27.5
37.5 39.5
37.5 40.5
37.5 47.5
37.5 48.5
37.5 57.5
37.5 58.5
37.5 62.5
38.5 10.5
38.5 16.5
38.5 21.5
38.5 26.5
38.5 34.5
38.5 40.5
38.5 47.5
38.5 57.5
38.5 62.5
39.5 5.5
39.5 10.5
39.5 11.5
39.5 15.5
39.5 21.5
39.5 26.5
39.5 31.5
39.5 34.5
39.5 40.5
39.5 41.5
39.5 46.5
39.5 54.5
39.5 57.5
39.5 62.5
40.5 5.5
40.5 11.5
40.5 15.5
40.5 20.5
40.5 21.5
40.5 25.5
40.5 26.5
40.5 31.5
40.5 35.5
40.5 41.5
40.5 46.5
40.5 53.5
40.5 62.5
41.5 6.5
41.5 11.5
41.5 20.5
41.5 25.5
41.5 30.5
41.5 31.5
41.5 35.5
41.5 41.5
41.5 42.5
41.5 45.5
41.5 51.5
41.5 52.5
41.5 56.5
41.5 62.5
42.5 6.5
42.5 7.5
42.5 12.5
42.5 14.5
42.5 20.5
42.5 25.5
42.5 30.5
42.5 36.5
42.5 42.5
42.5 44.5
42.5 50.5
42.5 51.5
42.5 61.5
42.5 62.5
43.5 7.5
43.5 19.5
43.5 20.5
43.5 30.5
43.5 36.5
43.5 49.5
43.5 50.5
43.5 61.5
43.5 62.5
44.5 8.5
44.5 19.5
44.5 29.5
44.5 30.5
44.5 36.5
44.5 37.5
44.5 48.5
44.5 49.5
44.5 61.5
44.5 62.5
45.5 8.5
45.5 19.5
45.5 29.5
45.5 37.5
45.5 47.5
45.5 48.5
45.5 61.5
46.5 9.5
46.5 19.5
46.5 29.5
46.5 37.5
46.5 61.5
47.5 18.5
47.5 38.5
47.5 49.5
47.5 61.5
48.5 8.5
48.5 19.5
48.5 28.5
48.5 38.5
48.5 49.5
48.5 61.5
49.5 8.5
49.5 18.5
49.5 29.5
49.5 49.5
49.5 50.5
49.5 60.5
50.5 7.5
50.5 18.5
50.5 29.5
50.5 37.5
50.5 49.5
50.5 50.5
50.5 59.5
50.5 60.5
51.5 7.5
51.5 17.5
51.5 18.5
51.5 29.5
51.5 30.5
51.5 37.5
51.5 50.5
51.5 51.5
51.5 59.5
52.5 6.5
52.5 7.5
52.5 12.5
52.5 17.5
52.5 30.5
52.5 36.5
52.5 50.5
52.5 51.5
52.5 58.5
52.5 59.5
53.5 6.5
53.5 16.5
53.5 17.5
53.5 23.5
53.5 30.5
53.5 36.5
53.5 41.5
53.5 50.5
53.5 51.5
53.5 58.5
54.5 6.5
54.5 11.5
54.5 16.5
54.5 22.5
54.5 26.5
54.5 31.5
54.5 35.5
54.5 36.5
54.5 41.5
54.5 44.5
54.5 50.5
54.5 51.5
54.5 57.5
54.5 58.5
55.5 5.5
55.5 11.5
55.5 16.5
55.5 22.5
55.5 26.5
55.5 31.5
55.5 35.5
55.5 40.5
55.5 45.5
55.5 51.5
55.5 52.5
55.5 57.5
55.5 63.5
55.5 64.5
56.5 5.5
56.5 10.5
56.5 11.5
56.5 15.5
56.5 21.5
56.5 22.5
56.5 26.5
56.5 27.5
56.5 35.5
56.5 40.5
56.5 45.5
56.5 51.5
56.5 52.5
56.5 56.5
56.5 62.5
56.5 63.5
57.5 10.5
57.5 15.5
57.5 21.5
57.5 27.5
57.5 32.5
57.5 34.5
57.5 39.5
57.5 40.5
57.5 45.5
57.5 46.5
57.5 52.5
57.5 56.5
57.5 62.5
58.5 10.5
58.5 20.5
58.5 21.5
58.5 27.5
58.5 39.5
58.5 46.5
58.5 52.5
58.5 55.5
58.5 61.5
59.5 9.5
59.5 20.5
59.5 27.5
59.5 28.5
59.5 39.5
59.5 46.5
59.5 47.5
59.5 60.5
59.5 61.5
60.5 9.5
60.5 19.5
60.5 20.5
60.5 28.5
60.5 38.5
60.5 39.5
60.5 47.5
60.5 59.5
60.5 60.5
61.5 9.5
61.5 19.5
61.5 28.5
61.5 38.5
61.5 58.5
61.5 59.5
62.5 8.5
62.5 18.5
62.5 19.5
62.5 28.5
62.5 38.5
62.5 48.5
62.5 58.5
63.5 8.5
63.5 18.5
63.5 57.5
