2.5 7.5
2.5 30.5
2.5 31.5
2.5 39.5
2.5 40.5
2.5 49.5
3.5 7.5
3.5 8.5
3.5 17.5
3.5 18.5
3.5 29.5
3.5 30.5
3.5 40.5
3.5 49.5
3.5 50.5
3.5 59.5
4.5 8.5
4.5 9.5
4.5 18.5
4.5 19.5
4.5 20.5
4.5 28.5
4.5 29.5
4.5 40.5
4.5 41.5
4.5 50.5
4.5 51.5
4.5 58.5
4.5 59.5
5.5 8.5
5.5 9.5
5.5 19.5
5.5 20.5
5.5 21.5
5.5 27.5
5.5 28.5
5.5 33.5
5.5 40.5
5.5 41.5
5.5 51.5
5.5 52.5
5.5 58.5
5.5 59.5
6.5 9.5
6.5 10.5
6.5 13.5
6.5 14.5
6.5 21.5
6.5 22.5
6.5 26.5
6.5 27.5
6.5 32.5
6.5 33.5
6.5 36.5
6.5 40.5
6.5 41.5
6.5 45.5
6.5 46.5
6.5 52.5
6.5 53.5
6.5 57.5
6.5 58.5
6.5 63.5
7.5 5.5
7.5 10.5
7.5 14.5
7.5 15.5
7.5 22.5
7.5 23.5
7.5 25.5
7.5 31.5
7.5 32.5
7.5 36.5
7.5 41.5
7.5 42.5
7.5 45.5
7.5 46.5
7.5 47.5
7.5 53.5
7.5 57.5
7.5 62.5
7.5 63.5
8.5 5.5
8.5 10.5
8.5 11.5
8.5 15.5
8.5 16.5
8.5 31.5
8.5 32.5
8.5 36.5
8.5 37.5
8.5 41.5
8.5 42.5
8.5 46.5
8.5 47.5
8.5 48.5
8.5 54.5
8.5 56.5
8.5 61.5
8.5 62.5
9.5 5.5
9.5 6.5
9.5 11.5
9.5 15.5
9.5 16.5
9.5 17.5
9.5 30.5
9.5 31.5
9.5 36.5
9.5 37.5
9.5 42.5
9.5 46.5
9.5 47.5
9.5 48.5
9.5 49.5
9.5 61.5
9.5 62.5
10.5 6.5
10.5 7.5
10.5 16.5
10.5 17.5
10.5 18.5
10.5 29.5
10.5 30.5
10.5 37.5
10.5 38.5
10.5 42.5
10.5 47.5
10.5 48.5
10.5 49.5
10.5 60.5
10.5 61.5
11.5 6.5
11.5 7.5
11.5 18.5
11.5 19.5
11.5 29.5
11.5 30.5
11.5 37.5
11.5 38.5
11.5 48.5
11.5 49.5
11.5 50.5
11.5 60.5
11.5 61.5
12.5 7.5
12.5 8.5
12.5 19.5
12.5 28.5
12.5 38.5
12.5 49.5
12.5 50.5
12.5 60.5
13.5 8.5
13.5 19.5
13.5 38.5
13.5 50.5
14.5 18.5
14.5 19.5
14.5 28.5
14.5 29.5
14.5 39.5
14.5 60.5
14.5 61.5
15.5 7.5
15.5 8.5
15.5 17.5
15.5 18.5
15.5 28.5
15.5 29.5
15.5 38.5
15.5 39.5
15.5 48.5
15.5 49.5
15.5 59.5
15.5 60.5
16.5 8.5
16.5 9.5
16.5 17.5
16.5 18.5
16.5 27.5
16.5 28.5
16.5 37.5
16.5 38.5
16.5 48.5
16.5 49.5
16.5 50.5
16.5 51.5
16.5 58.5
16.5 59.5
17.5 8.5
17.5 9.5
17.5 16.5
17.5 17.5
17.5 23.5
17.5 27.5
17.5 28.5
17.5 37.5
17.5 38.5
17.5 49.5
17.5 50.5
17.5 51.5
17.5 52.5
17.5 58.5
17.5 59.5
18.5 9.5
18.5 10.5
18.5 16.5
18.5 17.5
18.5 22.5
18.5 23.5
18.5 27.5
18.5 28.5
18.5 33.5
18.5 36.5
18.5 37.5
18.5 51.5
18.5 52.5
18.5 53.5
18.5 57.5
18.5 58.5
18.5 63.5
19.5 9.5
19.5 10.5
19.5 11.5
19.5 15.5
19.5 16.5
19.5 22.5
19.5 23.5
19.5 27.5
19.5 28.5
19.5 32.5
19.5 33.5
19.5 36.5
19.5 37.5
19.5 42.5
19.5 45.5
19.5 52.5
19.5 53.5
19.5 54.5
19.5 56.5
19.5 57.5
19.5 62.5
19.5 63.5
20.5 5.5
20.5 10.5
20.5 11.5
20.5 15.5
20.5 21.5
20.5 22.5
20.5 23.5
20.5 27.5
20.5 28.5
20.5 32.5
20.5 35.5
20.5 36.5
20.5 41.5
20.5 42.5
20.5 45.5
20.5 46.5
20.5 56.5
20.5 61.5
20.5 62.5
20.5 63.5
21.5 5.5
21.5 6.5
21.5 11.5
21.5 12.5
21.5 14.5
21.5 15.5
21.5 21.5
21.5 22.5
21.5 27.5
21.5 31.5
21.5 32.5
21.5 35.5
21.5 41.5
21.5 42.5
21.5 46.5
21.5 47.5
21.5 61.5
21.5 62.5
22.5 5.5
22.5 6.5
22.5 7.5
22.5 12.5
22.5 20.5
22.5 21.5
22.5 22.5
22.5 27.5
22.5 31.5
22.5 40.5
22.5 41.5
22.5 42.5
22.5 47.5
22.5 48.5
22.5 60.5
22.5 61.5
23.5 6.5
23.5 7.5
23.5 20.5
23.5 21.5
23.5 30.5
23.5 31.5
23.5 40.5
23.5 41.5
23.5 47.5
23.5 48.5
23.5 49.5
23.5 60.5
23.5 61.5
24.5 7.5
24.5 8.5
24.5 19.5
24.5 20.5
24.5 21.5
24.5 30.5
24.5 39.5
24.5 40.5
24.5 48.5
24.5 49.5
24.5 50.5
24.5 59.5
24.5 60.5
25.5 8.5
25.5 19.5
25.5 20.5
25.5 30.5
25.5 39.5
25.5 40.5
25.5 50.5
25.5 59.5
26.5 8.5
26.5 9.5
26.5 19.5
26.5 20.5
26.5 29.5
26.5 59.5
26.5 60.5
27.5 19.5
27.5 30.5
27.5 39.5
27.5 50.5
27.5 58.5
27.5 59.5
28.5 8.5
28.5 18.5
28.5 19.5
28.5 30.5
28.5 31.5
28.5 39.5
28.5 40.5
28.5 50.5
28.5 51.5
28.5 58.5
28.5 59.5
29.5 8.5
29.5 9.5
29.5 19.5
29.5 20.5
29.5 30.5
29.5 31.5
29.5 39.5
29.5 40.5
29.5 50.5
29.5 51.5
29.5 57.5
29.5 58.5
30.5 8.5
30.5 9.5
30.5 10.5
30.5 19.5
30.5 20.5
30.5 21.5
30.5 30.5
30.5 31.5
30.5 35.5
30.5 40.5
30.5 41.5
30.5 51.5
30.5 52.5
30.5 57.5
30.5 58.5
31.5 9.5
31.5 10.5
31.5 20.5
31.5 21.5
31.5 22.5
31.5 31.5
31.5 32.5
31.5 35.5
31.5 36.5
31.5 40.5
31.5 41.5
31.5 42.5
31.5 51.5
31.5 52.5
31.5 56.5
31.5 57.5
31.5 62.5
31.5 63.5
32.5 10.5
32.5 11.5
32.5 14.5
32.5 15.5
32.5 21.5
32.5 22.5
32.5 26.5
32.5 27.5
32.5 31.5
32.5 32.5
32.5 35.5
32.5 36.5
32.5 41.5
32.5 42.5
32.5 45.5
32.5 46.5
32.5 52.5
32.5 53.5
32.5 56.5
32.5 61.5
32.5 62.5
33.5 5.5
33.5 10.5
33.5 11.5
33.5 14.5
33.5 15.5
33.5 16.5
33.5 22.5
33.5 23.5
33.5 27.5
33.5 31.5
33.5 32.5
33.5 36.5
33.5 37.5
33.5 42.5
33.5 45.5
33.5 46.5
33.5 47.5
33.5 53.5
33.5 61.5
33.5 62.5
34.5 5.5
34.5 6.5
34.5 11.5
34.5 15.5
34.5 16.5
34.5 17.5
34.5 23.5
34.5 24.5
34.5 27.5
34.5 28.5
34.5 32.5
34.5 36.5
34.5 37.5
34.5 43.5
34.5 46.5
34.5 47.5
34.5 48.5
34.5 60.5
34.5 61.5
34.5 68.5
35.5 6.5
35.5 7.5
35.5 16.5
35.5 17.5
35.5 27.5
35.5 28.5
35.5 37.5
35.5 38.5
35.5 47.5
35.5 48.5
35.5 49.5
35.5 59.5
35.5 60.5
36.5 6.5
36.5 7.5
36.5 16.5
36.5 17.5
36.5 18.5
36.5 27.5
36.5 28.5
36.5 37.5
36.5 38.5
36.5 48.5
36.5 49.5
36.5 59.5
37.5 7.5
37.5 8.5
37.5 17.5
37.5 18.5
37.5 19.5
37.5 28.5
37.5 38.5
37.5 49.5
37.5 58.5
38.5 7.5
38.5 19.5
38.5 28.5
38.5 29.5
38.5 38.5
38.5 59.5
39.5 7.5
39.5 28.5
39.5 38.5
39.5 48.5
39.5 58.5
39.5 59.5
40.5 6.5
40.5 7.5
40.5 18.5
40.5 19.5
40.5 28.5
40.5 29.5
40.5 37.5
40.5 38.5
40.5 48.5
40.5 49.5
40.5 50.5
40.5 58.5
40.5 59.5
41.5 6.5
41.5 7.5
41.5 17.5
41.5 18.5
41.5 19.5
41.5 29.5
41.5 30.5
41.5 37.5
41.5 38.5
41.5 49.5
41.5 50.5
41.5 51.5
41.5 57.5
41.5 58.5
41.5 59.5
42.5 5.5
42.5 6.5
42.5 16.5
42.5 17.5
42.5 18.5
42.5 29.5
42.5 30.5
42.5 36.5
42.5 37.5
42.5 50.5
42.5 51.5
42.5 52.5
42.5 57.5
42.5 58.5
43.5 5.5
43.5 6.5
43.5 15.5
43.5 16.5
43.5 17.5
43.5 30.5
43.5 31.5
43.5 36.5
43.5 37.5
43.5 42.5
43.5 51.5
43.5 52.5
43.5 57.5
43.5 58.5
43.5 63.5
44.5 5.5
44.5 6.5
44.5 11.5
44.5 15.5
44.5 16.5
44.5 22.5
44.5 24.5
44.5 30.5
44.5 31.5
44.5 36.5
44.5 37.5
44.5 41.5
44.5 42.5
44.5 44.5
44.5 45.5
44.5 52.5
44.5 53.5
44.5 57.5
44.5 62.5
45.5 5.5
45.5 10.5
45.5 11.5
45.5 14.5
45.5 15.5
45.5 21.5
45.5 22.5
45.5 25.5
45.5 26.5
45.5 31.5
45.5 32.5
45.5 35.5
45.5 36.5
45.5 41.5
45.5 42.5
45.5 45.5
45.5 46.5
45.5 53.5
45.5 54.5
45.5 56.5
45.5 57.5
45.5 61.5
45.5 62.5
46.5 5.5
46.5 9.5
46.5 10.5
46.5 11.5
46.5 14.5
46.5 20.5
46.5 21.5
46.5 25.5
46.5 26.5
46.5 27.5
46.5 32.5
46.5 35.5
46.5 40.5
46.5 41.5
46.5 46.5
46.5 47.5
46.5 56.5
46.5 61.5
46.5 62.5
47.5 9.5
47.5 10.5
47.5 19.5
47.5 20.5
47.5 26.5
47.5 27.5
47.5 32.5
47.5 35.5
47.5 40.5
47.5 41.5
47.5 47.5
47.5 48.5
47.5 60.5
47.5 61.5
48.5 8.5
48.5 9.5
48.5 19.5
48.5 27.5
48.5 28.5
48.5 39.5
48.5 40.5
48.5 47.5
48.5 48.5
48.5 49.5
48.5 60.5
48.5 61.5
49.5 8.5
49.5 9.5
49.5 18.5
49.5 28.5
49.5 29.5
49.5 39.5
49.5 40.5
49.5 49.5
49.5 50.5
49.5 60.5
50.5 8.5
50.5 29.5
50.5 39.5
50.5 50.5
51.5 18.5
51.5 38.5
51.5 39.5
51.5 60.5
52.5 8.5
52.5 17.5
52.5 18.5
52.5 27.5
52.5 38.5
52.5 50.5
52.5 51.5
52.5 60.5
53.5 8.5
53.5 9.5
53.5 16.5
53.5 17.5
53.5 27.5
53.5 28.5
53.5 29.5
53.5 38.5
53.5 39.5
53.5 49.5
53.5 50.5
53.5 60.5
53.5 61.5
54.5 8.5
54.5 9.5
54.5 10.5
54.5 16.5
54.5 17.5
54.5 28.5
54.5 29.5
54.5 30.5
54.5 39.5
54.5 40.5
54.5 48.5
54.5 49.5
54.5 61.5
55.5 9.5
55.5 10.5
55.5 15.5
55.5 16.5
55.5 21.5
55.5 24.5
55.5 29.5
55.5 30.5
55.5 31.5
55.5 40.5
55.5 41.5
55.5 47.5
55.5 48.5
55.5 56.5
55.5 61.5
55.5 62.5
56.5 5.5
56.5 10.5
56.5 11.5
56.5 14.5
56.5 15.5
56.5 20.5
56.5 21.5
56.5 24.5
56.5 25.5
56.5 30.5
56.5 31.5
56.5 34.5
56.5 41.5
56.5 42.5
56.5 46.5
56.5 47.5
56.5 53.5
56.5 56.5
56.5 57.5
56.5 61.5
56.5 62.5
57.5 5.5
57.5 10.5
57.5 11.5
57.5 14.5
57.5 19.5
57.5 20.5
57.5 21.5
57.5 25.5
57.5 31.5
57.5 32.5
57.5 34.5
57.5 35.5
57.5 36.5
57.5 42.5
57.5 43.5
57.5 45.5
57.5 46.5
57.5 52.5
57.5 53.5
57.5 56.5
57.5 57.5
57.5 62.5
57.5 63.5
58.5 5.5
58.5 6.5
58.5 19.5
58.5 20.5
58.5 25.5
58.5 26.5
58.5 35.5
58.5 36.5
58.5 37.5
58.5 43.5
58.5 45.5
58.5 51.5
58.5 52.5
58.5 56.5
58.5 57.5
58.5 58.5
58.5 63.5
59.5 5.5
59.5 6.5
59.5 18.5
59.5 19.5
59.5 20.5
59.5 25.5
59.5 26.5
59.5 36.5
59.5 37.5
59.5 38.5
59.5 50.5
59.5 51.5
59.5 52.5
59.5 57.5
59.5 58.5
60.5 6.5
60.5 7.5
60.5 18.5
60.5 19.5
60.5 26.5
60.5 27.5
60.5 37.5
60.5 38.5
60.5 39.5
60.5 50.5
60.5 51.5
60.5 57.5
60.5 58.5
61.5 6.5
61.5 7.5
61.5 17.5
61.5 18.5
61.5 19.5
61.5 26.5
61.5 27.5
61.5 39.5
61.5 40.5
61.5 49.5
61.5 50.5
61.5 57.5
61.5 58.5
62.5 7.5
62.5 17.5
62.5 18.5
62.5 27.5
62.5 49.5
62.5 58.5
62.5 59.5
63.5 17.5
63.5 58.5
63.5 59.5
