2.5 57.5
2.5 58.5
3.5 57.5
3.5 58.5
3.5 59.5
3.5 60.5
4.5 6.5
4.5 7.5
4.5 8.5
4.5 9.5
4.5 22.5
4.5 23.5
4.5 24.5
4.5 34.5
4.5 35.5
4.5 46.5
4.5 47.5
4.5 57.5
4.5 58.5
4.5 59.5
4.5 60.5
4.5 61.5
5.5 6.5
5.5 7.5
5.5 8.5
5.5 9.5
5.5 23.5
5.5 24.5
5.5 25.5
5.5 26.5
5.5 34.5
5.5 35.5
5.5 36.5
5.5 46.5
5.5 47.5
5.5 48.5
5.5 58.5
5.5 59.5
5.5 60.5
5.5 61.5
6.5 5.5
6.5 6.5
6.5 7.5
6.5 8.5
6.5 24.5
6.5 25.5
6.5 26.5
6.5 35.5
6.5 36.5
6.5 37.5
6.5 47.5
6.5 48.5
6.5 49.5
6.5 60.5
7.5 6.5
7.5 26.5
7.5 31.5
7.5 36.5
7.5 37.5
7.5 48.5
7.5 49.5
7.5 54.5
7.5 55.5
8.5 11.5
8.5 12.5
8.5 13.5
8.5 18.5
8.5 19.5
8.5 20.5
8.5 31.5
8.5 32.5
8.5 42.5
8.5 43.5
8.5 44.5
8.5 54.5
8.5 55.5
8.5 56.5
9.5 10.5
9.5 11.5
9.5 12.5
9.5 13.5
9.5 18.5
9.5 19.5
9.5 20.5
9.5 21.5
9.5 22.5
9.5 31.5
9.5 32.5
9.5 33.5
9.5 42.5
9.5 43.5
9.5 44.5
9.5 45.5
9.5 55.5
9.5 56.5
9.5 57.5
10.5 10.5
10.5 11.5
10.5 12.5
10.5 19.5
10.5 20.5
10.5 21.5
10.5 22.5
10.5 32.5
10.5 33.5
10.5 43.5
10.5 44.5
10.5 45.5
10.5 46.5
10.5 56.5
10.5 57.5
11.5 10.5
11.5 11.5
14.5 34.5
14.5 35.5
14.5 43.5
14.5 44.5
14.5 45.5
14.5 56.5
14.5 57.5
14.5 58.5
15.5 7.5
15.5 8.5
15.5 9.5
15.5 22.5
15.5 23.5
15.5 24.5
15.5 25.5
15.5 34.5
15.5 35.5
15.5 36.5
15.5 42.5
15.5 43.5
15.5 44.5
15.5 45.5
15.5 55.5
15.5 56.5
15.5 57.5
16.5 6.5
16.5 7.5
16.5 8.5
16.5 9.5
16.5 22.5
16.5 23.5
16.5 24.5
16.5 25.5
16.5 26.5
16.5 35.5
16.5 36.5
16.5 41.5
16.5 42.5
16.5 43.5
16.5 44.5
16.5 55.5
16.5 56.5
17.5 6.5
17.5 7.5
17.5 8.5
17.5 23.5
17.5 24.5
17.5 25.5
17.5 26.5
17.5 31.5
17.5 36.5
17.5 41.5
17.5 42.5
17.5 48.5
17.5 49.5
17.5 50.5
18.5 6.5
18.5 12.5
18.5 13.5
18.5 18.5
18.5 19.5
18.5 31.5
18.5 32.5
18.5 47.5
18.5 48.5
18.5 49.5
18.5 50.5
18.5 59.5
18.5 60.5
18.5 61.5
19.5 10.5
19.5 11.5
19.5 12.5
19.5 13.5
19.5 18.5
19.5 19.5
19.5 20.5
19.5 31.5
19.5 32.5
19.5 33.5
19.5 46.5
19.5 47.5
19.5 48.5
19.5 49.5
19.5 59.5
19.5 60.5
19.5 61.5
20.5 10.5
20.5 11.5
20.5 12.5
20.5 19.5
20.5 20.5
20.5 21.5
20.5 32.5
20.5 33.5
20.5 46.5
20.5 58.5
20.5 59.5
20.5 60.5
20.5 61.5
21.5 10.5
21.5 21.5
21.5 59.5
24.5 10.5
24.5 22.5
24.5 33.5
24.5 44.5
24.5 45.5
24.5 46.5
25.5 9.5
25.5 10.5
25.5 11.5
25.5 12.5
25.5 22.5
25.5 23.5
25.5 24.5
25.5 31.5
25.5 32.5
25.5 33.5
25.5 43.5
25.5 44.5
25.5 45.5
25.5 46.5
25.5 56.5
25.5 57.5
25.5 58.5
26.5 10.5
26.5 11.5
26.5 12.5
26.5 13.5
26.5 23.5
26.5 24.5
26.5 25.5
26.5 30.5
26.5 31.5
26.5 32.5
26.5 42.5
26.5 43.5
26.5 44.5
26.5 45.5
26.5 55.5
26.5 56.5
26.5 57.5
26.5 58.5
27.5 11.5
27.5 12.5
27.5 13.5
27.5 24.5
27.5 25.5
27.5 26.5
27.5 30.5
27.5 31.5
27.5 42.5
27.5 43.5
27.5 44.5
27.5 50.5
27.5 55.5
27.5 56.5
27.5 57.5
28.5 5.5
28.5 6.5
28.5 7.5
28.5 18.5
28.5 19.5
28.5 20.5
28.5 35.5
28.5 36.5
28.5 37.5
28.5 48.5
28.5 49.5
28.5 50.5
28.5 51.5
28.5 61.5
28.5 62.5
29.5 6.5
29.5 7.5
29.5 8.5
29.5 18.5
29.5 19.5
29.5 20.5
29.5 21.5
29.5 34.5
29.5 35.5
29.5 36.5
29.5 37.5
29.5 47.5
29.5 48.5
29.5 49.5
29.5 50.5
29.5 60.5
29.5 61.5
30.5 7.5
30.5 8.5
30.5 9.5
30.5 19.5
30.5 20.5
30.5 21.5
30.5 34.5
30.5 35.5
30.5 36.5
30.5 37.5
30.5 47.5
30.5 48.5
30.5 49.5
30.5 59.5
30.5 60.5
31.5 34.5
31.5 35.5
31.5 47.5
31.5 48.5
33.5 60.5
34.5 7.5
34.5 8.5
34.5 9.5
34.5 20.5
34.5 21.5
34.5 59.5
34.5 60.5
34.5 61.5
35.5 6.5
35.5 7.5
35.5 8.5
35.5 9.5
35.5 18.5
35.5 19.5
35.5 20.5
35.5 21.5
35.5 34.5
35.5 35.5
35.5 36.5
35.5 47.5
35.5 48.5
35.5 49.5
35.5 59.5
35.5 60.5
35.5 61.5
35.5 62.5
36.5 6.5
36.5 7.5
36.5 8.5
36.5 17.5
36.5 18.5
36.5 19.5
36.5 20.5
36.5 35.5
36.5 36.5
36.5 37.5
36.5 38.5
36.5 47.5
36.5 48.5
36.5 49.5
36.5 50.5
36.5 60.5
36.5 61.5
36.5 62.5
37.5 6.5
37.5 12.5
37.5 36.5
37.5 37.5
37.5 38.5
37.5 48.5
37.5 49.5
37.5 50.5
37.5 51.5
38.5 11.5
38.5 12.5
38.5 22.5
38.5 23.5
38.5 24.5
38.5 25.5
38.5 30.5
38.5 31.5
38.5 32.5
38.5 43.5
38.5 50.5
38.5 55.5
38.5 56.5
38.5 57.5
39.5 10.5
39.5 11.5
39.5 21.5
39.5 22.5
39.5 23.5
39.5 24.5
39.5 25.5
39.5 30.5
39.5 31.5
39.5 32.5
39.5 33.5
39.5 43.5
39.5 44.5
39.5 45.5
39.5 55.5
39.5 56.5
39.5 57.5
39.5 58.5
40.5 21.5
40.5 22.5
40.5 23.5
40.5 31.5
40.5 32.5
40.5 33.5
40.5 34.5
40.5 44.5
40.5 45.5
40.5 46.5
40.5 56.5
40.5 57.5
40.5 58.5
41.5 33.5
41.5 45.5
41.5 46.5
41.5 57.5
44.5 10.5
44.5 11.5
44.5 12.5
44.5 19.5
44.5 20.5
45.5 10.5
45.5 11.5
45.5 12.5
45.5 18.5
45.5 19.5
45.5 20.5
45.5 21.5
45.5 33.5
45.5 34.5
45.5 35.5
45.5 36.5
45.5 46.5
45.5 47.5
45.5 48.5
45.5 59.5
45.5 60.5
45.5 61.5
46.5 11.5
46.5 12.5
46.5 13.5
46.5 17.5
46.5 18.5
46.5 19.5
46.5 20.5
46.5 34.5
46.5 35.5
46.5 36.5
46.5 37.5
46.5 47.5
46.5 48.5
46.5 49.5
46.5 59.5
46.5 60.5
46.5 61.5
47.5 12.5
47.5 13.5
47.5 17.5
47.5 18.5
47.5 19.5
47.5 35.5
47.5 36.5
47.5 37.5
47.5 47.5
47.5 48.5
47.5 49.5
47.5 50.5
47.5 60.5
47.5 61.5
47.5 62.5
48.5 5.5
48.5 6.5
48.5 7.5
48.5 8.5
48.5 25.5
48.5 30.5
48.5 31.5
48.5 42.5
48.5 43.5
48.5 44.5
48.5 49.5
48.5 50.5
48.5 55.5
49.5 5.5
49.5 6.5
49.5 7.5
49.5 8.5
49.5 9.5
49.5 23.5
49.5 24.5
49.5 25.5
49.5 26.5
49.5 30.5
49.5 31.5
49.5 32.5
49.5 42.5
49.5 43.5
49.5 44.5
49.5 45.5
49.5 54.5
49.5 55.5
49.5 56.5
49.5 57.5
50.5 6.5
50.5 7.5
50.5 8.5
50.5 9.5
50.5 22.5
50.5 23.5
50.5 24.5
50.5 25.5
50.5 31.5
50.5 32.5
50.5 33.5
50.5 43.5
50.5 44.5
50.5 45.5
50.5 55.5
50.5 56.5
50.5 57.5
50.5 58.5
51.5 8.5
51.5 22.5
51.5 23.5
51.5 24.5
51.5 45.5
51.5 56.5
51.5 57.5
51.5 58.5
54.5 33.5
55.5 6.5
55.5 7.5
55.5 8.5
55.5 22.5
55.5 23.5
55.5 24.5
55.5 25.5
55.5 31.5
55.5 32.5
55.5 33.5
55.5 43.5
55.5 44.5
55.5 45.5
55.5 57.5
55.5 58.5
55.5 59.5
55.5 60.5
56.5 5.5
56.5 6.5
56.5 7.5
56.5 8.5
56.5 23.5
56.5 24.5
56.5 25.5
56.5 26.5
56.5 31.5
56.5 32.5
56.5 42.5
56.5 43.5
56.5 44.5
56.5 45.5
56.5 58.5
56.5 59.5
56.5 60.5
56.5 61.5
57.5 5.5
57.5 6.5
57.5 7.5
57.5 25.5
57.5 42.5
57.5 43.5
57.5 44.5
57.5 45.5
57.5 59.5
57.5 60.5
57.5 61.5
58.5 5.5
58.5 6.5
58.5 18.5
58.5 19.5
58.5 20.5
58.5 35.5
58.5 36.5
58.5 37.5
58.5 42.5
58.5 43.5
58.5 44.5
58.5 54.5
58.5 55.5
59.5 11.5
59.5 12.5
59.5 13.5
59.5 18.5
59.5 19.5
59.5 20.5
59.5 21.5
59.5 34.5
59.5 35.5
59.5 36.5
59.5 37.5
59.5 48.5
59.5 49.5
59.5 54.5
59.5 55.5
59.5 56.5
60.5 9.5
60.5 10.5
60.5 11.5
60.5 12.5
60.5 13.5
60.5 18.5
60.5 19.5
60.5 20.5
60.5 21.5
60.5 34.5
60.5 35.5
60.5 36.5
60.5 37.5
60.5 47.5
60.5 48.5
60.5 49.5
60.5 54.5
60.5 55.5
60.5 56.5
60.5 57.5
61.5 9.5
61.5 10.5
61.5 11.5
61.5 35.5
61.5 36.5
61.5 47.5
61.5 48.5
61.5 49.5
61.5 56.5
62.5 47.5
