3.5 25.5
3.5 40.5
4.5 27.5
4.5 41.5
4.5 42.5
4.5 56.5
5.5 9.5
5.5 10.5
5.5 28.5
5.5 29.5
5.5 42.5
5.5 43.5
5.5 55.5
6.5 11.5
6.5 12.5
6.5 13.5
6.5 30.5
6.5 31.5
6.5 44.5
6.5 45.5
6.5 54.5
7.5 13.5
7.5 14.5
7.5 15.5
7.5 19.5
7.5 20.5
7.5 31.5
7.5 32.5
7.5 35.5
7.5 45.5
7.5 46.5
7.5 53.5
8.5 16.5
8.5 17.5
8.5 21.5
8.5 22.5
8.5 33.5
8.5 37.5
8.5 47.5
8.5 51.5
8.5 52.5
8.5 63.5
9.5 5.5
9.5 18.5
9.5 22.5
9.5 23.5
9.5 38.5
9.5 49.5
9.5 50.5
9.5 61.5
9.5 68.5
10.5 6.5
10.5 7.5
10.5 24.5
10.5 25.5
10.5 39.5
10.5 40.5
10.5 59.5
10.5 60.5
11.5 8.5
11.5 9.5
11.5 25.5
11.5 26.5
11.5 40.5
11.5 41.5
11.5 57.5
11.5 58.5
12.5 11.5
12.5 27.5
12.5 28.5
12.5 42.5
12.5 55.5
12.5 56.5
13.5 13.5
13.5 54.5
15.5 13.5
15.5 43.5
16.5 11.5
16.5 12.5
16.5 24.5
16.5 25.5
16.5 41.5
17.5 9.5
17.5 10.5
17.5 26.5
17.5 27.5
17.5 28.5
17.5 39.5
17.5 57.5
17.5 58.5
18.5 7.5
18.5 8.5
18.5 29.5
18.5 30.5
18.5 37.5
18.5 38.5
18.5 55.5
18.5 56.5
19.5 5.5
19.5 6.5
19.5 18.5
19.5 31.5
19.5 32.5
19.5 35.5
19.5 36.5
19.5 53.5
19.5 54.5
20.5 16.5
20.5 17.5
20.5 20.5
20.5 34.5
20.5 49.5
20.5 50.5
20.5 51.5
20.5 52.5
20.5 63.5
21.5 14.5
21.5 15.5
21.5 21.5
21.5 22.5
21.5 45.5
21.5 46.5
21.5 47.5
21.5 62.5
22.5 13.5
22.5 14.5
22.5 23.5
22.5 24.5
22.5 42.5
22.5 43.5
22.5 44.5
22.5 60.5
22.5 61.5
23.5 11.5
23.5 12.5
23.5 26.5
23.5 39.5
23.5 40.5
23.5 41.5
23.5 58.5
23.5 59.5
24.5 10.5
24.5 28.5
24.5 57.5
27.5 10.5
27.5 26.5
27.5 45.5
27.5 57.5
28.5 11.5
28.5 25.5
28.5 42.5
28.5 43.5
28.5 58.5
29.5 12.5
29.5 13.5
29.5 24.5
29.5 39.5
29.5 40.5
29.5 41.5
29.5 59.5
30.5 14.5
30.5 23.5
30.5 32.5
30.5 37.5
30.5 38.5
30.5 39.5
30.5 60.5
31.5 15.5
31.5 16.5
31.5 22.5
31.5 31.5
31.5 34.5
31.5 35.5
31.5 36.5
31.5 61.5
32.5 17.5
32.5 21.5
32.5 30.5
32.5 48.5
32.5 49.5
32.5 51.5
32.5 52.5
32.5 62.5
33.5 5.5
33.5 6.5
33.5 18.5
33.5 20.5
33.5 29.5
33.5 46.5
33.5 47.5
33.5 52.5
33.5 53.5
33.5 63.5
33.5 68.5
34.5 6.5
34.5 7.5
34.5 8.5
34.5 28.5
34.5 44.5
34.5 45.5
34.5 54.5
34.5 64.5
35.5 8.5
35.5 9.5
35.5 10.5
35.5 27.5
35.5 43.5
35.5 44.5
35.5 55.5
36.5 10.5
36.5 11.5
36.5 12.5
36.5 26.5
36.5 41.5
36.5 42.5
36.5 56.5
36.5 57.5
37.5 13.5
37.5 25.5
37.5 40.5
37.5 57.5
37.5 58.5
39.5 26.5
39.5 44.5
40.5 27.5
40.5 42.5
40.5 43.5
41.5 28.5
41.5 41.5
41.5 42.5
41.5 57.5
42.5 9.5
42.5 10.5
42.5 11.5
42.5 12.5
42.5 29.5
42.5 39.5
42.5 40.5
42.5 55.5
42.5 56.5
43.5 12.5
43.5 13.5
43.5 14.5
43.5 15.5
43.5 30.5
43.5 38.5
43.5 39.5
43.5 53.5
43.5 54.5
44.5 16.5
44.5 17.5
44.5 18.5
44.5 20.5
44.5 31.5
44.5 37.5
44.5 38.5
44.5 48.5
44.5 51.5
44.5 52.5
45.5 21.5
45.5 22.5
45.5 32.5
45.5 35.5
45.5 36.5
45.5 47.5
45.5 50.5
45.5 63.5
46.5 5.5
46.5 23.5
46.5 24.5
46.5 45.5
46.5 61.5
46.5 62.5
47.5 6.5
47.5 7.5
47.5 8.5
47.5 24.5
47.5 25.5
47.5 44.5
47.5 59.5
47.5 60.5
48.5 9.5
48.5 10.5
48.5 26.5
48.5 27.5
48.5 42.5
48.5 43.5
48.5 57.5
48.5 58.5
49.5 12.5
49.5 28.5
49.5 41.5
49.5 56.5
50.5 54.5
52.5 11.5
52.5 12.5
52.5 29.5
52.5 43.5
53.5 9.5
53.5 10.5
53.5 27.5
53.5 42.5
53.5 58.5
54.5 6.5
54.5 7.5
54.5 8.5
54.5 25.5
54.5 26.5
54.5 41.5
54.5 56.5
54.5 57.5
55.5 5.5
55.5 6.5
55.5 23.5
55.5 24.5
55.5 40.5
55.5 55.5
55.5 56.5
56.5 17.5
56.5 21.5
56.5 22.5
56.5 39.5
56.5 48.5
56.5 53.5
56.5 54.5
56.5 55.5
57.5 15.5
57.5 16.5
57.5 19.5
57.5 20.5
57.5 35.5
57.5 38.5
57.5 47.5
57.5 52.5
57.5 53.5
57.5 63.5
58.5 13.5
58.5 14.5
58.5 32.5
58.5 33.5
58.5 37.5
58.5 46.5
58.5 47.5
58.5 51.5
58.5 62.5
59.5 11.5
59.5 12.5
59.5 30.5
59.5 31.5
59.5 32.5
59.5 36.5
59.5 45.5
59.5 46.5
59.5 60.5
60.5 9.5
60.5 10.5
60.5 28.5
60.5 29.5
60.5 30.5
60.5 44.5
60.5 45.5
60.5 59.5
61.5 8.5
61.5 26.5
61.5 27.5
61.5 28.5
61.5 43.5
61.5 44.5
61.5 57.5
62.5 25.5
62.5 42.5
62.5 43.5
62.5 56.5
63.5 42.5
