4.5 11.5
4.5 12.5
4.5 13.5
4.5 14.5
4.5 24.5
4.5 25.5
4.5 26.5
4.5 40.5
4.5 55.5
5.5 11.5
5.5 12.5
5.5 13.5
5.5 14.5
5.5 15.5
5.5 23.5
5.5 24.5
5.5 25.5
5.5 26.5
5.5 38.5
5.5 39.5
5.5 40.5
5.5 41.5
5.5 53.5
5.5 54.5
5.5 55.5
5.5 56.5
6.5 11.5
6.5 12.5
6.5 13.5
6.5 14.5
6.5 15.5
6.5 16.5
6.5 22.5
6.5 23.5
6.5 24.5
6.5 25.5
6.5 26.5
6.5 38.5
6.5 39.5
6.5 40.5
6.5 41.5
6.5 52.5
6.5 53.5
6.5 54.5
6.5 55.5
6.5 56.5
7.5 12.5
7.5 13.5
7.5 14.5
7.5 15.5
7.5 16.5
7.5 17.5
7.5 22.5
7.5 23.5
7.5 24.5
7.5 25.5
7.5 37.5
7.5 38.5
7.5 39.5
7.5 40.5
7.5 41.5
7.5 51.5
7.5 52.5
7.5 53.5
7.5 54.5
7.5 55.5
8.5 13.5
8.5 14.5
8.5 15.5
8.5 16.5
8.5 22.5
8.5 23.5
8.5 24.5
8.5 37.5
8.5 38.5
8.5 39.5
8.5 40.5
8.5 51.5
8.5 52.5
8.5 53.5
8.5 54.5
8.5 55.5
9.5 5.5
9.5 6.5
9.5 7.5
9.5 29.5
9.5 30.5
9.5 36.5
9.5 37.5
9.5 38.5
9.5 39.5
9.5 40.5
9.5 51.5
9.5 52.5
9.5 53.5
9.5 54.5
10.5 5.5
10.5 6.5
10.5 7.5
10.5 8.5
10.5 9.5
10.5 28.5
10.5 29.5
10.5 30.5
10.5 31.5
10.5 36.5
10.5 37.5
10.5 38.5
10.5 39.5
10.5 45.5
10.5 51.5
10.5 52.5
10.5 53.5
10.5 59.5
10.5 60.5
10.5 61.5
11.5 5.5
11.5 6.5
11.5 7.5
11.5 8.5
11.5 9.5
11.5 10.5
11.5 27.5
11.5 28.5
11.5 29.5
11.5 30.5
11.5 31.5
11.5 37.5
11.5 38.5
11.5 44.5
11.5 45.5
11.5 46.5
11.5 58.5
11.5 59.5
11.5 60.5
11.5 61.5
12.5 5.5
12.5 6.5
12.5 7.5
12.5 8.5
12.5 9.5
12.5 10.5
12.5 26.5
12.5 27.5
12.5 28.5
12.5 29.5
12.5 30.5
12.5 31.5
12.5 43.5
12.5 44.5
12.5 45.5
12.5 46.5
12.5 57.5
12.5 58.5
12.5 59.5
12.5 60.5
12.5 61.5
13.5 6.5
13.5 7.5
13.5 8.5
13.5 9.5
13.5 10.5
13.5 26.5
13.5 27.5
13.5 28.5
13.5 29.5
13.5 30.5
13.5 31.5
13.5 42.5
13.5 43.5
13.5 44.5
13.5 45.5
13.5 46.5
13.5 57.5
13.5 58.5
13.5 59.5
13.5 60.5
14.5 7.5
14.5 8.5
14.5 9.5
14.5 10.5
14.5 26.5
14.5 27.5
14.5 28.5
14.5 29.5
14.5 30.5
14.5 42.5
14.5 43.5
14.5 44.5
14.5 45.5
14.5 56.5
14.5 57.5
14.5 58.5
14.5 59.5
15.5 27.5
15.5 28.5
15.5 29.5
15.5 42.5
15.5 43.5
15.5 44.5
15.5 45.5
15.5 56.5
15.5 57.5
15.5 58.5
16.5 42.5
16.5 43.5
16.5 44.5
19.5 11.5
19.5 12.5
20.5 10.5
20.5 11.5
20.5 12.5
20.5 13.5
20.5 14.5
20.5 24.5
20.5 25.5
20.5 26.5
20.5 57.5
20.5 58.5
20.5 59.5
21.5 10.5
21.5 11.5
21.5 12.5
21.5 13.5
21.5 14.5
21.5 15.5
21.5 22.5
21.5 23.5
21.5 24.5
21.5 25.5
21.5 26.5
21.5 27.5
21.5 42.5
21.5 43.5
21.5 44.5
21.5 57.5
21.5 58.5
21.5 59.5
21.5 60.5
22.5 11.5
22.5 12.5
22.5 13.5
22.5 14.5
22.5 15.5
22.5 16.5
22.5 21.5
22.5 22.5
22.5 23.5
22.5 24.5
22.5 25.5
22.5 26.5
22.5 27.5
22.5 42.5
22.5 43.5
22.5 44.5
22.5 45.5
22.5 57.5
22.5 58.5
22.5 59.5
22.5 60.5
22.5 61.5
23.5 12.5
23.5 13.5
23.5 14.5
23.5 15.5
23.5 16.5
23.5 21.5
23.5 22.5
23.5 23.5
23.5 24.5
23.5 25.5
23.5 26.5
23.5 42.5
23.5 43.5
23.5 44.5
23.5 45.5
23.5 46.5
23.5 58.5
23.5 59.5
23.5 60.5
23.5 61.5
23.5 62.5
24.5 13.5
24.5 14.5
24.5 15.5
24.5 16.5
24.5 21.5
24.5 22.5
24.5 23.5
24.5 24.5
24.5 25.5
24.5 42.5
24.5 43.5
24.5 44.5
24.5 45.5
24.5 46.5
24.5 59.5
24.5 60.5
24.5 61.5
24.5 62.5
25.5 5.5
25.5 6.5
25.5 7.5
25.5 22.5
25.5 23.5
25.5 24.5
25.5 44.5
25.5 45.5
25.5 46.5
25.5 51.5
25.5 52.5
25.5 53.5
25.5 54.5
26.5 5.5
26.5 6.5
26.5 7.5
26.5 8.5
26.5 9.5
26.5 29.5
26.5 30.5
26.5 31.5
26.5 32.5
26.5 37.5
26.5 38.5
26.5 39.5
26.5 51.5
26.5 52.5
26.5 53.5
26.5 54.5
26.5 55.5
26.5 56.5
27.5 5.5
27.5 6.5
27.5 7.5
27.5 8.5
27.5 9.5
27.5 10.5
27.5 28.5
27.5 29.5
27.5 30.5
27.5 31.5
27.5 32.5
27.5 37.5
27.5 38.5
27.5 39.5
27.5 40.5
27.5 52.5
27.5 53.5
27.5 54.5
27.5 55.5
27.5 56.5
27.5 57.5
28.5 5.5
28.5 6.5
28.5 7.5
28.5 8.5
28.5 9.5
28.5 10.5
28.5 27.5
28.5 28.5
28.5 29.5
28.5 30.5
28.5 31.5
28.5 37.5
28.5 38.5
28.5 39.5
28.5 40.5
28.5 41.5
28.5 53.5
28.5 54.5
28.5 55.5
28.5 56.5
28.5 57.5
29.5 7.5
29.5 8.5
29.5 9.5
29.5 10.5
29.5 26.5
29.5 27.5
29.5 28.5
29.5 29.5
29.5 30.5
29.5 38.5
29.5 39.5
29.5 40.5
29.5 41.5
29.5 54.5
29.5 55.5
29.5 56.5
29.5 57.5
30.5 27.5
30.5 28.5
30.5 40.5
30.5 41.5
34.5 10.5
34.5 11.5
34.5 25.5
34.5 26.5
34.5 40.5
34.5 56.5
34.5 57.5
34.5 58.5
34.5 59.5
35.5 9.5
35.5 10.5
35.5 11.5
35.5 12.5
35.5 13.5
35.5 23.5
35.5 24.5
35.5 25.5
35.5 26.5
35.5 39.5
35.5 40.5
35.5 41.5
35.5 56.5
35.5 57.5
35.5 58.5
35.5 59.5
35.5 60.5
36.5 10.5
36.5 11.5
36.5 12.5
36.5 13.5
36.5 14.5
36.5 22.5
36.5 23.5
36.5 24.5
36.5 25.5
36.5 26.5
36.5 38.5
36.5 39.5
36.5 40.5
36.5 41.5
36.5 56.5
36.5 57.5
36.5 58.5
36.5 59.5
36.5 60.5
36.5 61.5
37.5 10.5
37.5 11.5
37.5 12.5
37.5 13.5
37.5 14.5
37.5 15.5
37.5 21.5
37.5 22.5
37.5 23.5
37.5 24.5
37.5 25.5
37.5 37.5
37.5 38.5
37.5 39.5
37.5 40.5
37.5 41.5
37.5 57.5
37.5 58.5
37.5 59.5
37.5 60.5
37.5 61.5
37.5 62.5
38.5 11.5
38.5 12.5
38.5 13.5
38.5 14.5
38.5 15.5
38.5 16.5
38.5 21.5
38.5 22.5
38.5 23.5
38.5 24.5
38.5 25.5
38.5 37.5
38.5 38.5
38.5 39.5
38.5 40.5
38.5 58.5
38.5 59.5
38.5 60.5
38.5 61.5
38.5 62.5
39.5 5.5
39.5 6.5
39.5 13.5
39.5 14.5
39.5 15.5
39.5 21.5
39.5 22.5
39.5 23.5
39.5 36.5
39.5 37.5
39.5 38.5
39.5 39.5
39.5 52.5
39.5 53.5
39.5 60.5
39.5 61.5
40.5 5.5
40.5 6.5
40.5 7.5
40.5 28.5
40.5 29.5
40.5 30.5
40.5 31.5
40.5 36.5
40.5 37.5
40.5 38.5
40.5 44.5
40.5 45.5
40.5 46.5
40.5 47.5
40.5 52.5
40.5 53.5
40.5 54.5
40.5 55.5
41.5 5.5
41.5 6.5
41.5 7.5
41.5 8.5
41.5 9.5
41.5 27.5
41.5 28.5
41.5 29.5
41.5 30.5
41.5 31.5
41.5 43.5
41.5 44.5
41.5 45.5
41.5 46.5
41.5 47.5
41.5 52.5
41.5 53.5
41.5 54.5
41.5 55.5
42.5 5.5
42.5 6.5
42.5 7.5
42.5 8.5
42.5 9.5
42.5 26.5
42.5 27.5
42.5 28.5
42.5 29.5
42.5 30.5
42.5 31.5
42.5 42.5
42.5 43.5
42.5 44.5
42.5 45.5
42.5 46.5
42.5 52.5
42.5 53.5
42.5 54.5
42.5 55.5
42.5 56.5
43.5 5.5
43.5 6.5
43.5 7.5
43.5 8.5
43.5 9.5
43.5 10.5
43.5 26.5
43.5 27.5
43.5 28.5
43.5 29.5
43.5 30.5
43.5 42.5
43.5 43.5
43.5 44.5
43.5 45.5
43.5 46.5
43.5 53.5
43.5 54.5
43.5 55.5
43.5 56.5
44.5 7.5
44.5 8.5
44.5 9.5
44.5 10.5
44.5 26.5
44.5 27.5
44.5 28.5
44.5 29.5
44.5 30.5
44.5 41.5
44.5 42.5
44.5 43.5
44.5 44.5
44.5 45.5
44.5 54.5
44.5 55.5
44.5 56.5
45.5 26.5
45.5 27.5
45.5 28.5
45.5 41.5
45.5 42.5
45.5 43.5
45.5 44.5
49.5 9.5
49.5 58.5
50.5 7.5
50.5 8.5
50.5 9.5
50.5 10.5
50.5 26.5
50.5 27.5
50.5 28.5
50.5 57.5
50.5 58.5
50.5 59.5
51.5 6.5
51.5 7.5
51.5 8.5
51.5 9.5
51.5 10.5
51.5 26.5
51.5 27.5
51.5 28.5
51.5 29.5
51.5 42.5
51.5 43.5
51.5 44.5
51.5 45.5
51.5 57.5
51.5 58.5
51.5 59.5
51.5 60.5
52.5 5.5
52.5 6.5
52.5 7.5
52.5 8.5
52.5 9.5
52.5 10.5
52.5 26.5
52.5 27.5
52.5 28.5
52.5 29.5
52.5 30.5
52.5 42.5
52.5 43.5
52.5 44.5
52.5 45.5
52.5 46.5
52.5 57.5
52.5 58.5
52.5 59.5
52.5 60.5
52.5 61.5
53.5 5.5
53.5 6.5
53.5 7.5
53.5 8.5
53.5 9.5
53.5 27.5
53.5 28.5
53.5 29.5
53.5 30.5
53.5 31.5
53.5 42.5
53.5 43.5
53.5 44.5
53.5 45.5
53.5 46.5
53.5 47.5
53.5 57.5
53.5 58.5
53.5 59.5
53.5 60.5
53.5 61.5
54.5 5.5
54.5 6.5
54.5 7.5
54.5 8.5
54.5 28.5
54.5 29.5
54.5 30.5
54.5 31.5
54.5 43.5
54.5 44.5
54.5 45.5
54.5 46.5
54.5 47.5
54.5 48.5
54.5 58.5
54.5 59.5
54.5 60.5
54.5 61.5
55.5 5.5
55.5 6.5
55.5 7.5
55.5 14.5
55.5 15.5
55.5 21.5
55.5 22.5
55.5 23.5
55.5 37.5
55.5 44.5
55.5 45.5
55.5 46.5
55.5 47.5
55.5 48.5
55.5 53.5
55.5 59.5
55.5 60.5
55.5 61.5
56.5 12.5
56.5 13.5
56.5 14.5
56.5 15.5
56.5 20.5
56.5 21.5
56.5 22.5
56.5 23.5
56.5 24.5
56.5 36.5
56.5 37.5
56.5 38.5
56.5 39.5
56.5 40.5
56.5 53.5
56.5 54.5
56.5 55.5
56.5 60.5
57.5 11.5
57.5 12.5
57.5 13.5
57.5 14.5
57.5 15.5
57.5 21.5
57.5 22.5
57.5 23.5
57.5 24.5
57.5 25.5
57.5 36.5
57.5 37.5
57.5 38.5
57.5 39.5
57.5 40.5
57.5 41.5
57.5 53.5
57.5 54.5
57.5 55.5
57.5 56.5
58.5 11.5
58.5 12.5
58.5 13.5
58.5 14.5
58.5 15.5
58.5 21.5
58.5 22.5
58.5 23.5
58.5 24.5
58.5 25.5
58.5 37.5
58.5 38.5
58.5 39.5
58.5 40.5
58.5 41.5
58.5 42.5
58.5 53.5
58.5 54.5
58.5 55.5
58.5 56.5
59.5 10.5
59.5 11.5
59.5 12.5
59.5 13.5
59.5 14.5
59.5 21.5
59.5 22.5
59.5 23.5
59.5 24.5
59.5 25.5
59.5 38.5
59.5 39.5
59.5 40.5
59.5 41.5
59.5 42.5
59.5 54.5
59.5 55.5
59.5 56.5
59.5 57.5
60.5 10.5
60.5 11.5
60.5 12.5
60.5 13.5
60.5 14.5
60.5 22.5
60.5 23.5
60.5 24.5
60.5 25.5
60.5 40.5
60.5 41.5
60.5 42.5
60.5 54.5
60.5 55.5
60.5 56.5
60.5 57.5
61.5 10.5
61.5 11.5
61.5 12.5
61.5 13.5
61.5 56.5
61.5 57.5
