4.5 11.5
4.5 56.5
4.5 57.5
4.5 58.5
5.5 12.5
5.5 13.5
5.5 23.5
5.5 24.5
5.5 39.5
5.5 40.5
5.5 59.5
5.5 60.5
5.5 61.5
6.5 14.5
6.5 15.5
6.5 21.5
6.5 22.5
6.5 37.5
6.5 38.5
7.5 36.5
8.5 7.5
8.5 8.5
8.5 45.5
8.5 46.5
8.5 52.5
8.5 53.5
8.5 54.5
9.5 8.5
9.5 9.5
9.5 28.5
9.5 29.5
9.5 43.5
9.5 44.5
9.5 54.5
9.5 55.5
9.5 56.5
10.5 26.5
10.5 27.5
10.5 41.5
10.5 42.5
14.5 10.5
14.5 57.5
14.5 58.5
15.5 7.5
15.5 8.5
15.5 9.5
15.5 23.5
15.5 24.5
15.5 25.5
15.5 42.5
15.5 43.5
15.5 58.5
15.5 59.5
16.5 6.5
16.5 7.5
16.5 21.5
16.5 22.5
16.5 43.5
16.5 44.5
16.5 45.5
16.5 60.5
16.5 61.5
17.5 45.5
17.5 46.5
18.5 14.5
18.5 15.5
18.5 29.5
18.5 30.5
18.5 36.5
18.5 52.5
19.5 12.5
19.5 13.5
19.5 27.5
19.5 28.5
19.5 37.5
19.5 38.5
19.5 53.5
19.5 54.5
20.5 39.5
20.5 40.5
20.5 54.5
20.5 55.5
20.5 56.5
24.5 11.5
24.5 26.5
24.5 27.5
25.5 12.5
25.5 13.5
25.5 28.5
25.5 29.5
25.5 40.5
25.5 41.5
25.5 56.5
25.5 57.5
26.5 13.5
26.5 14.5
26.5 15.5
26.5 30.5
26.5 36.5
26.5 37.5
26.5 38.5
26.5 39.5
26.5 58.5
26.5 59.5
26.5 60.5
27.5 5.5
27.5 61.5
28.5 6.5
28.5 7.5
28.5 21.5
28.5 22.5
28.5 23.5
28.5 45.5
28.5 46.5
28.5 51.5
28.5 52.5
29.5 8.5
29.5 9.5
29.5 23.5
29.5 24.5
29.5 25.5
29.5 42.5
29.5 43.5
29.5 44.5
29.5 53.5
29.5 54.5
29.5 55.5
30.5 10.5
30.5 56.5
34.5 9.5
34.5 10.5
34.5 25.5
34.5 26.5
34.5 40.5
34.5 41.5
34.5 56.5
34.5 57.5
35.5 6.5
35.5 7.5
35.5 8.5
35.5 23.5
35.5 24.5
35.5 39.5
35.5 40.5
35.5 54.5
35.5 55.5
36.5 5.5
36.5 6.5
36.5 21.5
36.5 22.5
36.5 38.5
36.5 39.5
36.5 52.5
36.5 53.5
36.5 54.5
37.5 37.5
38.5 13.5
38.5 14.5
38.5 15.5
38.5 30.5
38.5 31.5
38.5 46.5
38.5 61.5
39.5 11.5
39.5 12.5
39.5 28.5
39.5 29.5
39.5 30.5
39.5 44.5
39.5 45.5
39.5 59.5
39.5 60.5
40.5 27.5
40.5 28.5
40.5 43.5
40.5 44.5
40.5 57.5
40.5 58.5
41.5 42.5
44.5 10.5
44.5 11.5
45.5 12.5
45.5 13.5
45.5 26.5
45.5 57.5
45.5 58.5
46.5 13.5
46.5 14.5
46.5 15.5
46.5 23.5
46.5 24.5
46.5 25.5
46.5 42.5
46.5 43.5
46.5 58.5
46.5 59.5
46.5 60.5
47.5 21.5
47.5 22.5
47.5 23.5
47.5 44.5
47.5 45.5
47.5 46.5
47.5 60.5
47.5 61.5
48.5 6.5
48.5 62.5
49.5 6.5
49.5 7.5
49.5 52.5
49.5 53.5
50.5 7.5
50.5 8.5
50.5 37.5
50.5 54.5
50.5 55.5
51.5 8.5
51.5 9.5
51.5 27.5
51.5 28.5
51.5 29.5
51.5 30.5
51.5 31.5
51.5 38.5
51.5 39.5
51.5 56.5
51.5 57.5
52.5 25.5
52.5 26.5
52.5 27.5
52.5 40.5
52.5 41.5
56.5 10.5
56.5 11.5
56.5 58.5
56.5 59.5
57.5 12.5
57.5 13.5
57.5 23.5
57.5 24.5
57.5 25.5
57.5 26.5
57.5 41.5
57.5 42.5
57.5 43.5
57.5 60.5
57.5 61.5
57.5 62.5
58.5 14.5
58.5 15.5
58.5 20.5
58.5 21.5
58.5 22.5
58.5 23.5
58.5 43.5
58.5 44.5
58.5 45.5
58.5 46.5
59.5 51.5
59.5 52.5
59.5 53.5
60.5 6.5
60.5 7.5
60.5 8.5
60.5 54.5
60.5 55.5
60.5 56.5
61.5 9.5
61.5 10.5
61.5 28.5
61.5 29.5
61.5 30.5
61.5 37.5
61.5 38.5
61.5 39.5
