2.5 10.5
2.5 33.5
2.5 45.5
3.5 10.5
3.5 20.5
3.5 32.5
3.5 57.5
4.5 20.5
4.5 32.5
4.5 46.5
4.5 57.5
5.5 11.5
5.5 32.5
5.5 46.5
5.5 57.5
6.5 11.5
6.5 19.5
6.5 25.5
6.5 32.5
6.5 47.5
6.5 56.5
7.5 11.5
7.5 19.5
7.5 31.5
7.5 47.5
7.5 56.5
8.5 31.5
8.5 40.5
8.5 47.5
8.5 56.5
9.5 5.5
9.5 12.5
9.5 18.5
9.5 24.5
9.5 31.5
9.5 38.5
9.5 48.5
9.5 55.5
9.5 63.5
10.5 12.5
10.5 18.5
10.5 24.5
10.5 30.5
10.5 31.5
10.5 41.5
10.5 48.5
10.5 55.5
11.5 6.5
11.5 12.5
11.5 18.5
11.5 24.5
11.5 30.5
11.5 37.5
11.5 41.5
11.5 48.5
11.5 55.5
11.5 62.5
12.5 6.5
12.5 23.5
12.5 30.5
12.5 37.5
12.5 42.5
12.5 49.5
12.5 62.5
13.5 6.5
13.5 13.5
13.5 17.5
13.5 23.5
13.5 30.5
13.5 42.5
13.5 49.5
13.5 54.5
13.5 61.5
14.5 7.5
14.5 13.5
14.5 17.5
14.5 23.5
14.5 29.5
14.5 36.5
14.5 43.5
14.5 54.5
14.5 61.5
15.5 7.5
15.5 13.5
15.5 23.5
15.5 29.5
15.5 36.5
15.5 43.5
15.5 50.5
15.5 61.5
16.5 7.5
16.5 22.5
16.5 29.5
16.5 35.5
16.5 44.5
16.5 53.5
16.5 60.5
17.5 8.5
17.5 16.5
17.5 22.5
17.5 35.5
17.5 44.5
17.5 53.5
17.5 60.5
18.5 8.5
18.5 22.5
18.5 45.5
18.5 59.5
19.5 8.5
19.5 22.5
19.5 34.5
19.5 45.5
19.5 59.5
20.5 34.5
20.5 59.5
20.5 60.5
21.5 8.5
21.5 9.5
21.5 21.5
21.5 33.5
21.5 46.5
21.5 47.5
21.5 58.5
22.5 9.5
22.5 21.5
22.5 33.5
22.5 46.5
22.5 58.5
22.5 59.5
23.5 9.5
23.5 21.5
23.5 46.5
23.5 47.5
23.5 59.5
24.5 9.5
24.5 21.5
24.5 34.5
24.5 45.5
24.5 57.5
24.5 59.5
25.5 9.5
25.5 22.5
25.5 34.5
25.5 45.5
25.5 58.5
26.5 10.5
26.5 22.5
26.5 44.5
26.5 58.5
27.5 10.5
27.5 22.5
27.5 29.5
27.5 35.5
27.5 44.5
27.5 51.5
27.5 58.5
28.5 10.5
28.5 22.5
28.5 29.5
28.5 35.5
28.5 43.5
28.5 51.5
28.5 57.5
28.5 64.5
29.5 16.5
29.5 23.5
29.5 29.5
29.5 35.5
29.5 43.5
29.5 50.5
29.5 57.5
30.5 11.5
30.5 16.5
30.5 23.5
30.5 36.5
30.5 42.5
30.5 50.5
30.5 57.5
31.5 5.5
31.5 11.5
31.5 23.5
31.5 30.5
31.5 36.5
31.5 42.5
31.5 50.5
31.5 56.5
31.5 57.5
31.5 63.5
32.5 5.5
32.5 11.5
32.5 17.5
32.5 24.5
32.5 30.5
32.5 41.5
32.5 49.5
32.5 56.5
33.5 12.5
33.5 17.5
33.5 24.5
33.5 30.5
33.5 37.5
33.5 41.5
33.5 49.5
33.5 56.5
33.5 62.5
34.5 6.5
34.5 12.5
34.5 24.5
34.5 30.5
34.5 37.5
34.5 40.5
34.5 48.5
34.5 49.5
34.5 56.5
34.5 62.5
35.5 6.5
35.5 12.5
35.5 18.5
35.5 24.5
35.5 31.5
35.5 40.5
35.5 48.5
35.5 55.5
36.5 7.5
36.5 18.5
36.5 31.5
36.5 48.5
36.5 55.5
36.5 61.5
37.5 7.5
37.5 13.5
37.5 18.5
37.5 25.5
37.5 31.5
37.5 47.5
37.5 48.5
37.5 61.5
38.5 13.5
38.5 19.5
38.5 25.5
38.5 31.5
38.5 47.5
39.5 8.5
39.5 19.5
39.5 31.5
39.5 47.5
39.5 60.5
40.5 8.5
40.5 19.5
40.5 46.5
40.5 60.5
41.5 31.5
41.5 32.5
41.5 46.5
42.5 9.5
42.5 20.5
42.5 31.5
42.5 32.5
42.5 46.5
42.5 47.5
42.5 59.5
43.5 9.5
43.5 20.5
43.5 32.5
43.5 45.5
43.5 47.5
43.5 58.5
43.5 59.5
44.5 20.5
44.5 32.5
44.5 45.5
44.5 46.5
45.5 8.5
45.5 33.5
45.5 46.5
45.5 58.5
45.5 59.5
46.5 8.5
46.5 19.5
46.5 33.5
46.5 45.5
46.5 59.5
47.5 8.5
47.5 19.5
47.5 34.5
47.5 45.5
48.5 13.5
48.5 19.5
48.5 34.5
48.5 44.5
48.5 60.5
49.5 7.5
49.5 13.5
49.5 19.5
49.5 25.5
49.5 27.5
49.5 35.5
49.5 44.5
49.5 52.5
49.5 60.5
50.5 7.5
50.5 18.5
50.5 25.5
50.5 28.5
50.5 35.5
50.5 43.5
50.5 44.5
50.5 55.5
51.5 7.5
51.5 18.5
51.5 28.5
51.5 36.5
51.5 43.5
51.5 51.5
51.5 55.5
51.5 61.5
52.5 12.5
52.5 18.5
52.5 24.5
52.5 29.5
52.5 36.5
52.5 42.5
52.5 43.5
52.5 50.5
52.5 55.5
52.5 61.5
53.5 6.5
53.5 12.5
53.5 24.5
53.5 29.5
53.5 37.5
53.5 42.5
53.5 50.5
54.5 6.5
54.5 12.5
54.5 17.5
54.5 24.5
54.5 30.5
54.5 37.5
54.5 41.5
54.5 49.5
54.5 56.5
54.5 62.5
55.5 17.5
55.5 30.5
55.5 41.5
55.5 49.5
55.5 56.5
56.5 11.5
56.5 17.5
56.5 23.5
56.5 31.5
56.5 38.5
56.5 48.5
56.5 56.5
57.5 5.5
57.5 11.5
57.5 23.5
57.5 31.5
57.5 40.5
57.5 48.5
57.5 56.5
57.5 63.5
58.5 11.5
58.5 23.5
58.5 32.5
58.5 47.5
58.5 57.5
59.5 11.5
59.5 16.5
59.5 32.5
59.5 47.5
59.5 57.5
60.5 10.5
60.5 22.5
60.5 33.5
60.5 46.5
60.5 57.5
61.5 10.5
61.5 22.5
61.5 33.5
61.5 57.5
62.5 10.5
62.5 22.5
62.5 34.5
62.5 45.5
62.5 58.5
63.5 58.5
