2.5 57.5
3.5 45.5
3.5 56.5
4.5 9.5
4.5 19.5
4.5 20.5
4.5 33.5
4.5 34.5
4.5 44.5
4.5 55.5
4.5 56.5
5.5 10.5
5.5 21.5
5.5 31.5
5.5 32.5
5.5 43.5
5.5 50.5
5.5 54.5
5.5 55.5
5.5 62.5
6.5 11.5
6.5 12.5
6.5 22.5
6.5 23.5
6.5 28.5
6.5 29.5
6.5 30.5
6.5 42.5
6.5 49.5
6.5 53.5
6.5 54.5
6.5 61.5
7.5 5.5
7.5 13.5
7.5 15.5
7.5 23.5
7.5 24.5
7.5 26.5
7.5 27.5
7.5 38.5
7.5 39.5
7.5 41.5
7.5 48.5
7.5 52.5
7.5 53.5
7.5 60.5
7.5 68.5
8.5 6.5
8.5 15.5
8.5 17.5
8.5 25.5
8.5 35.5
8.5 36.5
8.5 37.5
8.5 47.5
8.5 48.5
8.5 59.5
9.5 7.5
9.5 18.5
9.5 19.5
9.5 33.5
9.5 34.5
9.5 46.5
9.5 47.5
9.5 58.5
10.5 8.5
10.5 21.5
10.5 31.5
10.5 32.5
10.5 46.5
10.5 57.5
11.5 9.5
11.5 45.5
11.5 56.5
12.5 10.5
12.5 21.5
12.5 30.5
12.5 44.5
13.5 20.5
13.5 31.5
13.5 32.5
13.5 46.5
13.5 55.5
14.5 7.5
14.5 8.5
14.5 18.5
14.5 19.5
14.5 33.5
14.5 34.5
14.5 47.5
14.5 57.5
15.5 9.5
15.5 10.5
15.5 17.5
15.5 18.5
15.5 34.5
15.5 35.5
15.5 40.5
15.5 48.5
15.5 58.5
15.5 59.5
16.5 11.5
16.5 12.5
16.5 16.5
16.5 26.5
16.5 36.5
16.5 37.5
16.5 41.5
16.5 49.5
16.5 52.5
16.5 60.5
16.5 61.5
17.5 13.5
17.5 15.5
17.5 24.5
17.5 25.5
17.5 27.5
17.5 28.5
17.5 37.5
17.5 38.5
17.5 42.5
17.5 43.5
17.5 50.5
17.5 53.5
17.5 54.5
18.5 5.5
18.5 22.5
18.5 23.5
18.5 24.5
18.5 28.5
18.5 29.5
18.5 39.5
18.5 43.5
18.5 44.5
18.5 55.5
18.5 56.5
19.5 6.5
19.5 7.5
19.5 21.5
19.5 22.5
19.5 29.5
19.5 30.5
19.5 44.5
19.5 45.5
19.5 57.5
19.5 68.5
20.5 8.5
20.5 9.5
20.5 20.5
20.5 21.5
20.5 31.5
20.5 32.5
20.5 45.5
20.5 46.5
20.5 58.5
21.5 10.5
21.5 19.5
21.5 32.5
21.5 33.5
21.5 46.5
21.5 47.5
21.5 58.5
22.5 10.5
22.5 33.5
22.5 34.5
22.5 57.5
23.5 9.5
23.5 35.5
23.5 47.5
23.5 57.5
24.5 8.5
24.5 22.5
24.5 23.5
24.5 45.5
24.5 46.5
24.5 56.5
25.5 6.5
25.5 7.5
25.5 18.5
25.5 19.5
25.5 20.5
25.5 21.5
25.5 33.5
25.5 34.5
25.5 44.5
25.5 55.5
25.5 62.5
26.5 5.5
26.5 6.5
26.5 13.5
26.5 16.5
26.5 17.5
26.5 18.5
26.5 30.5
26.5 31.5
26.5 42.5
26.5 50.5
26.5 51.5
26.5 54.5
26.5 61.5
27.5 5.5
27.5 12.5
27.5 14.5
27.5 26.5
27.5 27.5
27.5 28.5
27.5 38.5
27.5 39.5
27.5 40.5
27.5 49.5
27.5 50.5
27.5 53.5
27.5 60.5
27.5 61.5
28.5 11.5
28.5 24.5
28.5 35.5
28.5 36.5
28.5 37.5
28.5 47.5
28.5 48.5
28.5 59.5
28.5 60.5
29.5 10.5
29.5 21.5
29.5 22.5
29.5 33.5
29.5 34.5
29.5 46.5
29.5 47.5
29.5 59.5
30.5 8.5
30.5 9.5
30.5 19.5
30.5 20.5
30.5 45.5
30.5 58.5
30.5 59.5
31.5 32.5
31.5 57.5
31.5 58.5
32.5 8.5
32.5 20.5
32.5 33.5
32.5 48.5
32.5 57.5
33.5 9.5
33.5 21.5
33.5 22.5
33.5 34.5
33.5 46.5
33.5 47.5
33.5 56.5
34.5 10.5
34.5 22.5
34.5 23.5
34.5 35.5
34.5 36.5
34.5 44.5
34.5 45.5
34.5 56.5
34.5 57.5
35.5 11.5
35.5 23.5
35.5 24.5
35.5 28.5
35.5 36.5
35.5 37.5
35.5 43.5
35.5 44.5
35.5 58.5
36.5 12.5
36.5 16.5
36.5 24.5
36.5 25.5
36.5 28.5
36.5 29.5
36.5 37.5
36.5 38.5
36.5 42.5
36.5 43.5
36.5 52.5
36.5 59.5
36.5 60.5
37.5 5.5
37.5 6.5
37.5 13.5
37.5 17.5
37.5 26.5
37.5 30.5
37.5 38.5
37.5 39.5
37.5 41.5
37.5 51.5
37.5 52.5
37.5 53.5
37.5 54.5
37.5 61.5
37.5 62.5
38.5 6.5
38.5 7.5
38.5 14.5
38.5 18.5
38.5 19.5
38.5 27.5
38.5 31.5
38.5 49.5
38.5 50.5
38.5 54.5
38.5 55.5
38.5 63.5
39.5 7.5
39.5 8.5
39.5 19.5
39.5 20.5
39.5 32.5
39.5 47.5
39.5 48.5
39.5 49.5
39.5 55.5
39.5 56.5
40.5 9.5
40.5 20.5
40.5 21.5
40.5 33.5
40.5 46.5
40.5 47.5
40.5 57.5
41.5 10.5
41.5 22.5
41.5 34.5
41.5 44.5
41.5 45.5
41.5 58.5
42.5 23.5
43.5 8.5
43.5 22.5
43.5 35.5
43.5 57.5
44.5 9.5
44.5 21.5
44.5 33.5
44.5 34.5
44.5 47.5
44.5 48.5
44.5 58.5
45.5 10.5
45.5 11.5
45.5 20.5
45.5 31.5
45.5 32.5
45.5 45.5
45.5 46.5
45.5 59.5
46.5 11.5
46.5 12.5
46.5 18.5
46.5 19.5
46.5 27.5
46.5 30.5
46.5 31.5
46.5 40.5
46.5 43.5
46.5 44.5
46.5 60.5
47.5 5.5
47.5 12.5
47.5 13.5
47.5 17.5
47.5 18.5
47.5 26.5
47.5 29.5
47.5 38.5
47.5 39.5
47.5 41.5
47.5 42.5
47.5 51.5
47.5 52.5
47.5 61.5
48.5 5.5
48.5 6.5
48.5 14.5
48.5 16.5
48.5 24.5
48.5 25.5
48.5 27.5
48.5 36.5
48.5 37.5
48.5 40.5
48.5 50.5
48.5 53.5
48.5 62.5
48.5 68.5
49.5 6.5
49.5 7.5
49.5 15.5
49.5 23.5
49.5 35.5
49.5 36.5
49.5 48.5
49.5 49.5
49.5 54.5
49.5 55.5
49.5 63.5
50.5 7.5
50.5 8.5
50.5 21.5
50.5 22.5
50.5 33.5
50.5 34.5
50.5 47.5
50.5 56.5
50.5 57.5
50.5 64.5
51.5 9.5
51.5 20.5
51.5 21.5
51.5 32.5
51.5 33.5
51.5 46.5
51.5 57.5
51.5 58.5
52.5 10.5
52.5 19.5
52.5 59.5
52.5 60.5
53.5 23.5
53.5 32.5
53.5 47.5
53.5 61.5
54.5 7.5
54.5 8.5
54.5 22.5
54.5 33.5
54.5 34.5
54.5 46.5
55.5 9.5
55.5 20.5
55.5 21.5
55.5 34.5
55.5 35.5
55.5 45.5
55.5 57.5
56.5 10.5
56.5 11.5
56.5 19.5
56.5 20.5
56.5 27.5
56.5 36.5
56.5 44.5
56.5 58.5
56.5 59.5
57.5 12.5
57.5 18.5
57.5 26.5
57.5 28.5
57.5 37.5
57.5 38.5
57.5 43.5
57.5 44.5
57.5 51.5
57.5 59.5
57.5 60.5
58.5 13.5
58.5 14.5
58.5 17.5
58.5 25.5
58.5 29.5
58.5 38.5
58.5 39.5
58.5 42.5
58.5 43.5
58.5 50.5
58.5 52.5
58.5 60.5
58.5 61.5
59.5 5.5
59.5 6.5
59.5 15.5
59.5 24.5
59.5 30.5
59.5 31.5
59.5 40.5
59.5 42.5
59.5 49.5
59.5 53.5
59.5 54.5
59.5 62.5
59.5 63.5
60.5 6.5
60.5 7.5
60.5 8.5
60.5 23.5
60.5 31.5
60.5 32.5
60.5 48.5
60.5 54.5
60.5 55.5
60.5 63.5
60.5 64.5
61.5 8.5
61.5 9.5
61.5 22.5
61.5 32.5
61.5 33.5
61.5 47.5
61.5 55.5
61.5 56.5
62.5 10.5
62.5 11.5
62.5 21.5
62.5 33.5
62.5 34.5
62.5 46.5
62.5 56.5
62.5 57.5
63.5 20.5
63.5 35.5
63.5 45.5
63.5 57.5
63.5 58.5
