2.5 33.5
3.5 10.5
3.5 20.5
3.5 33.5
3.5 58.5
4.5 19.5
4.5 32.5
4.5 45.5
4.5 59.5
5.5 6.5
5.5 11.5
5.5 19.5
5.5 31.5
5.5 46.5
5.5 59.5
6.5 6.5
6.5 18.5
6.5 25.5
6.5 31.5
6.5 47.5
6.5 60.5
7.5 6.5
7.5 12.5
7.5 18.5
7.5 30.5
7.5 40.5
7.5 48.5
8.5 7.5
8.5 17.5
8.5 24.5
8.5 30.5
8.5 38.5
8.5 48.5
8.5 49.5
8.5 53.5
8.5 61.5
9.5 7.5
9.5 17.5
9.5 24.5
9.5 29.5
9.5 37.5
9.5 41.5
9.5 49.5
9.5 54.5
9.5 62.5
10.5 7.5
10.5 16.5
10.5 23.5
10.5 36.5
10.5 42.5
10.5 50.5
10.5 55.5
10.5 62.5
11.5 7.5
11.5 23.5
11.5 28.5
11.5 36.5
11.5 42.5
11.5 51.5
11.5 56.5
11.5 63.5
12.5 8.5
12.5 22.5
12.5 27.5
12.5 35.5
12.5 43.5
12.5 56.5
13.5 8.5
13.5 22.5
13.5 34.5
13.5 44.5
13.5 57.5
14.5 8.5
14.5 33.5
14.5 34.5
14.5 44.5
14.5 58.5
15.5 8.5
15.5 21.5
15.5 33.5
15.5 45.5
16.5 32.5
16.5 59.5
17.5 9.5
17.5 20.5
17.5 21.5
17.5 31.5
17.5 60.5
18.5 9.5
18.5 45.5
18.5 57.5
19.5 8.5
19.5 20.5
19.5 58.5
20.5 9.5
20.5 33.5
20.5 46.5
20.5 59.5
21.5 10.5
21.5 19.5
21.5 32.5
21.5 47.5
21.5 59.5
22.5 11.5
22.5 19.5
22.5 31.5
22.5 47.5
22.5 53.5
22.5 60.5
23.5 11.5
23.5 12.5
23.5 18.5
23.5 25.5
23.5 31.5
23.5 38.5
23.5 48.5
23.5 61.5
24.5 12.5
24.5 18.5
24.5 30.5
24.5 40.5
24.5 48.5
24.5 54.5
24.5 62.5
25.5 5.5
25.5 13.5
25.5 17.5
25.5 24.5
25.5 29.5
25.5 37.5
25.5 41.5
25.5 49.5
25.5 55.5
25.5 62.5
26.5 5.5
26.5 14.5
26.5 17.5
26.5 23.5
26.5 36.5
26.5 42.5
26.5 55.5
26.5 63.5
27.5 6.5
27.5 23.5
27.5 28.5
27.5 42.5
27.5 50.5
27.5 56.5
27.5 64.5
28.5 7.5
28.5 22.5
28.5 27.5
28.5 35.5
28.5 43.5
28.5 56.5
29.5 8.5
29.5 22.5
29.5 34.5
29.5 44.5
29.5 57.5
30.5 9.5
30.5 21.5
30.5 45.5
30.5 57.5
31.5 10.5
31.5 21.5
31.5 33.5
31.5 45.5
31.5 58.5
32.5 8.5
32.5 46.5
33.5 47.5
33.5 59.5
34.5 9.5
34.5 21.5
34.5 33.5
34.5 46.5
34.5 58.5
35.5 22.5
36.5 10.5
36.5 22.5
36.5 32.5
36.5 45.5
36.5 59.5
37.5 10.5
37.5 23.5
37.5 31.5
37.5 44.5
37.5 59.5
38.5 11.5
38.5 16.5
38.5 24.5
38.5 31.5
38.5 44.5
38.5 60.5
39.5 5.5
39.5 11.5
39.5 24.5
39.5 30.5
39.5 37.5
39.5 43.5
39.5 44.5
39.5 53.5
39.5 60.5
40.5 12.5
40.5 17.5
40.5 25.5
40.5 43.5
41.5 6.5
41.5 12.5
41.5 18.5
41.5 26.5
41.5 29.5
41.5 36.5
41.5 42.5
41.5 50.5
41.5 54.5
41.5 61.5
42.5 18.5
42.5 36.5
42.5 42.5
42.5 49.5
42.5 55.5
42.5 61.5
42.5 68.5
43.5 7.5
43.5 13.5
43.5 19.5
43.5 35.5
43.5 41.5
43.5 55.5
43.5 62.5
44.5 20.5
44.5 35.5
44.5 41.5
44.5 48.5
44.5 56.5
44.5 62.5
45.5 8.5
45.5 20.5
45.5 35.5
45.5 47.5
46.5 21.5
46.5 34.5
46.5 57.5
47.5 9.5
47.5 34.5
47.5 46.5
48.5 8.5
48.5 22.5
48.5 33.5
48.5 45.5
48.5 58.5
49.5 21.5
49.5 33.5
49.5 35.5
49.5 45.5
49.5 58.5
50.5 9.5
50.5 20.5
50.5 34.5
50.5 46.5
51.5 19.5
51.5 33.5
51.5 57.5
52.5 10.5
52.5 19.5
52.5 33.5
52.5 47.5
52.5 57.5
53.5 5.5
53.5 18.5
53.5 32.5
53.5 48.5
53.5 56.5
54.5 11.5
54.5 17.5
54.5 26.5
54.5 31.5
54.5 49.5
54.5 56.5
55.5 6.5
55.5 11.5
55.5 16.5
55.5 25.5
55.5 30.5
55.5 31.5
55.5 39.5
55.5 41.5
55.5 50.5
55.5 55.5
55.5 62.5
56.5 6.5
56.5 12.5
56.5 15.5
56.5 24.5
56.5 30.5
56.5 38.5
56.5 42.5
56.5 51.5
56.5 55.5
56.5 61.5
57.5 7.5
57.5 12.5
57.5 23.5
57.5 29.5
57.5 37.5
57.5 43.5
57.5 54.5
58.5 7.5
58.5 23.5
58.5 36.5
58.5 44.5
58.5 60.5
59.5 22.5
59.5 35.5
59.5 45.5
59.5 46.5
59.5 59.5
60.5 8.5
60.5 21.5
60.5 34.5
60.5 47.5
61.5 20.5
61.5 48.5
61.5 58.5
62.5 9.5
