3.5 11.5
3.5 24.5
4.5 12.5
4.5 24.5
5.5 12.5
5.5 23.5
5.5 24.5
5.5 40.5
5.5 57.5
6.5 12.5
6.5 13.5
6.5 23.5
6.5 39.5
6.5 57.5
7.5 13.5
7.5 22.5
7.5 23.5
7.5 38.5
7.5 39.5
7.5 57.5
7.5 58.5
8.5 13.5
8.5 14.5
8.5 22.5
8.5 23.5
8.5 38.5
8.5 39.5
8.5 58.5
8.5 59.5
9.5 13.5
9.5 14.5
9.5 22.5
9.5 37.5
9.5 38.5
9.5 58.5
9.5 59.5
10.5 14.5
10.5 21.5
10.5 22.5
10.5 37.5
10.5 38.5
10.5 59.5
10.5 60.5
11.5 6.5
11.5 14.5
11.5 15.5
11.5 21.5
11.5 37.5
11.5 38.5
11.5 59.5
11.5 60.5
12.5 6.5
12.5 7.5
12.5 15.5
12.5 21.5
12.5 29.5
12.5 36.5
12.5 37.5
12.5 51.5
12.5 60.5
12.5 61.5
13.5 7.5
13.5 28.5
13.5 29.5
13.5 36.5
13.5 45.5
13.5 51.5
13.5 52.5
13.5 61.5
14.5 7.5
14.5 8.5
14.5 28.5
14.5 29.5
14.5 36.5
14.5 45.5
14.5 52.5
14.5 53.5
15.5 8.5
15.5 9.5
15.5 27.5
15.5 28.5
15.5 44.5
15.5 45.5
15.5 52.5
15.5 53.5
16.5 8.5
16.5 9.5
16.5 27.5
16.5 28.5
16.5 43.5
16.5 44.5
16.5 53.5
16.5 54.5
17.5 9.5
17.5 27.5
17.5 28.5
17.5 43.5
17.5 54.5
17.5 55.5
18.5 9.5
18.5 10.5
18.5 26.5
18.5 27.5
18.5 42.5
18.5 43.5
18.5 54.5
18.5 55.5
19.5 10.5
19.5 26.5
19.5 27.5
19.5 42.5
19.5 55.5
19.5 56.5
20.5 26.5
20.5 41.5
20.5 56.5
25.5 11.5
26.5 11.5
26.5 12.5
26.5 25.5
26.5 41.5
26.5 57.5
27.5 12.5
27.5 24.5
27.5 25.5
27.5 42.5
27.5 57.5
27.5 58.5
28.5 12.5
28.5 13.5
28.5 23.5
28.5 24.5
28.5 42.5
28.5 43.5
28.5 58.5
29.5 13.5
29.5 14.5
29.5 23.5
29.5 43.5
29.5 44.5
29.5 58.5
29.5 59.5
30.5 13.5
30.5 14.5
30.5 22.5
30.5 23.5
30.5 43.5
30.5 44.5
30.5 59.5
31.5 14.5
31.5 15.5
31.5 21.5
31.5 22.5
31.5 44.5
31.5 45.5
31.5 59.5
31.5 60.5
32.5 6.5
32.5 15.5
32.5 21.5
32.5 30.5
32.5 45.5
32.5 60.5
33.5 6.5
33.5 7.5
33.5 21.5
33.5 29.5
33.5 30.5
33.5 35.5
33.5 36.5
33.5 45.5
33.5 46.5
33.5 52.5
33.5 61.5
34.5 7.5
34.5 8.5
34.5 29.5
34.5 36.5
34.5 37.5
34.5 46.5
34.5 52.5
34.5 53.5
35.5 7.5
35.5 8.5
35.5 28.5
35.5 29.5
35.5 37.5
35.5 38.5
35.5 53.5
36.5 8.5
36.5 9.5
36.5 27.5
36.5 28.5
36.5 37.5
36.5 38.5
36.5 53.5
36.5 54.5
37.5 8.5
37.5 9.5
37.5 27.5
37.5 38.5
37.5 39.5
37.5 54.5
37.5 55.5
38.5 9.5
38.5 26.5
38.5 39.5
38.5 40.5
38.5 54.5
38.5 55.5
39.5 10.5
39.5 26.5
39.5 40.5
39.5 55.5
40.5 10.5
40.5 41.5
40.5 56.5
45.5 11.5
45.5 24.5
46.5 11.5
46.5 23.5
46.5 24.5
46.5 40.5
46.5 57.5
47.5 11.5
47.5 12.5
47.5 23.5
47.5 39.5
47.5 40.5
47.5 57.5
47.5 58.5
48.5 12.5
48.5 22.5
48.5 23.5
48.5 39.5
48.5 40.5
48.5 58.5
49.5 12.5
49.5 13.5
49.5 22.5
49.5 38.5
49.5 39.5
49.5 58.5
49.5 59.5
50.5 12.5
50.5 13.5
50.5 21.5
50.5 22.5
50.5 38.5
50.5 39.5
50.5 59.5
50.5 60.5
51.5 13.5
51.5 14.5
51.5 21.5
51.5 37.5
51.5 38.5
51.5 59.5
51.5 60.5
52.5 13.5
52.5 14.5
52.5 20.5
52.5 21.5
52.5 30.5
52.5 37.5
52.5 38.5
52.5 52.5
52.5 60.5
52.5 61.5
53.5 6.5
53.5 14.5
53.5 20.5
53.5 29.5
53.5 30.5
53.5 37.5
53.5 46.5
53.5 52.5
53.5 61.5
54.5 6.5
54.5 7.5
54.5 28.5
54.5 29.5
54.5 45.5
54.5 46.5
54.5 53.5
55.5 6.5
55.5 7.5
55.5 28.5
55.5 29.5
55.5 45.5
55.5 53.5
55.5 54.5
56.5 7.5
56.5 8.5
56.5 27.5
56.5 28.5
56.5 44.5
56.5 45.5
56.5 53.5
56.5 54.5
57.5 7.5
57.5 8.5
57.5 27.5
57.5 28.5
57.5 44.5
57.5 54.5
57.5 55.5
58.5 8.5
58.5 26.5
58.5 27.5
58.5 43.5
58.5 44.5
58.5 55.5
59.5 8.5
59.5 9.5
59.5 26.5
59.5 43.5
59.5 55.5
59.5 56.5
60.5 9.5
60.5 25.5
60.5 42.5
60.5 43.5
60.5 56.5
61.5 42.5
