6.5 13.5
6.5 33.5
7.5 11.5
7.5 12.5
7.5 13.5
7.5 32.5
7.5 33.5
7.5 54.5
7.5 55.5
8.5 10.5
8.5 11.5
8.5 12.5
8.5 32.5
8.5 55.5
8.5 56.5
9.5 9.5
9.5 10.5
9.5 31.5
9.5 32.5
9.5 56.5
9.5 57.5
10.5 8.5
10.5 9.5
10.5 30.5
10.5 31.5
10.5 57.5
10.5 58.5
11.5 7.5
11.5 29.5
11.5 30.5
11.5 59.5
12.5 29.5
13.5 20.5
13.5 21.5
13.5 40.5
13.5 47.5
13.5 48.5
14.5 19.5
14.5 20.5
14.5 39.5
14.5 48.5
14.5 49.5
15.5 18.5
15.5 19.5
15.5 38.5
15.5 39.5
15.5 49.5
15.5 50.5
16.5 17.5
16.5 18.5
16.5 37.5
16.5 38.5
16.5 50.5
16.5 51.5
17.5 16.5
17.5 17.5
17.5 36.5
17.5 37.5
17.5 51.5
17.5 52.5
18.5 15.5
18.5 16.5
18.5 36.5
18.5 52.5
18.5 53.5
19.5 35.5
26.5 14.5
26.5 35.5
26.5 53.5
27.5 12.5
27.5 13.5
27.5 36.5
27.5 37.5
27.5 51.5
27.5 52.5
28.5 11.5
28.5 12.5
28.5 37.5
28.5 38.5
28.5 50.5
28.5 51.5
29.5 9.5
29.5 10.5
29.5 11.5
29.5 38.5
29.5 39.5
29.5 49.5
29.5 50.5
30.5 8.5
30.5 9.5
30.5 39.5
30.5 40.5
30.5 48.5
30.5 49.5
31.5 7.5
31.5 40.5
32.5 60.5
33.5 20.5
33.5 21.5
33.5 29.5
33.5 30.5
33.5 58.5
33.5 59.5
34.5 19.5
34.5 20.5
34.5 30.5
34.5 31.5
34.5 57.5
34.5 58.5
34.5 59.5
35.5 17.5
35.5 18.5
35.5 19.5
35.5 31.5
35.5 32.5
35.5 57.5
35.5 58.5
36.5 16.5
36.5 17.5
36.5 18.5
36.5 32.5
36.5 33.5
36.5 56.5
36.5 57.5
37.5 15.5
37.5 16.5
37.5 33.5
37.5 34.5
37.5 55.5
37.5 56.5
38.5 14.5
38.5 34.5
45.5 55.5
46.5 14.5
46.5 35.5
46.5 36.5
46.5 55.5
46.5 56.5
47.5 15.5
47.5 16.5
47.5 36.5
47.5 37.5
47.5 56.5
47.5 57.5
48.5 15.5
48.5 16.5
48.5 17.5
48.5 36.5
48.5 37.5
48.5 57.5
48.5 58.5
49.5 16.5
49.5 17.5
49.5 37.5
49.5 38.5
49.5 58.5
49.5 59.5
50.5 17.5
50.5 18.5
50.5 38.5
50.5 39.5
50.5 59.5
51.5 18.5
51.5 19.5
51.5 38.5
51.5 39.5
51.5 60.5
52.5 7.5
52.5 39.5
52.5 48.5
53.5 7.5
53.5 8.5
53.5 27.5
53.5 48.5
53.5 49.5
54.5 8.5
54.5 9.5
54.5 28.5
54.5 49.5
54.5 50.5
55.5 9.5
55.5 10.5
55.5 28.5
55.5 29.5
55.5 50.5
55.5 51.5
56.5 9.5
56.5 10.5
56.5 29.5
56.5 30.5
56.5 50.5
56.5 51.5
56.5 52.5
57.5 10.5
57.5 11.5
57.5 30.5
57.5 31.5
57.5 51.5
57.5 52.5
58.5 11.5
58.5 31.5
58.5 32.5
58.5 52.5
58.5 53.5
59.5 32.5
59.5 53.5
