5.5 8.5
5.5 45.5
6.5 7.5
6.5 23.5
6.5 35.5
6.5 44.5
6.5 59.5
7.5 7.5
7.5 23.5
7.5 36.5
7.5 44.5
7.5 60.5
8.5 6.5
8.5 24.5
8.5 36.5
8.5 43.5
8.5 61.5
9.5 24.5
9.5 37.5
10.5 25.5
11.5 12.5
11.5 31.5
11.5 49.5
11.5 55.5
12.5 11.5
12.5 12.5
12.5 19.5
12.5 31.5
12.5 32.5
12.5 48.5
12.5 56.5
13.5 11.5
13.5 19.5
13.5 32.5
13.5 47.5
13.5 48.5
13.5 57.5
14.5 11.5
14.5 20.5
14.5 33.5
14.5 47.5
15.5 20.5
20.5 47.5
20.5 60.5
21.5 8.5
21.5 34.5
21.5 48.5
21.5 60.5
22.5 8.5
22.5 22.5
22.5 35.5
22.5 48.5
22.5 61.5
23.5 7.5
23.5 8.5
23.5 23.5
23.5 35.5
23.5 49.5
23.5 62.5
24.5 7.5
24.5 24.5
24.5 35.5
25.5 7.5
25.5 24.5
25.5 35.5
25.5 56.5
26.5 42.5
26.5 56.5
27.5 13.5
27.5 19.5
27.5 30.5
27.5 43.5
27.5 57.5
28.5 12.5
28.5 19.5
28.5 30.5
28.5 43.5
28.5 44.5
28.5 57.5
29.5 11.5
29.5 20.5
29.5 31.5
29.5 44.5
30.5 31.5
34.5 59.5
35.5 60.5
36.5 20.5
36.5 45.5
36.5 60.5
37.5 11.5
37.5 19.5
37.5 31.5
37.5 44.5
37.5 61.5
38.5 11.5
38.5 19.5
38.5 31.5
38.5 43.5
38.5 61.5
39.5 12.5
39.5 18.5
39.5 42.5
39.5 43.5
40.5 30.5
41.5 24.5
41.5 36.5
41.5 56.5
42.5 7.5
42.5 24.5
42.5 49.5
42.5 56.5
43.5 7.5
43.5 23.5
43.5 35.5
43.5 48.5
43.5 57.5
44.5 8.5
44.5 22.5
44.5 35.5
45.5 9.5
51.5 22.5
51.5 35.5
51.5 45.5
51.5 60.5
52.5 8.5
52.5 23.5
52.5 36.5
52.5 44.5
52.5 61.5
53.5 7.5
53.5 24.5
53.5 36.5
53.5 44.5
53.5 61.5
54.5 7.5
54.5 37.5
54.5 43.5
55.5 6.5
56.5 13.5
56.5 31.5
56.5 50.5
56.5 56.5
57.5 12.5
57.5 19.5
57.5 31.5
57.5 32.5
57.5 49.5
57.5 57.5
58.5 12.5
58.5 20.5
58.5 32.5
58.5 48.5
58.5 49.5
58.5 57.5
59.5 11.5
59.5 20.5
59.5 33.5
59.5 48.5
59.5 58.5
60.5 11.5
