3.5 10.5
4.5 9.5
4.5 10.5
4.5 25.5
4.5 26.5
5.5 9.5
5.5 10.5
5.5 25.5
5.5 26.5
5.5 42.5
5.5 58.5
6.5 8.5
6.5 9.5
6.5 24.5
6.5 25.5
6.5 41.5
6.5 58.5
6.5 59.5
7.5 7.5
7.5 8.5
7.5 9.5
7.5 24.5
7.5 25.5
7.5 40.5
7.5 41.5
7.5 59.5
7.5 60.5
8.5 7.5
8.5 8.5
8.5 23.5
8.5 24.5
8.5 25.5
8.5 39.5
8.5 40.5
8.5 41.5
8.5 59.5
8.5 60.5
8.5 61.5
9.5 6.5
9.5 7.5
9.5 8.5
9.5 23.5
9.5 24.5
9.5 39.5
9.5 40.5
9.5 60.5
9.5 61.5
10.5 6.5
10.5 7.5
10.5 16.5
10.5 22.5
10.5 23.5
10.5 24.5
10.5 38.5
10.5 39.5
10.5 40.5
10.5 61.5
10.5 62.5
11.5 6.5
11.5 7.5
11.5 15.5
11.5 16.5
11.5 22.5
11.5 23.5
11.5 38.5
11.5 39.5
11.5 61.5
11.5 62.5
12.5 5.5
12.5 6.5
12.5 15.5
12.5 22.5
12.5 31.5
12.5 38.5
12.5 39.5
12.5 47.5
12.5 52.5
12.5 62.5
12.5 63.5
13.5 14.5
13.5 15.5
13.5 22.5
13.5 30.5
13.5 31.5
13.5 37.5
13.5 38.5
13.5 46.5
13.5 52.5
13.5 53.5
13.5 63.5
14.5 14.5
14.5 15.5
14.5 30.5
14.5 31.5
14.5 37.5
14.5 45.5
14.5 46.5
14.5 53.5
14.5 54.5
15.5 13.5
15.5 14.5
15.5 29.5
15.5 30.5
15.5 44.5
15.5 45.5
15.5 53.5
15.5 54.5
15.5 55.5
16.5 13.5
16.5 14.5
16.5 29.5
16.5 30.5
16.5 44.5
16.5 45.5
16.5 54.5
16.5 55.5
16.5 56.5
17.5 13.5
17.5 28.5
17.5 29.5
17.5 43.5
17.5 44.5
17.5 55.5
17.5 56.5
18.5 12.5
18.5 13.5
18.5 28.5
18.5 29.5
18.5 43.5
18.5 44.5
18.5 55.5
18.5 56.5
18.5 57.5
19.5 12.5
19.5 27.5
19.5 28.5
19.5 42.5
19.5 43.5
19.5 56.5
19.5 57.5
20.5 27.5
20.5 42.5
20.5 57.5
20.5 58.5
21.5 42.5
24.5 12.5
25.5 12.5
25.5 27.5
25.5 57.5
26.5 12.5
26.5 13.5
26.5 26.5
26.5 41.5
26.5 57.5
26.5 58.5
27.5 13.5
27.5 14.5
27.5 25.5
27.5 26.5
27.5 40.5
27.5 41.5
27.5 58.5
27.5 59.5
28.5 13.5
28.5 14.5
28.5 24.5
28.5 25.5
28.5 40.5
28.5 58.5
28.5 59.5
28.5 60.5
29.5 14.5
29.5 15.5
29.5 23.5
29.5 24.5
29.5 25.5
29.5 39.5
29.5 40.5
29.5 59.5
29.5 60.5
30.5 14.5
30.5 15.5
30.5 23.5
30.5 24.5
30.5 38.5
30.5 39.5
30.5 59.5
30.5 60.5
30.5 61.5
31.5 7.5
31.5 15.5
31.5 22.5
31.5 23.5
31.5 38.5
31.5 39.5
31.5 60.5
31.5 61.5
32.5 7.5
32.5 15.5
32.5 16.5
32.5 22.5
32.5 23.5
32.5 32.5
32.5 37.5
32.5 38.5
32.5 47.5
32.5 61.5
32.5 62.5
33.5 7.5
33.5 8.5
33.5 16.5
33.5 21.5
33.5 22.5
33.5 31.5
33.5 37.5
33.5 38.5
33.5 46.5
33.5 52.5
33.5 61.5
33.5 62.5
34.5 7.5
34.5 8.5
34.5 30.5
34.5 31.5
34.5 37.5
34.5 45.5
34.5 46.5
34.5 52.5
34.5 53.5
35.5 8.5
35.5 9.5
35.5 29.5
35.5 30.5
35.5 44.5
35.5 45.5
35.5 53.5
35.5 54.5
36.5 8.5
36.5 9.5
36.5 28.5
36.5 29.5
36.5 30.5
36.5 44.5
36.5 45.5
36.5 54.5
36.5 55.5
37.5 9.5
37.5 10.5
37.5 28.5
37.5 29.5
37.5 43.5
37.5 44.5
37.5 54.5
37.5 55.5
38.5 9.5
38.5 10.5
38.5 27.5
38.5 28.5
38.5 43.5
38.5 44.5
38.5 55.5
38.5 56.5
39.5 10.5
39.5 27.5
39.5 42.5
39.5 43.5
39.5 56.5
39.5 57.5
40.5 11.5
40.5 26.5
40.5 27.5
40.5 42.5
40.5 57.5
45.5 10.5
45.5 26.5
45.5 42.5
45.5 57.5
46.5 9.5
46.5 10.5
46.5 25.5
46.5 26.5
46.5 42.5
46.5 43.5
46.5 57.5
46.5 58.5
47.5 8.5
47.5 9.5
47.5 24.5
47.5 25.5
47.5 43.5
47.5 44.5
47.5 58.5
47.5 59.5
48.5 8.5
48.5 9.5
48.5 23.5
48.5 24.5
48.5 25.5
48.5 43.5
48.5 44.5
48.5 58.5
48.5 59.5
49.5 7.5
49.5 8.5
49.5 23.5
49.5 24.5
49.5 44.5
49.5 45.5
49.5 59.5
49.5 60.5
50.5 6.5
50.5 7.5
50.5 22.5
50.5 23.5
50.5 24.5
50.5 44.5
50.5 45.5
50.5 46.5
50.5 59.5
50.5 60.5
51.5 6.5
51.5 7.5
51.5 15.5
51.5 22.5
51.5 23.5
51.5 45.5
51.5 46.5
51.5 59.5
51.5 60.5
52.5 5.5
52.5 6.5
52.5 14.5
52.5 15.5
52.5 21.5
52.5 22.5
52.5 31.5
52.5 37.5
52.5 45.5
52.5 46.5
52.5 53.5
52.5 60.5
52.5 61.5
53.5 14.5
53.5 15.5
53.5 21.5
53.5 30.5
53.5 31.5
53.5 37.5
53.5 46.5
53.5 47.5
53.5 53.5
53.5 61.5
54.5 13.5
54.5 14.5
54.5 29.5
54.5 30.5
54.5 31.5
54.5 37.5
54.5 38.5
54.5 47.5
54.5 53.5
54.5 54.5
55.5 12.5
55.5 13.5
55.5 14.5
55.5 29.5
55.5 30.5
55.5 38.5
55.5 39.5
55.5 53.5
55.5 54.5
56.5 12.5
56.5 13.5
56.5 28.5
56.5 29.5
56.5 38.5
56.5 39.5
56.5 40.5
56.5 54.5
56.5 55.5
57.5 11.5
57.5 12.5
57.5 27.5
57.5 28.5
57.5 29.5
57.5 39.5
57.5 40.5
57.5 54.5
57.5 55.5
58.5 11.5
58.5 12.5
58.5 27.5
58.5 28.5
58.5 40.5
58.5 41.5
58.5 55.5
59.5 10.5
59.5 11.5
59.5 26.5
59.5 27.5
59.5 40.5
59.5 41.5
59.5 55.5
59.5 56.5
60.5 26.5
60.5 41.5
60.5 42.5
60.5 56.5
61.5 42.5
61.5 56.5
