2.5 10.5
2.5 22.5
2.5 47.5
2.5 58.5
4.5 21.5
4.5 33.5
4.5 46.5
4.5 59.5
5.5 11.5
5.5 21.5
5.5 45.5
6.5 11.5
6.5 20.5
6.5 34.5
6.5 45.5
6.5 60.5
7.5 11.5
7.5 20.5
7.5 34.5
7.5 44.5
7.5 52.5
7.5 60.5
8.5 19.5
8.5 26.5
8.5 29.5
8.5 35.5
8.5 44.5
8.5 55.5
9.5 6.5
9.5 12.5
9.5 19.5
9.5 29.5
9.5 35.5
9.5 43.5
9.5 51.5
9.5 55.5
9.5 61.5
10.5 6.5
10.5 12.5
10.5 25.5
10.5 43.5
10.5 51.5
11.5 12.5
11.5 18.5
11.5 25.5
11.5 30.5
11.5 36.5
11.5 42.5
11.5 50.5
11.5 56.5
11.5 62.5
12.5 7.5
12.5 24.5
12.5 30.5
12.5 41.5
12.5 50.5
12.5 56.5
12.5 62.5
13.5 7.5
13.5 13.5
13.5 17.5
13.5 24.5
13.5 30.5
13.5 37.5
13.5 41.5
13.5 49.5
14.5 13.5
14.5 23.5
14.5 31.5
14.5 40.5
14.5 49.5
14.5 57.5
14.5 63.5
15.5 8.5
15.5 13.5
15.5 16.5
15.5 23.5
15.5 31.5
15.5 40.5
15.5 48.5
15.5 57.5
16.5 8.5
16.5 31.5
16.5 38.5
16.5 48.5
16.5 57.5
17.5 8.5
17.5 22.5
17.5 48.5
17.5 58.5
18.5 22.5
18.5 32.5
18.5 47.5
18.5 58.5
19.5 9.5
19.5 21.5
19.5 32.5
19.5 47.5
19.5 58.5
20.5 9.5
20.5 21.5
20.5 32.5
20.5 46.5
21.5 10.5
21.5 33.5
21.5 34.5
21.5 46.5
21.5 59.5
22.5 20.5
22.5 33.5
22.5 59.5
23.5 9.5
23.5 20.5
23.5 33.5
23.5 45.5
23.5 46.5
23.5 59.5
24.5 20.5
24.5 33.5
24.5 46.5
24.5 59.5
25.5 8.5
25.5 20.5
26.5 8.5
26.5 32.5
26.5 45.5
26.5 60.5
27.5 19.5
27.5 32.5
27.5 45.5
27.5 60.5
28.5 7.5
28.5 19.5
28.5 38.5
28.5 44.5
28.5 60.5
29.5 13.5
29.5 19.5
29.5 31.5
29.5 44.5
29.5 54.5
30.5 6.5
30.5 19.5
30.5 25.5
30.5 31.5
30.5 37.5
30.5 43.5
30.5 51.5
30.5 61.5
31.5 6.5
31.5 12.5
31.5 25.5
31.5 30.5
31.5 37.5
31.5 43.5
31.5 61.5
32.5 12.5
32.5 18.5
32.5 30.5
32.5 50.5
32.5 55.5
32.5 61.5
33.5 5.5
33.5 12.5
33.5 18.5
33.5 24.5
33.5 36.5
33.5 42.5
33.5 50.5
33.5 55.5
34.5 11.5
34.5 18.5
34.5 24.5
34.5 29.5
34.5 36.5
34.5 42.5
34.5 49.5
34.5 62.5
35.5 11.5
35.5 24.5
35.5 29.5
35.5 36.5
35.5 41.5
35.5 49.5
35.5 56.5
35.5 62.5
36.5 11.5
36.5 35.5
36.5 41.5
36.5 48.5
36.5 56.5
36.5 62.5
37.5 10.5
37.5 17.5
37.5 23.5
37.5 28.5
37.5 35.5
37.5 48.5
37.5 56.5
38.5 10.5
38.5 23.5
38.5 35.5
38.5 40.5
38.5 48.5
38.5 57.5
39.5 10.5
39.5 47.5
39.5 57.5
40.5 22.5
40.5 34.5
40.5 47.5
40.5 57.5
41.5 9.5
41.5 22.5
41.5 34.5
41.5 46.5
42.5 9.5
42.5 46.5
42.5 58.5
43.5 8.5
43.5 33.5
43.5 45.5
43.5 58.5
44.5 9.5
44.5 21.5
44.5 22.5
44.5 33.5
44.5 45.5
44.5 59.5
45.5 9.5
45.5 22.5
45.5 45.5
46.5 10.5
46.5 22.5
46.5 34.5
46.5 58.5
47.5 10.5
47.5 34.5
47.5 46.5
48.5 11.5
48.5 23.5
48.5 47.5
48.5 57.5
49.5 11.5
49.5 17.5
49.5 23.5
49.5 28.5
49.5 35.5
49.5 47.5
49.5 57.5
50.5 12.5
50.5 23.5
50.5 35.5
50.5 40.5
50.5 48.5
50.5 56.5
50.5 62.5
51.5 5.5
51.5 23.5
51.5 29.5
51.5 56.5
51.5 62.5
52.5 5.5
52.5 13.5
52.5 18.5
52.5 29.5
52.5 36.5
52.5 41.5
52.5 49.5
52.5 55.5
53.5 6.5
53.5 14.5
53.5 18.5
53.5 24.5
53.5 36.5
53.5 42.5
53.5 50.5
53.5 55.5
53.5 61.5
54.5 6.5
54.5 14.5
54.5 24.5
54.5 30.5
54.5 42.5
54.5 50.5
54.5 61.5
55.5 6.5
55.5 15.5
55.5 19.5
55.5 24.5
55.5 30.5
55.5 37.5
55.5 43.5
55.5 51.5
55.5 54.5
55.5 60.5
56.5 7.5
56.5 19.5
56.5 30.5
56.5 37.5
56.5 43.5
56.5 60.5
57.5 7.5
57.5 31.5
57.5 44.5
58.5 8.5
58.5 31.5
58.5 44.5
58.5 59.5
59.5 8.5
59.5 20.5
59.5 45.5
59.5 59.5
60.5 8.5
60.5 20.5
60.5 32.5
60.5 45.5
61.5 9.5
61.5 32.5
61.5 46.5
61.5 58.5
62.5 9.5
