2.5 33.5
3.5 9.5
3.5 21.5
3.5 34.5
3.5 56.5
4.5 11.5
4.5 23.5
4.5 35.5
4.5 45.5
4.5 57.5
4.5 58.5
5.5 13.5
5.5 16.5
5.5 25.5
5.5 28.5
5.5 36.5
5.5 43.5
5.5 44.5
5.5 59.5
5.5 60.5
5.5 68.5
6.5 15.5
6.5 17.5
6.5 27.5
6.5 29.5
6.5 37.5
6.5 42.5
6.5 61.5
6.5 62.5
7.5 6.5
7.5 7.5
7.5 19.5
7.5 31.5
7.5 38.5
7.5 41.5
7.5 50.5
7.5 53.5
7.5 64.5
8.5 8.5
8.5 9.5
8.5 20.5
8.5 32.5
8.5 39.5
8.5 48.5
8.5 55.5
9.5 10.5
9.5 22.5
9.5 33.5
9.5 46.5
9.5 47.5
9.5 56.5
9.5 57.5
10.5 34.5
10.5 45.5
10.5 58.5
11.5 60.5
12.5 9.5
12.5 22.5
13.5 10.5
13.5 20.5
13.5 21.5
13.5 34.5
13.5 45.5
13.5 59.5
14.5 11.5
14.5 12.5
14.5 19.5
14.5 32.5
14.5 46.5
14.5 57.5
14.5 58.5
15.5 13.5
15.5 18.5
15.5 30.5
15.5 31.5
15.5 47.5
15.5 56.5
16.5 14.5
16.5 17.5
16.5 25.5
16.5 29.5
16.5 48.5
16.5 49.5
16.5 54.5
16.5 55.5
17.5 5.5
17.5 6.5
17.5 16.5
17.5 24.5
17.5 39.5
17.5 41.5
17.5 50.5
17.5 53.5
17.5 64.5
18.5 7.5
18.5 8.5
18.5 23.5
18.5 37.5
18.5 42.5
18.5 51.5
18.5 62.5
19.5 9.5
19.5 22.5
19.5 35.5
19.5 36.5
19.5 43.5
19.5 60.5
20.5 11.5
20.5 21.5
20.5 33.5
20.5 34.5
20.5 44.5
20.5 45.5
20.5 58.5
20.5 59.5
21.5 32.5
21.5 46.5
21.5 57.5
22.5 20.5
23.5 8.5
23.5 21.5
24.5 9.5
24.5 10.5
24.5 22.5
24.5 33.5
24.5 57.5
25.5 11.5
25.5 12.5
25.5 23.5
25.5 35.5
25.5 45.5
25.5 58.5
25.5 59.5
26.5 13.5
26.5 16.5
26.5 24.5
26.5 37.5
26.5 43.5
26.5 44.5
26.5 60.5
26.5 68.5
27.5 15.5
27.5 17.5
27.5 25.5
27.5 28.5
27.5 29.5
27.5 38.5
27.5 42.5
27.5 53.5
27.5 61.5
27.5 62.5
28.5 5.5
28.5 18.5
28.5 30.5
28.5 40.5
28.5 52.5
28.5 54.5
28.5 63.5
29.5 6.5
29.5 19.5
29.5 32.5
29.5 49.5
29.5 50.5
29.5 55.5
30.5 7.5
30.5 8.5
30.5 20.5
30.5 34.5
30.5 47.5
30.5 48.5
30.5 49.5
30.5 56.5
31.5 9.5
31.5 46.5
31.5 47.5
31.5 57.5
33.5 21.5
33.5 35.5
33.5 58.5
34.5 9.5
34.5 20.5
34.5 33.5
34.5 34.5
35.5 8.5
35.5 19.5
35.5 32.5
36.5 6.5
36.5 7.5
36.5 18.5
36.5 19.5
36.5 30.5
36.5 46.5
36.5 47.5
36.5 48.5
36.5 58.5
36.5 59.5
37.5 5.5
37.5 14.5
37.5 18.5
37.5 26.5
37.5 28.5
37.5 29.5
37.5 38.5
37.5 43.5
37.5 44.5
37.5 45.5
37.5 61.5
37.5 62.5
38.5 13.5
38.5 17.5
38.5 25.5
38.5 37.5
38.5 40.5
38.5 41.5
38.5 68.5
39.5 12.5
39.5 23.5
39.5 24.5
39.5 36.5
39.5 53.5
40.5 10.5
40.5 11.5
40.5 22.5
40.5 35.5
40.5 50.5
40.5 55.5
40.5 56.5
40.5 57.5
40.5 58.5
41.5 9.5
41.5 10.5
41.5 21.5
41.5 33.5
41.5 47.5
41.5 48.5
42.5 45.5
44.5 21.5
44.5 33.5
44.5 44.5
44.5 58.5
45.5 9.5
45.5 22.5
45.5 34.5
45.5 46.5
45.5 60.5
46.5 10.5
46.5 11.5
46.5 23.5
46.5 36.5
46.5 48.5
46.5 62.5
47.5 12.5
47.5 24.5
47.5 29.5
47.5 37.5
47.5 49.5
47.5 50.5
47.5 64.5
48.5 13.5
48.5 14.5
48.5 17.5
48.5 25.5
48.5 30.5
48.5 38.5
48.5 41.5
48.5 51.5
48.5 54.5
48.5 55.5
49.5 5.5
49.5 15.5
49.5 18.5
49.5 26.5
49.5 31.5
49.5 43.5
49.5 56.5
49.5 57.5
49.5 68.5
50.5 7.5
50.5 19.5
50.5 27.5
50.5 32.5
50.5 45.5
50.5 58.5
50.5 59.5
51.5 8.5
51.5 20.5
51.5 33.5
51.5 47.5
52.5 10.5
52.5 21.5
54.5 11.5
54.5 45.5
54.5 58.5
55.5 10.5
55.5 47.5
55.5 57.5
56.5 8.5
56.5 9.5
56.5 22.5
56.5 34.5
56.5 48.5
56.5 49.5
56.5 56.5
57.5 7.5
57.5 20.5
57.5 21.5
57.5 35.5
57.5 36.5
57.5 40.5
57.5 50.5
57.5 51.5
57.5 55.5
57.5 63.5
58.5 6.5
58.5 15.5
58.5 19.5
58.5 37.5
58.5 41.5
58.5 42.5
58.5 52.5
58.5 62.5
59.5 14.5
59.5 17.5
59.5 18.5
59.5 27.5
59.5 28.5
59.5 39.5
59.5 43.5
59.5 44.5
59.5 61.5
60.5 12.5
60.5 13.5
60.5 16.5
60.5 25.5
60.5 30.5
60.5 45.5
60.5 60.5
61.5 11.5
61.5 24.5
61.5 32.5
61.5 47.5
61.5 59.5
62.5 10.5
62.5 22.5
62.5 34.5
62.5 58.5
63.5 9.5
63.5 21.5
