5.5 9.5
5.5 10.5
5.5 26.5
5.5 27.5
5.5 42.5
5.5 43.5
5.5 44.5
5.5 56.5
6.5 7.5
6.5 8.5
6.5 9.5
6.5 27.5
6.5 28.5
6.5 29.5
6.5 44.5
6.5 45.5
6.5 54.5
6.5 55.5
7.5 7.5
7.5 29.5
7.5 30.5
7.5 46.5
7.5 53.5
7.5 54.5
9.5 14.5
9.5 20.5
9.5 21.5
9.5 37.5
10.5 13.5
10.5 21.5
10.5 22.5
10.5 23.5
10.5 37.5
10.5 38.5
10.5 39.5
10.5 59.5
10.5 60.5
10.5 61.5
11.5 12.5
11.5 23.5
11.5 24.5
11.5 39.5
11.5 40.5
11.5 57.5
11.5 58.5
16.5 57.5
16.5 58.5
17.5 9.5
17.5 40.5
17.5 41.5
17.5 58.5
17.5 59.5
17.5 60.5
18.5 8.5
18.5 23.5
18.5 24.5
18.5 38.5
18.5 39.5
18.5 60.5
18.5 61.5
19.5 7.5
19.5 8.5
19.5 21.5
19.5 22.5
19.5 23.5
19.5 37.5
19.5 38.5
20.5 6.5
20.5 7.5
20.5 21.5
21.5 30.5
21.5 31.5
21.5 45.5
21.5 46.5
21.5 52.5
21.5 53.5
22.5 14.5
22.5 29.5
22.5 30.5
22.5 44.5
22.5 45.5
22.5 53.5
22.5 54.5
23.5 12.5
23.5 13.5
23.5 27.5
23.5 28.5
23.5 43.5
23.5 44.5
23.5 54.5
23.5 55.5
24.5 11.5
24.5 12.5
25.5 10.5
29.5 41.5
29.5 57.5
30.5 27.5
30.5 28.5
30.5 29.5
30.5 39.5
30.5 40.5
30.5 58.5
30.5 59.5
31.5 8.5
31.5 9.5
31.5 28.5
31.5 29.5
31.5 30.5
31.5 38.5
31.5 39.5
31.5 59.5
31.5 60.5
32.5 6.5
32.5 7.5
32.5 8.5
32.5 30.5
32.5 31.5
32.5 37.5
32.5 61.5
33.5 5.5
34.5 15.5
34.5 21.5
34.5 22.5
34.5 45.5
34.5 46.5
34.5 52.5
34.5 53.5
35.5 13.5
35.5 14.5
35.5 22.5
35.5 23.5
35.5 43.5
35.5 44.5
35.5 45.5
35.5 53.5
35.5 54.5
36.5 11.5
36.5 12.5
36.5 13.5
36.5 23.5
36.5 24.5
36.5 42.5
36.5 43.5
36.5 54.5
36.5 55.5
36.5 56.5
42.5 9.5
42.5 10.5
42.5 24.5
42.5 56.5
43.5 7.5
43.5 8.5
43.5 9.5
43.5 22.5
43.5 23.5
43.5 39.5
43.5 40.5
43.5 54.5
43.5 55.5
43.5 56.5
44.5 6.5
44.5 7.5
44.5 37.5
44.5 38.5
44.5 39.5
44.5 53.5
44.5 54.5
45.5 15.5
46.5 13.5
46.5 14.5
46.5 29.5
46.5 30.5
46.5 61.5
47.5 12.5
47.5 27.5
47.5 28.5
47.5 29.5
47.5 45.5
47.5 46.5
47.5 59.5
47.5 60.5
48.5 43.5
48.5 44.5
48.5 58.5
48.5 59.5
53.5 11.5
53.5 12.5
54.5 12.5
54.5 13.5
54.5 23.5
54.5 24.5
54.5 25.5
54.5 43.5
54.5 55.5
54.5 56.5
55.5 13.5
55.5 14.5
55.5 22.5
55.5 23.5
55.5 24.5
55.5 44.5
55.5 45.5
55.5 54.5
55.5 55.5
56.5 21.5
56.5 22.5
56.5 46.5
56.5 47.5
56.5 53.5
57.5 6.5
58.5 7.5
58.5 8.5
58.5 31.5
58.5 37.5
58.5 38.5
58.5 60.5
58.5 61.5
59.5 8.5
59.5 9.5
59.5 28.5
59.5 29.5
59.5 30.5
59.5 38.5
59.5 39.5
59.5 40.5
59.5 58.5
59.5 59.5
59.5 60.5
60.5 9.5
60.5 10.5
60.5 27.5
60.5 28.5
60.5 41.5
60.5 57.5
60.5 58.5
