3.5 42.5
3.5 56.5
4.5 10.5
4.5 11.5
4.5 42.5
4.5 55.5
4.5 56.5
5.5 9.5
5.5 10.5
5.5 26.5
5.5 42.5
5.5 43.5
5.5 54.5
5.5 55.5
6.5 9.5
6.5 10.5
6.5 25.5
6.5 26.5
6.5 42.5
6.5 43.5
6.5 44.5
6.5 54.5
6.5 55.5
7.5 8.5
7.5 9.5
7.5 24.5
7.5 25.5
7.5 43.5
7.5 44.5
7.5 53.5
7.5 54.5
7.5 55.5
8.5 7.5
8.5 8.5
8.5 9.5
8.5 24.5
8.5 25.5
8.5 43.5
8.5 44.5
8.5 53.5
8.5 54.5
9.5 7.5
9.5 8.5
9.5 23.5
9.5 24.5
9.5 44.5
9.5 45.5
9.5 53.5
9.5 54.5
10.5 6.5
10.5 7.5
10.5 22.5
10.5 23.5
10.5 24.5
10.5 44.5
10.5 45.5
10.5 52.5
10.5 53.5
10.5 61.5
11.5 6.5
11.5 7.5
11.5 16.5
11.5 22.5
11.5 23.5
11.5 45.5
11.5 46.5
11.5 52.5
11.5 53.5
11.5 61.5
12.5 5.5
12.5 6.5
12.5 15.5
12.5 16.5
12.5 21.5
12.5 22.5
12.5 31.5
12.5 37.5
12.5 45.5
12.5 46.5
12.5 52.5
12.5 60.5
12.5 61.5
13.5 14.5
13.5 15.5
13.5 21.5
13.5 30.5
13.5 31.5
13.5 37.5
13.5 38.5
13.5 46.5
13.5 51.5
13.5 59.5
13.5 60.5
13.5 61.5
14.5 13.5
14.5 14.5
14.5 29.5
14.5 30.5
14.5 31.5
14.5 38.5
14.5 39.5
14.5 59.5
14.5 60.5
15.5 12.5
15.5 13.5
15.5 14.5
15.5 29.5
15.5 30.5
15.5 38.5
15.5 39.5
15.5 59.5
15.5 60.5
16.5 11.5
16.5 12.5
16.5 13.5
16.5 28.5
16.5 29.5
16.5 30.5
16.5 38.5
16.5 39.5
16.5 40.5
16.5 58.5
16.5 59.5
16.5 60.5
17.5 11.5
17.5 12.5
17.5 28.5
17.5 29.5
17.5 39.5
17.5 40.5
17.5 58.5
17.5 59.5
18.5 10.5
18.5 11.5
18.5 27.5
18.5 28.5
18.5 39.5
18.5 40.5
18.5 57.5
18.5 58.5
18.5 59.5
19.5 10.5
19.5 27.5
19.5 28.5
19.5 40.5
19.5 41.5
19.5 57.5
19.5 58.5
20.5 26.5
20.5 27.5
20.5 41.5
20.5 57.5
20.5 58.5
21.5 41.5
21.5 57.5
24.5 10.5
25.5 9.5
25.5 10.5
25.5 26.5
25.5 42.5
25.5 56.5
26.5 8.5
26.5 9.5
26.5 25.5
26.5 26.5
26.5 41.5
26.5 57.5
27.5 7.5
27.5 8.5
27.5 9.5
27.5 24.5
27.5 25.5
27.5 26.5
27.5 40.5
27.5 41.5
27.5 57.5
27.5 58.5
28.5 7.5
28.5 8.5
28.5 23.5
28.5 24.5
28.5 25.5
28.5 39.5
28.5 40.5
28.5 58.5
28.5 59.5
29.5 6.5
29.5 7.5
29.5 23.5
29.5 24.5
29.5 39.5
29.5 40.5
29.5 58.5
29.5 59.5
29.5 60.5
30.5 5.5
30.5 6.5
30.5 7.5
30.5 22.5
30.5 23.5
30.5 24.5
30.5 38.5
30.5 39.5
30.5 59.5
30.5 60.5
31.5 5.5
31.5 6.5
31.5 15.5
31.5 22.5
31.5 23.5
31.5 37.5
31.5 38.5
31.5 59.5
31.5 60.5
31.5 61.5
32.5 5.5
32.5 14.5
32.5 15.5
32.5 21.5
32.5 22.5
32.5 31.5
32.5 32.5
32.5 37.5
32.5 46.5
32.5 52.5
32.5 60.5
32.5 61.5
33.5 13.5
33.5 14.5
33.5 15.5
33.5 21.5
33.5 30.5
33.5 31.5
33.5 36.5
33.5 37.5
33.5 45.5
33.5 46.5
33.5 52.5
33.5 53.5
33.5 61.5
33.5 62.5
34.5 13.5
34.5 14.5
34.5 29.5
34.5 30.5
34.5 31.5
34.5 36.5
34.5 44.5
34.5 45.5
34.5 46.5
34.5 52.5
34.5 53.5
34.5 62.5
35.5 12.5
35.5 13.5
35.5 29.5
35.5 30.5
35.5 44.5
35.5 45.5
35.5 53.5
35.5 54.5
36.5 11.5
36.5 12.5
36.5 13.5
36.5 28.5
36.5 29.5
36.5 43.5
36.5 44.5
36.5 45.5
36.5 53.5
36.5 54.5
37.5 11.5
37.5 12.5
37.5 27.5
37.5 28.5
37.5 43.5
37.5 44.5
37.5 54.5
37.5 55.5
38.5 10.5
38.5 11.5
38.5 26.5
38.5 27.5
38.5 42.5
38.5 43.5
38.5 44.5
38.5 54.5
38.5 55.5
39.5 10.5
39.5 26.5
39.5 27.5
39.5 42.5
39.5 43.5
39.5 55.5
39.5 56.5
40.5 42.5
40.5 43.5
40.5 55.5
40.5 56.5
41.5 42.5
41.5 56.5
44.5 10.5
44.5 26.5
45.5 9.5
45.5 10.5
45.5 25.5
45.5 26.5
45.5 57.5
46.5 8.5
46.5 9.5
46.5 10.5
46.5 24.5
46.5 25.5
46.5 41.5
46.5 56.5
46.5 57.5
47.5 8.5
47.5 9.5
47.5 24.5
47.5 25.5
47.5 40.5
47.5 41.5
47.5 56.5
48.5 7.5
48.5 8.5
48.5 9.5
48.5 23.5
48.5 24.5
48.5 40.5
48.5 41.5
48.5 55.5
48.5 56.5
49.5 7.5
49.5 8.5
49.5 22.5
49.5 23.5
49.5 24.5
49.5 39.5
49.5 40.5
49.5 41.5
49.5 54.5
49.5 55.5
50.5 6.5
50.5 7.5
50.5 8.5
50.5 22.5
50.5 23.5
50.5 39.5
50.5 40.5
50.5 53.5
50.5 54.5
51.5 6.5
51.5 7.5
51.5 16.5
51.5 22.5
51.5 23.5
51.5 31.5
51.5 38.5
51.5 39.5
51.5 40.5
51.5 53.5
51.5 54.5
52.5 6.5
52.5 7.5
52.5 15.5
52.5 21.5
52.5 22.5
52.5 30.5
52.5 31.5
52.5 38.5
52.5 39.5
52.5 52.5
52.5 53.5
52.5 60.5
52.5 61.5
53.5 6.5
53.5 14.5
53.5 15.5
53.5 21.5
53.5 30.5
53.5 31.5
53.5 38.5
53.5 39.5
53.5 47.5
53.5 52.5
53.5 60.5
54.5 5.5
54.5 14.5
54.5 15.5
54.5 29.5
54.5 30.5
54.5 31.5
54.5 37.5
54.5 38.5
54.5 46.5
54.5 47.5
54.5 59.5
54.5 60.5
55.5 13.5
55.5 14.5
55.5 29.5
55.5 30.5
55.5 37.5
55.5 45.5
55.5 46.5
55.5 59.5
55.5 60.5
56.5 13.5
56.5 14.5
56.5 28.5
56.5 29.5
56.5 30.5
56.5 44.5
56.5 45.5
56.5 58.5
56.5 59.5
57.5 12.5
57.5 13.5
57.5 28.5
57.5 29.5
57.5 44.5
57.5 45.5
57.5 58.5
57.5 59.5
58.5 12.5
58.5 13.5
58.5 27.5
58.5 28.5
58.5 29.5
58.5 43.5
58.5 44.5
58.5 57.5
58.5 58.5
59.5 11.5
59.5 12.5
59.5 27.5
59.5 28.5
59.5 43.5
59.5 57.5
59.5 58.5
60.5 11.5
60.5 27.5
60.5 42.5
60.5 57.5
61.5 27.5
61.5 42.5
61.5 56.5
