4.5 38.5
4.5 60.5
5.5 18.5
5.5 30.5
5.5 38.5
5.5 51.5
5.5 60.5
6.5 7.5
6.5 18.5
6.5 30.5
6.5 37.5
6.5 38.5
6.5 51.5
6.5 59.5
7.5 7.5
7.5 17.5
7.5 18.5
7.5 30.5
7.5 37.5
7.5 38.5
7.5 51.5
7.5 52.5
7.5 59.5
8.5 7.5
8.5 17.5
8.5 30.5
8.5 31.5
8.5 37.5
8.5 38.5
8.5 51.5
8.5 52.5
8.5 59.5
9.5 6.5
9.5 7.5
9.5 17.5
9.5 30.5
9.5 31.5
9.5 37.5
9.5 52.5
9.5 58.5
9.5 59.5
10.5 6.5
10.5 16.5
10.5 17.5
10.5 31.5
10.5 37.5
10.5 52.5
10.5 53.5
10.5 58.5
10.5 59.5
11.5 6.5
11.5 16.5
11.5 17.5
11.5 31.5
11.5 36.5
11.5 37.5
11.5 52.5
11.5 53.5
11.5 58.5
12.5 6.5
12.5 11.5
12.5 16.5
12.5 22.5
12.5 26.5
12.5 31.5
12.5 36.5
12.5 37.5
12.5 42.5
12.5 47.5
12.5 53.5
12.5 58.5
13.5 10.5
13.5 11.5
13.5 16.5
13.5 21.5
13.5 26.5
13.5 27.5
13.5 36.5
13.5 42.5
13.5 47.5
13.5 53.5
13.5 58.5
13.5 62.5
14.5 10.5
14.5 21.5
14.5 26.5
14.5 27.5
14.5 42.5
14.5 47.5
14.5 48.5
14.5 62.5
15.5 10.5
15.5 20.5
15.5 21.5
15.5 27.5
15.5 41.5
15.5 42.5
15.5 48.5
15.5 61.5
15.5 62.5
16.5 10.5
16.5 20.5
16.5 27.5
16.5 28.5
16.5 41.5
16.5 42.5
16.5 48.5
16.5 61.5
17.5 9.5
17.5 10.5
17.5 20.5
17.5 27.5
17.5 28.5
17.5 41.5
17.5 48.5
17.5 49.5
17.5 61.5
18.5 9.5
18.5 10.5
18.5 19.5
18.5 20.5
18.5 28.5
18.5 41.5
18.5 49.5
18.5 61.5
19.5 9.5
19.5 19.5
19.5 28.5
19.5 40.5
19.5 41.5
19.5 49.5
19.5 60.5
20.5 9.5
20.5 40.5
20.5 50.5
20.5 60.5
21.5 40.5
21.5 50.5
24.5 19.5
25.5 9.5
25.5 20.5
25.5 28.5
25.5 39.5
25.5 59.5
26.5 9.5
26.5 20.5
26.5 28.5
26.5 39.5
26.5 51.5
27.5 10.5
27.5 20.5
27.5 28.5
27.5 38.5
27.5 51.5
27.5 58.5
28.5 10.5
28.5 20.5
28.5 21.5
28.5 27.5
28.5 28.5
28.5 37.5
28.5 38.5
28.5 51.5
28.5 52.5
28.5 58.5
29.5 10.5
29.5 11.5
29.5 21.5
29.5 27.5
29.5 28.5
29.5 37.5
29.5 38.5
29.5 51.5
29.5 52.5
29.5 58.5
30.5 10.5
30.5 11.5
30.5 21.5
30.5 22.5
30.5 27.5
30.5 36.5
30.5 37.5
30.5 51.5
30.5 52.5
30.5 58.5
31.5 11.5
31.5 16.5
31.5 22.5
31.5 27.5
31.5 32.5
31.5 36.5
31.5 37.5
31.5 52.5
31.5 57.5
32.5 6.5
32.5 11.5
32.5 16.5
32.5 17.5
32.5 22.5
32.5 27.5
32.5 36.5
32.5 42.5
32.5 52.5
32.5 57.5
33.5 6.5
33.5 11.5
33.5 17.5
33.5 31.5
33.5 42.5
33.5 47.5
33.5 52.5
33.5 57.5
33.5 61.5
34.5 6.5
34.5 7.5
34.5 17.5
34.5 31.5
34.5 41.5
34.5 42.5
34.5 47.5
34.5 61.5
35.5 7.5
35.5 17.5
35.5 18.5
35.5 30.5
35.5 31.5
35.5 40.5
35.5 41.5
35.5 47.5
35.5 48.5
35.5 60.5
35.5 61.5
36.5 7.5
36.5 17.5
36.5 18.5
36.5 30.5
36.5 40.5
36.5 41.5
36.5 47.5
36.5 48.5
36.5 60.5
37.5 7.5
37.5 8.5
37.5 18.5
37.5 30.5
37.5 40.5
37.5 48.5
37.5 60.5
38.5 8.5
38.5 18.5
38.5 19.5
38.5 39.5
38.5 40.5
38.5 48.5
38.5 60.5
39.5 8.5
39.5 18.5
39.5 19.5
39.5 39.5
39.5 48.5
39.5 49.5
39.5 59.5
39.5 60.5
40.5 8.5
40.5 19.5
40.5 49.5
40.5 59.5
41.5 49.5
41.5 59.5
44.5 28.5
45.5 20.5
45.5 28.5
45.5 39.5
46.5 20.5
46.5 21.5
46.5 28.5
46.5 39.5
46.5 48.5
46.5 59.5
47.5 10.5
47.5 20.5
47.5 21.5
47.5 27.5
47.5 39.5
47.5 40.5
47.5 48.5
47.5 60.5
48.5 10.5
48.5 20.5
48.5 21.5
48.5 27.5
48.5 39.5
48.5 40.5
48.5 47.5
48.5 48.5
48.5 60.5
49.5 10.5
49.5 21.5
49.5 27.5
49.5 40.5
49.5 47.5
49.5 48.5
49.5 60.5
50.5 10.5
50.5 21.5
50.5 22.5
50.5 27.5
50.5 40.5
50.5 41.5
50.5 47.5
50.5 60.5
50.5 61.5
51.5 10.5
51.5 11.5
51.5 21.5
51.5 22.5
51.5 40.5
51.5 41.5
51.5 46.5
51.5 47.5
51.5 61.5
52.5 10.5
52.5 11.5
52.5 22.5
52.5 26.5
52.5 31.5
52.5 41.5
52.5 46.5
52.5 61.5
53.5 6.5
53.5 11.5
53.5 16.5
53.5 22.5
53.5 26.5
53.5 31.5
53.5 36.5
53.5 41.5
53.5 46.5
53.5 52.5
53.5 57.5
53.5 62.5
54.5 6.5
54.5 11.5
54.5 16.5
54.5 30.5
54.5 31.5
54.5 36.5
54.5 51.5
54.5 52.5
54.5 57.5
55.5 6.5
55.5 7.5
55.5 11.5
55.5 16.5
55.5 17.5
55.5 30.5
55.5 31.5
55.5 36.5
55.5 51.5
55.5 52.5
55.5 57.5
55.5 58.5
56.5 7.5
56.5 16.5
56.5 17.5
56.5 30.5
56.5 31.5
56.5 36.5
56.5 37.5
56.5 51.5
56.5 58.5
57.5 7.5
57.5 17.5
57.5 30.5
57.5 31.5
57.5 37.5
57.5 50.5
57.5 51.5
57.5 58.5
58.5 7.5
58.5 17.5
58.5 18.5
58.5 30.5
58.5 31.5
58.5 37.5
58.5 50.5
58.5 51.5
58.5 58.5
58.5 59.5
59.5 7.5
59.5 17.5
59.5 18.5
59.5 30.5
59.5 37.5
59.5 50.5
59.5 59.5
60.5 7.5
60.5 18.5
60.5 30.5
60.5 38.5
60.5 50.5
60.5 59.5
61.5 18.5
61.5 30.5
61.5 38.5
