3.5 52.5
3.5 53.5
4.5 12.5
4.5 32.5
4.5 33.5
4.5 53.5
4.5 54.5
4.5 55.5
5.5 12.5
5.5 13.5
5.5 14.5
5.5 15.5
5.5 33.5
5.5 34.5
5.5 35.5
5.5 54.5
5.5 55.5
5.5 56.5
5.5 57.5
6.5 14.5
6.5 15.5
6.5 16.5
6.5 17.5
6.5 34.5
6.5 35.5
6.5 36.5
6.5 37.5
6.5 55.5
6.5 56.5
6.5 57.5
6.5 58.5
6.5 59.5
7.5 15.5
7.5 16.5
7.5 17.5
7.5 18.5
7.5 36.5
7.5 37.5
7.5 38.5
7.5 39.5
7.5 57.5
7.5 58.5
7.5 59.5
7.5 60.5
8.5 17.5
8.5 18.5
8.5 19.5
8.5 20.5
8.5 38.5
8.5 39.5
8.5 40.5
8.5 41.5
8.5 58.5
8.5 59.5
8.5 60.5
8.5 61.5
8.5 62.5
9.5 18.5
9.5 19.5
9.5 20.5
9.5 21.5
9.5 25.5
9.5 26.5
9.5 27.5
9.5 39.5
9.5 40.5
9.5 41.5
9.5 42.5
9.5 45.5
9.5 46.5
9.5 60.5
9.5 61.5
9.5 62.5
9.5 63.5
10.5 5.5
10.5 6.5
10.5 7.5
10.5 21.5
10.5 22.5
10.5 26.5
10.5 27.5
10.5 28.5
10.5 29.5
10.5 42.5
10.5 43.5
10.5 46.5
10.5 47.5
10.5 48.5
10.5 49.5
10.5 63.5
10.5 64.5
11.5 6.5
11.5 7.5
11.5 8.5
11.5 9.5
11.5 10.5
11.5 27.5
11.5 28.5
11.5 29.5
11.5 30.5
11.5 47.5
11.5 48.5
11.5 49.5
11.5 50.5
11.5 51.5
12.5 8.5
12.5 9.5
12.5 10.5
12.5 11.5
12.5 12.5
12.5 29.5
12.5 30.5
12.5 31.5
12.5 32.5
12.5 49.5
12.5 50.5
12.5 51.5
12.5 52.5
12.5 53.5
13.5 10.5
13.5 11.5
13.5 12.5
13.5 13.5
13.5 30.5
13.5 31.5
13.5 32.5
13.5 33.5
13.5 34.5
13.5 51.5
13.5 52.5
13.5 53.5
13.5 54.5
14.5 12.5
14.5 13.5
14.5 14.5
14.5 15.5
14.5 32.5
14.5 33.5
14.5 34.5
14.5 35.5
14.5 53.5
14.5 54.5
14.5 55.5
14.5 56.5
15.5 15.5
15.5 16.5
15.5 35.5
15.5 36.5
15.5 56.5
15.5 57.5
19.5 14.5
19.5 15.5
19.5 34.5
19.5 35.5
19.5 36.5
19.5 56.5
19.5 57.5
20.5 12.5
20.5 13.5
20.5 14.5
20.5 32.5
20.5 33.5
20.5 34.5
20.5 53.5
20.5 54.5
20.5 55.5
20.5 56.5
21.5 10.5
21.5 11.5
21.5 12.5
21.5 13.5
21.5 30.5
21.5 31.5
21.5 32.5
21.5 33.5
21.5 51.5
21.5 52.5
21.5 53.5
21.5 54.5
21.5 55.5
22.5 8.5
22.5 9.5
22.5 10.5
22.5 11.5
22.5 12.5
22.5 28.5
22.5 29.5
22.5 30.5
22.5 31.5
22.5 49.5
22.5 50.5
22.5 51.5
22.5 52.5
22.5 53.5
23.5 7.5
23.5 8.5
23.5 9.5
23.5 10.5
23.5 27.5
23.5 28.5
23.5 29.5
23.5 30.5
23.5 48.5
23.5 49.5
23.5 50.5
23.5 51.5
24.5 5.5
24.5 6.5
24.5 7.5
24.5 8.5
24.5 21.5
24.5 22.5
24.5 25.5
24.5 26.5
24.5 27.5
24.5 28.5
24.5 41.5
24.5 42.5
24.5 43.5
24.5 46.5
24.5 47.5
24.5 48.5
24.5 49.5
24.5 62.5
24.5 63.5
25.5 5.5
25.5 6.5
25.5 19.5
25.5 20.5
25.5 21.5
25.5 24.5
25.5 25.5
25.5 39.5
25.5 40.5
25.5 41.5
25.5 42.5
25.5 45.5
25.5 46.5
25.5 47.5
25.5 60.5
25.5 61.5
25.5 62.5
26.5 17.5
26.5 18.5
26.5 19.5
26.5 20.5
26.5 37.5
26.5 38.5
26.5 39.5
26.5 40.5
26.5 41.5
26.5 58.5
26.5 59.5
26.5 60.5
26.5 61.5
27.5 16.5
27.5 17.5
27.5 18.5
27.5 19.5
27.5 35.5
27.5 36.5
27.5 37.5
27.5 38.5
27.5 39.5
27.5 57.5
27.5 58.5
27.5 59.5
27.5 60.5
28.5 14.5
28.5 15.5
28.5 16.5
28.5 17.5
28.5 34.5
28.5 35.5
28.5 36.5
28.5 37.5
28.5 55.5
28.5 56.5
28.5 57.5
28.5 58.5
29.5 13.5
29.5 14.5
29.5 15.5
29.5 32.5
29.5 33.5
29.5 34.5
29.5 35.5
29.5 54.5
29.5 55.5
29.5 56.5
30.5 12.5
30.5 13.5
30.5 31.5
30.5 32.5
30.5 33.5
30.5 53.5
30.5 54.5
30.5 55.5
31.5 52.5
34.5 12.5
34.5 13.5
34.5 14.5
34.5 32.5
34.5 33.5
34.5 52.5
34.5 53.5
35.5 13.5
35.5 14.5
35.5 15.5
35.5 16.5
35.5 33.5
35.5 34.5
35.5 35.5
35.5 53.5
35.5 54.5
35.5 55.5
36.5 14.5
36.5 15.5
36.5 16.5
36.5 17.5
36.5 34.5
36.5 35.5
36.5 36.5
36.5 37.5
36.5 54.5
36.5 55.5
36.5 56.5
36.5 57.5
37.5 16.5
37.5 17.5
37.5 18.5
37.5 36.5
37.5 37.5
37.5 38.5
37.5 39.5
37.5 56.5
37.5 57.5
37.5 58.5
38.5 17.5
38.5 18.5
38.5 19.5
38.5 20.5
38.5 37.5
38.5 38.5
38.5 39.5
38.5 40.5
38.5 41.5
38.5 57.5
38.5 58.5
38.5 59.5
38.5 60.5
39.5 6.5
39.5 18.5
39.5 19.5
39.5 20.5
39.5 21.5
39.5 25.5
39.5 26.5
39.5 39.5
39.5 40.5
39.5 41.5
39.5 42.5
39.5 46.5
39.5 59.5
39.5 60.5
39.5 61.5
40.5 6.5
40.5 7.5
40.5 8.5
40.5 20.5
40.5 21.5
40.5 22.5
40.5 26.5
40.5 27.5
40.5 28.5
40.5 41.5
40.5 42.5
40.5 43.5
40.5 46.5
40.5 47.5
40.5 48.5
40.5 49.5
40.5 60.5
40.5 61.5
40.5 62.5
41.5 7.5
41.5 8.5
41.5 9.5
41.5 10.5
41.5 22.5
41.5 23.5
41.5 27.5
41.5 28.5
41.5 29.5
41.5 30.5
41.5 44.5
41.5 47.5
41.5 48.5
41.5 49.5
41.5 50.5
41.5 62.5
41.5 63.5
42.5 8.5
42.5 9.5
42.5 10.5
42.5 11.5
42.5 28.5
42.5 29.5
42.5 30.5
42.5 31.5
42.5 32.5
42.5 49.5
42.5 50.5
42.5 51.5
42.5 52.5
43.5 10.5
43.5 11.5
43.5 12.5
43.5 13.5
43.5 30.5
43.5 31.5
43.5 32.5
43.5 33.5
43.5 50.5
43.5 51.5
43.5 52.5
43.5 53.5
44.5 11.5
44.5 12.5
44.5 13.5
44.5 14.5
44.5 31.5
44.5 32.5
44.5 33.5
44.5 34.5
44.5 52.5
44.5 53.5
44.5 54.5
44.5 55.5
45.5 13.5
45.5 14.5
45.5 15.5
45.5 33.5
45.5 34.5
45.5 35.5
45.5 54.5
45.5 55.5
45.5 56.5
46.5 14.5
46.5 15.5
46.5 16.5
46.5 35.5
46.5 36.5
46.5 56.5
46.5 57.5
49.5 52.5
50.5 12.5
50.5 13.5
50.5 31.5
50.5 32.5
50.5 33.5
50.5 53.5
50.5 54.5
51.5 13.5
51.5 14.5
51.5 15.5
51.5 16.5
51.5 32.5
51.5 33.5
51.5 34.5
51.5 35.5
51.5 54.5
51.5 55.5
51.5 56.5
52.5 15.5
52.5 16.5
52.5 17.5
52.5 18.5
52.5 34.5
52.5 35.5
52.5 36.5
52.5 37.5
52.5 55.5
52.5 56.5
52.5 57.5
52.5 58.5
53.5 16.5
53.5 17.5
53.5 18.5
53.5 19.5
53.5 20.5
53.5 36.5
53.5 37.5
53.5 38.5
53.5 39.5
53.5 57.5
53.5 58.5
53.5 59.5
53.5 60.5
54.5 19.5
54.5 20.5
54.5 21.5
54.5 22.5
54.5 25.5
54.5 26.5
54.5 37.5
54.5 38.5
54.5 39.5
54.5 40.5
54.5 41.5
54.5 58.5
54.5 59.5
54.5 60.5
54.5 61.5
55.5 5.5
55.5 6.5
55.5 21.5
55.5 22.5
55.5 23.5
55.5 26.5
55.5 27.5
55.5 28.5
55.5 40.5
55.5 41.5
55.5 42.5
55.5 44.5
55.5 45.5
55.5 46.5
55.5 47.5
55.5 60.5
55.5 61.5
55.5 62.5
56.5 6.5
56.5 7.5
56.5 8.5
56.5 9.5
56.5 27.5
56.5 28.5
56.5 29.5
56.5 46.5
56.5 47.5
56.5 48.5
56.5 49.5
56.5 62.5
56.5 63.5
57.5 7.5
57.5 8.5
57.5 9.5
57.5 10.5
57.5 11.5
57.5 12.5
57.5 29.5
57.5 30.5
57.5 31.5
57.5 47.5
57.5 48.5
57.5 49.5
57.5 50.5
57.5 51.5
58.5 9.5
58.5 10.5
58.5 11.5
58.5 12.5
58.5 13.5
58.5 14.5
58.5 30.5
58.5 31.5
58.5 32.5
58.5 49.5
58.5 50.5
58.5 51.5
58.5 52.5
58.5 53.5
59.5 11.5
59.5 12.5
59.5 13.5
59.5 14.5
59.5 15.5
59.5 32.5
59.5 33.5
59.5 34.5
59.5 51.5
59.5 52.5
59.5 53.5
59.5 54.5
59.5 55.5
60.5 14.5
60.5 15.5
60.5 16.5
60.5 17.5
60.5 33.5
60.5 34.5
60.5 35.5
60.5 53.5
60.5 54.5
60.5 55.5
60.5 56.5
61.5 36.5
61.5 56.5
61.5 57.5
