4.5 30.5
4.5 31.5
4.5 32.5
4.5 33.5
4.5 34.5
4.5 50.5
4.5 51.5
4.5 52.5
4.5 53.5
5.5 9.5
5.5 10.5
5.5 11.5
5.5 12.5
5.5 28.5
5.5 29.5
5.5 30.5
5.5 31.5
5.5 32.5
5.5 33.5
5.5 48.5
5.5 49.5
5.5 50.5
5.5 51.5
5.5 52.5
6.5 7.5
6.5 8.5
6.5 9.5
6.5 10.5
6.5 11.5
6.5 27.5
6.5 28.5
6.5 29.5
6.5 30.5
6.5 31.5
6.5 32.5
7.5 6.5
7.5 7.5
7.5 8.5
7.5 9.5
7.5 39.5
7.5 40.5
7.5 57.5
7.5 58.5
7.5 59.5
7.5 60.5
8.5 16.5
8.5 17.5
8.5 18.5
8.5 19.5
8.5 20.5
8.5 36.5
8.5 37.5
8.5 38.5
8.5 39.5
8.5 55.5
8.5 56.5
8.5 57.5
8.5 58.5
8.5 59.5
8.5 60.5
9.5 14.5
9.5 15.5
9.5 16.5
9.5 17.5
9.5 18.5
9.5 19.5
9.5 35.5
9.5 36.5
9.5 37.5
9.5 54.5
9.5 55.5
9.5 56.5
9.5 57.5
9.5 58.5
10.5 13.5
10.5 14.5
10.5 15.5
10.5 16.5
10.5 17.5
14.5 35.5
14.5 36.5
14.5 37.5
14.5 38.5
14.5 50.5
14.5 51.5
14.5 52.5
14.5 53.5
14.5 54.5
15.5 14.5
15.5 15.5
15.5 16.5
15.5 17.5
15.5 18.5
15.5 35.5
15.5 36.5
15.5 37.5
15.5 38.5
15.5 39.5
15.5 40.5
15.5 48.5
15.5 49.5
15.5 50.5
15.5 51.5
15.5 52.5
15.5 53.5
15.5 54.5
16.5 14.5
16.5 15.5
16.5 16.5
16.5 17.5
16.5 18.5
16.5 19.5
16.5 20.5
16.5 36.5
16.5 37.5
16.5 38.5
16.5 39.5
16.5 40.5
16.5 47.5
16.5 48.5
16.5 49.5
16.5 50.5
16.5 51.5
16.5 52.5
17.5 17.5
17.5 18.5
17.5 19.5
17.5 20.5
18.5 28.5
18.5 29.5
18.5 30.5
18.5 31.5
18.5 59.5
18.5 60.5
19.5 6.5
19.5 7.5
19.5 8.5
19.5 9.5
19.5 10.5
19.5 11.5
19.5 29.5
19.5 30.5
19.5 31.5
19.5 32.5
19.5 33.5
19.5 56.5
19.5 57.5
19.5 58.5
19.5 59.5
19.5 60.5
19.5 61.5
20.5 7.5
20.5 8.5
20.5 9.5
20.5 10.5
20.5 11.5
20.5 12.5
20.5 13.5
20.5 31.5
20.5 32.5
20.5 33.5
20.5 34.5
20.5 55.5
20.5 56.5
20.5 57.5
20.5 58.5
20.5 59.5
21.5 55.5
21.5 56.5
25.5 9.5
25.5 10.5
25.5 11.5
25.5 12.5
25.5 13.5
25.5 34.5
25.5 35.5
25.5 36.5
25.5 37.5
25.5 54.5
25.5 55.5
25.5 56.5
25.5 57.5
26.5 7.5
26.5 8.5
26.5 9.5
26.5 10.5
26.5 11.5
26.5 12.5
26.5 35.5
26.5 36.5
26.5 37.5
26.5 38.5
26.5 39.5
26.5 56.5
26.5 57.5
26.5 58.5
26.5 59.5
26.5 60.5
27.5 6.5
27.5 7.5
27.5 8.5
27.5 36.5
27.5 37.5
27.5 38.5
27.5 39.5
27.5 40.5
27.5 59.5
27.5 60.5
27.5 61.5
28.5 16.5
28.5 17.5
28.5 18.5
28.5 19.5
28.5 20.5
28.5 28.5
28.5 48.5
28.5 49.5
28.5 50.5
29.5 14.5
29.5 15.5
29.5 16.5
29.5 17.5
29.5 18.5
29.5 19.5
29.5 27.5
29.5 28.5
29.5 29.5
29.5 30.5
29.5 31.5
29.5 47.5
29.5 48.5
29.5 49.5
29.5 50.5
29.5 51.5
29.5 52.5
29.5 53.5
30.5 13.5
30.5 14.5
30.5 15.5
30.5 16.5
30.5 17.5
30.5 28.5
30.5 29.5
30.5 30.5
30.5 31.5
30.5 32.5
30.5 33.5
30.5 49.5
30.5 50.5
30.5 51.5
30.5 52.5
30.5 53.5
30.5 54.5
31.5 30.5
31.5 31.5
31.5 32.5
31.5 33.5
35.5 9.5
35.5 10.5
35.5 11.5
35.5 12.5
35.5 13.5
35.5 51.5
35.5 52.5
35.5 53.5
35.5 54.5
36.5 7.5
36.5 8.5
36.5 9.5
36.5 10.5
36.5 11.5
36.5 12.5
36.5 13.5
36.5 28.5
36.5 29.5
36.5 30.5
36.5 31.5
36.5 32.5
36.5 33.5
36.5 49.5
36.5 50.5
36.5 51.5
36.5 52.5
36.5 53.5
37.5 8.5
37.5 9.5
37.5 10.5
37.5 27.5
37.5 28.5
37.5 29.5
37.5 30.5
37.5 31.5
37.5 48.5
37.5 49.5
37.5 50.5
37.5 51.5
38.5 58.5
38.5 59.5
38.5 60.5
38.5 61.5
39.5 16.5
39.5 17.5
39.5 18.5
39.5 19.5
39.5 36.5
39.5 37.5
39.5 38.5
39.5 39.5
39.5 40.5
39.5 41.5
39.5 56.5
39.5 57.5
39.5 58.5
39.5 59.5
39.5 60.5
39.5 61.5
40.5 14.5
40.5 15.5
40.5 16.5
40.5 17.5
40.5 18.5
40.5 34.5
40.5 35.5
40.5 36.5
40.5 37.5
40.5 38.5
40.5 39.5
40.5 55.5
40.5 56.5
40.5 57.5
40.5 58.5
40.5 59.5
45.5 15.5
45.5 16.5
45.5 17.5
45.5 18.5
45.5 34.5
45.5 35.5
45.5 36.5
45.5 37.5
45.5 38.5
45.5 39.5
45.5 55.5
45.5 56.5
45.5 57.5
46.5 16.5
46.5 17.5
46.5 18.5
46.5 19.5
46.5 20.5
46.5 36.5
46.5 37.5
46.5 38.5
46.5 39.5
46.5 40.5
46.5 41.5
46.5 56.5
46.5 57.5
46.5 58.5
46.5 59.5
47.5 57.5
47.5 58.5
47.5 59.5
47.5 60.5
47.5 61.5
48.5 9.5
48.5 10.5
48.5 27.5
48.5 28.5
48.5 29.5
48.5 30.5
48.5 31.5
48.5 48.5
48.5 49.5
48.5 50.5
48.5 60.5
49.5 7.5
49.5 8.5
49.5 9.5
49.5 10.5
49.5 11.5
49.5 12.5
49.5 13.5
49.5 29.5
49.5 30.5
49.5 31.5
49.5 32.5
49.5 33.5
49.5 49.5
49.5 50.5
49.5 51.5
49.5 52.5
49.5 53.5
50.5 8.5
50.5 9.5
50.5 10.5
50.5 11.5
50.5 12.5
50.5 13.5
50.5 51.5
50.5 52.5
50.5 53.5
50.5 54.5
54.5 34.5
54.5 35.5
54.5 36.5
54.5 37.5
55.5 14.5
55.5 15.5
55.5 16.5
55.5 17.5
55.5 35.5
55.5 36.5
55.5 37.5
55.5 38.5
55.5 39.5
55.5 40.5
55.5 49.5
55.5 50.5
55.5 51.5
55.5 52.5
55.5 53.5
55.5 54.5
56.5 13.5
56.5 14.5
56.5 15.5
56.5 16.5
56.5 17.5
56.5 18.5
56.5 19.5
56.5 37.5
56.5 38.5
56.5 39.5
56.5 40.5
56.5 48.5
56.5 49.5
56.5 50.5
56.5 51.5
56.5 52.5
56.5 53.5
57.5 15.5
57.5 16.5
57.5 17.5
57.5 18.5
57.5 19.5
57.5 20.5
58.5 27.5
58.5 28.5
58.5 29.5
58.5 30.5
58.5 31.5
58.5 32.5
59.5 7.5
59.5 8.5
59.5 9.5
59.5 10.5
59.5 28.5
59.5 29.5
59.5 30.5
59.5 31.5
59.5 32.5
59.5 33.5
59.5 56.5
59.5 57.5
59.5 58.5
59.5 59.5
59.5 60.5
59.5 61.5
60.5 8.5
60.5 9.5
60.5 10.5
60.5 11.5
60.5 12.5
60.5 30.5
60.5 31.5
60.5 32.5
60.5 33.5
60.5 55.5
60.5 56.5
60.5 57.5
60.5 58.5
60.5 59.5
60.5 60.5
60.5 61.5
61.5 11.5
61.5 12.5
61.5 13.5
61.5 55.5
61.5 56.5
61.5 57.5
61.5 58.5
