4.5 55.5
4.5 56.5
5.5 9.5
5.5 10.5
5.5 11.5
5.5 27.5
5.5 42.5
5.5 43.5
5.5 44.5
5.5 54.5
5.5 55.5
5.5 56.5
6.5 8.5
6.5 9.5
6.5 10.5
6.5 11.5
6.5 26.5
6.5 27.5
6.5 28.5
6.5 29.5
6.5 42.5
6.5 43.5
6.5 44.5
6.5 45.5
6.5 53.5
6.5 54.5
6.5 55.5
6.5 56.5
7.5 8.5
7.5 9.5
7.5 10.5
7.5 11.5
7.5 27.5
7.5 28.5
7.5 29.5
7.5 42.5
7.5 43.5
7.5 44.5
7.5 45.5
7.5 46.5
7.5 53.5
7.5 54.5
7.5 55.5
7.5 56.5
8.5 7.5
8.5 8.5
8.5 9.5
8.5 10.5
8.5 27.5
8.5 28.5
8.5 29.5
8.5 30.5
8.5 42.5
8.5 43.5
8.5 44.5
8.5 45.5
8.5 46.5
8.5 53.5
8.5 54.5
8.5 55.5
8.5 56.5
9.5 7.5
9.5 8.5
9.5 9.5
9.5 10.5
9.5 27.5
9.5 28.5
9.5 29.5
9.5 30.5
9.5 43.5
9.5 44.5
9.5 45.5
9.5 46.5
9.5 52.5
9.5 53.5
9.5 54.5
9.5 55.5
10.5 7.5
10.5 8.5
10.5 9.5
10.5 28.5
10.5 29.5
10.5 30.5
10.5 44.5
10.5 45.5
10.5 46.5
10.5 53.5
10.5 54.5
11.5 8.5
11.5 29.5
11.5 30.5
11.5 45.5
11.5 46.5
12.5 14.5
12.5 15.5
12.5 21.5
12.5 22.5
12.5 23.5
12.5 37.5
12.5 38.5
12.5 59.5
12.5 60.5
12.5 61.5
13.5 13.5
13.5 14.5
13.5 15.5
13.5 21.5
13.5 22.5
13.5 23.5
13.5 24.5
13.5 37.5
13.5 38.5
13.5 39.5
13.5 58.5
13.5 59.5
13.5 60.5
13.5 61.5
13.5 62.5
14.5 12.5
14.5 13.5
14.5 14.5
14.5 15.5
14.5 21.5
14.5 22.5
14.5 23.5
14.5 24.5
14.5 37.5
14.5 38.5
14.5 39.5
14.5 40.5
14.5 58.5
14.5 59.5
14.5 60.5
14.5 61.5
14.5 62.5
15.5 12.5
15.5 13.5
15.5 14.5
15.5 21.5
15.5 22.5
15.5 23.5
15.5 24.5
15.5 25.5
15.5 37.5
15.5 38.5
15.5 39.5
15.5 40.5
15.5 41.5
15.5 58.5
15.5 59.5
15.5 60.5
15.5 61.5
16.5 12.5
16.5 13.5
16.5 14.5
16.5 21.5
16.5 22.5
16.5 23.5
16.5 24.5
16.5 25.5
16.5 38.5
16.5 39.5
16.5 40.5
16.5 41.5
16.5 58.5
16.5 59.5
16.5 60.5
16.5 61.5
17.5 12.5
17.5 13.5
17.5 22.5
17.5 23.5
17.5 24.5
17.5 25.5
17.5 38.5
17.5 39.5
17.5 40.5
17.5 41.5
17.5 58.5
17.5 59.5
17.5 60.5
18.5 12.5
18.5 13.5
18.5 23.5
18.5 24.5
18.5 58.5
18.5 59.5
25.5 42.5
25.5 43.5
26.5 9.5
26.5 23.5
26.5 24.5
26.5 25.5
26.5 42.5
26.5 43.5
26.5 44.5
26.5 45.5
26.5 55.5
26.5 56.5
26.5 57.5
27.5 8.5
27.5 9.5
27.5 10.5
27.5 22.5
27.5 23.5
27.5 24.5
27.5 25.5
27.5 42.5
27.5 43.5
27.5 44.5
27.5 45.5
27.5 54.5
27.5 55.5
27.5 56.5
27.5 57.5
28.5 7.5
28.5 8.5
28.5 9.5
28.5 21.5
28.5 22.5
28.5 23.5
28.5 24.5
28.5 25.5
28.5 42.5
28.5 43.5
28.5 44.5
28.5 45.5
28.5 46.5
28.5 53.5
28.5 54.5
28.5 55.5
28.5 56.5
28.5 57.5
29.5 7.5
29.5 8.5
29.5 9.5
29.5 21.5
29.5 22.5
29.5 23.5
29.5 24.5
29.5 25.5
29.5 43.5
29.5 44.5
29.5 45.5
29.5 46.5
29.5 53.5
29.5 54.5
29.5 55.5
29.5 56.5
29.5 57.5
30.5 7.5
30.5 8.5
30.5 9.5
30.5 21.5
30.5 22.5
30.5 23.5
30.5 24.5
30.5 43.5
30.5 44.5
30.5 45.5
30.5 46.5
30.5 53.5
30.5 54.5
30.5 55.5
30.5 56.5
31.5 6.5
31.5 7.5
31.5 8.5
31.5 21.5
31.5 22.5
31.5 23.5
31.5 44.5
31.5 45.5
31.5 46.5
31.5 53.5
31.5 54.5
31.5 55.5
32.5 6.5
32.5 7.5
32.5 8.5
32.5 21.5
32.5 22.5
32.5 53.5
32.5 54.5
33.5 13.5
33.5 14.5
33.5 28.5
33.5 29.5
33.5 30.5
33.5 37.5
33.5 38.5
33.5 39.5
33.5 61.5
33.5 62.5
34.5 12.5
34.5 13.5
34.5 14.5
34.5 28.5
34.5 29.5
34.5 30.5
34.5 31.5
34.5 37.5
34.5 38.5
34.5 39.5
34.5 40.5
34.5 59.5
34.5 60.5
34.5 61.5
34.5 62.5
35.5 11.5
35.5 12.5
35.5 13.5
35.5 14.5
35.5 27.5
35.5 28.5
35.5 29.5
35.5 30.5
35.5 37.5
35.5 38.5
35.5 39.5
35.5 40.5
35.5 59.5
35.5 60.5
35.5 61.5
35.5 62.5
36.5 11.5
36.5 12.5
36.5 13.5
36.5 14.5
36.5 27.5
36.5 28.5
36.5 29.5
36.5 30.5
36.5 37.5
36.5 38.5
36.5 39.5
36.5 40.5
36.5 41.5
36.5 58.5
36.5 59.5
36.5 60.5
36.5 61.5
37.5 11.5
37.5 12.5
37.5 13.5
37.5 14.5
37.5 27.5
37.5 28.5
37.5 29.5
37.5 30.5
37.5 38.5
37.5 39.5
37.5 40.5
37.5 41.5
37.5 58.5
37.5 59.5
37.5 60.5
37.5 61.5
38.5 11.5
38.5 12.5
38.5 13.5
38.5 27.5
38.5 28.5
38.5 29.5
38.5 38.5
38.5 39.5
38.5 40.5
38.5 41.5
38.5 58.5
38.5 59.5
38.5 60.5
39.5 11.5
39.5 12.5
39.5 27.5
39.5 28.5
39.5 39.5
39.5 40.5
39.5 41.5
46.5 12.5
46.5 55.5
46.5 56.5
46.5 57.5
47.5 11.5
47.5 12.5
47.5 13.5
47.5 14.5
47.5 23.5
47.5 24.5
47.5 25.5
47.5 42.5
47.5 43.5
47.5 44.5
47.5 45.5
47.5 54.5
47.5 55.5
47.5 56.5
47.5 57.5
48.5 11.5
48.5 12.5
48.5 13.5
48.5 14.5
48.5 22.5
48.5 23.5
48.5 24.5
48.5 25.5
48.5 26.5
48.5 42.5
48.5 43.5
48.5 44.5
48.5 45.5
48.5 46.5
48.5 53.5
48.5 54.5
48.5 55.5
48.5 56.5
48.5 57.5
49.5 11.5
49.5 12.5
49.5 13.5
49.5 14.5
49.5 15.5
49.5 22.5
49.5 23.5
49.5 24.5
49.5 25.5
49.5 42.5
49.5 43.5
49.5 44.5
49.5 45.5
49.5 46.5
49.5 53.5
49.5 54.5
49.5 55.5
49.5 56.5
50.5 12.5
50.5 13.5
50.5 14.5
50.5 15.5
50.5 22.5
50.5 23.5
50.5 24.5
50.5 25.5
50.5 43.5
50.5 44.5
50.5 45.5
50.5 46.5
50.5 53.5
50.5 54.5
50.5 55.5
50.5 56.5
51.5 12.5
51.5 13.5
51.5 14.5
51.5 15.5
51.5 22.5
51.5 23.5
51.5 24.5
51.5 44.5
51.5 45.5
51.5 46.5
51.5 47.5
51.5 53.5
51.5 54.5
51.5 55.5
52.5 13.5
52.5 14.5
52.5 15.5
52.5 22.5
52.5 23.5
52.5 45.5
52.5 46.5
52.5 61.5
53.5 60.5
53.5 61.5
53.5 62.5
54.5 6.5
54.5 7.5
54.5 8.5
54.5 29.5
54.5 30.5
54.5 31.5
54.5 37.5
54.5 38.5
54.5 39.5
54.5 40.5
54.5 59.5
54.5 60.5
54.5 61.5
54.5 62.5
55.5 6.5
55.5 7.5
55.5 8.5
55.5 9.5
55.5 28.5
55.5 29.5
55.5 30.5
55.5 31.5
55.5 37.5
55.5 38.5
55.5 39.5
55.5 40.5
55.5 41.5
55.5 58.5
55.5 59.5
55.5 60.5
55.5 61.5
55.5 62.5
56.5 6.5
56.5 7.5
56.5 8.5
56.5 9.5
56.5 27.5
56.5 28.5
56.5 29.5
56.5 30.5
56.5 31.5
56.5 38.5
56.5 39.5
56.5 40.5
56.5 41.5
56.5 58.5
56.5 59.5
56.5 60.5
56.5 61.5
56.5 62.5
57.5 6.5
57.5 7.5
57.5 8.5
57.5 9.5
57.5 10.5
57.5 27.5
57.5 28.5
57.5 29.5
57.5 30.5
57.5 31.5
57.5 38.5
57.5 39.5
57.5 40.5
57.5 41.5
57.5 42.5
57.5 58.5
57.5 59.5
57.5 60.5
57.5 61.5
58.5 7.5
58.5 8.5
58.5 9.5
58.5 10.5
58.5 27.5
58.5 28.5
58.5 29.5
58.5 30.5
58.5 39.5
58.5 40.5
58.5 41.5
58.5 42.5
58.5 58.5
58.5 59.5
58.5 60.5
59.5 7.5
59.5 8.5
59.5 9.5
59.5 10.5
59.5 27.5
59.5 28.5
59.5 29.5
59.5 40.5
59.5 41.5
59.5 59.5
60.5 8.5
60.5 9.5
