6.5 6.5
6.5 18.5
6.5 27.5
6.5 28.5
6.5 59.5
7.5 6.5
7.5 18.5
7.5 19.5
7.5 27.5
7.5 28.5
7.5 49.5
7.5 59.5
7.5 60.5
8.5 6.5
8.5 19.5
8.5 27.5
8.5 40.5
8.5 49.5
8.5 59.5
8.5 60.5
9.5 6.5
9.5 19.5
9.5 20.5
9.5 26.5
9.5 27.5
9.5 40.5
9.5 50.5
9.5 60.5
10.5 6.5
10.5 20.5
10.5 26.5
10.5 27.5
10.5 40.5
10.5 50.5
10.5 60.5
11.5 5.5
11.5 6.5
11.5 26.5
11.5 40.5
11.5 50.5
11.5 60.5
11.5 61.5
12.5 5.5
12.5 51.5
13.5 10.5
13.5 15.5
13.5 31.5
13.5 36.5
13.5 51.5
13.5 56.5
14.5 10.5
14.5 16.5
14.5 31.5
14.5 36.5
14.5 46.5
14.5 56.5
15.5 10.5
15.5 16.5
15.5 30.5
15.5 31.5
15.5 36.5
15.5 46.5
15.5 56.5
16.5 10.5
16.5 17.5
16.5 30.5
16.5 36.5
16.5 37.5
16.5 46.5
16.5 47.5
16.5 56.5
16.5 57.5
17.5 10.5
17.5 17.5
17.5 30.5
17.5 36.5
17.5 37.5
17.5 46.5
17.5 47.5
17.5 57.5
18.5 10.5
18.5 18.5
18.5 37.5
18.5 47.5
18.5 57.5
19.5 47.5
26.5 20.5
26.5 38.5
26.5 47.5
26.5 59.5
27.5 10.5
27.5 20.5
27.5 21.5
27.5 27.5
27.5 38.5
27.5 46.5
27.5 47.5
27.5 60.5
28.5 10.5
28.5 21.5
28.5 27.5
28.5 38.5
28.5 39.5
28.5 46.5
28.5 60.5
29.5 10.5
29.5 11.5
29.5 21.5
29.5 27.5
29.5 39.5
29.5 46.5
29.5 60.5
30.5 11.5
30.5 21.5
30.5 27.5
30.5 39.5
30.5 45.5
30.5 46.5
30.5 60.5
30.5 61.5
31.5 11.5
31.5 22.5
31.5 39.5
31.5 45.5
31.5 61.5
32.5 11.5
32.5 45.5
32.5 61.5
33.5 17.5
33.5 30.5
33.5 35.5
33.5 51.5
34.5 6.5
34.5 17.5
34.5 30.5
34.5 35.5
34.5 51.5
34.5 57.5
35.5 6.5
35.5 7.5
35.5 17.5
35.5 30.5
35.5 35.5
35.5 36.5
35.5 50.5
35.5 51.5
35.5 57.5
36.5 7.5
36.5 17.5
36.5 18.5
36.5 30.5
36.5 36.5
36.5 50.5
36.5 57.5
36.5 58.5
37.5 7.5
37.5 18.5
37.5 29.5
37.5 36.5
37.5 49.5
37.5 50.5
37.5 58.5
38.5 7.5
38.5 18.5
38.5 29.5
38.5 36.5
38.5 49.5
38.5 58.5
39.5 7.5
39.5 8.5
39.5 18.5
39.5 49.5
40.5 8.5
46.5 29.5
46.5 36.5
46.5 49.5
46.5 60.5
47.5 20.5
47.5 29.5
47.5 36.5
47.5 49.5
47.5 60.5
48.5 9.5
48.5 10.5
48.5 20.5
48.5 29.5
48.5 36.5
48.5 49.5
48.5 50.5
48.5 60.5
49.5 10.5
49.5 20.5
49.5 21.5
49.5 30.5
49.5 35.5
49.5 49.5
49.5 50.5
49.5 61.5
50.5 10.5
50.5 11.5
50.5 20.5
50.5 21.5
50.5 30.5
50.5 35.5
50.5 50.5
50.5 61.5
51.5 11.5
51.5 21.5
51.5 30.5
51.5 35.5
51.5 50.5
51.5 51.5
51.5 61.5
52.5 11.5
52.5 21.5
52.5 30.5
52.5 50.5
52.5 51.5
52.5 61.5
53.5 26.5
53.5 40.5
53.5 45.5
54.5 26.5
54.5 39.5
54.5 40.5
54.5 45.5
54.5 57.5
55.5 6.5
55.5 17.5
55.5 26.5
55.5 39.5
55.5 40.5
55.5 46.5
55.5 57.5
56.5 6.5
56.5 7.5
56.5 17.5
56.5 26.5
56.5 39.5
56.5 40.5
56.5 46.5
56.5 57.5
57.5 6.5
57.5 7.5
57.5 17.5
57.5 18.5
57.5 27.5
57.5 39.5
57.5 46.5
57.5 57.5
58.5 7.5
58.5 18.5
58.5 27.5
58.5 39.5
58.5 47.5
58.5 57.5
59.5 7.5
59.5 8.5
59.5 18.5
59.5 27.5
59.5 39.5
59.5 47.5
60.5 8.5
