5.5 13.5
5.5 35.5
5.5 54.5
5.5 55.5
6.5 14.5
6.5 15.5
6.5 16.5
6.5 36.5
6.5 56.5
6.5 57.5
7.5 16.5
7.5 17.5
7.5 18.5
7.5 37.5
7.5 38.5
7.5 58.5
7.5 59.5
8.5 18.5
8.5 19.5
8.5 20.5
8.5 38.5
8.5 39.5
8.5 60.5
8.5 61.5
9.5 20.5
9.5 21.5
9.5 26.5
9.5 40.5
10.5 27.5
10.5 28.5
10.5 41.5
11.5 7.5
11.5 28.5
11.5 29.5
11.5 47.5
11.5 48.5
12.5 8.5
12.5 9.5
12.5 30.5
12.5 31.5
12.5 49.5
12.5 50.5
12.5 51.5
13.5 9.5
13.5 10.5
13.5 31.5
13.5 32.5
13.5 52.5
13.5 53.5
14.5 11.5
14.5 12.5
14.5 32.5
14.5 33.5
14.5 55.5
15.5 13.5
15.5 34.5
20.5 54.5
21.5 12.5
21.5 13.5
21.5 32.5
21.5 33.5
21.5 52.5
21.5 53.5
22.5 10.5
22.5 11.5
22.5 31.5
22.5 32.5
22.5 50.5
22.5 51.5
23.5 9.5
23.5 29.5
23.5 30.5
23.5 49.5
23.5 50.5
24.5 7.5
24.5 27.5
24.5 28.5
24.5 47.5
24.5 48.5
24.5 62.5
25.5 26.5
25.5 60.5
25.5 61.5
26.5 18.5
26.5 19.5
26.5 40.5
26.5 41.5
26.5 59.5
26.5 60.5
27.5 16.5
27.5 17.5
27.5 18.5
27.5 38.5
27.5 39.5
27.5 57.5
27.5 58.5
28.5 15.5
28.5 16.5
28.5 36.5
28.5 37.5
28.5 56.5
28.5 57.5
29.5 13.5
29.5 14.5
29.5 34.5
29.5 35.5
29.5 55.5
30.5 33.5
35.5 54.5
35.5 55.5
36.5 12.5
36.5 13.5
36.5 32.5
36.5 33.5
36.5 56.5
36.5 57.5
37.5 10.5
37.5 11.5
37.5 34.5
37.5 35.5
37.5 58.5
37.5 59.5
38.5 8.5
38.5 9.5
38.5 10.5
38.5 36.5
38.5 37.5
38.5 38.5
38.5 60.5
38.5 61.5
39.5 7.5
39.5 8.5
39.5 38.5
39.5 39.5
39.5 40.5
39.5 62.5
40.5 6.5
40.5 41.5
41.5 20.5
41.5 25.5
41.5 26.5
41.5 47.5
41.5 48.5
42.5 18.5
42.5 19.5
42.5 27.5
42.5 28.5
42.5 49.5
42.5 50.5
43.5 16.5
43.5 17.5
43.5 29.5
43.5 30.5
43.5 51.5
43.5 52.5
44.5 14.5
44.5 15.5
44.5 30.5
44.5 31.5
44.5 53.5
44.5 54.5
45.5 13.5
45.5 32.5
45.5 33.5
45.5 55.5
51.5 13.5
51.5 33.5
51.5 34.5
51.5 53.5
51.5 54.5
52.5 14.5
52.5 15.5
52.5 31.5
52.5 32.5
52.5 55.5
52.5 56.5
53.5 16.5
53.5 17.5
53.5 29.5
53.5 30.5
53.5 56.5
53.5 57.5
53.5 58.5
54.5 18.5
54.5 19.5
54.5 27.5
54.5 28.5
54.5 58.5
54.5 59.5
55.5 20.5
55.5 26.5
55.5 60.5
55.5 61.5
56.5 5.5
56.5 41.5
57.5 7.5
57.5 8.5
57.5 38.5
57.5 39.5
57.5 47.5
57.5 48.5
58.5 8.5
58.5 9.5
58.5 10.5
58.5 36.5
58.5 37.5
58.5 38.5
58.5 48.5
58.5 49.5
58.5 50.5
59.5 10.5
59.5 11.5
59.5 12.5
59.5 35.5
59.5 36.5
59.5 50.5
59.5 51.5
60.5 13.5
60.5 33.5
60.5 34.5
60.5 52.5
60.5 53.5
61.5 54.5
