4.5 34.5
5.5 22.5
5.5 35.5
5.5 47.5
5.5 56.5
6.5 9.5
6.5 23.5
6.5 35.5
6.5 48.5
6.5 56.5
7.5 10.5
7.5 24.5
7.5 36.5
7.5 48.5
7.5 55.5
8.5 11.5
8.5 24.5
8.5 36.5
8.5 49.5
9.5 11.5
9.5 25.5
9.5 42.5
9.5 49.5
9.5 54.5
10.5 12.5
10.5 18.5
10.5 30.5
10.5 61.5
11.5 5.5
11.5 18.5
11.5 31.5
11.5 43.5
11.5 60.5
11.5 61.5
12.5 6.5
12.5 19.5
12.5 31.5
12.5 44.5
12.5 60.5
13.5 6.5
13.5 20.5
13.5 32.5
13.5 44.5
13.5 59.5
13.5 60.5
14.5 7.5
14.5 20.5
14.5 59.5
19.5 21.5
20.5 20.5
20.5 32.5
20.5 44.5
20.5 58.5
21.5 10.5
21.5 19.5
21.5 32.5
21.5 43.5
21.5 59.5
22.5 11.5
22.5 19.5
22.5 31.5
22.5 43.5
22.5 60.5
23.5 18.5
23.5 31.5
23.5 42.5
23.5 61.5
24.5 12.5
24.5 17.5
24.5 25.5
24.5 30.5
24.5 42.5
24.5 54.5
24.5 62.5
25.5 24.5
25.5 36.5
25.5 49.5
25.5 55.5
26.5 6.5
26.5 24.5
26.5 36.5
26.5 48.5
27.5 7.5
27.5 23.5
27.5 35.5
27.5 48.5
27.5 56.5
28.5 8.5
28.5 23.5
28.5 35.5
28.5 47.5
28.5 57.5
29.5 9.5
29.5 22.5
29.5 34.5
29.5 46.5
35.5 10.5
35.5 46.5
35.5 59.5
36.5 11.5
36.5 20.5
36.5 32.5
36.5 47.5
37.5 12.5
37.5 19.5
37.5 31.5
37.5 48.5
37.5 60.5
38.5 18.5
38.5 48.5
38.5 60.5
39.5 30.5
39.5 49.5
39.5 61.5
40.5 6.5
40.5 25.5
40.5 37.5
40.5 61.5
41.5 7.5
41.5 24.5
41.5 36.5
41.5 43.5
41.5 55.5
42.5 8.5
42.5 23.5
42.5 35.5
42.5 36.5
42.5 44.5
42.5 56.5
43.5 22.5
43.5 35.5
43.5 44.5
43.5 56.5
44.5 34.5
44.5 45.5
44.5 57.5
49.5 10.5
49.5 22.5
50.5 10.5
50.5 33.5
50.5 45.5
50.5 57.5
51.5 11.5
51.5 23.5
51.5 32.5
51.5 45.5
51.5 57.5
52.5 11.5
52.5 24.5
52.5 31.5
52.5 32.5
52.5 44.5
52.5 56.5
53.5 12.5
53.5 24.5
53.5 31.5
53.5 44.5
53.5 56.5
54.5 12.5
54.5 30.5
54.5 55.5
55.5 6.5
55.5 18.5
55.5 38.5
55.5 43.5
55.5 49.5
55.5 55.5
56.5 18.5
56.5 37.5
56.5 49.5
56.5 61.5
57.5 7.5
57.5 19.5
57.5 36.5
57.5 37.5
57.5 49.5
57.5 61.5
58.5 7.5
58.5 20.5
58.5 36.5
58.5 48.5
58.5 60.5
59.5 8.5
59.5 20.5
59.5 35.5
59.5 48.5
60.5 34.5
60.5 59.5
