3.5 18.5
3.5 28.5
4.5 7.5
4.5 17.5
4.5 18.5
4.5 27.5
4.5 28.5
4.5 37.5
4.5 47.5
4.5 48.5
4.5 59.5
4.5 60.5
5.5 6.5
5.5 7.5
5.5 16.5
5.5 17.5
5.5 27.5
5.5 28.5
5.5 37.5
5.5 46.5
5.5 47.5
5.5 48.5
5.5 59.5
5.5 60.5
5.5 61.5
6.5 5.5
6.5 6.5
6.5 16.5
6.5 17.5
6.5 26.5
6.5 27.5
6.5 36.5
6.5 37.5
6.5 45.5
6.5 46.5
6.5 47.5
6.5 60.5
6.5 61.5
7.5 5.5
7.5 6.5
7.5 11.5
7.5 15.5
7.5 16.5
7.5 22.5
7.5 26.5
7.5 27.5
7.5 36.5
7.5 41.5
7.5 45.5
7.5 46.5
7.5 61.5
7.5 62.5
8.5 5.5
8.5 11.5
8.5 15.5
8.5 21.5
8.5 22.5
8.5 26.5
8.5 32.5
8.5 35.5
8.5 40.5
8.5 41.5
8.5 45.5
8.5 51.5
8.5 54.5
8.5 55.5
8.5 61.5
8.5 62.5
8.5 63.5
9.5 10.5
9.5 11.5
9.5 20.5
9.5 21.5
9.5 31.5
9.5 32.5
9.5 35.5
9.5 40.5
9.5 41.5
9.5 50.5
9.5 51.5
9.5 55.5
9.5 56.5
9.5 63.5
10.5 10.5
10.5 20.5
10.5 21.5
10.5 30.5
10.5 31.5
10.5 39.5
10.5 40.5
10.5 50.5
10.5 56.5
10.5 57.5
11.5 9.5
11.5 10.5
11.5 19.5
11.5 20.5
11.5 29.5
11.5 30.5
11.5 39.5
11.5 40.5
11.5 49.5
11.5 50.5
11.5 56.5
11.5 57.5
11.5 58.5
12.5 9.5
12.5 19.5
12.5 29.5
12.5 39.5
12.5 49.5
12.5 57.5
12.5 58.5
13.5 9.5
13.5 59.5
14.5 39.5
15.5 19.5
15.5 29.5
15.5 39.5
15.5 40.5
15.5 48.5
16.5 9.5
16.5 18.5
16.5 19.5
16.5 29.5
16.5 30.5
16.5 39.5
16.5 40.5
16.5 47.5
16.5 48.5
16.5 58.5
16.5 59.5
17.5 10.5
17.5 11.5
17.5 18.5
17.5 30.5
17.5 31.5
17.5 40.5
17.5 41.5
17.5 47.5
17.5 57.5
17.5 58.5
18.5 10.5
18.5 11.5
18.5 12.5
18.5 17.5
18.5 18.5
18.5 31.5
18.5 32.5
18.5 40.5
18.5 41.5
18.5 46.5
18.5 47.5
18.5 56.5
18.5 57.5
18.5 58.5
19.5 12.5
19.5 13.5
19.5 16.5
19.5 17.5
19.5 22.5
19.5 25.5
19.5 26.5
19.5 31.5
19.5 32.5
19.5 35.5
19.5 41.5
19.5 42.5
19.5 46.5
19.5 56.5
19.5 57.5
20.5 5.5
20.5 6.5
20.5 13.5
20.5 16.5
20.5 21.5
20.5 25.5
20.5 26.5
20.5 32.5
20.5 36.5
20.5 41.5
20.5 42.5
20.5 45.5
20.5 51.5
20.5 55.5
20.5 56.5
20.5 62.5
20.5 63.5
21.5 6.5
21.5 7.5
21.5 8.5
21.5 20.5
21.5 21.5
21.5 26.5
21.5 27.5
21.5 36.5
21.5 37.5
21.5 42.5
21.5 50.5
21.5 51.5
21.5 55.5
21.5 61.5
21.5 62.5
22.5 7.5
22.5 8.5
22.5 9.5
22.5 20.5
22.5 27.5
22.5 28.5
22.5 37.5
22.5 49.5
22.5 50.5
22.5 60.5
22.5 61.5
22.5 62.5
23.5 9.5
23.5 10.5
23.5 20.5
23.5 27.5
23.5 28.5
23.5 37.5
23.5 38.5
23.5 49.5
23.5 50.5
23.5 60.5
23.5 61.5
24.5 19.5
24.5 28.5
24.5 29.5
24.5 38.5
24.5 48.5
24.5 49.5
24.5 59.5
24.5 60.5
25.5 48.5
25.5 59.5
26.5 8.5
26.5 9.5
27.5 9.5
27.5 18.5
27.5 28.5
27.5 38.5
27.5 49.5
28.5 9.5
28.5 10.5
28.5 18.5
28.5 28.5
28.5 29.5
28.5 30.5
28.5 37.5
28.5 38.5
28.5 48.5
28.5 59.5
29.5 10.5
29.5 11.5
29.5 17.5
29.5 29.5
29.5 30.5
29.5 31.5
29.5 37.5
29.5 47.5
29.5 48.5
29.5 57.5
29.5 58.5
30.5 10.5
30.5 11.5
30.5 16.5
30.5 17.5
30.5 30.5
30.5 31.5
30.5 32.5
30.5 36.5
30.5 37.5
30.5 46.5
30.5 47.5
30.5 57.5
30.5 58.5
31.5 5.5
31.5 11.5
31.5 12.5
31.5 16.5
31.5 25.5
31.5 31.5
31.5 32.5
31.5 36.5
31.5 42.5
31.5 46.5
31.5 47.5
31.5 52.5
31.5 56.5
31.5 57.5
32.5 5.5
32.5 6.5
32.5 12.5
32.5 16.5
32.5 21.5
32.5 25.5
32.5 26.5
32.5 41.5
32.5 42.5
32.5 45.5
32.5 46.5
32.5 51.5
32.5 52.5
32.5 55.5
32.5 56.5
32.5 62.5
33.5 5.5
33.5 6.5
33.5 15.5
33.5 20.5
33.5 21.5
33.5 26.5
33.5 27.5
33.5 40.5
33.5 41.5
33.5 45.5
33.5 51.5
33.5 54.5
33.5 55.5
33.5 61.5
33.5 62.5
34.5 6.5
34.5 7.5
34.5 20.5
34.5 21.5
34.5 26.5
34.5 27.5
34.5 40.5
34.5 41.5
34.5 50.5
34.5 60.5
34.5 61.5
34.5 62.5
35.5 6.5
35.5 7.5
35.5 19.5
35.5 20.5
35.5 27.5
35.5 28.5
35.5 39.5
35.5 40.5
35.5 49.5
35.5 50.5
35.5 60.5
35.5 61.5
36.5 7.5
36.5 19.5
36.5 20.5
36.5 28.5
36.5 29.5
36.5 39.5
36.5 49.5
36.5 59.5
36.5 60.5
37.5 8.5
37.5 19.5
37.5 29.5
37.5 58.5
37.5 59.5
38.5 39.5
38.5 58.5
39.5 39.5
40.5 7.5
40.5 8.5
40.5 19.5
40.5 30.5
40.5 40.5
40.5 48.5
41.5 8.5
41.5 9.5
41.5 17.5
41.5 18.5
41.5 30.5
41.5 40.5
41.5 41.5
41.5 47.5
41.5 48.5
41.5 58.5
41.5 59.5
42.5 8.5
42.5 9.5
42.5 16.5
42.5 17.5
42.5 30.5
42.5 31.5
42.5 40.5
42.5 41.5
42.5 47.5
42.5 57.5
42.5 58.5
43.5 9.5
43.5 10.5
43.5 15.5
43.5 16.5
43.5 30.5
43.5 31.5
43.5 36.5
43.5 41.5
43.5 42.5
43.5 46.5
43.5 47.5
43.5 52.5
43.5 56.5
43.5 57.5
43.5 58.5
44.5 9.5
44.5 10.5
44.5 14.5
44.5 15.5
44.5 30.5
44.5 31.5
44.5 36.5
44.5 42.5
44.5 46.5
44.5 51.5
44.5 52.5
44.5 55.5
44.5 56.5
44.5 57.5
45.5 5.5
45.5 10.5
45.5 13.5
45.5 14.5
45.5 22.5
45.5 23.5
45.5 31.5
45.5 32.5
45.5 36.5
45.5 37.5
45.5 42.5
45.5 46.5
45.5 51.5
45.5 55.5
45.5 63.5
46.5 5.5
46.5 6.5
46.5 20.5
46.5 21.5
46.5 22.5
46.5 26.5
46.5 31.5
46.5 32.5
46.5 36.5
46.5 37.5
46.5 50.5
46.5 51.5
46.5 62.5
46.5 63.5
47.5 6.5
47.5 19.5
47.5 20.5
47.5 21.5
47.5 27.5
47.5 37.5
47.5 38.5
47.5 50.5
47.5 60.5
47.5 61.5
47.5 62.5
48.5 6.5
48.5 7.5
48.5 17.5
48.5 18.5
48.5 19.5
48.5 27.5
48.5 28.5
48.5 37.5
48.5 38.5
48.5 49.5
48.5 50.5
48.5 59.5
48.5 60.5
48.5 61.5
49.5 7.5
49.5 17.5
49.5 28.5
49.5 38.5
49.5 49.5
49.5 59.5
50.5 29.5
50.5 38.5
50.5 39.5
51.5 39.5
52.5 8.5
52.5 18.5
52.5 19.5
52.5 49.5
52.5 59.5
52.5 60.5
53.5 8.5
53.5 9.5
53.5 17.5
53.5 18.5
53.5 28.5
53.5 29.5
53.5 38.5
53.5 49.5
53.5 50.5
53.5 60.5
53.5 61.5
54.5 9.5
54.5 16.5
54.5 17.5
54.5 27.5
54.5 28.5
54.5 39.5
54.5 40.5
54.5 50.5
54.5 51.5
54.5 61.5
54.5 62.5
55.5 9.5
55.5 10.5
55.5 15.5
55.5 16.5
55.5 17.5
55.5 26.5
55.5 27.5
55.5 39.5
55.5 40.5
55.5 50.5
55.5 51.5
55.5 61.5
55.5 62.5
56.5 10.5
56.5 14.5
56.5 15.5
56.5 22.5
56.5 26.5
56.5 27.5
56.5 40.5
56.5 41.5
56.5 51.5
56.5 52.5
56.5 56.5
56.5 62.5
56.5 63.5
57.5 5.5
57.5 11.5
57.5 14.5
57.5 21.5
57.5 25.5
57.5 26.5
57.5 41.5
57.5 42.5
57.5 45.5
57.5 46.5
57.5 52.5
57.5 56.5
57.5 57.5
57.5 64.5
58.5 5.5
58.5 6.5
58.5 20.5
58.5 21.5
58.5 31.5
58.5 32.5
58.5 33.5
58.5 36.5
58.5 42.5
58.5 46.5
58.5 47.5
58.5 57.5
58.5 58.5
59.5 5.5
59.5 6.5
59.5 7.5
59.5 19.5
59.5 20.5
59.5 30.5
59.5 31.5
59.5 32.5
59.5 37.5
59.5 47.5
59.5 48.5
59.5 58.5
59.5 59.5
60.5 6.5
60.5 7.5
60.5 18.5
60.5 19.5
60.5 29.5
60.5 30.5
60.5 31.5
60.5 37.5
60.5 38.5
60.5 47.5
60.5 48.5
60.5 58.5
60.5 59.5
61.5 6.5
61.5 7.5
61.5 18.5
61.5 28.5
61.5 29.5
61.5 38.5
61.5 39.5
61.5 48.5
61.5 49.5
61.5 59.5
62.5 7.5
62.5 39.5
