4.5 41.5
4.5 42.5
4.5 43.5
4.5 55.5
4.5 56.5
5.5 11.5
5.5 26.5
5.5 27.5
5.5 42.5
5.5 43.5
5.5 44.5
5.5 53.5
5.5 54.5
5.5 55.5
6.5 7.5
6.5 8.5
6.5 9.5
6.5 10.5
6.5 11.5
6.5 27.5
6.5 28.5
6.5 29.5
6.5 30.5
6.5 44.5
6.5 45.5
6.5 46.5
6.5 52.5
6.5 53.5
6.5 54.5
7.5 5.5
7.5 6.5
7.5 7.5
7.5 8.5
7.5 9.5
7.5 29.5
7.5 30.5
7.5 31.5
7.5 32.5
7.5 45.5
7.5 46.5
7.5 51.5
7.5 52.5
8.5 6.5
8.5 36.5
8.5 37.5
8.5 38.5
8.5 60.5
8.5 61.5
9.5 21.5
9.5 22.5
9.5 37.5
9.5 38.5
9.5 39.5
9.5 58.5
9.5 59.5
9.5 60.5
10.5 14.5
10.5 15.5
10.5 16.5
10.5 17.5
10.5 22.5
10.5 23.5
10.5 24.5
10.5 25.5
10.5 39.5
10.5 40.5
10.5 41.5
10.5 57.5
10.5 58.5
10.5 59.5
11.5 12.5
11.5 13.5
11.5 14.5
11.5 15.5
11.5 24.5
11.5 25.5
11.5 26.5
11.5 40.5
11.5 41.5
11.5 42.5
11.5 56.5
11.5 57.5
12.5 11.5
12.5 12.5
12.5 27.5
16.5 11.5
16.5 12.5
16.5 26.5
16.5 27.5
16.5 40.5
16.5 41.5
16.5 42.5
16.5 56.5
16.5 57.5
17.5 9.5
17.5 10.5
17.5 11.5
17.5 25.5
17.5 26.5
17.5 39.5
17.5 40.5
17.5 41.5
17.5 54.5
17.5 55.5
17.5 56.5
18.5 7.5
18.5 8.5
18.5 9.5
18.5 10.5
18.5 24.5
18.5 25.5
18.5 38.5
18.5 39.5
18.5 40.5
18.5 53.5
18.5 54.5
18.5 55.5
19.5 6.5
19.5 7.5
19.5 23.5
19.5 24.5
19.5 37.5
19.5 38.5
19.5 39.5
19.5 52.5
19.5 53.5
19.5 54.5
20.5 17.5
20.5 18.5
20.5 22.5
20.5 31.5
20.5 32.5
20.5 36.5
20.5 37.5
20.5 47.5
20.5 52.5
20.5 53.5
20.5 62.5
21.5 14.5
21.5 15.5
21.5 16.5
21.5 17.5
21.5 29.5
21.5 30.5
21.5 31.5
21.5 45.5
21.5 46.5
21.5 47.5
21.5 60.5
21.5 61.5
21.5 62.5
22.5 12.5
22.5 13.5
22.5 14.5
22.5 15.5
22.5 28.5
22.5 29.5
22.5 30.5
22.5 44.5
22.5 45.5
22.5 46.5
22.5 59.5
22.5 60.5
22.5 61.5
23.5 11.5
23.5 12.5
23.5 13.5
23.5 27.5
23.5 28.5
23.5 29.5
23.5 43.5
23.5 44.5
23.5 45.5
23.5 58.5
23.5 59.5
23.5 60.5
24.5 27.5
24.5 28.5
24.5 42.5
24.5 43.5
24.5 58.5
24.5 59.5
25.5 57.5
25.5 58.5
26.5 57.5
28.5 11.5
28.5 12.5
28.5 27.5
29.5 12.5
29.5 13.5
29.5 14.5
29.5 27.5
29.5 28.5
29.5 29.5
29.5 42.5
29.5 43.5
30.5 13.5
30.5 14.5
30.5 15.5
30.5 29.5
30.5 30.5
30.5 31.5
30.5 43.5
30.5 44.5
30.5 45.5
30.5 57.5
30.5 58.5
31.5 5.5
31.5 6.5
31.5 14.5
31.5 15.5
31.5 16.5
31.5 30.5
31.5 31.5
31.5 32.5
31.5 44.5
31.5 45.5
31.5 46.5
31.5 59.5
31.5 60.5
32.5 6.5
32.5 7.5
32.5 16.5
32.5 17.5
32.5 32.5
32.5 33.5
32.5 46.5
32.5 47.5
32.5 60.5
32.5 61.5
33.5 7.5
33.5 8.5
33.5 21.5
33.5 22.5
33.5 23.5
33.5 37.5
33.5 38.5
33.5 48.5
33.5 52.5
33.5 53.5
33.5 62.5
34.5 8.5
34.5 9.5
34.5 22.5
34.5 23.5
34.5 24.5
34.5 25.5
34.5 38.5
34.5 39.5
34.5 40.5
34.5 53.5
34.5 54.5
34.5 55.5
35.5 9.5
35.5 10.5
35.5 23.5
35.5 24.5
35.5 25.5
35.5 26.5
35.5 39.5
35.5 40.5
35.5 41.5
35.5 54.5
35.5 55.5
35.5 56.5
36.5 11.5
36.5 26.5
36.5 27.5
36.5 41.5
36.5 42.5
36.5 56.5
36.5 57.5
40.5 9.5
40.5 10.5
41.5 8.5
41.5 9.5
41.5 10.5
41.5 24.5
41.5 25.5
41.5 26.5
41.5 41.5
41.5 42.5
41.5 56.5
41.5 57.5
41.5 58.5
42.5 7.5
42.5 8.5
42.5 9.5
42.5 22.5
42.5 23.5
42.5 24.5
42.5 25.5
42.5 39.5
42.5 40.5
42.5 41.5
42.5 42.5
42.5 57.5
42.5 58.5
42.5 59.5
43.5 6.5
43.5 7.5
43.5 8.5
43.5 21.5
43.5 22.5
43.5 23.5
43.5 38.5
43.5 39.5
43.5 40.5
43.5 58.5
43.5 59.5
43.5 60.5
43.5 61.5
44.5 5.5
44.5 6.5
44.5 7.5
44.5 37.5
44.5 38.5
44.5 39.5
44.5 60.5
44.5 61.5
45.5 15.5
45.5 16.5
45.5 30.5
45.5 31.5
45.5 32.5
45.5 33.5
45.5 37.5
45.5 46.5
45.5 47.5
45.5 51.5
45.5 52.5
46.5 13.5
46.5 14.5
46.5 15.5
46.5 28.5
46.5 29.5
46.5 30.5
46.5 31.5
46.5 45.5
46.5 46.5
46.5 52.5
46.5 53.5
46.5 54.5
47.5 12.5
47.5 13.5
47.5 26.5
47.5 27.5
47.5 28.5
47.5 29.5
47.5 44.5
47.5 45.5
47.5 53.5
47.5 54.5
47.5 55.5
48.5 10.5
48.5 11.5
48.5 43.5
48.5 44.5
48.5 55.5
48.5 56.5
49.5 42.5
49.5 57.5
52.5 26.5
52.5 27.5
53.5 10.5
53.5 11.5
53.5 12.5
53.5 27.5
53.5 28.5
53.5 29.5
53.5 42.5
53.5 43.5
53.5 55.5
53.5 56.5
54.5 11.5
54.5 12.5
54.5 13.5
54.5 14.5
54.5 28.5
54.5 29.5
54.5 30.5
54.5 43.5
54.5 44.5
54.5 54.5
54.5 55.5
54.5 56.5
55.5 12.5
55.5 13.5
55.5 14.5
55.5 15.5
55.5 29.5
55.5 30.5
55.5 31.5
55.5 43.5
55.5 44.5
55.5 45.5
55.5 53.5
55.5 54.5
55.5 55.5
56.5 14.5
56.5 15.5
56.5 20.5
56.5 21.5
56.5 31.5
56.5 32.5
56.5 44.5
56.5 45.5
56.5 46.5
56.5 52.5
56.5 53.5
56.5 54.5
57.5 20.5
57.5 21.5
57.5 22.5
57.5 23.5
57.5 36.5
57.5 37.5
57.5 46.5
57.5 47.5
57.5 51.5
57.5 52.5
57.5 62.5
58.5 5.5
58.5 6.5
58.5 21.5
58.5 22.5
58.5 23.5
58.5 24.5
58.5 37.5
58.5 38.5
58.5 39.5
58.5 60.5
58.5 61.5
59.5 5.5
59.5 6.5
59.5 7.5
59.5 8.5
59.5 23.5
59.5 24.5
59.5 25.5
59.5 38.5
59.5 39.5
59.5 40.5
59.5 58.5
59.5 59.5
59.5 60.5
59.5 61.5
60.5 7.5
60.5 8.5
60.5 9.5
60.5 24.5
60.5 25.5
60.5 26.5
60.5 40.5
60.5 41.5
60.5 57.5
60.5 58.5
60.5 59.5
61.5 8.5
61.5 9.5
61.5 10.5
61.5 41.5
61.5 42.5
61.5 56.5
61.5 57.5
61.5 58.5
62.5 56.5
