4.5 42.5
4.5 43.5
4.5 54.5
4.5 55.5
5.5 27.5
5.5 28.5
5.5 41.5
5.5 42.5
5.5 43.5
5.5 44.5
5.5 52.5
5.5 53.5
5.5 54.5
5.5 55.5
6.5 11.5
6.5 12.5
6.5 13.5
6.5 14.5
6.5 26.5
6.5 27.5
6.5 28.5
6.5 29.5
6.5 41.5
6.5 42.5
6.5 43.5
6.5 44.5
6.5 45.5
6.5 52.5
6.5 53.5
6.5 54.5
6.5 55.5
7.5 11.5
7.5 12.5
7.5 13.5
7.5 14.5
7.5 15.5
7.5 26.5
7.5 27.5
7.5 28.5
7.5 29.5
7.5 30.5
7.5 42.5
7.5 43.5
7.5 44.5
7.5 45.5
7.5 46.5
7.5 51.5
7.5 52.5
7.5 53.5
7.5 54.5
7.5 55.5
8.5 11.5
8.5 12.5
8.5 13.5
8.5 14.5
8.5 15.5
8.5 27.5
8.5 28.5
8.5 29.5
8.5 30.5
8.5 31.5
8.5 43.5
8.5 44.5
8.5 45.5
8.5 46.5
8.5 51.5
8.5 52.5
8.5 53.5
8.5 54.5
8.5 55.5
9.5 12.5
9.5 13.5
9.5 14.5
9.5 15.5
9.5 28.5
9.5 29.5
9.5 30.5
9.5 31.5
9.5 44.5
9.5 45.5
9.5 46.5
9.5 52.5
9.5 53.5
9.5 54.5
10.5 13.5
10.5 14.5
10.5 21.5
10.5 22.5
10.5 29.5
10.5 30.5
10.5 31.5
10.5 37.5
10.5 38.5
10.5 59.5
10.5 60.5
10.5 61.5
11.5 6.5
11.5 7.5
11.5 8.5
11.5 20.5
11.5 21.5
11.5 22.5
11.5 23.5
11.5 24.5
11.5 37.5
11.5 38.5
11.5 39.5
11.5 40.5
11.5 58.5
11.5 59.5
11.5 60.5
11.5 61.5
11.5 62.5
12.5 6.5
12.5 7.5
12.5 8.5
12.5 9.5
12.5 20.5
12.5 21.5
12.5 22.5
12.5 23.5
12.5 24.5
12.5 25.5
12.5 37.5
12.5 38.5
12.5 39.5
12.5 40.5
12.5 41.5
12.5 57.5
12.5 58.5
12.5 59.5
12.5 60.5
12.5 61.5
12.5 62.5
13.5 6.5
13.5 7.5
13.5 8.5
13.5 9.5
13.5 10.5
13.5 21.5
13.5 22.5
13.5 23.5
13.5 24.5
13.5 25.5
13.5 37.5
13.5 38.5
13.5 39.5
13.5 40.5
13.5 41.5
13.5 57.5
13.5 58.5
13.5 59.5
13.5 60.5
13.5 61.5
14.5 7.5
14.5 8.5
14.5 9.5
14.5 10.5
14.5 22.5
14.5 23.5
14.5 24.5
14.5 25.5
14.5 38.5
14.5 39.5
14.5 40.5
14.5 41.5
14.5 57.5
14.5 58.5
14.5 59.5
14.5 60.5
15.5 23.5
15.5 24.5
15.5 25.5
15.5 39.5
15.5 40.5
15.5 41.5
20.5 7.5
20.5 8.5
20.5 9.5
20.5 24.5
20.5 42.5
20.5 43.5
20.5 58.5
20.5 59.5
21.5 6.5
21.5 7.5
21.5 8.5
21.5 9.5
21.5 10.5
21.5 22.5
21.5 23.5
21.5 24.5
21.5 25.5
21.5 41.5
21.5 42.5
21.5 43.5
21.5 44.5
21.5 45.5
21.5 57.5
21.5 58.5
21.5 59.5
21.5 60.5
21.5 61.5
22.5 6.5
22.5 7.5
22.5 8.5
22.5 9.5
22.5 21.5
22.5 22.5
22.5 23.5
22.5 24.5
22.5 25.5
22.5 41.5
22.5 42.5
22.5 43.5
22.5 44.5
22.5 45.5
22.5 57.5
22.5 58.5
22.5 59.5
22.5 60.5
22.5 61.5
22.5 62.5
23.5 6.5
23.5 7.5
23.5 8.5
23.5 9.5
23.5 20.5
23.5 21.5
23.5 22.5
23.5 23.5
23.5 24.5
23.5 25.5
23.5 41.5
23.5 42.5
23.5 43.5
23.5 44.5
23.5 45.5
23.5 58.5
23.5 59.5
23.5 60.5
23.5 61.5
23.5 62.5
24.5 6.5
24.5 7.5
24.5 8.5
24.5 20.5
24.5 21.5
24.5 22.5
24.5 23.5
24.5 24.5
24.5 42.5
24.5 43.5
24.5 44.5
24.5 45.5
24.5 59.5
24.5 60.5
24.5 61.5
24.5 62.5
25.5 12.5
25.5 13.5
25.5 14.5
25.5 15.5
25.5 44.5
25.5 51.5
25.5 52.5
25.5 53.5
25.5 60.5
25.5 61.5
25.5 62.5
26.5 11.5
26.5 12.5
26.5 13.5
26.5 14.5
26.5 15.5
26.5 27.5
26.5 28.5
26.5 29.5
26.5 35.5
26.5 36.5
26.5 37.5
26.5 38.5
26.5 51.5
26.5 52.5
26.5 53.5
26.5 54.5
26.5 55.5
27.5 11.5
27.5 12.5
27.5 13.5
27.5 14.5
27.5 26.5
27.5 27.5
27.5 28.5
27.5 29.5
27.5 30.5
27.5 35.5
27.5 36.5
27.5 37.5
27.5 38.5
27.5 39.5
27.5 51.5
27.5 52.5
27.5 53.5
27.5 54.5
27.5 55.5
28.5 11.5
28.5 12.5
28.5 13.5
28.5 14.5
28.5 26.5
28.5 27.5
28.5 28.5
28.5 29.5
28.5 35.5
28.5 36.5
28.5 37.5
28.5 38.5
28.5 39.5
28.5 52.5
28.5 53.5
28.5 54.5
28.5 55.5
28.5 56.5
29.5 11.5
29.5 12.5
29.5 13.5
29.5 25.5
29.5 26.5
29.5 27.5
29.5 28.5
29.5 35.5
29.5 36.5
29.5 37.5
29.5 38.5
29.5 39.5
29.5 52.5
29.5 53.5
29.5 54.5
29.5 55.5
29.5 56.5
30.5 26.5
30.5 27.5
30.5 36.5
30.5 37.5
30.5 38.5
30.5 39.5
30.5 54.5
30.5 55.5
34.5 9.5
34.5 10.5
35.5 8.5
35.5 9.5
35.5 10.5
35.5 11.5
35.5 23.5
35.5 38.5
35.5 39.5
35.5 54.5
36.5 7.5
36.5 8.5
36.5 9.5
36.5 10.5
36.5 11.5
36.5 21.5
36.5 22.5
36.5 23.5
36.5 24.5
36.5 36.5
36.5 37.5
36.5 38.5
36.5 39.5
36.5 52.5
36.5 53.5
36.5 54.5
36.5 55.5
37.5 7.5
37.5 8.5
37.5 9.5
37.5 10.5
37.5 21.5
37.5 22.5
37.5 23.5
37.5 24.5
37.5 36.5
37.5 37.5
37.5 38.5
37.5 39.5
37.5 51.5
37.5 52.5
37.5 53.5
37.5 54.5
37.5 55.5
37.5 56.5
38.5 7.5
38.5 8.5
38.5 9.5
38.5 20.5
38.5 21.5
38.5 22.5
38.5 23.5
38.5 24.5
38.5 35.5
38.5 36.5
38.5 37.5
38.5 38.5
38.5 39.5
38.5 51.5
38.5 52.5
38.5 53.5
38.5 54.5
38.5 55.5
39.5 7.5
39.5 8.5
39.5 14.5
39.5 15.5
39.5 20.5
39.5 21.5
39.5 22.5
39.5 23.5
39.5 35.5
39.5 36.5
39.5 37.5
39.5 38.5
39.5 51.5
39.5 52.5
39.5 53.5
39.5 54.5
39.5 55.5
40.5 13.5
40.5 14.5
40.5 15.5
40.5 21.5
40.5 43.5
40.5 44.5
40.5 45.5
40.5 51.5
40.5 52.5
40.5 53.5
40.5 54.5
41.5 12.5
41.5 13.5
41.5 14.5
41.5 15.5
41.5 27.5
41.5 28.5
41.5 29.5
41.5 30.5
41.5 42.5
41.5 43.5
41.5 44.5
41.5 45.5
41.5 59.5
41.5 60.5
41.5 61.5
42.5 12.5
42.5 13.5
42.5 14.5
42.5 15.5
42.5 26.5
42.5 27.5
42.5 28.5
42.5 29.5
42.5 30.5
42.5 41.5
42.5 42.5
42.5 43.5
42.5 44.5
42.5 45.5
42.5 58.5
42.5 59.5
42.5 60.5
42.5 61.5
43.5 11.5
43.5 12.5
43.5 13.5
43.5 14.5
43.5 25.5
43.5 26.5
43.5 27.5
43.5 28.5
43.5 29.5
43.5 41.5
43.5 42.5
43.5 43.5
43.5 44.5
43.5 45.5
43.5 57.5
43.5 58.5
43.5 59.5
43.5 60.5
43.5 61.5
44.5 12.5
44.5 13.5
44.5 25.5
44.5 26.5
44.5 27.5
44.5 28.5
44.5 42.5
44.5 43.5
44.5 44.5
44.5 57.5
44.5 58.5
44.5 59.5
44.5 60.5
45.5 57.5
45.5 58.5
45.5 59.5
45.5 60.5
49.5 27.5
50.5 9.5
50.5 10.5
50.5 26.5
50.5 27.5
50.5 28.5
50.5 29.5
50.5 30.5
50.5 39.5
50.5 40.5
50.5 41.5
51.5 8.5
51.5 9.5
51.5 10.5
51.5 11.5
51.5 26.5
51.5 27.5
51.5 28.5
51.5 29.5
51.5 30.5
51.5 31.5
51.5 38.5
51.5 39.5
51.5 40.5
51.5 41.5
51.5 57.5
51.5 58.5
51.5 59.5
52.5 7.5
52.5 8.5
52.5 9.5
52.5 10.5
52.5 27.5
52.5 28.5
52.5 29.5
52.5 30.5
52.5 31.5
52.5 37.5
52.5 38.5
52.5 39.5
52.5 40.5
52.5 41.5
52.5 57.5
52.5 58.5
52.5 59.5
52.5 60.5
53.5 7.5
53.5 8.5
53.5 9.5
53.5 10.5
53.5 28.5
53.5 29.5
53.5 30.5
53.5 31.5
53.5 37.5
53.5 38.5
53.5 39.5
53.5 40.5
53.5 41.5
53.5 57.5
53.5 58.5
53.5 59.5
53.5 60.5
53.5 61.5
54.5 7.5
54.5 8.5
54.5 9.5
54.5 29.5
54.5 30.5
54.5 31.5
54.5 37.5
54.5 38.5
54.5 39.5
54.5 40.5
54.5 58.5
54.5 59.5
54.5 60.5
54.5 61.5
55.5 7.5
55.5 8.5
55.5 21.5
55.5 22.5
55.5 23.5
55.5 58.5
55.5 59.5
55.5 60.5
55.5 61.5
55.5 62.5
56.5 13.5
56.5 14.5
56.5 15.5
56.5 21.5
56.5 22.5
56.5 23.5
56.5 24.5
56.5 25.5
56.5 44.5
56.5 45.5
56.5 46.5
56.5 52.5
56.5 53.5
56.5 60.5
56.5 61.5
57.5 12.5
57.5 13.5
57.5 14.5
57.5 15.5
57.5 21.5
57.5 22.5
57.5 23.5
57.5 24.5
57.5 25.5
57.5 43.5
57.5 44.5
57.5 45.5
57.5 46.5
57.5 51.5
57.5 52.5
57.5 53.5
57.5 54.5
57.5 55.5
58.5 11.5
58.5 12.5
58.5 13.5
58.5 14.5
58.5 15.5
58.5 22.5
58.5 23.5
58.5 24.5
58.5 25.5
58.5 26.5
58.5 42.5
58.5 43.5
58.5 44.5
58.5 45.5
58.5 51.5
58.5 52.5
58.5 53.5
58.5 54.5
58.5 55.5
59.5 11.5
59.5 12.5
59.5 13.5
59.5 14.5
59.5 23.5
59.5 24.5
59.5 25.5
59.5 26.5
59.5 42.5
59.5 43.5
59.5 44.5
59.5 45.5
59.5 52.5
59.5 53.5
59.5 54.5
59.5 55.5
59.5 56.5
60.5 11.5
60.5 12.5
60.5 13.5
60.5 25.5
60.5 42.5
60.5 43.5
60.5 44.5
60.5 53.5
60.5 54.5
60.5 55.5
60.5 56.5
61.5 12.5
61.5 54.5
61.5 55.5
61.5 56.5
