3.5 9.5
3.5 10.5
3.5 22.5
3.5 58.5
4.5 10.5
4.5 11.5
4.5 12.5
4.5 20.5
4.5 21.5
4.5 33.5
4.5 34.5
4.5 46.5
4.5 47.5
4.5 59.5
5.5 12.5
5.5 13.5
5.5 14.5
5.5 19.5
5.5 20.5
5.5 35.5
5.5 36.5
5.5 47.5
5.5 48.5
5.5 59.5
5.5 60.5
6.5 14.5
6.5 15.5
6.5 18.5
6.5 19.5
6.5 36.5
6.5 37.5
6.5 38.5
6.5 48.5
6.5 49.5
6.5 60.5
6.5 61.5
7.5 5.5
7.5 38.5
7.5 39.5
7.5 42.5
7.5 50.5
7.5 53.5
7.5 61.5
8.5 5.5
8.5 6.5
8.5 7.5
8.5 25.5
8.5 26.5
8.5 29.5
8.5 30.5
8.5 43.5
8.5 44.5
8.5 54.5
8.5 55.5
9.5 7.5
9.5 8.5
9.5 9.5
9.5 23.5
9.5 24.5
9.5 25.5
9.5 30.5
9.5 31.5
9.5 32.5
9.5 44.5
9.5 45.5
9.5 55.5
9.5 56.5
9.5 57.5
10.5 10.5
10.5 22.5
10.5 23.5
10.5 32.5
10.5 33.5
10.5 45.5
10.5 46.5
10.5 57.5
10.5 58.5
11.5 22.5
11.5 34.5
14.5 8.5
14.5 9.5
14.5 10.5
14.5 22.5
14.5 45.5
14.5 46.5
14.5 57.5
14.5 58.5
15.5 10.5
15.5 11.5
15.5 12.5
15.5 20.5
15.5 21.5
15.5 22.5
15.5 34.5
15.5 35.5
15.5 36.5
15.5 44.5
15.5 45.5
15.5 55.5
15.5 56.5
15.5 57.5
16.5 11.5
16.5 12.5
16.5 13.5
16.5 19.5
16.5 20.5
16.5 36.5
16.5 37.5
16.5 38.5
16.5 43.5
16.5 44.5
16.5 54.5
16.5 55.5
17.5 13.5
17.5 14.5
17.5 18.5
17.5 19.5
17.5 39.5
17.5 42.5
17.5 49.5
17.5 53.5
18.5 5.5
18.5 6.5
18.5 17.5
18.5 26.5
18.5 29.5
18.5 30.5
18.5 48.5
18.5 49.5
18.5 60.5
18.5 61.5
18.5 62.5
19.5 6.5
19.5 7.5
19.5 24.5
19.5 25.5
19.5 31.5
19.5 32.5
19.5 33.5
19.5 47.5
19.5 48.5
19.5 59.5
19.5 60.5
20.5 7.5
20.5 8.5
20.5 22.5
20.5 23.5
20.5 24.5
20.5 33.5
20.5 34.5
20.5 35.5
20.5 46.5
20.5 47.5
20.5 57.5
20.5 58.5
21.5 9.5
21.5 21.5
21.5 22.5
23.5 46.5
24.5 21.5
24.5 33.5
24.5 34.5
24.5 35.5
24.5 45.5
24.5 58.5
24.5 59.5
25.5 8.5
25.5 9.5
25.5 22.5
25.5 23.5
25.5 35.5
25.5 36.5
25.5 37.5
25.5 38.5
25.5 43.5
25.5 44.5
25.5 56.5
25.5 57.5
25.5 58.5
26.5 7.5
26.5 8.5
26.5 23.5
26.5 24.5
26.5 25.5
26.5 38.5
26.5 39.5
26.5 42.5
26.5 43.5
26.5 54.5
26.5 55.5
26.5 56.5
27.5 5.5
27.5 6.5
27.5 25.5
27.5 26.5
27.5 29.5
27.5 50.5
27.5 51.5
28.5 12.5
28.5 13.5
28.5 17.5
28.5 18.5
28.5 30.5
28.5 31.5
28.5 32.5
28.5 47.5
28.5 48.5
28.5 49.5
28.5 62.5
28.5 63.5
29.5 11.5
29.5 12.5
29.5 18.5
29.5 19.5
29.5 20.5
29.5 32.5
29.5 33.5
29.5 45.5
29.5 46.5
29.5 47.5
29.5 61.5
29.5 62.5
30.5 10.5
30.5 11.5
30.5 19.5
30.5 20.5
30.5 21.5
30.5 34.5
30.5 60.5
30.5 61.5
31.5 9.5
31.5 22.5
31.5 59.5
33.5 33.5
33.5 46.5
34.5 9.5
34.5 34.5
34.5 35.5
34.5 47.5
34.5 48.5
35.5 8.5
35.5 9.5
35.5 21.5
35.5 22.5
35.5 34.5
35.5 35.5
35.5 36.5
35.5 48.5
35.5 49.5
35.5 50.5
35.5 58.5
35.5 59.5
36.5 8.5
36.5 22.5
36.5 23.5
36.5 24.5
36.5 35.5
36.5 36.5
36.5 50.5
36.5 51.5
36.5 56.5
36.5 57.5
36.5 58.5
37.5 7.5
37.5 8.5
37.5 24.5
37.5 25.5
37.5 36.5
37.5 37.5
37.5 41.5
37.5 42.5
37.5 55.5
38.5 7.5
38.5 13.5
38.5 16.5
38.5 17.5
38.5 26.5
38.5 29.5
38.5 30.5
38.5 42.5
38.5 43.5
38.5 44.5
39.5 12.5
39.5 17.5
39.5 18.5
39.5 30.5
39.5 31.5
39.5 44.5
39.5 45.5
39.5 46.5
39.5 61.5
39.5 62.5
39.5 63.5
40.5 11.5
40.5 12.5
40.5 19.5
40.5 20.5
40.5 31.5
40.5 32.5
40.5 45.5
40.5 46.5
40.5 47.5
40.5 59.5
40.5 60.5
40.5 61.5
41.5 11.5
41.5 20.5
41.5 21.5
41.5 32.5
41.5 33.5
41.5 58.5
42.5 10.5
44.5 20.5
44.5 59.5
45.5 11.5
45.5 21.5
45.5 22.5
45.5 33.5
45.5 34.5
45.5 45.5
45.5 46.5
45.5 47.5
45.5 60.5
45.5 61.5
46.5 11.5
46.5 12.5
46.5 22.5
46.5 23.5
46.5 34.5
46.5 35.5
46.5 46.5
46.5 47.5
46.5 48.5
46.5 62.5
47.5 12.5
47.5 24.5
47.5 36.5
47.5 37.5
47.5 47.5
47.5 48.5
47.5 49.5
47.5 63.5
48.5 13.5
48.5 16.5
48.5 17.5
48.5 25.5
48.5 29.5
48.5 40.5
48.5 41.5
48.5 49.5
48.5 50.5
48.5 53.5
48.5 54.5
48.5 55.5
49.5 6.5
49.5 13.5
49.5 17.5
49.5 18.5
49.5 30.5
49.5 31.5
49.5 41.5
49.5 42.5
49.5 54.5
49.5 55.5
49.5 56.5
49.5 57.5
49.5 58.5
50.5 6.5
50.5 7.5
50.5 8.5
50.5 18.5
50.5 19.5
50.5 20.5
50.5 31.5
50.5 32.5
50.5 43.5
50.5 56.5
50.5 57.5
50.5 58.5
50.5 59.5
51.5 7.5
51.5 8.5
51.5 9.5
51.5 20.5
51.5 21.5
51.5 33.5
51.5 44.5
52.5 9.5
52.5 22.5
52.5 45.5
54.5 33.5
55.5 22.5
55.5 34.5
55.5 35.5
55.5 45.5
55.5 57.5
55.5 58.5
56.5 7.5
56.5 8.5
56.5 9.5
56.5 20.5
56.5 21.5
56.5 35.5
56.5 36.5
56.5 42.5
56.5 43.5
56.5 44.5
56.5 58.5
56.5 59.5
56.5 60.5
56.5 61.5
56.5 62.5
57.5 5.5
57.5 6.5
57.5 18.5
57.5 19.5
57.5 20.5
57.5 36.5
57.5 37.5
57.5 40.5
57.5 41.5
57.5 42.5
57.5 60.5
57.5 61.5
57.5 62.5
57.5 63.5
58.5 17.5
58.5 18.5
58.5 26.5
58.5 29.5
58.5 30.5
59.5 12.5
59.5 13.5
59.5 14.5
59.5 24.5
59.5 25.5
59.5 30.5
59.5 31.5
59.5 48.5
59.5 49.5
59.5 54.5
59.5 55.5
60.5 9.5
60.5 10.5
60.5 11.5
60.5 12.5
60.5 23.5
60.5 24.5
60.5 31.5
60.5 32.5
60.5 46.5
60.5 47.5
60.5 55.5
60.5 56.5
60.5 57.5
61.5 22.5
61.5 23.5
61.5 33.5
61.5 44.5
61.5 58.5
62.5 21.5
