4.5 56.5
5.5 12.5
5.5 27.5
5.5 28.5
5.5 57.5
6.5 13.5
6.5 28.5
6.5 29.5
6.5 43.5
6.5 58.5
7.5 14.5
7.5 30.5
7.5 44.5
7.5 58.5
7.5 59.5
8.5 15.5
8.5 31.5
8.5 45.5
8.5 59.5
9.5 21.5
9.5 37.5
9.5 46.5
9.5 60.5
10.5 7.5
10.5 22.5
10.5 37.5
10.5 38.5
10.5 51.5
10.5 61.5
11.5 8.5
11.5 23.5
11.5 38.5
11.5 52.5
12.5 8.5
12.5 9.5
12.5 24.5
12.5 39.5
12.5 53.5
13.5 9.5
13.5 25.5
13.5 40.5
13.5 54.5
14.5 10.5
14.5 41.5
14.5 55.5
20.5 11.5
20.5 25.5
20.5 41.5
20.5 55.5
21.5 12.5
21.5 24.5
21.5 42.5
21.5 54.5
22.5 13.5
22.5 23.5
22.5 42.5
22.5 43.5
22.5 53.5
23.5 14.5
23.5 22.5
23.5 43.5
23.5 52.5
24.5 15.5
24.5 21.5
24.5 30.5
24.5 35.5
24.5 44.5
24.5 51.5
25.5 29.5
25.5 36.5
26.5 7.5
26.5 29.5
26.5 36.5
26.5 61.5
27.5 8.5
27.5 28.5
27.5 37.5
27.5 59.5
27.5 60.5
28.5 9.5
28.5 10.5
28.5 27.5
28.5 38.5
28.5 58.5
28.5 59.5
29.5 11.5
29.5 27.5
29.5 38.5
29.5 57.5
29.5 58.5
30.5 26.5
30.5 39.5
30.5 56.5
35.5 11.5
35.5 25.5
36.5 12.5
36.5 25.5
36.5 40.5
36.5 57.5
37.5 13.5
37.5 24.5
37.5 39.5
37.5 55.5
38.5 14.5
38.5 23.5
38.5 38.5
38.5 53.5
38.5 54.5
39.5 15.5
39.5 22.5
39.5 37.5
39.5 51.5
39.5 52.5
40.5 5.5
40.5 16.5
40.5 22.5
40.5 36.5
41.5 6.5
41.5 30.5
41.5 45.5
41.5 62.5
42.5 7.5
42.5 8.5
42.5 29.5
42.5 44.5
42.5 61.5
43.5 9.5
43.5 28.5
43.5 43.5
43.5 59.5
43.5 60.5
44.5 10.5
44.5 27.5
44.5 42.5
44.5 58.5
44.5 59.5
45.5 11.5
45.5 26.5
45.5 57.5
50.5 42.5
51.5 10.5
51.5 27.5
51.5 43.5
51.5 56.5
52.5 8.5
52.5 9.5
52.5 28.5
52.5 44.5
52.5 55.5
53.5 7.5
53.5 8.5
53.5 28.5
53.5 29.5
53.5 44.5
53.5 54.5
53.5 55.5
54.5 6.5
54.5 7.5
54.5 29.5
54.5 45.5
54.5 53.5
54.5 54.5
55.5 6.5
55.5 30.5
55.5 36.5
55.5 46.5
55.5 52.5
56.5 16.5
56.5 37.5
57.5 15.5
57.5 22.5
57.5 37.5
57.5 38.5
57.5 62.5
58.5 14.5
58.5 23.5
58.5 38.5
58.5 60.5
59.5 13.5
59.5 24.5
59.5 39.5
59.5 59.5
60.5 12.5
60.5 40.5
60.5 57.5
60.5 58.5
61.5 11.5
61.5 25.5
61.5 41.5
