4.5 38.5
5.5 7.5
5.5 8.5
5.5 17.5
5.5 18.5
5.5 26.5
5.5 27.5
5.5 37.5
5.5 38.5
5.5 48.5
5.5 49.5
5.5 57.5
6.5 7.5
6.5 16.5
6.5 17.5
6.5 26.5
6.5 36.5
6.5 37.5
6.5 38.5
6.5 47.5
6.5 48.5
6.5 57.5
7.5 6.5
7.5 7.5
7.5 16.5
7.5 17.5
7.5 25.5
7.5 26.5
7.5 36.5
7.5 37.5
7.5 38.5
7.5 47.5
7.5 48.5
7.5 56.5
7.5 57.5
8.5 6.5
8.5 7.5
8.5 16.5
8.5 17.5
8.5 25.5
8.5 26.5
8.5 36.5
8.5 37.5
8.5 47.5
8.5 56.5
8.5 57.5
9.5 6.5
9.5 16.5
9.5 24.5
9.5 25.5
9.5 36.5
9.5 42.5
9.5 52.5
9.5 56.5
9.5 61.5
10.5 5.5
10.5 6.5
10.5 11.5
10.5 16.5
10.5 20.5
10.5 24.5
10.5 30.5
10.5 31.5
10.5 41.5
10.5 42.5
10.5 51.5
10.5 52.5
10.5 56.5
10.5 60.5
10.5 61.5
11.5 10.5
11.5 11.5
11.5 20.5
11.5 29.5
11.5 30.5
11.5 31.5
11.5 41.5
11.5 42.5
11.5 51.5
11.5 52.5
11.5 60.5
11.5 61.5
12.5 10.5
12.5 11.5
12.5 19.5
12.5 20.5
12.5 28.5
12.5 29.5
12.5 30.5
12.5 40.5
12.5 41.5
12.5 50.5
12.5 51.5
12.5 59.5
12.5 60.5
12.5 61.5
13.5 9.5
13.5 10.5
13.5 11.5
13.5 19.5
13.5 20.5
13.5 28.5
13.5 29.5
13.5 30.5
13.5 40.5
13.5 50.5
13.5 51.5
13.5 59.5
13.5 60.5
14.5 9.5
14.5 10.5
14.5 19.5
14.5 28.5
14.5 29.5
14.5 59.5
14.5 60.5
15.5 9.5
15.5 10.5
15.5 19.5
18.5 40.5
18.5 41.5
18.5 50.5
19.5 28.5
19.5 29.5
19.5 40.5
19.5 41.5
19.5 50.5
19.5 51.5
19.5 59.5
20.5 9.5
20.5 17.5
20.5 28.5
20.5 29.5
20.5 30.5
20.5 41.5
20.5 42.5
20.5 50.5
20.5 51.5
20.5 58.5
20.5 59.5
21.5 9.5
21.5 10.5
21.5 17.5
21.5 28.5
21.5 29.5
21.5 30.5
21.5 41.5
21.5 42.5
21.5 51.5
21.5 52.5
21.5 57.5
21.5 58.5
22.5 9.5
22.5 10.5
22.5 11.5
22.5 16.5
22.5 17.5
22.5 28.5
22.5 29.5
22.5 30.5
22.5 41.5
22.5 42.5
22.5 51.5
22.5 52.5
22.5 56.5
22.5 57.5
22.5 58.5
23.5 10.5
23.5 11.5
23.5 16.5
23.5 29.5
23.5 30.5
23.5 41.5
23.5 42.5
23.5 47.5
23.5 52.5
23.5 56.5
23.5 57.5
24.5 10.5
24.5 11.5
24.5 15.5
24.5 16.5
24.5 30.5
24.5 36.5
24.5 42.5
24.5 47.5
24.5 48.5
24.5 62.5
25.5 11.5
25.5 15.5
25.5 20.5
25.5 24.5
25.5 36.5
25.5 37.5
25.5 47.5
25.5 48.5
25.5 61.5
25.5 62.5
26.5 5.5
26.5 6.5
26.5 19.5
26.5 20.5
26.5 24.5
26.5 25.5
26.5 36.5
26.5 37.5
26.5 38.5
26.5 47.5
26.5 48.5
26.5 60.5
26.5 61.5
26.5 62.5
27.5 6.5
27.5 7.5
27.5 19.5
27.5 20.5
27.5 24.5
27.5 25.5
27.5 26.5
27.5 36.5
27.5 37.5
27.5 38.5
27.5 47.5
27.5 48.5
27.5 60.5
27.5 61.5
27.5 62.5
28.5 6.5
28.5 7.5
28.5 18.5
28.5 19.5
28.5 25.5
28.5 26.5
28.5 37.5
28.5 38.5
28.5 48.5
28.5 49.5
28.5 60.5
28.5 61.5
29.5 7.5
29.5 8.5
29.5 18.5
29.5 19.5
29.5 26.5
29.5 37.5
29.5 38.5
29.5 48.5
30.5 7.5
30.5 8.5
30.5 18.5
33.5 59.5
34.5 27.5
34.5 50.5
34.5 58.5
34.5 59.5
35.5 9.5
35.5 17.5
35.5 26.5
35.5 27.5
35.5 37.5
35.5 38.5
35.5 50.5
35.5 51.5
35.5 58.5
35.5 59.5
36.5 9.5
36.5 10.5
36.5 16.5
36.5 17.5
36.5 26.5
36.5 27.5
36.5 36.5
36.5 37.5
36.5 38.5
36.5 50.5
36.5 51.5
36.5 57.5
36.5 58.5
36.5 59.5
37.5 9.5
37.5 10.5
37.5 11.5
37.5 16.5
37.5 17.5
37.5 26.5
37.5 36.5
37.5 37.5
37.5 38.5
37.5 50.5
37.5 51.5
37.5 52.5
37.5 57.5
37.5 58.5
37.5 59.5
38.5 10.5
38.5 11.5
38.5 16.5
38.5 17.5
38.5 25.5
38.5 26.5
38.5 35.5
38.5 36.5
38.5 37.5
38.5 51.5
38.5 52.5
38.5 57.5
38.5 58.5
39.5 10.5
39.5 11.5
39.5 15.5
39.5 16.5
39.5 25.5
39.5 26.5
39.5 30.5
39.5 35.5
39.5 36.5
39.5 37.5
39.5 51.5
39.5 52.5
39.5 57.5
39.5 58.5
40.5 5.5
40.5 11.5
40.5 21.5
40.5 30.5
40.5 35.5
40.5 36.5
40.5 52.5
40.5 63.5
41.5 5.5
41.5 6.5
41.5 20.5
41.5 21.5
41.5 29.5
41.5 30.5
41.5 42.5
41.5 47.5
41.5 62.5
41.5 63.5
42.5 5.5
42.5 6.5
42.5 7.5
42.5 19.5
42.5 20.5
42.5 21.5
42.5 29.5
42.5 30.5
42.5 41.5
42.5 42.5
42.5 47.5
42.5 48.5
42.5 61.5
42.5 62.5
42.5 63.5
43.5 6.5
43.5 7.5
43.5 19.5
43.5 20.5
43.5 21.5
43.5 29.5
43.5 30.5
43.5 40.5
43.5 41.5
43.5 42.5
43.5 47.5
43.5 48.5
43.5 49.5
43.5 61.5
43.5 62.5
43.5 63.5
44.5 6.5
44.5 7.5
44.5 8.5
44.5 19.5
44.5 20.5
44.5 29.5
44.5 30.5
44.5 40.5
44.5 41.5
44.5 48.5
44.5 49.5
44.5 61.5
44.5 62.5
45.5 7.5
45.5 8.5
45.5 19.5
45.5 29.5
45.5 39.5
45.5 40.5
45.5 48.5
45.5 49.5
45.5 61.5
45.5 62.5
46.5 61.5
50.5 18.5
50.5 29.5
50.5 50.5
51.5 9.5
51.5 17.5
51.5 18.5
51.5 29.5
51.5 30.5
51.5 39.5
51.5 40.5
51.5 50.5
51.5 51.5
51.5 59.5
51.5 60.5
52.5 9.5
52.5 10.5
52.5 17.5
52.5 18.5
52.5 30.5
52.5 31.5
52.5 39.5
52.5 40.5
52.5 41.5
52.5 51.5
52.5 52.5
52.5 59.5
52.5 60.5
53.5 9.5
53.5 10.5
53.5 11.5
53.5 16.5
53.5 17.5
53.5 18.5
53.5 30.5
53.5 31.5
53.5 39.5
53.5 40.5
53.5 41.5
53.5 51.5
53.5 52.5
53.5 53.5
53.5 58.5
53.5 59.5
53.5 60.5
54.5 9.5
54.5 10.5
54.5 11.5
54.5 16.5
54.5 17.5
54.5 30.5
54.5 31.5
54.5 40.5
54.5 41.5
54.5 52.5
54.5 53.5
54.5 58.5
54.5 59.5
55.5 10.5
55.5 11.5
55.5 16.5
55.5 17.5
55.5 26.5
55.5 31.5
55.5 40.5
55.5 41.5
55.5 53.5
55.5 58.5
55.5 59.5
56.5 10.5
56.5 11.5
56.5 16.5
56.5 21.5
56.5 22.5
56.5 26.5
56.5 27.5
56.5 35.5
56.5 36.5
56.5 41.5
56.5 46.5
56.5 47.5
56.5 58.5
56.5 63.5
57.5 5.5
57.5 21.5
57.5 22.5
57.5 26.5
57.5 27.5
57.5 36.5
57.5 37.5
57.5 46.5
57.5 47.5
57.5 48.5
57.5 62.5
57.5 63.5
58.5 5.5
58.5 6.5
58.5 20.5
58.5 21.5
58.5 27.5
58.5 28.5
58.5 36.5
58.5 37.5
58.5 47.5
58.5 48.5
58.5 49.5
58.5 61.5
58.5 62.5
59.5 5.5
59.5 6.5
59.5 7.5
59.5 20.5
59.5 21.5
59.5 27.5
59.5 28.5
59.5 36.5
59.5 37.5
59.5 47.5
59.5 48.5
59.5 49.5
59.5 61.5
59.5 62.5
60.5 6.5
60.5 7.5
60.5 19.5
60.5 20.5
60.5 21.5
60.5 27.5
60.5 28.5
60.5 37.5
60.5 38.5
60.5 48.5
60.5 49.5
60.5 61.5
61.5 6.5
61.5 7.5
61.5 19.5
61.5 20.5
61.5 28.5
61.5 49.5
61.5 61.5
