2.5 9.5
2.5 10.5
2.5 18.5
2.5 35.5
2.5 47.5
2.5 59.5
2.5 60.5
3.5 8.5
3.5 9.5
3.5 19.5
3.5 20.5
3.5 34.5
3.5 45.5
3.5 46.5
3.5 58.5
3.5 59.5
4.5 7.5
4.5 8.5
4.5 20.5
4.5 21.5
4.5 33.5
4.5 44.5
4.5 45.5
4.5 51.5
4.5 56.5
4.5 57.5
4.5 58.5
5.5 6.5
5.5 7.5
5.5 21.5
5.5 22.5
5.5 23.5
5.5 31.5
5.5 32.5
5.5 43.5
5.5 50.5
5.5 51.5
5.5 55.5
5.5 56.5
5.5 57.5
6.5 5.5
6.5 6.5
6.5 15.5
6.5 22.5
6.5 23.5
6.5 24.5
6.5 30.5
6.5 31.5
6.5 32.5
6.5 42.5
6.5 49.5
6.5 50.5
6.5 53.5
6.5 54.5
6.5 55.5
6.5 64.5
6.5 68.5
7.5 15.5
7.5 16.5
7.5 24.5
7.5 25.5
7.5 26.5
7.5 29.5
7.5 30.5
7.5 39.5
7.5 40.5
7.5 41.5
7.5 48.5
7.5 49.5
7.5 52.5
7.5 53.5
7.5 54.5
7.5 63.5
8.5 12.5
8.5 13.5
8.5 14.5
8.5 15.5
8.5 17.5
8.5 25.5
8.5 26.5
8.5 27.5
8.5 28.5
8.5 29.5
8.5 37.5
8.5 38.5
8.5 39.5
8.5 40.5
8.5 47.5
8.5 48.5
8.5 51.5
8.5 52.5
8.5 61.5
8.5 62.5
9.5 10.5
9.5 11.5
9.5 12.5
9.5 13.5
9.5 18.5
9.5 27.5
9.5 28.5
9.5 35.5
9.5 36.5
9.5 38.5
9.5 46.5
9.5 47.5
9.5 59.5
9.5 60.5
10.5 8.5
10.5 9.5
10.5 10.5
10.5 11.5
10.5 19.5
10.5 20.5
10.5 27.5
10.5 33.5
10.5 34.5
10.5 35.5
10.5 45.5
10.5 46.5
10.5 58.5
10.5 59.5
11.5 7.5
11.5 8.5
11.5 20.5
11.5 21.5
11.5 32.5
11.5 33.5
11.5 44.5
11.5 45.5
11.5 56.5
11.5 57.5
12.5 21.5
12.5 22.5
12.5 31.5
12.5 42.5
12.5 44.5
12.5 55.5
13.5 13.5
13.5 22.5
13.5 35.5
13.5 36.5
13.5 43.5
13.5 44.5
13.5 56.5
13.5 57.5
14.5 10.5
14.5 11.5
14.5 12.5
14.5 23.5
14.5 34.5
14.5 35.5
14.5 45.5
14.5 46.5
14.5 57.5
14.5 58.5
14.5 59.5
15.5 7.5
15.5 8.5
15.5 9.5
15.5 21.5
15.5 22.5
15.5 32.5
15.5 33.5
15.5 34.5
15.5 39.5
15.5 40.5
15.5 46.5
15.5 47.5
15.5 58.5
15.5 59.5
15.5 60.5
16.5 5.5
16.5 6.5
16.5 7.5
16.5 19.5
16.5 20.5
16.5 31.5
16.5 32.5
16.5 39.5
16.5 40.5
16.5 41.5
16.5 47.5
16.5 48.5
16.5 49.5
16.5 60.5
16.5 61.5
16.5 62.5
17.5 16.5
17.5 18.5
17.5 19.5
17.5 30.5
17.5 31.5
17.5 38.5
17.5 41.5
17.5 42.5
17.5 49.5
17.5 50.5
17.5 51.5
17.5 52.5
17.5 62.5
17.5 63.5
18.5 13.5
18.5 14.5
18.5 16.5
18.5 17.5
18.5 26.5
18.5 27.5
18.5 28.5
18.5 29.5
18.5 30.5
18.5 37.5
18.5 42.5
18.5 43.5
18.5 51.5
18.5 53.5
18.5 54.5
18.5 64.5
19.5 10.5
19.5 11.5
19.5 12.5
19.5 15.5
19.5 23.5
19.5 24.5
19.5 25.5
19.5 26.5
19.5 28.5
19.5 36.5
19.5 43.5
19.5 44.5
19.5 54.5
19.5 55.5
19.5 56.5
19.5 68.5
20.5 8.5
20.5 9.5
20.5 10.5
20.5 20.5
20.5 21.5
20.5 22.5
20.5 23.5
20.5 24.5
20.5 35.5
20.5 44.5
20.5 45.5
20.5 56.5
20.5 57.5
20.5 58.5
21.5 6.5
21.5 7.5
21.5 18.5
21.5 19.5
21.5 20.5
21.5 34.5
21.5 45.5
21.5 46.5
21.5 47.5
21.5 58.5
21.5 59.5
22.5 12.5
22.5 33.5
22.5 46.5
22.5 47.5
22.5 59.5
23.5 10.5
23.5 11.5
23.5 18.5
23.5 32.5
23.5 33.5
23.5 34.5
23.5 45.5
23.5 46.5
23.5 58.5
24.5 8.5
24.5 9.5
24.5 10.5
24.5 19.5
24.5 20.5
24.5 34.5
24.5 35.5
24.5 44.5
24.5 45.5
24.5 57.5
24.5 58.5
25.5 7.5
25.5 8.5
25.5 20.5
25.5 21.5
25.5 22.5
25.5 35.5
25.5 36.5
25.5 43.5
25.5 44.5
25.5 50.5
25.5 55.5
25.5 56.5
25.5 57.5
26.5 5.5
26.5 6.5
26.5 7.5
26.5 15.5
26.5 16.5
26.5 22.5
26.5 23.5
26.5 24.5
26.5 36.5
26.5 37.5
26.5 43.5
26.5 49.5
26.5 50.5
26.5 54.5
26.5 55.5
26.5 56.5
26.5 64.5
27.5 5.5
27.5 14.5
27.5 17.5
27.5 24.5
27.5 25.5
27.5 26.5
27.5 37.5
27.5 42.5
27.5 43.5
27.5 49.5
27.5 54.5
27.5 55.5
27.5 63.5
28.5 12.5
28.5 13.5
28.5 14.5
28.5 17.5
28.5 18.5
28.5 26.5
28.5 27.5
28.5 28.5
28.5 38.5
28.5 41.5
28.5 42.5
28.5 48.5
28.5 49.5
28.5 53.5
28.5 54.5
28.5 61.5
28.5 62.5
29.5 11.5
29.5 12.5
29.5 13.5
29.5 18.5
29.5 28.5
29.5 29.5
29.5 30.5
29.5 31.5
29.5 39.5
29.5 41.5
29.5 47.5
29.5 48.5
29.5 52.5
29.5 53.5
29.5 60.5
29.5 61.5
29.5 68.5
30.5 10.5
30.5 11.5
30.5 12.5
30.5 19.5
30.5 30.5
30.5 31.5
30.5 32.5
30.5 33.5
30.5 40.5
30.5 47.5
30.5 51.5
30.5 52.5
30.5 59.5
30.5 60.5
31.5 9.5
31.5 10.5
31.5 19.5
31.5 20.5
31.5 32.5
31.5 33.5
31.5 34.5
31.5 35.5
31.5 46.5
31.5 47.5
31.5 50.5
31.5 58.5
31.5 59.5
32.5 9.5
32.5 20.5
32.5 35.5
32.5 36.5
32.5 37.5
32.5 45.5
32.5 46.5
32.5 57.5
32.5 58.5
33.5 7.5
33.5 8.5
33.5 21.5
33.5 22.5
33.5 45.5
33.5 56.5
33.5 57.5
34.5 9.5
34.5 21.5
34.5 44.5
34.5 45.5
34.5 55.5
35.5 10.5
35.5 11.5
35.5 19.5
35.5 20.5
35.5 34.5
35.5 35.5
35.5 36.5
35.5 37.5
35.5 44.5
35.5 47.5
35.5 48.5
35.5 54.5
35.5 55.5
35.5 56.5
36.5 12.5
36.5 13.5
36.5 18.5
36.5 29.5
36.5 30.5
36.5 31.5
36.5 32.5
36.5 33.5
36.5 34.5
36.5 45.5
36.5 46.5
36.5 57.5
36.5 58.5
36.5 59.5
36.5 60.5
36.5 61.5
37.5 5.5
37.5 6.5
37.5 14.5
37.5 15.5
37.5 17.5
37.5 25.5
37.5 26.5
37.5 27.5
37.5 28.5
37.5 29.5
37.5 39.5
37.5 40.5
37.5 43.5
37.5 44.5
37.5 61.5
37.5 62.5
37.5 63.5
37.5 64.5
37.5 68.5
38.5 6.5
38.5 7.5
38.5 8.5
38.5 15.5
38.5 16.5
38.5 22.5
38.5 23.5
38.5 24.5
38.5 25.5
38.5 26.5
38.5 27.5
38.5 28.5
38.5 38.5
38.5 41.5
38.5 42.5
38.5 43.5
39.5 8.5
39.5 9.5
39.5 18.5
39.5 19.5
39.5 20.5
39.5 21.5
39.5 22.5
39.5 23.5
39.5 24.5
39.5 36.5
39.5 37.5
39.5 39.5
39.5 40.5
39.5 50.5
39.5 51.5
39.5 52.5
39.5 53.5
39.5 54.5
39.5 55.5
40.5 10.5
40.5 11.5
40.5 35.5
40.5 36.5
40.5 47.5
40.5 48.5
40.5 49.5
40.5 50.5
40.5 55.5
40.5 56.5
40.5 57.5
40.5 58.5
40.5 59.5
41.5 7.5
41.5 12.5
41.5 18.5
41.5 33.5
41.5 34.5
41.5 45.5
41.5 46.5
41.5 47.5
41.5 60.5
41.5 61.5
41.5 62.5
42.5 8.5
42.5 19.5
42.5 20.5
42.5 32.5
42.5 43.5
42.5 44.5
42.5 45.5
43.5 8.5
43.5 9.5
43.5 20.5
43.5 21.5
43.5 33.5
43.5 56.5
43.5 57.5
44.5 9.5
44.5 10.5
44.5 14.5
44.5 21.5
44.5 22.5
44.5 23.5
44.5 34.5
44.5 43.5
44.5 44.5
44.5 57.5
44.5 58.5
44.5 59.5
45.5 10.5
45.5 11.5
45.5 15.5
45.5 23.5
45.5 24.5
45.5 35.5
45.5 45.5
45.5 46.5
45.5 58.5
45.5 59.5
45.5 60.5
46.5 10.5
46.5 11.5
46.5 15.5
46.5 16.5
46.5 24.5
46.5 25.5
46.5 26.5
46.5 28.5
46.5 36.5
46.5 39.5
46.5 46.5
46.5 47.5
46.5 48.5
46.5 60.5
46.5 61.5
46.5 62.5
47.5 11.5
47.5 12.5
47.5 16.5
47.5 17.5
47.5 26.5
47.5 27.5
47.5 29.5
47.5 30.5
47.5 37.5
47.5 40.5
47.5 48.5
47.5 49.5
47.5 51.5
47.5 62.5
47.5 63.5
47.5 64.5
48.5 5.5
48.5 6.5
48.5 12.5
48.5 13.5
48.5 17.5
48.5 18.5
48.5 27.5
48.5 28.5
48.5 30.5
48.5 31.5
48.5 38.5
48.5 41.5
48.5 42.5
48.5 50.5
48.5 51.5
48.5 52.5
48.5 53.5
48.5 54.5
48.5 64.5
48.5 68.5
49.5 6.5
49.5 7.5
49.5 13.5
49.5 18.5
49.5 19.5
49.5 31.5
49.5 32.5
49.5 33.5
49.5 39.5
49.5 42.5
49.5 43.5
49.5 52.5
49.5 54.5
49.5 55.5
49.5 56.5
50.5 7.5
50.5 8.5
50.5 14.5
50.5 19.5
50.5 20.5
50.5 32.5
50.5 33.5
50.5 34.5
50.5 40.5
50.5 44.5
50.5 45.5
50.5 56.5
50.5 57.5
50.5 58.5
51.5 8.5
51.5 9.5
51.5 20.5
51.5 21.5
51.5 34.5
51.5 35.5
51.5 45.5
51.5 46.5
51.5 58.5
51.5 59.5
52.5 9.5
52.5 21.5
52.5 22.5
52.5 35.5
52.5 36.5
52.5 47.5
52.5 60.5
52.5 61.5
53.5 10.5
53.5 11.5
53.5 22.5
53.5 24.5
53.5 35.5
53.5 36.5
53.5 48.5
53.5 59.5
53.5 60.5
54.5 9.5
54.5 10.5
54.5 22.5
54.5 23.5
54.5 34.5
54.5 35.5
54.5 46.5
54.5 47.5
54.5 58.5
54.5 59.5
55.5 8.5
55.5 9.5
55.5 20.5
55.5 21.5
55.5 32.5
55.5 33.5
55.5 44.5
55.5 45.5
55.5 57.5
55.5 58.5
56.5 6.5
56.5 7.5
56.5 8.5
56.5 18.5
56.5 19.5
56.5 27.5
56.5 30.5
56.5 31.5
56.5 32.5
56.5 40.5
56.5 41.5
56.5 43.5
56.5 44.5
56.5 56.5
56.5 57.5
56.5 64.5
57.5 5.5
57.5 6.5
57.5 15.5
57.5 16.5
57.5 17.5
57.5 25.5
57.5 26.5
57.5 29.5
57.5 30.5
57.5 39.5
57.5 41.5
57.5 42.5
57.5 51.5
57.5 52.5
57.5 55.5
57.5 56.5
57.5 63.5
57.5 64.5
57.5 68.5
58.5 5.5
58.5 13.5
58.5 14.5
58.5 15.5
58.5 23.5
58.5 24.5
58.5 25.5
58.5 27.5
58.5 28.5
58.5 29.5
58.5 37.5
58.5 38.5
58.5 40.5
58.5 49.5
58.5 50.5
58.5 51.5
58.5 54.5
58.5 55.5
58.5 62.5
58.5 63.5
59.5 11.5
59.5 12.5
59.5 22.5
59.5 23.5
59.5 26.5
59.5 27.5
59.5 35.5
59.5 36.5
59.5 48.5
59.5 49.5
59.5 50.5
59.5 53.5
59.5 54.5
59.5 61.5
59.5 62.5
60.5 9.5
60.5 10.5
60.5 20.5
60.5 21.5
60.5 22.5
60.5 34.5
60.5 35.5
60.5 46.5
60.5 47.5
60.5 48.5
60.5 52.5
60.5 53.5
60.5 60.5
60.5 61.5
61.5 7.5
61.5 8.5
61.5 19.5
61.5 20.5
61.5 32.5
61.5 33.5
61.5 45.5
61.5 46.5
61.5 47.5
61.5 51.5
61.5 59.5
61.5 60.5
62.5 6.5
62.5 31.5
62.5 44.5
62.5 45.5
62.5 58.5
62.5 59.5
63.5 58.5
