4.5 19.5
4.5 28.5
4.5 57.5
4.5 58.5
5.5 9.5
5.5 20.5
5.5 27.5
5.5 37.5
5.5 38.5
5.5 47.5
5.5 57.5
6.5 9.5
6.5 10.5
6.5 21.5
6.5 26.5
6.5 27.5
6.5 36.5
6.5 37.5
6.5 47.5
6.5 56.5
6.5 57.5
7.5 10.5
7.5 26.5
7.5 36.5
7.5 46.5
7.5 56.5
8.5 15.5
8.5 16.5
8.5 31.5
8.5 42.5
8.5 51.5
8.5 62.5
9.5 5.5
9.5 16.5
9.5 17.5
9.5 30.5
9.5 31.5
9.5 41.5
9.5 50.5
9.5 51.5
9.5 61.5
9.5 62.5
10.5 5.5
10.5 6.5
10.5 17.5
10.5 18.5
10.5 30.5
10.5 40.5
10.5 41.5
10.5 50.5
10.5 60.5
10.5 61.5
11.5 5.5
11.5 6.5
11.5 40.5
11.5 50.5
11.5 60.5
12.5 6.5
15.5 18.5
16.5 17.5
16.5 18.5
16.5 30.5
16.5 38.5
16.5 50.5
16.5 60.5
17.5 6.5
17.5 7.5
17.5 17.5
17.5 18.5
17.5 30.5
17.5 31.5
17.5 38.5
17.5 50.5
17.5 51.5
17.5 60.5
17.5 61.5
18.5 6.5
18.5 17.5
18.5 31.5
18.5 37.5
18.5 38.5
18.5 51.5
18.5 52.5
18.5 61.5
19.5 5.5
19.5 6.5
19.5 16.5
19.5 17.5
19.5 32.5
19.5 37.5
19.5 52.5
19.5 61.5
19.5 62.5
20.5 5.5
20.5 11.5
20.5 21.5
20.5 26.5
21.5 11.5
21.5 21.5
21.5 26.5
21.5 27.5
21.5 42.5
21.5 47.5
21.5 57.5
22.5 10.5
22.5 11.5
22.5 20.5
22.5 26.5
22.5 27.5
22.5 41.5
22.5 42.5
22.5 47.5
22.5 48.5
22.5 57.5
22.5 58.5
23.5 10.5
23.5 20.5
23.5 27.5
23.5 28.5
23.5 40.5
23.5 41.5
23.5 48.5
23.5 49.5
23.5 58.5
24.5 10.5
24.5 28.5
24.5 40.5
24.5 49.5
29.5 10.5
29.5 29.5
29.5 40.5
29.5 51.5
29.5 58.5
29.5 59.5
30.5 10.5
30.5 20.5
30.5 29.5
30.5 30.5
30.5 40.5
30.5 41.5
30.5 52.5
30.5 58.5
31.5 10.5
31.5 11.5
31.5 20.5
31.5 30.5
31.5 31.5
31.5 41.5
31.5 42.5
31.5 53.5
31.5 57.5
32.5 11.5
32.5 31.5
32.5 42.5
32.5 62.5
33.5 5.5
33.5 11.5
33.5 16.5
33.5 25.5
33.5 36.5
33.5 37.5
33.5 47.5
33.5 48.5
33.5 61.5
33.5 62.5
34.5 5.5
34.5 6.5
34.5 16.5
34.5 17.5
34.5 25.5
34.5 26.5
34.5 37.5
34.5 48.5
34.5 49.5
34.5 61.5
35.5 6.5
35.5 7.5
35.5 17.5
35.5 26.5
35.5 27.5
35.5 37.5
35.5 38.5
35.5 49.5
35.5 61.5
36.5 7.5
36.5 17.5
36.5 27.5
36.5 38.5
40.5 50.5
40.5 51.5
40.5 59.5
41.5 6.5
41.5 29.5
41.5 40.5
41.5 51.5
41.5 58.5
42.5 6.5
42.5 7.5
42.5 17.5
42.5 29.5
42.5 30.5
42.5 40.5
42.5 41.5
42.5 51.5
42.5 52.5
42.5 57.5
42.5 58.5
43.5 6.5
43.5 16.5
43.5 17.5
43.5 30.5
43.5 31.5
43.5 41.5
43.5 42.5
43.5 52.5
43.5 57.5
44.5 6.5
44.5 15.5
44.5 16.5
44.5 31.5
44.5 42.5
45.5 11.5
45.5 36.5
45.5 47.5
45.5 61.5
46.5 10.5
46.5 11.5
46.5 20.5
46.5 25.5
46.5 26.5
46.5 37.5
46.5 47.5
46.5 48.5
46.5 60.5
47.5 10.5
47.5 20.5
47.5 26.5
47.5 27.5
47.5 37.5
47.5 38.5
47.5 48.5
47.5 59.5
47.5 60.5
48.5 10.5
48.5 19.5
48.5 20.5
48.5 27.5
48.5 38.5
48.5 39.5
49.5 19.5
49.5 28.5
52.5 58.5
53.5 10.5
53.5 18.5
53.5 40.5
53.5 50.5
53.5 57.5
54.5 11.5
54.5 17.5
54.5 29.5
54.5 30.5
54.5 40.5
54.5 50.5
54.5 51.5
54.5 57.5
55.5 11.5
55.5 16.5
55.5 17.5
55.5 30.5
55.5 31.5
55.5 40.5
55.5 51.5
55.5 56.5
56.5 16.5
56.5 31.5
56.5 32.5
56.5 40.5
56.5 41.5
56.5 51.5
56.5 56.5
57.5 6.5
57.5 7.5
57.5 36.5
57.5 46.5
57.5 61.5
58.5 7.5
58.5 20.5
58.5 25.5
58.5 36.5
58.5 46.5
58.5 60.5
58.5 61.5
59.5 7.5
59.5 8.5
59.5 19.5
59.5 20.5
59.5 25.5
59.5 26.5
59.5 27.5
59.5 37.5
59.5 46.5
59.5 47.5
59.5 60.5
59.5 61.5
60.5 8.5
60.5 19.5
60.5 27.5
60.5 28.5
60.5 37.5
60.5 47.5
60.5 59.5
60.5 60.5
61.5 59.5
