2.5 50.5
3.5 18.5
3.5 39.5
3.5 50.5
4.5 18.5
4.5 39.5
5.5 7.5
5.5 28.5
5.5 51.5
5.5 60.5
6.5 7.5
6.5 19.5
6.5 28.5
6.5 40.5
6.5 51.5
6.5 60.5
7.5 7.5
7.5 19.5
7.5 40.5
7.5 51.5
8.5 6.5
8.5 20.5
8.5 27.5
8.5 40.5
8.5 51.5
9.5 6.5
9.5 20.5
9.5 27.5
9.5 32.5
9.5 52.5
9.5 57.5
10.5 6.5
10.5 15.5
10.5 20.5
10.5 27.5
10.5 41.5
10.5 46.5
10.5 52.5
10.5 57.5
10.5 61.5
11.5 5.5
11.5 11.5
11.5 15.5
11.5 21.5
11.5 26.5
11.5 35.5
11.5 41.5
11.5 46.5
11.5 52.5
11.5 57.5
11.5 61.5
12.5 5.5
12.5 11.5
12.5 21.5
12.5 26.5
12.5 31.5
12.5 35.5
12.5 41.5
13.5 5.5
13.5 11.5
13.5 16.5
13.5 26.5
13.5 42.5
13.5 47.5
13.5 53.5
14.5 16.5
14.5 22.5
14.5 30.5
14.5 36.5
14.5 42.5
14.5 47.5
14.5 53.5
14.5 58.5
14.5 62.5
15.5 10.5
15.5 22.5
15.5 25.5
15.5 30.5
15.5 36.5
15.5 42.5
15.5 47.5
15.5 53.5
15.5 58.5
15.5 62.5
16.5 10.5
16.5 17.5
16.5 36.5
16.5 48.5
16.5 58.5
17.5 10.5
17.5 17.5
17.5 29.5
17.5 37.5
17.5 48.5
17.5 58.5
18.5 29.5
18.5 37.5
18.5 48.5
19.5 9.5
19.5 18.5
19.5 37.5
20.5 9.5
20.5 18.5
20.5 28.5
20.5 49.5
20.5 59.5
21.5 9.5
21.5 28.5
21.5 38.5
21.5 49.5
21.5 59.5
22.5 19.5
22.5 37.5
22.5 38.5
23.5 49.5
23.5 59.5
24.5 8.5
24.5 19.5
24.5 38.5
25.5 8.5
25.5 38.5
25.5 48.5
25.5 60.5
26.5 7.5
26.5 20.5
26.5 27.5
26.5 38.5
26.5 48.5
26.5 60.5
27.5 7.5
27.5 20.5
27.5 27.5
27.5 39.5
27.5 47.5
27.5 61.5
28.5 7.5
28.5 27.5
28.5 39.5
28.5 47.5
28.5 56.5
28.5 61.5
29.5 6.5
29.5 15.5
29.5 21.5
29.5 31.5
29.5 39.5
29.5 56.5
30.5 6.5
30.5 15.5
30.5 21.5
30.5 40.5
30.5 46.5
30.5 52.5
30.5 62.5
31.5 6.5
31.5 11.5
31.5 26.5
31.5 34.5
31.5 40.5
31.5 52.5
31.5 57.5
32.5 5.5
32.5 11.5
32.5 16.5
32.5 22.5
32.5 26.5
32.5 30.5
32.5 40.5
32.5 45.5
32.5 51.5
32.5 57.5
32.5 63.5
33.5 5.5
33.5 16.5
33.5 22.5
33.5 26.5
33.5 30.5
33.5 35.5
33.5 41.5
33.5 45.5
33.5 51.5
33.5 57.5
34.5 10.5
34.5 16.5
34.5 30.5
34.5 35.5
34.5 41.5
34.5 51.5
34.5 58.5
35.5 10.5
35.5 16.5
35.5 44.5
35.5 50.5
35.5 58.5
36.5 9.5
36.5 17.5
36.5 36.5
36.5 50.5
36.5 58.5
37.5 9.5
37.5 17.5
37.5 29.5
37.5 36.5
37.5 50.5
37.5 59.5
38.5 17.5
38.5 29.5
38.5 37.5
38.5 59.5
39.5 8.5
39.5 17.5
39.5 29.5
39.5 37.5
39.5 49.5
39.5 59.5
40.5 8.5
40.5 18.5
40.5 49.5
41.5 18.5
41.5 60.5
42.5 7.5
42.5 18.5
42.5 48.5
42.5 60.5
43.5 7.5
43.5 19.5
43.5 29.5
43.5 37.5
43.5 48.5
44.5 7.5
44.5 29.5
44.5 37.5
44.5 48.5
45.5 18.5
45.5 37.5
45.5 48.5
45.5 61.5
46.5 18.5
46.5 30.5
46.5 37.5
46.5 61.5
47.5 6.5
47.5 30.5
47.5 47.5
47.5 61.5
48.5 6.5
48.5 17.5
48.5 30.5
48.5 47.5
48.5 61.5
49.5 6.5
49.5 17.5
49.5 36.5
49.5 47.5
49.5 61.5
50.5 6.5
50.5 11.5
50.5 16.5
50.5 17.5
50.5 22.5
50.5 26.5
50.5 31.5
50.5 36.5
50.5 41.5
50.5 46.5
50.5 53.5
50.5 56.5
50.5 62.5
51.5 6.5
51.5 11.5
51.5 16.5
51.5 26.5
51.5 31.5
51.5 36.5
51.5 41.5
51.5 46.5
51.5 56.5
51.5 62.5
52.5 16.5
52.5 26.5
52.5 36.5
52.5 46.5
52.5 52.5
52.5 62.5
53.5 21.5
53.5 26.5
53.5 45.5
53.5 52.5
53.5 57.5
53.5 62.5
54.5 10.5
54.5 15.5
54.5 21.5
54.5 26.5
54.5 32.5
54.5 40.5
54.5 45.5
54.5 51.5
54.5 57.5
54.5 62.5
55.5 5.5
55.5 10.5
55.5 15.5
55.5 27.5
55.5 35.5
55.5 40.5
55.5 45.5
55.5 51.5
55.5 57.5
56.5 5.5
56.5 10.5
56.5 20.5
56.5 27.5
56.5 35.5
56.5 40.5
56.5 51.5
57.5 10.5
57.5 20.5
57.5 27.5
57.5 50.5
57.5 58.5
58.5 27.5
58.5 50.5
58.5 58.5
59.5 19.5
59.5 27.5
59.5 39.5
59.5 50.5
59.5 58.5
60.5 9.5
60.5 19.5
60.5 27.5
60.5 39.5
60.5 49.5
61.5 9.5
61.5 49.5
62.5 9.5
62.5 18.5
62.5 28.5
62.5 59.5
63.5 28.5
