2.5 20.5
2.5 33.5
3.5 21.5
3.5 22.5
3.5 34.5
3.5 45.5
3.5 59.5
4.5 9.5
4.5 10.5
4.5 21.5
4.5 22.5
4.5 23.5
4.5 34.5
4.5 35.5
4.5 45.5
4.5 46.5
4.5 57.5
4.5 58.5
5.5 8.5
5.5 9.5
5.5 22.5
5.5 23.5
5.5 24.5
5.5 35.5
5.5 36.5
5.5 46.5
5.5 47.5
5.5 55.5
5.5 56.5
5.5 57.5
6.5 7.5
6.5 8.5
6.5 23.5
6.5 24.5
6.5 36.5
6.5 47.5
6.5 48.5
6.5 54.5
6.5 55.5
6.5 56.5
7.5 6.5
7.5 7.5
7.5 14.5
7.5 24.5
7.5 25.5
7.5 30.5
7.5 36.5
7.5 37.5
7.5 41.5
7.5 48.5
7.5 49.5
7.5 53.5
7.5 54.5
7.5 55.5
7.5 63.5
7.5 64.5
8.5 5.5
8.5 6.5
8.5 13.5
8.5 16.5
8.5 17.5
8.5 25.5
8.5 26.5
8.5 30.5
8.5 31.5
8.5 37.5
8.5 38.5
8.5 41.5
8.5 42.5
8.5 49.5
8.5 52.5
8.5 53.5
8.5 62.5
8.5 63.5
9.5 5.5
9.5 12.5
9.5 13.5
9.5 17.5
9.5 18.5
9.5 26.5
9.5 27.5
9.5 31.5
9.5 38.5
9.5 42.5
9.5 43.5
9.5 50.5
9.5 60.5
9.5 61.5
9.5 62.5
10.5 11.5
10.5 12.5
10.5 18.5
10.5 19.5
10.5 27.5
10.5 31.5
10.5 32.5
10.5 43.5
10.5 44.5
10.5 59.5
10.5 60.5
10.5 61.5
11.5 10.5
11.5 11.5
11.5 19.5
11.5 20.5
11.5 32.5
11.5 33.5
11.5 44.5
11.5 45.5
11.5 58.5
11.5 59.5
11.5 60.5
11.5 68.5
12.5 10.5
12.5 20.5
12.5 21.5
12.5 32.5
12.5 33.5
12.5 45.5
12.5 46.5
12.5 57.5
12.5 58.5
13.5 9.5
13.5 21.5
13.5 22.5
13.5 33.5
13.5 46.5
13.5 57.5
14.5 8.5
14.5 22.5
14.5 34.5
15.5 34.5
15.5 47.5
15.5 59.5
16.5 9.5
16.5 23.5
16.5 32.5
16.5 46.5
16.5 58.5
16.5 59.5
17.5 10.5
17.5 21.5
17.5 22.5
17.5 33.5
17.5 34.5
17.5 44.5
17.5 45.5
17.5 56.5
17.5 57.5
17.5 58.5
18.5 11.5
18.5 19.5
18.5 20.5
18.5 21.5
18.5 35.5
18.5 36.5
18.5 43.5
18.5 44.5
18.5 51.5
18.5 55.5
18.5 56.5
18.5 57.5
19.5 12.5
19.5 13.5
19.5 18.5
19.5 19.5
19.5 20.5
19.5 36.5
19.5 37.5
19.5 42.5
19.5 43.5
19.5 50.5
19.5 51.5
19.5 54.5
19.5 55.5
19.5 63.5
19.5 64.5
20.5 5.5
20.5 13.5
20.5 17.5
20.5 18.5
20.5 27.5
20.5 28.5
20.5 29.5
20.5 38.5
20.5 39.5
20.5 41.5
20.5 42.5
20.5 49.5
20.5 50.5
20.5 53.5
20.5 54.5
20.5 62.5
20.5 63.5
21.5 5.5
21.5 6.5
21.5 7.5
21.5 14.5
21.5 16.5
21.5 25.5
21.5 26.5
21.5 29.5
21.5 30.5
21.5 31.5
21.5 40.5
21.5 48.5
21.5 49.5
21.5 61.5
21.5 62.5
22.5 6.5
22.5 7.5
22.5 8.5
22.5 24.5
22.5 25.5
22.5 30.5
22.5 31.5
22.5 32.5
22.5 33.5
22.5 47.5
22.5 48.5
22.5 60.5
22.5 61.5
23.5 8.5
23.5 9.5
23.5 23.5
23.5 24.5
23.5 32.5
23.5 33.5
23.5 34.5
23.5 46.5
23.5 47.5
23.5 59.5
23.5 60.5
24.5 9.5
24.5 10.5
24.5 22.5
24.5 23.5
24.5 34.5
24.5 35.5
24.5 45.5
24.5 46.5
24.5 58.5
25.5 11.5
25.5 21.5
25.5 22.5
25.5 36.5
25.5 57.5
26.5 46.5
26.5 60.5
27.5 10.5
27.5 11.5
27.5 21.5
27.5 33.5
27.5 34.5
27.5 46.5
27.5 47.5
27.5 59.5
28.5 9.5
28.5 10.5
28.5 21.5
28.5 22.5
28.5 34.5
28.5 35.5
28.5 47.5
28.5 48.5
28.5 58.5
28.5 59.5
29.5 8.5
29.5 9.5
29.5 22.5
29.5 23.5
29.5 35.5
29.5 36.5
29.5 48.5
29.5 49.5
29.5 56.5
29.5 57.5
29.5 58.5
30.5 7.5
30.5 8.5
30.5 23.5
30.5 24.5
30.5 35.5
30.5 36.5
30.5 37.5
30.5 42.5
30.5 49.5
30.5 50.5
30.5 56.5
30.5 57.5
31.5 6.5
31.5 7.5
31.5 14.5
31.5 17.5
31.5 24.5
31.5 25.5
31.5 36.5
31.5 37.5
31.5 38.5
31.5 43.5
31.5 50.5
31.5 55.5
31.5 56.5
31.5 63.5
31.5 64.5
32.5 5.5
32.5 6.5
32.5 13.5
32.5 14.5
32.5 17.5
32.5 18.5
32.5 25.5
32.5 26.5
32.5 29.5
32.5 37.5
32.5 38.5
32.5 39.5
32.5 43.5
32.5 44.5
32.5 51.5
32.5 54.5
32.5 55.5
32.5 62.5
32.5 63.5
33.5 5.5
33.5 12.5
33.5 13.5
33.5 18.5
33.5 19.5
33.5 27.5
33.5 30.5
33.5 31.5
33.5 39.5
33.5 40.5
33.5 44.5
33.5 45.5
33.5 52.5
33.5 53.5
33.5 61.5
33.5 62.5
34.5 11.5
34.5 12.5
34.5 19.5
34.5 20.5
34.5 31.5
34.5 32.5
34.5 40.5
34.5 44.5
34.5 45.5
34.5 60.5
34.5 61.5
35.5 11.5
35.5 12.5
35.5 20.5
35.5 21.5
35.5 32.5
35.5 33.5
35.5 45.5
35.5 46.5
35.5 59.5
35.5 60.5
35.5 61.5
36.5 10.5
36.5 11.5
36.5 21.5
36.5 22.5
36.5 33.5
36.5 34.5
36.5 35.5
36.5 46.5
36.5 47.5
36.5 58.5
36.5 59.5
37.5 9.5
37.5 10.5
37.5 22.5
37.5 35.5
37.5 36.5
37.5 47.5
37.5 58.5
38.5 9.5
38.5 23.5
39.5 8.5
39.5 20.5
39.5 33.5
39.5 46.5
39.5 57.5
40.5 9.5
40.5 10.5
40.5 20.5
40.5 21.5
40.5 33.5
40.5 34.5
40.5 47.5
40.5 58.5
40.5 59.5
41.5 10.5
41.5 11.5
41.5 21.5
41.5 22.5
41.5 34.5
41.5 35.5
41.5 47.5
41.5 48.5
41.5 59.5
41.5 60.5
42.5 11.5
42.5 12.5
42.5 22.5
42.5 23.5
42.5 35.5
42.5 36.5
42.5 37.5
42.5 47.5
42.5 48.5
42.5 60.5
42.5 61.5
43.5 5.5
43.5 12.5
43.5 13.5
43.5 16.5
43.5 23.5
43.5 24.5
43.5 27.5
43.5 28.5
43.5 36.5
43.5 37.5
43.5 38.5
43.5 48.5
43.5 49.5
43.5 53.5
43.5 61.5
43.5 62.5
44.5 5.5
44.5 6.5
44.5 13.5
44.5 14.5
44.5 17.5
44.5 24.5
44.5 25.5
44.5 28.5
44.5 29.5
44.5 37.5
44.5 38.5
44.5 39.5
44.5 42.5
44.5 48.5
44.5 49.5
44.5 53.5
44.5 54.5
44.5 62.5
44.5 63.5
45.5 6.5
45.5 7.5
45.5 8.5
45.5 15.5
45.5 17.5
45.5 18.5
45.5 25.5
45.5 26.5
45.5 29.5
45.5 30.5
45.5 31.5
45.5 39.5
45.5 43.5
45.5 49.5
45.5 50.5
45.5 54.5
45.5 55.5
45.5 63.5
46.5 7.5
46.5 8.5
46.5 9.5
46.5 18.5
46.5 19.5
46.5 30.5
46.5 31.5
46.5 32.5
46.5 40.5
46.5 43.5
46.5 44.5
46.5 50.5
46.5 55.5
46.5 56.5
47.5 9.5
47.5 10.5
47.5 19.5
47.5 20.5
47.5 31.5
47.5 32.5
47.5 33.5
47.5 44.5
47.5 56.5
47.5 57.5
48.5 10.5
48.5 20.5
48.5 21.5
48.5 33.5
48.5 34.5
48.5 44.5
48.5 45.5
48.5 57.5
48.5 58.5
49.5 34.5
49.5 35.5
49.5 45.5
49.5 46.5
49.5 58.5
50.5 8.5
50.5 21.5
50.5 46.5
50.5 59.5
51.5 8.5
51.5 9.5
51.5 20.5
51.5 21.5
51.5 47.5
52.5 9.5
52.5 10.5
52.5 19.5
52.5 20.5
52.5 34.5
52.5 35.5
52.5 46.5
52.5 58.5
52.5 59.5
53.5 10.5
53.5 11.5
53.5 19.5
53.5 32.5
53.5 33.5
53.5 34.5
53.5 45.5
53.5 46.5
53.5 57.5
53.5 58.5
54.5 10.5
54.5 11.5
54.5 18.5
54.5 19.5
54.5 31.5
54.5 32.5
54.5 33.5
54.5 44.5
54.5 45.5
54.5 56.5
54.5 57.5
54.5 58.5
55.5 11.5
55.5 12.5
55.5 17.5
55.5 18.5
55.5 25.5
55.5 30.5
55.5 31.5
55.5 32.5
55.5 43.5
55.5 44.5
55.5 56.5
55.5 57.5
55.5 63.5
56.5 5.5
56.5 12.5
56.5 13.5
56.5 17.5
56.5 24.5
56.5 25.5
56.5 29.5
56.5 30.5
56.5 31.5
56.5 39.5
56.5 43.5
56.5 55.5
56.5 56.5
56.5 62.5
56.5 63.5
57.5 5.5
57.5 6.5
57.5 13.5
57.5 16.5
57.5 17.5
57.5 23.5
57.5 24.5
57.5 28.5
57.5 29.5
57.5 37.5
57.5 38.5
57.5 42.5
57.5 43.5
57.5 51.5
57.5 54.5
57.5 55.5
57.5 62.5
58.5 6.5
58.5 7.5
58.5 16.5
58.5 22.5
58.5 23.5
58.5 24.5
58.5 27.5
58.5 28.5
58.5 36.5
58.5 37.5
58.5 41.5
58.5 42.5
58.5 49.5
58.5 50.5
58.5 51.5
58.5 54.5
58.5 61.5
58.5 62.5
59.5 6.5
59.5 7.5
59.5 22.5
59.5 23.5
59.5 35.5
59.5 36.5
59.5 41.5
59.5 48.5
59.5 49.5
59.5 50.5
59.5 53.5
59.5 60.5
59.5 61.5
60.5 7.5
60.5 8.5
60.5 21.5
60.5 22.5
60.5 34.5
60.5 35.5
60.5 47.5
60.5 48.5
60.5 49.5
60.5 60.5
61.5 8.5
61.5 20.5
61.5 21.5
61.5 33.5
61.5 34.5
61.5 45.5
61.5 46.5
61.5 47.5
61.5 59.5
62.5 9.5
62.5 20.5
62.5 33.5
62.5 45.5
62.5 46.5
62.5 58.5
62.5 59.5
63.5 19.5
63.5 32.5
63.5 44.5
63.5 58.5
