4.5 30.5
4.5 31.5
4.5 32.5
4.5 33.5
4.5 50.5
4.5 51.5
4.5 52.5
5.5 9.5
5.5 10.5
5.5 11.5
5.5 12.5
5.5 28.5
5.5 29.5
5.5 30.5
5.5 31.5
5.5 48.5
5.5 49.5
5.5 50.5
5.5 51.5
6.5 6.5
6.5 7.5
6.5 8.5
6.5 9.5
6.5 10.5
6.5 27.5
6.5 28.5
6.5 48.5
7.5 38.5
7.5 39.5
7.5 40.5
7.5 41.5
8.5 17.5
8.5 18.5
8.5 19.5
8.5 20.5
8.5 36.5
8.5 37.5
8.5 38.5
8.5 39.5
8.5 56.5
8.5 57.5
8.5 58.5
8.5 59.5
9.5 15.5
9.5 16.5
9.5 17.5
9.5 18.5
9.5 35.5
9.5 36.5
9.5 37.5
9.5 54.5
9.5 55.5
9.5 56.5
9.5 57.5
14.5 13.5
14.5 14.5
14.5 35.5
15.5 10.5
15.5 11.5
15.5 12.5
15.5 13.5
15.5 35.5
15.5 36.5
15.5 37.5
15.5 38.5
15.5 54.5
15.5 55.5
15.5 56.5
15.5 57.5
16.5 8.5
16.5 9.5
16.5 38.5
16.5 39.5
16.5 40.5
16.5 56.5
16.5 57.5
16.5 58.5
16.5 59.5
18.5 18.5
18.5 19.5
18.5 20.5
18.5 21.5
18.5 28.5
18.5 29.5
18.5 48.5
18.5 49.5
19.5 16.5
19.5 17.5
19.5 18.5
19.5 19.5
19.5 20.5
19.5 28.5
19.5 29.5
19.5 30.5
19.5 31.5
19.5 32.5
19.5 33.5
19.5 49.5
19.5 50.5
19.5 51.5
19.5 52.5
20.5 15.5
20.5 16.5
20.5 17.5
20.5 30.5
20.5 31.5
20.5 32.5
20.5 33.5
20.5 34.5
20.5 52.5
20.5 53.5
25.5 10.5
25.5 11.5
25.5 12.5
25.5 13.5
25.5 14.5
25.5 35.5
25.5 36.5
25.5 49.5
25.5 50.5
25.5 51.5
25.5 52.5
26.5 8.5
26.5 9.5
26.5 10.5
26.5 11.5
26.5 12.5
26.5 35.5
26.5 36.5
26.5 37.5
26.5 38.5
26.5 39.5
26.5 40.5
26.5 47.5
26.5 48.5
26.5 49.5
26.5 50.5
28.5 56.5
28.5 57.5
28.5 58.5
28.5 59.5
28.5 60.5
29.5 17.5
29.5 18.5
29.5 19.5
29.5 20.5
29.5 27.5
29.5 28.5
29.5 29.5
29.5 30.5
29.5 31.5
29.5 54.5
29.5 55.5
29.5 56.5
29.5 57.5
30.5 14.5
30.5 15.5
30.5 16.5
30.5 17.5
30.5 18.5
30.5 19.5
30.5 29.5
30.5 30.5
30.5 31.5
30.5 32.5
30.5 33.5
34.5 55.5
34.5 56.5
34.5 57.5
35.5 13.5
35.5 14.5
35.5 15.5
35.5 34.5
35.5 35.5
35.5 56.5
35.5 57.5
35.5 58.5
35.5 59.5
35.5 60.5
36.5 15.5
36.5 16.5
36.5 17.5
36.5 18.5
36.5 34.5
36.5 35.5
36.5 36.5
36.5 37.5
36.5 38.5
36.5 58.5
36.5 59.5
36.5 60.5
36.5 61.5
37.5 17.5
37.5 18.5
37.5 19.5
37.5 36.5
37.5 37.5
37.5 38.5
37.5 39.5
39.5 7.5
39.5 8.5
39.5 9.5
39.5 10.5
39.5 26.5
39.5 27.5
39.5 28.5
39.5 29.5
39.5 47.5
39.5 48.5
39.5 49.5
39.5 50.5
39.5 51.5
40.5 8.5
40.5 9.5
40.5 10.5
40.5 11.5
40.5 12.5
40.5 28.5
40.5 29.5
40.5 30.5
40.5 31.5
40.5 49.5
40.5 50.5
40.5 51.5
40.5 52.5
40.5 53.5
41.5 11.5
41.5 12.5
41.5 31.5
41.5 32.5
41.5 53.5
46.5 9.5
46.5 10.5
46.5 11.5
46.5 28.5
46.5 29.5
46.5 30.5
46.5 31.5
46.5 32.5
46.5 50.5
46.5 51.5
46.5 52.5
46.5 53.5
46.5 54.5
47.5 7.5
47.5 8.5
47.5 9.5
47.5 26.5
47.5 27.5
47.5 28.5
47.5 29.5
47.5 30.5
47.5 47.5
47.5 48.5
47.5 49.5
47.5 50.5
47.5 51.5
47.5 52.5
49.5 15.5
49.5 16.5
49.5 17.5
49.5 18.5
49.5 19.5
49.5 37.5
49.5 38.5
49.5 39.5
49.5 40.5
49.5 59.5
49.5 60.5
50.5 13.5
50.5 14.5
50.5 15.5
50.5 16.5
50.5 17.5
50.5 34.5
50.5 35.5
50.5 36.5
50.5 37.5
50.5 38.5
50.5 56.5
50.5 57.5
50.5 58.5
50.5 59.5
51.5 55.5
51.5 56.5
51.5 57.5
55.5 11.5
55.5 12.5
56.5 8.5
56.5 9.5
56.5 10.5
56.5 11.5
56.5 34.5
56.5 35.5
56.5 36.5
56.5 37.5
56.5 38.5
56.5 51.5
56.5 52.5
56.5 53.5
57.5 7.5
57.5 8.5
57.5 35.5
57.5 36.5
57.5 37.5
57.5 38.5
57.5 39.5
57.5 40.5
57.5 49.5
57.5 50.5
57.5 51.5
57.5 52.5
58.5 39.5
58.5 40.5
58.5 48.5
58.5 49.5
58.5 50.5
59.5 17.5
59.5 18.5
59.5 19.5
60.5 14.5
60.5 15.5
60.5 16.5
60.5 17.5
60.5 18.5
60.5 19.5
60.5 28.5
60.5 29.5
60.5 30.5
60.5 57.5
60.5 58.5
60.5 59.5
60.5 60.5
61.5 14.5
61.5 15.5
61.5 29.5
61.5 30.5
61.5 31.5
61.5 32.5
61.5 54.5
61.5 55.5
61.5 56.5
61.5 57.5
61.5 58.5
62.5 33.5
