2.5 31.5
2.5 32.5
3.5 33.5
3.5 34.5
4.5 13.5
4.5 14.5
4.5 15.5
4.5 16.5
4.5 17.5
4.5 35.5
4.5 36.5
4.5 52.5
4.5 53.5
4.5 54.5
5.5 17.5
5.5 18.5
5.5 19.5
5.5 20.5
5.5 21.5
5.5 24.5
5.5 37.5
5.5 38.5
5.5 39.5
5.5 55.5
5.5 56.5
5.5 57.5
5.5 58.5
6.5 25.5
6.5 26.5
6.5 27.5
6.5 40.5
6.5 41.5
6.5 59.5
6.5 60.5
6.5 61.5
7.5 27.5
7.5 28.5
7.5 29.5
7.5 42.5
7.5 43.5
7.5 68.5
8.5 29.5
8.5 30.5
8.5 31.5
8.5 46.5
8.5 47.5
8.5 48.5
8.5 49.5
8.5 50.5
8.5 51.5
9.5 6.5
9.5 7.5
9.5 8.5
9.5 9.5
9.5 10.5
9.5 32.5
9.5 33.5
9.5 52.5
9.5 53.5
9.5 54.5
9.5 55.5
9.5 56.5
10.5 11.5
10.5 12.5
10.5 13.5
10.5 14.5
10.5 15.5
10.5 35.5
13.5 36.5
13.5 55.5
13.5 56.5
13.5 57.5
14.5 14.5
14.5 15.5
14.5 33.5
14.5 34.5
14.5 51.5
14.5 52.5
14.5 53.5
14.5 54.5
15.5 11.5
15.5 12.5
15.5 30.5
15.5 31.5
15.5 32.5
15.5 48.5
15.5 49.5
15.5 50.5
16.5 8.5
16.5 9.5
16.5 10.5
16.5 28.5
16.5 29.5
16.5 30.5
16.5 45.5
16.5 46.5
16.5 63.5
16.5 64.5
17.5 5.5
17.5 6.5
17.5 25.5
17.5 26.5
17.5 27.5
17.5 41.5
17.5 42.5
17.5 60.5
17.5 61.5
17.5 62.5
18.5 19.5
18.5 20.5
18.5 21.5
18.5 22.5
18.5 24.5
18.5 38.5
18.5 39.5
18.5 40.5
18.5 57.5
18.5 58.5
18.5 59.5
19.5 15.5
19.5 16.5
19.5 17.5
19.5 18.5
19.5 19.5
19.5 35.5
19.5 36.5
19.5 37.5
19.5 54.5
19.5 55.5
19.5 56.5
20.5 12.5
20.5 13.5
20.5 14.5
20.5 15.5
20.5 33.5
20.5 34.5
20.5 35.5
20.5 52.5
20.5 53.5
21.5 31.5
21.5 32.5
24.5 11.5
24.5 12.5
24.5 54.5
24.5 55.5
24.5 56.5
25.5 14.5
25.5 15.5
25.5 16.5
25.5 32.5
25.5 33.5
25.5 34.5
25.5 35.5
25.5 51.5
25.5 52.5
25.5 53.5
26.5 17.5
26.5 18.5
26.5 19.5
26.5 36.5
26.5 37.5
26.5 38.5
26.5 39.5
26.5 40.5
26.5 48.5
26.5 49.5
26.5 50.5
26.5 68.5
27.5 21.5
27.5 22.5
27.5 40.5
27.5 41.5
27.5 42.5
27.5 43.5
27.5 46.5
27.5 47.5
27.5 62.5
27.5 63.5
28.5 5.5
28.5 6.5
28.5 7.5
28.5 26.5
28.5 27.5
28.5 59.5
28.5 60.5
28.5 61.5
29.5 7.5
29.5 8.5
29.5 9.5
29.5 10.5
29.5 11.5
29.5 12.5
29.5 29.5
29.5 30.5
29.5 31.5
29.5 57.5
29.5 58.5
29.5 59.5
30.5 13.5
30.5 14.5
30.5 15.5
30.5 16.5
30.5 32.5
30.5 33.5
30.5 34.5
30.5 54.5
30.5 55.5
30.5 56.5
31.5 36.5
31.5 37.5
31.5 52.5
34.5 15.5
34.5 16.5
34.5 32.5
34.5 33.5
34.5 34.5
34.5 52.5
35.5 12.5
35.5 13.5
35.5 14.5
35.5 35.5
35.5 36.5
35.5 37.5
35.5 54.5
35.5 55.5
35.5 56.5
36.5 10.5
36.5 11.5
36.5 39.5
36.5 40.5
36.5 41.5
36.5 57.5
36.5 58.5
36.5 59.5
36.5 60.5
37.5 7.5
37.5 8.5
37.5 9.5
37.5 23.5
37.5 24.5
37.5 25.5
37.5 43.5
37.5 44.5
37.5 61.5
37.5 62.5
37.5 63.5
37.5 68.5
38.5 5.5
38.5 6.5
38.5 7.5
38.5 20.5
38.5 21.5
38.5 22.5
38.5 26.5
38.5 27.5
38.5 28.5
38.5 29.5
38.5 46.5
38.5 47.5
38.5 48.5
39.5 18.5
39.5 19.5
39.5 20.5
39.5 29.5
39.5 30.5
39.5 31.5
39.5 32.5
39.5 50.5
39.5 51.5
39.5 52.5
40.5 16.5
40.5 17.5
40.5 18.5
40.5 32.5
40.5 33.5
40.5 34.5
40.5 35.5
40.5 54.5
40.5 55.5
41.5 14.5
41.5 15.5
42.5 12.5
42.5 13.5
43.5 10.5
44.5 56.5
44.5 57.5
45.5 32.5
45.5 33.5
45.5 34.5
45.5 35.5
45.5 51.5
45.5 52.5
45.5 53.5
45.5 54.5
45.5 55.5
46.5 11.5
46.5 12.5
46.5 35.5
46.5 36.5
46.5 37.5
46.5 38.5
46.5 47.5
46.5 48.5
46.5 49.5
46.5 50.5
46.5 51.5
47.5 13.5
47.5 14.5
47.5 15.5
47.5 16.5
47.5 39.5
47.5 40.5
47.5 41.5
47.5 44.5
47.5 45.5
47.5 46.5
48.5 17.5
48.5 18.5
48.5 19.5
48.5 20.5
48.5 64.5
49.5 5.5
49.5 21.5
49.5 22.5
49.5 23.5
49.5 24.5
49.5 25.5
49.5 60.5
49.5 61.5
49.5 62.5
50.5 7.5
50.5 8.5
50.5 9.5
50.5 27.5
50.5 28.5
50.5 29.5
50.5 30.5
50.5 56.5
50.5 57.5
50.5 58.5
50.5 59.5
51.5 10.5
51.5 11.5
51.5 12.5
51.5 31.5
51.5 32.5
51.5 33.5
51.5 34.5
51.5 53.5
51.5 54.5
51.5 55.5
52.5 14.5
52.5 15.5
52.5 37.5
52.5 51.5
55.5 35.5
56.5 11.5
56.5 12.5
56.5 13.5
56.5 14.5
56.5 31.5
56.5 32.5
56.5 51.5
56.5 52.5
56.5 53.5
56.5 54.5
56.5 55.5
57.5 6.5
57.5 7.5
57.5 8.5
57.5 9.5
57.5 10.5
57.5 28.5
57.5 29.5
57.5 46.5
57.5 47.5
57.5 48.5
57.5 49.5
57.5 68.5
58.5 25.5
58.5 26.5
58.5 40.5
58.5 41.5
58.5 42.5
59.5 19.5
59.5 20.5
59.5 36.5
59.5 37.5
59.5 38.5
59.5 39.5
59.5 60.5
59.5 61.5
59.5 62.5
59.5 63.5
60.5 15.5
60.5 16.5
60.5 17.5
60.5 32.5
60.5 33.5
60.5 34.5
60.5 55.5
60.5 56.5
60.5 57.5
60.5 58.5
61.5 12.5
61.5 13.5
