4.5 33.5
4.5 34.5
4.5 53.5
5.5 14.5
5.5 15.5
5.5 16.5
5.5 17.5
5.5 34.5
5.5 35.5
5.5 36.5
5.5 37.5
5.5 50.5
5.5 51.5
5.5 52.5
5.5 53.5
6.5 15.5
6.5 16.5
6.5 17.5
6.5 18.5
6.5 19.5
6.5 36.5
6.5 37.5
6.5 38.5
6.5 39.5
6.5 48.5
6.5 49.5
6.5 50.5
6.5 51.5
7.5 18.5
7.5 19.5
7.5 20.5
7.5 21.5
7.5 38.5
7.5 39.5
7.5 40.5
7.5 46.5
7.5 47.5
7.5 48.5
7.5 49.5
8.5 27.5
9.5 7.5
9.5 28.5
9.5 29.5
9.5 30.5
9.5 59.5
9.5 60.5
10.5 7.5
10.5 8.5
10.5 9.5
10.5 10.5
10.5 11.5
10.5 29.5
10.5 30.5
10.5 31.5
10.5 32.5
10.5 56.5
10.5 57.5
10.5 58.5
10.5 59.5
11.5 10.5
11.5 11.5
11.5 12.5
11.5 13.5
11.5 31.5
11.5 32.5
11.5 33.5
11.5 54.5
11.5 55.5
11.5 56.5
11.5 57.5
12.5 13.5
12.5 14.5
12.5 53.5
12.5 54.5
16.5 33.5
16.5 34.5
17.5 35.5
17.5 36.5
17.5 37.5
17.5 53.5
18.5 14.5
18.5 15.5
18.5 16.5
18.5 17.5
18.5 37.5
18.5 38.5
18.5 39.5
18.5 48.5
18.5 49.5
18.5 50.5
18.5 51.5
18.5 52.5
19.5 15.5
19.5 16.5
19.5 17.5
19.5 18.5
19.5 19.5
19.5 47.5
20.5 18.5
20.5 19.5
20.5 20.5
21.5 26.5
21.5 27.5
21.5 28.5
21.5 29.5
21.5 30.5
21.5 58.5
21.5 59.5
21.5 60.5
21.5 61.5
22.5 7.5
22.5 8.5
22.5 9.5
22.5 28.5
22.5 29.5
22.5 30.5
22.5 31.5
22.5 32.5
22.5 33.5
22.5 54.5
22.5 55.5
22.5 56.5
22.5 57.5
22.5 58.5
22.5 59.5
23.5 8.5
23.5 9.5
23.5 10.5
23.5 11.5
23.5 32.5
23.5 33.5
23.5 34.5
24.5 11.5
24.5 12.5
24.5 13.5
28.5 54.5
28.5 55.5
28.5 56.5
28.5 57.5
29.5 33.5
29.5 34.5
29.5 35.5
29.5 36.5
29.5 37.5
29.5 56.5
29.5 57.5
29.5 58.5
29.5 59.5
30.5 10.5
30.5 11.5
30.5 12.5
30.5 13.5
30.5 34.5
30.5 35.5
30.5 36.5
30.5 37.5
30.5 38.5
30.5 39.5
30.5 40.5
30.5 58.5
30.5 59.5
30.5 60.5
31.5 8.5
31.5 9.5
31.5 10.5
31.5 11.5
31.5 12.5
31.5 38.5
31.5 39.5
31.5 40.5
31.5 61.5
32.5 6.5
32.5 7.5
32.5 8.5
32.5 9.5
32.5 47.5
32.5 48.5
32.5 49.5
33.5 48.5
33.5 49.5
33.5 50.5
33.5 51.5
34.5 18.5
34.5 19.5
34.5 25.5
34.5 26.5
34.5 27.5
34.5 28.5
34.5 50.5
34.5 51.5
34.5 52.5
34.5 53.5
35.5 16.5
35.5 17.5
35.5 18.5
35.5 27.5
35.5 28.5
35.5 29.5
35.5 30.5
35.5 31.5
35.5 32.5
35.5 52.5
35.5 53.5
35.5 54.5
36.5 14.5
36.5 15.5
36.5 16.5
36.5 30.5
36.5 31.5
36.5 32.5
36.5 33.5
37.5 13.5
37.5 14.5
41.5 50.5
41.5 51.5
41.5 52.5
41.5 53.5
42.5 10.5
42.5 11.5
42.5 12.5
42.5 30.5
42.5 31.5
42.5 32.5
42.5 33.5
42.5 48.5
42.5 49.5
42.5 50.5
42.5 51.5
43.5 8.5
43.5 9.5
43.5 10.5
43.5 28.5
43.5 29.5
43.5 30.5
43.5 31.5
43.5 47.5
43.5 48.5
44.5 7.5
44.5 8.5
44.5 26.5
44.5 27.5
44.5 28.5
44.5 29.5
44.5 61.5
45.5 39.5
45.5 40.5
45.5 41.5
45.5 58.5
45.5 59.5
45.5 60.5
45.5 61.5
46.5 17.5
46.5 18.5
46.5 19.5
46.5 20.5
46.5 37.5
46.5 38.5
46.5 39.5
46.5 40.5
46.5 56.5
46.5 57.5
46.5 58.5
46.5 59.5
47.5 14.5
47.5 15.5
47.5 16.5
47.5 17.5
47.5 18.5
47.5 19.5
47.5 35.5
47.5 36.5
47.5 37.5
47.5 38.5
47.5 55.5
47.5 56.5
48.5 13.5
48.5 14.5
48.5 15.5
48.5 34.5
48.5 35.5
53.5 55.5
53.5 56.5
53.5 57.5
54.5 12.5
54.5 13.5
54.5 14.5
54.5 15.5
54.5 34.5
54.5 35.5
54.5 36.5
54.5 37.5
54.5 38.5
54.5 56.5
54.5 57.5
54.5 58.5
54.5 59.5
55.5 9.5
55.5 10.5
55.5 11.5
55.5 12.5
55.5 13.5
55.5 35.5
55.5 36.5
55.5 37.5
55.5 38.5
55.5 39.5
55.5 40.5
55.5 58.5
55.5 59.5
55.5 60.5
56.5 7.5
56.5 8.5
56.5 9.5
56.5 10.5
56.5 11.5
56.5 60.5
56.5 61.5
57.5 7.5
57.5 46.5
57.5 47.5
57.5 62.5
58.5 20.5
58.5 21.5
58.5 27.5
58.5 28.5
58.5 29.5
58.5 47.5
58.5 48.5
58.5 49.5
58.5 50.5
59.5 18.5
59.5 19.5
59.5 20.5
59.5 28.5
59.5 29.5
59.5 30.5
59.5 31.5
59.5 49.5
59.5 50.5
59.5 51.5
59.5 52.5
60.5 16.5
60.5 17.5
60.5 18.5
60.5 30.5
60.5 31.5
60.5 32.5
60.5 51.5
60.5 52.5
60.5 53.5
60.5 54.5
61.5 14.5
61.5 15.5
61.5 16.5
