5.5 10.5
5.5 47.5
5.5 58.5
6.5 29.5
6.5 40.5
7.5 11.5
7.5 17.5
7.5 29.5
7.5 40.5
7.5 57.5
8.5 11.5
8.5 17.5
8.5 30.5
8.5 41.5
8.5 46.5
8.5 57.5
9.5 31.5
9.5 41.5
9.5 46.5
9.5 56.5
10.5 16.5
10.5 31.5
10.5 56.5
11.5 7.5
11.5 50.5
11.5 62.5
12.5 7.5
12.5 25.5
12.5 37.5
12.5 50.5
13.5 8.5
13.5 20.5
13.5 26.5
13.5 37.5
13.5 50.5
13.5 61.5
14.5 8.5
14.5 26.5
14.5 27.5
14.5 38.5
14.5 60.5
15.5 19.5
15.5 27.5
20.5 8.5
21.5 7.5
21.5 29.5
21.5 40.5
21.5 48.5
21.5 60.5
22.5 7.5
22.5 17.5
22.5 29.5
22.5 40.5
22.5 61.5
23.5 6.5
23.5 30.5
23.5 41.5
23.5 47.5
23.5 61.5
24.5 6.5
24.5 16.5
24.5 30.5
25.5 52.5
26.5 11.5
26.5 25.5
26.5 36.5
26.5 57.5
27.5 20.5
27.5 25.5
27.5 37.5
27.5 51.5
27.5 57.5
28.5 10.5
28.5 19.5
28.5 26.5
28.5 37.5
28.5 58.5
29.5 19.5
29.5 26.5
29.5 38.5
29.5 50.5
30.5 9.5
35.5 27.5
35.5 37.5
35.5 50.5
35.5 60.5
36.5 9.5
36.5 17.5
36.5 27.5
36.5 37.5
36.5 50.5
36.5 60.5
37.5 10.5
37.5 17.5
37.5 36.5
37.5 50.5
37.5 60.5
38.5 10.5
38.5 16.5
38.5 26.5
38.5 36.5
38.5 51.5
39.5 11.5
39.5 16.5
39.5 26.5
39.5 51.5
40.5 30.5
40.5 46.5
40.5 56.5
41.5 6.5
41.5 21.5
41.5 30.5
41.5 41.5
41.5 46.5
41.5 56.5
42.5 6.5
42.5 21.5
42.5 30.5
42.5 40.5
43.5 7.5
43.5 20.5
43.5 30.5
43.5 40.5
43.5 47.5
43.5 57.5
44.5 7.5
44.5 39.5
44.5 47.5
44.5 57.5
45.5 39.5
50.5 20.5
50.5 28.5
51.5 9.5
51.5 20.5
51.5 47.5
51.5 57.5
52.5 10.5
52.5 20.5
52.5 27.5
52.5 37.5
52.5 47.5
52.5 57.5
53.5 10.5
53.5 20.5
53.5 27.5
53.5 37.5
54.5 11.5
54.5 26.5
54.5 37.5
54.5 46.5
54.5 56.5
55.5 11.5
55.5 21.5
55.5 26.5
56.5 5.5
56.5 41.5
56.5 51.5
56.5 61.5
57.5 6.5
57.5 16.5
57.5 31.5
57.5 41.5
57.5 51.5
57.5 61.5
58.5 6.5
58.5 30.5
58.5 50.5
58.5 61.5
59.5 7.5
59.5 17.5
59.5 30.5
59.5 40.5
59.5 50.5
60.5 7.5
60.5 17.5
60.5 29.5
60.5 40.5
