4.5 7.5
4.5 21.5
4.5 33.5
4.5 45.5
4.5 58.5
5.5 9.5
5.5 10.5
5.5 22.5
5.5 34.5
5.5 35.5
5.5 46.5
5.5 47.5
5.5 60.5
6.5 11.5
6.5 12.5
6.5 23.5
6.5 24.5
6.5 35.5
6.5 36.5
6.5 48.5
6.5 61.5
6.5 62.5
7.5 14.5
7.5 16.5
7.5 25.5
7.5 37.5
7.5 41.5
7.5 49.5
7.5 63.5
8.5 5.5
8.5 17.5
8.5 18.5
8.5 26.5
8.5 29.5
8.5 38.5
8.5 42.5
8.5 50.5
9.5 6.5
9.5 19.5
9.5 30.5
9.5 43.5
9.5 53.5
9.5 54.5
9.5 55.5
9.5 56.5
10.5 8.5
10.5 20.5
10.5 31.5
10.5 32.5
10.5 44.5
10.5 57.5
10.5 58.5
10.5 59.5
11.5 9.5
11.5 33.5
11.5 45.5
13.5 9.5
14.5 8.5
14.5 21.5
14.5 32.5
14.5 56.5
15.5 6.5
15.5 7.5
15.5 19.5
15.5 20.5
15.5 34.5
15.5 44.5
15.5 45.5
15.5 58.5
15.5 59.5
16.5 5.5
16.5 17.5
16.5 18.5
16.5 36.5
16.5 42.5
16.5 61.5
16.5 62.5
17.5 13.5
17.5 16.5
17.5 38.5
17.5 40.5
18.5 11.5
18.5 24.5
18.5 29.5
18.5 30.5
18.5 50.5
18.5 52.5
19.5 10.5
19.5 23.5
19.5 31.5
19.5 32.5
19.5 47.5
19.5 48.5
19.5 54.5
19.5 55.5
20.5 21.5
20.5 34.5
20.5 45.5
20.5 56.5
20.5 57.5
21.5 20.5
21.5 59.5
23.5 10.5
24.5 9.5
24.5 21.5
24.5 33.5
24.5 34.5
24.5 46.5
24.5 58.5
25.5 7.5
25.5 8.5
25.5 20.5
25.5 35.5
25.5 36.5
25.5 43.5
25.5 44.5
25.5 57.5
26.5 6.5
26.5 7.5
26.5 19.5
26.5 37.5
26.5 38.5
26.5 41.5
26.5 42.5
26.5 55.5
27.5 5.5
27.5 18.5
27.5 54.5
27.5 62.5
28.5 13.5
28.5 17.5
28.5 25.5
28.5 29.5
28.5 30.5
28.5 49.5
28.5 50.5
28.5 61.5
29.5 12.5
29.5 17.5
29.5 24.5
29.5 31.5
29.5 32.5
29.5 47.5
29.5 48.5
29.5 60.5
30.5 11.5
30.5 23.5
30.5 33.5
30.5 34.5
30.5 58.5
30.5 59.5
31.5 10.5
31.5 22.5
32.5 9.5
32.5 21.5
33.5 47.5
34.5 33.5
34.5 34.5
34.5 44.5
34.5 45.5
34.5 58.5
34.5 59.5
35.5 9.5
35.5 36.5
35.5 37.5
35.5 43.5
35.5 57.5
36.5 10.5
36.5 21.5
36.5 39.5
36.5 41.5
36.5 55.5
36.5 56.5
37.5 11.5
37.5 22.5
37.5 23.5
37.5 50.5
37.5 54.5
38.5 5.5
38.5 12.5
38.5 24.5
38.5 25.5
38.5 28.5
38.5 48.5
38.5 49.5
38.5 61.5
39.5 5.5
39.5 6.5
39.5 13.5
39.5 15.5
39.5 26.5
39.5 30.5
39.5 31.5
39.5 32.5
39.5 46.5
39.5 47.5
39.5 60.5
40.5 7.5
40.5 17.5
40.5 33.5
40.5 34.5
40.5 35.5
40.5 59.5
41.5 8.5
41.5 19.5
41.5 58.5
42.5 21.5
42.5 45.5
43.5 46.5
44.5 32.5
44.5 47.5
44.5 58.5
45.5 8.5
45.5 33.5
45.5 34.5
45.5 48.5
45.5 57.5
46.5 6.5
46.5 7.5
46.5 20.5
46.5 21.5
46.5 35.5
46.5 36.5
46.5 41.5
46.5 49.5
46.5 56.5
47.5 5.5
47.5 17.5
47.5 18.5
47.5 37.5
47.5 38.5
47.5 42.5
47.5 50.5
47.5 55.5
48.5 13.5
48.5 14.5
48.5 28.5
48.5 43.5
48.5 51.5
48.5 54.5
48.5 62.5
48.5 63.5
49.5 11.5
49.5 12.5
49.5 25.5
49.5 29.5
49.5 30.5
49.5 43.5
49.5 44.5
49.5 60.5
49.5 61.5
50.5 9.5
50.5 10.5
50.5 23.5
50.5 31.5
50.5 44.5
50.5 45.5
50.5 59.5
51.5 21.5
51.5 33.5
51.5 46.5
51.5 57.5
52.5 34.5
54.5 9.5
54.5 34.5
55.5 10.5
55.5 23.5
55.5 33.5
55.5 45.5
55.5 46.5
55.5 58.5
55.5 59.5
56.5 11.5
56.5 12.5
56.5 23.5
56.5 24.5
56.5 32.5
56.5 44.5
56.5 60.5
56.5 61.5
57.5 12.5
57.5 13.5
57.5 24.5
57.5 25.5
57.5 31.5
57.5 42.5
57.5 43.5
57.5 61.5
57.5 62.5
58.5 5.5
58.5 14.5
58.5 18.5
58.5 30.5
58.5 41.5
58.5 51.5
58.5 54.5
59.5 6.5
59.5 18.5
59.5 19.5
59.5 36.5
59.5 49.5
59.5 50.5
59.5 55.5
60.5 7.5
60.5 8.5
60.5 19.5
60.5 20.5
60.5 35.5
60.5 47.5
60.5 48.5
60.5 56.5
61.5 9.5
61.5 21.5
61.5 34.5
61.5 46.5
61.5 57.5
62.5 22.5
62.5 33.5
