4.5 39.5
4.5 50.5
5.5 6.5
5.5 29.5
5.5 39.5
5.5 50.5
5.5 58.5
6.5 6.5
6.5 17.5
6.5 29.5
6.5 39.5
6.5 40.5
6.5 50.5
6.5 58.5
7.5 6.5
7.5 17.5
7.5 29.5
7.5 30.5
7.5 40.5
7.5 50.5
7.5 51.5
7.5 57.5
7.5 58.5
8.5 5.5
8.5 6.5
8.5 16.5
8.5 17.5
8.5 30.5
8.5 40.5
8.5 51.5
8.5 57.5
8.5 58.5
9.5 5.5
9.5 6.5
9.5 16.5
9.5 30.5
9.5 40.5
9.5 41.5
9.5 51.5
9.5 57.5
10.5 5.5
10.5 6.5
10.5 16.5
10.5 30.5
10.5 31.5
10.5 40.5
10.5 41.5
10.5 46.5
10.5 51.5
10.5 57.5
11.5 5.5
11.5 16.5
11.5 21.5
11.5 31.5
11.5 41.5
11.5 46.5
11.5 56.5
11.5 57.5
12.5 5.5
12.5 11.5
12.5 15.5
12.5 21.5
12.5 31.5
12.5 36.5
12.5 41.5
12.5 46.5
12.5 56.5
13.5 5.5
13.5 15.5
13.5 20.5
13.5 26.5
13.5 36.5
13.5 47.5
13.5 61.5
14.5 10.5
14.5 20.5
14.5 26.5
14.5 36.5
14.5 47.5
14.5 61.5
15.5 10.5
15.5 20.5
15.5 26.5
15.5 27.5
15.5 37.5
15.5 47.5
15.5 60.5
15.5 61.5
16.5 9.5
16.5 10.5
16.5 20.5
16.5 27.5
16.5 37.5
16.5 47.5
16.5 60.5
17.5 9.5
17.5 20.5
17.5 27.5
17.5 37.5
17.5 48.5
17.5 60.5
18.5 9.5
18.5 19.5
18.5 27.5
18.5 28.5
18.5 38.5
18.5 48.5
18.5 60.5
19.5 9.5
19.5 19.5
19.5 28.5
19.5 38.5
19.5 48.5
19.5 59.5
20.5 19.5
20.5 28.5
20.5 59.5
25.5 9.5
25.5 18.5
25.5 49.5
26.5 9.5
26.5 18.5
26.5 28.5
26.5 49.5
26.5 57.5
27.5 10.5
27.5 17.5
27.5 28.5
27.5 40.5
27.5 50.5
27.5 57.5
28.5 10.5
28.5 17.5
28.5 27.5
28.5 28.5
28.5 40.5
28.5 50.5
28.5 57.5
29.5 10.5
29.5 11.5
29.5 17.5
29.5 27.5
29.5 40.5
29.5 50.5
29.5 56.5
29.5 57.5
30.5 11.5
30.5 16.5
30.5 17.5
30.5 27.5
30.5 40.5
30.5 41.5
30.5 50.5
30.5 56.5
31.5 11.5
31.5 16.5
31.5 26.5
31.5 41.5
31.5 51.5
31.5 56.5
32.5 5.5
32.5 16.5
32.5 21.5
32.5 26.5
32.5 32.5
32.5 41.5
32.5 51.5
32.5 56.5
32.5 61.5
33.5 6.5
33.5 21.5
33.5 31.5
33.5 32.5
33.5 46.5
33.5 51.5
33.5 61.5
34.5 6.5
34.5 20.5
34.5 21.5
34.5 31.5
34.5 37.5
34.5 46.5
34.5 60.5
35.5 6.5
35.5 20.5
35.5 31.5
35.5 37.5
35.5 46.5
35.5 60.5
36.5 6.5
36.5 7.5
36.5 20.5
36.5 30.5
36.5 31.5
36.5 37.5
36.5 47.5
36.5 59.5
36.5 60.5
37.5 7.5
37.5 20.5
37.5 30.5
37.5 31.5
37.5 37.5
37.5 38.5
37.5 47.5
37.5 59.5
38.5 7.5
38.5 19.5
38.5 30.5
38.5 38.5
38.5 47.5
38.5 59.5
39.5 7.5
39.5 19.5
39.5 30.5
39.5 38.5
39.5 59.5
40.5 38.5
44.5 18.5
45.5 9.5
45.5 18.5
45.5 39.5
46.5 9.5
46.5 17.5
46.5 28.5
46.5 39.5
46.5 47.5
46.5 57.5
47.5 9.5
47.5 10.5
47.5 17.5
47.5 27.5
47.5 28.5
47.5 39.5
47.5 47.5
47.5 57.5
48.5 9.5
48.5 10.5
48.5 17.5
48.5 27.5
48.5 40.5
48.5 46.5
48.5 57.5
49.5 10.5
49.5 17.5
49.5 27.5
49.5 40.5
49.5 46.5
49.5 57.5
50.5 10.5
50.5 16.5
50.5 26.5
50.5 27.5
50.5 40.5
50.5 46.5
50.5 56.5
50.5 57.5
51.5 10.5
51.5 11.5
51.5 16.5
51.5 21.5
51.5 26.5
51.5 40.5
51.5 45.5
51.5 56.5
52.5 5.5
52.5 11.5
52.5 16.5
52.5 21.5
52.5 26.5
52.5 40.5
52.5 45.5
52.5 51.5
52.5 56.5
53.5 5.5
53.5 11.5
53.5 25.5
53.5 31.5
53.5 36.5
53.5 50.5
53.5 56.5
53.5 61.5
54.5 5.5
54.5 6.5
54.5 20.5
54.5 31.5
54.5 36.5
54.5 50.5
54.5 61.5
55.5 5.5
55.5 6.5
55.5 20.5
55.5 30.5
55.5 36.5
55.5 50.5
55.5 60.5
55.5 61.5
56.5 6.5
56.5 20.5
56.5 30.5
56.5 36.5
56.5 49.5
56.5 50.5
56.5 60.5
57.5 6.5
57.5 7.5
57.5 19.5
57.5 29.5
57.5 30.5
57.5 36.5
57.5 49.5
57.5 60.5
58.5 7.5
58.5 19.5
58.5 29.5
58.5 36.5
58.5 37.5
58.5 49.5
58.5 60.5
59.5 7.5
59.5 19.5
59.5 29.5
59.5 37.5
59.5 49.5
59.5 60.5
60.5 37.5
60.5 48.5
60.5 59.5
61.5 59.5
