4.5 17.5
4.5 18.5
4.5 40.5
4.5 41.5
4.5 48.5
5.5 9.5
5.5 10.5
5.5 16.5
5.5 17.5
5.5 18.5
5.5 31.5
5.5 32.5
5.5 40.5
5.5 41.5
5.5 47.5
5.5 48.5
5.5 57.5
6.5 9.5
6.5 10.5
6.5 15.5
6.5 16.5
6.5 17.5
6.5 31.5
6.5 32.5
6.5 33.5
6.5 40.5
6.5 41.5
6.5 42.5
6.5 46.5
6.5 47.5
6.5 56.5
6.5 57.5
6.5 58.5
7.5 10.5
7.5 15.5
7.5 16.5
7.5 32.5
7.5 33.5
7.5 41.5
7.5 42.5
7.5 46.5
7.5 47.5
7.5 56.5
7.5 57.5
8.5 33.5
8.5 46.5
8.5 56.5
8.5 57.5
9.5 6.5
9.5 7.5
9.5 20.5
9.5 21.5
9.5 22.5
9.5 27.5
9.5 28.5
9.5 37.5
9.5 38.5
9.5 50.5
9.5 51.5
10.5 6.5
10.5 7.5
10.5 19.5
10.5 20.5
10.5 21.5
10.5 27.5
10.5 28.5
10.5 29.5
10.5 37.5
10.5 38.5
10.5 49.5
10.5 50.5
10.5 51.5
10.5 60.5
10.5 61.5
11.5 6.5
11.5 7.5
11.5 19.5
11.5 20.5
11.5 21.5
11.5 27.5
11.5 28.5
11.5 29.5
11.5 38.5
11.5 39.5
11.5 49.5
11.5 50.5
11.5 51.5
11.5 59.5
11.5 60.5
11.5 61.5
12.5 6.5
12.5 7.5
12.5 19.5
12.5 28.5
12.5 29.5
12.5 39.5
12.5 49.5
12.5 50.5
12.5 59.5
12.5 60.5
12.5 61.5
13.5 7.5
17.5 9.5
17.5 16.5
17.5 17.5
17.5 30.5
17.5 31.5
17.5 32.5
17.5 38.5
17.5 39.5
17.5 50.5
17.5 58.5
18.5 9.5
18.5 10.5
18.5 15.5
18.5 16.5
18.5 17.5
18.5 30.5
18.5 31.5
18.5 32.5
18.5 33.5
18.5 38.5
18.5 39.5
18.5 50.5
18.5 51.5
18.5 57.5
18.5 58.5
18.5 59.5
19.5 9.5
19.5 10.5
19.5 15.5
19.5 16.5
19.5 17.5
19.5 31.5
19.5 32.5
19.5 33.5
19.5 37.5
19.5 38.5
19.5 50.5
19.5 51.5
19.5 52.5
19.5 57.5
19.5 58.5
19.5 59.5
20.5 10.5
20.5 15.5
20.5 51.5
20.5 52.5
20.5 57.5
20.5 58.5
21.5 20.5
21.5 21.5
21.5 26.5
21.5 27.5
21.5 40.5
21.5 41.5
21.5 52.5
21.5 57.5
22.5 5.5
22.5 6.5
22.5 19.5
22.5 20.5
22.5 21.5
22.5 26.5
22.5 27.5
22.5 28.5
22.5 40.5
22.5 41.5
22.5 45.5
22.5 46.5
22.5 47.5
22.5 61.5
22.5 62.5
23.5 5.5
23.5 6.5
23.5 7.5
23.5 19.5
23.5 20.5
23.5 26.5
23.5 27.5
23.5 28.5
23.5 39.5
23.5 40.5
23.5 41.5
23.5 46.5
23.5 47.5
23.5 48.5
23.5 61.5
23.5 62.5
24.5 5.5
24.5 6.5
24.5 7.5
24.5 19.5
24.5 39.5
24.5 40.5
24.5 46.5
24.5 47.5
24.5 48.5
24.5 60.5
24.5 61.5
24.5 62.5
25.5 47.5
25.5 48.5
25.5 61.5
28.5 17.5
28.5 29.5
28.5 30.5
29.5 8.5
29.5 9.5
29.5 16.5
29.5 17.5
29.5 29.5
29.5 30.5
29.5 31.5
29.5 37.5
29.5 38.5
30.5 8.5
30.5 9.5
30.5 10.5
30.5 15.5
30.5 16.5
30.5 17.5
30.5 29.5
30.5 30.5
30.5 31.5
30.5 32.5
30.5 37.5
30.5 38.5
30.5 48.5
30.5 61.5
30.5 62.5
31.5 9.5
31.5 10.5
31.5 11.5
31.5 15.5
31.5 16.5
31.5 30.5
31.5 31.5
31.5 32.5
31.5 36.5
31.5 37.5
31.5 46.5
31.5 47.5
31.5 48.5
31.5 49.5
31.5 61.5
31.5 62.5
31.5 63.5
32.5 37.5
32.5 46.5
32.5 47.5
32.5 48.5
32.5 61.5
32.5 62.5
32.5 63.5
33.5 19.5
33.5 20.5
33.5 25.5
33.5 26.5
33.5 46.5
33.5 47.5
33.5 62.5
33.5 63.5
34.5 5.5
34.5 6.5
34.5 19.5
34.5 20.5
34.5 25.5
34.5 26.5
34.5 27.5
34.5 40.5
34.5 41.5
34.5 52.5
34.5 57.5
35.5 5.5
35.5 6.5
35.5 7.5
35.5 19.5
35.5 20.5
35.5 26.5
35.5 27.5
35.5 28.5
35.5 39.5
35.5 40.5
35.5 41.5
35.5 51.5
35.5 52.5
35.5 57.5
35.5 58.5
36.5 5.5
36.5 6.5
36.5 7.5
36.5 27.5
36.5 28.5
36.5 39.5
36.5 40.5
36.5 41.5
36.5 50.5
36.5 51.5
36.5 57.5
36.5 58.5
36.5 59.5
37.5 50.5
37.5 51.5
37.5 58.5
37.5 59.5
41.5 6.5
41.5 7.5
41.5 16.5
41.5 17.5
41.5 29.5
41.5 30.5
41.5 38.5
42.5 5.5
42.5 6.5
42.5 7.5
42.5 16.5
42.5 17.5
42.5 29.5
42.5 30.5
42.5 31.5
42.5 37.5
42.5 38.5
42.5 39.5
42.5 49.5
42.5 50.5
42.5 60.5
42.5 61.5
43.5 5.5
43.5 6.5
43.5 16.5
43.5 17.5
43.5 29.5
43.5 30.5
43.5 31.5
43.5 32.5
43.5 37.5
43.5 38.5
43.5 49.5
43.5 50.5
43.5 51.5
43.5 60.5
43.5 61.5
43.5 62.5
44.5 5.5
44.5 11.5
44.5 16.5
44.5 31.5
44.5 32.5
44.5 37.5
44.5 50.5
44.5 51.5
44.5 61.5
44.5 62.5
45.5 10.5
45.5 11.5
45.5 20.5
45.5 25.5
45.5 26.5
45.5 51.5
46.5 9.5
46.5 10.5
46.5 11.5
46.5 19.5
46.5 20.5
46.5 21.5
46.5 25.5
46.5 26.5
46.5 27.5
46.5 40.5
46.5 41.5
46.5 45.5
46.5 46.5
46.5 56.5
46.5 57.5
46.5 58.5
47.5 9.5
47.5 10.5
47.5 19.5
47.5 20.5
47.5 26.5
47.5 27.5
47.5 28.5
47.5 39.5
47.5 40.5
47.5 41.5
47.5 45.5
47.5 46.5
47.5 47.5
47.5 56.5
47.5 57.5
47.5 58.5
48.5 19.5
48.5 20.5
48.5 27.5
48.5 28.5
48.5 39.5
48.5 40.5
48.5 46.5
48.5 47.5
48.5 57.5
48.5 58.5
49.5 47.5
53.5 9.5
53.5 10.5
53.5 17.5
53.5 18.5
53.5 28.5
53.5 37.5
53.5 58.5
53.5 59.5
54.5 9.5
54.5 10.5
54.5 11.5
54.5 16.5
54.5 17.5
54.5 18.5
54.5 27.5
54.5 28.5
54.5 37.5
54.5 38.5
54.5 46.5
54.5 47.5
54.5 57.5
54.5 58.5
54.5 59.5
55.5 10.5
55.5 11.5
55.5 16.5
55.5 17.5
55.5 26.5
55.5 27.5
55.5 28.5
55.5 36.5
55.5 37.5
55.5 45.5
55.5 46.5
55.5 47.5
55.5 57.5
55.5 58.5
55.5 59.5
56.5 11.5
56.5 16.5
56.5 17.5
56.5 26.5
56.5 27.5
56.5 36.5
56.5 37.5
56.5 45.5
56.5 46.5
56.5 57.5
56.5 58.5
57.5 5.5
57.5 6.5
57.5 21.5
57.5 31.5
57.5 32.5
57.5 57.5
57.5 63.5
58.5 5.5
58.5 6.5
58.5 7.5
58.5 20.5
58.5 21.5
58.5 22.5
58.5 30.5
58.5 31.5
58.5 32.5
58.5 40.5
58.5 41.5
58.5 50.5
58.5 51.5
58.5 52.5
58.5 62.5
58.5 63.5
59.5 5.5
59.5 6.5
59.5 7.5
59.5 19.5
59.5 20.5
59.5 21.5
59.5 30.5
59.5 31.5
59.5 32.5
59.5 39.5
59.5 40.5
59.5 41.5
59.5 50.5
59.5 51.5
59.5 52.5
59.5 61.5
59.5 62.5
59.5 63.5
60.5 6.5
60.5 7.5
60.5 19.5
60.5 20.5
60.5 30.5
60.5 31.5
60.5 39.5
60.5 40.5
60.5 49.5
60.5 50.5
60.5 51.5
60.5 61.5
60.5 62.5
60.5 63.5
61.5 50.5
61.5 61.5
