4.5 6.5
4.5 7.5
4.5 8.5
4.5 19.5
5.5 5.5
5.5 6.5
5.5 7.5
5.5 17.5
5.5 18.5
5.5 19.5
5.5 30.5
5.5 31.5
5.5 32.5
5.5 44.5
5.5 45.5
5.5 56.5
5.5 57.5
6.5 5.5
6.5 17.5
6.5 18.5
6.5 28.5
6.5 29.5
6.5 30.5
6.5 31.5
6.5 43.5
6.5 44.5
6.5 54.5
6.5 55.5
6.5 56.5
7.5 11.5
7.5 12.5
7.5 23.5
7.5 42.5
7.5 43.5
8.5 9.5
8.5 10.5
8.5 11.5
8.5 12.5
8.5 22.5
8.5 23.5
8.5 35.5
8.5 36.5
8.5 37.5
8.5 48.5
8.5 49.5
8.5 50.5
8.5 59.5
8.5 60.5
9.5 8.5
9.5 9.5
9.5 10.5
9.5 21.5
9.5 22.5
9.5 34.5
9.5 35.5
9.5 36.5
9.5 47.5
9.5 48.5
9.5 58.5
9.5 59.5
10.5 33.5
10.5 34.5
10.5 46.5
13.5 8.5
13.5 57.5
14.5 5.5
14.5 6.5
14.5 7.5
14.5 8.5
14.5 20.5
14.5 21.5
14.5 33.5
14.5 46.5
14.5 47.5
14.5 48.5
14.5 56.5
14.5 57.5
15.5 5.5
15.5 6.5
15.5 19.5
15.5 20.5
15.5 33.5
15.5 34.5
15.5 35.5
15.5 47.5
15.5 48.5
15.5 49.5
15.5 50.5
15.5 55.5
15.5 56.5
16.5 18.5
16.5 19.5
16.5 34.5
16.5 35.5
16.5 36.5
16.5 49.5
16.5 50.5
16.5 55.5
17.5 11.5
17.5 12.5
17.5 13.5
17.5 18.5
17.5 61.5
18.5 10.5
18.5 11.5
18.5 12.5
18.5 13.5
18.5 24.5
18.5 25.5
18.5 29.5
18.5 30.5
18.5 41.5
18.5 42.5
18.5 43.5
18.5 44.5
18.5 59.5
18.5 60.5
18.5 61.5
19.5 9.5
19.5 10.5
19.5 11.5
19.5 23.5
19.5 24.5
19.5 25.5
19.5 30.5
19.5 31.5
19.5 42.5
19.5 43.5
19.5 44.5
19.5 45.5
19.5 58.5
19.5 59.5
19.5 60.5
20.5 22.5
20.5 23.5
20.5 24.5
20.5 30.5
20.5 31.5
20.5 58.5
21.5 22.5
21.5 23.5
21.5 32.5
24.5 8.5
24.5 9.5
24.5 44.5
24.5 45.5
24.5 57.5
24.5 58.5
25.5 6.5
25.5 7.5
25.5 8.5
25.5 9.5
25.5 34.5
25.5 43.5
25.5 44.5
25.5 45.5
25.5 55.5
25.5 56.5
25.5 57.5
26.5 5.5
26.5 6.5
26.5 7.5
26.5 22.5
26.5 23.5
26.5 34.5
26.5 35.5
26.5 36.5
26.5 42.5
26.5 43.5
26.5 44.5
26.5 55.5
26.5 56.5
27.5 23.5
27.5 24.5
27.5 35.5
27.5 36.5
27.5 41.5
27.5 42.5
27.5 43.5
27.5 50.5
28.5 12.5
28.5 13.5
28.5 18.5
28.5 24.5
28.5 25.5
28.5 37.5
28.5 49.5
28.5 50.5
28.5 61.5
28.5 62.5
29.5 10.5
29.5 11.5
29.5 12.5
29.5 18.5
29.5 19.5
29.5 29.5
29.5 30.5
29.5 48.5
29.5 49.5
29.5 59.5
29.5 60.5
29.5 61.5
30.5 9.5
30.5 10.5
30.5 19.5
30.5 20.5
30.5 30.5
30.5 31.5
30.5 32.5
30.5 33.5
30.5 47.5
30.5 48.5
30.5 59.5
30.5 60.5
31.5 31.5
31.5 32.5
31.5 33.5
31.5 34.5
34.5 8.5
34.5 9.5
35.5 7.5
35.5 8.5
35.5 19.5
35.5 20.5
35.5 47.5
35.5 48.5
35.5 57.5
35.5 58.5
36.5 6.5
36.5 7.5
36.5 18.5
36.5 19.5
36.5 34.5
36.5 35.5
36.5 36.5
36.5 48.5
36.5 49.5
36.5 55.5
36.5 56.5
36.5 57.5
37.5 5.5
37.5 6.5
37.5 17.5
37.5 18.5
37.5 19.5
37.5 35.5
37.5 36.5
37.5 37.5
37.5 38.5
37.5 49.5
37.5 50.5
37.5 55.5
37.5 56.5
38.5 11.5
38.5 12.5
38.5 13.5
39.5 10.5
39.5 11.5
39.5 12.5
39.5 22.5
39.5 23.5
39.5 28.5
39.5 29.5
39.5 30.5
39.5 31.5
39.5 43.5
39.5 44.5
39.5 45.5
39.5 61.5
39.5 62.5
40.5 10.5
40.5 11.5
40.5 22.5
40.5 23.5
40.5 29.5
40.5 30.5
40.5 31.5
40.5 32.5
40.5 44.5
40.5 45.5
40.5 46.5
40.5 59.5
40.5 60.5
40.5 61.5
41.5 10.5
41.5 21.5
41.5 22.5
41.5 32.5
41.5 59.5
41.5 60.5
45.5 9.5
45.5 10.5
45.5 11.5
45.5 19.5
45.5 20.5
45.5 32.5
45.5 33.5
45.5 46.5
45.5 47.5
45.5 48.5
46.5 10.5
46.5 11.5
46.5 12.5
46.5 18.5
46.5 19.5
46.5 30.5
46.5 31.5
46.5 32.5
46.5 33.5
46.5 47.5
46.5 48.5
46.5 49.5
46.5 56.5
46.5 57.5
47.5 12.5
47.5 13.5
47.5 17.5
47.5 18.5
47.5 29.5
47.5 30.5
47.5 31.5
47.5 49.5
47.5 50.5
47.5 55.5
47.5 56.5
48.5 5.5
48.5 6.5
48.5 36.5
48.5 37.5
48.5 41.5
48.5 42.5
48.5 43.5
49.5 6.5
49.5 7.5
49.5 8.5
49.5 21.5
49.5 22.5
49.5 23.5
49.5 24.5
49.5 25.5
49.5 35.5
49.5 36.5
49.5 42.5
49.5 43.5
49.5 44.5
49.5 60.5
49.5 61.5
50.5 7.5
50.5 8.5
50.5 21.5
50.5 22.5
50.5 23.5
50.5 24.5
50.5 35.5
50.5 36.5
50.5 43.5
50.5 44.5
50.5 45.5
50.5 59.5
50.5 60.5
51.5 58.5
51.5 59.5
55.5 9.5
55.5 10.5
55.5 11.5
55.5 19.5
55.5 20.5
55.5 21.5
55.5 22.5
55.5 33.5
55.5 45.5
55.5 46.5
55.5 57.5
56.5 11.5
56.5 12.5
56.5 13.5
56.5 18.5
56.5 19.5
56.5 20.5
56.5 21.5
56.5 31.5
56.5 32.5
56.5 43.5
56.5 44.5
56.5 45.5
56.5 56.5
56.5 57.5
57.5 12.5
57.5 13.5
57.5 31.5
57.5 43.5
57.5 44.5
57.5 45.5
57.5 55.5
57.5 56.5
58.5 26.5
58.5 42.5
58.5 43.5
58.5 55.5
59.5 5.5
59.5 6.5
59.5 7.5
59.5 8.5
59.5 24.5
59.5 25.5
59.5 26.5
59.5 36.5
59.5 37.5
59.5 38.5
59.5 49.5
59.5 50.5
59.5 61.5
60.5 6.5
60.5 7.5
60.5 8.5
60.5 9.5
60.5 23.5
60.5 24.5
60.5 34.5
60.5 35.5
60.5 36.5
60.5 37.5
60.5 48.5
60.5 49.5
60.5 50.5
60.5 59.5
60.5 60.5
60.5 61.5
61.5 34.5
61.5 35.5
61.5 36.5
61.5 48.5
61.5 49.5
61.5 59.5
61.5 60.5
62.5 47.5
62.5 48.5
62.5 59.5
