5.5 13.5
5.5 33.5
5.5 34.5
5.5 35.5
5.5 54.5
5.5 55.5
5.5 56.5
6.5 11.5
6.5 12.5
6.5 31.5
6.5 32.5
6.5 33.5
6.5 53.5
6.5 54.5
6.5 55.5
7.5 9.5
7.5 10.5
7.5 11.5
7.5 29.5
7.5 30.5
7.5 31.5
7.5 51.5
7.5 52.5
7.5 53.5
8.5 8.5
8.5 9.5
8.5 27.5
8.5 28.5
8.5 29.5
8.5 49.5
8.5 50.5
8.5 51.5
8.5 52.5
9.5 6.5
9.5 7.5
9.5 8.5
9.5 25.5
9.5 26.5
9.5 27.5
9.5 48.5
9.5 49.5
9.5 50.5
9.5 63.5
10.5 5.5
10.5 6.5
10.5 19.5
10.5 20.5
10.5 42.5
10.5 43.5
10.5 47.5
10.5 48.5
10.5 61.5
10.5 62.5
11.5 17.5
11.5 18.5
11.5 19.5
11.5 39.5
11.5 40.5
11.5 41.5
11.5 42.5
11.5 59.5
11.5 60.5
11.5 61.5
12.5 15.5
12.5 16.5
12.5 17.5
12.5 37.5
12.5 38.5
12.5 39.5
12.5 40.5
12.5 58.5
12.5 59.5
12.5 60.5
13.5 13.5
13.5 14.5
13.5 15.5
13.5 35.5
13.5 36.5
13.5 37.5
13.5 38.5
13.5 57.5
13.5 58.5
14.5 12.5
14.5 13.5
14.5 14.5
14.5 33.5
14.5 34.5
14.5 35.5
14.5 55.5
14.5 56.5
15.5 11.5
15.5 32.5
15.5 54.5
15.5 55.5
20.5 12.5
20.5 13.5
20.5 14.5
20.5 35.5
20.5 36.5
20.5 54.5
20.5 55.5
21.5 10.5
21.5 11.5
21.5 12.5
21.5 33.5
21.5 34.5
21.5 35.5
21.5 55.5
21.5 56.5
21.5 57.5
22.5 8.5
22.5 9.5
22.5 10.5
22.5 11.5
22.5 30.5
22.5 31.5
22.5 32.5
22.5 33.5
22.5 56.5
22.5 57.5
22.5 58.5
23.5 7.5
23.5 8.5
23.5 9.5
23.5 29.5
23.5 30.5
23.5 31.5
23.5 58.5
23.5 59.5
23.5 60.5
24.5 6.5
24.5 7.5
24.5 27.5
24.5 28.5
24.5 29.5
24.5 59.5
24.5 60.5
24.5 61.5
25.5 19.5
25.5 20.5
25.5 21.5
25.5 25.5
25.5 26.5
25.5 27.5
25.5 60.5
25.5 61.5
25.5 62.5
26.5 17.5
26.5 18.5
26.5 19.5
26.5 20.5
26.5 41.5
26.5 42.5
26.5 43.5
26.5 48.5
26.5 49.5
26.5 62.5
27.5 16.5
27.5 17.5
27.5 18.5
27.5 39.5
27.5 40.5
27.5 41.5
27.5 42.5
27.5 49.5
27.5 50.5
27.5 51.5
28.5 14.5
28.5 15.5
28.5 16.5
28.5 17.5
28.5 37.5
28.5 38.5
28.5 39.5
28.5 40.5
28.5 50.5
28.5 51.5
28.5 52.5
29.5 13.5
29.5 14.5
29.5 15.5
29.5 35.5
29.5 36.5
29.5 37.5
29.5 38.5
29.5 51.5
29.5 52.5
29.5 53.5
30.5 12.5
30.5 34.5
30.5 35.5
30.5 36.5
30.5 53.5
30.5 54.5
31.5 33.5
31.5 34.5
31.5 54.5
31.5 55.5
32.5 56.5
34.5 12.5
35.5 13.5
35.5 14.5
36.5 14.5
36.5 15.5
36.5 16.5
36.5 32.5
36.5 33.5
36.5 53.5
37.5 16.5
37.5 17.5
37.5 33.5
37.5 34.5
37.5 35.5
37.5 54.5
37.5 55.5
37.5 56.5
38.5 17.5
38.5 18.5
38.5 35.5
38.5 36.5
38.5 37.5
38.5 38.5
38.5 56.5
38.5 57.5
38.5 58.5
39.5 19.5
39.5 20.5
39.5 37.5
39.5 38.5
39.5 39.5
39.5 40.5
39.5 57.5
39.5 58.5
39.5 59.5
40.5 5.5
40.5 6.5
40.5 20.5
40.5 21.5
40.5 25.5
40.5 39.5
40.5 40.5
40.5 41.5
40.5 59.5
40.5 60.5
40.5 61.5
41.5 6.5
41.5 7.5
41.5 8.5
41.5 26.5
41.5 27.5
41.5 46.5
41.5 61.5
41.5 62.5
42.5 7.5
42.5 8.5
42.5 9.5
42.5 10.5
42.5 27.5
42.5 28.5
42.5 29.5
42.5 47.5
42.5 48.5
42.5 49.5
43.5 8.5
43.5 9.5
43.5 10.5
43.5 11.5
43.5 29.5
43.5 30.5
43.5 31.5
43.5 49.5
43.5 50.5
43.5 51.5
44.5 10.5
44.5 11.5
44.5 12.5
44.5 31.5
44.5 32.5
44.5 33.5
44.5 51.5
44.5 52.5
44.5 53.5
45.5 12.5
45.5 13.5
45.5 33.5
45.5 34.5
45.5 53.5
45.5 54.5
45.5 55.5
46.5 14.5
50.5 34.5
51.5 13.5
51.5 14.5
51.5 32.5
51.5 33.5
51.5 52.5
51.5 53.5
51.5 54.5
52.5 11.5
52.5 12.5
52.5 30.5
52.5 31.5
52.5 32.5
52.5 53.5
52.5 54.5
52.5 55.5
52.5 56.5
53.5 9.5
53.5 10.5
53.5 11.5
53.5 29.5
53.5 30.5
53.5 31.5
53.5 55.5
53.5 56.5
53.5 57.5
53.5 58.5
54.5 7.5
54.5 8.5
54.5 9.5
54.5 28.5
54.5 29.5
54.5 30.5
54.5 57.5
54.5 58.5
54.5 59.5
55.5 6.5
55.5 7.5
55.5 27.5
55.5 28.5
55.5 59.5
55.5 60.5
55.5 61.5
56.5 5.5
56.5 19.5
56.5 20.5
56.5 21.5
56.5 26.5
56.5 27.5
56.5 39.5
56.5 40.5
56.5 45.5
56.5 46.5
57.5 17.5
57.5 18.5
57.5 19.5
57.5 20.5
57.5 38.5
57.5 39.5
57.5 46.5
57.5 47.5
57.5 48.5
58.5 15.5
58.5 16.5
58.5 17.5
58.5 18.5
58.5 36.5
58.5 37.5
58.5 38.5
58.5 47.5
58.5 48.5
58.5 49.5
58.5 50.5
59.5 14.5
59.5 15.5
59.5 16.5
59.5 17.5
59.5 35.5
59.5 36.5
59.5 37.5
59.5 49.5
59.5 50.5
59.5 51.5
60.5 13.5
60.5 14.5
60.5 34.5
60.5 35.5
60.5 51.5
60.5 52.5
60.5 53.5
61.5 33.5
61.5 34.5
61.5 53.5
61.5 54.5
62.5 32.5
