2.5 9.5
2.5 10.5
2.5 28.5
2.5 53.5
3.5 10.5
3.5 11.5
3.5 27.5
3.5 28.5
3.5 44.5
3.5 54.5
4.5 11.5
4.5 12.5
4.5 26.5
4.5 27.5
4.5 43.5
4.5 55.5
5.5 12.5
5.5 25.5
5.5 26.5
5.5 42.5
5.5 56.5
5.5 57.5
6.5 12.5
6.5 13.5
6.5 24.5
6.5 25.5
6.5 41.5
6.5 42.5
6.5 57.5
6.5 58.5
7.5 13.5
7.5 14.5
7.5 23.5
7.5 24.5
7.5 40.5
7.5 41.5
7.5 48.5
7.5 58.5
7.5 59.5
7.5 68.5
8.5 14.5
8.5 15.5
8.5 22.5
8.5 23.5
8.5 36.5
8.5 39.5
8.5 40.5
8.5 47.5
8.5 48.5
8.5 60.5
8.5 68.5
9.5 5.5
9.5 15.5
9.5 16.5
9.5 21.5
9.5 22.5
9.5 34.5
9.5 35.5
9.5 38.5
9.5 39.5
9.5 47.5
9.5 49.5
9.5 50.5
9.5 61.5
10.5 5.5
10.5 6.5
10.5 16.5
10.5 21.5
10.5 32.5
10.5 33.5
10.5 34.5
10.5 38.5
10.5 46.5
10.5 50.5
10.5 51.5
10.5 62.5
11.5 6.5
11.5 7.5
11.5 17.5
11.5 20.5
11.5 31.5
11.5 32.5
11.5 37.5
11.5 45.5
11.5 51.5
11.5 52.5
11.5 53.5
11.5 63.5
12.5 7.5
12.5 8.5
12.5 18.5
12.5 19.5
12.5 30.5
12.5 31.5
12.5 36.5
12.5 45.5
12.5 53.5
12.5 54.5
13.5 8.5
13.5 9.5
13.5 18.5
13.5 28.5
13.5 29.5
13.5 30.5
13.5 44.5
13.5 54.5
13.5 55.5
13.5 56.5
14.5 9.5
14.5 10.5
14.5 27.5
14.5 28.5
14.5 43.5
14.5 56.5
14.5 57.5
15.5 10.5
15.5 11.5
15.5 26.5
15.5 27.5
15.5 43.5
15.5 57.5
15.5 58.5
16.5 11.5
16.5 24.5
16.5 25.5
16.5 42.5
16.5 59.5
17.5 12.5
17.5 23.5
17.5 41.5
17.5 52.5
18.5 13.5
18.5 53.5
18.5 54.5
19.5 12.5
19.5 23.5
19.5 24.5
19.5 42.5
19.5 54.5
19.5 55.5
20.5 10.5
20.5 11.5
20.5 25.5
20.5 26.5
20.5 27.5
20.5 41.5
20.5 55.5
20.5 56.5
21.5 9.5
21.5 10.5
21.5 27.5
21.5 28.5
21.5 29.5
21.5 30.5
21.5 40.5
21.5 57.5
21.5 58.5
22.5 7.5
22.5 8.5
22.5 9.5
22.5 17.5
22.5 30.5
22.5 31.5
22.5 32.5
22.5 39.5
22.5 47.5
22.5 58.5
22.5 59.5
23.5 6.5
23.5 7.5
23.5 17.5
23.5 18.5
23.5 19.5
23.5 32.5
23.5 33.5
23.5 34.5
23.5 38.5
23.5 46.5
23.5 48.5
23.5 59.5
23.5 60.5
24.5 5.5
24.5 6.5
24.5 16.5
24.5 20.5
24.5 21.5
24.5 35.5
24.5 36.5
24.5 37.5
24.5 45.5
24.5 49.5
24.5 60.5
24.5 61.5
24.5 62.5
25.5 5.5
25.5 15.5
25.5 21.5
25.5 22.5
25.5 36.5
25.5 44.5
25.5 45.5
25.5 50.5
25.5 62.5
25.5 63.5
26.5 14.5
26.5 23.5
26.5 24.5
26.5 35.5
26.5 43.5
26.5 44.5
26.5 51.5
26.5 63.5
26.5 64.5
27.5 13.5
27.5 25.5
27.5 26.5
27.5 43.5
27.5 52.5
27.5 53.5
28.5 12.5
28.5 26.5
28.5 27.5
28.5 42.5
28.5 43.5
28.5 53.5
28.5 54.5
29.5 11.5
29.5 28.5
29.5 29.5
29.5 41.5
29.5 42.5
29.5 54.5
29.5 55.5
29.5 68.5
30.5 10.5
30.5 24.5
30.5 41.5
30.5 55.5
30.5 56.5
31.5 9.5
31.5 10.5
31.5 25.5
31.5 40.5
31.5 56.5
31.5 57.5
32.5 11.5
32.5 25.5
32.5 26.5
32.5 40.5
32.5 42.5
32.5 57.5
32.5 58.5
33.5 11.5
33.5 12.5
33.5 26.5
33.5 27.5
33.5 41.5
33.5 58.5
34.5 12.5
34.5 27.5
34.5 28.5
34.5 40.5
34.5 41.5
34.5 54.5
35.5 12.5
35.5 13.5
35.5 18.5
35.5 28.5
35.5 40.5
35.5 55.5
35.5 56.5
36.5 13.5
36.5 14.5
36.5 19.5
36.5 28.5
36.5 29.5
36.5 39.5
36.5 40.5
36.5 56.5
36.5 57.5
37.5 14.5
37.5 20.5
37.5 29.5
37.5 30.5
37.5 38.5
37.5 39.5
37.5 57.5
37.5 58.5
37.5 59.5
38.5 5.5
38.5 14.5
38.5 15.5
38.5 20.5
38.5 21.5
38.5 30.5
38.5 31.5
38.5 38.5
38.5 59.5
38.5 60.5
39.5 5.5
39.5 6.5
39.5 15.5
39.5 21.5
39.5 22.5
39.5 31.5
39.5 37.5
39.5 38.5
39.5 47.5
39.5 60.5
39.5 61.5
39.5 68.5
40.5 6.5
40.5 7.5
40.5 16.5
40.5 22.5
40.5 32.5
40.5 36.5
40.5 37.5
40.5 46.5
40.5 48.5
40.5 49.5
40.5 62.5
40.5 63.5
41.5 7.5
41.5 8.5
41.5 16.5
41.5 22.5
41.5 23.5
41.5 32.5
41.5 33.5
41.5 36.5
41.5 45.5
41.5 50.5
41.5 51.5
41.5 64.5
42.5 8.5
42.5 9.5
42.5 17.5
42.5 23.5
42.5 24.5
42.5 33.5
42.5 35.5
42.5 44.5
42.5 52.5
42.5 53.5
43.5 9.5
43.5 24.5
43.5 25.5
43.5 34.5
43.5 35.5
43.5 43.5
43.5 53.5
43.5 54.5
43.5 55.5
44.5 9.5
44.5 10.5
44.5 25.5
44.5 42.5
44.5 55.5
44.5 56.5
44.5 57.5
45.5 10.5
45.5 11.5
45.5 25.5
45.5 26.5
45.5 41.5
45.5 57.5
45.5 58.5
46.5 11.5
46.5 12.5
46.5 26.5
46.5 27.5
46.5 40.5
46.5 59.5
46.5 60.5
47.5 12.5
47.5 14.5
47.5 27.5
47.5 39.5
47.5 43.5
47.5 53.5
48.5 13.5
48.5 28.5
48.5 42.5
48.5 54.5
49.5 12.5
49.5 27.5
49.5 28.5
49.5 41.5
49.5 55.5
49.5 56.5
50.5 10.5
50.5 11.5
50.5 26.5
50.5 27.5
50.5 40.5
50.5 41.5
50.5 56.5
50.5 57.5
51.5 9.5
51.5 10.5
51.5 25.5
51.5 26.5
51.5 40.5
51.5 57.5
51.5 58.5
52.5 8.5
52.5 9.5
52.5 24.5
52.5 25.5
52.5 34.5
52.5 39.5
52.5 48.5
52.5 58.5
52.5 59.5
53.5 7.5
53.5 8.5
53.5 23.5
53.5 24.5
53.5 33.5
53.5 38.5
53.5 39.5
53.5 47.5
53.5 49.5
53.5 59.5
53.5 60.5
53.5 61.5
54.5 6.5
54.5 7.5
54.5 18.5
54.5 19.5
54.5 22.5
54.5 23.5
54.5 32.5
54.5 33.5
54.5 37.5
54.5 38.5
54.5 46.5
54.5 47.5
54.5 50.5
54.5 61.5
54.5 62.5
55.5 5.5
55.5 6.5
55.5 17.5
55.5 22.5
55.5 31.5
55.5 32.5
55.5 37.5
55.5 46.5
55.5 51.5
55.5 62.5
55.5 63.5
56.5 5.5
56.5 16.5
56.5 21.5
56.5 30.5
56.5 31.5
56.5 36.5
56.5 45.5
56.5 52.5
56.5 63.5
56.5 64.5
57.5 14.5
57.5 15.5
57.5 20.5
57.5 30.5
57.5 35.5
57.5 36.5
57.5 44.5
57.5 45.5
57.5 52.5
57.5 53.5
57.5 68.5
58.5 13.5
58.5 14.5
58.5 19.5
58.5 29.5
58.5 35.5
58.5 43.5
58.5 44.5
58.5 54.5
59.5 12.5
59.5 13.5
59.5 28.5
59.5 29.5
59.5 34.5
59.5 43.5
59.5 55.5
60.5 11.5
60.5 12.5
60.5 27.5
60.5 28.5
60.5 42.5
60.5 56.5
61.5 10.5
61.5 26.5
61.5 27.5
61.5 41.5
61.5 42.5
61.5 57.5
62.5 9.5
62.5 26.5
62.5 40.5
62.5 41.5
62.5 58.5
63.5 8.5
63.5 25.5
63.5 40.5
63.5 59.5
