4.5 14.5
4.5 34.5
4.5 35.5
5.5 11.5
5.5 12.5
5.5 13.5
5.5 31.5
5.5 32.5
5.5 33.5
5.5 34.5
5.5 35.5
5.5 53.5
5.5 54.5
5.5 55.5
6.5 9.5
6.5 10.5
6.5 11.5
6.5 12.5
6.5 28.5
6.5 29.5
6.5 30.5
6.5 31.5
6.5 32.5
6.5 33.5
6.5 34.5
6.5 51.5
6.5 52.5
6.5 53.5
6.5 54.5
7.5 7.5
7.5 8.5
7.5 9.5
7.5 10.5
7.5 11.5
7.5 26.5
7.5 27.5
7.5 28.5
7.5 29.5
7.5 30.5
7.5 31.5
7.5 32.5
7.5 49.5
7.5 50.5
7.5 51.5
7.5 52.5
7.5 53.5
8.5 6.5
8.5 7.5
8.5 8.5
8.5 9.5
8.5 21.5
8.5 25.5
8.5 26.5
8.5 27.5
8.5 28.5
8.5 29.5
8.5 47.5
8.5 48.5
8.5 49.5
8.5 50.5
8.5 51.5
9.5 5.5
9.5 6.5
9.5 7.5
9.5 18.5
9.5 19.5
9.5 20.5
9.5 21.5
9.5 25.5
9.5 26.5
9.5 41.5
9.5 42.5
9.5 46.5
9.5 47.5
9.5 48.5
9.5 49.5
10.5 5.5
10.5 16.5
10.5 17.5
10.5 18.5
10.5 19.5
10.5 20.5
10.5 38.5
10.5 39.5
10.5 40.5
10.5 41.5
10.5 42.5
11.5 15.5
11.5 16.5
11.5 17.5
11.5 18.5
11.5 36.5
11.5 37.5
11.5 38.5
11.5 39.5
11.5 40.5
11.5 58.5
11.5 59.5
11.5 60.5
11.5 61.5
11.5 62.5
12.5 14.5
12.5 15.5
12.5 16.5
12.5 17.5
12.5 34.5
12.5 35.5
12.5 36.5
12.5 37.5
12.5 38.5
12.5 55.5
12.5 56.5
12.5 57.5
12.5 58.5
12.5 59.5
12.5 60.5
12.5 61.5
13.5 12.5
13.5 13.5
13.5 14.5
13.5 15.5
13.5 33.5
13.5 34.5
13.5 35.5
13.5 36.5
13.5 54.5
13.5 55.5
13.5 56.5
13.5 57.5
13.5 58.5
13.5 59.5
14.5 12.5
14.5 13.5
14.5 32.5
14.5 33.5
14.5 52.5
14.5 53.5
14.5 54.5
14.5 55.5
14.5 56.5
14.5 57.5
15.5 52.5
15.5 53.5
15.5 54.5
18.5 32.5
19.5 12.5
19.5 13.5
19.5 14.5
19.5 32.5
19.5 33.5
19.5 34.5
19.5 35.5
20.5 12.5
20.5 13.5
20.5 14.5
20.5 15.5
20.5 16.5
20.5 33.5
20.5 34.5
20.5 35.5
20.5 36.5
20.5 37.5
20.5 53.5
20.5 54.5
20.5 55.5
21.5 14.5
21.5 15.5
21.5 16.5
21.5 17.5
21.5 18.5
21.5 34.5
21.5 35.5
21.5 36.5
21.5 37.5
21.5 38.5
21.5 50.5
21.5 51.5
21.5 52.5
21.5 53.5
21.5 54.5
21.5 55.5
22.5 15.5
22.5 16.5
22.5 17.5
22.5 18.5
22.5 19.5
22.5 35.5
22.5 36.5
22.5 37.5
22.5 38.5
22.5 39.5
22.5 48.5
22.5 49.5
22.5 50.5
22.5 51.5
22.5 52.5
22.5 53.5
23.5 17.5
23.5 18.5
23.5 19.5
23.5 20.5
23.5 37.5
23.5 38.5
23.5 39.5
23.5 40.5
23.5 41.5
23.5 47.5
23.5 48.5
23.5 49.5
23.5 50.5
23.5 51.5
23.5 52.5
24.5 5.5
24.5 19.5
24.5 20.5
24.5 21.5
24.5 25.5
24.5 26.5
24.5 27.5
24.5 39.5
24.5 40.5
24.5 41.5
24.5 46.5
24.5 47.5
24.5 48.5
24.5 49.5
24.5 50.5
25.5 5.5
25.5 6.5
25.5 7.5
25.5 8.5
25.5 26.5
25.5 27.5
25.5 28.5
25.5 29.5
25.5 45.5
25.5 46.5
25.5 47.5
26.5 6.5
26.5 7.5
26.5 8.5
26.5 9.5
26.5 10.5
26.5 27.5
26.5 28.5
26.5 29.5
26.5 30.5
26.5 60.5
26.5 61.5
26.5 62.5
26.5 63.5
27.5 7.5
27.5 8.5
27.5 9.5
27.5 10.5
27.5 11.5
27.5 28.5
27.5 29.5
27.5 30.5
27.5 31.5
27.5 32.5
27.5 57.5
27.5 58.5
27.5 59.5
27.5 60.5
27.5 61.5
27.5 62.5
28.5 9.5
28.5 10.5
28.5 11.5
28.5 12.5
28.5 13.5
28.5 30.5
28.5 31.5
28.5 32.5
28.5 33.5
28.5 54.5
28.5 55.5
28.5 56.5
28.5 57.5
28.5 58.5
28.5 59.5
28.5 60.5
29.5 10.5
29.5 11.5
29.5 12.5
29.5 13.5
29.5 14.5
29.5 31.5
29.5 32.5
29.5 33.5
29.5 34.5
29.5 53.5
29.5 54.5
29.5 55.5
29.5 56.5
29.5 57.5
30.5 12.5
30.5 13.5
30.5 14.5
30.5 34.5
30.5 52.5
30.5 53.5
30.5 54.5
34.5 31.5
34.5 32.5
35.5 11.5
35.5 12.5
35.5 13.5
35.5 32.5
35.5 33.5
35.5 34.5
35.5 35.5
35.5 52.5
35.5 53.5
35.5 54.5
35.5 55.5
35.5 56.5
36.5 12.5
36.5 13.5
36.5 14.5
36.5 15.5
36.5 33.5
36.5 34.5
36.5 35.5
36.5 36.5
36.5 37.5
36.5 53.5
36.5 54.5
36.5 55.5
36.5 56.5
36.5 57.5
36.5 58.5
36.5 59.5
37.5 13.5
37.5 14.5
37.5 15.5
37.5 16.5
37.5 17.5
37.5 35.5
37.5 36.5
37.5 37.5
37.5 38.5
37.5 55.5
37.5 56.5
37.5 57.5
37.5 58.5
37.5 59.5
37.5 60.5
37.5 61.5
38.5 14.5
38.5 15.5
38.5 16.5
38.5 17.5
38.5 18.5
38.5 36.5
38.5 37.5
38.5 38.5
38.5 39.5
38.5 40.5
38.5 58.5
38.5 59.5
38.5 60.5
38.5 61.5
38.5 62.5
39.5 16.5
39.5 17.5
39.5 18.5
39.5 19.5
39.5 39.5
39.5 40.5
39.5 41.5
39.5 45.5
39.5 46.5
39.5 47.5
39.5 62.5
40.5 5.5
40.5 6.5
40.5 18.5
40.5 19.5
40.5 20.5
40.5 24.5
40.5 25.5
40.5 26.5
40.5 27.5
40.5 28.5
40.5 46.5
40.5 47.5
40.5 48.5
40.5 49.5
41.5 6.5
41.5 7.5
41.5 8.5
41.5 25.5
41.5 26.5
41.5 27.5
41.5 28.5
41.5 29.5
41.5 30.5
41.5 47.5
41.5 48.5
41.5 49.5
41.5 50.5
41.5 51.5
42.5 7.5
42.5 8.5
42.5 9.5
42.5 10.5
42.5 27.5
42.5 28.5
42.5 29.5
42.5 30.5
42.5 31.5
42.5 32.5
42.5 49.5
42.5 50.5
42.5 51.5
42.5 52.5
42.5 53.5
43.5 8.5
43.5 9.5
43.5 10.5
43.5 11.5
43.5 28.5
43.5 29.5
43.5 30.5
43.5 31.5
43.5 32.5
43.5 33.5
43.5 51.5
43.5 52.5
43.5 53.5
43.5 54.5
44.5 10.5
44.5 11.5
44.5 12.5
44.5 31.5
44.5 32.5
44.5 33.5
44.5 34.5
44.5 53.5
44.5 54.5
44.5 55.5
45.5 11.5
45.5 12.5
45.5 13.5
48.5 54.5
48.5 55.5
49.5 34.5
49.5 52.5
49.5 53.5
49.5 54.5
50.5 12.5
50.5 13.5
50.5 32.5
50.5 33.5
50.5 34.5
50.5 51.5
50.5 52.5
50.5 53.5
50.5 54.5
51.5 10.5
51.5 11.5
51.5 12.5
51.5 13.5
51.5 30.5
51.5 31.5
51.5 32.5
51.5 33.5
51.5 50.5
51.5 51.5
51.5 52.5
51.5 53.5
52.5 9.5
52.5 10.5
52.5 11.5
52.5 12.5
52.5 28.5
52.5 29.5
52.5 30.5
52.5 31.5
52.5 32.5
52.5 48.5
52.5 49.5
52.5 50.5
52.5 51.5
52.5 52.5
53.5 8.5
53.5 9.5
53.5 10.5
53.5 11.5
53.5 27.5
53.5 28.5
53.5 29.5
53.5 30.5
53.5 31.5
53.5 48.5
53.5 49.5
53.5 50.5
53.5 51.5
54.5 6.5
54.5 7.5
54.5 8.5
54.5 9.5
54.5 25.5
54.5 26.5
54.5 27.5
54.5 28.5
54.5 29.5
54.5 47.5
54.5 48.5
54.5 49.5
54.5 61.5
54.5 62.5
55.5 6.5
55.5 7.5
55.5 8.5
55.5 20.5
55.5 24.5
55.5 25.5
55.5 26.5
55.5 27.5
55.5 39.5
55.5 40.5
55.5 41.5
55.5 42.5
55.5 46.5
55.5 47.5
55.5 48.5
55.5 59.5
55.5 60.5
55.5 61.5
55.5 62.5
56.5 5.5
56.5 6.5
56.5 17.5
56.5 18.5
56.5 19.5
56.5 20.5
56.5 24.5
56.5 25.5
56.5 37.5
56.5 38.5
56.5 39.5
56.5 40.5
56.5 41.5
56.5 57.5
56.5 58.5
56.5 59.5
56.5 60.5
56.5 61.5
57.5 16.5
57.5 17.5
57.5 18.5
57.5 19.5
57.5 36.5
57.5 37.5
57.5 38.5
57.5 39.5
57.5 40.5
57.5 56.5
57.5 57.5
57.5 58.5
57.5 59.5
57.5 60.5
58.5 14.5
58.5 15.5
58.5 16.5
58.5 17.5
58.5 18.5
58.5 34.5
58.5 35.5
58.5 36.5
58.5 37.5
58.5 38.5
58.5 39.5
58.5 55.5
58.5 56.5
58.5 57.5
58.5 58.5
58.5 59.5
59.5 13.5
59.5 14.5
59.5 15.5
59.5 16.5
59.5 17.5
59.5 33.5
59.5 34.5
59.5 35.5
59.5 36.5
59.5 37.5
59.5 54.5
59.5 55.5
59.5 56.5
59.5 57.5
60.5 12.5
60.5 13.5
60.5 14.5
60.5 15.5
60.5 32.5
60.5 33.5
60.5 34.5
60.5 35.5
60.5 53.5
60.5 54.5
60.5 55.5
60.5 56.5
61.5 11.5
61.5 12.5
61.5 13.5
61.5 32.5
61.5 33.5
61.5 53.5
61.5 54.5
