3.5 18.5
3.5 28.5
4.5 17.5
4.5 18.5
4.5 27.5
4.5 28.5
4.5 40.5
4.5 48.5
5.5 7.5
5.5 16.5
5.5 17.5
5.5 27.5
5.5 28.5
5.5 40.5
5.5 41.5
5.5 48.5
5.5 58.5
6.5 6.5
6.5 7.5
6.5 16.5
6.5 17.5
6.5 26.5
6.5 27.5
6.5 40.5
6.5 41.5
6.5 47.5
6.5 48.5
6.5 57.5
6.5 58.5
7.5 6.5
7.5 15.5
7.5 16.5
7.5 26.5
7.5 27.5
7.5 41.5
7.5 42.5
7.5 47.5
7.5 57.5
7.5 58.5
8.5 6.5
8.5 15.5
8.5 21.5
8.5 26.5
8.5 42.5
8.5 46.5
8.5 47.5
8.5 56.5
8.5 57.5
9.5 5.5
9.5 10.5
9.5 20.5
9.5 21.5
9.5 26.5
9.5 32.5
9.5 36.5
9.5 37.5
9.5 51.5
9.5 56.5
10.5 10.5
10.5 20.5
10.5 21.5
10.5 31.5
10.5 32.5
10.5 37.5
10.5 51.5
10.5 62.5
11.5 9.5
11.5 10.5
11.5 20.5
11.5 30.5
11.5 31.5
11.5 37.5
11.5 38.5
11.5 50.5
11.5 51.5
11.5 61.5
11.5 62.5
12.5 9.5
12.5 10.5
12.5 19.5
12.5 20.5
12.5 30.5
12.5 31.5
12.5 37.5
12.5 38.5
12.5 50.5
12.5 51.5
12.5 60.5
12.5 61.5
12.5 62.5
13.5 9.5
13.5 19.5
13.5 29.5
13.5 30.5
13.5 38.5
13.5 50.5
13.5 60.5
13.5 61.5
14.5 29.5
14.5 60.5
18.5 39.5
19.5 8.5
19.5 18.5
19.5 29.5
19.5 38.5
19.5 48.5
20.5 8.5
20.5 17.5
20.5 18.5
20.5 29.5
20.5 30.5
20.5 37.5
20.5 38.5
20.5 48.5
20.5 60.5
21.5 7.5
21.5 8.5
21.5 17.5
21.5 18.5
21.5 30.5
21.5 31.5
21.5 37.5
21.5 38.5
21.5 47.5
21.5 48.5
21.5 60.5
21.5 61.5
22.5 7.5
22.5 8.5
22.5 17.5
22.5 30.5
22.5 31.5
22.5 37.5
22.5 47.5
22.5 48.5
22.5 60.5
22.5 61.5
23.5 7.5
23.5 8.5
23.5 17.5
23.5 31.5
23.5 32.5
23.5 36.5
23.5 37.5
23.5 47.5
23.5 61.5
24.5 7.5
24.5 12.5
24.5 17.5
24.5 21.5
24.5 25.5
24.5 32.5
24.5 36.5
24.5 42.5
24.5 46.5
24.5 47.5
24.5 61.5
25.5 7.5
25.5 12.5
25.5 21.5
25.5 25.5
25.5 26.5
25.5 41.5
25.5 42.5
25.5 46.5
25.5 52.5
25.5 57.5
26.5 12.5
26.5 20.5
26.5 25.5
26.5 26.5
26.5 27.5
26.5 41.5
26.5 52.5
26.5 57.5
27.5 11.5
27.5 12.5
27.5 20.5
27.5 26.5
27.5 27.5
27.5 40.5
27.5 41.5
27.5 51.5
27.5 52.5
27.5 57.5
27.5 58.5
28.5 11.5
28.5 12.5
28.5 20.5
28.5 26.5
28.5 27.5
28.5 28.5
28.5 40.5
28.5 41.5
28.5 51.5
28.5 52.5
28.5 58.5
29.5 11.5
29.5 19.5
29.5 27.5
29.5 28.5
29.5 40.5
29.5 41.5
29.5 51.5
29.5 52.5
29.5 58.5
30.5 11.5
30.5 19.5
30.5 40.5
30.5 50.5
30.5 51.5
31.5 50.5
31.5 51.5
35.5 11.5
35.5 18.5
35.5 27.5
35.5 28.5
35.5 60.5
36.5 11.5
36.5 17.5
36.5 27.5
36.5 28.5
36.5 38.5
36.5 60.5
37.5 11.5
37.5 12.5
37.5 17.5
37.5 26.5
37.5 27.5
37.5 37.5
37.5 38.5
37.5 50.5
37.5 51.5
37.5 61.5
38.5 11.5
38.5 12.5
38.5 17.5
38.5 26.5
38.5 27.5
38.5 37.5
38.5 38.5
38.5 50.5
38.5 51.5
38.5 61.5
39.5 12.5
39.5 16.5
39.5 25.5
39.5 26.5
39.5 37.5
39.5 38.5
39.5 50.5
39.5 51.5
39.5 52.5
39.5 61.5
40.5 7.5
40.5 20.5
40.5 25.5
40.5 26.5
40.5 32.5
40.5 37.5
40.5 51.5
40.5 52.5
40.5 61.5
40.5 62.5
41.5 7.5
41.5 8.5
41.5 20.5
41.5 31.5
41.5 32.5
41.5 37.5
41.5 51.5
41.5 52.5
41.5 57.5
41.5 62.5
42.5 7.5
42.5 8.5
42.5 19.5
42.5 20.5
42.5 30.5
42.5 31.5
42.5 41.5
42.5 46.5
42.5 57.5
42.5 58.5
43.5 8.5
43.5 19.5
43.5 20.5
43.5 30.5
43.5 31.5
43.5 41.5
43.5 46.5
43.5 47.5
43.5 57.5
43.5 58.5
44.5 8.5
44.5 9.5
44.5 19.5
44.5 20.5
44.5 30.5
44.5 40.5
44.5 41.5
44.5 46.5
44.5 47.5
44.5 57.5
44.5 58.5
45.5 19.5
45.5 29.5
45.5 30.5
45.5 40.5
45.5 47.5
45.5 58.5
46.5 29.5
46.5 39.5
46.5 40.5
46.5 47.5
46.5 58.5
47.5 39.5
49.5 9.5
50.5 10.5
50.5 19.5
51.5 10.5
51.5 11.5
51.5 19.5
51.5 29.5
51.5 38.5
51.5 48.5
51.5 58.5
52.5 10.5
52.5 11.5
52.5 19.5
52.5 20.5
52.5 29.5
52.5 30.5
52.5 38.5
52.5 47.5
52.5 57.5
52.5 58.5
53.5 11.5
53.5 19.5
53.5 20.5
53.5 30.5
53.5 31.5
53.5 37.5
53.5 38.5
53.5 47.5
53.5 57.5
53.5 58.5
54.5 11.5
54.5 12.5
54.5 16.5
54.5 20.5
54.5 30.5
54.5 31.5
54.5 37.5
54.5 46.5
54.5 47.5
54.5 56.5
54.5 57.5
55.5 6.5
55.5 16.5
55.5 31.5
55.5 32.5
55.5 36.5
55.5 37.5
55.5 46.5
55.5 56.5
55.5 57.5
56.5 6.5
56.5 7.5
56.5 16.5
56.5 24.5
56.5 25.5
56.5 32.5
56.5 36.5
56.5 46.5
56.5 51.5
56.5 62.5
57.5 6.5
57.5 7.5
57.5 16.5
57.5 17.5
57.5 25.5
57.5 26.5
57.5 41.5
57.5 50.5
57.5 51.5
57.5 61.5
57.5 62.5
58.5 6.5
58.5 7.5
58.5 17.5
58.5 26.5
58.5 27.5
58.5 40.5
58.5 41.5
58.5 50.5
58.5 51.5
58.5 61.5
59.5 7.5
59.5 8.5
59.5 17.5
59.5 27.5
59.5 28.5
59.5 40.5
59.5 49.5
59.5 50.5
59.5 60.5
59.5 61.5
60.5 7.5
60.5 8.5
60.5 28.5
60.5 39.5
60.5 40.5
60.5 49.5
60.5 50.5
60.5 60.5
61.5 39.5
