2.5 56.5
3.5 12.5
3.5 57.5
4.5 9.5
4.5 10.5
4.5 27.5
4.5 28.5
4.5 38.5
4.5 39.5
4.5 40.5
4.5 58.5
5.5 7.5
5.5 8.5
5.5 24.5
5.5 25.5
5.5 42.5
5.5 43.5
5.5 44.5
5.5 45.5
5.5 60.5
6.5 5.5
6.5 19.5
6.5 21.5
6.5 22.5
6.5 33.5
6.5 34.5
6.5 46.5
6.5 47.5
6.5 48.5
6.5 50.5
6.5 61.5
6.5 68.5
7.5 16.5
7.5 17.5
7.5 18.5
7.5 30.5
7.5 31.5
7.5 36.5
7.5 52.5
7.5 62.5
8.5 14.5
8.5 28.5
8.5 38.5
8.5 53.5
8.5 54.5
9.5 11.5
9.5 12.5
9.5 25.5
9.5 40.5
9.5 55.5
9.5 56.5
10.5 9.5
10.5 42.5
10.5 57.5
10.5 58.5
11.5 7.5
11.5 23.5
12.5 25.5
12.5 44.5
13.5 7.5
13.5 26.5
13.5 27.5
13.5 42.5
13.5 59.5
14.5 10.5
14.5 11.5
14.5 28.5
14.5 29.5
14.5 40.5
14.5 57.5
15.5 12.5
15.5 13.5
15.5 30.5
15.5 38.5
15.5 55.5
15.5 56.5
16.5 15.5
16.5 16.5
16.5 18.5
16.5 32.5
16.5 36.5
16.5 53.5
16.5 54.5
16.5 68.5
17.5 18.5
17.5 20.5
17.5 34.5
17.5 50.5
17.5 51.5
17.5 52.5
17.5 64.5
18.5 5.5
18.5 6.5
18.5 22.5
18.5 23.5
18.5 47.5
18.5 48.5
18.5 50.5
18.5 62.5
19.5 7.5
19.5 24.5
19.5 25.5
19.5 44.5
19.5 45.5
19.5 48.5
19.5 59.5
19.5 60.5
20.5 8.5
20.5 9.5
20.5 26.5
20.5 27.5
20.5 41.5
20.5 42.5
20.5 57.5
20.5 58.5
21.5 10.5
21.5 29.5
21.5 39.5
21.5 55.5
21.5 56.5
22.5 11.5
23.5 29.5
24.5 27.5
24.5 44.5
24.5 54.5
24.5 55.5
25.5 9.5
25.5 24.5
25.5 25.5
25.5 42.5
25.5 57.5
25.5 58.5
26.5 11.5
26.5 12.5
26.5 21.5
26.5 22.5
26.5 39.5
26.5 40.5
26.5 60.5
26.5 61.5
27.5 14.5
27.5 15.5
27.5 19.5
27.5 20.5
27.5 34.5
27.5 37.5
27.5 38.5
27.5 50.5
27.5 63.5
27.5 64.5
28.5 17.5
28.5 32.5
28.5 35.5
28.5 36.5
28.5 48.5
28.5 51.5
28.5 52.5
28.5 68.5
29.5 29.5
29.5 30.5
29.5 34.5
29.5 46.5
29.5 53.5
29.5 54.5
30.5 6.5
30.5 7.5
30.5 8.5
30.5 27.5
30.5 28.5
30.5 44.5
30.5 55.5
30.5 56.5
31.5 11.5
31.5 12.5
31.5 25.5
31.5 26.5
31.5 42.5
31.5 58.5
32.5 24.5
32.5 40.5
32.5 60.5
33.5 38.5
34.5 6.5
34.5 23.5
34.5 55.5
35.5 8.5
35.5 9.5
35.5 26.5
35.5 39.5
35.5 40.5
35.5 41.5
35.5 56.5
35.5 57.5
36.5 11.5
36.5 12.5
36.5 29.5
36.5 43.5
36.5 44.5
36.5 45.5
36.5 58.5
37.5 14.5
37.5 15.5
37.5 31.5
37.5 32.5
37.5 48.5
37.5 49.5
37.5 50.5
37.5 60.5
38.5 17.5
38.5 18.5
38.5 19.5
38.5 20.5
38.5 35.5
38.5 36.5
38.5 52.5
38.5 62.5
39.5 6.5
39.5 22.5
39.5 23.5
39.5 24.5
39.5 39.5
39.5 53.5
40.5 8.5
40.5 27.5
40.5 28.5
40.5 42.5
40.5 43.5
40.5 55.5
41.5 10.5
41.5 56.5
42.5 12.5
42.5 38.5
43.5 27.5
43.5 39.5
43.5 58.5
44.5 11.5
44.5 25.5
44.5 26.5
44.5 40.5
44.5 41.5
44.5 56.5
45.5 9.5
45.5 10.5
45.5 24.5
45.5 42.5
45.5 54.5
45.5 55.5
46.5 8.5
46.5 22.5
46.5 32.5
46.5 33.5
46.5 43.5
46.5 44.5
46.5 53.5
47.5 6.5
47.5 7.5
47.5 20.5
47.5 21.5
47.5 31.5
47.5 34.5
47.5 35.5
47.5 45.5
47.5 51.5
48.5 5.5
48.5 16.5
48.5 17.5
48.5 19.5
48.5 29.5
48.5 36.5
48.5 47.5
48.5 50.5
48.5 62.5
49.5 14.5
49.5 15.5
49.5 17.5
49.5 28.5
49.5 37.5
49.5 48.5
49.5 60.5
50.5 13.5
50.5 27.5
50.5 39.5
50.5 57.5
50.5 58.5
51.5 11.5
51.5 25.5
51.5 40.5
51.5 55.5
51.5 56.5
52.5 9.5
52.5 24.5
52.5 41.5
52.5 53.5
53.5 43.5
53.5 51.5
54.5 28.5
54.5 42.5
55.5 10.5
55.5 26.5
55.5 41.5
55.5 57.5
56.5 13.5
56.5 23.5
56.5 24.5
56.5 40.5
56.5 55.5
57.5 16.5
57.5 21.5
57.5 22.5
57.5 38.5
57.5 39.5
57.5 53.5
58.5 19.5
58.5 34.5
58.5 37.5
58.5 38.5
58.5 48.5
58.5 50.5
58.5 51.5
58.5 64.5
59.5 5.5
59.5 6.5
59.5 31.5
59.5 32.5
59.5 36.5
59.5 47.5
59.5 48.5
59.5 49.5
59.5 61.5
59.5 62.5
60.5 9.5
60.5 10.5
60.5 11.5
60.5 29.5
60.5 30.5
60.5 35.5
60.5 45.5
60.5 59.5
60.5 60.5
61.5 15.5
61.5 26.5
61.5 27.5
61.5 28.5
61.5 44.5
61.5 57.5
61.5 58.5
62.5 24.5
62.5 25.5
62.5 42.5
62.5 55.5
63.5 41.5
63.5 53.5
