2.5 18.5
2.5 29.5
3.5 19.5
4.5 7.5
4.5 19.5
4.5 28.5
4.5 59.5
5.5 6.5
5.5 20.5
5.5 27.5
5.5 48.5
6.5 5.5
6.5 20.5
6.5 41.5
6.5 47.5
6.5 58.5
7.5 11.5
7.5 21.5
7.5 32.5
7.5 36.5
7.5 42.5
7.5 46.5
8.5 15.5
8.5 25.5
8.5 31.5
8.5 45.5
8.5 57.5
9.5 10.5
9.5 16.5
9.5 31.5
9.5 37.5
9.5 52.5
9.5 62.5
10.5 10.5
10.5 16.5
10.5 30.5
10.5 51.5
10.5 62.5
11.5 9.5
11.5 17.5
11.5 29.5
11.5 38.5
11.5 50.5
12.5 49.5
12.5 61.5
13.5 18.5
13.5 28.5
15.5 39.5
16.5 8.5
16.5 28.5
16.5 50.5
16.5 61.5
17.5 9.5
17.5 19.5
17.5 40.5
17.5 51.5
18.5 10.5
18.5 20.5
18.5 27.5
18.5 40.5
18.5 52.5
18.5 62.5
19.5 5.5
19.5 11.5
19.5 21.5
19.5 26.5
19.5 46.5
19.5 63.5
20.5 5.5
20.5 25.5
20.5 34.5
20.5 41.5
20.5 46.5
20.5 53.5
20.5 57.5
21.5 16.5
21.5 35.5
21.5 41.5
21.5 47.5
21.5 58.5
21.5 64.5
22.5 6.5
22.5 17.5
22.5 47.5
22.5 58.5
23.5 18.5
23.5 29.5
23.5 36.5
23.5 59.5
24.5 7.5
24.5 28.5
24.5 37.5
24.5 48.5
24.5 60.5
25.5 38.5
27.5 18.5
27.5 28.5
28.5 8.5
28.5 17.5
28.5 38.5
28.5 60.5
29.5 9.5
29.5 17.5
29.5 29.5
29.5 37.5
29.5 49.5
29.5 60.5
30.5 10.5
30.5 16.5
30.5 36.5
30.5 48.5
30.5 61.5
31.5 15.5
31.5 22.5
31.5 30.5
31.5 35.5
32.5 21.5
32.5 47.5
32.5 53.5
32.5 56.5
32.5 62.5
33.5 5.5
33.5 21.5
33.5 26.5
34.5 6.5
34.5 20.5
34.5 41.5
34.5 42.5
34.5 52.5
34.5 57.5
35.5 8.5
35.5 27.5
35.5 39.5
35.5 40.5
35.5 52.5
35.5 58.5
36.5 19.5
36.5 38.5
36.5 51.5
37.5 51.5
37.5 59.5
39.5 8.5
39.5 28.5
40.5 18.5
40.5 39.5
41.5 9.5
41.5 27.5
41.5 39.5
41.5 50.5
41.5 59.5
42.5 10.5
42.5 17.5
42.5 26.5
42.5 38.5
42.5 51.5
42.5 58.5
43.5 11.5
43.5 31.5
43.5 37.5
43.5 52.5
43.5 57.5
44.5 5.5
44.5 12.5
44.5 16.5
44.5 22.5
44.5 25.5
44.5 31.5
44.5 46.5
44.5 53.5
44.5 56.5
44.5 63.5
45.5 21.5
45.5 31.5
45.5 36.5
45.5 47.5
45.5 62.5
46.5 6.5
46.5 20.5
46.5 30.5
46.5 42.5
46.5 47.5
46.5 61.5
47.5 7.5
47.5 30.5
47.5 41.5
47.5 48.5
47.5 60.5
48.5 19.5
48.5 30.5
48.5 48.5
48.5 59.5
49.5 8.5
51.5 19.5
51.5 29.5
52.5 39.5
52.5 49.5
52.5 59.5
53.5 9.5
53.5 20.5
53.5 30.5
53.5 50.5
54.5 10.5
54.5 20.5
54.5 50.5
54.5 58.5
55.5 20.5
55.5 31.5
55.5 40.5
55.5 51.5
55.5 58.5
56.5 11.5
56.5 40.5
56.5 43.5
56.5 57.5
57.5 12.5
57.5 21.5
57.5 26.5
57.5 32.5
57.5 36.5
57.5 40.5
57.5 44.5
57.5 52.5
57.5 57.5
57.5 63.5
58.5 6.5
58.5 16.5
58.5 26.5
58.5 36.5
58.5 45.5
58.5 46.5
58.5 53.5
58.5 62.5
59.5 17.5
59.5 36.5
59.5 47.5
60.5 7.5
60.5 27.5
60.5 36.5
60.5 48.5
60.5 61.5
61.5 8.5
61.5 18.5
61.5 27.5
61.5 49.5
61.5 60.5
