5.5 29.5
5.5 38.5
5.5 58.5
6.5 7.5
6.5 17.5
6.5 30.5
6.5 38.5
6.5 50.5
6.5 58.5
7.5 7.5
7.5 17.5
7.5 30.5
7.5 37.5
7.5 38.5
7.5 50.5
7.5 58.5
8.5 7.5
8.5 17.5
8.5 30.5
8.5 37.5
8.5 50.5
8.5 51.5
8.5 57.5
8.5 58.5
9.5 6.5
9.5 16.5
9.5 17.5
9.5 31.5
9.5 37.5
9.5 51.5
9.5 57.5
10.5 6.5
10.5 16.5
10.5 31.5
10.5 37.5
10.5 51.5
10.5 57.5
11.5 6.5
11.5 16.5
11.5 31.5
11.5 37.5
11.5 52.5
11.5 57.5
11.5 62.5
12.5 11.5
12.5 21.5
12.5 26.5
12.5 32.5
12.5 46.5
12.5 52.5
12.5 57.5
12.5 62.5
13.5 10.5
13.5 21.5
13.5 27.5
13.5 47.5
13.5 61.5
14.5 10.5
14.5 21.5
14.5 27.5
14.5 41.5
14.5 47.5
14.5 61.5
15.5 10.5
15.5 20.5
15.5 21.5
15.5 27.5
15.5 41.5
15.5 47.5
15.5 61.5
16.5 10.5
16.5 20.5
16.5 27.5
16.5 28.5
16.5 41.5
16.5 47.5
16.5 48.5
16.5 61.5
17.5 20.5
17.5 28.5
17.5 41.5
17.5 48.5
17.5 60.5
18.5 9.5
18.5 20.5
18.5 28.5
18.5 40.5
18.5 48.5
18.5 60.5
19.5 40.5
19.5 49.5
19.5 60.5
25.5 8.5
25.5 60.5
26.5 18.5
26.5 30.5
26.5 50.5
27.5 7.5
27.5 18.5
27.5 30.5
27.5 38.5
27.5 50.5
27.5 61.5
28.5 7.5
28.5 18.5
28.5 31.5
28.5 38.5
28.5 50.5
28.5 61.5
29.5 6.5
29.5 7.5
29.5 18.5
29.5 31.5
29.5 38.5
29.5 50.5
29.5 51.5
29.5 62.5
30.5 6.5
30.5 17.5
30.5 18.5
30.5 31.5
30.5 38.5
30.5 51.5
30.5 62.5
31.5 6.5
31.5 17.5
31.5 31.5
31.5 32.5
31.5 37.5
31.5 51.5
31.5 62.5
32.5 17.5
32.5 32.5
32.5 37.5
32.5 51.5
32.5 57.5
33.5 11.5
33.5 17.5
33.5 22.5
33.5 26.5
33.5 32.5
33.5 37.5
33.5 46.5
33.5 51.5
33.5 57.5
34.5 11.5
34.5 26.5
34.5 46.5
34.5 57.5
34.5 58.5
35.5 10.5
35.5 11.5
35.5 21.5
35.5 27.5
35.5 41.5
35.5 46.5
35.5 57.5
35.5 58.5
36.5 10.5
36.5 11.5
36.5 21.5
36.5 27.5
36.5 41.5
36.5 46.5
36.5 47.5
36.5 58.5
37.5 10.5
37.5 21.5
37.5 27.5
37.5 28.5
37.5 41.5
37.5 47.5
37.5 58.5
38.5 10.5
38.5 28.5
38.5 40.5
38.5 47.5
38.5 58.5
39.5 10.5
39.5 20.5
39.5 28.5
39.5 40.5
39.5 47.5
40.5 20.5
40.5 40.5
40.5 47.5
46.5 9.5
46.5 60.5
47.5 10.5
47.5 18.5
47.5 28.5
47.5 60.5
48.5 10.5
48.5 11.5
48.5 18.5
48.5 28.5
48.5 40.5
48.5 49.5
48.5 60.5
48.5 61.5
49.5 11.5
49.5 17.5
49.5 28.5
49.5 40.5
49.5 49.5
49.5 60.5
49.5 61.5
50.5 11.5
50.5 12.5
50.5 17.5
50.5 27.5
50.5 28.5
50.5 40.5
50.5 49.5
50.5 61.5
51.5 12.5
51.5 27.5
51.5 41.5
51.5 50.5
51.5 61.5
52.5 21.5
52.5 27.5
52.5 41.5
52.5 50.5
52.5 61.5
53.5 6.5
53.5 21.5
53.5 27.5
53.5 41.5
53.5 50.5
53.5 55.5
54.5 6.5
54.5 21.5
54.5 32.5
54.5 37.5
54.5 55.5
55.5 6.5
55.5 7.5
55.5 21.5
55.5 32.5
55.5 37.5
55.5 46.5
55.5 56.5
56.5 7.5
56.5 20.5
56.5 21.5
56.5 31.5
56.5 37.5
56.5 46.5
56.5 56.5
57.5 7.5
57.5 20.5
57.5 31.5
57.5 37.5
57.5 46.5
57.5 56.5
57.5 57.5
58.5 7.5
58.5 20.5
58.5 31.5
58.5 38.5
58.5 47.5
58.5 57.5
59.5 20.5
59.5 30.5
59.5 38.5
59.5 47.5
59.5 57.5
60.5 30.5
60.5 38.5
62.5 10.5
62.5 11.5
62.5 12.5
62.5 13.5
62.5 14.5
62.5 15.5
62.5 16.5
62.5 17.5
