2.5 10.5
2.5 11.5
2.5 20.5
2.5 21.5
3.5 8.5
3.5 9.5
3.5 10.5
3.5 21.5
3.5 22.5
3.5 32.5
3.5 33.5
3.5 34.5
3.5 35.5
3.5 45.5
3.5 46.5
3.5 59.5
4.5 7.5
4.5 8.5
4.5 9.5
4.5 22.5
4.5 23.5
4.5 30.5
4.5 31.5
4.5 32.5
4.5 33.5
4.5 46.5
4.5 47.5
4.5 57.5
4.5 58.5
5.5 6.5
5.5 7.5
5.5 8.5
5.5 14.5
5.5 23.5
5.5 24.5
5.5 28.5
5.5 29.5
5.5 30.5
5.5 31.5
5.5 47.5
5.5 48.5
5.5 56.5
5.5 57.5
6.5 5.5
6.5 6.5
6.5 7.5
6.5 13.5
6.5 15.5
6.5 16.5
6.5 17.5
6.5 24.5
6.5 25.5
6.5 27.5
6.5 28.5
6.5 29.5
6.5 38.5
6.5 39.5
6.5 48.5
6.5 49.5
6.5 54.5
6.5 55.5
6.5 56.5
7.5 5.5
7.5 12.5
7.5 13.5
7.5 16.5
7.5 17.5
7.5 18.5
7.5 26.5
7.5 36.5
7.5 37.5
7.5 38.5
7.5 40.5
7.5 41.5
7.5 49.5
7.5 50.5
7.5 53.5
7.5 54.5
7.5 55.5
7.5 62.5
7.5 63.5
8.5 11.5
8.5 12.5
8.5 18.5
8.5 19.5
8.5 20.5
8.5 35.5
8.5 36.5
8.5 41.5
8.5 42.5
8.5 43.5
8.5 51.5
8.5 52.5
8.5 53.5
8.5 60.5
8.5 61.5
9.5 10.5
9.5 11.5
9.5 19.5
9.5 20.5
9.5 21.5
9.5 33.5
9.5 34.5
9.5 35.5
9.5 42.5
9.5 43.5
9.5 44.5
9.5 58.5
9.5 59.5
9.5 60.5
10.5 9.5
10.5 10.5
10.5 21.5
10.5 22.5
10.5 32.5
10.5 33.5
10.5 43.5
10.5 44.5
10.5 45.5
10.5 56.5
10.5 57.5
10.5 58.5
11.5 9.5
11.5 31.5
11.5 32.5
11.5 45.5
11.5 46.5
11.5 55.5
12.5 22.5
13.5 9.5
13.5 10.5
13.5 21.5
13.5 33.5
13.5 34.5
13.5 58.5
13.5 59.5
14.5 8.5
14.5 9.5
14.5 19.5
14.5 20.5
14.5 21.5
14.5 32.5
14.5 33.5
14.5 46.5
14.5 47.5
14.5 57.5
14.5 58.5
15.5 7.5
15.5 8.5
15.5 18.5
15.5 19.5
15.5 20.5
15.5 31.5
15.5 32.5
15.5 44.5
15.5 45.5
15.5 46.5
15.5 55.5
15.5 56.5
15.5 57.5
15.5 63.5
16.5 7.5
16.5 14.5
16.5 18.5
16.5 19.5
16.5 26.5
16.5 27.5
16.5 30.5
16.5 31.5
16.5 42.5
16.5 43.5
16.5 44.5
16.5 54.5
16.5 55.5
16.5 56.5
16.5 62.5
16.5 63.5
17.5 6.5
17.5 13.5
17.5 14.5
17.5 17.5
17.5 18.5
17.5 25.5
17.5 26.5
17.5 29.5
17.5 30.5
17.5 41.5
17.5 42.5
17.5 43.5
17.5 51.5
17.5 53.5
17.5 54.5
17.5 61.5
17.5 62.5
18.5 5.5
18.5 12.5
18.5 13.5
18.5 16.5
18.5 17.5
18.5 24.5
18.5 25.5
18.5 28.5
18.5 29.5
18.5 37.5
18.5 38.5
18.5 39.5
18.5 40.5
18.5 41.5
18.5 49.5
18.5 50.5
18.5 51.5
18.5 53.5
18.5 60.5
18.5 61.5
18.5 68.5
19.5 11.5
19.5 12.5
19.5 23.5
19.5 24.5
19.5 35.5
19.5 36.5
19.5 37.5
19.5 38.5
19.5 48.5
19.5 49.5
19.5 50.5
19.5 60.5
19.5 61.5
20.5 10.5
20.5 11.5
20.5 22.5
20.5 23.5
20.5 33.5
20.5 34.5
20.5 35.5
20.5 36.5
20.5 47.5
20.5 48.5
20.5 59.5
20.5 60.5
21.5 9.5
21.5 10.5
21.5 21.5
21.5 22.5
21.5 32.5
21.5 33.5
21.5 34.5
21.5 46.5
21.5 47.5
21.5 58.5
21.5 59.5
22.5 9.5
22.5 21.5
22.5 58.5
23.5 46.5
23.5 57.5
24.5 9.5
24.5 10.5
24.5 21.5
24.5 22.5
24.5 33.5
24.5 34.5
24.5 47.5
24.5 58.5
24.5 59.5
25.5 10.5
25.5 11.5
25.5 22.5
25.5 23.5
25.5 34.5
25.5 35.5
25.5 36.5
25.5 47.5
25.5 48.5
25.5 59.5
25.5 60.5
26.5 5.5
26.5 11.5
26.5 12.5
26.5 23.5
26.5 24.5
26.5 25.5
26.5 36.5
26.5 37.5
26.5 38.5
26.5 48.5
26.5 49.5
26.5 60.5
26.5 61.5
27.5 5.5
27.5 6.5
27.5 12.5
27.5 13.5
27.5 24.5
27.5 25.5
27.5 26.5
27.5 29.5
27.5 37.5
27.5 38.5
27.5 39.5
27.5 41.5
27.5 49.5
27.5 50.5
27.5 54.5
27.5 62.5
27.5 68.5
28.5 6.5
28.5 7.5
28.5 13.5
28.5 14.5
28.5 16.5
28.5 17.5
28.5 25.5
28.5 26.5
28.5 27.5
28.5 30.5
28.5 31.5
28.5 39.5
28.5 40.5
28.5 42.5
28.5 43.5
28.5 50.5
28.5 51.5
28.5 54.5
28.5 55.5
28.5 56.5
28.5 63.5
29.5 6.5
29.5 7.5
29.5 17.5
29.5 18.5
29.5 19.5
29.5 27.5
29.5 30.5
29.5 31.5
29.5 32.5
29.5 43.5
29.5 44.5
29.5 51.5
29.5 55.5
29.5 56.5
29.5 57.5
30.5 7.5
30.5 8.5
30.5 18.5
30.5 19.5
30.5 20.5
30.5 32.5
30.5 33.5
30.5 44.5
30.5 45.5
30.5 52.5
30.5 56.5
30.5 57.5
30.5 58.5
31.5 8.5
31.5 9.5
31.5 20.5
31.5 21.5
31.5 22.5
31.5 33.5
31.5 34.5
31.5 45.5
31.5 46.5
31.5 57.5
31.5 58.5
31.5 59.5
32.5 8.5
32.5 9.5
32.5 22.5
32.5 23.5
32.5 34.5
32.5 35.5
32.5 46.5
32.5 47.5
32.5 58.5
32.5 59.5
33.5 9.5
33.5 48.5
34.5 7.5
34.5 23.5
34.5 34.5
34.5 35.5
34.5 59.5
35.5 8.5
35.5 9.5
35.5 19.5
35.5 20.5
35.5 21.5
35.5 22.5
35.5 32.5
35.5 33.5
35.5 46.5
35.5 47.5
35.5 48.5
35.5 57.5
35.5 58.5
36.5 9.5
36.5 10.5
36.5 11.5
36.5 17.5
36.5 18.5
36.5 19.5
36.5 20.5
36.5 31.5
36.5 32.5
36.5 41.5
36.5 42.5
36.5 43.5
36.5 44.5
36.5 45.5
36.5 46.5
36.5 56.5
37.5 11.5
37.5 12.5
37.5 13.5
37.5 15.5
37.5 16.5
37.5 17.5
37.5 18.5
37.5 27.5
37.5 29.5
37.5 30.5
37.5 37.5
37.5 38.5
37.5 39.5
37.5 40.5
37.5 41.5
37.5 42.5
37.5 54.5
37.5 55.5
37.5 63.5
37.5 64.5
38.5 13.5
38.5 14.5
38.5 24.5
38.5 25.5
38.5 26.5
38.5 28.5
38.5 35.5
38.5 36.5
38.5 37.5
38.5 50.5
38.5 51.5
38.5 53.5
38.5 61.5
38.5 62.5
38.5 63.5
38.5 64.5
39.5 5.5
39.5 6.5
39.5 7.5
39.5 22.5
39.5 23.5
39.5 24.5
39.5 34.5
39.5 35.5
39.5 47.5
39.5 48.5
39.5 49.5
39.5 50.5
39.5 60.5
39.5 61.5
39.5 62.5
40.5 6.5
40.5 7.5
40.5 8.5
40.5 9.5
40.5 20.5
40.5 21.5
40.5 22.5
40.5 32.5
40.5 33.5
40.5 45.5
40.5 46.5
40.5 47.5
40.5 58.5
40.5 59.5
40.5 60.5
40.5 61.5
41.5 8.5
41.5 9.5
41.5 10.5
41.5 19.5
41.5 57.5
41.5 58.5
41.5 59.5
42.5 33.5
42.5 47.5
42.5 56.5
42.5 57.5
43.5 20.5
43.5 21.5
43.5 33.5
43.5 34.5
43.5 46.5
44.5 8.5
44.5 9.5
44.5 20.5
44.5 21.5
44.5 22.5
44.5 34.5
44.5 35.5
44.5 45.5
44.5 46.5
44.5 56.5
44.5 57.5
45.5 9.5
45.5 10.5
45.5 21.5
45.5 22.5
45.5 23.5
45.5 35.5
45.5 36.5
45.5 44.5
45.5 45.5
45.5 58.5
45.5 59.5
46.5 9.5
46.5 10.5
46.5 11.5
46.5 22.5
46.5 23.5
46.5 24.5
46.5 36.5
46.5 37.5
46.5 43.5
46.5 44.5
46.5 45.5
46.5 51.5
46.5 59.5
46.5 60.5
46.5 61.5
47.5 10.5
47.5 11.5
47.5 15.5
47.5 24.5
47.5 25.5
47.5 28.5
47.5 29.5
47.5 37.5
47.5 38.5
47.5 43.5
47.5 44.5
47.5 50.5
47.5 52.5
47.5 53.5
47.5 61.5
47.5 62.5
48.5 5.5
48.5 11.5
48.5 12.5
48.5 15.5
48.5 16.5
48.5 17.5
48.5 25.5
48.5 26.5
48.5 29.5
48.5 30.5
48.5 38.5
48.5 39.5
48.5 42.5
48.5 43.5
48.5 49.5
48.5 50.5
48.5 53.5
48.5 54.5
48.5 55.5
48.5 63.5
48.5 64.5
49.5 5.5
49.5 6.5
49.5 12.5
49.5 13.5
49.5 16.5
49.5 17.5
49.5 18.5
49.5 26.5
49.5 27.5
49.5 30.5
49.5 31.5
49.5 39.5
49.5 40.5
49.5 42.5
49.5 48.5
49.5 49.5
49.5 54.5
49.5 55.5
49.5 56.5
50.5 6.5
50.5 7.5
50.5 17.5
50.5 18.5
50.5 19.5
50.5 31.5
50.5 32.5
50.5 33.5
50.5 41.5
50.5 47.5
50.5 48.5
50.5 56.5
50.5 57.5
50.5 58.5
51.5 7.5
51.5 8.5
51.5 19.5
51.5 20.5
51.5 32.5
51.5 33.5
51.5 34.5
51.5 47.5
51.5 57.5
51.5 58.5
51.5 59.5
52.5 8.5
52.5 9.5
52.5 20.5
52.5 21.5
52.5 33.5
52.5 34.5
52.5 35.5
52.5 46.5
52.5 59.5
52.5 60.5
53.5 21.5
53.5 22.5
53.5 35.5
53.5 45.5
54.5 9.5
54.5 59.5
55.5 8.5
55.5 21.5
55.5 22.5
55.5 45.5
55.5 46.5
55.5 57.5
55.5 58.5
55.5 59.5
56.5 6.5
56.5 7.5
56.5 8.5
56.5 17.5
56.5 18.5
56.5 19.5
56.5 20.5
56.5 32.5
56.5 33.5
56.5 34.5
56.5 35.5
56.5 36.5
56.5 46.5
56.5 47.5
56.5 48.5
56.5 56.5
56.5 57.5
56.5 64.5
57.5 5.5
57.5 6.5
57.5 7.5
57.5 14.5
57.5 15.5
57.5 16.5
57.5 17.5
57.5 29.5
57.5 30.5
57.5 31.5
57.5 32.5
57.5 33.5
57.5 48.5
57.5 49.5
57.5 55.5
57.5 56.5
57.5 63.5
58.5 5.5
58.5 6.5
58.5 12.5
58.5 13.5
58.5 24.5
58.5 25.5
58.5 26.5
58.5 27.5
58.5 28.5
58.5 29.5
58.5 40.5
58.5 49.5
58.5 50.5
58.5 54.5
58.5 55.5
58.5 62.5
58.5 63.5
59.5 5.5
59.5 11.5
59.5 21.5
59.5 22.5
59.5 23.5
59.5 24.5
59.5 25.5
59.5 37.5
59.5 38.5
59.5 39.5
59.5 41.5
59.5 42.5
59.5 50.5
59.5 51.5
59.5 53.5
59.5 54.5
59.5 61.5
59.5 62.5
60.5 9.5
60.5 10.5
60.5 19.5
60.5 20.5
60.5 35.5
60.5 36.5
60.5 37.5
60.5 38.5
60.5 42.5
60.5 43.5
60.5 44.5
60.5 52.5
60.5 59.5
60.5 60.5
61.5 8.5
61.5 34.5
61.5 35.5
61.5 36.5
61.5 44.5
61.5 45.5
61.5 46.5
61.5 59.5
62.5 33.5
62.5 46.5
62.5 47.5
62.5 48.5
62.5 58.5
63.5 49.5
