2.5 39.5
2.5 61.5
3.5 11.5
3.5 29.5
3.5 38.5
3.5 46.5
4.5 9.5
4.5 10.5
4.5 19.5
4.5 28.5
4.5 37.5
4.5 48.5
4.5 49.5
4.5 50.5
4.5 51.5
4.5 58.5
5.5 7.5
5.5 8.5
5.5 20.5
5.5 27.5
5.5 32.5
5.5 36.5
5.5 52.5
5.5 53.5
5.5 54.5
5.5 57.5
6.5 6.5
6.5 22.5
6.5 26.5
6.5 35.5
6.5 43.5
6.5 55.5
7.5 5.5
7.5 15.5
7.5 23.5
7.5 25.5
7.5 31.5
7.5 34.5
7.5 42.5
7.5 45.5
7.5 54.5
7.5 64.5
7.5 68.5
8.5 13.5
8.5 14.5
8.5 16.5
8.5 17.5
8.5 30.5
8.5 33.5
8.5 41.5
8.5 46.5
8.5 60.5
8.5 61.5
8.5 62.5
9.5 12.5
9.5 18.5
9.5 40.5
9.5 47.5
9.5 57.5
9.5 58.5
9.5 59.5
10.5 10.5
10.5 11.5
10.5 19.5
10.5 20.5
10.5 29.5
10.5 39.5
10.5 48.5
11.5 8.5
11.5 9.5
11.5 21.5
11.5 38.5
11.5 49.5
11.5 50.5
11.5 60.5
12.5 7.5
12.5 29.5
12.5 49.5
12.5 50.5
12.5 59.5
13.5 23.5
13.5 30.5
13.5 40.5
13.5 59.5
14.5 10.5
14.5 22.5
14.5 30.5
14.5 38.5
14.5 39.5
14.5 48.5
14.5 52.5
14.5 58.5
14.5 59.5
15.5 8.5
15.5 9.5
15.5 20.5
15.5 21.5
15.5 31.5
15.5 37.5
15.5 47.5
15.5 52.5
15.5 58.5
16.5 7.5
16.5 15.5
16.5 19.5
16.5 25.5
16.5 32.5
16.5 36.5
16.5 52.5
16.5 57.5
16.5 58.5
17.5 5.5
17.5 6.5
17.5 14.5
17.5 18.5
17.5 26.5
17.5 34.5
17.5 45.5
17.5 46.5
17.5 51.5
17.5 57.5
17.5 64.5
18.5 16.5
18.5 27.5
18.5 33.5
18.5 42.5
18.5 43.5
18.5 51.5
18.5 56.5
18.5 63.5
19.5 11.5
19.5 16.5
19.5 28.5
19.5 40.5
19.5 41.5
19.5 51.5
19.5 56.5
19.5 62.5
20.5 10.5
20.5 17.5
20.5 29.5
20.5 38.5
20.5 39.5
20.5 44.5
20.5 51.5
21.5 9.5
21.5 17.5
21.5 29.5
21.5 36.5
21.5 50.5
21.5 55.5
21.5 61.5
22.5 8.5
22.5 18.5
22.5 28.5
22.5 50.5
22.5 60.5
23.5 17.5
23.5 28.5
23.5 40.5
23.5 50.5
23.5 52.5
23.5 59.5
24.5 9.5
24.5 18.5
24.5 27.5
24.5 39.5
24.5 51.5
24.5 58.5
24.5 60.5
25.5 8.5
25.5 19.5
25.5 26.5
25.5 33.5
25.5 37.5
25.5 38.5
25.5 50.5
25.5 60.5
26.5 6.5
26.5 7.5
26.5 12.5
26.5 19.5
26.5 25.5
26.5 32.5
26.5 36.5
26.5 49.5
26.5 61.5
27.5 5.5
27.5 12.5
27.5 13.5
27.5 20.5
27.5 24.5
27.5 31.5
27.5 35.5
27.5 43.5
27.5 47.5
27.5 48.5
27.5 55.5
27.5 61.5
28.5 11.5
28.5 21.5
28.5 23.5
28.5 30.5
28.5 42.5
28.5 46.5
28.5 54.5
28.5 56.5
28.5 62.5
29.5 10.5
29.5 16.5
29.5 22.5
29.5 29.5
29.5 41.5
29.5 45.5
29.5 53.5
29.5 57.5
29.5 62.5
30.5 8.5
30.5 17.5
30.5 22.5
30.5 28.5
30.5 40.5
30.5 44.5
30.5 51.5
31.5 7.5
31.5 18.5
31.5 19.5
31.5 27.5
31.5 39.5
31.5 50.5
31.5 63.5
32.5 9.5
32.5 25.5
32.5 26.5
32.5 38.5
32.5 48.5
32.5 59.5
33.5 8.5
33.5 18.5
33.5 27.5
33.5 41.5
33.5 60.5
34.5 7.5
34.5 17.5
34.5 28.5
34.5 39.5
34.5 40.5
34.5 48.5
34.5 61.5
35.5 17.5
35.5 23.5
35.5 29.5
35.5 30.5
35.5 38.5
35.5 49.5
35.5 50.5
36.5 6.5
36.5 12.5
36.5 16.5
36.5 22.5
36.5 23.5
36.5 31.5
36.5 37.5
36.5 44.5
36.5 51.5
36.5 52.5
36.5 54.5
37.5 5.5
37.5 11.5
37.5 22.5
37.5 24.5
37.5 33.5
37.5 36.5
37.5 43.5
37.5 45.5
37.5 53.5
37.5 55.5
38.5 11.5
38.5 15.5
38.5 21.5
38.5 25.5
38.5 34.5
38.5 46.5
38.5 55.5
38.5 56.5
38.5 57.5
38.5 62.5
39.5 10.5
39.5 14.5
39.5 20.5
39.5 26.5
39.5 27.5
39.5 40.5
39.5 47.5
39.5 57.5
39.5 58.5
39.5 63.5
40.5 9.5
40.5 20.5
40.5 28.5
40.5 39.5
40.5 48.5
40.5 59.5
41.5 19.5
41.5 29.5
41.5 38.5
41.5 46.5
41.5 49.5
41.5 60.5
42.5 7.5
42.5 8.5
42.5 18.5
42.5 27.5
42.5 30.5
42.5 37.5
42.5 38.5
42.5 47.5
42.5 59.5
43.5 7.5
43.5 8.5
43.5 17.5
43.5 18.5
43.5 28.5
43.5 39.5
43.5 48.5
43.5 58.5
44.5 9.5
44.5 17.5
44.5 18.5
44.5 29.5
44.5 39.5
44.5 49.5
44.5 57.5
45.5 10.5
45.5 19.5
45.5 29.5
45.5 30.5
45.5 34.5
45.5 40.5
45.5 42.5
45.5 50.5
45.5 57.5
45.5 63.5
46.5 5.5
46.5 10.5
46.5 20.5
46.5 22.5
46.5 30.5
46.5 31.5
46.5 35.5
46.5 40.5
46.5 43.5
46.5 51.5
46.5 56.5
47.5 5.5
47.5 11.5
47.5 14.5
47.5 21.5
47.5 23.5
47.5 31.5
47.5 35.5
47.5 41.5
47.5 44.5
47.5 52.5
47.5 55.5
47.5 62.5
48.5 6.5
48.5 12.5
48.5 15.5
48.5 22.5
48.5 24.5
48.5 32.5
48.5 36.5
48.5 41.5
48.5 45.5
48.5 46.5
48.5 53.5
48.5 61.5
49.5 7.5
49.5 13.5
49.5 16.5
49.5 23.5
49.5 26.5
49.5 33.5
49.5 46.5
49.5 47.5
49.5 54.5
49.5 61.5
50.5 7.5
50.5 17.5
50.5 27.5
50.5 34.5
50.5 37.5
50.5 42.5
50.5 47.5
50.5 48.5
50.5 60.5
51.5 8.5
51.5 18.5
51.5 28.5
51.5 38.5
51.5 49.5
51.5 59.5
52.5 19.5
52.5 38.5
52.5 50.5
52.5 59.5
53.5 9.5
53.5 39.5
53.5 40.5
53.5 46.5
53.5 51.5
53.5 58.5
54.5 8.5
54.5 28.5
54.5 39.5
54.5 47.5
55.5 7.5
55.5 18.5
55.5 27.5
55.5 38.5
55.5 48.5
55.5 49.5
55.5 59.5
56.5 5.5
56.5 14.5
56.5 19.5
56.5 25.5
56.5 26.5
56.5 37.5
56.5 50.5
56.5 58.5
57.5 12.5
57.5 14.5
57.5 20.5
57.5 24.5
57.5 33.5
57.5 36.5
57.5 43.5
57.5 51.5
57.5 57.5
57.5 64.5
57.5 68.5
58.5 10.5
58.5 11.5
58.5 15.5
58.5 21.5
58.5 23.5
58.5 32.5
58.5 35.5
58.5 42.5
58.5 44.5
58.5 52.5
58.5 53.5
58.5 56.5
58.5 63.5
59.5 9.5
59.5 16.5
59.5 22.5
59.5 30.5
59.5 31.5
59.5 41.5
59.5 45.5
59.5 54.5
59.5 55.5
59.5 62.5
60.5 7.5
60.5 8.5
60.5 29.5
60.5 40.5
60.5 46.5
60.5 54.5
60.5 61.5
61.5 6.5
61.5 27.5
61.5 28.5
61.5 39.5
61.5 47.5
61.5 48.5
61.5 60.5
62.5 18.5
62.5 26.5
62.5 38.5
62.5 49.5
62.5 59.5
63.5 19.5
63.5 50.5
