3.5 13.5
3.5 14.5
4.5 10.5
4.5 11.5
4.5 12.5
4.5 13.5
5.5 7.5
5.5 8.5
5.5 9.5
5.5 10.5
5.5 11.5
5.5 12.5
5.5 28.5
5.5 29.5
5.5 30.5
5.5 31.5
5.5 32.5
5.5 33.5
5.5 34.5
5.5 53.5
5.5 54.5
5.5 55.5
5.5 56.5
5.5 57.5
5.5 58.5
6.5 6.5
6.5 7.5
6.5 8.5
6.5 9.5
6.5 10.5
6.5 26.5
6.5 27.5
6.5 28.5
6.5 29.5
6.5 30.5
6.5 31.5
6.5 32.5
6.5 33.5
6.5 34.5
6.5 54.5
6.5 55.5
6.5 56.5
6.5 57.5
6.5 58.5
6.5 59.5
6.5 60.5
6.5 61.5
7.5 17.5
7.5 18.5
7.5 19.5
7.5 20.5
7.5 21.5
7.5 28.5
7.5 29.5
7.5 57.5
7.5 58.5
7.5 59.5
7.5 60.5
7.5 61.5
8.5 14.5
8.5 15.5
8.5 16.5
8.5 17.5
8.5 18.5
8.5 19.5
8.5 20.5
8.5 38.5
8.5 39.5
8.5 40.5
8.5 41.5
8.5 46.5
8.5 47.5
8.5 48.5
8.5 49.5
9.5 13.5
9.5 14.5
9.5 15.5
9.5 16.5
9.5 17.5
9.5 34.5
9.5 35.5
9.5 36.5
9.5 37.5
9.5 38.5
9.5 39.5
9.5 48.5
9.5 49.5
9.5 50.5
9.5 51.5
9.5 52.5
9.5 53.5
10.5 12.5
10.5 13.5
10.5 14.5
10.5 33.5
10.5 34.5
10.5 52.5
10.5 53.5
10.5 54.5
10.5 55.5
13.5 33.5
13.5 34.5
14.5 11.5
14.5 12.5
14.5 13.5
14.5 14.5
14.5 15.5
14.5 31.5
14.5 32.5
14.5 33.5
14.5 34.5
14.5 50.5
14.5 51.5
14.5 52.5
14.5 53.5
14.5 54.5
14.5 55.5
15.5 8.5
15.5 9.5
15.5 10.5
15.5 11.5
15.5 12.5
15.5 13.5
15.5 29.5
15.5 30.5
15.5 31.5
15.5 32.5
15.5 33.5
15.5 47.5
15.5 48.5
15.5 49.5
15.5 50.5
15.5 51.5
15.5 52.5
15.5 53.5
15.5 54.5
16.5 6.5
16.5 7.5
16.5 8.5
16.5 9.5
16.5 10.5
16.5 11.5
16.5 27.5
16.5 28.5
16.5 29.5
16.5 30.5
16.5 31.5
16.5 46.5
16.5 47.5
16.5 48.5
16.5 49.5
16.5 50.5
16.5 51.5
16.5 52.5
17.5 6.5
17.5 7.5
17.5 8.5
17.5 26.5
17.5 27.5
17.5 28.5
17.5 29.5
17.5 39.5
17.5 40.5
17.5 41.5
17.5 42.5
17.5 60.5
17.5 61.5
17.5 62.5
17.5 63.5
18.5 17.5
18.5 18.5
18.5 19.5
18.5 20.5
18.5 21.5
18.5 37.5
18.5 38.5
18.5 39.5
18.5 40.5
18.5 41.5
18.5 57.5
18.5 58.5
18.5 59.5
18.5 60.5
18.5 61.5
19.5 15.5
19.5 16.5
19.5 17.5
19.5 18.5
19.5 19.5
19.5 20.5
19.5 35.5
19.5 36.5
19.5 37.5
19.5 38.5
19.5 39.5
19.5 40.5
19.5 55.5
19.5 56.5
19.5 57.5
19.5 58.5
19.5 59.5
20.5 13.5
20.5 14.5
20.5 15.5
20.5 16.5
20.5 17.5
20.5 18.5
20.5 33.5
20.5 34.5
20.5 35.5
20.5 36.5
20.5 37.5
20.5 38.5
21.5 13.5
21.5 14.5
21.5 15.5
21.5 16.5
21.5 33.5
21.5 34.5
21.5 35.5
24.5 54.5
24.5 55.5
24.5 56.5
24.5 57.5
24.5 58.5
24.5 59.5
25.5 13.5
25.5 14.5
25.5 15.5
25.5 16.5
25.5 33.5
25.5 34.5
25.5 35.5
25.5 36.5
25.5 55.5
25.5 56.5
25.5 57.5
25.5 58.5
25.5 59.5
25.5 60.5
25.5 61.5
26.5 14.5
26.5 15.5
26.5 16.5
26.5 17.5
26.5 18.5
26.5 33.5
26.5 34.5
26.5 35.5
26.5 36.5
26.5 37.5
26.5 38.5
26.5 39.5
26.5 40.5
26.5 57.5
26.5 58.5
26.5 59.5
26.5 60.5
26.5 61.5
26.5 62.5
26.5 63.5
27.5 17.5
27.5 18.5
27.5 19.5
27.5 20.5
27.5 35.5
27.5 36.5
27.5 37.5
27.5 38.5
27.5 39.5
27.5 40.5
27.5 41.5
27.5 42.5
27.5 60.5
27.5 61.5
27.5 62.5
27.5 63.5
28.5 6.5
28.5 7.5
28.5 8.5
28.5 9.5
28.5 10.5
28.5 47.5
28.5 48.5
28.5 49.5
28.5 50.5
29.5 7.5
29.5 8.5
29.5 9.5
29.5 10.5
29.5 11.5
29.5 12.5
29.5 13.5
29.5 26.5
29.5 27.5
29.5 28.5
29.5 29.5
29.5 30.5
29.5 48.5
29.5 49.5
29.5 50.5
29.5 51.5
29.5 52.5
29.5 53.5
30.5 10.5
30.5 11.5
30.5 12.5
30.5 13.5
30.5 14.5
30.5 28.5
30.5 29.5
30.5 30.5
30.5 31.5
30.5 32.5
30.5 33.5
30.5 50.5
30.5 51.5
30.5 52.5
30.5 53.5
30.5 54.5
30.5 55.5
31.5 32.5
31.5 33.5
31.5 34.5
31.5 53.5
31.5 54.5
31.5 55.5
31.5 56.5
34.5 12.5
34.5 13.5
34.5 14.5
34.5 15.5
34.5 33.5
35.5 13.5
35.5 14.5
35.5 15.5
35.5 16.5
35.5 17.5
35.5 18.5
35.5 28.5
35.5 29.5
35.5 30.5
35.5 31.5
35.5 32.5
35.5 33.5
35.5 34.5
35.5 53.5
35.5 54.5
35.5 55.5
35.5 56.5
35.5 57.5
36.5 15.5
36.5 16.5
36.5 17.5
36.5 18.5
36.5 19.5
36.5 20.5
36.5 26.5
36.5 27.5
36.5 28.5
36.5 29.5
36.5 30.5
36.5 31.5
36.5 54.5
36.5 55.5
36.5 56.5
36.5 57.5
36.5 58.5
36.5 59.5
36.5 60.5
37.5 57.5
37.5 58.5
37.5 59.5
37.5 60.5
37.5 61.5
37.5 62.5
38.5 5.5
38.5 6.5
38.5 7.5
38.5 8.5
38.5 9.5
38.5 10.5
38.5 39.5
38.5 40.5
38.5 47.5
38.5 48.5
39.5 6.5
39.5 7.5
39.5 8.5
39.5 9.5
39.5 10.5
39.5 11.5
39.5 12.5
39.5 13.5
39.5 34.5
39.5 35.5
39.5 36.5
39.5 37.5
39.5 38.5
39.5 39.5
39.5 40.5
39.5 41.5
39.5 46.5
39.5 47.5
39.5 48.5
39.5 49.5
39.5 50.5
39.5 51.5
39.5 52.5
40.5 9.5
40.5 10.5
40.5 11.5
40.5 12.5
40.5 13.5
40.5 14.5
40.5 32.5
40.5 33.5
40.5 34.5
40.5 35.5
40.5 36.5
40.5 37.5
40.5 38.5
40.5 39.5
40.5 40.5
40.5 48.5
40.5 49.5
40.5 50.5
40.5 51.5
40.5 52.5
40.5 53.5
40.5 54.5
41.5 51.5
41.5 52.5
41.5 53.5
41.5 54.5
44.5 11.5
44.5 12.5
44.5 13.5
44.5 14.5
45.5 8.5
45.5 9.5
45.5 10.5
45.5 11.5
45.5 12.5
45.5 29.5
45.5 30.5
45.5 31.5
45.5 32.5
45.5 33.5
45.5 34.5
45.5 35.5
45.5 53.5
45.5 54.5
45.5 55.5
45.5 56.5
45.5 57.5
46.5 6.5
46.5 7.5
46.5 8.5
46.5 9.5
46.5 10.5
46.5 26.5
46.5 27.5
46.5 28.5
46.5 29.5
46.5 30.5
46.5 31.5
46.5 32.5
46.5 33.5
46.5 34.5
46.5 53.5
46.5 54.5
46.5 55.5
46.5 56.5
46.5 57.5
46.5 58.5
46.5 59.5
46.5 60.5
47.5 5.5
47.5 6.5
47.5 17.5
47.5 18.5
47.5 19.5
47.5 20.5
47.5 21.5
47.5 26.5
47.5 27.5
47.5 28.5
47.5 29.5
47.5 30.5
47.5 31.5
47.5 56.5
47.5 57.5
47.5 58.5
47.5 59.5
47.5 60.5
48.5 14.5
48.5 15.5
48.5 16.5
48.5 17.5
48.5 18.5
48.5 19.5
48.5 20.5
49.5 13.5
49.5 14.5
49.5 15.5
49.5 16.5
49.5 17.5
49.5 18.5
49.5 38.5
49.5 39.5
49.5 40.5
49.5 41.5
49.5 42.5
49.5 46.5
49.5 47.5
49.5 48.5
49.5 49.5
49.5 50.5
50.5 13.5
50.5 14.5
50.5 34.5
50.5 35.5
50.5 36.5
50.5 37.5
50.5 38.5
50.5 39.5
50.5 40.5
50.5 41.5
50.5 47.5
50.5 48.5
50.5 49.5
50.5 50.5
50.5 51.5
50.5 52.5
50.5 53.5
51.5 33.5
51.5 34.5
51.5 35.5
51.5 36.5
51.5 37.5
51.5 38.5
51.5 50.5
51.5 51.5
51.5 52.5
51.5 53.5
51.5 54.5
54.5 12.5
54.5 13.5
54.5 14.5
54.5 15.5
55.5 9.5
55.5 10.5
55.5 11.5
55.5 12.5
55.5 13.5
55.5 14.5
55.5 33.5
55.5 34.5
55.5 35.5
55.5 36.5
55.5 37.5
55.5 50.5
55.5 51.5
55.5 52.5
55.5 53.5
56.5 7.5
56.5 8.5
56.5 9.5
56.5 10.5
56.5 11.5
56.5 12.5
56.5 13.5
56.5 36.5
56.5 37.5
56.5 38.5
56.5 39.5
56.5 47.5
56.5 48.5
56.5 49.5
56.5 50.5
57.5 6.5
57.5 7.5
57.5 8.5
57.5 9.5
57.5 10.5
57.5 11.5
57.5 26.5
57.5 27.5
57.5 28.5
57.5 39.5
57.5 40.5
57.5 41.5
57.5 45.5
57.5 46.5
57.5 47.5
58.5 18.5
58.5 19.5
58.5 20.5
58.5 21.5
58.5 26.5
58.5 27.5
58.5 28.5
58.5 29.5
58.5 30.5
58.5 31.5
58.5 32.5
58.5 55.5
58.5 56.5
58.5 57.5
58.5 58.5
58.5 59.5
58.5 60.5
58.5 61.5
59.5 16.5
59.5 17.5
59.5 18.5
59.5 19.5
59.5 29.5
59.5 30.5
59.5 31.5
59.5 32.5
59.5 33.5
59.5 34.5
59.5 52.5
59.5 53.5
59.5 54.5
59.5 55.5
59.5 56.5
59.5 57.5
59.5 58.5
59.5 59.5
59.5 60.5
60.5 14.5
60.5 15.5
60.5 16.5
60.5 17.5
60.5 52.5
60.5 53.5
60.5 54.5
60.5 55.5
60.5 56.5
60.5 57.5
61.5 13.5
61.5 14.5
61.5 15.5
