3.5 24.5
3.5 25.5
4.5 10.5
4.5 11.5
4.5 12.5
4.5 22.5
4.5 23.5
4.5 24.5
4.5 25.5
4.5 39.5
4.5 40.5
4.5 41.5
4.5 54.5
4.5 55.5
5.5 10.5
5.5 11.5
5.5 12.5
5.5 13.5
5.5 21.5
5.5 22.5
5.5 23.5
5.5 24.5
5.5 25.5
5.5 38.5
5.5 39.5
5.5 40.5
5.5 53.5
5.5 54.5
5.5 55.5
6.5 11.5
6.5 12.5
6.5 13.5
6.5 14.5
6.5 21.5
6.5 22.5
6.5 23.5
6.5 24.5
6.5 37.5
6.5 38.5
6.5 39.5
6.5 40.5
6.5 52.5
6.5 53.5
6.5 54.5
7.5 12.5
7.5 13.5
7.5 14.5
7.5 21.5
7.5 22.5
7.5 23.5
7.5 37.5
7.5 38.5
7.5 52.5
7.5 53.5
8.5 13.5
8.5 14.5
8.5 30.5
8.5 31.5
8.5 45.5
8.5 46.5
8.5 59.5
8.5 60.5
9.5 6.5
9.5 29.5
9.5 30.5
9.5 31.5
9.5 43.5
9.5 44.5
9.5 45.5
9.5 46.5
9.5 58.5
9.5 59.5
9.5 60.5
10.5 5.5
10.5 6.5
10.5 7.5
10.5 8.5
10.5 28.5
10.5 29.5
10.5 30.5
10.5 42.5
10.5 43.5
10.5 44.5
10.5 45.5
10.5 57.5
10.5 58.5
10.5 59.5
10.5 60.5
11.5 6.5
11.5 7.5
11.5 8.5
11.5 9.5
11.5 27.5
11.5 28.5
11.5 29.5
11.5 42.5
11.5 43.5
11.5 44.5
11.5 57.5
11.5 58.5
11.5 59.5
12.5 7.5
12.5 8.5
12.5 9.5
12.5 27.5
12.5 28.5
12.5 57.5
13.5 8.5
13.5 9.5
13.5 10.5
17.5 27.5
17.5 28.5
17.5 41.5
17.5 42.5
17.5 43.5
17.5 44.5
17.5 57.5
17.5 58.5
17.5 59.5
18.5 8.5
18.5 9.5
18.5 10.5
18.5 26.5
18.5 27.5
18.5 28.5
18.5 29.5
18.5 30.5
18.5 42.5
18.5 43.5
18.5 44.5
18.5 45.5
18.5 58.5
18.5 59.5
18.5 60.5
18.5 61.5
19.5 7.5
19.5 8.5
19.5 9.5
19.5 10.5
19.5 27.5
19.5 28.5
19.5 29.5
19.5 30.5
19.5 31.5
19.5 43.5
19.5 44.5
19.5 45.5
19.5 60.5
19.5 61.5
19.5 62.5
20.5 6.5
20.5 7.5
20.5 8.5
20.5 9.5
20.5 36.5
20.5 37.5
21.5 15.5
21.5 16.5
21.5 21.5
21.5 22.5
21.5 23.5
21.5 36.5
21.5 37.5
21.5 38.5
21.5 51.5
21.5 52.5
21.5 53.5
21.5 54.5
21.5 55.5
22.5 13.5
22.5 14.5
22.5 15.5
22.5 22.5
22.5 23.5
22.5 24.5
22.5 37.5
22.5 38.5
22.5 39.5
22.5 52.5
22.5 53.5
22.5 54.5
22.5 55.5
22.5 56.5
23.5 12.5
23.5 13.5
23.5 14.5
23.5 24.5
23.5 25.5
23.5 38.5
23.5 39.5
23.5 40.5
23.5 53.5
23.5 54.5
23.5 55.5
23.5 56.5
28.5 12.5
28.5 13.5
28.5 27.5
28.5 28.5
28.5 39.5
28.5 56.5
28.5 57.5
28.5 58.5
29.5 12.5
29.5 13.5
29.5 14.5
29.5 15.5
29.5 27.5
29.5 28.5
29.5 29.5
29.5 37.5
29.5 38.5
29.5 39.5
29.5 56.5
29.5 57.5
29.5 58.5
29.5 59.5
29.5 60.5
30.5 12.5
30.5 13.5
30.5 14.5
30.5 15.5
30.5 28.5
30.5 29.5
30.5 30.5
30.5 36.5
30.5 37.5
30.5 38.5
30.5 39.5
30.5 56.5
30.5 57.5
30.5 58.5
30.5 59.5
30.5 60.5
30.5 61.5
31.5 13.5
31.5 14.5
31.5 15.5
31.5 16.5
31.5 29.5
31.5 30.5
31.5 36.5
31.5 37.5
31.5 38.5
31.5 58.5
31.5 59.5
31.5 60.5
31.5 61.5
32.5 22.5
32.5 23.5
32.5 36.5
33.5 6.5
33.5 7.5
33.5 8.5
33.5 22.5
33.5 23.5
33.5 24.5
33.5 43.5
33.5 44.5
33.5 45.5
33.5 51.5
33.5 52.5
34.5 7.5
34.5 8.5
34.5 9.5
34.5 22.5
34.5 23.5
34.5 24.5
34.5 25.5
34.5 42.5
34.5 43.5
34.5 44.5
34.5 45.5
34.5 51.5
34.5 52.5
34.5 53.5
34.5 54.5
35.5 8.5
35.5 9.5
35.5 10.5
35.5 23.5
35.5 24.5
35.5 25.5
35.5 41.5
35.5 42.5
35.5 43.5
35.5 44.5
35.5 52.5
35.5 53.5
35.5 54.5
35.5 55.5
36.5 9.5
36.5 10.5
36.5 24.5
36.5 25.5
36.5 41.5
36.5 42.5
36.5 43.5
36.5 53.5
36.5 54.5
36.5 55.5
41.5 8.5
41.5 9.5
41.5 10.5
41.5 24.5
41.5 25.5
42.5 7.5
42.5 8.5
42.5 9.5
42.5 10.5
42.5 23.5
42.5 24.5
42.5 25.5
42.5 38.5
42.5 39.5
42.5 40.5
42.5 41.5
42.5 54.5
42.5 55.5
42.5 56.5
43.5 6.5
43.5 7.5
43.5 8.5
43.5 9.5
43.5 22.5
43.5 23.5
43.5 24.5
43.5 25.5
43.5 37.5
43.5 38.5
43.5 39.5
43.5 40.5
43.5 52.5
43.5 53.5
43.5 54.5
43.5 55.5
44.5 6.5
44.5 7.5
44.5 8.5
44.5 21.5
44.5 22.5
44.5 23.5
44.5 24.5
44.5 36.5
44.5 37.5
44.5 38.5
44.5 39.5
44.5 40.5
44.5 52.5
44.5 53.5
44.5 54.5
45.5 36.5
45.5 37.5
45.5 38.5
46.5 13.5
46.5 14.5
46.5 15.5
46.5 28.5
46.5 29.5
46.5 30.5
46.5 45.5
46.5 46.5
46.5 59.5
46.5 60.5
46.5 61.5
47.5 12.5
47.5 13.5
47.5 14.5
47.5 15.5
47.5 27.5
47.5 28.5
47.5 29.5
47.5 30.5
47.5 43.5
47.5 44.5
47.5 45.5
47.5 46.5
47.5 58.5
47.5 59.5
47.5 60.5
47.5 61.5
48.5 11.5
48.5 12.5
48.5 13.5
48.5 14.5
48.5 27.5
48.5 28.5
48.5 29.5
48.5 42.5
48.5 43.5
48.5 44.5
48.5 45.5
48.5 57.5
48.5 58.5
48.5 59.5
48.5 60.5
48.5 61.5
49.5 11.5
49.5 12.5
49.5 27.5
49.5 28.5
49.5 42.5
49.5 43.5
49.5 57.5
49.5 58.5
49.5 59.5
54.5 11.5
54.5 12.5
54.5 13.5
54.5 26.5
54.5 27.5
54.5 42.5
54.5 43.5
54.5 44.5
54.5 45.5
54.5 55.5
54.5 56.5
54.5 57.5
55.5 12.5
55.5 13.5
55.5 14.5
55.5 15.5
55.5 26.5
55.5 27.5
55.5 28.5
55.5 29.5
55.5 43.5
55.5 44.5
55.5 45.5
55.5 46.5
55.5 53.5
55.5 54.5
55.5 55.5
55.5 56.5
55.5 57.5
56.5 13.5
56.5 14.5
56.5 15.5
56.5 27.5
56.5 28.5
56.5 29.5
56.5 30.5
56.5 44.5
56.5 45.5
56.5 46.5
56.5 53.5
56.5 54.5
56.5 55.5
56.5 56.5
57.5 6.5
57.5 7.5
57.5 29.5
57.5 30.5
58.5 6.5
58.5 7.5
58.5 8.5
58.5 9.5
58.5 21.5
58.5 22.5
58.5 23.5
58.5 36.5
58.5 37.5
58.5 38.5
58.5 39.5
59.5 7.5
59.5 8.5
59.5 9.5
59.5 10.5
59.5 22.5
59.5 23.5
59.5 24.5
59.5 36.5
59.5 37.5
59.5 38.5
59.5 39.5
59.5 40.5
59.5 41.5
59.5 59.5
59.5 60.5
59.5 61.5
59.5 62.5
60.5 23.5
60.5 24.5
60.5 25.5
60.5 38.5
60.5 39.5
60.5 40.5
60.5 41.5
60.5 58.5
60.5 59.5
60.5 60.5
60.5 61.5
60.5 62.5
61.5 58.5
61.5 59.5
61.5 60.5
61.5 61.5
