5.5 13.5
5.5 34.5
5.5 35.5
5.5 52.5
5.5 53.5
6.5 10.5
6.5 11.5
6.5 12.5
6.5 35.5
6.5 36.5
6.5 37.5
6.5 50.5
6.5 51.5
6.5 52.5
7.5 8.5
7.5 9.5
7.5 10.5
7.5 36.5
7.5 37.5
7.5 38.5
7.5 49.5
7.5 50.5
7.5 51.5
8.5 6.5
8.5 7.5
8.5 8.5
8.5 38.5
8.5 39.5
8.5 40.5
8.5 48.5
8.5 49.5
8.5 50.5
9.5 40.5
9.5 41.5
9.5 48.5
10.5 60.5
11.5 17.5
11.5 18.5
11.5 26.5
11.5 58.5
11.5 59.5
12.5 15.5
12.5 16.5
12.5 17.5
12.5 26.5
12.5 27.5
12.5 28.5
12.5 29.5
12.5 30.5
12.5 57.5
12.5 58.5
13.5 14.5
13.5 15.5
13.5 16.5
13.5 28.5
13.5 29.5
13.5 30.5
13.5 31.5
13.5 32.5
13.5 56.5
13.5 57.5
14.5 13.5
14.5 14.5
14.5 30.5
14.5 31.5
14.5 32.5
14.5 33.5
14.5 34.5
14.5 55.5
14.5 56.5
21.5 11.5
21.5 34.5
21.5 55.5
21.5 56.5
22.5 9.5
22.5 10.5
22.5 11.5
22.5 30.5
22.5 31.5
22.5 32.5
22.5 33.5
22.5 56.5
22.5 57.5
23.5 7.5
23.5 8.5
23.5 9.5
23.5 10.5
23.5 28.5
23.5 29.5
23.5 30.5
23.5 31.5
23.5 57.5
23.5 58.5
23.5 59.5
24.5 6.5
24.5 7.5
24.5 8.5
24.5 26.5
24.5 27.5
24.5 28.5
24.5 59.5
24.5 60.5
25.5 6.5
25.5 60.5
25.5 61.5
26.5 39.5
26.5 40.5
26.5 48.5
26.5 49.5
27.5 17.5
27.5 18.5
27.5 19.5
27.5 37.5
27.5 38.5
27.5 39.5
27.5 49.5
27.5 50.5
27.5 51.5
28.5 15.5
28.5 16.5
28.5 17.5
28.5 35.5
28.5 36.5
28.5 37.5
28.5 50.5
28.5 51.5
28.5 52.5
29.5 13.5
29.5 14.5
29.5 15.5
29.5 34.5
29.5 35.5
29.5 52.5
29.5 53.5
29.5 54.5
30.5 54.5
35.5 33.5
35.5 34.5
36.5 14.5
36.5 15.5
36.5 16.5
36.5 30.5
36.5 31.5
36.5 32.5
36.5 33.5
37.5 15.5
37.5 16.5
37.5 17.5
37.5 18.5
37.5 19.5
37.5 29.5
37.5 30.5
37.5 31.5
37.5 52.5
37.5 53.5
38.5 18.5
38.5 19.5
38.5 20.5
38.5 21.5
38.5 28.5
38.5 29.5
38.5 50.5
38.5 51.5
38.5 52.5
39.5 48.5
39.5 49.5
39.5 50.5
39.5 51.5
40.5 47.5
40.5 48.5
40.5 49.5
41.5 6.5
41.5 39.5
41.5 40.5
42.5 6.5
42.5 7.5
42.5 8.5
42.5 9.5
42.5 10.5
42.5 36.5
42.5 37.5
42.5 38.5
42.5 39.5
42.5 60.5
42.5 61.5
43.5 9.5
43.5 10.5
43.5 11.5
43.5 12.5
43.5 35.5
43.5 36.5
43.5 37.5
43.5 38.5
43.5 58.5
43.5 59.5
43.5 60.5
44.5 13.5
44.5 34.5
44.5 35.5
44.5 56.5
44.5 57.5
44.5 58.5
45.5 55.5
45.5 56.5
51.5 13.5
51.5 14.5
51.5 15.5
51.5 16.5
51.5 31.5
51.5 32.5
51.5 33.5
52.5 15.5
52.5 16.5
52.5 17.5
52.5 18.5
52.5 29.5
52.5 30.5
52.5 31.5
52.5 32.5
52.5 54.5
52.5 55.5
53.5 17.5
53.5 18.5
53.5 19.5
53.5 20.5
53.5 28.5
53.5 29.5
53.5 30.5
53.5 55.5
53.5 56.5
53.5 57.5
54.5 27.5
54.5 28.5
54.5 57.5
54.5 58.5
54.5 59.5
55.5 59.5
55.5 60.5
56.5 5.5
56.5 6.5
56.5 7.5
57.5 7.5
57.5 8.5
57.5 9.5
57.5 38.5
57.5 39.5
57.5 47.5
57.5 48.5
58.5 9.5
58.5 10.5
58.5 11.5
58.5 35.5
58.5 36.5
58.5 37.5
58.5 38.5
58.5 48.5
58.5 49.5
58.5 50.5
59.5 12.5
59.5 34.5
59.5 35.5
59.5 36.5
59.5 50.5
59.5 51.5
59.5 52.5
60.5 51.5
60.5 52.5
60.5 53.5
