3.5 53.5
4.5 32.5
4.5 54.5
4.5 55.5
5.5 13.5
5.5 33.5
5.5 34.5
5.5 55.5
5.5 56.5
6.5 14.5
6.5 34.5
6.5 35.5
6.5 56.5
6.5 57.5
7.5 15.5
7.5 35.5
7.5 36.5
7.5 57.5
7.5 58.5
8.5 16.5
8.5 35.5
8.5 36.5
8.5 37.5
8.5 57.5
8.5 58.5
8.5 59.5
9.5 17.5
9.5 36.5
9.5 37.5
9.5 38.5
9.5 58.5
9.5 59.5
10.5 18.5
10.5 37.5
10.5 38.5
10.5 39.5
10.5 46.5
10.5 59.5
10.5 60.5
11.5 19.5
11.5 38.5
11.5 39.5
11.5 40.5
11.5 47.5
11.5 60.5
11.5 61.5
12.5 20.5
12.5 26.5
12.5 27.5
12.5 40.5
12.5 47.5
12.5 48.5
12.5 62.5
13.5 7.5
13.5 8.5
13.5 21.5
13.5 27.5
13.5 28.5
13.5 41.5
13.5 48.5
13.5 49.5
14.5 8.5
14.5 9.5
14.5 22.5
14.5 28.5
14.5 29.5
14.5 49.5
14.5 50.5
15.5 9.5
15.5 10.5
15.5 29.5
15.5 30.5
15.5 50.5
15.5 51.5
16.5 10.5
16.5 11.5
16.5 30.5
16.5 31.5
16.5 51.5
16.5 52.5
17.5 11.5
17.5 12.5
17.5 31.5
17.5 32.5
17.5 52.5
17.5 53.5
18.5 12.5
18.5 13.5
18.5 32.5
18.5 33.5
18.5 53.5
18.5 54.5
19.5 13.5
19.5 14.5
19.5 33.5
19.5 54.5
20.5 14.5
20.5 15.5
20.5 34.5
20.5 55.5
21.5 15.5
21.5 16.5
21.5 35.5
24.5 52.5
25.5 33.5
25.5 34.5
25.5 53.5
26.5 14.5
26.5 34.5
26.5 35.5
26.5 54.5
26.5 55.5
27.5 14.5
27.5 15.5
27.5 35.5
27.5 36.5
27.5 55.5
27.5 56.5
28.5 15.5
28.5 16.5
28.5 36.5
28.5 37.5
28.5 56.5
28.5 57.5
29.5 16.5
29.5 17.5
29.5 37.5
29.5 57.5
29.5 58.5
29.5 59.5
30.5 17.5
30.5 18.5
30.5 37.5
30.5 38.5
30.5 58.5
30.5 59.5
30.5 60.5
31.5 17.5
31.5 18.5
31.5 19.5
31.5 38.5
31.5 39.5
31.5 45.5
31.5 60.5
31.5 61.5
32.5 18.5
32.5 19.5
32.5 20.5
32.5 27.5
32.5 39.5
32.5 40.5
32.5 46.5
32.5 61.5
32.5 62.5
33.5 6.5
33.5 19.5
33.5 20.5
33.5 28.5
33.5 40.5
33.5 47.5
33.5 48.5
33.5 63.5
34.5 7.5
34.5 20.5
34.5 21.5
34.5 28.5
34.5 29.5
34.5 41.5
34.5 48.5
34.5 49.5
35.5 8.5
35.5 22.5
35.5 29.5
35.5 30.5
35.5 49.5
35.5 50.5
35.5 51.5
36.5 9.5
36.5 10.5
36.5 30.5
36.5 31.5
36.5 50.5
36.5 51.5
36.5 52.5
37.5 10.5
37.5 11.5
37.5 31.5
37.5 32.5
37.5 52.5
37.5 53.5
38.5 11.5
38.5 12.5
38.5 31.5
38.5 32.5
38.5 53.5
38.5 54.5
39.5 12.5
39.5 13.5
39.5 32.5
39.5 33.5
39.5 55.5
40.5 13.5
40.5 14.5
40.5 33.5
40.5 34.5
41.5 15.5
41.5 34.5
44.5 56.5
45.5 11.5
45.5 32.5
45.5 54.5
45.5 55.5
46.5 12.5
46.5 33.5
46.5 34.5
46.5 53.5
46.5 54.5
47.5 13.5
47.5 14.5
47.5 34.5
47.5 35.5
47.5 52.5
47.5 53.5
48.5 14.5
48.5 15.5
48.5 35.5
48.5 36.5
48.5 51.5
48.5 52.5
49.5 15.5
49.5 16.5
49.5 36.5
49.5 37.5
49.5 50.5
49.5 51.5
50.5 16.5
50.5 17.5
50.5 37.5
50.5 38.5
50.5 49.5
50.5 50.5
51.5 5.5
51.5 17.5
51.5 18.5
51.5 38.5
51.5 39.5
51.5 48.5
51.5 49.5
51.5 63.5
52.5 6.5
52.5 18.5
52.5 19.5
52.5 39.5
52.5 47.5
52.5 48.5
52.5 62.5
53.5 6.5
53.5 7.5
53.5 19.5
53.5 20.5
53.5 25.5
53.5 40.5
53.5 47.5
53.5 61.5
54.5 7.5
54.5 8.5
54.5 20.5
54.5 26.5
54.5 27.5
54.5 41.5
54.5 46.5
54.5 59.5
54.5 60.5
55.5 8.5
55.5 9.5
55.5 27.5
55.5 28.5
55.5 42.5
55.5 58.5
55.5 59.5
55.5 60.5
56.5 9.5
56.5 28.5
56.5 29.5
56.5 30.5
56.5 57.5
56.5 58.5
56.5 59.5
57.5 9.5
57.5 10.5
57.5 29.5
57.5 30.5
57.5 31.5
57.5 57.5
57.5 58.5
58.5 10.5
58.5 11.5
58.5 31.5
58.5 32.5
58.5 56.5
58.5 57.5
59.5 11.5
59.5 12.5
59.5 32.5
59.5 33.5
59.5 55.5
59.5 56.5
60.5 12.5
60.5 34.5
60.5 35.5
60.5 54.5
61.5 13.5
61.5 53.5
