3.5 57.5
4.5 8.5
4.5 34.5
4.5 45.5
4.5 56.5
5.5 7.5
5.5 33.5
5.5 44.5
5.5 56.5
6.5 6.5
6.5 7.5
6.5 22.5
6.5 23.5
6.5 32.5
6.5 43.5
6.5 50.5
6.5 55.5
7.5 5.5
7.5 6.5
7.5 24.5
7.5 25.5
7.5 31.5
7.5 50.5
8.5 30.5
8.5 38.5
8.5 39.5
8.5 49.5
8.5 62.5
9.5 12.5
9.5 16.5
9.5 36.5
9.5 37.5
9.5 60.5
9.5 61.5
10.5 11.5
10.5 18.5
10.5 34.5
10.5 35.5
10.5 48.5
10.5 59.5
11.5 10.5
11.5 19.5
11.5 20.5
12.5 21.5
14.5 48.5
15.5 34.5
15.5 35.5
15.5 48.5
15.5 60.5
15.5 61.5
16.5 9.5
16.5 20.5
16.5 36.5
16.5 37.5
16.5 38.5
16.5 49.5
16.5 63.5
17.5 7.5
17.5 18.5
17.5 43.5
18.5 6.5
18.5 14.5
18.5 24.5
18.5 30.5
18.5 44.5
18.5 50.5
19.5 12.5
19.5 22.5
19.5 32.5
19.5 44.5
19.5 56.5
19.5 57.5
19.5 58.5
20.5 10.5
20.5 33.5
21.5 45.5
23.5 21.5
24.5 10.5
24.5 20.5
24.5 33.5
24.5 57.5
25.5 12.5
25.5 32.5
25.5 44.5
25.5 58.5
25.5 59.5
26.5 14.5
26.5 30.5
26.5 31.5
26.5 43.5
26.5 60.5
26.5 61.5
27.5 24.5
27.5 29.5
27.5 42.5
28.5 6.5
28.5 7.5
28.5 23.5
28.5 37.5
28.5 53.5
29.5 9.5
29.5 10.5
29.5 22.5
29.5 36.5
29.5 47.5
29.5 54.5
29.5 55.5
30.5 34.5
30.5 46.5
30.5 56.5
30.5 57.5
31.5 33.5
33.5 9.5
34.5 7.5
34.5 8.5
34.5 21.5
35.5 6.5
35.5 20.5
35.5 32.5
35.5 44.5
35.5 58.5
36.5 19.5
36.5 31.5
36.5 43.5
36.5 59.5
36.5 60.5
37.5 13.5
37.5 18.5
37.5 29.5
37.5 42.5
37.5 61.5
38.5 12.5
38.5 25.5
38.5 37.5
38.5 49.5
38.5 53.5
39.5 11.5
39.5 24.5
39.5 35.5
39.5 36.5
39.5 48.5
39.5 54.5
40.5 9.5
40.5 10.5
40.5 23.5
40.5 34.5
40.5 47.5
40.5 55.5
41.5 46.5
41.5 57.5
45.5 8.5
45.5 9.5
45.5 21.5
45.5 33.5
45.5 46.5
45.5 57.5
46.5 5.5
46.5 6.5
46.5 20.5
46.5 31.5
46.5 44.5
46.5 56.5
47.5 19.5
47.5 29.5
47.5 42.5
47.5 54.5
48.5 25.5
48.5 37.5
48.5 38.5
48.5 50.5
49.5 12.5
49.5 13.5
49.5 24.5
49.5 36.5
49.5 48.5
49.5 60.5
49.5 61.5
50.5 10.5
50.5 11.5
50.5 23.5
50.5 34.5
50.5 46.5
50.5 59.5
51.5 57.5
54.5 10.5
54.5 34.5
54.5 45.5
55.5 11.5
55.5 21.5
55.5 35.5
55.5 36.5
55.5 44.5
55.5 58.5
56.5 13.5
56.5 19.5
56.5 37.5
56.5 43.5
56.5 56.5
56.5 57.5
57.5 18.5
57.5 38.5
57.5 42.5
57.5 55.5
58.5 6.5
58.5 7.5
58.5 25.5
58.5 30.5
58.5 49.5
59.5 8.5
59.5 24.5
59.5 31.5
59.5 32.5
59.5 48.5
59.5 62.5
60.5 9.5
60.5 10.5
60.5 23.5
60.5 33.5
60.5 47.5
60.5 60.5
61.5 34.5
61.5 46.5
61.5 59.5
