3.5 12.5
4.5 14.5
4.5 15.5
4.5 16.5
4.5 30.5
4.5 31.5
4.5 32.5
4.5 33.5
4.5 34.5
4.5 35.5
4.5 36.5
4.5 54.5
4.5 55.5
4.5 56.5
5.5 17.5
5.5 18.5
5.5 19.5
5.5 25.5
5.5 26.5
5.5 27.5
5.5 28.5
5.5 29.5
5.5 30.5
5.5 31.5
5.5 56.5
5.5 57.5
5.5 58.5
6.5 21.5
6.5 59.5
6.5 60.5
7.5 41.5
7.5 42.5
7.5 43.5
7.5 47.5
8.5 5.5
8.5 6.5
8.5 7.5
8.5 8.5
8.5 9.5
8.5 10.5
8.5 11.5
8.5 37.5
8.5 38.5
8.5 39.5
8.5 40.5
8.5 48.5
8.5 49.5
8.5 50.5
8.5 51.5
9.5 9.5
9.5 10.5
9.5 11.5
9.5 12.5
9.5 13.5
9.5 14.5
9.5 15.5
9.5 16.5
9.5 33.5
9.5 34.5
9.5 35.5
9.5 36.5
9.5 51.5
9.5 52.5
9.5 53.5
9.5 54.5
10.5 55.5
10.5 56.5
13.5 16.5
13.5 33.5
13.5 34.5
14.5 13.5
14.5 14.5
14.5 35.5
14.5 36.5
14.5 53.5
14.5 54.5
15.5 10.5
15.5 11.5
15.5 12.5
15.5 37.5
15.5 38.5
15.5 39.5
15.5 55.5
15.5 56.5
15.5 57.5
15.5 58.5
16.5 7.5
16.5 8.5
16.5 9.5
16.5 22.5
16.5 39.5
16.5 40.5
16.5 41.5
16.5 58.5
16.5 59.5
16.5 60.5
17.5 5.5
17.5 19.5
17.5 20.5
17.5 21.5
17.5 26.5
17.5 27.5
17.5 28.5
17.5 42.5
17.5 61.5
17.5 62.5
18.5 16.5
18.5 17.5
18.5 18.5
18.5 19.5
18.5 28.5
18.5 29.5
18.5 30.5
18.5 31.5
18.5 47.5
18.5 48.5
18.5 49.5
19.5 14.5
19.5 15.5
19.5 16.5
19.5 31.5
19.5 32.5
19.5 33.5
19.5 49.5
19.5 50.5
19.5 51.5
19.5 52.5
20.5 12.5
20.5 13.5
20.5 34.5
20.5 35.5
20.5 53.5
20.5 54.5
20.5 55.5
24.5 14.5
24.5 15.5
24.5 34.5
24.5 35.5
24.5 55.5
25.5 16.5
25.5 17.5
25.5 18.5
25.5 29.5
25.5 30.5
25.5 31.5
25.5 32.5
25.5 33.5
25.5 51.5
25.5 52.5
25.5 53.5
26.5 19.5
26.5 20.5
26.5 21.5
26.5 26.5
26.5 27.5
26.5 28.5
26.5 29.5
26.5 47.5
26.5 48.5
26.5 49.5
26.5 50.5
27.5 7.5
27.5 8.5
27.5 9.5
27.5 45.5
27.5 46.5
28.5 10.5
28.5 11.5
28.5 12.5
28.5 13.5
28.5 37.5
28.5 38.5
28.5 39.5
28.5 40.5
28.5 60.5
28.5 61.5
28.5 62.5
28.5 63.5
29.5 14.5
29.5 15.5
29.5 33.5
29.5 34.5
29.5 35.5
29.5 36.5
29.5 55.5
29.5 56.5
29.5 57.5
29.5 58.5
29.5 59.5
29.5 60.5
30.5 52.5
30.5 53.5
30.5 54.5
30.5 55.5
33.5 15.5
34.5 12.5
34.5 13.5
34.5 14.5
34.5 33.5
34.5 34.5
34.5 35.5
34.5 52.5
35.5 9.5
35.5 10.5
35.5 11.5
35.5 12.5
35.5 36.5
35.5 37.5
35.5 38.5
35.5 54.5
35.5 55.5
35.5 56.5
36.5 7.5
36.5 8.5
36.5 9.5
36.5 10.5
36.5 39.5
36.5 40.5
36.5 41.5
36.5 56.5
36.5 57.5
36.5 58.5
36.5 59.5
37.5 6.5
37.5 20.5
37.5 21.5
37.5 24.5
37.5 25.5
37.5 45.5
37.5 46.5
37.5 60.5
37.5 61.5
37.5 62.5
38.5 18.5
38.5 19.5
38.5 26.5
38.5 27.5
38.5 28.5
38.5 29.5
38.5 30.5
38.5 47.5
38.5 48.5
38.5 49.5
39.5 16.5
39.5 17.5
39.5 18.5
39.5 29.5
39.5 30.5
39.5 31.5
39.5 32.5
39.5 33.5
39.5 49.5
39.5 50.5
39.5 51.5
39.5 52.5
40.5 14.5
40.5 15.5
40.5 16.5
40.5 33.5
40.5 34.5
40.5 35.5
40.5 52.5
40.5 53.5
40.5 54.5
41.5 13.5
41.5 14.5
44.5 33.5
44.5 34.5
45.5 13.5
45.5 14.5
45.5 15.5
45.5 28.5
45.5 29.5
45.5 30.5
45.5 31.5
45.5 53.5
45.5 54.5
45.5 55.5
46.5 16.5
46.5 17.5
46.5 18.5
46.5 19.5
46.5 25.5
46.5 26.5
46.5 27.5
46.5 55.5
46.5 56.5
46.5 57.5
46.5 58.5
47.5 58.5
47.5 59.5
47.5 60.5
48.5 38.5
48.5 39.5
48.5 40.5
48.5 41.5
48.5 42.5
48.5 45.5
48.5 46.5
48.5 47.5
49.5 5.5
49.5 6.5
49.5 7.5
49.5 8.5
49.5 9.5
49.5 10.5
49.5 11.5
49.5 12.5
49.5 13.5
49.5 33.5
49.5 34.5
49.5 35.5
49.5 36.5
49.5 37.5
49.5 38.5
49.5 39.5
49.5 47.5
49.5 48.5
49.5 49.5
50.5 31.5
50.5 32.5
50.5 33.5
50.5 34.5
50.5 49.5
50.5 50.5
50.5 51.5
50.5 52.5
51.5 52.5
51.5 53.5
51.5 54.5
54.5 12.5
54.5 13.5
55.5 9.5
55.5 10.5
55.5 11.5
55.5 32.5
55.5 33.5
55.5 34.5
55.5 35.5
55.5 54.5
56.5 6.5
56.5 7.5
56.5 8.5
56.5 26.5
56.5 27.5
56.5 28.5
56.5 29.5
56.5 30.5
56.5 31.5
56.5 32.5
56.5 33.5
56.5 50.5
56.5 51.5
56.5 52.5
57.5 5.5
57.5 47.5
57.5 48.5
57.5 49.5
58.5 17.5
58.5 18.5
58.5 19.5
58.5 20.5
58.5 45.5
58.5 46.5
59.5 13.5
59.5 14.5
59.5 15.5
59.5 16.5
59.5 17.5
59.5 39.5
59.5 40.5
59.5 41.5
59.5 57.5
59.5 58.5
59.5 59.5
59.5 60.5
60.5 11.5
60.5 12.5
60.5 13.5
60.5 14.5
60.5 35.5
60.5 36.5
60.5 37.5
60.5 38.5
60.5 53.5
60.5 54.5
60.5 55.5
60.5 56.5
60.5 57.5
61.5 33.5
61.5 34.5
61.5 51.5
61.5 52.5
