4.5 34.5
4.5 35.5
4.5 51.5
4.5 52.5
4.5 53.5
4.5 54.5
5.5 14.5
5.5 15.5
5.5 16.5
5.5 34.5
5.5 35.5
5.5 36.5
5.5 37.5
5.5 38.5
5.5 39.5
5.5 48.5
5.5 49.5
5.5 50.5
5.5 51.5
5.5 52.5
6.5 17.5
6.5 18.5
6.5 39.5
8.5 8.5
8.5 9.5
8.5 10.5
8.5 11.5
8.5 26.5
8.5 27.5
8.5 59.5
8.5 60.5
8.5 61.5
9.5 11.5
9.5 12.5
9.5 13.5
9.5 28.5
9.5 29.5
9.5 30.5
9.5 31.5
9.5 56.5
9.5 57.5
9.5 58.5
9.5 59.5
15.5 9.5
15.5 10.5
15.5 11.5
15.5 12.5
15.5 34.5
15.5 35.5
15.5 36.5
15.5 37.5
15.5 56.5
15.5 57.5
15.5 58.5
15.5 59.5
16.5 7.5
16.5 8.5
16.5 9.5
16.5 10.5
16.5 37.5
16.5 38.5
16.5 39.5
16.5 59.5
16.5 60.5
16.5 61.5
18.5 17.5
18.5 18.5
18.5 19.5
18.5 27.5
18.5 28.5
18.5 29.5
18.5 47.5
18.5 48.5
18.5 49.5
18.5 50.5
19.5 15.5
19.5 16.5
19.5 17.5
19.5 29.5
19.5 30.5
19.5 31.5
19.5 50.5
19.5 51.5
19.5 52.5
19.5 53.5
20.5 13.5
20.5 14.5
24.5 14.5
24.5 30.5
24.5 31.5
24.5 32.5
24.5 54.5
24.5 55.5
24.5 56.5
25.5 16.5
25.5 17.5
25.5 18.5
25.5 19.5
25.5 27.5
25.5 28.5
25.5 29.5
25.5 56.5
25.5 57.5
25.5 58.5
25.5 59.5
25.5 60.5
28.5 7.5
28.5 8.5
28.5 9.5
28.5 10.5
28.5 11.5
28.5 34.5
28.5 35.5
28.5 36.5
28.5 37.5
28.5 38.5
28.5 39.5
28.5 47.5
28.5 48.5
28.5 49.5
28.5 50.5
29.5 9.5
29.5 10.5
29.5 11.5
29.5 12.5
29.5 13.5
29.5 49.5
29.5 50.5
29.5 51.5
29.5 52.5
29.5 53.5
34.5 15.5
34.5 32.5
35.5 15.5
35.5 16.5
35.5 17.5
35.5 18.5
35.5 19.5
35.5 29.5
35.5 30.5
35.5 31.5
35.5 32.5
35.5 33.5
35.5 54.5
35.5 55.5
35.5 56.5
35.5 57.5
35.5 58.5
35.5 59.5
36.5 18.5
36.5 19.5
36.5 20.5
36.5 21.5
36.5 28.5
36.5 29.5
36.5 30.5
38.5 47.5
38.5 48.5
39.5 8.5
39.5 9.5
39.5 10.5
39.5 11.5
39.5 38.5
39.5 39.5
39.5 40.5
39.5 48.5
39.5 49.5
39.5 50.5
39.5 51.5
40.5 11.5
40.5 12.5
40.5 13.5
40.5 14.5
40.5 36.5
40.5 37.5
40.5 38.5
40.5 52.5
45.5 15.5
45.5 51.5
45.5 52.5
46.5 16.5
46.5 17.5
46.5 18.5
46.5 19.5
46.5 36.5
46.5 37.5
46.5 38.5
46.5 39.5
46.5 49.5
46.5 50.5
47.5 19.5
47.5 20.5
47.5 21.5
47.5 39.5
47.5 40.5
47.5 47.5
48.5 7.5
48.5 59.5
48.5 60.5
49.5 8.5
49.5 9.5
49.5 10.5
49.5 11.5
49.5 29.5
49.5 30.5
49.5 31.5
49.5 32.5
49.5 56.5
49.5 57.5
49.5 58.5
49.5 59.5
50.5 11.5
50.5 12.5
50.5 13.5
50.5 31.5
50.5 32.5
50.5 33.5
50.5 34.5
50.5 54.5
50.5 55.5
50.5 56.5
50.5 57.5
55.5 14.5
55.5 15.5
55.5 16.5
55.5 34.5
55.5 35.5
56.5 16.5
56.5 17.5
56.5 18.5
56.5 19.5
56.5 35.5
56.5 36.5
56.5 37.5
56.5 38.5
56.5 51.5
56.5 52.5
56.5 53.5
57.5 38.5
57.5 39.5
57.5 40.5
57.5 48.5
57.5 49.5
57.5 50.5
57.5 51.5
58.5 7.5
58.5 8.5
58.5 9.5
58.5 27.5
59.5 10.5
59.5 11.5
59.5 12.5
59.5 28.5
59.5 29.5
59.5 30.5
59.5 31.5
59.5 59.5
59.5 60.5
59.5 61.5
60.5 31.5
60.5 32.5
60.5 33.5
60.5 55.5
60.5 56.5
60.5 57.5
60.5 58.5
