3.5 9.5
4.5 8.5
4.5 21.5
4.5 35.5
4.5 46.5
5.5 7.5
5.5 8.5
5.5 21.5
5.5 35.5
5.5 36.5
5.5 45.5
5.5 46.5
5.5 59.5
6.5 7.5
6.5 8.5
6.5 20.5
6.5 21.5
6.5 36.5
6.5 37.5
6.5 45.5
6.5 59.5
6.5 60.5
7.5 6.5
7.5 7.5
7.5 20.5
7.5 37.5
7.5 44.5
7.5 45.5
7.5 60.5
8.5 6.5
8.5 7.5
8.5 14.5
8.5 19.5
8.5 20.5
8.5 37.5
8.5 38.5
8.5 44.5
8.5 60.5
8.5 61.5
9.5 5.5
9.5 6.5
9.5 13.5
9.5 14.5
9.5 19.5
9.5 20.5
9.5 25.5
9.5 29.5
9.5 38.5
9.5 43.5
9.5 50.5
9.5 61.5
10.5 5.5
10.5 13.5
10.5 19.5
10.5 25.5
10.5 30.5
10.5 49.5
10.5 55.5
10.5 62.5
11.5 12.5
11.5 13.5
11.5 24.5
11.5 30.5
11.5 31.5
11.5 49.5
11.5 55.5
11.5 62.5
12.5 12.5
12.5 24.5
12.5 31.5
12.5 32.5
12.5 48.5
12.5 49.5
12.5 55.5
12.5 56.5
13.5 11.5
13.5 12.5
13.5 23.5
13.5 31.5
13.5 32.5
13.5 33.5
13.5 48.5
13.5 56.5
14.5 11.5
14.5 23.5
14.5 32.5
14.5 33.5
14.5 47.5
14.5 56.5
14.5 57.5
15.5 11.5
15.5 22.5
15.5 33.5
15.5 47.5
15.5 57.5
16.5 10.5
16.5 22.5
16.5 57.5
20.5 10.5
20.5 21.5
20.5 33.5
20.5 34.5
20.5 45.5
21.5 11.5
21.5 20.5
21.5 32.5
21.5 33.5
21.5 44.5
21.5 45.5
21.5 58.5
22.5 11.5
22.5 12.5
22.5 20.5
22.5 31.5
22.5 32.5
22.5 44.5
22.5 58.5
22.5 59.5
22.5 60.5
23.5 12.5
23.5 13.5
23.5 19.5
23.5 30.5
23.5 31.5
23.5 43.5
23.5 44.5
23.5 60.5
23.5 61.5
24.5 13.5
24.5 14.5
24.5 19.5
24.5 29.5
24.5 30.5
24.5 38.5
24.5 43.5
24.5 61.5
24.5 62.5
25.5 6.5
25.5 14.5
25.5 29.5
25.5 37.5
25.5 38.5
25.5 43.5
25.5 54.5
26.5 6.5
26.5 18.5
26.5 24.5
26.5 37.5
26.5 42.5
26.5 49.5
26.5 54.5
26.5 55.5
27.5 6.5
27.5 7.5
27.5 23.5
27.5 24.5
27.5 36.5
27.5 37.5
27.5 48.5
27.5 49.5
27.5 54.5
27.5 55.5
28.5 7.5
28.5 8.5
28.5 23.5
28.5 35.5
28.5 36.5
28.5 48.5
28.5 55.5
28.5 56.5
29.5 8.5
29.5 22.5
29.5 23.5
29.5 35.5
29.5 47.5
29.5 48.5
29.5 56.5
30.5 8.5
30.5 9.5
30.5 22.5
30.5 47.5
30.5 56.5
30.5 57.5
31.5 9.5
31.5 46.5
31.5 47.5
31.5 57.5
32.5 46.5
34.5 22.5
35.5 9.5
35.5 23.5
35.5 34.5
35.5 59.5
36.5 9.5
36.5 10.5
36.5 23.5
36.5 24.5
36.5 35.5
36.5 45.5
36.5 59.5
37.5 10.5
37.5 11.5
37.5 24.5
37.5 35.5
37.5 36.5
37.5 44.5
37.5 45.5
37.5 59.5
37.5 60.5
38.5 10.5
38.5 11.5
38.5 24.5
38.5 25.5
38.5 36.5
38.5 43.5
38.5 44.5
38.5 59.5
38.5 60.5
39.5 11.5
39.5 12.5
39.5 25.5
39.5 36.5
39.5 37.5
39.5 42.5
39.5 43.5
39.5 59.5
39.5 60.5
40.5 5.5
40.5 12.5
40.5 17.5
40.5 18.5
40.5 25.5
40.5 26.5
40.5 31.5
40.5 37.5
40.5 42.5
40.5 60.5
41.5 6.5
41.5 18.5
41.5 19.5
41.5 26.5
41.5 31.5
41.5 41.5
41.5 50.5
41.5 60.5
42.5 6.5
42.5 19.5
42.5 31.5
42.5 32.5
42.5 49.5
42.5 54.5
43.5 7.5
43.5 19.5
43.5 20.5
43.5 32.5
43.5 47.5
43.5 48.5
43.5 49.5
43.5 55.5
44.5 7.5
44.5 8.5
44.5 20.5
44.5 21.5
44.5 32.5
44.5 46.5
44.5 47.5
44.5 48.5
44.5 55.5
44.5 56.5
45.5 8.5
45.5 21.5
45.5 33.5
45.5 46.5
45.5 56.5
46.5 22.5
46.5 33.5
46.5 45.5
46.5 57.5
47.5 57.5
50.5 21.5
50.5 34.5
50.5 45.5
51.5 8.5
51.5 21.5
51.5 35.5
51.5 44.5
51.5 45.5
51.5 58.5
52.5 7.5
52.5 8.5
52.5 20.5
52.5 21.5
52.5 35.5
52.5 36.5
52.5 43.5
52.5 44.5
52.5 59.5
53.5 7.5
53.5 20.5
53.5 21.5
53.5 36.5
53.5 43.5
53.5 44.5
53.5 60.5
54.5 6.5
54.5 7.5
54.5 19.5
54.5 20.5
54.5 37.5
54.5 42.5
54.5 43.5
54.5 61.5
55.5 6.5
55.5 13.5
55.5 19.5
55.5 20.5
55.5 42.5
55.5 49.5
55.5 62.5
56.5 12.5
56.5 13.5
56.5 19.5
56.5 26.5
56.5 30.5
56.5 31.5
56.5 48.5
56.5 53.5
56.5 54.5
57.5 5.5
57.5 12.5
57.5 19.5
57.5 25.5
57.5 30.5
57.5 31.5
57.5 32.5
57.5 48.5
57.5 54.5
57.5 55.5
58.5 11.5
58.5 12.5
58.5 25.5
58.5 31.5
58.5 32.5
58.5 47.5
58.5 48.5
58.5 55.5
58.5 56.5
59.5 11.5
59.5 12.5
59.5 24.5
59.5 32.5
59.5 33.5
59.5 47.5
59.5 56.5
59.5 57.5
60.5 10.5
60.5 11.5
60.5 23.5
60.5 24.5
60.5 33.5
60.5 46.5
60.5 47.5
60.5 57.5
61.5 10.5
61.5 11.5
61.5 23.5
61.5 34.5
61.5 46.5
62.5 10.5
