4.5 24.5
4.5 39.5
5.5 12.5
5.5 23.5
5.5 39.5
6.5 13.5
6.5 22.5
6.5 38.5
6.5 55.5
6.5 56.5
7.5 14.5
7.5 21.5
7.5 37.5
7.5 53.5
7.5 54.5
8.5 15.5
8.5 37.5
8.5 52.5
9.5 6.5
9.5 30.5
9.5 36.5
10.5 7.5
10.5 28.5
10.5 29.5
10.5 45.5
11.5 8.5
11.5 27.5
11.5 28.5
11.5 44.5
11.5 60.5
12.5 9.5
12.5 26.5
12.5 27.5
12.5 43.5
12.5 59.5
13.5 10.5
13.5 26.5
13.5 42.5
13.5 58.5
14.5 41.5
18.5 10.5
18.5 57.5
19.5 9.5
19.5 26.5
19.5 56.5
20.5 9.5
20.5 25.5
20.5 43.5
20.5 55.5
21.5 8.5
21.5 24.5
21.5 43.5
21.5 44.5
21.5 54.5
21.5 55.5
22.5 7.5
22.5 23.5
22.5 24.5
22.5 45.5
22.5 54.5
23.5 6.5
23.5 23.5
23.5 46.5
23.5 53.5
24.5 16.5
24.5 22.5
24.5 47.5
24.5 52.5
24.5 61.5
25.5 15.5
25.5 37.5
25.5 61.5
26.5 14.5
26.5 31.5
26.5 38.5
26.5 60.5
27.5 13.5
27.5 30.5
27.5 39.5
27.5 59.5
28.5 12.5
28.5 29.5
28.5 40.5
28.5 59.5
29.5 11.5
29.5 12.5
29.5 29.5
29.5 41.5
29.5 58.5
30.5 28.5
35.5 57.5
36.5 12.5
36.5 43.5
36.5 56.5
37.5 13.5
37.5 14.5
37.5 29.5
37.5 44.5
37.5 55.5
38.5 14.5
38.5 15.5
38.5 30.5
38.5 45.5
38.5 54.5
39.5 16.5
39.5 31.5
39.5 46.5
39.5 53.5
40.5 17.5
40.5 32.5
40.5 37.5
40.5 47.5
41.5 5.5
41.5 6.5
41.5 23.5
41.5 38.5
41.5 61.5
42.5 7.5
42.5 24.5
42.5 39.5
42.5 60.5
43.5 8.5
43.5 25.5
43.5 40.5
43.5 59.5
44.5 9.5
44.5 10.5
44.5 26.5
44.5 41.5
44.5 58.5
45.5 11.5
45.5 27.5
45.5 42.5
45.5 57.5
50.5 27.5
50.5 42.5
50.5 57.5
51.5 10.5
51.5 28.5
51.5 41.5
51.5 58.5
52.5 9.5
52.5 29.5
52.5 40.5
52.5 41.5
52.5 59.5
53.5 8.5
53.5 30.5
53.5 40.5
53.5 60.5
54.5 6.5
54.5 7.5
54.5 31.5
54.5 39.5
55.5 5.5
55.5 6.5
55.5 32.5
55.5 38.5
56.5 16.5
56.5 22.5
56.5 52.5
57.5 15.5
57.5 23.5
57.5 46.5
57.5 53.5
58.5 14.5
58.5 24.5
58.5 45.5
58.5 54.5
59.5 13.5
59.5 25.5
59.5 26.5
59.5 44.5
59.5 55.5
60.5 12.5
60.5 26.5
60.5 27.5
60.5 44.5
60.5 56.5
61.5 11.5
61.5 43.5
