5.5 34.5
5.5 35.5
5.5 55.5
5.5 56.5
6.5 15.5
6.5 16.5
6.5 17.5
6.5 18.5
6.5 36.5
6.5 37.5
6.5 38.5
6.5 57.5
6.5 58.5
6.5 59.5
7.5 18.5
7.5 19.5
7.5 20.5
7.5 39.5
7.5 40.5
7.5 60.5
9.5 7.5
9.5 8.5
9.5 9.5
9.5 28.5
9.5 29.5
9.5 30.5
9.5 48.5
9.5 49.5
9.5 50.5
10.5 10.5
10.5 11.5
10.5 12.5
10.5 30.5
10.5 31.5
10.5 32.5
10.5 50.5
10.5 51.5
10.5 52.5
10.5 53.5
11.5 33.5
16.5 9.5
16.5 10.5
16.5 11.5
16.5 12.5
16.5 30.5
16.5 31.5
16.5 32.5
16.5 56.5
16.5 57.5
16.5 58.5
16.5 59.5
17.5 7.5
17.5 8.5
17.5 27.5
17.5 28.5
19.5 17.5
19.5 18.5
19.5 19.5
19.5 37.5
19.5 38.5
19.5 39.5
19.5 40.5
19.5 48.5
19.5 49.5
19.5 50.5
19.5 51.5
20.5 15.5
20.5 16.5
20.5 34.5
20.5 35.5
20.5 36.5
20.5 52.5
20.5 53.5
25.5 15.5
25.5 16.5
25.5 31.5
25.5 32.5
25.5 33.5
25.5 54.5
25.5 55.5
25.5 56.5
25.5 57.5
26.5 17.5
26.5 18.5
26.5 19.5
26.5 28.5
26.5 29.5
26.5 30.5
26.5 31.5
26.5 57.5
26.5 58.5
26.5 59.5
26.5 60.5
28.5 7.5
28.5 8.5
28.5 39.5
28.5 40.5
28.5 48.5
28.5 49.5
29.5 9.5
29.5 10.5
29.5 11.5
29.5 12.5
29.5 36.5
29.5 37.5
29.5 38.5
29.5 50.5
29.5 51.5
29.5 52.5
34.5 12.5
34.5 53.5
35.5 7.5
35.5 8.5
35.5 9.5
35.5 10.5
35.5 35.5
35.5 36.5
35.5 37.5
35.5 38.5
35.5 49.5
35.5 50.5
35.5 51.5
36.5 39.5
36.5 40.5
36.5 47.5
36.5 48.5
38.5 16.5
38.5 17.5
38.5 18.5
38.5 19.5
38.5 27.5
38.5 28.5
38.5 29.5
38.5 57.5
38.5 58.5
38.5 59.5
39.5 13.5
39.5 14.5
39.5 15.5
39.5 30.5
39.5 31.5
39.5 32.5
39.5 54.5
39.5 55.5
39.5 56.5
44.5 12.5
44.5 53.5
44.5 54.5
45.5 8.5
45.5 9.5
45.5 10.5
45.5 11.5
45.5 30.5
45.5 31.5
45.5 32.5
45.5 50.5
45.5 51.5
45.5 52.5
46.5 6.5
46.5 7.5
46.5 8.5
46.5 28.5
46.5 29.5
46.5 30.5
46.5 48.5
46.5 49.5
48.5 39.5
48.5 40.5
48.5 59.5
48.5 60.5
49.5 16.5
49.5 17.5
49.5 18.5
49.5 36.5
49.5 37.5
49.5 38.5
49.5 56.5
49.5 57.5
49.5 58.5
50.5 14.5
50.5 15.5
50.5 34.5
50.5 35.5
50.5 54.5
50.5 55.5
55.5 55.5
56.5 15.5
56.5 16.5
56.5 17.5
56.5 34.5
56.5 35.5
56.5 36.5
56.5 37.5
56.5 57.5
56.5 58.5
57.5 18.5
57.5 19.5
57.5 20.5
57.5 37.5
57.5 38.5
57.5 39.5
57.5 59.5
57.5 60.5
57.5 61.5
59.5 6.5
59.5 7.5
59.5 8.5
59.5 9.5
59.5 28.5
59.5 47.5
59.5 48.5
59.5 49.5
60.5 9.5
60.5 10.5
60.5 11.5
60.5 12.5
60.5 29.5
60.5 30.5
60.5 31.5
60.5 49.5
60.5 50.5
60.5 51.5
60.5 52.5
60.5 53.5
61.5 32.5
61.5 33.5
