3.5 19.5
3.5 20.5
4.5 7.5
4.5 8.5
4.5 20.5
4.5 26.5
4.5 27.5
4.5 28.5
4.5 37.5
4.5 38.5
4.5 49.5
4.5 57.5
5.5 6.5
5.5 7.5
5.5 8.5
5.5 20.5
5.5 21.5
5.5 26.5
5.5 27.5
5.5 36.5
5.5 37.5
5.5 49.5
5.5 50.5
5.5 56.5
5.5 57.5
5.5 58.5
6.5 6.5
6.5 21.5
6.5 26.5
6.5 35.5
6.5 36.5
6.5 50.5
6.5 51.5
6.5 55.5
6.5 56.5
6.5 57.5
7.5 11.5
7.5 12.5
7.5 16.5
7.5 17.5
7.5 31.5
8.5 10.5
8.5 11.5
8.5 12.5
8.5 17.5
8.5 18.5
8.5 29.5
8.5 30.5
8.5 39.5
8.5 40.5
8.5 41.5
8.5 45.5
8.5 46.5
8.5 60.5
9.5 10.5
9.5 11.5
9.5 17.5
9.5 18.5
9.5 29.5
9.5 30.5
9.5 39.5
9.5 40.5
9.5 46.5
9.5 47.5
9.5 59.5
9.5 60.5
10.5 18.5
10.5 47.5
10.5 58.5
10.5 59.5
14.5 9.5
14.5 19.5
14.5 29.5
14.5 37.5
14.5 47.5
14.5 48.5
15.5 9.5
15.5 10.5
15.5 19.5
15.5 20.5
15.5 29.5
15.5 30.5
15.5 36.5
15.5 37.5
15.5 46.5
15.5 47.5
15.5 56.5
15.5 57.5
16.5 10.5
16.5 11.5
16.5 20.5
16.5 21.5
16.5 30.5
16.5 31.5
16.5 35.5
16.5 36.5
16.5 37.5
16.5 46.5
16.5 55.5
16.5 56.5
17.5 6.5
17.5 20.5
17.5 21.5
17.5 51.5
17.5 55.5
18.5 6.5
18.5 15.5
18.5 16.5
18.5 25.5
18.5 26.5
18.5 40.5
18.5 41.5
18.5 50.5
18.5 51.5
19.5 6.5
19.5 7.5
19.5 15.5
19.5 16.5
19.5 17.5
19.5 26.5
19.5 27.5
19.5 39.5
19.5 40.5
19.5 49.5
19.5 50.5
19.5 59.5
19.5 60.5
19.5 61.5
20.5 16.5
20.5 17.5
20.5 26.5
20.5 27.5
20.5 39.5
20.5 49.5
20.5 59.5
20.5 60.5
21.5 59.5
24.5 6.5
24.5 39.5
24.5 40.5
24.5 47.5
24.5 48.5
25.5 6.5
25.5 16.5
25.5 17.5
25.5 26.5
25.5 27.5
25.5 39.5
25.5 40.5
25.5 41.5
25.5 46.5
25.5 47.5
26.5 5.5
26.5 6.5
26.5 15.5
26.5 16.5
26.5 25.5
26.5 26.5
26.5 41.5
26.5 46.5
26.5 57.5
26.5 58.5
27.5 5.5
27.5 15.5
27.5 16.5
27.5 25.5
27.5 57.5
27.5 58.5
28.5 9.5
28.5 10.5
28.5 20.5
28.5 30.5
28.5 31.5
28.5 35.5
28.5 36.5
28.5 37.5
28.5 50.5
28.5 51.5
28.5 57.5
29.5 8.5
29.5 9.5
29.5 10.5
29.5 19.5
29.5 20.5
29.5 29.5
29.5 30.5
29.5 36.5
29.5 37.5
29.5 49.5
29.5 50.5
29.5 51.5
29.5 52.5
29.5 62.5
30.5 8.5
30.5 9.5
30.5 19.5
30.5 28.5
30.5 29.5
30.5 37.5
30.5 50.5
30.5 51.5
30.5 61.5
30.5 62.5
31.5 8.5
31.5 61.5
34.5 27.5
34.5 39.5
35.5 9.5
35.5 10.5
35.5 19.5
35.5 20.5
35.5 25.5
35.5 26.5
35.5 27.5
35.5 39.5
35.5 40.5
35.5 47.5
35.5 48.5
35.5 49.5
35.5 61.5
36.5 9.5
36.5 10.5
36.5 11.5
36.5 20.5
36.5 25.5
36.5 26.5
36.5 40.5
36.5 41.5
36.5 46.5
36.5 47.5
36.5 48.5
36.5 49.5
36.5 61.5
36.5 62.5
37.5 40.5
37.5 41.5
37.5 46.5
37.5 47.5
37.5 61.5
37.5 62.5
38.5 16.5
38.5 17.5
38.5 29.5
38.5 30.5
38.5 31.5
38.5 36.5
38.5 62.5
39.5 5.5
39.5 6.5
39.5 7.5
39.5 17.5
39.5 18.5
39.5 29.5
39.5 30.5
39.5 36.5
39.5 37.5
39.5 52.5
39.5 57.5
40.5 6.5
40.5 7.5
40.5 8.5
40.5 37.5
40.5 38.5
40.5 50.5
40.5 51.5
40.5 52.5
40.5 56.5
40.5 57.5
40.5 58.5
41.5 50.5
41.5 51.5
41.5 57.5
41.5 58.5
43.5 20.5
44.5 20.5
44.5 21.5
44.5 27.5
44.5 28.5
45.5 8.5
45.5 9.5
45.5 10.5
45.5 21.5
45.5 22.5
45.5 26.5
45.5 27.5
45.5 37.5
45.5 38.5
46.5 8.5
46.5 9.5
46.5 10.5
46.5 26.5
46.5 36.5
46.5 37.5
46.5 38.5
46.5 47.5
46.5 48.5
46.5 57.5
46.5 58.5
47.5 15.5
47.5 16.5
47.5 17.5
47.5 36.5
47.5 37.5
47.5 46.5
47.5 47.5
47.5 56.5
47.5 57.5
48.5 15.5
48.5 16.5
48.5 17.5
48.5 18.5
48.5 30.5
48.5 31.5
48.5 46.5
48.5 47.5
48.5 56.5
49.5 5.5
49.5 16.5
49.5 17.5
49.5 18.5
49.5 30.5
49.5 31.5
49.5 41.5
49.5 61.5
50.5 5.5
50.5 6.5
50.5 30.5
50.5 40.5
50.5 41.5
50.5 50.5
50.5 51.5
50.5 60.5
50.5 61.5
51.5 39.5
51.5 40.5
51.5 41.5
51.5 50.5
51.5 51.5
51.5 60.5
54.5 16.5
54.5 17.5
54.5 18.5
55.5 8.5
55.5 15.5
55.5 16.5
55.5 17.5
55.5 30.5
55.5 31.5
56.5 8.5
56.5 9.5
56.5 14.5
56.5 15.5
56.5 16.5
56.5 31.5
56.5 36.5
56.5 37.5
56.5 38.5
56.5 50.5
56.5 59.5
56.5 60.5
57.5 9.5
57.5 27.5
57.5 36.5
57.5 37.5
57.5 50.5
57.5 51.5
57.5 60.5
57.5 61.5
58.5 5.5
58.5 21.5
58.5 22.5
58.5 27.5
58.5 28.5
58.5 51.5
58.5 52.5
58.5 61.5
59.5 5.5
59.5 6.5
59.5 20.5
59.5 21.5
59.5 22.5
59.5 27.5
59.5 28.5
59.5 40.5
59.5 41.5
59.5 56.5
59.5 57.5
60.5 6.5
60.5 19.5
60.5 20.5
60.5 21.5
60.5 28.5
60.5 39.5
60.5 40.5
60.5 41.5
60.5 46.5
60.5 47.5
60.5 56.5
60.5 57.5
61.5 47.5
61.5 48.5
61.5 57.5
61.5 58.5
