2.5 41.5
3.5 11.5
3.5 26.5
3.5 57.5
4.5 40.5
4.5 56.5
4.5 57.5
5.5 10.5
5.5 25.5
5.5 40.5
5.5 56.5
6.5 10.5
6.5 24.5
6.5 25.5
6.5 39.5
6.5 55.5
6.5 56.5
7.5 9.5
7.5 24.5
7.5 39.5
7.5 54.5
7.5 55.5
8.5 9.5
8.5 23.5
8.5 24.5
8.5 38.5
8.5 39.5
8.5 54.5
9.5 8.5
9.5 9.5
9.5 23.5
9.5 38.5
9.5 46.5
9.5 53.5
9.5 54.5
9.5 63.5
10.5 8.5
10.5 22.5
10.5 23.5
10.5 37.5
10.5 38.5
10.5 46.5
10.5 53.5
10.5 63.5
11.5 8.5
11.5 15.5
11.5 22.5
11.5 31.5
11.5 37.5
11.5 45.5
11.5 46.5
11.5 52.5
11.5 53.5
11.5 62.5
12.5 7.5
12.5 15.5
12.5 21.5
12.5 30.5
12.5 31.5
12.5 37.5
12.5 45.5
12.5 52.5
12.5 62.5
13.5 7.5
13.5 14.5
13.5 21.5
13.5 30.5
13.5 36.5
13.5 45.5
13.5 51.5
13.5 61.5
14.5 14.5
14.5 20.5
14.5 29.5
14.5 30.5
14.5 36.5
14.5 44.5
14.5 45.5
14.5 60.5
14.5 61.5
15.5 6.5
15.5 13.5
15.5 14.5
15.5 29.5
15.5 44.5
15.5 60.5
16.5 13.5
16.5 28.5
16.5 29.5
16.5 43.5
16.5 44.5
16.5 60.5
17.5 13.5
17.5 28.5
17.5 43.5
17.5 59.5
18.5 12.5
18.5 27.5
18.5 28.5
18.5 43.5
18.5 59.5
19.5 12.5
19.5 27.5
19.5 42.5
19.5 58.5
20.5 11.5
20.5 26.5
20.5 42.5
20.5 58.5
21.5 11.5
21.5 26.5
21.5 57.5
22.5 57.5
23.5 12.5
24.5 11.5
24.5 27.5
24.5 42.5
24.5 58.5
25.5 11.5
25.5 27.5
25.5 43.5
25.5 57.5
26.5 10.5
26.5 26.5
26.5 43.5
26.5 56.5
26.5 57.5
27.5 9.5
27.5 25.5
27.5 26.5
27.5 44.5
27.5 56.5
28.5 8.5
28.5 9.5
28.5 25.5
28.5 44.5
28.5 45.5
28.5 55.5
29.5 8.5
29.5 24.5
29.5 45.5
29.5 54.5
29.5 55.5
30.5 7.5
30.5 23.5
30.5 24.5
30.5 45.5
30.5 46.5
30.5 54.5
31.5 6.5
31.5 7.5
31.5 17.5
31.5 23.5
31.5 32.5
31.5 37.5
31.5 46.5
31.5 53.5
31.5 54.5
32.5 6.5
32.5 16.5
32.5 22.5
32.5 31.5
32.5 37.5
32.5 46.5
32.5 47.5
32.5 53.5
32.5 62.5
33.5 5.5
33.5 15.5
33.5 22.5
33.5 31.5
33.5 38.5
33.5 47.5
33.5 52.5
33.5 61.5
34.5 14.5
34.5 15.5
34.5 21.5
34.5 30.5
34.5 38.5
34.5 48.5
34.5 60.5
34.5 61.5
35.5 13.5
35.5 14.5
35.5 29.5
35.5 30.5
35.5 38.5
35.5 39.5
35.5 60.5
36.5 12.5
36.5 13.5
36.5 29.5
36.5 39.5
36.5 59.5
36.5 60.5
37.5 12.5
37.5 28.5
37.5 29.5
37.5 39.5
37.5 40.5
37.5 59.5
38.5 11.5
38.5 28.5
38.5 40.5
38.5 58.5
38.5 59.5
39.5 10.5
39.5 11.5
39.5 27.5
39.5 28.5
39.5 40.5
39.5 41.5
39.5 58.5
40.5 10.5
40.5 27.5
40.5 41.5
40.5 57.5
41.5 9.5
41.5 26.5
41.5 41.5
41.5 57.5
42.5 26.5
42.5 42.5
42.5 56.5
44.5 11.5
44.5 27.5
44.5 41.5
44.5 57.5
45.5 10.5
45.5 26.5
45.5 41.5
45.5 56.5
46.5 9.5
46.5 10.5
46.5 26.5
46.5 42.5
46.5 55.5
46.5 56.5
47.5 9.5
47.5 25.5
47.5 42.5
47.5 55.5
48.5 8.5
48.5 9.5
48.5 24.5
48.5 25.5
48.5 42.5
48.5 43.5
48.5 54.5
48.5 55.5
49.5 7.5
49.5 8.5
49.5 24.5
49.5 43.5
49.5 53.5
49.5 54.5
50.5 7.5
50.5 17.5
50.5 23.5
50.5 43.5
50.5 44.5
50.5 53.5
51.5 6.5
51.5 7.5
51.5 23.5
51.5 32.5
51.5 44.5
51.5 52.5
51.5 53.5
52.5 6.5
52.5 16.5
52.5 22.5
52.5 32.5
52.5 36.5
52.5 44.5
52.5 45.5
52.5 52.5
52.5 63.5
53.5 5.5
53.5 15.5
53.5 21.5
53.5 22.5
53.5 31.5
53.5 36.5
53.5 45.5
53.5 51.5
53.5 62.5
54.5 5.5
54.5 14.5
54.5 15.5
54.5 21.5
54.5 30.5
54.5 37.5
54.5 45.5
54.5 61.5
55.5 14.5
55.5 29.5
55.5 30.5
55.5 37.5
55.5 38.5
55.5 50.5
55.5 60.5
56.5 13.5
56.5 29.5
56.5 38.5
56.5 59.5
56.5 60.5
57.5 12.5
57.5 13.5
57.5 28.5
57.5 39.5
57.5 58.5
57.5 59.5
58.5 12.5
58.5 27.5
58.5 28.5
58.5 39.5
58.5 57.5
58.5 58.5
59.5 11.5
59.5 27.5
59.5 40.5
59.5 56.5
59.5 57.5
60.5 11.5
60.5 26.5
60.5 40.5
60.5 56.5
61.5 10.5
61.5 41.5
61.5 55.5
