2.5 8.5
2.5 27.5
2.5 38.5
2.5 49.5
2.5 59.5
3.5 17.5
3.5 27.5
3.5 39.5
3.5 59.5
4.5 7.5
4.5 17.5
4.5 28.5
4.5 39.5
4.5 48.5
4.5 58.5
5.5 7.5
5.5 16.5
5.5 28.5
5.5 40.5
5.5 48.5
5.5 52.5
5.5 58.5
6.5 6.5
6.5 16.5
6.5 29.5
6.5 33.5
6.5 41.5
6.5 52.5
6.5 58.5
7.5 6.5
7.5 11.5
7.5 21.5
7.5 23.5
7.5 29.5
7.5 34.5
7.5 41.5
7.5 47.5
7.5 57.5
8.5 11.5
8.5 15.5
8.5 34.5
8.5 42.5
8.5 47.5
8.5 57.5
8.5 64.5
9.5 5.5
9.5 15.5
9.5 20.5
9.5 24.5
9.5 30.5
9.5 35.5
9.5 43.5
9.5 51.5
9.5 56.5
9.5 63.5
10.5 5.5
10.5 10.5
10.5 14.5
10.5 24.5
10.5 30.5
10.5 36.5
10.5 46.5
10.5 51.5
10.5 56.5
10.5 63.5
11.5 10.5
11.5 14.5
11.5 19.5
11.5 25.5
11.5 31.5
11.5 36.5
11.5 44.5
11.5 51.5
11.5 56.5
11.5 62.5
12.5 19.5
12.5 25.5
12.5 37.5
12.5 55.5
12.5 62.5
13.5 9.5
13.5 18.5
13.5 26.5
13.5 38.5
13.5 50.5
13.5 55.5
13.5 61.5
14.5 9.5
14.5 18.5
14.5 26.5
14.5 38.5
14.5 50.5
14.5 60.5
15.5 27.5
15.5 39.5
15.5 50.5
15.5 60.5
16.5 17.5
16.5 40.5
16.5 59.5
17.5 8.5
17.5 17.5
17.5 28.5
17.5 59.5
18.5 8.5
18.5 17.5
18.5 27.5
18.5 39.5
18.5 49.5
18.5 58.5
18.5 59.5
19.5 17.5
19.5 27.5
19.5 39.5
19.5 49.5
19.5 59.5
20.5 7.5
20.5 17.5
20.5 27.5
20.5 38.5
20.5 60.5
21.5 7.5
21.5 26.5
21.5 38.5
21.5 48.5
21.5 60.5
22.5 6.5
22.5 21.5
22.5 26.5
22.5 32.5
22.5 37.5
22.5 43.5
22.5 48.5
22.5 60.5
23.5 6.5
23.5 12.5
23.5 16.5
23.5 21.5
23.5 26.5
23.5 32.5
23.5 37.5
23.5 43.5
23.5 54.5
23.5 61.5
24.5 11.5
24.5 16.5
24.5 21.5
24.5 26.5
24.5 36.5
24.5 47.5
24.5 52.5
24.5 61.5
25.5 5.5
25.5 11.5
25.5 16.5
25.5 21.5
25.5 31.5
25.5 36.5
25.5 42.5
25.5 47.5
25.5 55.5
25.5 62.5
26.5 10.5
26.5 11.5
26.5 16.5
26.5 25.5
26.5 31.5
26.5 35.5
26.5 42.5
26.5 51.5
26.5 62.5
27.5 10.5
27.5 25.5
27.5 31.5
27.5 41.5
27.5 46.5
27.5 56.5
27.5 62.5
28.5 10.5
28.5 20.5
28.5 30.5
28.5 41.5
28.5 46.5
28.5 50.5
28.5 57.5
28.5 63.5
29.5 9.5
29.5 20.5
29.5 30.5
29.5 41.5
29.5 50.5
29.5 57.5
29.5 63.5
30.5 9.5
30.5 20.5
30.5 30.5
30.5 40.5
30.5 49.5
30.5 58.5
31.5 8.5
31.5 20.5
31.5 29.5
31.5 40.5
31.5 49.5
31.5 58.5
32.5 8.5
32.5 20.5
32.5 29.5
32.5 40.5
32.5 59.5
33.5 7.5
33.5 29.5
33.5 40.5
33.5 48.5
34.5 8.5
34.5 20.5
34.5 30.5
34.5 39.5
34.5 59.5
34.5 60.5
35.5 9.5
35.5 19.5
35.5 30.5
35.5 39.5
35.5 49.5
35.5 58.5
36.5 9.5
36.5 10.5
36.5 31.5
36.5 58.5
37.5 10.5
37.5 11.5
37.5 18.5
37.5 31.5
37.5 38.5
37.5 50.5
37.5 57.5
38.5 11.5
38.5 17.5
38.5 23.5
38.5 25.5
38.5 32.5
38.5 38.5
38.5 50.5
38.5 56.5
39.5 12.5
39.5 22.5
39.5 32.5
39.5 37.5
39.5 43.5
39.5 46.5
39.5 56.5
39.5 63.5
40.5 5.5
40.5 13.5
40.5 16.5
40.5 22.5
40.5 26.5
40.5 33.5
40.5 37.5
40.5 51.5
40.5 55.5
40.5 62.5
41.5 6.5
41.5 14.5
41.5 21.5
41.5 27.5
41.5 42.5
41.5 47.5
41.5 51.5
41.5 54.5
41.5 62.5
42.5 7.5
42.5 27.5
42.5 28.5
42.5 34.5
42.5 42.5
42.5 47.5
42.5 61.5
43.5 8.5
43.5 20.5
43.5 28.5
43.5 41.5
43.5 60.5
44.5 19.5
44.5 29.5
44.5 41.5
44.5 48.5
44.5 60.5
45.5 19.5
45.5 40.5
45.5 59.5
46.5 8.5
46.5 18.5
46.5 30.5
46.5 40.5
46.5 49.5
46.5 58.5
47.5 8.5
47.5 30.5
47.5 58.5
48.5 19.5
48.5 40.5
48.5 49.5
48.5 57.5
49.5 9.5
49.5 19.5
49.5 29.5
49.5 40.5
49.5 58.5
50.5 9.5
50.5 28.5
50.5 41.5
50.5 48.5
50.5 58.5
51.5 9.5
51.5 20.5
51.5 28.5
51.5 41.5
51.5 48.5
52.5 20.5
52.5 27.5
52.5 34.5
52.5 42.5
52.5 57.5
53.5 10.5
53.5 15.5
53.5 21.5
53.5 27.5
53.5 37.5
53.5 42.5
53.5 47.5
53.5 51.5
53.5 57.5
54.5 5.5
54.5 10.5
54.5 15.5
54.5 21.5
54.5 26.5
54.5 33.5
54.5 37.5
54.5 47.5
54.5 51.5
54.5 57.5
54.5 63.5
55.5 5.5
55.5 10.5
55.5 25.5
55.5 32.5
55.5 38.5
55.5 43.5
55.5 51.5
55.5 56.5
56.5 16.5
56.5 22.5
56.5 25.5
56.5 32.5
56.5 38.5
56.5 46.5
56.5 51.5
56.5 56.5
56.5 62.5
57.5 6.5
57.5 11.5
57.5 16.5
57.5 22.5
57.5 24.5
57.5 31.5
57.5 38.5
57.5 44.5
57.5 56.5
58.5 6.5
58.5 11.5
58.5 16.5
58.5 31.5
58.5 39.5
58.5 50.5
58.5 55.5
58.5 61.5
59.5 17.5
59.5 30.5
59.5 39.5
59.5 50.5
59.5 55.5
60.5 7.5
60.5 17.5
60.5 30.5
60.5 50.5
60.5 60.5
61.5 7.5
61.5 17.5
61.5 29.5
61.5 40.5
61.5 50.5
62.5 29.5
62.5 40.5
62.5 59.5
63.5 28.5
