4.5 10.5
5.5 11.5
5.5 18.5
5.5 32.5
5.5 59.5
6.5 12.5
6.5 17.5
6.5 31.5
6.5 32.5
6.5 47.5
6.5 60.5
7.5 24.5
7.5 31.5
7.5 47.5
7.5 48.5
7.5 61.5
8.5 7.5
8.5 23.5
8.5 24.5
8.5 31.5
8.5 48.5
9.5 7.5
9.5 8.5
9.5 23.5
9.5 49.5
9.5 55.5
10.5 8.5
10.5 23.5
10.5 55.5
10.5 56.5
11.5 22.5
11.5 35.5
11.5 36.5
11.5 43.5
11.5 56.5
12.5 44.5
13.5 45.5
16.5 10.5
16.5 22.5
17.5 10.5
17.5 11.5
17.5 23.5
17.5 58.5
18.5 11.5
18.5 24.5
18.5 35.5
18.5 36.5
18.5 44.5
18.5 45.5
18.5 59.5
19.5 12.5
19.5 18.5
19.5 25.5
19.5 36.5
19.5 43.5
19.5 44.5
19.5 60.5
20.5 18.5
20.5 37.5
20.5 43.5
20.5 61.5
21.5 5.5
21.5 19.5
21.5 30.5
22.5 6.5
22.5 7.5
22.5 19.5
22.5 31.5
22.5 32.5
22.5 49.5
22.5 55.5
23.5 7.5
23.5 8.5
23.5 20.5
23.5 33.5
23.5 48.5
23.5 56.5
24.5 47.5
29.5 7.5
29.5 8.5
29.5 22.5
29.5 34.5
29.5 35.5
29.5 48.5
29.5 57.5
30.5 6.5
30.5 7.5
30.5 22.5
30.5 23.5
30.5 35.5
30.5 36.5
30.5 48.5
30.5 56.5
31.5 5.5
31.5 6.5
31.5 23.5
31.5 36.5
31.5 37.5
31.5 49.5
31.5 55.5
32.5 23.5
33.5 30.5
33.5 61.5
34.5 12.5
34.5 18.5
34.5 30.5
34.5 31.5
34.5 43.5
34.5 44.5
34.5 60.5
35.5 10.5
35.5 11.5
35.5 18.5
35.5 19.5
35.5 31.5
35.5 44.5
35.5 45.5
35.5 59.5
36.5 19.5
36.5 32.5
36.5 45.5
41.5 8.5
41.5 45.5
41.5 59.5
42.5 7.5
42.5 19.5
42.5 20.5
42.5 32.5
42.5 44.5
42.5 59.5
42.5 60.5
43.5 6.5
43.5 7.5
43.5 18.5
43.5 19.5
43.5 31.5
43.5 43.5
43.5 60.5
43.5 61.5
44.5 6.5
44.5 18.5
44.5 30.5
44.5 42.5
46.5 12.5
46.5 24.5
46.5 36.5
46.5 37.5
46.5 49.5
46.5 55.5
47.5 11.5
47.5 23.5
47.5 24.5
47.5 35.5
47.5 36.5
47.5 48.5
47.5 56.5
48.5 10.5
48.5 22.5
48.5 23.5
48.5 35.5
48.5 47.5
48.5 56.5
53.5 57.5
54.5 10.5
54.5 11.5
54.5 21.5
54.5 33.5
54.5 47.5
54.5 56.5
55.5 11.5
55.5 12.5
55.5 20.5
55.5 32.5
55.5 48.5
55.5 49.5
55.5 55.5
56.5 12.5
56.5 13.5
56.5 19.5
56.5 31.5
56.5 49.5
57.5 61.5
58.5 6.5
58.5 25.5
58.5 38.5
58.5 43.5
58.5 60.5
59.5 7.5
59.5 24.5
59.5 37.5
59.5 44.5
59.5 59.5
59.5 60.5
60.5 8.5
60.5 23.5
60.5 36.5
60.5 45.5
60.5 59.5
61.5 9.5
61.5 35.5
