7.5 5.5
8.5 5.5
20.5 5.5
32.5 5.5
50.5 5.5
19.5 6.5
33.5 6.5
39.5 6.5
49.5 6.5
60.5 6.5
14.5 7.5
15.5 7.5
34.5 7.5
13.5 8.5
24.5 8.5
28.5 8.5
44.5 8.5
55.5 8.5
23.5 9.5
29.5 9.5
43.5 9.5
54.5 9.5
64.5 9.5
22.5 10.5
30.5 10.5
42.5 10.5
53.5 10.5
64.5 10.5
12.5 13.5
13.5 14.5
22.5 14.5
31.5 14.5
53.5 14.5
64.5 14.5
14.5 15.5
23.5 15.5
30.5 15.5
42.5 15.5
54.5 15.5
15.5 16.5
28.5 16.5
29.5 16.5
44.5 16.5
55.5 16.5
9.5 17.5
19.5 17.5
60.5 17.5
9.5 18.5
20.5 18.5
38.5 18.5
49.5 18.5
60.5 18.5
10.5 19.5
20.5 19.5
33.5 19.5
39.5 19.5
50.5 19.5
61.5 19.5
10.5 20.5
11.5 20.5
21.5 20.5
32.5 20.5
40.5 20.5
51.5 20.5
11.5 21.5
41.5 21.5
22.5 24.5
51.5 24.5
61.5 24.5
22.5 25.5
30.5 25.5
42.5 25.5
50.5 25.5
12.5 26.5
13.5 26.5
23.5 26.5
29.5 26.5
43.5 26.5
49.5 26.5
60.5 26.5
14.5 27.5
23.5 27.5
28.5 27.5
44.5 27.5
19.5 28.5
55.5 28.5
59.5 28.5
9.5 29.5
19.5 29.5
33.5 29.5
39.5 29.5
54.5 29.5
64.5 29.5
10.5 30.5
20.5 30.5
32.5 30.5
40.5 30.5
41.5 30.5
53.5 30.5
64.5 30.5
63.5 31.5
12.5 35.5
20.5 35.5
30.5 35.5
40.5 35.5
41.5 35.5
52.5 35.5
14.5 36.5
19.5 36.5
29.5 36.5
39.5 36.5
40.5 36.5
53.5 36.5
18.5 37.5
28.5 37.5
54.5 37.5
64.5 37.5
9.5 38.5
24.5 38.5
34.5 38.5
44.5 38.5
55.5 38.5
9.5 39.5
10.5 39.5
22.5 39.5
23.5 39.5
33.5 39.5
44.5 39.5
49.5 39.5
10.5 40.5
21.5 40.5
22.5 40.5
32.5 40.5
43.5 40.5
50.5 40.5
59.5 40.5
60.5 40.5
61.5 41.5
62.5 41.5
21.5 44.5
12.5 45.5
20.5 45.5
32.5 45.5
42.5 45.5
13.5 46.5
20.5 46.5
33.5 46.5
43.5 46.5
49.5 46.5
61.5 46.5
13.5 47.5
19.5 47.5
34.5 47.5
44.5 47.5
60.5 47.5
61.5 47.5
14.5 48.5
39.5 48.5
59.5 48.5
60.5 48.5
8.5 49.5
29.5 49.5
39.5 49.5
54.5 49.5
9.5 50.5
24.5 50.5
29.5 50.5
40.5 50.5
53.5 50.5
10.5 51.5
23.5 51.5
30.5 51.5
40.5 51.5
52.5 51.5
64.5 51.5
11.5 52.5
23.5 52.5
30.5 52.5
63.5 52.5
22.5 53.5
11.5 56.5
39.5 56.5
51.5 56.5
9.5 57.5
10.5 57.5
22.5 57.5
32.5 57.5
38.5 57.5
49.5 57.5
50.5 57.5
63.5 57.5
24.5 58.5
33.5 58.5
34.5 58.5
48.5 58.5
64.5 58.5
14.5 59.5
18.5 59.5
43.5 59.5
13.5 60.5
19.5 60.5
29.5 60.5
42.5 60.5
54.5 60.5
59.5 60.5
12.5 61.5
31.5 61.5
41.5 61.5
53.5 61.5
60.5 61.5
61.5 62.5
