13.5 5.5
21.5 5.5
33.5 5.5
34.5 5.5
51.5 5.5
61.5 5.5
14.5 6.5
20.5 6.5
50.5 6.5
61.5 6.5
44.5 7.5
45.5 7.5
50.5 7.5
61.5 7.5
8.5 8.5
29.5 8.5
42.5 8.5
43.5 8.5
44.5 8.5
56.5 8.5
9.5 9.5
29.5 9.5
41.5 9.5
42.5 9.5
55.5 9.5
10.5 10.5
23.5 10.5
55.5 10.5
64.5 10.5
22.5 11.5
54.5 11.5
64.5 11.5
31.5 14.5
11.5 15.5
20.5 15.5
32.5 15.5
38.5 15.5
39.5 15.5
40.5 15.5
41.5 15.5
64.5 15.5
12.5 16.5
13.5 16.5
19.5 16.5
33.5 16.5
54.5 16.5
55.5 16.5
14.5 17.5
18.5 17.5
8.5 18.5
9.5 19.5
23.5 19.5
28.5 19.5
29.5 19.5
44.5 19.5
50.5 19.5
61.5 19.5
10.5 20.5
22.5 20.5
29.5 20.5
30.5 20.5
43.5 20.5
21.5 21.5
31.5 21.5
51.5 24.5
12.5 25.5
32.5 25.5
40.5 25.5
50.5 25.5
61.5 25.5
13.5 26.5
19.5 26.5
20.5 26.5
34.5 26.5
39.5 26.5
49.5 26.5
60.5 26.5
61.5 26.5
18.5 27.5
55.5 27.5
60.5 27.5
44.5 28.5
54.5 28.5
8.5 29.5
9.5 29.5
24.5 29.5
29.5 29.5
30.5 29.5
43.5 29.5
44.5 29.5
54.5 29.5
9.5 30.5
10.5 30.5
22.5 30.5
31.5 30.5
53.5 30.5
64.5 30.5
10.5 31.5
21.5 31.5
53.5 31.5
64.5 31.5
11.5 35.5
20.5 35.5
32.5 35.5
41.5 35.5
52.5 35.5
12.5 36.5
13.5 36.5
19.5 36.5
33.5 36.5
40.5 36.5
53.5 36.5
63.5 36.5
64.5 36.5
14.5 37.5
18.5 37.5
34.5 37.5
39.5 37.5
54.5 37.5
24.5 38.5
34.5 38.5
49.5 38.5
8.5 39.5
23.5 39.5
28.5 39.5
45.5 39.5
50.5 39.5
59.5 39.5
60.5 39.5
10.5 40.5
22.5 40.5
29.5 40.5
44.5 40.5
50.5 40.5
61.5 40.5
30.5 41.5
43.5 41.5
51.5 41.5
11.5 44.5
61.5 44.5
10.5 45.5
20.5 45.5
31.5 45.5
60.5 45.5
9.5 46.5
20.5 46.5
32.5 46.5
41.5 46.5
53.5 46.5
59.5 46.5
19.5 47.5
33.5 47.5
39.5 47.5
40.5 47.5
54.5 47.5
14.5 48.5
64.5 48.5
14.5 49.5
24.5 49.5
29.5 49.5
45.5 49.5
50.5 49.5
63.5 49.5
64.5 49.5
13.5 50.5
23.5 50.5
29.5 50.5
30.5 50.5
43.5 50.5
44.5 50.5
51.5 50.5
63.5 50.5
13.5 51.5
23.5 51.5
30.5 51.5
22.5 52.5
43.5 55.5
53.5 55.5
61.5 55.5
11.5 56.5
32.5 56.5
44.5 56.5
53.5 56.5
60.5 56.5
61.5 56.5
10.5 57.5
20.5 57.5
21.5 57.5
33.5 57.5
34.5 57.5
45.5 57.5
54.5 57.5
60.5 57.5
19.5 58.5
34.5 58.5
39.5 58.5
49.5 58.5
59.5 58.5
15.5 59.5
40.5 59.5
50.5 59.5
13.5 60.5
14.5 60.5
24.5 60.5
29.5 60.5
41.5 60.5
51.5 60.5
64.5 60.5
12.5 61.5
22.5 61.5
23.5 61.5
30.5 61.5
31.5 61.5
63.5 61.5
