9.5 5.5
19.5 5.5
33.5 5.5
40.5 5.5
50.5 5.5
61.5 5.5
9.5 6.5
18.5 6.5
34.5 6.5
39.5 6.5
48.5 6.5
49.5 6.5
60.5 6.5
13.5 7.5
17.5 7.5
25.5 7.5
28.5 7.5
56.5 7.5
59.5 7.5
24.5 8.5
29.5 8.5
43.5 8.5
54.5 8.5
64.5 8.5
12.5 9.5
23.5 9.5
30.5 9.5
52.5 9.5
53.5 9.5
64.5 9.5
12.5 10.5
22.5 10.5
31.5 10.5
63.5 10.5
21.5 11.5
52.5 13.5
11.5 14.5
22.5 14.5
32.5 14.5
41.5 14.5
52.5 14.5
53.5 14.5
64.5 14.5
10.5 15.5
20.5 15.5
21.5 15.5
31.5 15.5
40.5 15.5
53.5 15.5
9.5 16.5
19.5 16.5
30.5 16.5
40.5 16.5
54.5 16.5
17.5 17.5
30.5 17.5
39.5 17.5
48.5 17.5
55.5 17.5
59.5 17.5
13.5 18.5
25.5 18.5
29.5 18.5
35.5 18.5
44.5 18.5
49.5 18.5
60.5 18.5
12.5 19.5
23.5 19.5
24.5 19.5
34.5 19.5
43.5 19.5
50.5 19.5
61.5 19.5
11.5 20.5
22.5 20.5
33.5 20.5
43.5 20.5
50.5 20.5
62.5 20.5
51.5 21.5
11.5 23.5
62.5 23.5
12.5 24.5
22.5 24.5
60.5 24.5
13.5 25.5
19.5 25.5
20.5 25.5
33.5 25.5
43.5 25.5
53.5 25.5
59.5 25.5
18.5 26.5
34.5 26.5
44.5 26.5
54.5 26.5
57.5 26.5
8.5 27.5
34.5 27.5
45.5 27.5
49.5 27.5
64.5 27.5
9.5 28.5
24.5 28.5
25.5 28.5
29.5 28.5
35.5 28.5
39.5 28.5
49.5 28.5
50.5 28.5
63.5 28.5
64.5 28.5
10.5 29.5
23.5 29.5
30.5 29.5
40.5 29.5
50.5 29.5
51.5 29.5
63.5 29.5
40.5 30.5
41.5 30.5
62.5 30.5
41.5 31.5
22.5 33.5
52.5 33.5
12.5 34.5
21.5 34.5
52.5 34.5
61.5 34.5
13.5 35.5
20.5 35.5
32.5 35.5
41.5 35.5
53.5 35.5
60.5 35.5
61.5 35.5
14.5 36.5
19.5 36.5
33.5 36.5
42.5 36.5
54.5 36.5
60.5 36.5
15.5 37.5
18.5 37.5
25.5 37.5
29.5 37.5
34.5 37.5
43.5 37.5
54.5 37.5
59.5 37.5
8.5 38.5
24.5 38.5
29.5 38.5
37.5 38.5
44.5 38.5
47.5 38.5
9.5 39.5
23.5 39.5
30.5 39.5
38.5 39.5
48.5 39.5
49.5 39.5
10.5 40.5
22.5 40.5
31.5 40.5
39.5 40.5
50.5 40.5
64.5 40.5
11.5 41.5
40.5 41.5
51.5 41.5
62.5 41.5
31.5 43.5
21.5 44.5
39.5 44.5
63.5 44.5
12.5 45.5
20.5 45.5
32.5 45.5
51.5 45.5
62.5 45.5
13.5 46.5
20.5 46.5
32.5 46.5
38.5 46.5
49.5 46.5
50.5 46.5
61.5 46.5
14.5 47.5
19.5 47.5
25.5 47.5
33.5 47.5
37.5 47.5
48.5 47.5
49.5 47.5
60.5 47.5
8.5 48.5
24.5 48.5
28.5 48.5
37.5 48.5
44.5 48.5
47.5 48.5
9.5 49.5
23.5 49.5
29.5 49.5
43.5 49.5
55.5 49.5
11.5 50.5
22.5 50.5
29.5 50.5
42.5 50.5
54.5 50.5
64.5 50.5
22.5 51.5
30.5 51.5
41.5 51.5
53.5 51.5
10.5 54.5
11.5 54.5
9.5 55.5
10.5 55.5
21.5 55.5
53.5 55.5
64.5 55.5
9.5 56.5
20.5 56.5
30.5 56.5
41.5 56.5
54.5 56.5
55.5 56.5
8.5 57.5
19.5 57.5
29.5 57.5
39.5 57.5
40.5 57.5
56.5 57.5
14.5 58.5
18.5 58.5
25.5 58.5
35.5 58.5
60.5 58.5
13.5 59.5
24.5 59.5
34.5 59.5
45.5 59.5
50.5 59.5
61.5 59.5
12.5 60.5
23.5 60.5
33.5 60.5
44.5 60.5
45.5 60.5
51.5 60.5
62.5 60.5
63.5 60.5
11.5 61.5
22.5 61.5
32.5 61.5
44.5 61.5
43.5 62.5
52.5 62.5
