14.5 5.5
15.5 5.5
16.5 5.5
17.5 5.5
18.5 5.5
19.5 5.5
35.5 5.5
36.5 5.5
37.5 5.5
38.5 5.5
53.5 5.5
54.5 5.5
55.5 5.5
56.5 5.5
57.5 5.5
11.5 6.5
12.5 6.5
13.5 6.5
14.5 6.5
15.5 6.5
16.5 6.5
32.5 6.5
33.5 6.5
34.5 6.5
35.5 6.5
36.5 6.5
50.5 6.5
51.5 6.5
52.5 6.5
53.5 6.5
54.5 6.5
55.5 6.5
9.5 7.5
10.5 7.5
11.5 7.5
12.5 7.5
13.5 7.5
14.5 7.5
30.5 7.5
31.5 7.5
32.5 7.5
33.5 7.5
34.5 7.5
45.5 7.5
46.5 7.5
47.5 7.5
48.5 7.5
49.5 7.5
50.5 7.5
51.5 7.5
52.5 7.5
6.5 8.5
7.5 8.5
8.5 8.5
9.5 8.5
10.5 8.5
26.5 8.5
27.5 8.5
28.5 8.5
29.5 8.5
30.5 8.5
31.5 8.5
42.5 8.5
43.5 8.5
44.5 8.5
45.5 8.5
46.5 8.5
47.5 8.5
48.5 8.5
49.5 8.5
6.5 9.5
21.5 9.5
22.5 9.5
23.5 9.5
24.5 9.5
25.5 9.5
26.5 9.5
27.5 9.5
40.5 9.5
41.5 9.5
42.5 9.5
43.5 9.5
61.5 9.5
62.5 9.5
63.5 9.5
64.5 9.5
18.5 10.5
19.5 10.5
20.5 10.5
21.5 10.5
22.5 10.5
23.5 10.5
38.5 10.5
39.5 10.5
40.5 10.5
41.5 10.5
58.5 10.5
59.5 10.5
60.5 10.5
61.5 10.5
62.5 10.5
63.5 10.5
64.5 10.5
15.5 11.5
16.5 11.5
17.5 11.5
18.5 11.5
19.5 11.5
20.5 11.5
36.5 11.5
37.5 11.5
38.5 11.5
39.5 11.5
56.5 11.5
57.5 11.5
58.5 11.5
59.5 11.5
60.5 11.5
61.5 11.5
62.5 11.5
13.5 12.5
14.5 12.5
15.5 12.5
16.5 12.5
34.5 12.5
35.5 12.5
36.5 12.5
54.5 12.5
55.5 12.5
56.5 12.5
57.5 12.5
58.5 12.5
59.5 12.5
53.5 13.5
54.5 13.5
55.5 13.5
41.5 14.5
12.5 15.5
13.5 15.5
37.5 15.5
38.5 15.5
39.5 15.5
13.5 16.5
14.5 16.5
15.5 16.5
16.5 16.5
17.5 16.5
18.5 16.5
35.5 16.5
36.5 16.5
37.5 16.5
38.5 16.5
16.5 17.5
17.5 17.5
18.5 17.5
19.5 17.5
20.5 17.5
21.5 17.5
32.5 17.5
33.5 17.5
34.5 17.5
35.5 17.5
36.5 17.5
57.5 17.5
58.5 17.5
59.5 17.5
60.5 17.5
61.5 17.5
19.5 18.5
20.5 18.5
21.5 18.5
22.5 18.5
23.5 18.5
24.5 18.5
30.5 18.5
31.5 18.5
32.5 18.5
33.5 18.5
52.5 18.5
53.5 18.5
54.5 18.5
55.5 18.5
56.5 18.5
57.5 18.5
58.5 18.5
59.5 18.5
22.5 19.5
23.5 19.5
24.5 19.5
25.5 19.5
26.5 19.5
27.5 19.5
28.5 19.5
29.5 19.5
30.5 19.5
31.5 19.5
45.5 19.5
46.5 19.5
47.5 19.5
48.5 19.5
49.5 19.5
50.5 19.5
51.5 19.5
52.5 19.5
53.5 19.5
54.5 19.5
55.5 19.5
56.5 19.5
6.5 20.5
7.5 20.5
8.5 20.5
9.5 20.5
27.5 20.5
28.5 20.5
41.5 20.5
42.5 20.5
43.5 20.5
44.5 20.5
45.5 20.5
46.5 20.5
47.5 20.5
48.5 20.5
49.5 20.5
50.5 20.5
51.5 20.5
52.5 20.5
7.5 21.5
8.5 21.5
9.5 21.5
10.5 21.5
11.5 21.5
12.5 21.5
13.5 21.5
38.5 21.5
39.5 21.5
40.5 21.5
41.5 21.5
42.5 21.5
43.5 21.5
44.5 21.5
9.5 22.5
10.5 22.5
11.5 22.5
12.5 22.5
13.5 22.5
14.5 22.5
15.5 22.5
36.5 22.5
37.5 22.5
38.5 22.5
39.5 22.5
40.5 22.5
41.5 22.5
62.5 22.5
63.5 22.5
64.5 22.5
12.5 23.5
13.5 23.5
14.5 23.5
15.5 23.5
16.5 23.5
17.5 23.5
18.5 23.5
34.5 23.5
35.5 23.5
36.5 23.5
37.5 23.5
38.5 23.5
58.5 23.5
59.5 23.5
60.5 23.5
61.5 23.5
62.5 23.5
63.5 23.5
16.5 24.5
17.5 24.5
18.5 24.5
19.5 24.5
20.5 24.5
33.5 24.5
34.5 24.5
56.5 24.5
57.5 24.5
58.5 24.5
59.5 24.5
60.5 24.5
53.5 25.5
54.5 25.5
55.5 25.5
56.5 25.5
39.5 27.5
40.5 27.5
41.5 27.5
13.5 28.5
14.5 28.5
15.5 28.5
37.5 28.5
38.5 28.5
39.5 28.5
40.5 28.5
58.5 28.5
59.5 28.5
60.5 28.5
14.5 29.5
15.5 29.5
16.5 29.5
17.5 29.5
18.5 29.5
34.5 29.5
35.5 29.5
36.5 29.5
37.5 29.5
38.5 29.5
39.5 29.5
56.5 29.5
57.5 29.5
58.5 29.5
59.5 29.5
16.5 30.5
17.5 30.5
18.5 30.5
19.5 30.5
20.5 30.5
21.5 30.5
32.5 30.5
33.5 30.5
34.5 30.5
35.5 30.5
36.5 30.5
37.5 30.5
53.5 30.5
54.5 30.5
55.5 30.5
56.5 30.5
57.5 30.5
18.5 31.5
19.5 31.5
20.5 31.5
21.5 31.5
22.5 31.5
23.5 31.5
30.5 31.5
31.5 31.5
32.5 31.5
33.5 31.5
34.5 31.5
35.5 31.5
48.5 31.5
51.5 31.5
52.5 31.5
53.5 31.5
54.5 31.5
55.5 31.5
6.5 32.5
20.5 32.5
21.5 32.5
22.5 32.5
23.5 32.5
24.5 32.5
25.5 32.5
28.5 32.5
29.5 32.5
30.5 32.5
31.5 32.5
32.5 32.5
33.5 32.5
45.5 32.5
46.5 32.5
47.5 32.5
49.5 32.5
50.5 32.5
51.5 32.5
52.5 32.5
53.5 32.5
7.5 33.5
8.5 33.5
9.5 33.5
23.5 33.5
24.5 33.5
25.5 33.5
26.5 33.5
27.5 33.5
28.5 33.5
29.5 33.5
30.5 33.5
43.5 33.5
44.5 33.5
45.5 33.5
46.5 33.5
47.5 33.5
48.5 33.5
49.5 33.5
50.5 33.5
63.5 33.5
64.5 33.5
8.5 34.5
9.5 34.5
10.5 34.5
11.5 34.5
12.5 34.5
26.5 34.5
27.5 34.5
28.5 34.5
41.5 34.5
42.5 34.5
43.5 34.5
44.5 34.5
60.5 34.5
61.5 34.5
62.5 34.5
63.5 34.5
64.5 34.5
11.5 35.5
12.5 35.5
13.5 35.5
14.5 35.5
39.5 35.5
40.5 35.5
41.5 35.5
42.5 35.5
58.5 35.5
59.5 35.5
60.5 35.5
61.5 35.5
62.5 35.5
13.5 36.5
14.5 36.5
15.5 36.5
16.5 36.5
17.5 36.5
37.5 36.5
38.5 36.5
39.5 36.5
40.5 36.5
41.5 36.5
56.5 36.5
57.5 36.5
58.5 36.5
59.5 36.5
60.5 36.5
16.5 37.5
17.5 37.5
18.5 37.5
19.5 37.5
36.5 37.5
37.5 37.5
38.5 37.5
54.5 37.5
55.5 37.5
56.5 37.5
57.5 37.5
19.5 38.5
20.5 38.5
34.5 38.5
35.5 38.5
36.5 38.5
53.5 38.5
33.5 39.5
34.5 39.5
60.5 40.5
61.5 40.5
18.5 41.5
19.5 41.5
20.5 41.5
21.5 41.5
38.5 41.5
39.5 41.5
40.5 41.5
41.5 41.5
57.5 41.5
58.5 41.5
59.5 41.5
60.5 41.5
14.5 42.5
15.5 42.5
16.5 42.5
17.5 42.5
18.5 42.5
19.5 42.5
20.5 42.5
36.5 42.5
37.5 42.5
38.5 42.5
39.5 42.5
54.5 42.5
55.5 42.5
56.5 42.5
57.5 42.5
58.5 42.5
11.5 43.5
12.5 43.5
13.5 43.5
14.5 43.5
15.5 43.5
16.5 43.5
17.5 43.5
34.5 43.5
35.5 43.5
36.5 43.5
37.5 43.5
52.5 43.5
53.5 43.5
54.5 43.5
55.5 43.5
56.5 43.5
8.5 44.5
9.5 44.5
10.5 44.5
11.5 44.5
12.5 44.5
13.5 44.5
14.5 44.5
15.5 44.5
32.5 44.5
33.5 44.5
34.5 44.5
35.5 44.5
47.5 44.5
48.5 44.5
50.5 44.5
51.5 44.5
52.5 44.5
53.5 44.5
54.5 44.5
6.5 45.5
7.5 45.5
8.5 45.5
9.5 45.5
10.5 45.5
11.5 45.5
12.5 45.5
30.5 45.5
31.5 45.5
32.5 45.5
33.5 45.5
45.5 45.5
46.5 45.5
47.5 45.5
48.5 45.5
49.5 45.5
50.5 45.5
51.5 45.5
52.5 45.5
6.5 46.5
7.5 46.5
25.5 46.5
26.5 46.5
27.5 46.5
28.5 46.5
29.5 46.5
30.5 46.5
31.5 46.5
42.5 46.5
43.5 46.5
44.5 46.5
45.5 46.5
47.5 46.5
48.5 46.5
49.5 46.5
62.5 46.5
63.5 46.5
64.5 46.5
21.5 47.5
22.5 47.5
23.5 47.5
24.5 47.5
25.5 47.5
26.5 47.5
27.5 47.5
28.5 47.5
40.5 47.5
41.5 47.5
42.5 47.5
43.5 47.5
44.5 47.5
59.5 47.5
60.5 47.5
61.5 47.5
62.5 47.5
63.5 47.5
64.5 47.5
18.5 48.5
19.5 48.5
20.5 48.5
21.5 48.5
22.5 48.5
23.5 48.5
38.5 48.5
39.5 48.5
40.5 48.5
41.5 48.5
42.5 48.5
57.5 48.5
58.5 48.5
59.5 48.5
60.5 48.5
61.5 48.5
62.5 48.5
16.5 49.5
17.5 49.5
18.5 49.5
19.5 49.5
20.5 49.5
21.5 49.5
37.5 49.5
38.5 49.5
39.5 49.5
40.5 49.5
55.5 49.5
56.5 49.5
57.5 49.5
58.5 49.5
59.5 49.5
14.5 50.5
15.5 50.5
16.5 50.5
17.5 50.5
18.5 50.5
35.5 50.5
36.5 50.5
37.5 50.5
38.5 50.5
54.5 50.5
55.5 50.5
56.5 50.5
13.5 51.5
34.5 51.5
35.5 51.5
34.5 53.5
35.5 53.5
36.5 53.5
54.5 53.5
55.5 53.5
56.5 53.5
13.5 54.5
14.5 54.5
15.5 54.5
16.5 54.5
36.5 54.5
37.5 54.5
38.5 54.5
39.5 54.5
56.5 54.5
57.5 54.5
58.5 54.5
59.5 54.5
60.5 54.5
15.5 55.5
16.5 55.5
17.5 55.5
18.5 55.5
19.5 55.5
20.5 55.5
38.5 55.5
39.5 55.5
40.5 55.5
41.5 55.5
42.5 55.5
58.5 55.5
59.5 55.5
60.5 55.5
61.5 55.5
62.5 55.5
63.5 55.5
18.5 56.5
19.5 56.5
20.5 56.5
21.5 56.5
22.5 56.5
23.5 56.5
24.5 56.5
40.5 56.5
41.5 56.5
42.5 56.5
43.5 56.5
44.5 56.5
61.5 56.5
62.5 56.5
63.5 56.5
64.5 56.5
21.5 57.5
22.5 57.5
23.5 57.5
24.5 57.5
25.5 57.5
26.5 57.5
43.5 57.5
44.5 57.5
45.5 57.5
46.5 57.5
48.5 57.5
49.5 57.5
50.5 57.5
64.5 57.5
6.5 58.5
7.5 58.5
8.5 58.5
9.5 58.5
10.5 58.5
26.5 58.5
27.5 58.5
28.5 58.5
29.5 58.5
30.5 58.5
31.5 58.5
45.5 58.5
46.5 58.5
47.5 58.5
48.5 58.5
50.5 58.5
51.5 58.5
52.5 58.5
53.5 58.5
8.5 59.5
9.5 59.5
10.5 59.5
11.5 59.5
12.5 59.5
13.5 59.5
29.5 59.5
30.5 59.5
31.5 59.5
32.5 59.5
33.5 59.5
34.5 59.5
35.5 59.5
52.5 59.5
53.5 59.5
54.5 59.5
55.5 59.5
56.5 59.5
11.5 60.5
12.5 60.5
13.5 60.5
14.5 60.5
15.5 60.5
16.5 60.5
32.5 60.5
33.5 60.5
34.5 60.5
35.5 60.5
36.5 60.5
37.5 60.5
38.5 60.5
54.5 60.5
55.5 60.5
56.5 60.5
57.5 60.5
58.5 60.5
14.5 61.5
15.5 61.5
16.5 61.5
17.5 61.5
18.5 61.5
36.5 61.5
37.5 61.5
38.5 61.5
39.5 61.5
40.5 61.5
41.5 61.5
57.5 61.5
58.5 61.5
59.5 61.5
60.5 61.5
17.5 62.5
18.5 62.5
19.5 62.5
41.5 62.5
42.5 62.5
43.5 62.5
60.5 62.5
61.5 62.5
62.5 62.5
