8.5 5.5
9.5 5.5
23.5 5.5
24.5 5.5
30.5 5.5
31.5 5.5
43.5 5.5
47.5 5.5
54.5 5.5
59.5 5.5
60.5 5.5
6.5 6.5
7.5 6.5
24.5 6.5
25.5 6.5
29.5 6.5
30.5 6.5
43.5 6.5
44.5 6.5
48.5 6.5
55.5 6.5
59.5 6.5
16.5 7.5
17.5 7.5
18.5 7.5
25.5 7.5
28.5 7.5
29.5 7.5
36.5 7.5
38.5 7.5
44.5 7.5
49.5 7.5
56.5 7.5
58.5 7.5
59.5 7.5
13.5 8.5
14.5 8.5
15.5 8.5
19.5 8.5
20.5 8.5
26.5 8.5
27.5 8.5
35.5 8.5
38.5 8.5
44.5 8.5
49.5 8.5
50.5 8.5
58.5 8.5
64.5 8.5
10.5 9.5
11.5 9.5
12.5 9.5
20.5 9.5
21.5 9.5
34.5 9.5
35.5 9.5
39.5 9.5
45.5 9.5
50.5 9.5
51.5 9.5
63.5 9.5
64.5 9.5
8.5 10.5
9.5 10.5
22.5 10.5
23.5 10.5
33.5 10.5
34.5 10.5
40.5 10.5
45.5 10.5
51.5 10.5
52.5 10.5
61.5 10.5
62.5 10.5
24.5 11.5
32.5 11.5
33.5 11.5
41.5 11.5
52.5 11.5
13.5 12.5
21.5 12.5
32.5 12.5
42.5 12.5
53.5 12.5
62.5 12.5
11.5 13.5
12.5 13.5
22.5 13.5
32.5 13.5
42.5 13.5
63.5 13.5
9.5 14.5
10.5 14.5
11.5 14.5
22.5 14.5
23.5 14.5
32.5 14.5
42.5 14.5
49.5 14.5
50.5 14.5
63.5 14.5
64.5 14.5
7.5 15.5
8.5 15.5
9.5 15.5
23.5 15.5
24.5 15.5
33.5 15.5
41.5 15.5
50.5 15.5
51.5 15.5
52.5 15.5
64.5 15.5
6.5 16.5
7.5 16.5
18.5 16.5
24.5 16.5
29.5 16.5
34.5 16.5
40.5 16.5
52.5 16.5
53.5 16.5
54.5 16.5
56.5 16.5
16.5 17.5
17.5 17.5
19.5 17.5
25.5 17.5
29.5 17.5
35.5 17.5
39.5 17.5
46.5 17.5
47.5 17.5
54.5 17.5
55.5 17.5
56.5 17.5
57.5 17.5
58.5 17.5
14.5 18.5
15.5 18.5
16.5 18.5
19.5 18.5
25.5 18.5
26.5 18.5
30.5 18.5
35.5 18.5
38.5 18.5
45.5 18.5
48.5 18.5
58.5 18.5
59.5 18.5
13.5 19.5
14.5 19.5
15.5 19.5
20.5 19.5
26.5 19.5
27.5 19.5
30.5 19.5
31.5 19.5
36.5 19.5
37.5 19.5
43.5 19.5
44.5 19.5
49.5 19.5
59.5 19.5
60.5 19.5
61.5 19.5
12.5 20.5
13.5 20.5
20.5 20.5
21.5 20.5
27.5 20.5
31.5 20.5
42.5 20.5
43.5 20.5
60.5 20.5
61.5 20.5
62.5 20.5
11.5 21.5
12.5 21.5
21.5 21.5
31.5 21.5
41.5 21.5
50.5 21.5
62.5 21.5
63.5 21.5
10.5 22.5
22.5 22.5
32.5 22.5
51.5 22.5
64.5 22.5
9.5 23.5
23.5 23.5
32.5 23.5
43.5 23.5
10.5 24.5
23.5 24.5
31.5 24.5
42.5 24.5
50.5 24.5
6.5 25.5
11.5 25.5
12.5 25.5
22.5 25.5
32.5 25.5
40.5 25.5
41.5 25.5
50.5 25.5
62.5 25.5
63.5 25.5
64.5 25.5
7.5 26.5
13.5 26.5
23.5 26.5
33.5 26.5
39.5 26.5
40.5 26.5
47.5 26.5
50.5 26.5
54.5 26.5
59.5 26.5
60.5 26.5
61.5 26.5
62.5 26.5
8.5 27.5
14.5 27.5
15.5 27.5
24.5 27.5
34.5 27.5
39.5 27.5
46.5 27.5
49.5 27.5
53.5 27.5
57.5 27.5
58.5 27.5
59.5 27.5
8.5 28.5
9.5 28.5
16.5 28.5
17.5 28.5
18.5 28.5
25.5 28.5
28.5 28.5
29.5 28.5
35.5 28.5
38.5 28.5
45.5 28.5
49.5 28.5
53.5 28.5
55.5 28.5
56.5 28.5
9.5 29.5
10.5 29.5
19.5 29.5
20.5 29.5
26.5 29.5
27.5 29.5
29.5 29.5
30.5 29.5
36.5 29.5
37.5 29.5
44.5 29.5
53.5 29.5
10.5 30.5
11.5 30.5
20.5 30.5
21.5 30.5
30.5 30.5
31.5 30.5
43.5 30.5
53.5 30.5
64.5 30.5
11.5 31.5
22.5 31.5
23.5 31.5
31.5 31.5
32.5 31.5
42.5 31.5
53.5 31.5
63.5 31.5
12.5 32.5
33.5 32.5
41.5 32.5
53.5 32.5
62.5 32.5
11.5 33.5
20.5 33.5
40.5 33.5
52.5 33.5
61.5 33.5
11.5 34.5
12.5 34.5
21.5 34.5
22.5 34.5
31.5 34.5
32.5 34.5
41.5 34.5
42.5 34.5
52.5 34.5
61.5 34.5
12.5 35.5
13.5 35.5
17.5 35.5
22.5 35.5
23.5 35.5
32.5 35.5
33.5 35.5
42.5 35.5
43.5 35.5
53.5 35.5
62.5 35.5
63.5 35.5
13.5 36.5
14.5 36.5
18.5 36.5
23.5 36.5
24.5 36.5
33.5 36.5
34.5 36.5
43.5 36.5
44.5 36.5
48.5 36.5
54.5 36.5
63.5 36.5
64.5 36.5
14.5 37.5
15.5 37.5
18.5 37.5
25.5 37.5
27.5 37.5
28.5 37.5
35.5 37.5
38.5 37.5
44.5 37.5
45.5 37.5
49.5 37.5
54.5 37.5
57.5 37.5
58.5 37.5
7.5 38.5
8.5 38.5
15.5 38.5
16.5 38.5
19.5 38.5
26.5 38.5
28.5 38.5
29.5 38.5
36.5 38.5
39.5 38.5
46.5 38.5
49.5 38.5
50.5 38.5
55.5 38.5
58.5 38.5
59.5 38.5
8.5 39.5
9.5 39.5
10.5 39.5
20.5 39.5
30.5 39.5
31.5 39.5
40.5 39.5
47.5 39.5
50.5 39.5
56.5 39.5
59.5 39.5
60.5 39.5
10.5 40.5
11.5 40.5
12.5 40.5
21.5 40.5
31.5 40.5
32.5 40.5
41.5 40.5
50.5 40.5
51.5 40.5
61.5 40.5
62.5 40.5
12.5 41.5
13.5 41.5
21.5 41.5
33.5 41.5
42.5 41.5
51.5 41.5
62.5 41.5
20.5 42.5
22.5 42.5
33.5 42.5
40.5 42.5
43.5 42.5
52.5 42.5
62.5 42.5
13.5 43.5
21.5 43.5
31.5 43.5
32.5 43.5
41.5 43.5
52.5 43.5
61.5 43.5
62.5 43.5
11.5 44.5
12.5 44.5
22.5 44.5
30.5 44.5
42.5 44.5
51.5 44.5
52.5 44.5
61.5 44.5
9.5 45.5
10.5 45.5
22.5 45.5
23.5 45.5
28.5 45.5
29.5 45.5
42.5 45.5
43.5 45.5
50.5 45.5
51.5 45.5
60.5 45.5
7.5 46.5
8.5 46.5
9.5 46.5
16.5 46.5
17.5 46.5
23.5 46.5
27.5 46.5
28.5 46.5
35.5 46.5
37.5 46.5
43.5 46.5
44.5 46.5
50.5 46.5
56.5 46.5
59.5 46.5
6.5 47.5
7.5 47.5
14.5 47.5
15.5 47.5
18.5 47.5
24.5 47.5
26.5 47.5
34.5 47.5
35.5 47.5
38.5 47.5
44.5 47.5
45.5 47.5
49.5 47.5
55.5 47.5
58.5 47.5
64.5 47.5
13.5 48.5
14.5 48.5
19.5 48.5
33.5 48.5
34.5 48.5
38.5 48.5
39.5 48.5
45.5 48.5
48.5 48.5
54.5 48.5
55.5 48.5
57.5 48.5
58.5 48.5
64.5 48.5
12.5 49.5
13.5 49.5
20.5 49.5
32.5 49.5
33.5 49.5
39.5 49.5
40.5 49.5
46.5 49.5
53.5 49.5
54.5 49.5
57.5 49.5
63.5 49.5
64.5 49.5
11.5 50.5
21.5 50.5
31.5 50.5
32.5 50.5
40.5 50.5
52.5 50.5
53.5 50.5
62.5 50.5
63.5 50.5
10.5 51.5
30.5 51.5
31.5 51.5
41.5 51.5
52.5 51.5
62.5 51.5
10.5 52.5
21.5 52.5
29.5 52.5
30.5 52.5
41.5 52.5
42.5 52.5
51.5 52.5
61.5 52.5
11.5 53.5
20.5 53.5
31.5 53.5
42.5 53.5
51.5 53.5
61.5 53.5
12.5 54.5
20.5 54.5
30.5 54.5
31.5 54.5
39.5 54.5
52.5 54.5
62.5 54.5
12.5 55.5
13.5 55.5
19.5 55.5
29.5 55.5
30.5 55.5
40.5 55.5
41.5 55.5
52.5 55.5
63.5 55.5
64.5 55.5
7.5 56.5
13.5 56.5
18.5 56.5
24.5 56.5
28.5 56.5
29.5 56.5
41.5 56.5
42.5 56.5
53.5 56.5
64.5 56.5
7.5 57.5
8.5 57.5
14.5 57.5
18.5 57.5
23.5 57.5
28.5 57.5
43.5 57.5
44.5 57.5
47.5 57.5
53.5 57.5
54.5 57.5
57.5 57.5
8.5 58.5
15.5 58.5
17.5 58.5
22.5 58.5
23.5 58.5
27.5 58.5
28.5 58.5
35.5 58.5
37.5 58.5
44.5 58.5
45.5 58.5
48.5 58.5
54.5 58.5
58.5 58.5
59.5 58.5
8.5 59.5
9.5 59.5
15.5 59.5
22.5 59.5
26.5 59.5
27.5 59.5
34.5 59.5
38.5 59.5
45.5 59.5
46.5 59.5
49.5 59.5
55.5 59.5
59.5 59.5
60.5 59.5
9.5 60.5
10.5 60.5
21.5 60.5
22.5 60.5
32.5 60.5
33.5 60.5
39.5 60.5
49.5 60.5
50.5 60.5
60.5 60.5
61.5 60.5
10.5 61.5
21.5 61.5
31.5 61.5
32.5 61.5
40.5 61.5
50.5 61.5
62.5 61.5
63.5 61.5
11.5 62.5
20.5 62.5
30.5 62.5
41.5 62.5
51.5 62.5
63.5 62.5
11.5 63.5
20.5 63.5
29.5 63.5
42.5 63.5
52.5 63.5
