13.5 5.5
14.5 5.5
15.5 5.5
16.5 5.5
17.5 5.5
18.5 5.5
19.5 5.5
30.5 5.5
31.5 5.5
32.5 5.5
33.5 5.5
44.5 5.5
45.5 5.5
46.5 5.5
47.5 5.5
59.5 5.5
60.5 5.5
61.5 5.5
62.5 5.5
63.5 5.5
14.5 6.5
15.5 6.5
16.5 6.5
17.5 6.5
18.5 6.5
19.5 6.5
20.5 6.5
21.5 6.5
32.5 6.5
33.5 6.5
34.5 6.5
45.5 6.5
46.5 6.5
47.5 6.5
48.5 6.5
49.5 6.5
61.5 6.5
62.5 6.5
63.5 6.5
64.5 6.5
8.5 7.5
17.5 7.5
18.5 7.5
19.5 7.5
20.5 7.5
21.5 7.5
23.5 7.5
24.5 7.5
25.5 7.5
26.5 7.5
34.5 7.5
35.5 7.5
37.5 7.5
38.5 7.5
39.5 7.5
47.5 7.5
48.5 7.5
49.5 7.5
50.5 7.5
64.5 7.5
8.5 8.5
9.5 8.5
10.5 8.5
11.5 8.5
24.5 8.5
25.5 8.5
26.5 8.5
27.5 8.5
28.5 8.5
38.5 8.5
39.5 8.5
40.5 8.5
41.5 8.5
42.5 8.5
53.5 8.5
54.5 8.5
55.5 8.5
56.5 8.5
57.5 8.5
58.5 8.5
10.5 9.5
11.5 9.5
12.5 9.5
25.5 9.5
26.5 9.5
27.5 9.5
28.5 9.5
29.5 9.5
40.5 9.5
41.5 9.5
42.5 9.5
43.5 9.5
44.5 9.5
55.5 9.5
56.5 9.5
57.5 9.5
58.5 9.5
59.5 9.5
60.5 9.5
11.5 10.5
12.5 10.5
13.5 10.5
14.5 10.5
27.5 10.5
28.5 10.5
29.5 10.5
30.5 10.5
42.5 10.5
43.5 10.5
44.5 10.5
45.5 10.5
58.5 10.5
59.5 10.5
60.5 10.5
61.5 10.5
14.5 11.5
15.5 11.5
59.5 13.5
60.5 13.5
61.5 13.5
12.5 14.5
13.5 14.5
14.5 14.5
15.5 14.5
27.5 14.5
28.5 14.5
29.5 14.5
41.5 14.5
42.5 14.5
43.5 14.5
44.5 14.5
57.5 14.5
58.5 14.5
59.5 14.5
60.5 14.5
10.5 15.5
11.5 15.5
12.5 15.5
13.5 15.5
14.5 15.5
25.5 15.5
26.5 15.5
27.5 15.5
28.5 15.5
39.5 15.5
40.5 15.5
41.5 15.5
42.5 15.5
43.5 15.5
55.5 15.5
56.5 15.5
57.5 15.5
58.5 15.5
59.5 15.5
9.5 16.5
10.5 16.5
11.5 16.5
12.5 16.5
24.5 16.5
25.5 16.5
26.5 16.5
27.5 16.5
37.5 16.5
38.5 16.5
39.5 16.5
40.5 16.5
41.5 16.5
42.5 16.5
54.5 16.5
55.5 16.5
56.5 16.5
8.5 17.5
9.5 17.5
10.5 17.5
23.5 17.5
24.5 17.5
25.5 17.5
26.5 17.5
32.5 17.5
33.5 17.5
34.5 17.5
36.5 17.5
37.5 17.5
38.5 17.5
39.5 17.5
48.5 17.5
49.5 17.5
50.5 17.5
51.5 17.5
63.5 17.5
64.5 17.5
16.5 18.5
17.5 18.5
18.5 18.5
19.5 18.5
20.5 18.5
23.5 18.5
24.5 18.5
31.5 18.5
32.5 18.5
33.5 18.5
46.5 18.5
47.5 18.5
48.5 18.5
49.5 18.5
50.5 18.5
61.5 18.5
62.5 18.5
63.5 18.5
64.5 18.5
14.5 19.5
15.5 19.5
16.5 19.5
17.5 19.5
18.5 19.5
19.5 19.5
30.5 19.5
31.5 19.5
32.5 19.5
44.5 19.5
45.5 19.5
46.5 19.5
47.5 19.5
48.5 19.5
60.5 19.5
61.5 19.5
62.5 19.5
63.5 19.5
13.5 20.5
14.5 20.5
15.5 20.5
16.5 20.5
17.5 20.5
29.5 20.5
30.5 20.5
31.5 20.5
42.5 20.5
43.5 20.5
44.5 20.5
45.5 20.5
59.5 20.5
60.5 20.5
61.5 20.5
28.5 21.5
29.5 21.5
30.5 21.5
45.5 23.5
46.5 23.5
59.5 23.5
13.5 24.5
14.5 24.5
15.5 24.5
28.5 24.5
29.5 24.5
42.5 24.5
43.5 24.5
44.5 24.5
45.5 24.5
46.5 24.5
59.5 24.5
60.5 24.5
61.5 24.5
14.5 25.5
15.5 25.5
16.5 25.5
17.5 25.5
29.5 25.5
30.5 25.5
31.5 25.5
32.5 25.5
40.5 25.5
41.5 25.5
42.5 25.5
43.5 25.5
44.5 25.5
60.5 25.5
61.5 25.5
62.5 25.5
63.5 25.5
16.5 26.5
17.5 26.5
18.5 26.5
19.5 26.5
30.5 26.5
31.5 26.5
32.5 26.5
33.5 26.5
38.5 26.5
39.5 26.5
40.5 26.5
41.5 26.5
42.5 26.5
61.5 26.5
62.5 26.5
63.5 26.5
64.5 26.5
8.5 27.5
9.5 27.5
17.5 27.5
18.5 27.5
19.5 27.5
20.5 27.5
33.5 27.5
34.5 27.5
35.5 27.5
37.5 27.5
38.5 27.5
48.5 27.5
49.5 27.5
50.5 27.5
51.5 27.5
54.5 27.5
55.5 27.5
56.5 27.5
62.5 27.5
63.5 27.5
64.5 27.5
8.5 28.5
9.5 28.5
10.5 28.5
11.5 28.5
12.5 28.5
20.5 28.5
21.5 28.5
23.5 28.5
24.5 28.5
25.5 28.5
26.5 28.5
27.5 28.5
46.5 28.5
47.5 28.5
48.5 28.5
49.5 28.5
50.5 28.5
51.5 28.5
55.5 28.5
56.5 28.5
57.5 28.5
9.5 29.5
10.5 29.5
11.5 29.5
12.5 29.5
13.5 29.5
24.5 29.5
25.5 29.5
26.5 29.5
27.5 29.5
28.5 29.5
29.5 29.5
45.5 29.5
46.5 29.5
47.5 29.5
48.5 29.5
49.5 29.5
56.5 29.5
57.5 29.5
58.5 29.5
11.5 30.5
12.5 30.5
13.5 30.5
14.5 30.5
15.5 30.5
26.5 30.5
27.5 30.5
28.5 30.5
29.5 30.5
30.5 30.5
31.5 30.5
44.5 30.5
45.5 30.5
46.5 30.5
47.5 30.5
57.5 30.5
58.5 30.5
59.5 30.5
13.5 31.5
14.5 31.5
15.5 31.5
58.5 31.5
59.5 31.5
60.5 31.5
13.5 34.5
14.5 34.5
27.5 34.5
28.5 34.5
29.5 34.5
30.5 34.5
31.5 34.5
43.5 34.5
44.5 34.5
45.5 34.5
46.5 34.5
60.5 34.5
13.5 35.5
14.5 35.5
15.5 35.5
16.5 35.5
17.5 35.5
28.5 35.5
29.5 35.5
30.5 35.5
31.5 35.5
32.5 35.5
33.5 35.5
40.5 35.5
41.5 35.5
42.5 35.5
43.5 35.5
44.5 35.5
45.5 35.5
57.5 35.5
58.5 35.5
59.5 35.5
60.5 35.5
15.5 36.5
16.5 36.5
17.5 36.5
18.5 36.5
19.5 36.5
30.5 36.5
31.5 36.5
32.5 36.5
33.5 36.5
34.5 36.5
38.5 36.5
39.5 36.5
40.5 36.5
41.5 36.5
42.5 36.5
43.5 36.5
56.5 36.5
57.5 36.5
58.5 36.5
17.5 37.5
18.5 37.5
19.5 37.5
20.5 37.5
23.5 37.5
24.5 37.5
33.5 37.5
34.5 37.5
35.5 37.5
37.5 37.5
38.5 37.5
39.5 37.5
40.5 37.5
55.5 37.5
56.5 37.5
57.5 37.5
7.5 38.5
8.5 38.5
9.5 38.5
10.5 38.5
11.5 38.5
24.5 38.5
25.5 38.5
26.5 38.5
47.5 38.5
48.5 38.5
49.5 38.5
50.5 38.5
51.5 38.5
54.5 38.5
55.5 38.5
63.5 38.5
64.5 38.5
8.5 39.5
9.5 39.5
10.5 39.5
11.5 39.5
12.5 39.5
13.5 39.5
25.5 39.5
26.5 39.5
27.5 39.5
28.5 39.5
45.5 39.5
46.5 39.5
47.5 39.5
48.5 39.5
49.5 39.5
50.5 39.5
61.5 39.5
62.5 39.5
63.5 39.5
64.5 39.5
10.5 40.5
11.5 40.5
12.5 40.5
13.5 40.5
14.5 40.5
15.5 40.5
27.5 40.5
28.5 40.5
29.5 40.5
43.5 40.5
44.5 40.5
45.5 40.5
46.5 40.5
47.5 40.5
59.5 40.5
60.5 40.5
61.5 40.5
62.5 40.5
63.5 40.5
14.5 41.5
15.5 41.5
29.5 41.5
59.5 41.5
60.5 41.5
61.5 41.5
13.5 44.5
28.5 44.5
29.5 44.5
44.5 44.5
45.5 44.5
46.5 44.5
12.5 45.5
13.5 45.5
14.5 45.5
15.5 45.5
16.5 45.5
26.5 45.5
27.5 45.5
28.5 45.5
41.5 45.5
42.5 45.5
43.5 45.5
44.5 45.5
45.5 45.5
46.5 45.5
58.5 45.5
59.5 45.5
60.5 45.5
61.5 45.5
13.5 46.5
14.5 46.5
15.5 46.5
16.5 46.5
17.5 46.5
18.5 46.5
25.5 46.5
26.5 46.5
27.5 46.5
40.5 46.5
41.5 46.5
42.5 46.5
43.5 46.5
44.5 46.5
56.5 46.5
57.5 46.5
58.5 46.5
59.5 46.5
60.5 46.5
15.5 47.5
16.5 47.5
17.5 47.5
18.5 47.5
19.5 47.5
24.5 47.5
25.5 47.5
26.5 47.5
38.5 47.5
39.5 47.5
40.5 47.5
41.5 47.5
42.5 47.5
43.5 47.5
55.5 47.5
56.5 47.5
57.5 47.5
58.5 47.5
7.5 48.5
8.5 48.5
9.5 48.5
17.5 48.5
18.5 48.5
19.5 48.5
20.5 48.5
23.5 48.5
24.5 48.5
25.5 48.5
32.5 48.5
33.5 48.5
34.5 48.5
35.5 48.5
37.5 48.5
38.5 48.5
39.5 48.5
40.5 48.5
41.5 48.5
49.5 48.5
50.5 48.5
51.5 48.5
54.5 48.5
55.5 48.5
56.5 48.5
64.5 48.5
8.5 49.5
9.5 49.5
10.5 49.5
11.5 49.5
30.5 49.5
31.5 49.5
32.5 49.5
33.5 49.5
34.5 49.5
47.5 49.5
48.5 49.5
49.5 49.5
50.5 49.5
62.5 49.5
63.5 49.5
64.5 49.5
9.5 50.5
10.5 50.5
11.5 50.5
12.5 50.5
29.5 50.5
30.5 50.5
31.5 50.5
32.5 50.5
33.5 50.5
46.5 50.5
47.5 50.5
48.5 50.5
49.5 50.5
60.5 50.5
61.5 50.5
62.5 50.5
63.5 50.5
11.5 51.5
12.5 51.5
13.5 51.5
14.5 51.5
28.5 51.5
29.5 51.5
30.5 51.5
31.5 51.5
32.5 51.5
44.5 51.5
45.5 51.5
46.5 51.5
47.5 51.5
59.5 51.5
60.5 51.5
61.5 51.5
13.5 52.5
14.5 52.5
27.5 52.5
28.5 52.5
29.5 52.5
30.5 52.5
44.5 52.5
45.5 52.5
59.5 54.5
60.5 54.5
12.5 55.5
13.5 55.5
14.5 55.5
59.5 55.5
60.5 55.5
61.5 55.5
62.5 55.5
13.5 56.5
14.5 56.5
15.5 56.5
16.5 56.5
28.5 56.5
29.5 56.5
30.5 56.5
31.5 56.5
43.5 56.5
44.5 56.5
45.5 56.5
46.5 56.5
47.5 56.5
48.5 56.5
61.5 56.5
62.5 56.5
63.5 56.5
64.5 56.5
14.5 57.5
15.5 57.5
16.5 57.5
17.5 57.5
29.5 57.5
30.5 57.5
31.5 57.5
32.5 57.5
33.5 57.5
44.5 57.5
45.5 57.5
46.5 57.5
47.5 57.5
48.5 57.5
49.5 57.5
50.5 57.5
62.5 57.5
63.5 57.5
64.5 57.5
7.5 58.5
8.5 58.5
16.5 58.5
17.5 58.5
18.5 58.5
19.5 58.5
32.5 58.5
33.5 58.5
34.5 58.5
35.5 58.5
46.5 58.5
47.5 58.5
48.5 58.5
49.5 58.5
50.5 58.5
51.5 58.5
53.5 58.5
54.5 58.5
55.5 58.5
7.5 59.5
8.5 59.5
9.5 59.5
10.5 59.5
18.5 59.5
19.5 59.5
22.5 59.5
23.5 59.5
24.5 59.5
25.5 59.5
38.5 59.5
39.5 59.5
40.5 59.5
53.5 59.5
54.5 59.5
55.5 59.5
56.5 59.5
57.5 59.5
58.5 59.5
8.5 60.5
9.5 60.5
10.5 60.5
11.5 60.5
12.5 60.5
23.5 60.5
24.5 60.5
25.5 60.5
26.5 60.5
27.5 60.5
28.5 60.5
39.5 60.5
40.5 60.5
41.5 60.5
42.5 60.5
55.5 60.5
56.5 60.5
57.5 60.5
58.5 60.5
59.5 60.5
60.5 60.5
10.5 61.5
11.5 61.5
12.5 61.5
13.5 61.5
25.5 61.5
26.5 61.5
27.5 61.5
28.5 61.5
29.5 61.5
30.5 61.5
41.5 61.5
42.5 61.5
43.5 61.5
44.5 61.5
57.5 61.5
58.5 61.5
59.5 61.5
60.5 61.5
61.5 61.5
11.5 62.5
12.5 62.5
13.5 62.5
14.5 62.5
44.5 62.5
45.5 62.5
