9.5 5.5
20.5 5.5
21.5 5.5
22.5 5.5
37.5 5.5
47.5 5.5
48.5 5.5
49.5 5.5
62.5 5.5
63.5 5.5
8.5 6.5
16.5 6.5
19.5 6.5
38.5 6.5
39.5 6.5
44.5 6.5
45.5 6.5
46.5 6.5
64.5 6.5
14.5 7.5
15.5 7.5
28.5 7.5
31.5 7.5
40.5 7.5
43.5 7.5
13.5 8.5
26.5 8.5
27.5 8.5
32.5 8.5
33.5 8.5
53.5 8.5
54.5 8.5
57.5 8.5
58.5 8.5
12.5 9.5
25.5 9.5
34.5 9.5
51.5 9.5
52.5 9.5
59.5 9.5
60.5 9.5
23.5 10.5
35.5 10.5
36.5 10.5
49.5 10.5
62.5 10.5
12.5 13.5
24.5 13.5
60.5 13.5
13.5 14.5
23.5 14.5
36.5 14.5
49.5 14.5
61.5 14.5
14.5 15.5
22.5 15.5
23.5 15.5
35.5 15.5
48.5 15.5
62.5 15.5
63.5 15.5
15.5 16.5
21.5 16.5
22.5 16.5
34.5 16.5
46.5 16.5
47.5 16.5
63.5 16.5
64.5 16.5
7.5 17.5
16.5 17.5
21.5 17.5
33.5 17.5
45.5 17.5
46.5 17.5
64.5 17.5
8.5 18.5
28.5 18.5
32.5 18.5
41.5 18.5
45.5 18.5
53.5 18.5
57.5 18.5
9.5 19.5
10.5 19.5
27.5 19.5
31.5 19.5
39.5 19.5
40.5 19.5
52.5 19.5
58.5 19.5
11.5 20.5
12.5 20.5
26.5 20.5
38.5 20.5
39.5 20.5
51.5 20.5
59.5 20.5
13.5 21.5
25.5 21.5
37.5 21.5
38.5 21.5
50.5 21.5
60.5 21.5
24.5 22.5
36.5 22.5
37.5 22.5
12.5 25.5
49.5 25.5
59.5 25.5
10.5 26.5
11.5 26.5
23.5 26.5
24.5 26.5
36.5 26.5
37.5 26.5
50.5 26.5
51.5 26.5
58.5 26.5
59.5 26.5
8.5 27.5
9.5 27.5
21.5 27.5
39.5 27.5
40.5 27.5
52.5 27.5
57.5 27.5
7.5 28.5
17.5 28.5
18.5 28.5
42.5 28.5
44.5 28.5
54.5 28.5
64.5 28.5
15.5 29.5
16.5 29.5
28.5 29.5
29.5 29.5
32.5 29.5
33.5 29.5
46.5 29.5
62.5 29.5
63.5 29.5
13.5 30.5
14.5 30.5
26.5 30.5
27.5 30.5
34.5 30.5
35.5 30.5
48.5 30.5
61.5 30.5
12.5 31.5
25.5 31.5
37.5 31.5
50.5 31.5
26.5 34.5
61.5 34.5
13.5 35.5
14.5 35.5
15.5 35.5
16.5 35.5
24.5 35.5
25.5 35.5
36.5 35.5
48.5 35.5
49.5 35.5
62.5 35.5
63.5 35.5
16.5 36.5
17.5 36.5
18.5 36.5
23.5 36.5
35.5 36.5
47.5 36.5
48.5 36.5
64.5 36.5
22.5 37.5
33.5 37.5
34.5 37.5
46.5 37.5
7.5 38.5
29.5 38.5
32.5 38.5
40.5 38.5
41.5 38.5
45.5 38.5
54.5 38.5
57.5 38.5
9.5 39.5
10.5 39.5
27.5 39.5
28.5 39.5
39.5 39.5
40.5 39.5
44.5 39.5
53.5 39.5
58.5 39.5
11.5 40.5
12.5 40.5
26.5 40.5
38.5 40.5
39.5 40.5
51.5 40.5
52.5 40.5
59.5 40.5
60.5 40.5
14.5 41.5
37.5 41.5
50.5 41.5
51.5 41.5
60.5 41.5
61.5 41.5
36.5 42.5
49.5 42.5
62.5 42.5
48.5 43.5
25.5 44.5
12.5 45.5
13.5 45.5
26.5 45.5
37.5 45.5
60.5 45.5
14.5 46.5
15.5 46.5
27.5 46.5
35.5 46.5
36.5 46.5
49.5 46.5
50.5 46.5
62.5 46.5
15.5 47.5
16.5 47.5
28.5 47.5
34.5 47.5
35.5 47.5
47.5 47.5
48.5 47.5
63.5 47.5
64.5 47.5
8.5 48.5
17.5 48.5
21.5 48.5
29.5 48.5
33.5 48.5
46.5 48.5
9.5 49.5
22.5 49.5
41.5 49.5
42.5 49.5
54.5 49.5
57.5 49.5
10.5 50.5
11.5 50.5
23.5 50.5
39.5 50.5
40.5 50.5
52.5 50.5
58.5 50.5
59.5 50.5
12.5 51.5
24.5 51.5
37.5 51.5
38.5 51.5
50.5 51.5
51.5 51.5
60.5 51.5
25.5 52.5
36.5 52.5
49.5 52.5
62.5 52.5
12.5 55.5
25.5 55.5
38.5 55.5
49.5 55.5
61.5 55.5
10.5 56.5
11.5 56.5
23.5 56.5
24.5 56.5
35.5 56.5
36.5 56.5
50.5 56.5
51.5 56.5
62.5 56.5
8.5 57.5
9.5 57.5
22.5 57.5
33.5 57.5
34.5 57.5
45.5 57.5
52.5 57.5
53.5 57.5
63.5 57.5
64.5 57.5
20.5 58.5
29.5 58.5
41.5 58.5
46.5 58.5
56.5 58.5
15.5 59.5
16.5 59.5
27.5 59.5
28.5 59.5
39.5 59.5
40.5 59.5
48.5 59.5
57.5 59.5
58.5 59.5
13.5 60.5
14.5 60.5
25.5 60.5
26.5 60.5
37.5 60.5
49.5 60.5
59.5 60.5
60.5 60.5
11.5 61.5
61.5 61.5
