14.5 5.5
15.5 5.5
28.5 5.5
29.5 5.5
30.5 5.5
42.5 5.5
43.5 5.5
59.5 5.5
60.5 5.5
14.5 6.5
15.5 6.5
30.5 6.5
31.5 6.5
41.5 6.5
42.5 6.5
58.5 6.5
59.5 6.5
15.5 7.5
16.5 7.5
31.5 7.5
32.5 7.5
40.5 7.5
41.5 7.5
56.5 7.5
57.5 7.5
58.5 7.5
15.5 8.5
16.5 8.5
32.5 8.5
33.5 8.5
39.5 8.5
40.5 8.5
55.5 8.5
56.5 8.5
57.5 8.5
9.5 9.5
16.5 9.5
22.5 9.5
23.5 9.5
34.5 9.5
39.5 9.5
54.5 9.5
55.5 9.5
56.5 9.5
9.5 10.5
10.5 10.5
17.5 10.5
22.5 10.5
23.5 10.5
24.5 10.5
47.5 10.5
48.5 10.5
53.5 10.5
54.5 10.5
10.5 11.5
23.5 11.5
24.5 11.5
25.5 11.5
46.5 11.5
47.5 11.5
48.5 11.5
63.5 11.5
64.5 11.5
10.5 12.5
11.5 12.5
24.5 12.5
25.5 12.5
26.5 12.5
45.5 12.5
46.5 12.5
47.5 12.5
62.5 12.5
63.5 12.5
64.5 12.5
11.5 13.5
12.5 13.5
25.5 13.5
26.5 13.5
27.5 13.5
44.5 13.5
45.5 13.5
46.5 13.5
61.5 13.5
62.5 13.5
63.5 13.5
11.5 14.5
12.5 14.5
27.5 14.5
28.5 14.5
44.5 14.5
45.5 14.5
60.5 14.5
61.5 14.5
62.5 14.5
12.5 15.5
60.5 15.5
13.5 16.5
44.5 19.5
45.5 19.5
13.5 20.5
28.5 20.5
29.5 20.5
43.5 20.5
44.5 20.5
59.5 20.5
11.5 21.5
12.5 21.5
27.5 21.5
28.5 21.5
42.5 21.5
43.5 21.5
44.5 21.5
58.5 21.5
59.5 21.5
10.5 22.5
11.5 22.5
12.5 22.5
25.5 22.5
26.5 22.5
27.5 22.5
41.5 22.5
42.5 22.5
43.5 22.5
56.5 22.5
57.5 22.5
58.5 22.5
9.5 23.5
10.5 23.5
11.5 23.5
25.5 23.5
26.5 23.5
40.5 23.5
41.5 23.5
42.5 23.5
55.5 23.5
56.5 23.5
57.5 23.5
9.5 24.5
10.5 24.5
24.5 24.5
25.5 24.5
34.5 24.5
35.5 24.5
40.5 24.5
54.5 24.5
55.5 24.5
56.5 24.5
8.5 25.5
19.5 25.5
33.5 25.5
34.5 25.5
35.5 25.5
48.5 25.5
49.5 25.5
54.5 25.5
17.5 26.5
18.5 26.5
19.5 26.5
32.5 26.5
33.5 26.5
34.5 26.5
47.5 26.5
48.5 26.5
64.5 26.5
15.5 27.5
16.5 27.5
17.5 27.5
18.5 27.5
32.5 27.5
33.5 27.5
47.5 27.5
48.5 27.5
62.5 27.5
63.5 27.5
64.5 27.5
14.5 28.5
15.5 28.5
16.5 28.5
31.5 28.5
32.5 28.5
46.5 28.5
47.5 28.5
60.5 28.5
61.5 28.5
62.5 28.5
63.5 28.5
13.5 29.5
14.5 29.5
15.5 29.5
30.5 29.5
31.5 29.5
45.5 29.5
46.5 29.5
59.5 29.5
60.5 29.5
61.5 29.5
14.5 34.5
30.5 34.5
31.5 34.5
44.5 34.5
14.5 35.5
15.5 35.5
16.5 35.5
31.5 35.5
32.5 35.5
43.5 35.5
44.5 35.5
60.5 35.5
61.5 35.5
15.5 36.5
16.5 36.5
17.5 36.5
31.5 36.5
32.5 36.5
33.5 36.5
42.5 36.5
43.5 36.5
58.5 36.5
59.5 36.5
60.5 36.5
16.5 37.5
17.5 37.5
18.5 37.5
32.5 37.5
33.5 37.5
34.5 37.5
41.5 37.5
42.5 37.5
57.5 37.5
58.5 37.5
59.5 37.5
18.5 38.5
19.5 38.5
33.5 38.5
34.5 38.5
41.5 38.5
42.5 38.5
56.5 38.5
57.5 38.5
58.5 38.5
19.5 39.5
20.5 39.5
25.5 39.5
34.5 39.5
35.5 39.5
40.5 39.5
41.5 39.5
49.5 39.5
55.5 39.5
56.5 39.5
9.5 40.5
10.5 40.5
25.5 40.5
26.5 40.5
35.5 40.5
40.5 40.5
48.5 40.5
49.5 40.5
54.5 40.5
55.5 40.5
9.5 41.5
10.5 41.5
11.5 41.5
26.5 41.5
27.5 41.5
47.5 41.5
48.5 41.5
64.5 41.5
10.5 42.5
11.5 42.5
12.5 42.5
27.5 42.5
28.5 42.5
46.5 42.5
47.5 42.5
63.5 42.5
64.5 42.5
11.5 43.5
12.5 43.5
13.5 43.5
28.5 43.5
29.5 43.5
45.5 43.5
46.5 43.5
47.5 43.5
62.5 43.5
63.5 43.5
64.5 43.5
12.5 44.5
13.5 44.5
14.5 44.5
29.5 44.5
45.5 44.5
46.5 44.5
61.5 44.5
62.5 44.5
13.5 45.5
14.5 45.5
30.5 45.5
44.5 45.5
60.5 45.5
61.5 45.5
30.5 50.5
44.5 50.5
59.5 50.5
14.5 51.5
15.5 51.5
30.5 51.5
31.5 51.5
44.5 51.5
45.5 51.5
60.5 51.5
61.5 51.5
14.5 52.5
15.5 52.5
16.5 52.5
31.5 52.5
32.5 52.5
45.5 52.5
46.5 52.5
60.5 52.5
61.5 52.5
62.5 52.5
15.5 53.5
16.5 53.5
17.5 53.5
32.5 53.5
33.5 53.5
46.5 53.5
47.5 53.5
61.5 53.5
62.5 53.5
63.5 53.5
16.5 54.5
17.5 54.5
18.5 54.5
33.5 54.5
34.5 54.5
47.5 54.5
48.5 54.5
62.5 54.5
63.5 54.5
64.5 54.5
17.5 55.5
18.5 55.5
24.5 55.5
25.5 55.5
34.5 55.5
39.5 55.5
48.5 55.5
53.5 55.5
63.5 55.5
64.5 55.5
8.5 56.5
18.5 56.5
19.5 56.5
25.5 56.5
26.5 56.5
39.5 56.5
40.5 56.5
54.5 56.5
55.5 56.5
64.5 56.5
9.5 57.5
10.5 57.5
25.5 57.5
26.5 57.5
27.5 57.5
40.5 57.5
41.5 57.5
54.5 57.5
55.5 57.5
56.5 57.5
9.5 58.5
10.5 58.5
11.5 58.5
26.5 58.5
27.5 58.5
41.5 58.5
42.5 58.5
55.5 58.5
56.5 58.5
57.5 58.5
10.5 59.5
11.5 59.5
12.5 59.5
26.5 59.5
27.5 59.5
28.5 59.5
42.5 59.5
43.5 59.5
56.5 59.5
57.5 59.5
58.5 59.5
11.5 60.5
12.5 60.5
27.5 60.5
28.5 60.5
43.5 60.5
57.5 60.5
58.5 60.5
59.5 60.5
12.5 61.5
13.5 61.5
29.5 61.5
59.5 61.5
