14.5 5.5
30.5 5.5
46.5 5.5
58.5 5.5
14.5 6.5
30.5 6.5
46.5 6.5
58.5 6.5
13.5 7.5
31.5 7.5
47.5 7.5
57.5 7.5
12.5 8.5
13.5 8.5
32.5 8.5
47.5 8.5
57.5 8.5
12.5 9.5
32.5 9.5
47.5 9.5
56.5 9.5
11.5 10.5
33.5 10.5
48.5 10.5
56.5 10.5
64.5 10.5
11.5 11.5
20.5 11.5
33.5 11.5
48.5 11.5
55.5 11.5
10.5 12.5
19.5 12.5
25.5 12.5
34.5 12.5
40.5 12.5
49.5 12.5
55.5 12.5
63.5 12.5
18.5 13.5
26.5 13.5
35.5 13.5
40.5 13.5
49.5 13.5
63.5 13.5
18.5 14.5
26.5 14.5
35.5 14.5
41.5 14.5
54.5 14.5
62.5 14.5
17.5 15.5
27.5 15.5
41.5 15.5
42.5 15.5
62.5 15.5
17.5 16.5
27.5 16.5
42.5 16.5
61.5 16.5
16.5 17.5
28.5 17.5
43.5 17.5
61.5 17.5
15.5 18.5
28.5 18.5
43.5 18.5
60.5 18.5
15.5 19.5
29.5 19.5
44.5 19.5
60.5 19.5
29.5 20.5
45.5 21.5
59.5 21.5
14.5 23.5
15.5 24.5
29.5 24.5
60.5 24.5
15.5 25.5
28.5 25.5
44.5 25.5
16.5 26.5
28.5 26.5
43.5 26.5
59.5 26.5
16.5 27.5
17.5 27.5
27.5 27.5
43.5 27.5
58.5 27.5
17.5 28.5
27.5 28.5
42.5 28.5
58.5 28.5
18.5 29.5
26.5 29.5
41.5 29.5
42.5 29.5
57.5 29.5
18.5 30.5
26.5 30.5
34.5 30.5
41.5 30.5
56.5 30.5
57.5 30.5
10.5 31.5
19.5 31.5
25.5 31.5
40.5 31.5
41.5 31.5
50.5 31.5
56.5 31.5
11.5 32.5
25.5 32.5
33.5 32.5
40.5 32.5
49.5 32.5
55.5 32.5
11.5 33.5
20.5 33.5
24.5 33.5
33.5 33.5
39.5 33.5
49.5 33.5
55.5 33.5
64.5 33.5
11.5 34.5
12.5 34.5
32.5 34.5
39.5 34.5
48.5 34.5
64.5 34.5
12.5 35.5
32.5 35.5
47.5 35.5
48.5 35.5
63.5 35.5
12.5 36.5
31.5 36.5
47.5 36.5
63.5 36.5
13.5 37.5
31.5 37.5
46.5 37.5
62.5 37.5
13.5 38.5
30.5 38.5
45.5 38.5
62.5 38.5
14.5 39.5
30.5 39.5
45.5 39.5
61.5 39.5
14.5 40.5
44.5 40.5
61.5 40.5
29.5 44.5
61.5 44.5
15.5 45.5
29.5 45.5
45.5 45.5
60.5 45.5
15.5 46.5
16.5 46.5
28.5 46.5
46.5 46.5
60.5 46.5
16.5 47.5
28.5 47.5
46.5 47.5
59.5 47.5
16.5 48.5
17.5 48.5
27.5 48.5
28.5 48.5
47.5 48.5
58.5 48.5
59.5 48.5
17.5 49.5
27.5 49.5
47.5 49.5
48.5 49.5
58.5 49.5
17.5 50.5
18.5 50.5
27.5 50.5
48.5 50.5
57.5 50.5
18.5 51.5
26.5 51.5
35.5 51.5
48.5 51.5
49.5 51.5
57.5 51.5
8.5 52.5
18.5 52.5
19.5 52.5
26.5 52.5
40.5 52.5
49.5 52.5
56.5 52.5
9.5 53.5
19.5 53.5
25.5 53.5
34.5 53.5
41.5 53.5
9.5 54.5
10.5 54.5
25.5 54.5
34.5 54.5
41.5 54.5
50.5 54.5
55.5 54.5
64.5 54.5
10.5 55.5
33.5 55.5
42.5 55.5
64.5 55.5
11.5 56.5
32.5 56.5
33.5 56.5
42.5 56.5
63.5 56.5
11.5 57.5
12.5 57.5
32.5 57.5
43.5 57.5
62.5 57.5
12.5 58.5
32.5 58.5
43.5 58.5
62.5 58.5
13.5 59.5
31.5 59.5
44.5 59.5
61.5 59.5
14.5 60.5
31.5 60.5
60.5 60.5
14.5 61.5
30.5 61.5
45.5 61.5
