10.5 5.5
19.5 5.5
30.5 5.5
43.5 5.5
54.5 5.5
64.5 5.5
19.5 6.5
29.5 6.5
43.5 6.5
9.5 7.5
14.5 7.5
19.5 7.5
24.5 7.5
28.5 7.5
35.5 7.5
38.5 7.5
48.5 7.5
55.5 7.5
14.5 8.5
27.5 8.5
34.5 8.5
44.5 8.5
49.5 8.5
56.5 8.5
60.5 8.5
18.5 9.5
23.5 9.5
26.5 9.5
39.5 9.5
49.5 9.5
57.5 9.5
61.5 9.5
8.5 10.5
13.5 10.5
18.5 10.5
23.5 10.5
33.5 10.5
39.5 10.5
50.5 10.5
61.5 10.5
13.5 11.5
22.5 11.5
32.5 11.5
40.5 11.5
51.5 11.5
62.5 11.5
32.5 12.5
40.5 12.5
63.5 12.5
12.5 13.5
31.5 13.5
52.5 13.5
21.5 14.5
41.5 14.5
64.5 14.5
13.5 15.5
51.5 15.5
62.5 15.5
12.5 16.5
22.5 16.5
31.5 16.5
52.5 16.5
63.5 16.5
30.5 17.5
63.5 17.5
11.5 18.5
23.5 18.5
40.5 18.5
53.5 18.5
64.5 18.5
10.5 19.5
18.5 19.5
29.5 19.5
39.5 19.5
54.5 19.5
59.5 19.5
64.5 19.5
9.5 20.5
15.5 20.5
24.5 20.5
28.5 20.5
38.5 20.5
45.5 20.5
48.5 20.5
55.5 20.5
59.5 20.5
19.5 21.5
25.5 21.5
28.5 21.5
34.5 21.5
37.5 21.5
44.5 21.5
49.5 21.5
56.5 21.5
60.5 21.5
14.5 22.5
33.5 22.5
36.5 22.5
43.5 22.5
44.5 22.5
60.5 22.5
20.5 23.5
32.5 23.5
43.5 23.5
50.5 23.5
13.5 24.5
20.5 24.5
31.5 24.5
42.5 24.5
51.5 24.5
61.5 24.5
21.5 25.5
12.5 26.5
21.5 26.5
41.5 26.5
52.5 26.5
62.5 26.5
31.5 27.5
53.5 27.5
21.5 28.5
31.5 28.5
42.5 28.5
53.5 28.5
62.5 28.5
12.5 29.5
32.5 29.5
41.5 29.5
52.5 29.5
63.5 29.5
7.5 30.5
22.5 30.5
32.5 30.5
40.5 30.5
51.5 30.5
13.5 31.5
23.5 31.5
27.5 31.5
39.5 31.5
64.5 31.5
8.5 32.5
14.5 32.5
17.5 32.5
23.5 32.5
33.5 32.5
38.5 32.5
55.5 32.5
58.5 32.5
24.5 33.5
28.5 33.5
37.5 33.5
46.5 33.5
59.5 33.5
9.5 34.5
15.5 34.5
34.5 34.5
36.5 34.5
44.5 34.5
54.5 34.5
60.5 34.5
9.5 35.5
19.5 35.5
29.5 35.5
43.5 35.5
60.5 35.5
10.5 36.5
20.5 36.5
30.5 36.5
42.5 36.5
53.5 36.5
61.5 36.5
10.5 37.5
30.5 37.5
40.5 37.5
62.5 37.5
52.5 38.5
63.5 38.5
9.5 39.5
42.5 40.5
61.5 40.5
10.5 41.5
19.5 41.5
41.5 41.5
51.5 41.5
62.5 41.5
11.5 42.5
40.5 42.5
51.5 42.5
62.5 42.5
12.5 43.5
18.5 43.5
25.5 43.5
39.5 43.5
46.5 43.5
63.5 43.5
6.5 44.5
13.5 44.5
17.5 44.5
25.5 44.5
38.5 44.5
50.5 44.5
56.5 44.5
64.5 44.5
7.5 45.5
13.5 45.5
24.5 45.5
34.5 45.5
37.5 45.5
45.5 45.5
50.5 45.5
57.5 45.5
64.5 45.5
14.5 46.5
23.5 46.5
34.5 46.5
44.5 46.5
54.5 46.5
58.5 46.5
8.5 47.5
22.5 47.5
23.5 47.5
44.5 47.5
59.5 47.5
9.5 48.5
22.5 48.5
33.5 48.5
43.5 48.5
53.5 48.5
60.5 48.5
10.5 49.5
21.5 49.5
33.5 49.5
20.5 50.5
42.5 50.5
10.5 52.5
33.5 52.5
41.5 52.5
23.5 53.5
33.5 53.5
42.5 53.5
62.5 53.5
9.5 54.5
21.5 54.5
22.5 54.5
43.5 54.5
53.5 54.5
61.5 54.5
9.5 55.5
20.5 55.5
21.5 55.5
34.5 55.5
37.5 55.5
44.5 55.5
60.5 55.5
8.5 56.5
14.5 56.5
19.5 56.5
27.5 56.5
30.5 56.5
38.5 56.5
45.5 56.5
54.5 56.5
59.5 56.5
8.5 57.5
17.5 57.5
18.5 57.5
26.5 57.5
30.5 57.5
39.5 57.5
46.5 57.5
49.5 57.5
58.5 57.5
13.5 58.5
16.5 58.5
25.5 58.5
30.5 58.5
35.5 58.5
39.5 58.5
50.5 58.5
57.5 58.5
7.5 59.5
13.5 59.5
30.5 59.5
40.5 59.5
51.5 59.5
64.5 59.5
12.5 60.5
24.5 60.5
30.5 60.5
41.5 60.5
51.5 60.5
64.5 60.5
12.5 61.5
23.5 61.5
30.5 61.5
52.5 61.5
63.5 61.5
11.5 62.5
22.5 62.5
53.5 62.5
62.5 62.5
11.5 63.5
