12.5 5.5
26.5 5.5
38.5 5.5
47.5 5.5
61.5 5.5
11.5 6.5
26.5 6.5
27.5 6.5
60.5 6.5
10.5 7.5
27.5 7.5
39.5 7.5
46.5 7.5
59.5 7.5
27.5 8.5
45.5 8.5
58.5 8.5
27.5 9.5
40.5 9.5
45.5 9.5
16.5 10.5
34.5 10.5
15.5 11.5
34.5 11.5
51.5 11.5
15.5 12.5
22.5 12.5
35.5 12.5
50.5 12.5
64.5 12.5
14.5 13.5
22.5 13.5
35.5 13.5
50.5 13.5
63.5 13.5
23.5 14.5
35.5 14.5
49.5 14.5
50.5 20.5
63.5 20.5
11.5 21.5
23.5 21.5
35.5 21.5
50.5 21.5
63.5 21.5
10.5 22.5
35.5 22.5
51.5 22.5
64.5 22.5
9.5 23.5
22.5 23.5
34.5 23.5
52.5 23.5
64.5 23.5
21.5 24.5
33.5 24.5
21.5 25.5
33.5 25.5
58.5 25.5
15.5 26.5
27.5 26.5
40.5 26.5
46.5 26.5
58.5 26.5
14.5 27.5
27.5 27.5
39.5 27.5
47.5 27.5
59.5 27.5
13.5 28.5
26.5 28.5
39.5 28.5
47.5 28.5
59.5 28.5
25.5 29.5
38.5 29.5
48.5 29.5
25.5 30.5
48.5 35.5
59.5 35.5
10.5 36.5
39.5 36.5
58.5 36.5
9.5 37.5
23.5 37.5
39.5 37.5
40.5 37.5
47.5 37.5
58.5 37.5
9.5 38.5
22.5 38.5
40.5 38.5
47.5 38.5
57.5 38.5
8.5 39.5
21.5 39.5
41.5 39.5
57.5 39.5
52.5 40.5
63.5 40.5
15.5 41.5
28.5 41.5
34.5 41.5
51.5 41.5
63.5 41.5
14.5 42.5
27.5 42.5
35.5 42.5
51.5 42.5
62.5 42.5
13.5 43.5
26.5 43.5
35.5 43.5
36.5 43.5
62.5 43.5
12.5 44.5
26.5 44.5
36.5 44.5
25.5 45.5
51.5 50.5
10.5 51.5
38.5 51.5
51.5 51.5
60.5 51.5
10.5 52.5
23.5 52.5
39.5 52.5
52.5 52.5
59.5 52.5
9.5 53.5
22.5 53.5
23.5 53.5
39.5 53.5
52.5 53.5
58.5 53.5
8.5 54.5
22.5 54.5
39.5 54.5
40.5 54.5
22.5 55.5
40.5 55.5
46.5 55.5
15.5 56.5
21.5 56.5
47.5 56.5
64.5 56.5
15.5 57.5
28.5 57.5
34.5 57.5
47.5 57.5
63.5 57.5
14.5 58.5
27.5 58.5
34.5 58.5
48.5 58.5
63.5 58.5
14.5 59.5
27.5 59.5
35.5 59.5
48.5 59.5
62.5 59.5
13.5 60.5
26.5 60.5
35.5 60.5
