8.5 5.5
9.5 5.5
10.5 5.5
21.5 5.5
22.5 5.5
23.5 5.5
33.5 5.5
34.5 5.5
35.5 5.5
49.5 5.5
50.5 5.5
51.5 5.5
52.5 5.5
57.5 5.5
58.5 5.5
59.5 5.5
7.5 6.5
8.5 6.5
9.5 6.5
17.5 6.5
18.5 6.5
20.5 6.5
21.5 6.5
22.5 6.5
29.5 6.5
32.5 6.5
33.5 6.5
34.5 6.5
41.5 6.5
51.5 6.5
52.5 6.5
53.5 6.5
54.5 6.5
56.5 6.5
57.5 6.5
7.5 7.5
15.5 7.5
16.5 7.5
17.5 7.5
19.5 7.5
20.5 7.5
21.5 7.5
27.5 7.5
28.5 7.5
29.5 7.5
31.5 7.5
32.5 7.5
33.5 7.5
39.5 7.5
40.5 7.5
42.5 7.5
43.5 7.5
44.5 7.5
53.5 7.5
54.5 7.5
55.5 7.5
56.5 7.5
63.5 7.5
64.5 7.5
13.5 8.5
14.5 8.5
15.5 8.5
16.5 8.5
19.5 8.5
26.5 8.5
27.5 8.5
28.5 8.5
30.5 8.5
31.5 8.5
38.5 8.5
39.5 8.5
40.5 8.5
43.5 8.5
44.5 8.5
45.5 8.5
46.5 8.5
62.5 8.5
63.5 8.5
64.5 8.5
11.5 9.5
12.5 9.5
13.5 9.5
14.5 9.5
25.5 9.5
26.5 9.5
27.5 9.5
37.5 9.5
38.5 9.5
39.5 9.5
45.5 9.5
46.5 9.5
47.5 9.5
60.5 9.5
61.5 9.5
62.5 9.5
63.5 9.5
10.5 10.5
11.5 10.5
12.5 10.5
24.5 10.5
25.5 10.5
26.5 10.5
36.5 10.5
37.5 10.5
38.5 10.5
46.5 10.5
47.5 10.5
48.5 10.5
59.5 10.5
60.5 10.5
61.5 10.5
62.5 10.5
23.5 11.5
24.5 11.5
35.5 11.5
36.5 11.5
48.5 11.5
49.5 11.5
59.5 11.5
14.5 12.5
23.5 12.5
34.5 12.5
35.5 12.5
12.5 13.5
13.5 13.5
14.5 13.5
25.5 13.5
26.5 13.5
46.5 13.5
59.5 13.5
60.5 13.5
11.5 14.5
12.5 14.5
13.5 14.5
24.5 14.5
25.5 14.5
36.5 14.5
37.5 14.5
46.5 14.5
47.5 14.5
48.5 14.5
60.5 14.5
61.5 14.5
62.5 14.5
9.5 15.5
10.5 15.5
11.5 15.5
12.5 15.5
22.5 15.5
23.5 15.5
24.5 15.5
35.5 15.5
36.5 15.5
48.5 15.5
49.5 15.5
50.5 15.5
61.5 15.5
62.5 15.5
63.5 15.5
8.5 16.5
9.5 16.5
10.5 16.5
11.5 16.5
18.5 16.5
21.5 16.5
22.5 16.5
23.5 16.5
33.5 16.5
34.5 16.5
35.5 16.5
49.5 16.5
50.5 16.5
51.5 16.5
52.5 16.5
54.5 16.5
55.5 16.5
62.5 16.5
63.5 16.5
64.5 16.5
7.5 17.5
8.5 17.5
9.5 17.5
17.5 17.5
18.5 17.5
20.5 17.5
21.5 17.5
22.5 17.5
29.5 17.5
30.5 17.5
33.5 17.5
34.5 17.5
42.5 17.5
43.5 17.5
51.5 17.5
52.5 17.5
53.5 17.5
55.5 17.5
56.5 17.5
64.5 17.5
7.5 18.5
8.5 18.5
15.5 18.5
16.5 18.5
17.5 18.5
19.5 18.5
20.5 18.5
27.5 18.5
28.5 18.5
29.5 18.5
32.5 18.5
33.5 18.5
40.5 18.5
41.5 18.5
44.5 18.5
45.5 18.5
53.5 18.5
54.5 18.5
56.5 18.5
57.5 18.5
58.5 18.5
14.5 19.5
15.5 19.5
16.5 19.5
26.5 19.5
27.5 19.5
28.5 19.5
31.5 19.5
39.5 19.5
40.5 19.5
45.5 19.5
46.5 19.5
57.5 19.5
58.5 19.5
59.5 19.5
13.5 20.5
14.5 20.5
24.5 20.5
25.5 20.5
26.5 20.5
27.5 20.5
37.5 20.5
38.5 20.5
39.5 20.5
46.5 20.5
47.5 20.5
58.5 20.5
59.5 20.5
60.5 20.5
12.5 21.5
13.5 21.5
23.5 21.5
24.5 21.5
25.5 21.5
36.5 21.5
37.5 21.5
38.5 21.5
47.5 21.5
48.5 21.5
49.5 21.5
60.5 21.5
61.5 21.5
11.5 22.5
23.5 22.5
36.5 22.5
37.5 22.5
49.5 22.5
61.5 22.5
62.5 22.5
13.5 24.5
14.5 24.5
23.5 24.5
24.5 24.5
35.5 24.5
36.5 24.5
47.5 24.5
48.5 24.5
60.5 24.5
61.5 24.5
62.5 24.5
11.5 25.5
12.5 25.5
13.5 25.5
24.5 25.5
25.5 25.5
26.5 25.5
37.5 25.5
38.5 25.5
48.5 25.5
49.5 25.5
50.5 25.5
58.5 25.5
59.5 25.5
60.5 25.5
61.5 25.5
10.5 26.5
11.5 26.5
12.5 26.5
25.5 26.5
26.5 26.5
27.5 26.5
38.5 26.5
39.5 26.5
40.5 26.5
50.5 26.5
51.5 26.5
52.5 26.5
56.5 26.5
57.5 26.5
58.5 26.5
59.5 26.5
9.5 27.5
10.5 27.5
16.5 27.5
17.5 27.5
18.5 27.5
19.5 27.5
26.5 27.5
27.5 27.5
28.5 27.5
29.5 27.5
40.5 27.5
41.5 27.5
43.5 27.5
44.5 27.5
52.5 27.5
53.5 27.5
54.5 27.5
55.5 27.5
56.5 27.5
8.5 28.5
9.5 28.5
15.5 28.5
16.5 28.5
19.5 28.5
20.5 28.5
21.5 28.5
28.5 28.5
29.5 28.5
30.5 28.5
31.5 28.5
32.5 28.5
33.5 28.5
42.5 28.5
43.5 28.5
44.5 28.5
45.5 28.5
46.5 28.5
47.5 28.5
62.5 28.5
63.5 28.5
64.5 28.5
14.5 29.5
15.5 29.5
20.5 29.5
21.5 29.5
22.5 29.5
30.5 29.5
32.5 29.5
33.5 29.5
34.5 29.5
35.5 29.5
36.5 29.5
46.5 29.5
47.5 29.5
48.5 29.5
49.5 29.5
60.5 29.5
61.5 29.5
62.5 29.5
63.5 29.5
13.5 30.5
14.5 30.5
15.5 30.5
21.5 30.5
22.5 30.5
23.5 30.5
34.5 30.5
35.5 30.5
36.5 30.5
37.5 30.5
38.5 30.5
48.5 30.5
49.5 30.5
50.5 30.5
59.5 30.5
60.5 30.5
12.5 31.5
13.5 31.5
14.5 31.5
22.5 31.5
23.5 31.5
24.5 31.5
37.5 31.5
38.5 31.5
39.5 31.5
12.5 32.5
24.5 32.5
25.5 32.5
47.5 32.5
48.5 32.5
62.5 32.5
63.5 32.5
11.5 33.5
38.5 33.5
48.5 33.5
49.5 33.5
60.5 33.5
61.5 33.5
62.5 33.5
12.5 34.5
13.5 34.5
22.5 34.5
36.5 34.5
37.5 34.5
38.5 34.5
49.5 34.5
50.5 34.5
51.5 34.5
59.5 34.5
60.5 34.5
61.5 34.5
13.5 35.5
14.5 35.5
23.5 35.5
24.5 35.5
25.5 35.5
34.5 35.5
35.5 35.5
36.5 35.5
50.5 35.5
51.5 35.5
52.5 35.5
58.5 35.5
59.5 35.5
60.5 35.5
14.5 36.5
15.5 36.5
25.5 36.5
26.5 36.5
27.5 36.5
32.5 36.5
33.5 36.5
34.5 36.5
43.5 36.5
51.5 36.5
52.5 36.5
53.5 36.5
56.5 36.5
57.5 36.5
58.5 36.5
59.5 36.5
7.5 37.5
8.5 37.5
15.5 37.5
16.5 37.5
18.5 37.5
26.5 37.5
27.5 37.5
28.5 37.5
31.5 37.5
32.5 37.5
40.5 37.5
41.5 37.5
42.5 37.5
44.5 37.5
45.5 37.5
53.5 37.5
54.5 37.5
55.5 37.5
56.5 37.5
57.5 37.5
7.5 38.5
8.5 38.5
9.5 38.5
16.5 38.5
19.5 38.5
20.5 38.5
21.5 38.5
29.5 38.5
30.5 38.5
38.5 38.5
39.5 38.5
40.5 38.5
41.5 38.5
45.5 38.5
46.5 38.5
47.5 38.5
54.5 38.5
64.5 38.5
8.5 39.5
9.5 39.5
10.5 39.5
11.5 39.5
17.5 39.5
20.5 39.5
21.5 39.5
22.5 39.5
23.5 39.5
37.5 39.5
38.5 39.5
39.5 39.5
40.5 39.5
46.5 39.5
47.5 39.5
48.5 39.5
62.5 39.5
63.5 39.5
64.5 39.5
10.5 40.5
11.5 40.5
12.5 40.5
22.5 40.5
23.5 40.5
24.5 40.5
36.5 40.5
37.5 40.5
38.5 40.5
47.5 40.5
48.5 40.5
49.5 40.5
61.5 40.5
62.5 40.5
63.5 40.5
64.5 40.5
11.5 41.5
12.5 41.5
13.5 41.5
24.5 41.5
25.5 41.5
35.5 41.5
36.5 41.5
49.5 41.5
50.5 41.5
60.5 41.5
61.5 41.5
62.5 41.5
13.5 42.5
14.5 42.5
50.5 42.5
51.5 42.5
23.5 43.5
38.5 43.5
51.5 43.5
13.5 44.5
23.5 44.5
24.5 44.5
25.5 44.5
36.5 44.5
37.5 44.5
38.5 44.5
49.5 44.5
50.5 44.5
60.5 44.5
61.5 44.5
11.5 45.5
12.5 45.5
13.5 45.5
24.5 45.5
25.5 45.5
26.5 45.5
35.5 45.5
36.5 45.5
37.5 45.5
47.5 45.5
48.5 45.5
49.5 45.5
60.5 45.5
61.5 45.5
62.5 45.5
63.5 45.5
64.5 45.5
9.5 46.5
10.5 46.5
11.5 46.5
25.5 46.5
26.5 46.5
27.5 46.5
33.5 46.5
34.5 46.5
35.5 46.5
36.5 46.5
46.5 46.5
47.5 46.5
48.5 46.5
62.5 46.5
63.5 46.5
64.5 46.5
8.5 47.5
9.5 47.5
10.5 47.5
17.5 47.5
26.5 47.5
27.5 47.5
28.5 47.5
32.5 47.5
33.5 47.5
34.5 47.5
35.5 47.5
42.5 47.5
43.5 47.5
45.5 47.5
46.5 47.5
53.5 47.5
54.5 47.5
56.5 47.5
57.5 47.5
64.5 47.5
7.5 48.5
8.5 48.5
15.5 48.5
16.5 48.5
18.5 48.5
19.5 48.5
20.5 48.5
27.5 48.5
28.5 48.5
29.5 48.5
31.5 48.5
32.5 48.5
33.5 48.5
41.5 48.5
42.5 48.5
44.5 48.5
45.5 48.5
52.5 48.5
53.5 48.5
54.5 48.5
57.5 48.5
58.5 48.5
6.5 49.5
14.5 49.5
15.5 49.5
16.5 49.5
19.5 49.5
20.5 49.5
21.5 49.5
22.5 49.5
29.5 49.5
30.5 49.5
31.5 49.5
32.5 49.5
39.5 49.5
40.5 49.5
41.5 49.5
51.5 49.5
52.5 49.5
53.5 49.5
57.5 49.5
58.5 49.5
59.5 49.5
13.5 50.5
14.5 50.5
21.5 50.5
22.5 50.5
23.5 50.5
38.5 50.5
39.5 50.5
50.5 50.5
51.5 50.5
52.5 50.5
58.5 50.5
59.5 50.5
60.5 50.5
12.5 51.5
13.5 51.5
22.5 51.5
23.5 51.5
24.5 51.5
37.5 51.5
38.5 51.5
49.5 51.5
50.5 51.5
51.5 51.5
59.5 51.5
60.5 51.5
11.5 52.5
12.5 52.5
24.5 52.5
25.5 52.5
36.5 52.5
48.5 52.5
49.5 52.5
60.5 52.5
61.5 52.5
10.5 53.5
26.5 53.5
61.5 53.5
62.5 53.5
13.5 54.5
35.5 54.5
36.5 54.5
11.5 55.5
12.5 55.5
25.5 55.5
26.5 55.5
36.5 55.5
37.5 55.5
38.5 55.5
39.5 55.5
49.5 55.5
50.5 55.5
51.5 55.5
60.5 55.5
61.5 55.5
9.5 56.5
10.5 56.5
11.5 56.5
22.5 56.5
23.5 56.5
24.5 56.5
25.5 56.5
38.5 56.5
39.5 56.5
40.5 56.5
41.5 56.5
46.5 56.5
47.5 56.5
48.5 56.5
49.5 56.5
50.5 56.5
61.5 56.5
62.5 56.5
8.5 57.5
9.5 57.5
10.5 57.5
20.5 57.5
21.5 57.5
22.5 57.5
23.5 57.5
40.5 57.5
41.5 57.5
42.5 57.5
45.5 57.5
46.5 57.5
47.5 57.5
48.5 57.5
62.5 57.5
63.5 57.5
64.5 57.5
7.5 58.5
8.5 58.5
15.5 58.5
16.5 58.5
17.5 58.5
18.5 58.5
19.5 58.5
20.5 58.5
29.5 58.5
30.5 58.5
42.5 58.5
43.5 58.5
44.5 58.5
45.5 58.5
53.5 58.5
54.5 58.5
63.5 58.5
64.5 58.5
13.5 59.5
14.5 59.5
15.5 59.5
16.5 59.5
27.5 59.5
28.5 59.5
29.5 59.5
30.5 59.5
31.5 59.5
32.5 59.5
33.5 59.5
34.5 59.5
52.5 59.5
53.5 59.5
55.5 59.5
56.5 59.5
57.5 59.5
11.5 60.5
12.5 60.5
13.5 60.5
14.5 60.5
25.5 60.5
26.5 60.5
27.5 60.5
32.5 60.5
33.5 60.5
34.5 60.5
35.5 60.5
36.5 60.5
37.5 60.5
50.5 60.5
51.5 60.5
52.5 60.5
56.5 60.5
57.5 60.5
58.5 60.5
59.5 60.5
10.5 61.5
11.5 61.5
12.5 61.5
24.5 61.5
25.5 61.5
26.5 61.5
35.5 61.5
36.5 61.5
37.5 61.5
38.5 61.5
39.5 61.5
49.5 61.5
50.5 61.5
58.5 61.5
59.5 61.5
60.5 61.5
61.5 61.5
23.5 62.5
24.5 62.5
48.5 62.5
49.5 62.5
61.5 62.5
62.5 62.5
63.5 62.5
