12.5 5.5
13.5 5.5
14.5 5.5
15.5 5.5
16.5 5.5
17.5 5.5
18.5 5.5
37.5 5.5
38.5 5.5
39.5 5.5
56.5 5.5
57.5 5.5
58.5 5.5
9.5 6.5
10.5 6.5
11.5 6.5
12.5 6.5
13.5 6.5
14.5 6.5
33.5 6.5
34.5 6.5
35.5 6.5
36.5 6.5
37.5 6.5
54.5 6.5
55.5 6.5
56.5 6.5
7.5 7.5
8.5 7.5
9.5 7.5
10.5 7.5
11.5 7.5
30.5 7.5
31.5 7.5
32.5 7.5
33.5 7.5
34.5 7.5
52.5 7.5
53.5 7.5
54.5 7.5
25.5 8.5
26.5 8.5
27.5 8.5
28.5 8.5
29.5 8.5
30.5 8.5
31.5 8.5
50.5 8.5
51.5 8.5
52.5 8.5
22.5 9.5
23.5 9.5
24.5 9.5
45.5 9.5
46.5 9.5
47.5 9.5
48.5 9.5
49.5 9.5
50.5 9.5
63.5 9.5
64.5 9.5
19.5 10.5
20.5 10.5
21.5 10.5
22.5 10.5
41.5 10.5
42.5 10.5
43.5 10.5
44.5 10.5
45.5 10.5
47.5 10.5
60.5 10.5
61.5 10.5
62.5 10.5
63.5 10.5
17.5 11.5
18.5 11.5
19.5 11.5
38.5 11.5
39.5 11.5
40.5 11.5
41.5 11.5
42.5 11.5
58.5 11.5
59.5 11.5
60.5 11.5
61.5 11.5
15.5 12.5
16.5 12.5
17.5 12.5
35.5 12.5
36.5 12.5
37.5 12.5
38.5 12.5
56.5 12.5
57.5 12.5
58.5 12.5
59.5 12.5
33.5 13.5
34.5 13.5
55.5 13.5
56.5 13.5
57.5 13.5
53.5 14.5
54.5 14.5
14.5 15.5
15.5 16.5
16.5 16.5
17.5 16.5
34.5 16.5
35.5 16.5
61.5 16.5
17.5 17.5
18.5 17.5
19.5 17.5
20.5 17.5
36.5 17.5
37.5 17.5
38.5 17.5
57.5 17.5
58.5 17.5
59.5 17.5
19.5 18.5
20.5 18.5
21.5 18.5
22.5 18.5
38.5 18.5
39.5 18.5
40.5 18.5
41.5 18.5
54.5 18.5
55.5 18.5
56.5 18.5
57.5 18.5
21.5 19.5
22.5 19.5
23.5 19.5
24.5 19.5
26.5 19.5
41.5 19.5
42.5 19.5
43.5 19.5
51.5 19.5
52.5 19.5
53.5 19.5
54.5 19.5
8.5 20.5
9.5 20.5
10.5 20.5
24.5 20.5
25.5 20.5
26.5 20.5
28.5 20.5
29.5 20.5
30.5 20.5
43.5 20.5
44.5 20.5
45.5 20.5
49.5 20.5
50.5 20.5
51.5 20.5
10.5 21.5
11.5 21.5
12.5 21.5
27.5 21.5
30.5 21.5
31.5 21.5
32.5 21.5
46.5 21.5
47.5 21.5
48.5 21.5
63.5 21.5
64.5 21.5
12.5 22.5
13.5 22.5
14.5 22.5
32.5 22.5
33.5 22.5
34.5 22.5
35.5 22.5
59.5 22.5
60.5 22.5
61.5 22.5
62.5 22.5
63.5 22.5
14.5 23.5
15.5 23.5
16.5 23.5
34.5 23.5
35.5 23.5
36.5 23.5
37.5 23.5
56.5 23.5
57.5 23.5
58.5 23.5
59.5 23.5
60.5 23.5
16.5 24.5
17.5 24.5
18.5 24.5
37.5 24.5
38.5 24.5
39.5 24.5
53.5 24.5
54.5 24.5
55.5 24.5
56.5 24.5
18.5 25.5
19.5 25.5
20.5 25.5
40.5 27.5
37.5 28.5
38.5 28.5
39.5 28.5
54.5 28.5
55.5 28.5
56.5 28.5
15.5 29.5
16.5 29.5
17.5 29.5
35.5 29.5
36.5 29.5
37.5 29.5
56.5 29.5
57.5 29.5
58.5 29.5
59.5 29.5
60.5 29.5
17.5 30.5
18.5 30.5
19.5 30.5
20.5 30.5
32.5 30.5
33.5 30.5
34.5 30.5
35.5 30.5
59.5 30.5
60.5 30.5
61.5 30.5
62.5 30.5
63.5 30.5
20.5 31.5
21.5 31.5
22.5 31.5
23.5 31.5
30.5 31.5
31.5 31.5
32.5 31.5
33.5 31.5
46.5 31.5
47.5 31.5
62.5 31.5
63.5 31.5
64.5 31.5
7.5 32.5
22.5 32.5
23.5 32.5
24.5 32.5
25.5 32.5
28.5 32.5
29.5 32.5
30.5 32.5
44.5 32.5
45.5 32.5
46.5 32.5
48.5 32.5
49.5 32.5
50.5 32.5
8.5 33.5
9.5 33.5
10.5 33.5
25.5 33.5
26.5 33.5
27.5 33.5
28.5 33.5
41.5 33.5
42.5 33.5
43.5 33.5
44.5 33.5
50.5 33.5
51.5 33.5
52.5 33.5
11.5 34.5
12.5 34.5
13.5 34.5
14.5 34.5
39.5 34.5
40.5 34.5
41.5 34.5
42.5 34.5
52.5 34.5
53.5 34.5
54.5 34.5
13.5 35.5
14.5 35.5
15.5 35.5
16.5 35.5
37.5 35.5
38.5 35.5
39.5 35.5
54.5 35.5
55.5 35.5
56.5 35.5
57.5 35.5
16.5 36.5
17.5 36.5
18.5 36.5
19.5 36.5
35.5 36.5
36.5 36.5
37.5 36.5
57.5 36.5
58.5 36.5
59.5 36.5
20.5 37.5
21.5 37.5
33.5 37.5
34.5 37.5
59.5 37.5
60.5 37.5
60.5 39.5
61.5 39.5
14.5 40.5
15.5 40.5
16.5 40.5
34.5 40.5
35.5 40.5
58.5 40.5
59.5 40.5
16.5 41.5
17.5 41.5
18.5 41.5
19.5 41.5
35.5 41.5
36.5 41.5
37.5 41.5
56.5 41.5
57.5 41.5
58.5 41.5
19.5 42.5
20.5 42.5
21.5 42.5
22.5 42.5
37.5 42.5
38.5 42.5
39.5 42.5
54.5 42.5
55.5 42.5
56.5 42.5
21.5 43.5
22.5 43.5
23.5 43.5
24.5 43.5
26.5 43.5
38.5 43.5
39.5 43.5
40.5 43.5
41.5 43.5
52.5 43.5
53.5 43.5
54.5 43.5
55.5 43.5
7.5 44.5
8.5 44.5
9.5 44.5
24.5 44.5
25.5 44.5
26.5 44.5
28.5 44.5
40.5 44.5
41.5 44.5
42.5 44.5
43.5 44.5
50.5 44.5
51.5 44.5
52.5 44.5
53.5 44.5
9.5 45.5
10.5 45.5
11.5 45.5
12.5 45.5
29.5 45.5
30.5 45.5
42.5 45.5
43.5 45.5
44.5 45.5
49.5 45.5
50.5 45.5
51.5 45.5
11.5 46.5
12.5 46.5
13.5 46.5
14.5 46.5
15.5 46.5
31.5 46.5
32.5 46.5
44.5 46.5
45.5 46.5
46.5 46.5
47.5 46.5
48.5 46.5
49.5 46.5
63.5 46.5
64.5 46.5
14.5 47.5
15.5 47.5
16.5 47.5
17.5 47.5
32.5 47.5
33.5 47.5
34.5 47.5
46.5 47.5
47.5 47.5
60.5 47.5
61.5 47.5
62.5 47.5
63.5 47.5
17.5 48.5
18.5 48.5
19.5 48.5
34.5 48.5
35.5 48.5
58.5 48.5
59.5 48.5
60.5 48.5
61.5 48.5
36.5 49.5
37.5 49.5
56.5 49.5
57.5 49.5
58.5 49.5
59.5 49.5
38.5 50.5
39.5 50.5
54.5 50.5
55.5 50.5
56.5 50.5
40.5 51.5
52.5 51.5
53.5 51.5
13.5 52.5
14.5 52.5
15.5 52.5
15.5 53.5
16.5 53.5
17.5 53.5
18.5 53.5
17.5 54.5
18.5 54.5
19.5 54.5
20.5 54.5
35.5 54.5
36.5 54.5
37.5 54.5
38.5 54.5
39.5 54.5
52.5 54.5
53.5 54.5
54.5 54.5
19.5 55.5
20.5 55.5
21.5 55.5
22.5 55.5
31.5 55.5
32.5 55.5
33.5 55.5
34.5 55.5
35.5 55.5
36.5 55.5
54.5 55.5
55.5 55.5
56.5 55.5
57.5 55.5
58.5 55.5
59.5 55.5
22.5 56.5
23.5 56.5
24.5 56.5
28.5 56.5
29.5 56.5
30.5 56.5
31.5 56.5
32.5 56.5
33.5 56.5
57.5 56.5
58.5 56.5
59.5 56.5
60.5 56.5
61.5 56.5
62.5 56.5
63.5 56.5
24.5 57.5
25.5 57.5
26.5 57.5
27.5 57.5
28.5 57.5
29.5 57.5
61.5 57.5
62.5 57.5
63.5 57.5
64.5 57.5
6.5 58.5
7.5 58.5
8.5 58.5
44.5 58.5
45.5 58.5
46.5 58.5
47.5 58.5
48.5 58.5
7.5 59.5
8.5 59.5
9.5 59.5
10.5 59.5
11.5 59.5
12.5 59.5
41.5 59.5
42.5 59.5
43.5 59.5
49.5 59.5
50.5 59.5
51.5 59.5
10.5 60.5
11.5 60.5
12.5 60.5
13.5 60.5
14.5 60.5
15.5 60.5
16.5 60.5
38.5 60.5
39.5 60.5
40.5 60.5
41.5 60.5
52.5 60.5
53.5 60.5
54.5 60.5
14.5 61.5
15.5 61.5
16.5 61.5
17.5 61.5
18.5 61.5
19.5 61.5
35.5 61.5
36.5 61.5
37.5 61.5
38.5 61.5
54.5 61.5
55.5 61.5
56.5 61.5
57.5 61.5
18.5 62.5
19.5 62.5
20.5 62.5
21.5 62.5
33.5 62.5
34.5 62.5
57.5 62.5
58.5 62.5
59.5 62.5
60.5 63.5
61.5 63.5
