13.5 5.5
23.5 5.5
36.5 5.5
62.5 5.5
14.5 6.5
22.5 6.5
35.5 6.5
49.5 6.5
62.5 6.5
14.5 7.5
22.5 7.5
34.5 7.5
35.5 7.5
48.5 7.5
63.5 7.5
15.5 8.5
21.5 8.5
34.5 8.5
47.5 8.5
48.5 8.5
63.5 8.5
47.5 9.5
64.5 9.5
9.5 10.5
28.5 10.5
40.5 10.5
46.5 10.5
64.5 10.5
9.5 11.5
27.5 11.5
40.5 11.5
10.5 12.5
26.5 12.5
39.5 12.5
52.5 12.5
58.5 12.5
10.5 13.5
11.5 13.5
26.5 13.5
39.5 13.5
52.5 13.5
59.5 13.5
11.5 14.5
25.5 14.5
38.5 14.5
51.5 14.5
59.5 14.5
50.5 15.5
59.5 15.5
60.5 15.5
60.5 16.5
26.5 20.5
11.5 21.5
26.5 21.5
38.5 21.5
48.5 21.5
61.5 21.5
10.5 22.5
11.5 22.5
27.5 22.5
39.5 22.5
47.5 22.5
62.5 22.5
10.5 23.5
28.5 23.5
40.5 23.5
46.5 23.5
63.5 23.5
9.5 24.5
46.5 24.5
64.5 24.5
16.5 25.5
22.5 25.5
34.5 25.5
15.5 26.5
22.5 26.5
34.5 26.5
35.5 26.5
15.5 27.5
23.5 27.5
35.5 27.5
50.5 27.5
51.5 27.5
58.5 27.5
14.5 28.5
24.5 28.5
50.5 28.5
59.5 28.5
14.5 29.5
49.5 29.5
60.5 29.5
36.5 34.5
14.5 35.5
26.5 35.5
49.5 35.5
14.5 36.5
27.5 36.5
35.5 36.5
50.5 36.5
62.5 36.5
14.5 37.5
15.5 37.5
27.5 37.5
28.5 37.5
35.5 37.5
50.5 37.5
62.5 37.5
15.5 38.5
28.5 38.5
34.5 38.5
51.5 38.5
62.5 38.5
63.5 38.5
15.5 39.5
63.5 39.5
45.5 40.5
22.5 41.5
39.5 41.5
46.5 41.5
57.5 41.5
10.5 42.5
22.5 42.5
23.5 42.5
39.5 42.5
46.5 42.5
58.5 42.5
10.5 43.5
23.5 43.5
24.5 43.5
38.5 43.5
46.5 43.5
47.5 43.5
58.5 43.5
11.5 44.5
24.5 44.5
38.5 44.5
47.5 44.5
59.5 44.5
11.5 45.5
26.5 51.5
36.5 51.5
50.5 51.5
59.5 51.5
11.5 52.5
26.5 52.5
27.5 52.5
35.5 52.5
36.5 52.5
50.5 52.5
51.5 52.5
58.5 52.5
59.5 52.5
10.5 53.5
27.5 53.5
28.5 53.5
35.5 53.5
51.5 53.5
58.5 53.5
9.5 54.5
28.5 54.5
52.5 54.5
34.5 55.5
15.5 57.5
22.5 57.5
39.5 57.5
45.5 57.5
46.5 57.5
63.5 57.5
15.5 58.5
23.5 58.5
39.5 58.5
46.5 58.5
47.5 58.5
63.5 58.5
14.5 59.5
15.5 59.5
23.5 59.5
24.5 59.5
38.5 59.5
47.5 59.5
62.5 59.5
14.5 60.5
24.5 60.5
38.5 60.5
48.5 60.5
62.5 60.5
