11.5 5.5
12.5 5.5
21.5 5.5
33.5 5.5
42.5 5.5
53.5 5.5
62.5 5.5
12.5 6.5
21.5 6.5
33.5 6.5
34.5 6.5
42.5 6.5
53.5 6.5
54.5 6.5
62.5 6.5
12.5 7.5
20.5 7.5
21.5 7.5
34.5 7.5
41.5 7.5
42.5 7.5
54.5 7.5
61.5 7.5
62.5 7.5
12.5 8.5
13.5 8.5
20.5 8.5
21.5 8.5
34.5 8.5
41.5 8.5
54.5 8.5
61.5 8.5
13.5 9.5
20.5 9.5
34.5 9.5
41.5 9.5
54.5 9.5
55.5 9.5
61.5 9.5
7.5 10.5
13.5 10.5
14.5 10.5
20.5 10.5
26.5 10.5
29.5 10.5
34.5 10.5
35.5 10.5
40.5 10.5
41.5 10.5
46.5 10.5
50.5 10.5
55.5 10.5
60.5 10.5
61.5 10.5
7.5 11.5
14.5 11.5
20.5 11.5
26.5 11.5
29.5 11.5
35.5 11.5
40.5 11.5
50.5 11.5
55.5 11.5
60.5 11.5
8.5 12.5
14.5 12.5
19.5 12.5
20.5 12.5
25.5 12.5
30.5 12.5
35.5 12.5
40.5 12.5
45.5 12.5
50.5 12.5
60.5 12.5
8.5 13.5
14.5 13.5
19.5 13.5
25.5 13.5
30.5 13.5
35.5 13.5
40.5 13.5
45.5 13.5
50.5 13.5
51.5 13.5
56.5 13.5
60.5 13.5
8.5 14.5
9.5 14.5
15.5 14.5
19.5 14.5
25.5 14.5
30.5 14.5
36.5 14.5
45.5 14.5
51.5 14.5
9.5 15.5
19.5 15.5
24.5 15.5
30.5 15.5
31.5 15.5
36.5 15.5
39.5 15.5
44.5 15.5
45.5 15.5
51.5 15.5
9.5 16.5
24.5 16.5
31.5 16.5
44.5 16.5
51.5 16.5
9.5 17.5
10.5 17.5
24.5 17.5
31.5 17.5
44.5 17.5
51.5 17.5
52.5 17.5
10.5 18.5
23.5 18.5
31.5 18.5
32.5 18.5
44.5 18.5
52.5 18.5
64.5 18.5
10.5 19.5
11.5 19.5
23.5 19.5
32.5 19.5
43.5 19.5
52.5 19.5
64.5 19.5
11.5 20.5
23.5 20.5
32.5 20.5
43.5 20.5
52.5 20.5
64.5 20.5
11.5 21.5
22.5 21.5
32.5 21.5
43.5 21.5
64.5 21.5
22.5 22.5
11.5 23.5
53.5 23.5
63.5 23.5
11.5 24.5
22.5 24.5
53.5 24.5
63.5 24.5
12.5 25.5
22.5 25.5
32.5 25.5
43.5 25.5
53.5 25.5
62.5 25.5
63.5 25.5
12.5 26.5
21.5 26.5
22.5 26.5
32.5 26.5
43.5 26.5
53.5 26.5
54.5 26.5
62.5 26.5
12.5 27.5
13.5 27.5
21.5 27.5
31.5 27.5
43.5 27.5
54.5 27.5
62.5 27.5
13.5 28.5
21.5 28.5
31.5 28.5
43.5 28.5
44.5 28.5
54.5 28.5
61.5 28.5
62.5 28.5
13.5 29.5
14.5 29.5
20.5 29.5
21.5 29.5
31.5 29.5
44.5 29.5
54.5 29.5
61.5 29.5
7.5 30.5
13.5 30.5
14.5 30.5
20.5 30.5
30.5 30.5
31.5 30.5
36.5 30.5
44.5 30.5
49.5 30.5
54.5 30.5
61.5 30.5
8.5 31.5
14.5 31.5
20.5 31.5
25.5 31.5
30.5 31.5
36.5 31.5
44.5 31.5
49.5 31.5
54.5 31.5
55.5 31.5
60.5 31.5
61.5 31.5
8.5 32.5
14.5 32.5
15.5 32.5
20.5 32.5
25.5 32.5
30.5 32.5
36.5 32.5
40.5 32.5
45.5 32.5
49.5 32.5
55.5 32.5
60.5 32.5
8.5 33.5
9.5 33.5
15.5 33.5
19.5 33.5
25.5 33.5
29.5 33.5
35.5 33.5
40.5 33.5
45.5 33.5
50.5 33.5
55.5 33.5
60.5 33.5
8.5 34.5
9.5 34.5
15.5 34.5
19.5 34.5
24.5 34.5
29.5 34.5
35.5 34.5
40.5 34.5
45.5 34.5
50.5 34.5
55.5 34.5
59.5 34.5
9.5 35.5
24.5 35.5
29.5 35.5
34.5 35.5
35.5 35.5
41.5 35.5
50.5 35.5
55.5 35.5
59.5 35.5
9.5 36.5
10.5 36.5
24.5 36.5
34.5 36.5
35.5 36.5
41.5 36.5
50.5 36.5
64.5 36.5
9.5 37.5
10.5 37.5
23.5 37.5
24.5 37.5
34.5 37.5
41.5 37.5
50.5 37.5
51.5 37.5
64.5 37.5
10.5 38.5
23.5 38.5
34.5 38.5
41.5 38.5
51.5 38.5
63.5 38.5
64.5 38.5
10.5 39.5
11.5 39.5
23.5 39.5
33.5 39.5
34.5 39.5
42.5 39.5
51.5 39.5
63.5 39.5
11.5 40.5
23.5 40.5
33.5 40.5
42.5 40.5
51.5 40.5
63.5 40.5
11.5 41.5
22.5 41.5
33.5 41.5
42.5 41.5
52.5 41.5
62.5 41.5
22.5 42.5
33.5 42.5
52.5 42.5
62.5 42.5
11.5 43.5
22.5 43.5
52.5 43.5
11.5 44.5
22.5 44.5
32.5 44.5
52.5 44.5
62.5 44.5
12.5 45.5
33.5 45.5
43.5 45.5
51.5 45.5
62.5 45.5
12.5 46.5
23.5 46.5
33.5 46.5
43.5 46.5
51.5 46.5
61.5 46.5
12.5 47.5
23.5 47.5
33.5 47.5
43.5 47.5
51.5 47.5
61.5 47.5
12.5 48.5
13.5 48.5
23.5 48.5
33.5 48.5
34.5 48.5
44.5 48.5
50.5 48.5
51.5 48.5
61.5 48.5
12.5 49.5
13.5 49.5
23.5 49.5
24.5 49.5
34.5 49.5
44.5 49.5
50.5 49.5
60.5 49.5
61.5 49.5
13.5 50.5
19.5 50.5
24.5 50.5
34.5 50.5
35.5 50.5
44.5 50.5
50.5 50.5
60.5 50.5
7.5 51.5
13.5 51.5
14.5 51.5
19.5 51.5
24.5 51.5
29.5 51.5
34.5 51.5
35.5 51.5
44.5 51.5
50.5 51.5
55.5 51.5
60.5 51.5
7.5 52.5
13.5 52.5
14.5 52.5
19.5 52.5
24.5 52.5
29.5 52.5
35.5 52.5
40.5 52.5
44.5 52.5
49.5 52.5
55.5 52.5
60.5 52.5
8.5 53.5
14.5 53.5
19.5 53.5
25.5 53.5
29.5 53.5
35.5 53.5
36.5 53.5
40.5 53.5
45.5 53.5
49.5 53.5
54.5 53.5
55.5 53.5
59.5 53.5
60.5 53.5
8.5 54.5
14.5 54.5
19.5 54.5
20.5 54.5
25.5 54.5
29.5 54.5
30.5 54.5
36.5 54.5
40.5 54.5
45.5 54.5
49.5 54.5
54.5 54.5
59.5 54.5
8.5 55.5
9.5 55.5
14.5 55.5
20.5 55.5
25.5 55.5
30.5 55.5
36.5 55.5
40.5 55.5
41.5 55.5
45.5 55.5
54.5 55.5
59.5 55.5
64.5 55.5
9.5 56.5
20.5 56.5
30.5 56.5
41.5 56.5
48.5 56.5
53.5 56.5
54.5 56.5
64.5 56.5
9.5 57.5
20.5 57.5
30.5 57.5
31.5 57.5
41.5 57.5
53.5 57.5
64.5 57.5
9.5 58.5
10.5 58.5
20.5 58.5
21.5 58.5
31.5 58.5
41.5 58.5
53.5 58.5
64.5 58.5
10.5 59.5
21.5 59.5
31.5 59.5
41.5 59.5
53.5 59.5
63.5 59.5
64.5 59.5
10.5 60.5
21.5 60.5
32.5 60.5
42.5 60.5
52.5 60.5
53.5 60.5
63.5 60.5
21.5 61.5
32.5 61.5
42.5 61.5
52.5 61.5
63.5 61.5
11.5 62.5
21.5 62.5
42.5 62.5
52.5 62.5
