9.5 5.5
10.5 5.5
11.5 5.5
12.5 5.5
22.5 5.5
23.5 5.5
24.5 5.5
37.5 5.5
38.5 5.5
39.5 5.5
50.5 5.5
61.5 5.5
62.5 5.5
63.5 5.5
9.5 6.5
10.5 6.5
11.5 6.5
12.5 6.5
22.5 6.5
23.5 6.5
24.5 6.5
37.5 6.5
38.5 6.5
39.5 6.5
50.5 6.5
51.5 6.5
60.5 6.5
61.5 6.5
62.5 6.5
63.5 6.5
8.5 7.5
9.5 7.5
10.5 7.5
11.5 7.5
12.5 7.5
21.5 7.5
22.5 7.5
23.5 7.5
24.5 7.5
37.5 7.5
38.5 7.5
39.5 7.5
40.5 7.5
50.5 7.5
51.5 7.5
61.5 7.5
62.5 7.5
63.5 7.5
64.5 7.5
8.5 8.5
9.5 8.5
10.5 8.5
11.5 8.5
12.5 8.5
21.5 8.5
22.5 8.5
23.5 8.5
37.5 8.5
38.5 8.5
39.5 8.5
40.5 8.5
41.5 8.5
50.5 8.5
51.5 8.5
52.5 8.5
61.5 8.5
62.5 8.5
63.5 8.5
64.5 8.5
8.5 9.5
9.5 9.5
10.5 9.5
11.5 9.5
20.5 9.5
21.5 9.5
22.5 9.5
23.5 9.5
38.5 9.5
39.5 9.5
40.5 9.5
41.5 9.5
50.5 9.5
51.5 9.5
52.5 9.5
61.5 9.5
62.5 9.5
63.5 9.5
64.5 9.5
8.5 10.5
9.5 10.5
10.5 10.5
11.5 10.5
16.5 10.5
20.5 10.5
21.5 10.5
22.5 10.5
28.5 10.5
38.5 10.5
39.5 10.5
40.5 10.5
41.5 10.5
50.5 10.5
51.5 10.5
52.5 10.5
53.5 10.5
61.5 10.5
62.5 10.5
63.5 10.5
64.5 10.5
8.5 11.5
9.5 11.5
10.5 11.5
15.5 11.5
16.5 11.5
20.5 11.5
21.5 11.5
22.5 11.5
27.5 11.5
28.5 11.5
33.5 11.5
34.5 11.5
39.5 11.5
40.5 11.5
41.5 11.5
51.5 11.5
52.5 11.5
53.5 11.5
62.5 11.5
63.5 11.5
64.5 11.5
8.5 12.5
9.5 12.5
10.5 12.5
14.5 12.5
15.5 12.5
16.5 12.5
20.5 12.5
21.5 12.5
26.5 12.5
27.5 12.5
28.5 12.5
33.5 12.5
34.5 12.5
35.5 12.5
39.5 12.5
40.5 12.5
41.5 12.5
42.5 12.5
46.5 12.5
47.5 12.5
51.5 12.5
52.5 12.5
53.5 12.5
57.5 12.5
58.5 12.5
62.5 12.5
63.5 12.5
64.5 12.5
14.5 13.5
15.5 13.5
16.5 13.5
25.5 13.5
26.5 13.5
27.5 13.5
28.5 13.5
33.5 13.5
34.5 13.5
35.5 13.5
40.5 13.5
41.5 13.5
46.5 13.5
47.5 13.5
52.5 13.5
53.5 13.5
57.5 13.5
58.5 13.5
59.5 13.5
64.5 13.5
13.5 14.5
14.5 14.5
15.5 14.5
16.5 14.5
25.5 14.5
26.5 14.5
27.5 14.5
28.5 14.5
33.5 14.5
34.5 14.5
35.5 14.5
36.5 14.5
46.5 14.5
47.5 14.5
48.5 14.5
52.5 14.5
53.5 14.5
57.5 14.5
58.5 14.5
59.5 14.5
13.5 15.5
14.5 15.5
15.5 15.5
16.5 15.5
25.5 15.5
26.5 15.5
27.5 15.5
28.5 15.5
33.5 15.5
34.5 15.5
35.5 15.5
36.5 15.5
46.5 15.5
47.5 15.5
48.5 15.5
49.5 15.5
57.5 15.5
58.5 15.5
59.5 15.5
13.5 16.5
14.5 16.5
15.5 16.5
24.5 16.5
25.5 16.5
26.5 16.5
27.5 16.5
28.5 16.5
33.5 16.5
34.5 16.5
35.5 16.5
36.5 16.5
46.5 16.5
47.5 16.5
48.5 16.5
49.5 16.5
57.5 16.5
58.5 16.5
59.5 16.5
60.5 16.5
13.5 17.5
14.5 17.5
15.5 17.5
24.5 17.5
25.5 17.5
26.5 17.5
27.5 17.5
34.5 17.5
35.5 17.5
36.5 17.5
46.5 17.5
47.5 17.5
48.5 17.5
49.5 17.5
58.5 17.5
59.5 17.5
60.5 17.5
13.5 18.5
14.5 18.5
24.5 18.5
25.5 18.5
26.5 18.5
27.5 18.5
34.5 18.5
35.5 18.5
36.5 18.5
37.5 18.5
47.5 18.5
48.5 18.5
49.5 18.5
58.5 18.5
59.5 18.5
60.5 18.5
13.5 19.5
24.5 19.5
25.5 19.5
26.5 19.5
35.5 19.5
36.5 19.5
37.5 19.5
47.5 19.5
48.5 19.5
49.5 19.5
50.5 19.5
59.5 19.5
60.5 19.5
25.5 20.5
35.5 20.5
36.5 20.5
48.5 20.5
49.5 20.5
59.5 20.5
60.5 20.5
13.5 23.5
13.5 24.5
14.5 24.5
24.5 24.5
13.5 25.5
14.5 25.5
15.5 25.5
22.5 25.5
23.5 25.5
24.5 25.5
36.5 25.5
49.5 25.5
50.5 25.5
61.5 25.5
62.5 25.5
13.5 26.5
14.5 26.5
15.5 26.5
22.5 26.5
23.5 26.5
24.5 26.5
35.5 26.5
36.5 26.5
37.5 26.5
49.5 26.5
50.5 26.5
51.5 26.5
61.5 26.5
62.5 26.5
63.5 26.5
13.5 27.5
14.5 27.5
15.5 27.5
16.5 27.5
21.5 27.5
22.5 27.5
23.5 27.5
24.5 27.5
35.5 27.5
36.5 27.5
37.5 27.5
49.5 27.5
50.5 27.5
51.5 27.5
61.5 27.5
62.5 27.5
63.5 27.5
14.5 28.5
15.5 28.5
16.5 28.5
21.5 28.5
22.5 28.5
23.5 28.5
24.5 28.5
34.5 28.5
35.5 28.5
36.5 28.5
37.5 28.5
49.5 28.5
50.5 28.5
51.5 28.5
52.5 28.5
62.5 28.5
63.5 28.5
64.5 28.5
14.5 29.5
15.5 29.5
16.5 29.5
21.5 29.5
22.5 29.5
23.5 29.5
24.5 29.5
34.5 29.5
35.5 29.5
36.5 29.5
50.5 29.5
51.5 29.5
52.5 29.5
53.5 29.5
62.5 29.5
63.5 29.5
64.5 29.5
15.5 30.5
16.5 30.5
17.5 30.5
21.5 30.5
22.5 30.5
23.5 30.5
24.5 30.5
33.5 30.5
34.5 30.5
35.5 30.5
36.5 30.5
50.5 30.5
51.5 30.5
52.5 30.5
53.5 30.5
62.5 30.5
63.5 30.5
64.5 30.5
10.5 31.5
11.5 31.5
15.5 31.5
16.5 31.5
17.5 31.5
21.5 31.5
22.5 31.5
23.5 31.5
33.5 31.5
34.5 31.5
35.5 31.5
36.5 31.5
50.5 31.5
51.5 31.5
52.5 31.5
53.5 31.5
63.5 31.5
64.5 31.5
10.5 32.5
11.5 32.5
12.5 32.5
16.5 32.5
21.5 32.5
22.5 32.5
27.5 32.5
28.5 32.5
33.5 32.5
34.5 32.5
35.5 32.5
40.5 32.5
41.5 32.5
46.5 32.5
47.5 32.5
51.5 32.5
52.5 32.5
53.5 32.5
58.5 32.5
59.5 32.5
63.5 32.5
64.5 32.5
10.5 33.5
11.5 33.5
12.5 33.5
27.5 33.5
28.5 33.5
29.5 33.5
33.5 33.5
34.5 33.5
35.5 33.5
39.5 33.5
40.5 33.5
41.5 33.5
45.5 33.5
46.5 33.5
47.5 33.5
52.5 33.5
53.5 33.5
57.5 33.5
58.5 33.5
59.5 33.5
60.5 33.5
64.5 33.5
10.5 34.5
11.5 34.5
12.5 34.5
13.5 34.5
26.5 34.5
27.5 34.5
28.5 34.5
29.5 34.5
33.5 34.5
34.5 34.5
39.5 34.5
40.5 34.5
41.5 34.5
46.5 34.5
47.5 34.5
48.5 34.5
58.5 34.5
59.5 34.5
60.5 34.5
10.5 35.5
11.5 35.5
12.5 35.5
13.5 35.5
26.5 35.5
27.5 35.5
28.5 35.5
29.5 35.5
38.5 35.5
39.5 35.5
40.5 35.5
41.5 35.5
46.5 35.5
47.5 35.5
48.5 35.5
58.5 35.5
59.5 35.5
60.5 35.5
61.5 35.5
11.5 36.5
12.5 36.5
13.5 36.5
25.5 36.5
26.5 36.5
27.5 36.5
28.5 36.5
38.5 36.5
39.5 36.5
40.5 36.5
41.5 36.5
46.5 36.5
47.5 36.5
48.5 36.5
49.5 36.5
58.5 36.5
59.5 36.5
60.5 36.5
61.5 36.5
11.5 37.5
12.5 37.5
13.5 37.5
25.5 37.5
26.5 37.5
27.5 37.5
28.5 37.5
37.5 37.5
38.5 37.5
39.5 37.5
40.5 37.5
41.5 37.5
46.5 37.5
47.5 37.5
48.5 37.5
49.5 37.5
59.5 37.5
60.5 37.5
61.5 37.5
62.5 37.5
11.5 38.5
12.5 38.5
13.5 38.5
25.5 38.5
26.5 38.5
27.5 38.5
28.5 38.5
37.5 38.5
38.5 38.5
39.5 38.5
40.5 38.5
41.5 38.5
47.5 38.5
48.5 38.5
49.5 38.5
59.5 38.5
60.5 38.5
61.5 38.5
62.5 38.5
12.5 39.5
13.5 39.5
25.5 39.5
26.5 39.5
27.5 39.5
37.5 39.5
38.5 39.5
39.5 39.5
40.5 39.5
47.5 39.5
48.5 39.5
49.5 39.5
60.5 39.5
61.5 39.5
62.5 39.5
25.5 40.5
26.5 40.5
37.5 40.5
38.5 40.5
39.5 40.5
40.5 40.5
48.5 40.5
49.5 40.5
61.5 40.5
62.5 40.5
37.5 41.5
38.5 41.5
39.5 41.5
49.5 41.5
14.5 44.5
14.5 45.5
15.5 45.5
23.5 45.5
24.5 45.5
25.5 45.5
62.5 45.5
63.5 45.5
14.5 46.5
15.5 46.5
16.5 46.5
22.5 46.5
23.5 46.5
24.5 46.5
25.5 46.5
38.5 46.5
50.5 46.5
51.5 46.5
61.5 46.5
62.5 46.5
63.5 46.5
64.5 46.5
13.5 47.5
14.5 47.5
15.5 47.5
16.5 47.5
22.5 47.5
23.5 47.5
24.5 47.5
37.5 47.5
38.5 47.5
39.5 47.5
50.5 47.5
51.5 47.5
52.5 47.5
61.5 47.5
62.5 47.5
63.5 47.5
64.5 47.5
14.5 48.5
15.5 48.5
16.5 48.5
21.5 48.5
22.5 48.5
23.5 48.5
24.5 48.5
37.5 48.5
38.5 48.5
39.5 48.5
40.5 48.5
50.5 48.5
51.5 48.5
52.5 48.5
62.5 48.5
63.5 48.5
64.5 48.5
14.5 49.5
15.5 49.5
16.5 49.5
21.5 49.5
22.5 49.5
23.5 49.5
24.5 49.5
37.5 49.5
38.5 49.5
39.5 49.5
40.5 49.5
50.5 49.5
51.5 49.5
52.5 49.5
62.5 49.5
63.5 49.5
64.5 49.5
14.5 50.5
15.5 50.5
16.5 50.5
20.5 50.5
21.5 50.5
22.5 50.5
23.5 50.5
37.5 50.5
38.5 50.5
39.5 50.5
40.5 50.5
41.5 50.5
50.5 50.5
51.5 50.5
52.5 50.5
53.5 50.5
62.5 50.5
63.5 50.5
64.5 50.5
14.5 51.5
15.5 51.5
16.5 51.5
20.5 51.5
21.5 51.5
22.5 51.5
23.5 51.5
38.5 51.5
39.5 51.5
40.5 51.5
41.5 51.5
50.5 51.5
51.5 51.5
52.5 51.5
53.5 51.5
62.5 51.5
63.5 51.5
64.5 51.5
10.5 52.5
15.5 52.5
16.5 52.5
20.5 52.5
21.5 52.5
22.5 52.5
28.5 52.5
38.5 52.5
39.5 52.5
40.5 52.5
41.5 52.5
51.5 52.5
52.5 52.5
53.5 52.5
57.5 52.5
58.5 52.5
63.5 52.5
64.5 52.5
9.5 53.5
10.5 53.5
11.5 53.5
15.5 53.5
16.5 53.5
20.5 53.5
21.5 53.5
26.5 53.5
27.5 53.5
28.5 53.5
33.5 53.5
38.5 53.5
39.5 53.5
40.5 53.5
41.5 53.5
46.5 53.5
51.5 53.5
52.5 53.5
53.5 53.5
57.5 53.5
58.5 53.5
59.5 53.5
63.5 53.5
64.5 53.5
9.5 54.5
10.5 54.5
11.5 54.5
25.5 54.5
26.5 54.5
27.5 54.5
28.5 54.5
32.5 54.5
33.5 54.5
34.5 54.5
39.5 54.5
40.5 54.5
41.5 54.5
45.5 54.5
46.5 54.5
47.5 54.5
52.5 54.5
57.5 54.5
58.5 54.5
59.5 54.5
64.5 54.5
9.5 55.5
10.5 55.5
11.5 55.5
12.5 55.5
25.5 55.5
26.5 55.5
27.5 55.5
28.5 55.5
32.5 55.5
33.5 55.5
34.5 55.5
35.5 55.5
40.5 55.5
41.5 55.5
45.5 55.5
46.5 55.5
47.5 55.5
48.5 55.5
57.5 55.5
58.5 55.5
59.5 55.5
60.5 55.5
9.5 56.5
10.5 56.5
11.5 56.5
12.5 56.5
24.5 56.5
25.5 56.5
26.5 56.5
27.5 56.5
28.5 56.5
33.5 56.5
34.5 56.5
35.5 56.5
45.5 56.5
46.5 56.5
47.5 56.5
48.5 56.5
57.5 56.5
58.5 56.5
59.5 56.5
60.5 56.5
9.5 57.5
10.5 57.5
11.5 57.5
12.5 57.5
24.5 57.5
25.5 57.5
26.5 57.5
27.5 57.5
33.5 57.5
34.5 57.5
35.5 57.5
36.5 57.5
45.5 57.5
46.5 57.5
47.5 57.5
48.5 57.5
57.5 57.5
58.5 57.5
59.5 57.5
60.5 57.5
10.5 58.5
11.5 58.5
12.5 58.5
24.5 58.5
25.5 58.5
26.5 58.5
27.5 58.5
33.5 58.5
34.5 58.5
35.5 58.5
36.5 58.5
46.5 58.5
47.5 58.5
48.5 58.5
58.5 58.5
59.5 58.5
60.5 58.5
10.5 59.5
11.5 59.5
12.5 59.5
24.5 59.5
25.5 59.5
26.5 59.5
34.5 59.5
35.5 59.5
36.5 59.5
46.5 59.5
47.5 59.5
48.5 59.5
49.5 59.5
58.5 59.5
59.5 59.5
60.5 59.5
61.5 59.5
11.5 60.5
12.5 60.5
24.5 60.5
25.5 60.5
34.5 60.5
35.5 60.5
36.5 60.5
46.5 60.5
47.5 60.5
48.5 60.5
49.5 60.5
59.5 60.5
60.5 60.5
61.5 60.5
35.5 61.5
36.5 61.5
47.5 61.5
48.5 61.5
60.5 61.5
