27.5 5.5
44.5 5.5
14.5 6.5
26.5 6.5
27.5 6.5
44.5 6.5
45.5 6.5
59.5 6.5
14.5 7.5
15.5 7.5
26.5 7.5
45.5 7.5
46.5 7.5
58.5 7.5
15.5 8.5
25.5 8.5
26.5 8.5
46.5 8.5
57.5 8.5
58.5 8.5
15.5 9.5
16.5 9.5
25.5 9.5
46.5 9.5
47.5 9.5
56.5 9.5
57.5 9.5
16.5 10.5
24.5 10.5
25.5 10.5
47.5 10.5
48.5 10.5
55.5 10.5
56.5 10.5
16.5 11.5
17.5 11.5
24.5 11.5
48.5 11.5
55.5 11.5
17.5 12.5
39.5 12.5
40.5 12.5
9.5 13.5
32.5 13.5
40.5 13.5
64.5 13.5
9.5 14.5
10.5 14.5
31.5 14.5
32.5 14.5
40.5 14.5
41.5 14.5
63.5 14.5
64.5 14.5
9.5 15.5
10.5 15.5
30.5 15.5
31.5 15.5
41.5 15.5
42.5 15.5
62.5 15.5
63.5 15.5
10.5 16.5
11.5 16.5
30.5 16.5
31.5 16.5
41.5 16.5
42.5 16.5
61.5 16.5
62.5 16.5
63.5 16.5
11.5 17.5
29.5 17.5
30.5 17.5
42.5 17.5
43.5 17.5
61.5 17.5
62.5 17.5
11.5 18.5
12.5 18.5
29.5 18.5
30.5 18.5
43.5 18.5
60.5 18.5
61.5 18.5
12.5 19.5
29.5 19.5
60.5 25.5
28.5 26.5
43.5 26.5
60.5 26.5
61.5 26.5
12.5 27.5
27.5 27.5
28.5 27.5
42.5 27.5
43.5 27.5
61.5 27.5
11.5 28.5
12.5 28.5
26.5 28.5
27.5 28.5
42.5 28.5
61.5 28.5
62.5 28.5
11.5 29.5
26.5 29.5
27.5 29.5
41.5 29.5
42.5 29.5
62.5 29.5
63.5 29.5
10.5 30.5
11.5 30.5
26.5 30.5
27.5 30.5
41.5 30.5
62.5 30.5
63.5 30.5
10.5 31.5
11.5 31.5
25.5 31.5
26.5 31.5
40.5 31.5
41.5 31.5
63.5 31.5
64.5 31.5
10.5 32.5
25.5 32.5
34.5 32.5
40.5 32.5
48.5 32.5
55.5 32.5
64.5 32.5
18.5 33.5
33.5 33.5
34.5 33.5
47.5 33.5
55.5 33.5
17.5 34.5
18.5 34.5
33.5 34.5
47.5 34.5
55.5 34.5
56.5 34.5
17.5 35.5
18.5 35.5
32.5 35.5
33.5 35.5
46.5 35.5
47.5 35.5
55.5 35.5
56.5 35.5
16.5 36.5
17.5 36.5
32.5 36.5
33.5 36.5
46.5 36.5
47.5 36.5
55.5 36.5
56.5 36.5
57.5 36.5
16.5 37.5
17.5 37.5
31.5 37.5
32.5 37.5
46.5 37.5
56.5 37.5
57.5 37.5
15.5 38.5
16.5 38.5
31.5 38.5
45.5 38.5
46.5 38.5
56.5 38.5
57.5 38.5
15.5 39.5
45.5 39.5
57.5 39.5
45.5 40.5
57.5 40.5
58.5 40.5
31.5 45.5
16.5 46.5
31.5 46.5
16.5 47.5
31.5 47.5
32.5 47.5
42.5 47.5
16.5 48.5
17.5 48.5
31.5 48.5
32.5 48.5
42.5 48.5
58.5 48.5
16.5 49.5
17.5 49.5
32.5 49.5
41.5 49.5
42.5 49.5
57.5 49.5
58.5 49.5
17.5 50.5
18.5 50.5
32.5 50.5
33.5 50.5
41.5 50.5
56.5 50.5
57.5 50.5
17.5 51.5
18.5 51.5
32.5 51.5
33.5 51.5
40.5 51.5
41.5 51.5
56.5 51.5
57.5 51.5
18.5 52.5
33.5 52.5
40.5 52.5
55.5 52.5
56.5 52.5
18.5 53.5
25.5 53.5
40.5 53.5
55.5 53.5
64.5 53.5
10.5 54.5
26.5 54.5
63.5 54.5
11.5 55.5
26.5 55.5
47.5 55.5
48.5 55.5
63.5 55.5
11.5 56.5
26.5 56.5
27.5 56.5
46.5 56.5
47.5 56.5
62.5 56.5
63.5 56.5
11.5 57.5
12.5 57.5
26.5 57.5
27.5 57.5
46.5 57.5
47.5 57.5
62.5 57.5
12.5 58.5
27.5 58.5
45.5 58.5
46.5 58.5
61.5 58.5
62.5 58.5
12.5 59.5
13.5 59.5
27.5 59.5
45.5 59.5
46.5 59.5
61.5 59.5
13.5 60.5
27.5 60.5
28.5 60.5
44.5 60.5
45.5 60.5
61.5 60.5
13.5 61.5
