19.5 5.5
20.5 5.5
21.5 5.5
22.5 5.5
32.5 5.5
33.5 5.5
49.5 5.5
50.5 5.5
51.5 5.5
52.5 5.5
53.5 5.5
54.5 5.5
6.5 6.5
22.5 6.5
23.5 6.5
24.5 6.5
25.5 6.5
30.5 6.5
31.5 6.5
45.5 6.5
46.5 6.5
47.5 6.5
48.5 6.5
8.5 7.5
9.5 7.5
10.5 7.5
28.5 7.5
29.5 7.5
41.5 7.5
42.5 7.5
43.5 7.5
44.5 7.5
64.5 7.5
10.5 8.5
11.5 8.5
12.5 8.5
13.5 8.5
38.5 8.5
39.5 8.5
40.5 8.5
41.5 8.5
42.5 8.5
60.5 8.5
61.5 8.5
62.5 8.5
63.5 8.5
64.5 8.5
13.5 9.5
14.5 9.5
15.5 9.5
16.5 9.5
36.5 9.5
37.5 9.5
38.5 9.5
39.5 9.5
57.5 9.5
58.5 9.5
59.5 9.5
60.5 9.5
17.5 10.5
18.5 10.5
34.5 10.5
35.5 10.5
12.5 13.5
14.5 14.5
15.5 14.5
16.5 14.5
35.5 14.5
36.5 14.5
37.5 14.5
38.5 14.5
56.5 14.5
57.5 14.5
58.5 14.5
59.5 14.5
60.5 14.5
17.5 15.5
18.5 15.5
19.5 15.5
38.5 15.5
39.5 15.5
40.5 15.5
41.5 15.5
42.5 15.5
59.5 15.5
60.5 15.5
61.5 15.5
62.5 15.5
63.5 15.5
64.5 15.5
20.5 16.5
21.5 16.5
22.5 16.5
42.5 16.5
43.5 16.5
44.5 16.5
45.5 16.5
46.5 16.5
64.5 16.5
6.5 17.5
7.5 17.5
23.5 17.5
24.5 17.5
25.5 17.5
49.5 17.5
50.5 17.5
51.5 17.5
8.5 18.5
9.5 18.5
10.5 18.5
11.5 18.5
28.5 18.5
29.5 18.5
30.5 18.5
31.5 18.5
32.5 18.5
51.5 18.5
52.5 18.5
53.5 18.5
54.5 18.5
10.5 19.5
11.5 19.5
12.5 19.5
13.5 19.5
32.5 19.5
33.5 19.5
34.5 19.5
35.5 19.5
36.5 19.5
54.5 19.5
55.5 19.5
56.5 19.5
57.5 19.5
13.5 20.5
14.5 20.5
15.5 20.5
16.5 20.5
36.5 20.5
37.5 20.5
38.5 20.5
39.5 20.5
58.5 20.5
59.5 20.5
16.5 21.5
17.5 21.5
18.5 21.5
36.5 24.5
37.5 24.5
55.5 24.5
56.5 24.5
57.5 24.5
58.5 24.5
14.5 25.5
15.5 25.5
16.5 25.5
17.5 25.5
32.5 25.5
33.5 25.5
34.5 25.5
35.5 25.5
51.5 25.5
52.5 25.5
53.5 25.5
54.5 25.5
55.5 25.5
18.5 26.5
19.5 26.5
20.5 26.5
21.5 26.5
29.5 26.5
30.5 26.5
31.5 26.5
32.5 26.5
48.5 26.5
49.5 26.5
50.5 26.5
22.5 27.5
23.5 27.5
24.5 27.5
27.5 27.5
28.5 27.5
42.5 27.5
43.5 27.5
44.5 27.5
45.5 27.5
6.5 28.5
7.5 28.5
39.5 28.5
40.5 28.5
41.5 28.5
42.5 28.5
62.5 28.5
63.5 28.5
64.5 28.5
8.5 29.5
9.5 29.5
10.5 29.5
11.5 29.5
12.5 29.5
13.5 29.5
36.5 29.5
37.5 29.5
38.5 29.5
57.5 29.5
58.5 29.5
59.5 29.5
60.5 29.5
61.5 29.5
62.5 29.5
63.5 29.5
13.5 30.5
14.5 30.5
15.5 30.5
16.5 30.5
17.5 30.5
33.5 30.5
34.5 30.5
55.5 30.5
56.5 30.5
57.5 30.5
33.5 33.5
17.5 34.5
18.5 34.5
35.5 34.5
36.5 34.5
37.5 34.5
38.5 34.5
39.5 34.5
14.5 35.5
15.5 35.5
16.5 35.5
39.5 35.5
40.5 35.5
41.5 35.5
42.5 35.5
43.5 35.5
54.5 35.5
55.5 35.5
56.5 35.5
57.5 35.5
58.5 35.5
59.5 35.5
11.5 36.5
12.5 36.5
13.5 36.5
43.5 36.5
44.5 36.5
45.5 36.5
46.5 36.5
49.5 36.5
50.5 36.5
51.5 36.5
52.5 36.5
53.5 36.5
54.5 36.5
8.5 37.5
9.5 37.5
10.5 37.5
6.5 38.5
7.5 38.5
23.5 38.5
24.5 38.5
25.5 38.5
27.5 38.5
28.5 38.5
29.5 38.5
30.5 38.5
20.5 39.5
21.5 39.5
22.5 39.5
23.5 39.5
29.5 39.5
30.5 39.5
31.5 39.5
32.5 39.5
33.5 39.5
34.5 39.5
61.5 39.5
62.5 39.5
63.5 39.5
64.5 39.5
18.5 40.5
19.5 40.5
20.5 40.5
21.5 40.5
33.5 40.5
34.5 40.5
35.5 40.5
36.5 40.5
37.5 40.5
38.5 40.5
56.5 40.5
57.5 40.5
58.5 40.5
59.5 40.5
60.5 40.5
15.5 41.5
16.5 41.5
17.5 41.5
18.5 41.5
38.5 41.5
39.5 41.5
40.5 41.5
14.5 42.5
15.5 42.5
55.5 44.5
56.5 44.5
57.5 44.5
58.5 45.5
59.5 45.5
60.5 45.5
15.5 46.5
16.5 46.5
17.5 46.5
18.5 46.5
35.5 46.5
36.5 46.5
37.5 46.5
38.5 46.5
39.5 46.5
40.5 46.5
41.5 46.5
42.5 46.5
43.5 46.5
61.5 46.5
62.5 46.5
63.5 46.5
10.5 47.5
11.5 47.5
12.5 47.5
13.5 47.5
14.5 47.5
44.5 47.5
45.5 47.5
46.5 47.5
48.5 47.5
49.5 47.5
50.5 47.5
64.5 47.5
7.5 48.5
50.5 48.5
51.5 48.5
52.5 48.5
53.5 48.5
22.5 49.5
23.5 49.5
24.5 49.5
29.5 49.5
30.5 49.5
31.5 49.5
53.5 49.5
54.5 49.5
55.5 49.5
56.5 49.5
17.5 50.5
18.5 50.5
19.5 50.5
20.5 50.5
33.5 50.5
34.5 50.5
35.5 50.5
36.5 50.5
57.5 50.5
58.5 50.5
59.5 50.5
14.5 51.5
15.5 51.5
39.5 51.5
16.5 54.5
17.5 54.5
18.5 54.5
34.5 54.5
35.5 54.5
36.5 54.5
57.5 54.5
58.5 54.5
59.5 54.5
12.5 55.5
13.5 55.5
14.5 55.5
15.5 55.5
36.5 55.5
37.5 55.5
38.5 55.5
39.5 55.5
54.5 55.5
55.5 55.5
56.5 55.5
57.5 55.5
9.5 56.5
10.5 56.5
11.5 56.5
12.5 56.5
39.5 56.5
40.5 56.5
41.5 56.5
42.5 56.5
51.5 56.5
52.5 56.5
53.5 56.5
54.5 56.5
6.5 57.5
7.5 57.5
42.5 57.5
43.5 57.5
44.5 57.5
49.5 57.5
50.5 57.5
51.5 57.5
28.5 58.5
29.5 58.5
45.5 58.5
46.5 58.5
47.5 58.5
63.5 58.5
64.5 58.5
18.5 59.5
19.5 59.5
20.5 59.5
21.5 59.5
22.5 59.5
23.5 59.5
24.5 59.5
25.5 59.5
30.5 59.5
31.5 59.5
32.5 59.5
60.5 59.5
61.5 59.5
62.5 59.5
63.5 59.5
14.5 60.5
15.5 60.5
16.5 60.5
17.5 60.5
18.5 60.5
19.5 60.5
20.5 60.5
32.5 60.5
33.5 60.5
34.5 60.5
35.5 60.5
57.5 60.5
58.5 60.5
59.5 60.5
60.5 60.5
35.5 61.5
36.5 61.5
37.5 61.5
55.5 61.5
56.5 61.5
57.5 61.5
38.5 62.5
39.5 62.5
