17.5 5.5
18.5 5.5
19.5 5.5
20.5 5.5
21.5 5.5
37.5 5.5
38.5 5.5
39.5 5.5
40.5 5.5
53.5 5.5
54.5 5.5
55.5 5.5
56.5 5.5
19.5 6.5
20.5 6.5
21.5 6.5
22.5 6.5
23.5 6.5
39.5 6.5
40.5 6.5
41.5 6.5
42.5 6.5
51.5 6.5
52.5 6.5
53.5 6.5
54.5 6.5
55.5 6.5
41.5 7.5
42.5 7.5
43.5 7.5
50.5 7.5
51.5 7.5
52.5 7.5
10.5 8.5
11.5 8.5
12.5 8.5
29.5 8.5
30.5 8.5
31.5 8.5
63.5 8.5
11.5 9.5
12.5 9.5
13.5 9.5
14.5 9.5
30.5 9.5
31.5 9.5
32.5 9.5
33.5 9.5
34.5 9.5
59.5 9.5
60.5 9.5
61.5 9.5
62.5 9.5
63.5 9.5
13.5 10.5
14.5 10.5
15.5 10.5
16.5 10.5
32.5 10.5
33.5 10.5
34.5 10.5
35.5 10.5
36.5 10.5
57.5 10.5
58.5 10.5
59.5 10.5
60.5 10.5
61.5 10.5
36.5 11.5
56.5 11.5
57.5 11.5
14.5 16.5
15.5 16.5
16.5 16.5
34.5 16.5
35.5 16.5
36.5 16.5
56.5 16.5
57.5 16.5
58.5 16.5
59.5 16.5
12.5 17.5
13.5 17.5
14.5 17.5
32.5 17.5
33.5 17.5
34.5 17.5
35.5 17.5
36.5 17.5
57.5 17.5
58.5 17.5
59.5 17.5
60.5 17.5
61.5 17.5
62.5 17.5
10.5 18.5
11.5 18.5
12.5 18.5
13.5 18.5
30.5 18.5
31.5 18.5
32.5 18.5
33.5 18.5
34.5 18.5
59.5 18.5
60.5 18.5
61.5 18.5
62.5 18.5
63.5 18.5
9.5 19.5
10.5 19.5
11.5 19.5
29.5 19.5
30.5 19.5
31.5 19.5
32.5 19.5
63.5 19.5
21.5 20.5
22.5 20.5
23.5 20.5
50.5 20.5
51.5 20.5
19.5 21.5
20.5 21.5
21.5 21.5
22.5 21.5
41.5 21.5
42.5 21.5
43.5 21.5
44.5 21.5
51.5 21.5
52.5 21.5
53.5 21.5
17.5 22.5
18.5 22.5
19.5 22.5
20.5 22.5
21.5 22.5
39.5 22.5
40.5 22.5
41.5 22.5
42.5 22.5
43.5 22.5
52.5 22.5
53.5 22.5
54.5 22.5
55.5 22.5
16.5 23.5
17.5 23.5
18.5 23.5
19.5 23.5
37.5 23.5
38.5 23.5
39.5 23.5
40.5 23.5
41.5 23.5
54.5 23.5
55.5 23.5
56.5 23.5
37.5 24.5
38.5 24.5
57.5 28.5
16.5 29.5
17.5 29.5
18.5 29.5
37.5 29.5
38.5 29.5
39.5 29.5
40.5 29.5
54.5 29.5
55.5 29.5
56.5 29.5
17.5 30.5
18.5 30.5
19.5 30.5
20.5 30.5
21.5 30.5
39.5 30.5
40.5 30.5
41.5 30.5
42.5 30.5
43.5 30.5
52.5 30.5
53.5 30.5
54.5 30.5
55.5 30.5
19.5 31.5
20.5 31.5
21.5 31.5
22.5 31.5
41.5 31.5
42.5 31.5
43.5 31.5
44.5 31.5
51.5 31.5
52.5 31.5
22.5 32.5
23.5 32.5
8.5 33.5
9.5 33.5
10.5 33.5
11.5 33.5
29.5 33.5
30.5 33.5
31.5 33.5
32.5 33.5
33.5 33.5
60.5 33.5
61.5 33.5
62.5 33.5
63.5 33.5
64.5 33.5
9.5 34.5
10.5 34.5
11.5 34.5
12.5 34.5
13.5 34.5
31.5 34.5
32.5 34.5
33.5 34.5
34.5 34.5
35.5 34.5
36.5 34.5
58.5 34.5
59.5 34.5
60.5 34.5
61.5 34.5
62.5 34.5
63.5 34.5
64.5 34.5
11.5 35.5
12.5 35.5
13.5 35.5
14.5 35.5
15.5 35.5
33.5 35.5
34.5 35.5
35.5 35.5
36.5 35.5
37.5 35.5
57.5 35.5
58.5 35.5
59.5 35.5
60.5 35.5
61.5 35.5
15.5 36.5
16.5 36.5
36.5 40.5
37.5 40.5
16.5 41.5
33.5 41.5
34.5 41.5
35.5 41.5
36.5 41.5
37.5 41.5
55.5 41.5
56.5 41.5
57.5 41.5
58.5 41.5
59.5 41.5
12.5 42.5
13.5 42.5
14.5 42.5
15.5 42.5
16.5 42.5
31.5 42.5
32.5 42.5
33.5 42.5
34.5 42.5
35.5 42.5
52.5 42.5
53.5 42.5
54.5 42.5
55.5 42.5
56.5 42.5
57.5 42.5
58.5 42.5
10.5 43.5
11.5 43.5
12.5 43.5
13.5 43.5
14.5 43.5
15.5 43.5
30.5 43.5
31.5 43.5
32.5 43.5
51.5 43.5
52.5 43.5
53.5 43.5
54.5 43.5
55.5 43.5
10.5 44.5
11.5 44.5
12.5 44.5
13.5 44.5
43.5 44.5
44.5 44.5
45.5 44.5
22.5 45.5
23.5 45.5
24.5 45.5
40.5 45.5
41.5 45.5
42.5 45.5
43.5 45.5
44.5 45.5
64.5 45.5
20.5 46.5
21.5 46.5
22.5 46.5
23.5 46.5
38.5 46.5
39.5 46.5
40.5 46.5
41.5 46.5
42.5 46.5
61.5 46.5
62.5 46.5
63.5 46.5
64.5 46.5
18.5 47.5
19.5 47.5
20.5 47.5
21.5 47.5
38.5 47.5
39.5 47.5
59.5 47.5
60.5 47.5
61.5 47.5
62.5 47.5
18.5 48.5
19.5 48.5
58.5 48.5
59.5 48.5
38.5 52.5
18.5 53.5
19.5 53.5
38.5 53.5
39.5 53.5
40.5 53.5
41.5 53.5
58.5 53.5
59.5 53.5
60.5 53.5
18.5 54.5
19.5 54.5
20.5 54.5
21.5 54.5
22.5 54.5
39.5 54.5
40.5 54.5
41.5 54.5
42.5 54.5
43.5 54.5
59.5 54.5
60.5 54.5
61.5 54.5
62.5 54.5
19.5 55.5
20.5 55.5
21.5 55.5
22.5 55.5
23.5 55.5
24.5 55.5
41.5 55.5
42.5 55.5
43.5 55.5
44.5 55.5
45.5 55.5
61.5 55.5
62.5 55.5
63.5 55.5
22.5 56.5
23.5 56.5
24.5 56.5
44.5 56.5
45.5 56.5
63.5 56.5
64.5 56.5
30.5 57.5
31.5 57.5
32.5 57.5
33.5 57.5
51.5 57.5
52.5 57.5
53.5 57.5
11.5 58.5
12.5 58.5
13.5 58.5
31.5 58.5
32.5 58.5
33.5 58.5
34.5 58.5
35.5 58.5
51.5 58.5
52.5 58.5
53.5 58.5
54.5 58.5
55.5 58.5
12.5 59.5
13.5 59.5
14.5 59.5
15.5 59.5
16.5 59.5
32.5 59.5
33.5 59.5
34.5 59.5
35.5 59.5
36.5 59.5
53.5 59.5
54.5 59.5
55.5 59.5
56.5 59.5
57.5 59.5
14.5 60.5
15.5 60.5
16.5 60.5
17.5 60.5
34.5 60.5
35.5 60.5
36.5 60.5
37.5 60.5
55.5 60.5
56.5 60.5
57.5 60.5
