1.5 19.5
2.5 10.5
2.5 19.5
2.5 31.5
2.5 41.5
2.5 51.5
2.5 61.5
3.5 10.5
3.5 18.5
3.5 30.5
3.5 31.5
3.5 41.5
3.5 50.5
3.5 51.5
3.5 61.5
3.5 62.5
4.5 10.5
4.5 11.5
4.5 17.5
4.5 18.5
4.5 29.5
4.5 30.5
4.5 40.5
4.5 50.5
4.5 62.5
5.5 10.5
5.5 11.5
5.5 17.5
5.5 28.5
5.5 29.5
5.5 30.5
5.5 39.5
5.5 40.5
5.5 49.5
5.5 50.5
5.5 62.5
5.5 63.5
6.5 11.5
6.5 12.5
6.5 16.5
6.5 17.5
6.5 23.5
6.5 28.5
6.5 29.5
6.5 39.5
6.5 49.5
6.5 50.5
6.5 63.5
7.5 6.5
7.5 11.5
7.5 12.5
7.5 16.5
7.5 22.5
7.5 23.5
7.5 27.5
7.5 28.5
7.5 38.5
7.5 39.5
7.5 44.5
7.5 49.5
7.5 50.5
7.5 58.5
7.5 63.5
7.5 64.5
8.5 6.5
8.5 12.5
8.5 21.5
8.5 22.5
8.5 27.5
8.5 28.5
8.5 34.5
8.5 38.5
8.5 43.5
8.5 44.5
8.5 48.5
8.5 49.5
8.5 54.5
8.5 58.5
8.5 59.5
8.5 64.5
9.5 7.5
9.5 21.5
9.5 22.5
9.5 33.5
9.5 34.5
9.5 38.5
9.5 43.5
9.5 44.5
9.5 48.5
9.5 49.5
9.5 54.5
9.5 59.5
10.5 7.5
10.5 8.5
10.5 20.5
10.5 21.5
10.5 33.5
10.5 37.5
10.5 42.5
10.5 43.5
10.5 48.5
10.5 53.5
10.5 54.5
10.5 59.5
10.5 60.5
11.5 8.5
11.5 20.5
11.5 21.5
11.5 32.5
11.5 33.5
11.5 42.5
11.5 43.5
11.5 53.5
11.5 59.5
11.5 60.5
12.5 8.5
12.5 19.5
12.5 20.5
12.5 32.5
12.5 42.5
12.5 43.5
12.5 52.5
12.5 53.5
12.5 60.5
12.5 61.5
13.5 9.5
13.5 19.5
13.5 31.5
13.5 41.5
13.5 42.5
13.5 52.5
13.5 53.5
13.5 61.5
14.5 31.5
14.5 41.5
14.5 42.5
14.5 52.5
14.5 61.5
15.5 41.5
16.5 19.5
16.5 20.5
17.5 10.5
17.5 19.5
17.5 20.5
17.5 30.5
17.5 62.5
18.5 10.5
18.5 18.5
18.5 19.5
18.5 30.5
18.5 41.5
18.5 52.5
18.5 62.5
19.5 10.5
19.5 11.5
19.5 17.5
19.5 18.5
19.5 29.5
19.5 30.5
19.5 41.5
19.5 42.5
19.5 52.5
19.5 62.5
19.5 63.5
20.5 11.5
20.5 17.5
20.5 18.5
20.5 29.5
20.5 30.5
20.5 42.5
20.5 52.5
20.5 53.5
20.5 63.5
21.5 7.5
21.5 11.5
21.5 16.5
21.5 17.5
21.5 24.5
21.5 29.5
21.5 42.5
21.5 43.5
21.5 52.5
21.5 53.5
21.5 63.5
21.5 64.5
22.5 7.5
22.5 12.5
22.5 16.5
22.5 23.5
22.5 24.5
22.5 28.5
22.5 29.5
22.5 34.5
22.5 37.5
22.5 43.5
22.5 53.5
22.5 63.5
22.5 64.5
23.5 7.5
23.5 8.5
23.5 12.5
23.5 15.5
23.5 22.5
23.5 23.5
23.5 28.5
23.5 33.5
23.5 37.5
23.5 38.5
23.5 43.5
23.5 44.5
23.5 48.5
23.5 53.5
23.5 54.5
23.5 58.5
23.5 64.5
24.5 8.5
24.5 22.5
24.5 23.5
24.5 28.5
24.5 33.5
24.5 38.5
24.5 44.5
24.5 48.5
24.5 53.5
24.5 54.5
24.5 58.5
24.5 59.5
24.5 64.5
24.5 65.5
25.5 8.5
25.5 21.5
25.5 22.5
25.5 32.5
25.5 33.5
25.5 38.5
25.5 39.5
25.5 48.5
25.5 49.5
25.5 54.5
25.5 58.5
25.5 59.5
25.5 65.5
26.5 8.5
26.5 9.5
26.5 21.5
26.5 22.5
26.5 32.5
26.5 38.5
26.5 39.5
26.5 49.5
26.5 59.5
26.5 60.5
27.5 9.5
27.5 20.5
27.5 21.5
27.5 32.5
27.5 39.5
27.5 40.5
27.5 49.5
27.5 50.5
27.5 59.5
27.5 60.5
28.5 9.5
28.5 20.5
28.5 31.5
28.5 32.5
28.5 39.5
28.5 40.5
28.5 50.5
28.5 60.5
28.5 61.5
29.5 9.5
29.5 31.5
29.5 40.5
29.5 50.5
29.5 61.5
30.5 61.5
32.5 10.5
32.5 20.5
33.5 10.5
33.5 11.5
33.5 20.5
33.5 21.5
33.5 31.5
33.5 41.5
33.5 51.5
33.5 61.5
34.5 11.5
34.5 21.5
34.5 31.5
34.5 41.5
34.5 51.5
34.5 61.5
34.5 62.5
35.5 11.5
35.5 21.5
35.5 22.5
35.5 31.5
35.5 32.5
35.5 41.5
35.5 42.5
35.5 51.5
35.5 52.5
35.5 61.5
35.5 62.5
36.5 11.5
36.5 12.5
36.5 22.5
36.5 23.5
36.5 32.5
36.5 41.5
36.5 42.5
36.5 52.5
36.5 62.5
36.5 63.5
37.5 12.5
37.5 16.5
37.5 17.5
37.5 22.5
37.5 23.5
37.5 27.5
37.5 32.5
37.5 42.5
37.5 43.5
37.5 47.5
37.5 52.5
37.5 53.5
37.5 57.5
37.5 62.5
37.5 63.5
38.5 6.5
38.5 12.5
38.5 17.5
38.5 23.5
38.5 28.5
38.5 32.5
38.5 33.5
38.5 37.5
38.5 42.5
38.5 43.5
38.5 47.5
38.5 48.5
38.5 53.5
38.5 57.5
38.5 63.5
38.5 64.5
39.5 6.5
39.5 7.5
39.5 12.5
39.5 13.5
39.5 17.5
39.5 18.5
39.5 23.5
39.5 24.5
39.5 28.5
39.5 33.5
39.5 37.5
39.5 43.5
39.5 48.5
39.5 53.5
39.5 57.5
39.5 58.5
39.5 63.5
39.5 64.5
40.5 6.5
40.5 7.5
40.5 13.5
40.5 17.5
40.5 18.5
40.5 28.5
40.5 37.5
40.5 38.5
40.5 43.5
40.5 48.5
40.5 58.5
40.5 64.5
41.5 7.5
41.5 8.5
41.5 18.5
41.5 28.5
41.5 29.5
41.5 38.5
41.5 48.5
41.5 49.5
41.5 58.5
41.5 59.5
42.5 7.5
42.5 8.5
42.5 18.5
42.5 19.5
42.5 29.5
42.5 38.5
42.5 39.5
42.5 48.5
42.5 49.5
42.5 59.5
43.5 8.5
43.5 9.5
43.5 19.5
43.5 29.5
43.5 39.5
43.5 49.5
43.5 50.5
43.5 59.5
43.5 60.5
44.5 8.5
44.5 9.5
44.5 19.5
44.5 29.5
44.5 39.5
44.5 49.5
44.5 50.5
44.5 60.5
45.5 9.5
45.5 20.5
45.5 40.5
45.5 50.5
45.5 60.5
46.5 20.5
48.5 20.5
48.5 30.5
48.5 39.5
48.5 50.5
48.5 60.5
49.5 9.5
49.5 21.5
49.5 30.5
49.5 31.5
49.5 39.5
49.5 49.5
49.5 50.5
49.5 59.5
49.5 60.5
50.5 8.5
50.5 9.5
50.5 21.5
50.5 31.5
50.5 38.5
50.5 39.5
50.5 49.5
50.5 59.5
50.5 60.5
51.5 7.5
51.5 8.5
51.5 9.5
51.5 21.5
51.5 22.5
51.5 31.5
51.5 37.5
51.5 38.5
51.5 48.5
51.5 49.5
51.5 59.5
52.5 7.5
52.5 8.5
52.5 21.5
52.5 22.5
52.5 31.5
52.5 32.5
52.5 37.5
52.5 38.5
52.5 48.5
52.5 49.5
52.5 54.5
52.5 58.5
52.5 59.5
53.5 7.5
53.5 8.5
53.5 14.5
53.5 22.5
53.5 23.5
53.5 27.5
53.5 32.5
53.5 36.5
53.5 37.5
53.5 43.5
53.5 47.5
53.5 48.5
53.5 53.5
53.5 54.5
53.5 58.5
53.5 63.5
54.5 6.5
54.5 7.5
54.5 13.5
54.5 17.5
54.5 22.5
54.5 23.5
54.5 27.5
54.5 32.5
54.5 36.5
54.5 42.5
54.5 43.5
54.5 47.5
54.5 53.5
54.5 58.5
54.5 63.5
55.5 6.5
55.5 12.5
55.5 13.5
55.5 17.5
55.5 18.5
55.5 23.5
55.5 27.5
55.5 28.5
55.5 36.5
55.5 42.5
55.5 43.5
55.5 52.5
55.5 53.5
55.5 57.5
55.5 62.5
55.5 63.5
56.5 12.5
56.5 18.5
56.5 28.5
56.5 41.5
56.5 42.5
56.5 52.5
56.5 53.5
56.5 62.5
56.5 63.5
57.5 11.5
57.5 12.5
57.5 18.5
57.5 19.5
57.5 28.5
57.5 29.5
57.5 40.5
57.5 41.5
57.5 51.5
57.5 52.5
57.5 62.5
58.5 11.5
58.5 19.5
58.5 29.5
58.5 40.5
58.5 41.5
58.5 51.5
58.5 52.5
58.5 61.5
58.5 62.5
59.5 10.5
59.5 20.5
59.5 29.5
59.5 40.5
59.5 51.5
59.5 61.5
59.5 62.5
60.5 61.5
