1.5 47.5
1.5 48.5
2.5 12.5
2.5 13.5
2.5 23.5
2.5 24.5
2.5 25.5
2.5 36.5
2.5 37.5
2.5 46.5
2.5 47.5
2.5 48.5
2.5 59.5
2.5 60.5
2.5 61.5
3.5 12.5
3.5 13.5
3.5 14.5
3.5 22.5
3.5 23.5
3.5 24.5
3.5 25.5
3.5 37.5
3.5 38.5
3.5 45.5
3.5 46.5
3.5 47.5
3.5 58.5
3.5 59.5
3.5 60.5
4.5 13.5
4.5 14.5
4.5 15.5
4.5 21.5
4.5 22.5
4.5 23.5
4.5 24.5
4.5 37.5
4.5 38.5
4.5 39.5
4.5 45.5
4.5 46.5
4.5 47.5
4.5 57.5
4.5 58.5
4.5 59.5
4.5 60.5
5.5 13.5
5.5 14.5
5.5 15.5
5.5 16.5
5.5 20.5
5.5 21.5
5.5 22.5
5.5 23.5
5.5 38.5
5.5 39.5
5.5 44.5
5.5 45.5
5.5 46.5
5.5 56.5
5.5 57.5
5.5 58.5
5.5 59.5
6.5 7.5
6.5 8.5
6.5 15.5
6.5 16.5
6.5 19.5
6.5 20.5
6.5 21.5
6.5 29.5
6.5 32.5
6.5 38.5
6.5 39.5
6.5 40.5
6.5 44.5
6.5 45.5
6.5 51.5
6.5 52.5
6.5 53.5
6.5 56.5
6.5 57.5
6.5 64.5
6.5 65.5
7.5 7.5
7.5 8.5
7.5 9.5
7.5 10.5
7.5 27.5
7.5 28.5
7.5 29.5
7.5 32.5
7.5 33.5
7.5 34.5
7.5 39.5
7.5 40.5
7.5 43.5
7.5 44.5
7.5 50.5
7.5 51.5
7.5 52.5
7.5 63.5
7.5 64.5
8.5 8.5
8.5 9.5
8.5 10.5
8.5 11.5
8.5 26.5
8.5 27.5
8.5 28.5
8.5 33.5
8.5 34.5
8.5 35.5
8.5 49.5
8.5 50.5
8.5 51.5
8.5 62.5
8.5 63.5
8.5 64.5
9.5 10.5
9.5 11.5
9.5 12.5
9.5 25.5
9.5 26.5
9.5 27.5
9.5 33.5
9.5 34.5
9.5 35.5
9.5 48.5
9.5 49.5
9.5 50.5
9.5 51.5
9.5 61.5
9.5 62.5
9.5 63.5
10.5 12.5
10.5 24.5
10.5 25.5
10.5 26.5
10.5 34.5
10.5 35.5
10.5 36.5
10.5 48.5
10.5 49.5
10.5 60.5
10.5 61.5
11.5 24.5
11.5 35.5
11.5 36.5
11.5 47.5
11.5 48.5
13.5 10.5
13.5 11.5
13.5 12.5
13.5 61.5
14.5 11.5
14.5 12.5
14.5 13.5
14.5 23.5
14.5 24.5
14.5 48.5
14.5 61.5
14.5 62.5
15.5 12.5
15.5 13.5
15.5 14.5
15.5 24.5
15.5 25.5
15.5 35.5
15.5 36.5
15.5 37.5
15.5 48.5
15.5 49.5
15.5 50.5
15.5 61.5
15.5 62.5
15.5 63.5
16.5 12.5
16.5 13.5
16.5 14.5
16.5 15.5
16.5 24.5
16.5 25.5
16.5 26.5
16.5 36.5
16.5 37.5
16.5 38.5
16.5 48.5
16.5 49.5
16.5 50.5
16.5 51.5
16.5 52.5
16.5 62.5
16.5 63.5
16.5 64.5
17.5 6.5
17.5 7.5
17.5 14.5
17.5 15.5
17.5 19.5
17.5 25.5
17.5 26.5
17.5 27.5
17.5 36.5
17.5 37.5
17.5 38.5
17.5 39.5
17.5 49.5
17.5 50.5
17.5 51.5
17.5 52.5
17.5 53.5
17.5 56.5
17.5 63.5
17.5 64.5
18.5 6.5
18.5 7.5
18.5 8.5
18.5 15.5
18.5 16.5
18.5 19.5
18.5 20.5
18.5 26.5
18.5 27.5
18.5 28.5
18.5 31.5
18.5 37.5
18.5 38.5
18.5 39.5
18.5 51.5
18.5 52.5
18.5 53.5
18.5 56.5
18.5 57.5
18.5 58.5
18.5 63.5
18.5 64.5
18.5 65.5
19.5 7.5
19.5 8.5
19.5 9.5
19.5 19.5
19.5 20.5
19.5 21.5
19.5 27.5
19.5 28.5
19.5 31.5
19.5 32.5
19.5 33.5
19.5 38.5
19.5 39.5
19.5 40.5
19.5 43.5
19.5 44.5
19.5 45.5
19.5 57.5
19.5 58.5
19.5 59.5
19.5 65.5
20.5 8.5
20.5 9.5
20.5 10.5
20.5 20.5
20.5 21.5
20.5 22.5
20.5 32.5
20.5 33.5
20.5 34.5
20.5 43.5
20.5 44.5
20.5 45.5
20.5 46.5
20.5 57.5
20.5 58.5
20.5 59.5
20.5 60.5
21.5 8.5
21.5 9.5
21.5 10.5
21.5 21.5
21.5 22.5
21.5 23.5
21.5 32.5
21.5 33.5
21.5 34.5
21.5 35.5
21.5 44.5
21.5 45.5
21.5 46.5
21.5 47.5
21.5 58.5
21.5 59.5
21.5 60.5
22.5 10.5
22.5 11.5
22.5 22.5
22.5 23.5
22.5 33.5
22.5 34.5
22.5 35.5
22.5 46.5
22.5 47.5
22.5 48.5
22.5 59.5
22.5 60.5
22.5 61.5
23.5 35.5
23.5 36.5
23.5 47.5
23.5 48.5
25.5 10.5
25.5 23.5
26.5 10.5
26.5 11.5
26.5 12.5
26.5 22.5
26.5 23.5
26.5 35.5
26.5 47.5
26.5 48.5
26.5 59.5
26.5 60.5
26.5 61.5
27.5 11.5
27.5 12.5
27.5 13.5
27.5 21.5
27.5 22.5
27.5 23.5
27.5 33.5
27.5 34.5
27.5 35.5
27.5 47.5
27.5 48.5
27.5 49.5
27.5 50.5
27.5 58.5
27.5 59.5
27.5 60.5
28.5 11.5
28.5 12.5
28.5 13.5
28.5 14.5
28.5 20.5
28.5 21.5
28.5 22.5
28.5 32.5
28.5 33.5
28.5 34.5
28.5 35.5
28.5 48.5
28.5 49.5
28.5 50.5
28.5 51.5
28.5 57.5
28.5 58.5
28.5 59.5
29.5 12.5
29.5 13.5
29.5 14.5
29.5 20.5
29.5 21.5
29.5 22.5
29.5 31.5
29.5 32.5
29.5 33.5
29.5 34.5
29.5 49.5
29.5 50.5
29.5 51.5
29.5 52.5
29.5 56.5
29.5 57.5
29.5 58.5
30.5 13.5
30.5 14.5
30.5 15.5
30.5 19.5
30.5 20.5
30.5 21.5
30.5 27.5
30.5 28.5
30.5 31.5
30.5 32.5
30.5 33.5
30.5 39.5
30.5 51.5
30.5 52.5
30.5 56.5
30.5 57.5
30.5 63.5
30.5 64.5
31.5 6.5
31.5 7.5
31.5 14.5
31.5 15.5
31.5 19.5
31.5 20.5
31.5 26.5
31.5 27.5
31.5 38.5
31.5 39.5
31.5 43.5
31.5 44.5
31.5 45.5
31.5 62.5
31.5 63.5
31.5 64.5
32.5 6.5
32.5 7.5
32.5 8.5
32.5 9.5
32.5 19.5
32.5 25.5
32.5 26.5
32.5 27.5
32.5 37.5
32.5 38.5
32.5 39.5
32.5 43.5
32.5 44.5
32.5 45.5
32.5 46.5
32.5 61.5
32.5 62.5
32.5 63.5
33.5 7.5
33.5 8.5
33.5 9.5
33.5 10.5
33.5 24.5
33.5 25.5
33.5 26.5
33.5 36.5
33.5 37.5
33.5 38.5
33.5 44.5
33.5 45.5
33.5 46.5
33.5 47.5
33.5 60.5
33.5 61.5
33.5 62.5
34.5 8.5
34.5 9.5
34.5 10.5
34.5 24.5
34.5 25.5
34.5 35.5
34.5 36.5
34.5 37.5
34.5 45.5
34.5 46.5
34.5 47.5
34.5 48.5
34.5 60.5
34.5 61.5
35.5 9.5
35.5 10.5
35.5 11.5
35.5 23.5
35.5 24.5
35.5 35.5
35.5 36.5
35.5 47.5
35.5 48.5
36.5 10.5
36.5 11.5
38.5 23.5
38.5 35.5
38.5 47.5
38.5 59.5
38.5 60.5
38.5 61.5
39.5 23.5
39.5 24.5
39.5 25.5
39.5 33.5
39.5 34.5
39.5 35.5
39.5 47.5
39.5 48.5
39.5 49.5
39.5 60.5
39.5 61.5
40.5 10.5
40.5 11.5
40.5 12.5
40.5 24.5
40.5 25.5
40.5 26.5
40.5 32.5
40.5 33.5
40.5 34.5
40.5 47.5
40.5 48.5
40.5 49.5
40.5 50.5
40.5 60.5
40.5 61.5
40.5 62.5
41.5 11.5
41.5 12.5
41.5 13.5
41.5 14.5
41.5 24.5
41.5 25.5
41.5 26.5
41.5 27.5
41.5 31.5
41.5 32.5
41.5 33.5
41.5 48.5
41.5 49.5
41.5 50.5
41.5 51.5
41.5 56.5
41.5 61.5
41.5 62.5
41.5 63.5
42.5 12.5
42.5 13.5
42.5 14.5
42.5 15.5
42.5 25.5
42.5 26.5
42.5 27.5
42.5 30.5
42.5 31.5
42.5 32.5
42.5 49.5
42.5 50.5
42.5 51.5
42.5 52.5
42.5 56.5
42.5 57.5
42.5 62.5
42.5 63.5
43.5 5.5
43.5 6.5
43.5 14.5
43.5 15.5
43.5 16.5
43.5 19.5
43.5 20.5
43.5 38.5
43.5 39.5
43.5 42.5
43.5 43.5
43.5 51.5
43.5 52.5
43.5 56.5
43.5 57.5
43.5 63.5
44.5 6.5
44.5 7.5
44.5 8.5
44.5 9.5
44.5 20.5
44.5 21.5
44.5 36.5
44.5 37.5
44.5 38.5
44.5 42.5
44.5 43.5
44.5 44.5
44.5 45.5
44.5 56.5
44.5 57.5
44.5 58.5
45.5 7.5
45.5 8.5
45.5 9.5
45.5 10.5
45.5 21.5
45.5 22.5
45.5 35.5
45.5 36.5
45.5 37.5
45.5 43.5
45.5 44.5
45.5 45.5
45.5 46.5
45.5 57.5
45.5 58.5
46.5 9.5
46.5 10.5
46.5 11.5
46.5 22.5
46.5 23.5
46.5 34.5
46.5 35.5
46.5 36.5
46.5 44.5
46.5 45.5
46.5 46.5
46.5 47.5
46.5 57.5
46.5 58.5
46.5 59.5
47.5 23.5
47.5 34.5
47.5 46.5
47.5 47.5
47.5 48.5
47.5 58.5
47.5 59.5
50.5 10.5
50.5 11.5
50.5 12.5
50.5 22.5
50.5 23.5
50.5 34.5
50.5 59.5
51.5 9.5
51.5 10.5
51.5 11.5
51.5 21.5
51.5 22.5
51.5 23.5
51.5 33.5
51.5 34.5
51.5 46.5
51.5 47.5
51.5 48.5
51.5 58.5
51.5 59.5
52.5 8.5
52.5 9.5
52.5 10.5
52.5 11.5
52.5 21.5
52.5 22.5
52.5 32.5
52.5 33.5
52.5 34.5
52.5 44.5
52.5 45.5
52.5 46.5
52.5 47.5
52.5 57.5
52.5 58.5
52.5 59.5
53.5 7.5
53.5 8.5
53.5 9.5
53.5 10.5
53.5 20.5
53.5 21.5
53.5 22.5
53.5 31.5
53.5 32.5
53.5 33.5
53.5 34.5
53.5 43.5
53.5 44.5
53.5 45.5
53.5 46.5
53.5 57.5
53.5 58.5
54.5 6.5
54.5 7.5
54.5 8.5
54.5 9.5
54.5 16.5
54.5 20.5
54.5 21.5
54.5 26.5
54.5 31.5
54.5 32.5
54.5 33.5
54.5 43.5
54.5 44.5
54.5 45.5
54.5 56.5
54.5 57.5
54.5 62.5
54.5 63.5
55.5 6.5
55.5 7.5
55.5 8.5
55.5 14.5
55.5 15.5
55.5 16.5
55.5 20.5
55.5 25.5
55.5 26.5
55.5 31.5
55.5 32.5
55.5 33.5
55.5 38.5
55.5 39.5
55.5 42.5
55.5 43.5
55.5 51.5
55.5 52.5
55.5 53.5
55.5 56.5
55.5 57.5
55.5 62.5
55.5 63.5
56.5 13.5
56.5 14.5
56.5 15.5
56.5 25.5
56.5 26.5
56.5 30.5
56.5 31.5
56.5 32.5
56.5 37.5
56.5 38.5
56.5 39.5
56.5 49.5
56.5 50.5
56.5 51.5
56.5 52.5
56.5 61.5
56.5 62.5
56.5 63.5
57.5 12.5
57.5 13.5
57.5 14.5
57.5 15.5
57.5 24.5
57.5 25.5
57.5 26.5
57.5 31.5
57.5 36.5
57.5 37.5
57.5 38.5
57.5 48.5
57.5 49.5
57.5 50.5
57.5 51.5
57.5 61.5
57.5 62.5
58.5 11.5
58.5 12.5
58.5 13.5
58.5 14.5
58.5 24.5
58.5 25.5
58.5 26.5
58.5 36.5
58.5 37.5
58.5 47.5
58.5 48.5
58.5 49.5
58.5 50.5
58.5 60.5
58.5 61.5
58.5 62.5
59.5 11.5
59.5 12.5
59.5 13.5
59.5 24.5
59.5 25.5
59.5 35.5
59.5 36.5
59.5 37.5
59.5 47.5
59.5 48.5
59.5 60.5
59.5 61.5
60.5 11.5
60.5 24.5
60.5 25.5
60.5 35.5
60.5 36.5
61.5 24.5
