1.5 53.5
2.5 15.5
2.5 16.5
2.5 36.5
2.5 55.5
3.5 14.5
3.5 15.5
3.5 34.5
3.5 35.5
3.5 56.5
3.5 57.5
4.5 12.5
4.5 13.5
4.5 14.5
4.5 32.5
4.5 33.5
4.5 34.5
4.5 58.5
4.5 59.5
5.5 11.5
5.5 12.5
5.5 30.5
5.5 31.5
5.5 32.5
5.5 59.5
5.5 60.5
6.5 10.5
6.5 11.5
6.5 29.5
6.5 30.5
6.5 61.5
6.5 62.5
7.5 9.5
7.5 10.5
7.5 23.5
7.5 27.5
7.5 28.5
7.5 43.5
7.5 63.5
8.5 8.5
8.5 21.5
8.5 22.5
8.5 26.5
8.5 41.5
8.5 42.5
8.5 47.5
8.5 48.5
9.5 20.5
9.5 21.5
9.5 40.5
9.5 41.5
9.5 48.5
9.5 49.5
9.5 50.5
9.5 51.5
10.5 18.5
10.5 19.5
10.5 38.5
10.5 39.5
10.5 40.5
10.5 50.5
10.5 51.5
10.5 52.5
10.5 53.5
11.5 17.5
11.5 18.5
11.5 37.5
11.5 38.5
11.5 52.5
11.5 53.5
11.5 54.5
11.5 55.5
12.5 16.5
12.5 17.5
12.5 36.5
12.5 37.5
12.5 54.5
12.5 55.5
12.5 56.5
13.5 15.5
13.5 34.5
13.5 35.5
13.5 57.5
14.5 33.5
18.5 15.5
19.5 16.5
19.5 17.5
19.5 35.5
19.5 36.5
19.5 52.5
19.5 53.5
19.5 54.5
20.5 17.5
20.5 18.5
20.5 33.5
20.5 34.5
20.5 54.5
20.5 55.5
20.5 56.5
20.5 57.5
20.5 58.5
21.5 19.5
21.5 20.5
21.5 30.5
21.5 31.5
21.5 32.5
21.5 33.5
21.5 57.5
21.5 58.5
21.5 59.5
21.5 60.5
21.5 61.5
22.5 20.5
22.5 21.5
22.5 28.5
22.5 29.5
22.5 30.5
22.5 61.5
22.5 62.5
22.5 63.5
23.5 7.5
23.5 22.5
23.5 23.5
23.5 27.5
23.5 28.5
24.5 8.5
24.5 9.5
24.5 10.5
24.5 47.5
25.5 10.5
25.5 11.5
25.5 12.5
25.5 42.5
25.5 43.5
25.5 48.5
25.5 49.5
26.5 13.5
26.5 14.5
26.5 39.5
26.5 40.5
26.5 41.5
26.5 50.5
26.5 51.5
27.5 15.5
27.5 16.5
27.5 37.5
27.5 38.5
27.5 39.5
27.5 51.5
27.5 52.5
27.5 53.5
28.5 34.5
28.5 35.5
28.5 36.5
28.5 53.5
28.5 54.5
29.5 33.5
29.5 55.5
29.5 56.5
33.5 14.5
33.5 15.5
33.5 16.5
33.5 56.5
34.5 12.5
34.5 13.5
34.5 14.5
34.5 36.5
34.5 37.5
34.5 55.5
35.5 9.5
35.5 10.5
35.5 11.5
35.5 12.5
35.5 34.5
35.5 35.5
35.5 36.5
35.5 54.5
36.5 7.5
36.5 8.5
36.5 9.5
36.5 10.5
36.5 32.5
36.5 33.5
36.5 34.5
36.5 53.5
37.5 6.5
37.5 7.5
37.5 30.5
37.5 31.5
37.5 32.5
37.5 51.5
37.5 52.5
38.5 23.5
38.5 24.5
38.5 28.5
38.5 29.5
38.5 30.5
38.5 51.5
38.5 62.5
38.5 63.5
39.5 21.5
39.5 22.5
39.5 23.5
39.5 27.5
39.5 46.5
39.5 50.5
39.5 61.5
39.5 62.5
40.5 19.5
40.5 20.5
40.5 21.5
40.5 43.5
40.5 44.5
40.5 49.5
40.5 60.5
40.5 61.5
41.5 18.5
41.5 19.5
41.5 41.5
41.5 42.5
41.5 43.5
41.5 59.5
42.5 16.5
42.5 17.5
42.5 18.5
42.5 38.5
42.5 39.5
42.5 40.5
42.5 41.5
42.5 57.5
42.5 58.5
43.5 15.5
43.5 16.5
43.5 36.5
43.5 37.5
43.5 38.5
43.5 56.5
43.5 57.5
44.5 35.5
44.5 36.5
44.5 56.5
48.5 14.5
48.5 56.5
49.5 16.5
49.5 35.5
49.5 57.5
49.5 58.5
50.5 17.5
50.5 18.5
50.5 36.5
50.5 37.5
50.5 38.5
50.5 58.5
50.5 59.5
51.5 19.5
51.5 20.5
51.5 39.5
51.5 40.5
51.5 59.5
51.5 60.5
51.5 61.5
52.5 21.5
52.5 22.5
52.5 41.5
52.5 42.5
52.5 43.5
52.5 61.5
52.5 62.5
53.5 8.5
53.5 23.5
53.5 27.5
53.5 43.5
53.5 44.5
53.5 45.5
53.5 62.5
53.5 63.5
54.5 9.5
54.5 10.5
54.5 28.5
54.5 29.5
54.5 46.5
54.5 50.5
54.5 64.5
55.5 11.5
55.5 12.5
55.5 30.5
55.5 31.5
55.5 32.5
55.5 51.5
55.5 52.5
56.5 12.5
56.5 13.5
56.5 14.5
56.5 32.5
56.5 33.5
56.5 34.5
56.5 53.5
56.5 54.5
57.5 14.5
57.5 15.5
57.5 16.5
57.5 35.5
57.5 36.5
57.5 54.5
57.5 55.5
57.5 56.5
58.5 16.5
58.5 17.5
58.5 37.5
58.5 38.5
58.5 56.5
58.5 57.5
59.5 58.5
