1.5 12.5
2.5 12.5
3.5 13.5
3.5 24.5
3.5 36.5
3.5 60.5
4.5 13.5
4.5 23.5
4.5 35.5
4.5 47.5
4.5 59.5
4.5 60.5
5.5 13.5
5.5 14.5
5.5 23.5
5.5 35.5
5.5 47.5
5.5 59.5
6.5 14.5
6.5 22.5
6.5 23.5
6.5 34.5
6.5 35.5
6.5 46.5
6.5 47.5
6.5 58.5
6.5 59.5
7.5 14.5
7.5 22.5
7.5 34.5
7.5 46.5
7.5 58.5
8.5 14.5
8.5 15.5
8.5 21.5
8.5 22.5
8.5 33.5
8.5 34.5
8.5 46.5
8.5 58.5
9.5 8.5
9.5 15.5
9.5 21.5
9.5 28.5
9.5 33.5
9.5 40.5
9.5 45.5
9.5 46.5
9.5 57.5
9.5 58.5
10.5 8.5
10.5 15.5
10.5 27.5
10.5 40.5
10.5 45.5
10.5 57.5
10.5 64.5
11.5 8.5
11.5 9.5
11.5 20.5
11.5 27.5
11.5 32.5
11.5 39.5
11.5 45.5
11.5 51.5
11.5 57.5
11.5 64.5
12.5 9.5
12.5 26.5
12.5 39.5
12.5 51.5
12.5 63.5
12.5 64.5
13.5 9.5
13.5 26.5
13.5 38.5
13.5 39.5
13.5 50.5
13.5 51.5
13.5 63.5
14.5 9.5
14.5 10.5
14.5 25.5
14.5 38.5
14.5 50.5
14.5 62.5
14.5 63.5
15.5 10.5
15.5 25.5
15.5 37.5
15.5 38.5
15.5 50.5
15.5 62.5
16.5 10.5
16.5 24.5
16.5 37.5
16.5 50.5
16.5 62.5
17.5 36.5
17.5 49.5
17.5 61.5
18.5 11.5
18.5 36.5
18.5 49.5
18.5 61.5
21.5 23.5
22.5 36.5
22.5 49.5
22.5 61.5
23.5 12.5
23.5 24.5
23.5 35.5
23.5 36.5
23.5 61.5
24.5 12.5
24.5 24.5
24.5 35.5
24.5 50.5
24.5 61.5
24.5 62.5
25.5 13.5
25.5 25.5
25.5 34.5
25.5 35.5
25.5 50.5
25.5 62.5
26.5 13.5
26.5 25.5
26.5 34.5
26.5 50.5
26.5 62.5
27.5 13.5
27.5 26.5
27.5 33.5
27.5 34.5
27.5 50.5
27.5 51.5
27.5 62.5
27.5 63.5
28.5 14.5
28.5 26.5
28.5 33.5
28.5 51.5
28.5 63.5
29.5 14.5
29.5 20.5
29.5 32.5
29.5 40.5
29.5 51.5
29.5 63.5
30.5 8.5
30.5 14.5
30.5 20.5
30.5 27.5
30.5 32.5
30.5 39.5
30.5 45.5
30.5 51.5
30.5 57.5
30.5 63.5
31.5 8.5
31.5 15.5
31.5 21.5
31.5 39.5
31.5 45.5
31.5 52.5
31.5 57.5
31.5 64.5
32.5 9.5
32.5 15.5
32.5 21.5
32.5 38.5
32.5 45.5
32.5 46.5
32.5 52.5
32.5 57.5
32.5 64.5
33.5 9.5
33.5 21.5
33.5 38.5
33.5 46.5
33.5 58.5
34.5 9.5
34.5 10.5
34.5 22.5
34.5 37.5
34.5 38.5
34.5 46.5
34.5 58.5
35.5 10.5
35.5 22.5
35.5 37.5
35.5 46.5
35.5 58.5
36.5 10.5
36.5 22.5
36.5 36.5
36.5 47.5
36.5 58.5
36.5 59.5
37.5 11.5
37.5 23.5
37.5 36.5
37.5 47.5
37.5 59.5
38.5 11.5
38.5 23.5
38.5 47.5
38.5 59.5
43.5 12.5
43.5 23.5
43.5 34.5
43.5 47.5
44.5 12.5
44.5 23.5
44.5 34.5
44.5 47.5
44.5 60.5
45.5 13.5
45.5 22.5
45.5 34.5
45.5 46.5
45.5 47.5
45.5 61.5
46.5 13.5
46.5 22.5
46.5 33.5
46.5 46.5
46.5 61.5
47.5 14.5
47.5 21.5
47.5 33.5
47.5 46.5
47.5 61.5
47.5 62.5
48.5 14.5
48.5 21.5
48.5 33.5
48.5 45.5
48.5 46.5
48.5 62.5
49.5 15.5
49.5 21.5
49.5 32.5
49.5 45.5
49.5 62.5
50.5 9.5
50.5 15.5
50.5 20.5
50.5 26.5
50.5 32.5
50.5 39.5
50.5 45.5
50.5 63.5
51.5 9.5
51.5 20.5
51.5 26.5
51.5 32.5
51.5 39.5
51.5 51.5
51.5 56.5
51.5 63.5
52.5 9.5
52.5 26.5
52.5 31.5
52.5 38.5
52.5 51.5
52.5 56.5
52.5 57.5
52.5 64.5
53.5 10.5
53.5 25.5
53.5 38.5
53.5 50.5
53.5 57.5
53.5 64.5
54.5 10.5
54.5 25.5
54.5 37.5
54.5 38.5
54.5 50.5
54.5 57.5
54.5 58.5
55.5 10.5
55.5 11.5
55.5 25.5
55.5 37.5
55.5 49.5
55.5 58.5
56.5 11.5
56.5 24.5
56.5 25.5
56.5 36.5
56.5 37.5
56.5 49.5
56.5 58.5
56.5 59.5
57.5 11.5
57.5 24.5
57.5 36.5
57.5 49.5
57.5 59.5
58.5 12.5
58.5 24.5
58.5 36.5
58.5 48.5
58.5 59.5
59.5 12.5
59.5 35.5
