1.5 12.5
1.5 27.5
1.5 36.5
1.5 50.5
1.5 62.5
2.5 13.5
2.5 24.5
2.5 25.5
2.5 37.5
2.5 48.5
2.5 60.5
3.5 14.5
3.5 21.5
3.5 22.5
3.5 23.5
3.5 38.5
3.5 45.5
3.5 46.5
3.5 58.5
3.5 59.5
4.5 15.5
4.5 19.5
4.5 20.5
4.5 30.5
4.5 39.5
4.5 44.5
4.5 57.5
4.5 65.5
5.5 5.5
5.5 6.5
5.5 16.5
5.5 17.5
5.5 29.5
5.5 31.5
5.5 32.5
5.5 40.5
5.5 42.5
5.5 53.5
5.5 54.5
5.5 55.5
5.5 64.5
6.5 7.5
6.5 8.5
6.5 27.5
6.5 33.5
6.5 40.5
6.5 51.5
6.5 62.5
6.5 63.5
7.5 9.5
7.5 10.5
7.5 11.5
7.5 26.5
7.5 34.5
7.5 35.5
7.5 48.5
7.5 49.5
7.5 61.5
8.5 12.5
8.5 13.5
8.5 24.5
8.5 36.5
8.5 46.5
8.5 47.5
8.5 60.5
9.5 23.5
9.5 38.5
10.5 21.5
10.5 22.5
10.5 38.5
10.5 51.5
11.5 14.5
11.5 23.5
11.5 36.5
11.5 49.5
11.5 61.5
12.5 12.5
12.5 24.5
12.5 35.5
12.5 47.5
12.5 48.5
12.5 62.5
13.5 10.5
13.5 26.5
13.5 33.5
13.5 45.5
13.5 46.5
13.5 63.5
14.5 8.5
14.5 17.5
14.5 18.5
14.5 27.5
14.5 32.5
14.5 41.5
14.5 44.5
14.5 53.5
14.5 56.5
14.5 64.5
15.5 6.5
15.5 16.5
15.5 19.5
15.5 20.5
15.5 30.5
15.5 39.5
15.5 40.5
15.5 42.5
15.5 52.5
15.5 57.5
15.5 65.5
16.5 15.5
16.5 20.5
16.5 21.5
16.5 30.5
16.5 38.5
16.5 51.5
16.5 58.5
16.5 66.5
17.5 14.5
17.5 21.5
17.5 22.5
17.5 36.5
17.5 37.5
17.5 50.5
17.5 59.5
18.5 13.5
18.5 23.5
18.5 35.5
18.5 49.5
18.5 60.5
19.5 12.5
19.5 24.5
19.5 33.5
19.5 48.5
19.5 61.5
20.5 11.5
20.5 25.5
20.5 38.5
20.5 46.5
20.5 62.5
21.5 10.5
21.5 37.5
21.5 47.5
21.5 58.5
22.5 21.5
22.5 35.5
22.5 48.5
22.5 59.5
23.5 12.5
23.5 13.5
23.5 23.5
23.5 24.5
23.5 34.5
23.5 49.5
23.5 60.5
23.5 61.5
24.5 10.5
24.5 11.5
24.5 26.5
24.5 27.5
24.5 32.5
24.5 33.5
24.5 41.5
24.5 50.5
24.5 51.5
24.5 62.5
25.5 8.5
25.5 9.5
25.5 28.5
25.5 29.5
25.5 30.5
25.5 31.5
25.5 40.5
25.5 42.5
25.5 43.5
25.5 52.5
25.5 55.5
25.5 63.5
26.5 6.5
26.5 7.5
26.5 17.5
26.5 39.5
26.5 43.5
26.5 44.5
26.5 53.5
26.5 56.5
26.5 64.5
26.5 65.5
27.5 17.5
27.5 19.5
27.5 20.5
27.5 38.5
27.5 45.5
27.5 54.5
27.5 57.5
27.5 66.5
28.5 14.5
28.5 15.5
28.5 21.5
28.5 22.5
28.5 37.5
28.5 46.5
28.5 47.5
28.5 58.5
29.5 12.5
29.5 13.5
29.5 24.5
29.5 36.5
29.5 47.5
29.5 48.5
30.5 10.5
30.5 11.5
30.5 26.5
30.5 35.5
30.5 48.5
30.5 49.5
30.5 61.5
31.5 23.5
31.5 50.5
32.5 10.5
32.5 24.5
32.5 34.5
32.5 60.5
32.5 68.5
33.5 11.5
33.5 24.5
33.5 35.5
33.5 45.5
33.5 59.5
34.5 6.5
34.5 13.5
34.5 25.5
34.5 29.5
34.5 48.5
34.5 49.5
34.5 58.5
34.5 64.5
35.5 7.5
35.5 14.5
35.5 15.5
35.5 17.5
35.5 25.5
35.5 26.5
35.5 30.5
35.5 51.5
35.5 52.5
35.5 57.5
36.5 8.5
36.5 16.5
36.5 18.5
36.5 26.5
36.5 31.5
36.5 55.5
36.5 56.5
36.5 63.5
37.5 10.5
37.5 19.5
37.5 27.5
37.5 32.5
37.5 41.5
37.5 42.5
37.5 43.5
37.5 55.5
37.5 62.5
38.5 11.5
38.5 21.5
38.5 33.5
38.5 45.5
38.5 46.5
38.5 47.5
38.5 61.5
39.5 22.5
39.5 34.5
39.5 49.5
39.5 50.5
40.5 13.5
40.5 23.5
40.5 35.5
40.5 60.5
41.5 11.5
41.5 12.5
41.5 24.5
41.5 36.5
41.5 59.5
42.5 10.5
42.5 23.5
42.5 36.5
43.5 9.5
43.5 22.5
43.5 35.5
43.5 46.5
43.5 47.5
43.5 48.5
44.5 7.5
44.5 8.5
44.5 21.5
44.5 33.5
44.5 41.5
44.5 49.5
44.5 50.5
44.5 51.5
45.5 6.5
45.5 16.5
45.5 17.5
45.5 20.5
45.5 32.5
45.5 41.5
45.5 42.5
45.5 52.5
45.5 53.5
45.5 54.5
45.5 64.5
46.5 5.5
46.5 15.5
46.5 19.5
46.5 28.5
46.5 30.5
46.5 31.5
46.5 39.5
46.5 43.5
46.5 54.5
46.5 55.5
46.5 56.5
46.5 57.5
46.5 65.5
47.5 13.5
47.5 14.5
47.5 18.5
47.5 26.5
47.5 27.5
47.5 29.5
47.5 38.5
47.5 45.5
47.5 58.5
47.5 59.5
47.5 60.5
47.5 61.5
48.5 11.5
48.5 12.5
48.5 25.5
48.5 36.5
48.5 37.5
48.5 46.5
49.5 10.5
49.5 23.5
49.5 24.5
49.5 35.5
49.5 47.5
50.5 22.5
50.5 34.5
50.5 48.5
50.5 62.5
51.5 33.5
51.5 46.5
51.5 60.5
52.5 12.5
52.5 25.5
52.5 34.5
52.5 47.5
52.5 59.5
53.5 10.5
53.5 11.5
53.5 23.5
53.5 24.5
53.5 35.5
53.5 36.5
53.5 48.5
53.5 57.5
53.5 58.5
54.5 9.5
54.5 22.5
54.5 36.5
54.5 37.5
54.5 49.5
54.5 56.5
54.5 66.5
55.5 7.5
55.5 8.5
55.5 17.5
55.5 20.5
55.5 30.5
55.5 37.5
55.5 38.5
55.5 42.5
55.5 50.5
55.5 54.5
55.5 55.5
55.5 64.5
56.5 6.5
56.5 15.5
56.5 18.5
56.5 19.5
56.5 28.5
56.5 29.5
56.5 30.5
56.5 39.5
56.5 43.5
56.5 51.5
56.5 53.5
56.5 63.5
57.5 14.5
57.5 17.5
57.5 26.5
57.5 27.5
57.5 31.5
57.5 40.5
57.5 44.5
57.5 45.5
57.5 52.5
57.5 61.5
57.5 62.5
58.5 12.5
58.5 13.5
58.5 25.5
58.5 32.5
58.5 33.5
58.5 45.5
58.5 46.5
58.5 60.5
59.5 11.5
59.5 23.5
59.5 24.5
59.5 33.5
59.5 34.5
59.5 46.5
59.5 47.5
59.5 59.5
60.5 21.5
60.5 22.5
60.5 48.5
60.5 57.5
61.5 49.5
