2.5 23.5
2.5 34.5
2.5 35.5
2.5 45.5
2.5 46.5
2.5 60.5
2.5 61.5
3.5 12.5
3.5 13.5
3.5 21.5
3.5 22.5
3.5 23.5
3.5 34.5
3.5 35.5
3.5 44.5
3.5 45.5
3.5 46.5
3.5 60.5
3.5 61.5
3.5 62.5
4.5 12.5
4.5 13.5
4.5 14.5
4.5 21.5
4.5 22.5
4.5 33.5
4.5 34.5
4.5 44.5
4.5 45.5
4.5 61.5
4.5 62.5
4.5 63.5
5.5 13.5
5.5 14.5
5.5 15.5
5.5 20.5
5.5 21.5
5.5 33.5
5.5 34.5
5.5 44.5
5.5 45.5
5.5 62.5
5.5 63.5
5.5 64.5
6.5 33.5
6.5 39.5
7.5 7.5
7.5 8.5
7.5 9.5
7.5 26.5
7.5 27.5
7.5 28.5
7.5 38.5
7.5 39.5
7.5 49.5
7.5 50.5
7.5 55.5
7.5 56.5
8.5 7.5
8.5 8.5
8.5 9.5
8.5 10.5
8.5 25.5
8.5 26.5
8.5 27.5
8.5 37.5
8.5 38.5
8.5 39.5
8.5 48.5
8.5 49.5
8.5 50.5
8.5 56.5
8.5 57.5
8.5 58.5
9.5 8.5
9.5 9.5
9.5 10.5
9.5 25.5
9.5 26.5
9.5 27.5
9.5 37.5
9.5 38.5
9.5 48.5
9.5 49.5
9.5 56.5
9.5 57.5
9.5 58.5
10.5 10.5
10.5 25.5
10.5 37.5
10.5 48.5
10.5 49.5
10.5 57.5
10.5 58.5
10.5 59.5
15.5 10.5
15.5 11.5
15.5 25.5
15.5 38.5
15.5 47.5
16.5 9.5
16.5 10.5
16.5 11.5
16.5 25.5
16.5 26.5
16.5 27.5
16.5 38.5
16.5 39.5
16.5 46.5
16.5 47.5
16.5 58.5
16.5 59.5
16.5 60.5
17.5 8.5
17.5 9.5
17.5 10.5
17.5 25.5
17.5 26.5
17.5 27.5
17.5 38.5
17.5 39.5
17.5 40.5
17.5 45.5
17.5 46.5
17.5 47.5
17.5 57.5
17.5 58.5
17.5 59.5
18.5 8.5
18.5 9.5
18.5 27.5
18.5 28.5
18.5 39.5
18.5 40.5
18.5 45.5
18.5 46.5
18.5 57.5
19.5 14.5
19.5 15.5
19.5 20.5
19.5 21.5
19.5 63.5
19.5 64.5
20.5 13.5
20.5 14.5
20.5 20.5
20.5 21.5
20.5 22.5
20.5 33.5
20.5 34.5
20.5 35.5
20.5 50.5
20.5 51.5
20.5 52.5
20.5 62.5
20.5 63.5
20.5 64.5
21.5 13.5
21.5 14.5
21.5 21.5
21.5 22.5
21.5 34.5
21.5 35.5
21.5 36.5
21.5 49.5
21.5 50.5
21.5 51.5
21.5 62.5
21.5 63.5
22.5 13.5
22.5 22.5
22.5 23.5
22.5 35.5
22.5 36.5
22.5 49.5
22.5 50.5
22.5 62.5
27.5 12.5
27.5 13.5
27.5 24.5
27.5 25.5
27.5 49.5
27.5 50.5
27.5 59.5
27.5 60.5
28.5 13.5
28.5 14.5
28.5 24.5
28.5 25.5
28.5 26.5
28.5 36.5
28.5 37.5
28.5 38.5
28.5 50.5
28.5 51.5
28.5 58.5
28.5 59.5
28.5 60.5
29.5 13.5
29.5 14.5
29.5 25.5
29.5 26.5
29.5 27.5
29.5 37.5
29.5 38.5
29.5 39.5
29.5 50.5
29.5 51.5
29.5 52.5
29.5 57.5
29.5 58.5
29.5 59.5
30.5 14.5
30.5 38.5
30.5 39.5
30.5 51.5
30.5 52.5
30.5 57.5
30.5 58.5
31.5 9.5
31.5 19.5
31.5 20.5
31.5 21.5
31.5 32.5
31.5 39.5
32.5 9.5
32.5 10.5
32.5 20.5
32.5 21.5
32.5 22.5
32.5 32.5
32.5 33.5
32.5 44.5
32.5 45.5
32.5 46.5
32.5 62.5
32.5 63.5
32.5 64.5
33.5 9.5
33.5 10.5
33.5 21.5
33.5 22.5
33.5 33.5
33.5 34.5
33.5 45.5
33.5 46.5
33.5 47.5
33.5 61.5
33.5 62.5
33.5 63.5
34.5 9.5
34.5 10.5
34.5 34.5
34.5 35.5
34.5 46.5
34.5 47.5
34.5 61.5
34.5 62.5
34.5 63.5
35.5 61.5
39.5 12.5
39.5 21.5
39.5 22.5
39.5 34.5
40.5 12.5
40.5 13.5
40.5 20.5
40.5 21.5
40.5 22.5
40.5 33.5
40.5 34.5
40.5 46.5
40.5 47.5
40.5 58.5
40.5 59.5
40.5 60.5
41.5 12.5
41.5 13.5
41.5 14.5
41.5 19.5
41.5 20.5
41.5 21.5
41.5 32.5
41.5 33.5
41.5 34.5
41.5 45.5
41.5 46.5
41.5 47.5
41.5 57.5
41.5 58.5
41.5 59.5
42.5 13.5
42.5 14.5
42.5 32.5
42.5 33.5
42.5 44.5
42.5 45.5
42.5 46.5
42.5 57.5
42.5 58.5
43.5 26.5
43.5 27.5
43.5 44.5
43.5 45.5
44.5 8.5
44.5 9.5
44.5 25.5
44.5 26.5
44.5 38.5
44.5 39.5
44.5 50.5
44.5 51.5
44.5 52.5
44.5 64.5
45.5 9.5
45.5 10.5
45.5 24.5
45.5 25.5
45.5 26.5
45.5 36.5
45.5 37.5
45.5 38.5
45.5 39.5
45.5 49.5
45.5 50.5
45.5 51.5
45.5 62.5
45.5 63.5
45.5 64.5
46.5 10.5
46.5 11.5
46.5 24.5
46.5 25.5
46.5 36.5
46.5 37.5
46.5 38.5
46.5 49.5
46.5 50.5
46.5 61.5
46.5 62.5
46.5 63.5
46.5 64.5
47.5 36.5
47.5 49.5
47.5 62.5
51.5 24.5
52.5 12.5
52.5 13.5
52.5 24.5
52.5 25.5
52.5 34.5
52.5 35.5
52.5 47.5
52.5 48.5
52.5 61.5
52.5 62.5
52.5 63.5
53.5 12.5
53.5 13.5
53.5 14.5
53.5 25.5
53.5 26.5
53.5 33.5
53.5 34.5
53.5 35.5
53.5 46.5
53.5 47.5
53.5 62.5
53.5 63.5
53.5 64.5
54.5 13.5
54.5 14.5
54.5 26.5
54.5 27.5
54.5 32.5
54.5 33.5
54.5 34.5
54.5 45.5
54.5 46.5
54.5 63.5
54.5 64.5
54.5 65.5
55.5 13.5
55.5 14.5
55.5 52.5
55.5 57.5
56.5 8.5
56.5 9.5
56.5 19.5
56.5 20.5
56.5 21.5
56.5 38.5
56.5 39.5
56.5 40.5
56.5 50.5
56.5 51.5
56.5 52.5
56.5 58.5
56.5 59.5
57.5 9.5
57.5 10.5
57.5 20.5
57.5 21.5
57.5 22.5
57.5 37.5
57.5 38.5
57.5 39.5
57.5 49.5
57.5 50.5
57.5 51.5
57.5 58.5
57.5 59.5
58.5 9.5
58.5 10.5
58.5 20.5
58.5 21.5
58.5 22.5
58.5 37.5
58.5 38.5
58.5 49.5
58.5 50.5
58.5 59.5
58.5 60.5
59.5 10.5
59.5 22.5
