2.5 41.5
2.5 42.5
2.5 43.5
2.5 59.5
2.5 60.5
2.5 61.5
3.5 13.5
3.5 27.5
3.5 28.5
3.5 29.5
3.5 30.5
3.5 38.5
3.5 39.5
3.5 40.5
3.5 41.5
3.5 60.5
3.5 61.5
3.5 62.5
3.5 63.5
4.5 14.5
4.5 15.5
4.5 29.5
4.5 30.5
4.5 31.5
4.5 32.5
4.5 33.5
4.5 37.5
4.5 38.5
4.5 63.5
4.5 64.5
5.5 16.5
5.5 17.5
5.5 48.5
5.5 49.5
5.5 54.5
5.5 55.5
6.5 45.5
6.5 46.5
6.5 47.5
6.5 55.5
6.5 56.5
6.5 57.5
7.5 8.5
7.5 9.5
7.5 10.5
7.5 22.5
7.5 23.5
7.5 24.5
7.5 25.5
7.5 26.5
7.5 43.5
7.5 44.5
7.5 57.5
7.5 58.5
7.5 59.5
8.5 10.5
8.5 11.5
8.5 12.5
8.5 27.5
9.5 12.5
11.5 59.5
12.5 27.5
12.5 28.5
12.5 43.5
12.5 44.5
12.5 45.5
12.5 60.5
12.5 61.5
13.5 12.5
13.5 28.5
13.5 29.5
13.5 30.5
13.5 44.5
13.5 45.5
13.5 46.5
13.5 47.5
13.5 61.5
13.5 62.5
13.5 63.5
14.5 10.5
14.5 11.5
14.5 12.5
14.5 30.5
14.5 31.5
14.5 32.5
14.5 46.5
14.5 47.5
14.5 48.5
14.5 63.5
14.5 64.5
15.5 9.5
15.5 10.5
15.5 37.5
15.5 38.5
15.5 48.5
15.5 49.5
15.5 53.5
15.5 54.5
16.5 8.5
16.5 9.5
16.5 17.5
16.5 18.5
16.5 22.5
16.5 23.5
16.5 38.5
16.5 39.5
16.5 40.5
16.5 54.5
16.5 55.5
16.5 56.5
17.5 16.5
17.5 17.5
17.5 23.5
17.5 24.5
17.5 25.5
17.5 39.5
17.5 40.5
17.5 41.5
17.5 55.5
17.5 56.5
17.5 57.5
17.5 58.5
18.5 14.5
18.5 15.5
18.5 16.5
18.5 25.5
18.5 26.5
18.5 27.5
18.5 41.5
18.5 42.5
18.5 43.5
18.5 58.5
18.5 59.5
19.5 13.5
19.5 14.5
23.5 27.5
23.5 28.5
23.5 42.5
23.5 43.5
23.5 44.5
23.5 58.5
23.5 59.5
23.5 60.5
24.5 13.5
24.5 14.5
24.5 15.5
24.5 28.5
24.5 29.5
24.5 30.5
24.5 44.5
24.5 45.5
24.5 46.5
24.5 59.5
24.5 60.5
24.5 61.5
24.5 62.5
25.5 15.5
25.5 16.5
25.5 17.5
25.5 30.5
25.5 31.5
25.5 32.5
25.5 46.5
25.5 47.5
25.5 48.5
25.5 61.5
25.5 62.5
25.5 63.5
25.5 64.5
26.5 17.5
26.5 18.5
26.5 37.5
27.5 8.5
27.5 23.5
27.5 24.5
27.5 38.5
27.5 39.5
27.5 40.5
27.5 53.5
27.5 54.5
27.5 55.5
28.5 9.5
28.5 10.5
28.5 11.5
28.5 24.5
28.5 25.5
28.5 26.5
28.5 39.5
28.5 40.5
28.5 41.5
28.5 42.5
28.5 55.5
28.5 56.5
28.5 57.5
29.5 11.5
29.5 12.5
29.5 13.5
29.5 26.5
29.5 27.5
29.5 42.5
29.5 43.5
29.5 57.5
29.5 58.5
33.5 27.5
33.5 42.5
33.5 43.5
34.5 14.5
34.5 15.5
34.5 16.5
34.5 24.5
34.5 25.5
34.5 26.5
34.5 39.5
34.5 40.5
34.5 41.5
34.5 42.5
34.5 56.5
34.5 57.5
34.5 58.5
35.5 16.5
35.5 17.5
35.5 18.5
35.5 23.5
35.5 24.5
35.5 37.5
35.5 38.5
35.5 39.5
35.5 40.5
35.5 54.5
35.5 55.5
35.5 56.5
36.5 32.5
36.5 64.5
37.5 7.5
37.5 8.5
37.5 9.5
37.5 10.5
37.5 29.5
37.5 30.5
37.5 31.5
37.5 32.5
37.5 46.5
37.5 47.5
37.5 48.5
37.5 49.5
37.5 62.5
37.5 63.5
38.5 9.5
38.5 10.5
38.5 11.5
38.5 12.5
38.5 27.5
38.5 28.5
38.5 29.5
38.5 44.5
38.5 45.5
38.5 46.5
38.5 47.5
38.5 60.5
38.5 61.5
39.5 43.5
39.5 44.5
43.5 12.5
43.5 13.5
43.5 14.5
43.5 15.5
43.5 25.5
43.5 26.5
43.5 27.5
43.5 43.5
43.5 44.5
43.5 60.5
43.5 61.5
43.5 62.5
44.5 14.5
44.5 15.5
44.5 16.5
44.5 17.5
44.5 22.5
44.5 23.5
44.5 24.5
44.5 25.5
44.5 44.5
44.5 45.5
44.5 46.5
44.5 47.5
44.5 62.5
44.5 63.5
44.5 64.5
45.5 46.5
45.5 47.5
45.5 48.5
45.5 49.5
46.5 49.5
46.5 50.5
47.5 8.5
47.5 9.5
47.5 10.5
47.5 11.5
47.5 30.5
47.5 31.5
47.5 32.5
47.5 38.5
47.5 39.5
47.5 40.5
47.5 55.5
47.5 56.5
47.5 57.5
48.5 11.5
48.5 12.5
48.5 13.5
48.5 28.5
48.5 29.5
48.5 30.5
48.5 39.5
48.5 40.5
48.5 41.5
48.5 42.5
48.5 56.5
48.5 57.5
48.5 58.5
48.5 59.5
49.5 42.5
49.5 43.5
52.5 11.5
52.5 12.5
53.5 9.5
53.5 10.5
53.5 11.5
53.5 26.5
53.5 27.5
53.5 28.5
53.5 59.5
53.5 60.5
54.5 7.5
54.5 8.5
54.5 9.5
54.5 23.5
54.5 24.5
54.5 25.5
54.5 26.5
54.5 27.5
54.5 44.5
54.5 45.5
54.5 46.5
54.5 60.5
54.5 61.5
54.5 62.5
54.5 63.5
55.5 6.5
55.5 18.5
55.5 19.5
55.5 47.5
55.5 48.5
55.5 49.5
55.5 62.5
55.5 63.5
55.5 64.5
56.5 15.5
56.5 16.5
56.5 17.5
56.5 18.5
57.5 13.5
57.5 14.5
57.5 15.5
57.5 16.5
57.5 31.5
57.5 32.5
57.5 37.5
57.5 38.5
57.5 39.5
57.5 55.5
57.5 56.5
57.5 57.5
58.5 12.5
58.5 13.5
58.5 29.5
58.5 30.5
58.5 31.5
58.5 38.5
58.5 39.5
58.5 40.5
58.5 41.5
58.5 42.5
58.5 43.5
58.5 57.5
58.5 58.5
58.5 59.5
59.5 28.5
59.5 29.5
59.5 42.5
59.5 43.5
59.5 44.5
