2.5 48.5
2.5 59.5
3.5 9.5
3.5 22.5
3.5 35.5
3.5 48.5
3.5 58.5
3.5 59.5
4.5 9.5
4.5 21.5
4.5 22.5
4.5 34.5
4.5 35.5
4.5 49.5
4.5 58.5
5.5 9.5
5.5 21.5
5.5 34.5
5.5 49.5
5.5 58.5
6.5 8.5
6.5 9.5
6.5 21.5
6.5 33.5
6.5 34.5
6.5 49.5
6.5 50.5
6.5 57.5
6.5 58.5
7.5 8.5
7.5 9.5
7.5 20.5
7.5 21.5
7.5 33.5
7.5 34.5
7.5 50.5
7.5 57.5
8.5 8.5
8.5 20.5
8.5 21.5
8.5 33.5
8.5 50.5
8.5 56.5
8.5 57.5
8.5 63.5
9.5 8.5
9.5 20.5
9.5 27.5
9.5 32.5
9.5 33.5
9.5 39.5
9.5 44.5
9.5 50.5
9.5 56.5
9.5 63.5
10.5 7.5
10.5 8.5
10.5 14.5
10.5 20.5
10.5 27.5
10.5 32.5
10.5 39.5
10.5 44.5
10.5 51.5
10.5 56.5
10.5 63.5
11.5 7.5
11.5 14.5
11.5 20.5
11.5 26.5
11.5 27.5
11.5 38.5
11.5 39.5
11.5 45.5
11.5 51.5
11.5 62.5
11.5 63.5
12.5 7.5
12.5 13.5
12.5 14.5
12.5 26.5
12.5 38.5
12.5 45.5
12.5 62.5
13.5 13.5
13.5 14.5
13.5 25.5
13.5 26.5
13.5 38.5
13.5 45.5
13.5 46.5
13.5 61.5
13.5 62.5
14.5 13.5
14.5 25.5
14.5 26.5
14.5 37.5
14.5 38.5
14.5 46.5
14.5 61.5
14.5 62.5
15.5 12.5
15.5 13.5
15.5 25.5
15.5 37.5
15.5 46.5
15.5 61.5
16.5 12.5
16.5 13.5
16.5 24.5
16.5 25.5
16.5 37.5
16.5 46.5
16.5 47.5
16.5 61.5
17.5 12.5
17.5 24.5
17.5 36.5
17.5 47.5
17.5 60.5
17.5 61.5
18.5 12.5
18.5 60.5
22.5 35.5
23.5 25.5
23.5 34.5
23.5 35.5
23.5 48.5
23.5 59.5
24.5 12.5
24.5 25.5
24.5 34.5
24.5 48.5
24.5 59.5
25.5 12.5
25.5 13.5
25.5 25.5
25.5 33.5
25.5 34.5
25.5 48.5
25.5 49.5
25.5 58.5
25.5 59.5
26.5 12.5
26.5 13.5
26.5 25.5
26.5 26.5
26.5 33.5
26.5 49.5
26.5 58.5
27.5 13.5
27.5 25.5
27.5 26.5
27.5 33.5
27.5 49.5
27.5 50.5
27.5 57.5
27.5 58.5
28.5 13.5
28.5 14.5
28.5 25.5
28.5 26.5
28.5 32.5
28.5 50.5
28.5 57.5
29.5 13.5
29.5 14.5
29.5 26.5
29.5 32.5
29.5 39.5
29.5 44.5
29.5 50.5
29.5 56.5
29.5 57.5
30.5 7.5
30.5 14.5
30.5 20.5
30.5 26.5
30.5 31.5
30.5 38.5
30.5 39.5
30.5 44.5
30.5 51.5
30.5 56.5
31.5 7.5
31.5 14.5
31.5 20.5
31.5 26.5
31.5 31.5
31.5 38.5
31.5 44.5
31.5 45.5
31.5 51.5
31.5 56.5
31.5 63.5
32.5 8.5
32.5 15.5
32.5 20.5
32.5 37.5
32.5 38.5
32.5 45.5
32.5 62.5
32.5 63.5
33.5 8.5
33.5 20.5
33.5 21.5
33.5 37.5
33.5 38.5
33.5 45.5
33.5 62.5
33.5 63.5
34.5 8.5
34.5 9.5
34.5 21.5
34.5 37.5
34.5 45.5
34.5 46.5
34.5 61.5
34.5 62.5
35.5 9.5
35.5 21.5
35.5 36.5
35.5 37.5
35.5 46.5
35.5 61.5
35.5 62.5
36.5 9.5
36.5 10.5
36.5 21.5
36.5 36.5
36.5 37.5
36.5 46.5
36.5 61.5
37.5 10.5
37.5 22.5
37.5 36.5
37.5 46.5
37.5 47.5
37.5 60.5
37.5 61.5
38.5 10.5
38.5 22.5
38.5 35.5
38.5 36.5
38.5 47.5
38.5 60.5
39.5 22.5
39.5 35.5
39.5 47.5
43.5 11.5
43.5 22.5
43.5 48.5
43.5 59.5
44.5 11.5
44.5 22.5
44.5 34.5
44.5 48.5
44.5 59.5
45.5 11.5
45.5 12.5
45.5 21.5
45.5 34.5
45.5 48.5
45.5 49.5
45.5 58.5
46.5 12.5
46.5 21.5
46.5 34.5
46.5 49.5
46.5 57.5
46.5 58.5
47.5 12.5
47.5 13.5
47.5 20.5
47.5 21.5
47.5 33.5
47.5 34.5
47.5 49.5
47.5 57.5
47.5 58.5
48.5 13.5
48.5 20.5
48.5 33.5
48.5 34.5
48.5 49.5
48.5 57.5
49.5 7.5
49.5 13.5
49.5 19.5
49.5 20.5
49.5 33.5
49.5 49.5
49.5 50.5
49.5 56.5
49.5 57.5
50.5 7.5
50.5 13.5
50.5 14.5
50.5 19.5
50.5 26.5
50.5 32.5
50.5 33.5
50.5 49.5
50.5 50.5
50.5 56.5
50.5 64.5
51.5 8.5
51.5 14.5
51.5 19.5
51.5 25.5
51.5 32.5
51.5 33.5
51.5 40.5
51.5 44.5
51.5 50.5
51.5 56.5
51.5 64.5
52.5 8.5
52.5 25.5
52.5 32.5
52.5 39.5
52.5 44.5
52.5 50.5
52.5 55.5
52.5 63.5
52.5 64.5
53.5 8.5
53.5 24.5
53.5 25.5
53.5 32.5
53.5 39.5
53.5 45.5
53.5 62.5
53.5 63.5
54.5 8.5
54.5 9.5
54.5 24.5
54.5 25.5
54.5 38.5
54.5 39.5
54.5 45.5
54.5 62.5
54.5 63.5
55.5 9.5
55.5 24.5
55.5 25.5
55.5 38.5
55.5 45.5
55.5 62.5
55.5 63.5
56.5 9.5
56.5 24.5
56.5 37.5
56.5 38.5
56.5 46.5
56.5 61.5
56.5 62.5
57.5 10.5
57.5 24.5
57.5 37.5
57.5 46.5
57.5 61.5
57.5 62.5
58.5 10.5
58.5 23.5
58.5 24.5
58.5 36.5
58.5 37.5
58.5 46.5
58.5 61.5
59.5 23.5
59.5 36.5
59.5 60.5
59.5 61.5
60.5 60.5
