2.5 10.5
2.5 22.5
2.5 51.5
2.5 61.5
3.5 9.5
3.5 23.5
3.5 30.5
3.5 52.5
3.5 60.5
4.5 7.5
4.5 8.5
4.5 25.5
4.5 29.5
4.5 39.5
4.5 53.5
4.5 59.5
5.5 17.5
5.5 38.5
5.5 54.5
5.5 58.5
6.5 13.5
6.5 18.5
6.5 19.5
6.5 64.5
7.5 12.5
7.5 20.5
7.5 32.5
7.5 43.5
7.5 49.5
7.5 63.5
8.5 11.5
8.5 42.5
8.5 50.5
8.5 51.5
8.5 62.5
9.5 41.5
12.5 21.5
12.5 32.5
13.5 22.5
13.5 40.5
13.5 52.5
14.5 9.5
14.5 22.5
14.5 33.5
14.5 39.5
14.5 53.5
14.5 63.5
15.5 8.5
15.5 23.5
15.5 28.5
15.5 37.5
15.5 54.5
15.5 64.5
16.5 17.5
16.5 28.5
17.5 18.5
17.5 29.5
17.5 43.5
17.5 49.5
17.5 59.5
18.5 12.5
18.5 19.5
18.5 29.5
18.5 41.5
18.5 42.5
19.5 11.5
22.5 11.5
22.5 30.5
23.5 12.5
23.5 29.5
23.5 39.5
23.5 61.5
24.5 18.5
24.5 28.5
24.5 38.5
24.5 53.5
24.5 62.5
25.5 13.5
25.5 33.5
25.5 37.5
25.5 57.5
25.5 63.5
26.5 8.5
26.5 23.5
26.5 48.5
27.5 9.5
27.5 22.5
27.5 32.5
27.5 43.5
27.5 49.5
28.5 10.5
28.5 42.5
28.5 50.5
28.5 59.5
32.5 11.5
32.5 21.5
32.5 30.5
33.5 22.5
33.5 40.5
33.5 59.5
34.5 24.5
34.5 39.5
34.5 54.5
34.5 58.5
35.5 13.5
35.5 38.5
36.5 8.5
36.5 17.5
36.5 18.5
36.5 33.5
37.5 9.5
37.5 19.5
37.5 32.5
37.5 43.5
37.5 50.5
37.5 62.5
38.5 9.5
38.5 31.5
38.5 42.5
38.5 51.5
39.5 41.5
42.5 10.5
42.5 20.5
43.5 30.5
43.5 52.5
43.5 60.5
44.5 9.5
44.5 19.5
44.5 29.5
44.5 40.5
44.5 53.5
44.5 59.5
45.5 18.5
45.5 38.5
45.5 54.5
46.5 13.5
46.5 24.5
46.5 65.5
47.5 13.5
47.5 23.5
47.5 33.5
47.5 49.5
47.5 64.5
48.5 12.5
48.5 32.5
48.5 50.5
48.5 62.5
49.5 12.5
49.5 22.5
49.5 51.5
53.5 12.5
53.5 21.5
53.5 31.5
53.5 62.5
54.5 13.5
54.5 32.5
54.5 42.5
54.5 52.5
54.5 63.5
55.5 22.5
55.5 33.5
55.5 43.5
55.5 53.5
56.5 7.5
56.5 8.5
56.5 17.5
56.5 23.5
56.5 58.5
57.5 18.5
57.5 27.5
57.5 38.5
57.5 48.5
58.5 19.5
58.5 29.5
58.5 39.5
58.5 49.5
58.5 59.5
