2.5 10.5
3.5 9.5
3.5 10.5
3.5 22.5
3.5 30.5
3.5 40.5
3.5 51.5
3.5 62.5
4.5 8.5
4.5 9.5
4.5 23.5
4.5 29.5
4.5 30.5
4.5 39.5
4.5 40.5
4.5 50.5
4.5 63.5
4.5 64.5
5.5 8.5
5.5 23.5
5.5 29.5
5.5 39.5
5.5 49.5
5.5 64.5
6.5 7.5
6.5 14.5
6.5 17.5
6.5 24.5
6.5 28.5
6.5 38.5
6.5 49.5
6.5 58.5
6.5 65.5
7.5 13.5
7.5 18.5
7.5 33.5
7.5 34.5
7.5 44.5
7.5 48.5
7.5 54.5
7.5 59.5
8.5 12.5
8.5 18.5
8.5 19.5
8.5 32.5
8.5 33.5
8.5 43.5
8.5 53.5
8.5 59.5
9.5 12.5
9.5 19.5
9.5 20.5
9.5 32.5
9.5 42.5
9.5 53.5
9.5 60.5
10.5 11.5
10.5 20.5
10.5 41.5
10.5 60.5
10.5 61.5
11.5 10.5
11.5 52.5
11.5 61.5
13.5 31.5
14.5 10.5
14.5 20.5
14.5 32.5
15.5 21.5
15.5 32.5
15.5 42.5
15.5 51.5
15.5 62.5
16.5 11.5
16.5 21.5
16.5 22.5
16.5 33.5
16.5 43.5
16.5 50.5
16.5 62.5
16.5 63.5
17.5 12.5
17.5 22.5
17.5 33.5
17.5 43.5
17.5 49.5
17.5 63.5
18.5 12.5
18.5 16.5
18.5 23.5
18.5 34.5
18.5 38.5
18.5 44.5
18.5 49.5
18.5 64.5
19.5 17.5
19.5 28.5
19.5 48.5
19.5 55.5
20.5 8.5
20.5 18.5
20.5 29.5
20.5 39.5
20.5 54.5
20.5 59.5
21.5 9.5
21.5 18.5
21.5 29.5
21.5 30.5
21.5 39.5
21.5 53.5
21.5 60.5
22.5 9.5
22.5 19.5
22.5 30.5
22.5 40.5
22.5 52.5
23.5 10.5
23.5 51.5
23.5 61.5
26.5 10.5
26.5 20.5
26.5 62.5
27.5 9.5
27.5 19.5
27.5 31.5
27.5 41.5
27.5 51.5
27.5 62.5
28.5 8.5
28.5 19.5
28.5 32.5
28.5 42.5
28.5 52.5
28.5 63.5
29.5 8.5
29.5 18.5
29.5 32.5
29.5 33.5
29.5 42.5
29.5 53.5
29.5 63.5
30.5 7.5
30.5 13.5
30.5 18.5
30.5 33.5
30.5 42.5
30.5 54.5
30.5 64.5
31.5 12.5
31.5 13.5
31.5 17.5
31.5 23.5
31.5 27.5
31.5 34.5
31.5 38.5
31.5 43.5
31.5 47.5
31.5 59.5
31.5 64.5
32.5 12.5
32.5 22.5
32.5 28.5
32.5 38.5
32.5 48.5
32.5 59.5
33.5 11.5
33.5 22.5
33.5 28.5
33.5 29.5
33.5 39.5
33.5 48.5
33.5 49.5
33.5 60.5
34.5 11.5
34.5 21.5
34.5 29.5
34.5 39.5
34.5 49.5
34.5 60.5
34.5 61.5
35.5 30.5
35.5 40.5
35.5 50.5
35.5 61.5
38.5 10.5
39.5 11.5
39.5 30.5
39.5 50.5
39.5 61.5
40.5 12.5
40.5 19.5
40.5 31.5
40.5 39.5
40.5 49.5
40.5 62.5
41.5 13.5
41.5 18.5
41.5 32.5
41.5 33.5
41.5 38.5
41.5 48.5
41.5 49.5
41.5 63.5
42.5 7.5
42.5 17.5
42.5 33.5
42.5 47.5
42.5 48.5
42.5 63.5
42.5 64.5
43.5 7.5
43.5 8.5
43.5 23.5
43.5 27.5
43.5 42.5
43.5 47.5
43.5 64.5
44.5 8.5
44.5 22.5
44.5 28.5
44.5 42.5
44.5 53.5
44.5 58.5
45.5 9.5
45.5 21.5
45.5 29.5
45.5 41.5
45.5 42.5
45.5 52.5
45.5 53.5
45.5 59.5
46.5 20.5
46.5 30.5
46.5 41.5
46.5 52.5
46.5 59.5
47.5 51.5
47.5 60.5
48.5 51.5
48.5 60.5
50.5 10.5
50.5 20.5
50.5 31.5
50.5 40.5
51.5 11.5
51.5 19.5
51.5 31.5
51.5 39.5
52.5 11.5
52.5 18.5
52.5 19.5
52.5 32.5
52.5 39.5
52.5 50.5
52.5 61.5
53.5 12.5
53.5 18.5
53.5 32.5
53.5 38.5
53.5 49.5
53.5 61.5
53.5 62.5
54.5 12.5
54.5 17.5
54.5 27.5
54.5 33.5
54.5 38.5
54.5 48.5
54.5 62.5
55.5 7.5
55.5 23.5
55.5 33.5
55.5 37.5
55.5 43.5
55.5 47.5
55.5 63.5
56.5 8.5
56.5 22.5
56.5 28.5
56.5 42.5
56.5 54.5
56.5 57.5
56.5 64.5
57.5 8.5
57.5 21.5
57.5 22.5
57.5 28.5
57.5 41.5
57.5 42.5
57.5 52.5
57.5 53.5
57.5 58.5
58.5 9.5
58.5 21.5
58.5 29.5
58.5 41.5
58.5 51.5
58.5 52.5
58.5 59.5
59.5 20.5
59.5 29.5
59.5 40.5
59.5 50.5
59.5 60.5
