1.5 10.5
1.5 20.5
1.5 30.5
1.5 40.5
1.5 50.5
1.5 60.5
2.5 10.5
2.5 21.5
2.5 29.5
2.5 40.5
2.5 50.5
2.5 60.5
3.5 9.5
3.5 21.5
3.5 29.5
3.5 41.5
3.5 50.5
3.5 60.5
4.5 9.5
4.5 21.5
4.5 29.5
4.5 41.5
4.5 49.5
4.5 59.5
4.5 60.5
5.5 8.5
5.5 9.5
5.5 21.5
5.5 22.5
5.5 28.5
5.5 29.5
5.5 41.5
5.5 42.5
5.5 49.5
5.5 59.5
6.5 8.5
6.5 22.5
6.5 28.5
6.5 42.5
6.5 49.5
6.5 59.5
7.5 8.5
7.5 17.5
7.5 22.5
7.5 28.5
7.5 33.5
7.5 42.5
7.5 49.5
7.5 58.5
7.5 59.5
7.5 68.5
8.5 7.5
8.5 8.5
8.5 13.5
8.5 17.5
8.5 22.5
8.5 23.5
8.5 28.5
8.5 33.5
8.5 37.5
8.5 42.5
8.5 43.5
8.5 48.5
8.5 53.5
8.5 58.5
9.5 7.5
9.5 13.5
9.5 18.5
9.5 23.5
9.5 27.5
9.5 33.5
9.5 37.5
9.5 43.5
9.5 48.5
9.5 53.5
9.5 58.5
9.5 64.5
10.5 7.5
10.5 13.5
10.5 18.5
10.5 23.5
10.5 27.5
10.5 32.5
10.5 33.5
10.5 37.5
10.5 38.5
10.5 43.5
10.5 48.5
10.5 53.5
10.5 58.5
10.5 64.5
11.5 7.5
11.5 12.5
11.5 13.5
11.5 18.5
11.5 27.5
11.5 32.5
11.5 33.5
11.5 38.5
11.5 43.5
11.5 44.5
11.5 48.5
11.5 53.5
11.5 57.5
11.5 58.5
11.5 63.5
11.5 64.5
12.5 6.5
12.5 12.5
12.5 18.5
12.5 32.5
12.5 38.5
12.5 44.5
12.5 52.5
12.5 57.5
12.5 63.5
12.5 64.5
13.5 6.5
13.5 12.5
13.5 18.5
13.5 19.5
13.5 32.5
13.5 38.5
13.5 39.5
13.5 44.5
13.5 52.5
13.5 57.5
13.5 63.5
14.5 11.5
14.5 12.5
14.5 19.5
14.5 32.5
14.5 39.5
14.5 52.5
14.5 62.5
14.5 63.5
15.5 11.5
15.5 19.5
15.5 31.5
15.5 32.5
15.5 39.5
15.5 52.5
15.5 62.5
15.5 63.5
16.5 11.5
16.5 19.5
16.5 31.5
16.5 32.5
16.5 40.5
16.5 51.5
16.5 62.5
17.5 10.5
17.5 11.5
17.5 19.5
17.5 31.5
17.5 40.5
17.5 51.5
17.5 62.5
17.5 68.5
18.5 10.5
18.5 20.5
18.5 31.5
18.5 40.5
18.5 51.5
18.5 61.5
18.5 62.5
19.5 10.5
19.5 20.5
19.5 31.5
19.5 41.5
19.5 51.5
19.5 61.5
20.5 20.5
20.5 31.5
20.5 41.5
20.5 61.5
21.5 20.5
21.5 30.5
21.5 41.5
22.5 21.5
22.5 30.5
22.5 41.5
22.5 51.5
22.5 61.5
23.5 9.5
23.5 21.5
23.5 29.5
23.5 30.5
23.5 41.5
23.5 51.5
23.5 61.5
24.5 9.5
24.5 21.5
24.5 29.5
24.5 42.5
24.5 51.5
24.5 60.5
24.5 61.5
25.5 9.5
25.5 21.5
25.5 29.5
25.5 42.5
25.5 52.5
25.5 60.5
26.5 9.5
26.5 21.5
26.5 28.5
26.5 29.5
26.5 42.5
26.5 52.5
26.5 59.5
26.5 60.5
27.5 8.5
27.5 9.5
27.5 21.5
27.5 28.5
27.5 42.5
27.5 43.5
27.5 52.5
27.5 59.5
27.5 60.5
27.5 68.5
28.5 8.5
28.5 9.5
28.5 21.5
28.5 22.5
28.5 27.5
28.5 28.5
28.5 34.5
28.5 37.5
28.5 43.5
28.5 52.5
28.5 59.5
28.5 65.5
29.5 8.5
29.5 17.5
29.5 22.5
29.5 27.5
29.5 34.5
29.5 43.5
29.5 48.5
29.5 53.5
29.5 58.5
29.5 59.5
29.5 65.5
30.5 8.5
30.5 13.5
30.5 17.5
30.5 22.5
30.5 27.5
30.5 33.5
30.5 38.5
30.5 43.5
30.5 48.5
30.5 53.5
30.5 58.5
30.5 64.5
31.5 8.5
31.5 13.5
31.5 17.5
31.5 22.5
31.5 26.5
31.5 33.5
31.5 38.5
31.5 44.5
31.5 48.5
31.5 53.5
31.5 58.5
31.5 64.5
32.5 8.5
32.5 13.5
32.5 17.5
32.5 22.5
32.5 26.5
32.5 32.5
32.5 33.5
32.5 38.5
32.5 44.5
32.5 49.5
32.5 57.5
32.5 63.5
32.5 64.5
33.5 7.5
33.5 12.5
33.5 18.5
33.5 32.5
33.5 38.5
33.5 39.5
33.5 44.5
33.5 49.5
33.5 54.5
33.5 57.5
33.5 63.5
34.5 7.5
34.5 12.5
34.5 18.5
34.5 31.5
34.5 32.5
34.5 39.5
34.5 49.5
34.5 54.5
34.5 63.5
35.5 7.5
35.5 12.5
35.5 18.5
35.5 31.5
35.5 39.5
35.5 49.5
35.5 62.5
35.5 63.5
36.5 12.5
36.5 18.5
36.5 30.5
36.5 31.5
36.5 39.5
36.5 40.5
36.5 50.5
36.5 62.5
37.5 11.5
37.5 30.5
37.5 40.5
37.5 50.5
37.5 61.5
37.5 62.5
38.5 11.5
38.5 19.5
38.5 30.5
38.5 40.5
38.5 50.5
38.5 61.5
39.5 11.5
39.5 19.5
39.5 29.5
39.5 40.5
39.5 50.5
39.5 61.5
40.5 19.5
40.5 29.5
40.5 41.5
41.5 29.5
41.5 41.5
41.5 60.5
42.5 20.5
42.5 29.5
42.5 51.5
42.5 60.5
43.5 20.5
43.5 29.5
43.5 40.5
43.5 51.5
43.5 60.5
44.5 11.5
44.5 20.5
44.5 29.5
44.5 40.5
44.5 52.5
44.5 60.5
45.5 11.5
45.5 21.5
45.5 28.5
45.5 29.5
45.5 40.5
45.5 52.5
45.5 60.5
46.5 11.5
46.5 21.5
46.5 28.5
46.5 29.5
46.5 39.5
46.5 40.5
46.5 52.5
46.5 59.5
46.5 60.5
47.5 11.5
47.5 12.5
47.5 21.5
47.5 22.5
47.5 28.5
47.5 29.5
47.5 39.5
47.5 53.5
47.5 59.5
47.5 60.5
48.5 12.5
48.5 16.5
48.5 22.5
48.5 28.5
48.5 34.5
48.5 39.5
48.5 53.5
48.5 59.5
49.5 7.5
49.5 12.5
49.5 22.5
49.5 28.5
49.5 38.5
49.5 39.5
49.5 44.5
49.5 48.5
49.5 53.5
49.5 59.5
49.5 64.5
50.5 12.5
50.5 17.5
50.5 22.5
50.5 23.5
50.5 28.5
50.5 33.5
50.5 38.5
50.5 44.5
50.5 48.5
50.5 54.5
50.5 59.5
50.5 64.5
51.5 8.5
51.5 12.5
51.5 17.5
51.5 23.5
51.5 28.5
51.5 33.5
51.5 38.5
51.5 44.5
51.5 48.5
51.5 49.5
51.5 54.5
51.5 59.5
51.5 64.5
52.5 8.5
52.5 13.5
52.5 17.5
52.5 18.5
52.5 23.5
52.5 28.5
52.5 33.5
52.5 38.5
52.5 43.5
52.5 49.5
52.5 58.5
52.5 63.5
53.5 8.5
53.5 13.5
53.5 18.5
53.5 28.5
53.5 33.5
53.5 37.5
53.5 43.5
53.5 49.5
53.5 55.5
53.5 58.5
53.5 63.5
54.5 8.5
54.5 9.5
54.5 13.5
54.5 18.5
54.5 19.5
54.5 24.5
54.5 32.5
54.5 33.5
54.5 37.5
54.5 43.5
54.5 49.5
54.5 50.5
54.5 58.5
54.5 63.5
55.5 9.5
55.5 18.5
55.5 19.5
55.5 32.5
55.5 42.5
55.5 43.5
55.5 49.5
55.5 50.5
55.5 63.5
56.5 9.5
56.5 19.5
56.5 32.5
56.5 42.5
56.5 50.5
56.5 62.5
57.5 9.5
57.5 19.5
57.5 20.5
57.5 32.5
57.5 42.5
57.5 50.5
57.5 62.5
58.5 10.5
58.5 20.5
58.5 32.5
58.5 42.5
58.5 50.5
58.5 62.5
59.5 10.5
59.5 20.5
59.5 31.5
59.5 41.5
59.5 50.5
59.5 51.5
59.5 62.5
60.5 10.5
60.5 20.5
60.5 31.5
60.5 41.5
60.5 51.5
61.5 21.5
61.5 31.5
61.5 41.5
61.5 51.5
