2.5 12.5
2.5 34.5
3.5 14.5
3.5 15.5
3.5 16.5
3.5 36.5
3.5 37.5
3.5 56.5
4.5 16.5
4.5 17.5
4.5 18.5
4.5 19.5
4.5 39.5
4.5 40.5
4.5 58.5
4.5 59.5
5.5 20.5
5.5 21.5
5.5 25.5
5.5 41.5
5.5 42.5
5.5 60.5
5.5 61.5
5.5 62.5
6.5 6.5
6.5 23.5
6.5 26.5
6.5 27.5
6.5 28.5
6.5 44.5
6.5 45.5
6.5 63.5
6.5 64.5
7.5 8.5
7.5 29.5
7.5 30.5
7.5 47.5
7.5 48.5
7.5 66.5
8.5 10.5
8.5 11.5
8.5 31.5
8.5 32.5
8.5 33.5
8.5 50.5
8.5 51.5
8.5 52.5
9.5 12.5
9.5 13.5
9.5 34.5
9.5 35.5
9.5 53.5
9.5 54.5
9.5 55.5
10.5 14.5
10.5 15.5
10.5 37.5
10.5 56.5
10.5 57.5
11.5 17.5
14.5 16.5
14.5 59.5
15.5 14.5
15.5 15.5
15.5 35.5
15.5 36.5
15.5 55.5
15.5 56.5
16.5 12.5
16.5 13.5
16.5 31.5
16.5 32.5
16.5 33.5
16.5 52.5
16.5 53.5
17.5 10.5
17.5 11.5
17.5 28.5
17.5 29.5
17.5 30.5
17.5 49.5
17.5 50.5
18.5 9.5
18.5 24.5
18.5 26.5
18.5 43.5
18.5 65.5
19.5 7.5
19.5 21.5
19.5 22.5
19.5 40.5
19.5 41.5
19.5 60.5
19.5 61.5
19.5 62.5
20.5 18.5
20.5 19.5
20.5 38.5
20.5 39.5
20.5 57.5
20.5 58.5
21.5 16.5
21.5 17.5
21.5 36.5
21.5 54.5
22.5 14.5
22.5 33.5
25.5 37.5
25.5 54.5
25.5 55.5
26.5 13.5
26.5 14.5
26.5 35.5
26.5 56.5
26.5 57.5
27.5 16.5
27.5 17.5
27.5 32.5
27.5 33.5
27.5 58.5
27.5 59.5
28.5 18.5
28.5 19.5
28.5 20.5
28.5 30.5
28.5 31.5
28.5 60.5
28.5 61.5
28.5 62.5
29.5 21.5
29.5 22.5
29.5 28.5
29.5 29.5
29.5 63.5
29.5 64.5
30.5 6.5
30.5 7.5
30.5 25.5
30.5 26.5
30.5 45.5
30.5 47.5
30.5 48.5
31.5 9.5
31.5 10.5
31.5 41.5
31.5 42.5
31.5 43.5
31.5 44.5
31.5 49.5
31.5 50.5
32.5 11.5
32.5 12.5
32.5 13.5
32.5 38.5
32.5 39.5
32.5 40.5
32.5 41.5
32.5 51.5
32.5 52.5
33.5 14.5
33.5 15.5
33.5 16.5
33.5 36.5
33.5 37.5
33.5 38.5
33.5 53.5
33.5 54.5
34.5 18.5
34.5 33.5
34.5 34.5
34.5 35.5
34.5 55.5
34.5 56.5
35.5 57.5
35.5 58.5
38.5 14.5
39.5 16.5
39.5 17.5
40.5 18.5
40.5 19.5
40.5 37.5
40.5 38.5
40.5 39.5
40.5 55.5
40.5 56.5
40.5 57.5
41.5 20.5
41.5 21.5
41.5 32.5
41.5 33.5
41.5 34.5
41.5 35.5
41.5 36.5
41.5 59.5
41.5 60.5
41.5 61.5
42.5 22.5
42.5 23.5
42.5 28.5
42.5 29.5
42.5 30.5
42.5 31.5
42.5 32.5
42.5 63.5
42.5 64.5
42.5 65.5
43.5 6.5
43.5 7.5
43.5 24.5
44.5 8.5
44.5 9.5
45.5 10.5
45.5 11.5
45.5 12.5
45.5 44.5
45.5 45.5
45.5 49.5
45.5 50.5
45.5 51.5
46.5 13.5
46.5 14.5
46.5 15.5
46.5 41.5
46.5 42.5
46.5 53.5
46.5 54.5
46.5 55.5
47.5 16.5
47.5 17.5
47.5 37.5
47.5 38.5
47.5 39.5
47.5 57.5
47.5 58.5
47.5 59.5
48.5 19.5
48.5 35.5
48.5 36.5
52.5 17.5
52.5 18.5
52.5 38.5
52.5 39.5
52.5 55.5
52.5 56.5
53.5 13.5
53.5 14.5
53.5 15.5
53.5 34.5
53.5 35.5
53.5 36.5
53.5 57.5
53.5 58.5
53.5 59.5
53.5 60.5
54.5 10.5
54.5 11.5
54.5 12.5
54.5 30.5
54.5 31.5
54.5 32.5
54.5 60.5
54.5 61.5
54.5 62.5
54.5 63.5
55.5 7.5
55.5 8.5
55.5 9.5
55.5 24.5
55.5 25.5
55.5 64.5
55.5 65.5
56.5 5.5
56.5 22.5
56.5 44.5
56.5 45.5
56.5 46.5
56.5 49.5
57.5 19.5
57.5 20.5
57.5 39.5
57.5 40.5
57.5 41.5
57.5 42.5
57.5 51.5
57.5 52.5
58.5 17.5
58.5 35.5
58.5 36.5
58.5 37.5
58.5 53.5
58.5 54.5
59.5 14.5
59.5 15.5
59.5 56.5
59.5 57.5
60.5 59.5
