2.5 12.5
2.5 13.5
2.5 25.5
2.5 26.5
2.5 34.5
3.5 12.5
3.5 13.5
3.5 14.5
3.5 25.5
3.5 26.5
3.5 33.5
3.5 34.5
3.5 35.5
3.5 48.5
3.5 49.5
3.5 50.5
3.5 59.5
3.5 60.5
4.5 12.5
4.5 13.5
4.5 14.5
4.5 15.5
4.5 25.5
4.5 26.5
4.5 27.5
4.5 33.5
4.5 34.5
4.5 48.5
4.5 49.5
4.5 50.5
4.5 51.5
4.5 58.5
4.5 59.5
4.5 60.5
5.5 13.5
5.5 14.5
5.5 15.5
5.5 26.5
5.5 27.5
5.5 32.5
5.5 33.5
5.5 34.5
5.5 49.5
5.5 50.5
5.5 51.5
5.5 58.5
5.5 59.5
5.5 60.5
6.5 13.5
6.5 14.5
6.5 15.5
6.5 16.5
6.5 26.5
6.5 27.5
6.5 32.5
6.5 33.5
6.5 49.5
6.5 50.5
6.5 51.5
6.5 52.5
6.5 57.5
6.5 58.5
6.5 59.5
7.5 8.5
7.5 15.5
7.5 21.5
7.5 27.5
7.5 32.5
7.5 50.5
7.5 51.5
7.5 52.5
7.5 57.5
7.5 58.5
8.5 8.5
8.5 9.5
8.5 21.5
8.5 22.5
8.5 37.5
8.5 38.5
8.5 44.5
8.5 57.5
8.5 64.5
9.5 8.5
9.5 9.5
9.5 10.5
9.5 21.5
9.5 22.5
9.5 37.5
9.5 38.5
9.5 43.5
9.5 44.5
9.5 45.5
9.5 62.5
9.5 63.5
9.5 64.5
10.5 8.5
10.5 9.5
10.5 10.5
10.5 21.5
10.5 22.5
10.5 23.5
10.5 36.5
10.5 37.5
10.5 38.5
10.5 44.5
10.5 45.5
10.5 46.5
10.5 62.5
10.5 63.5
10.5 64.5
11.5 9.5
11.5 10.5
11.5 21.5
11.5 22.5
11.5 23.5
11.5 36.5
11.5 37.5
11.5 38.5
11.5 44.5
11.5 45.5
11.5 46.5
11.5 47.5
11.5 61.5
11.5 62.5
11.5 63.5
12.5 10.5
12.5 22.5
12.5 23.5
12.5 35.5
12.5 36.5
12.5 37.5
12.5 45.5
12.5 46.5
12.5 47.5
12.5 61.5
12.5 62.5
13.5 35.5
13.5 36.5
13.5 46.5
13.5 47.5
17.5 61.5
18.5 10.5
18.5 11.5
18.5 23.5
18.5 24.5
18.5 61.5
18.5 62.5
18.5 63.5
19.5 9.5
19.5 10.5
19.5 11.5
19.5 23.5
19.5 24.5
19.5 25.5
19.5 33.5
19.5 34.5
19.5 47.5
19.5 48.5
19.5 49.5
19.5 61.5
19.5 62.5
19.5 63.5
19.5 64.5
20.5 9.5
20.5 10.5
20.5 24.5
20.5 25.5
20.5 26.5
20.5 32.5
20.5 33.5
20.5 34.5
20.5 47.5
20.5 48.5
20.5 49.5
20.5 50.5
20.5 62.5
20.5 63.5
20.5 64.5
21.5 8.5
21.5 9.5
21.5 10.5
21.5 25.5
21.5 26.5
21.5 32.5
21.5 33.5
21.5 34.5
21.5 48.5
21.5 49.5
21.5 50.5
21.5 62.5
21.5 63.5
21.5 64.5
22.5 8.5
22.5 9.5
22.5 26.5
22.5 27.5
22.5 32.5
22.5 33.5
22.5 48.5
22.5 49.5
22.5 50.5
22.5 63.5
22.5 64.5
23.5 14.5
23.5 19.5
23.5 20.5
23.5 32.5
23.5 49.5
23.5 50.5
23.5 56.5
24.5 13.5
24.5 14.5
24.5 19.5
24.5 20.5
24.5 21.5
24.5 37.5
24.5 38.5
24.5 39.5
24.5 44.5
24.5 45.5
24.5 56.5
24.5 57.5
24.5 58.5
25.5 13.5
25.5 14.5
25.5 19.5
25.5 20.5
25.5 21.5
25.5 22.5
25.5 37.5
25.5 38.5
25.5 39.5
25.5 44.5
25.5 45.5
25.5 56.5
25.5 57.5
25.5 58.5
25.5 59.5
26.5 12.5
26.5 13.5
26.5 14.5
26.5 20.5
26.5 21.5
26.5 22.5
26.5 36.5
26.5 37.5
26.5 38.5
26.5 39.5
26.5 45.5
26.5 46.5
26.5 57.5
26.5 58.5
26.5 59.5
27.5 12.5
27.5 13.5
27.5 20.5
27.5 21.5
27.5 22.5
27.5 36.5
27.5 37.5
27.5 38.5
27.5 46.5
27.5 57.5
27.5 58.5
27.5 59.5
27.5 60.5
28.5 12.5
28.5 13.5
28.5 21.5
28.5 22.5
33.5 22.5
33.5 23.5
33.5 36.5
33.5 37.5
33.5 38.5
33.5 46.5
33.5 47.5
33.5 58.5
33.5 59.5
34.5 10.5
34.5 21.5
34.5 22.5
34.5 23.5
34.5 36.5
34.5 37.5
34.5 38.5
34.5 39.5
34.5 45.5
34.5 46.5
34.5 57.5
34.5 58.5
34.5 59.5
35.5 9.5
35.5 10.5
35.5 20.5
35.5 21.5
35.5 22.5
35.5 37.5
35.5 38.5
35.5 39.5
35.5 45.5
35.5 46.5
35.5 56.5
35.5 57.5
35.5 58.5
35.5 59.5
36.5 8.5
36.5 9.5
36.5 10.5
36.5 20.5
36.5 21.5
36.5 22.5
36.5 38.5
36.5 39.5
36.5 40.5
36.5 44.5
36.5 45.5
36.5 55.5
36.5 56.5
36.5 57.5
36.5 58.5
37.5 8.5
37.5 9.5
37.5 19.5
37.5 20.5
37.5 21.5
37.5 39.5
37.5 40.5
37.5 44.5
37.5 45.5
37.5 50.5
37.5 55.5
37.5 56.5
38.5 8.5
38.5 26.5
38.5 27.5
38.5 32.5
38.5 33.5
38.5 49.5
38.5 50.5
38.5 63.5
38.5 64.5
39.5 13.5
39.5 14.5
39.5 15.5
39.5 25.5
39.5 26.5
39.5 27.5
39.5 32.5
39.5 33.5
39.5 34.5
39.5 48.5
39.5 49.5
39.5 50.5
39.5 62.5
39.5 63.5
39.5 64.5
40.5 12.5
40.5 13.5
40.5 14.5
40.5 25.5
40.5 26.5
40.5 27.5
40.5 33.5
40.5 34.5
40.5 35.5
40.5 48.5
40.5 49.5
40.5 50.5
40.5 61.5
40.5 62.5
40.5 63.5
40.5 64.5
41.5 11.5
41.5 12.5
41.5 13.5
41.5 14.5
41.5 25.5
41.5 26.5
41.5 27.5
41.5 33.5
41.5 34.5
41.5 35.5
41.5 48.5
41.5 49.5
41.5 61.5
41.5 62.5
41.5 63.5
42.5 11.5
42.5 12.5
42.5 13.5
42.5 25.5
42.5 26.5
42.5 34.5
42.5 35.5
42.5 48.5
42.5 61.5
42.5 62.5
43.5 25.5
43.5 26.5
43.5 34.5
43.5 35.5
47.5 48.5
47.5 49.5
48.5 10.5
48.5 11.5
48.5 37.5
48.5 48.5
48.5 49.5
48.5 50.5
48.5 58.5
48.5 59.5
48.5 60.5
49.5 9.5
49.5 10.5
49.5 11.5
49.5 24.5
49.5 25.5
49.5 36.5
49.5 37.5
49.5 38.5
49.5 48.5
49.5 49.5
49.5 50.5
49.5 57.5
49.5 58.5
49.5 59.5
49.5 60.5
50.5 8.5
50.5 9.5
50.5 10.5
50.5 11.5
50.5 24.5
50.5 25.5
50.5 26.5
50.5 36.5
50.5 37.5
50.5 38.5
50.5 49.5
50.5 50.5
50.5 51.5
50.5 56.5
50.5 57.5
50.5 58.5
50.5 59.5
51.5 8.5
51.5 9.5
51.5 10.5
51.5 25.5
51.5 26.5
51.5 37.5
51.5 38.5
51.5 39.5
51.5 50.5
51.5 51.5
51.5 56.5
51.5 57.5
51.5 58.5
52.5 8.5
52.5 9.5
52.5 25.5
52.5 26.5
52.5 27.5
52.5 37.5
52.5 38.5
52.5 39.5
52.5 44.5
52.5 56.5
52.5 57.5
53.5 8.5
53.5 15.5
53.5 20.5
53.5 26.5
53.5 27.5
53.5 38.5
53.5 39.5
53.5 44.5
53.5 45.5
53.5 63.5
53.5 64.5
54.5 14.5
54.5 15.5
54.5 20.5
54.5 21.5
54.5 32.5
54.5 44.5
54.5 45.5
54.5 46.5
54.5 62.5
54.5 63.5
54.5 64.5
55.5 13.5
55.5 14.5
55.5 20.5
55.5 21.5
55.5 22.5
55.5 32.5
55.5 33.5
55.5 44.5
55.5 45.5
55.5 46.5
55.5 61.5
55.5 62.5
55.5 63.5
56.5 12.5
56.5 13.5
56.5 14.5
56.5 20.5
56.5 21.5
56.5 22.5
56.5 32.5
56.5 33.5
56.5 34.5
56.5 45.5
56.5 46.5
56.5 47.5
56.5 60.5
56.5 61.5
56.5 62.5
56.5 63.5
57.5 12.5
57.5 13.5
57.5 14.5
57.5 20.5
57.5 21.5
57.5 22.5
57.5 33.5
57.5 34.5
57.5 35.5
57.5 46.5
57.5 47.5
57.5 60.5
57.5 61.5
57.5 62.5
58.5 12.5
58.5 13.5
58.5 21.5
58.5 22.5
58.5 33.5
58.5 34.5
58.5 35.5
59.5 12.5
