1.5 47.5
1.5 61.5
2.5 11.5
2.5 12.5
2.5 23.5
2.5 35.5
2.5 46.5
2.5 59.5
2.5 60.5
3.5 9.5
3.5 10.5
3.5 25.5
3.5 26.5
3.5 34.5
3.5 45.5
3.5 52.5
3.5 57.5
3.5 58.5
3.5 59.5
4.5 7.5
4.5 8.5
4.5 27.5
4.5 28.5
4.5 33.5
4.5 51.5
4.5 52.5
4.5 56.5
4.5 57.5
5.5 6.5
5.5 19.5
5.5 29.5
5.5 40.5
5.5 51.5
5.5 55.5
6.5 15.5
6.5 16.5
6.5 20.5
6.5 21.5
6.5 38.5
6.5 39.5
6.5 50.5
6.5 63.5
7.5 13.5
7.5 14.5
7.5 22.5
7.5 36.5
7.5 37.5
7.5 49.5
7.5 62.5
8.5 11.5
8.5 23.5
8.5 24.5
8.5 34.5
8.5 48.5
8.5 61.5
9.5 25.5
11.5 35.5
12.5 11.5
12.5 12.5
12.5 24.5
12.5 37.5
12.5 49.5
13.5 10.5
13.5 25.5
13.5 39.5
13.5 46.5
13.5 47.5
13.5 48.5
13.5 61.5
14.5 8.5
14.5 9.5
14.5 26.5
14.5 40.5
14.5 41.5
14.5 44.5
14.5 45.5
14.5 63.5
15.5 6.5
15.5 7.5
15.5 17.5
15.5 20.5
15.5 27.5
15.5 30.5
15.5 31.5
15.5 64.5
16.5 5.5
16.5 15.5
16.5 16.5
16.5 21.5
16.5 28.5
16.5 32.5
16.5 33.5
16.5 51.5
16.5 54.5
17.5 13.5
17.5 14.5
17.5 22.5
17.5 34.5
17.5 35.5
17.5 50.5
17.5 57.5
17.5 58.5
17.5 59.5
17.5 60.5
18.5 12.5
18.5 23.5
18.5 37.5
18.5 49.5
19.5 10.5
19.5 24.5
21.5 38.5
21.5 47.5
21.5 60.5
22.5 9.5
22.5 24.5
22.5 36.5
22.5 48.5
22.5 59.5
23.5 11.5
23.5 12.5
23.5 25.5
23.5 35.5
23.5 57.5
24.5 13.5
24.5 14.5
24.5 26.5
24.5 33.5
24.5 34.5
24.5 56.5
25.5 6.5
25.5 15.5
25.5 16.5
25.5 18.5
25.5 27.5
25.5 32.5
25.5 40.5
25.5 44.5
25.5 50.5
25.5 54.5
25.5 64.5
26.5 7.5
26.5 19.5
26.5 20.5
26.5 28.5
26.5 30.5
26.5 39.5
26.5 45.5
26.5 51.5
26.5 53.5
26.5 63.5
27.5 9.5
27.5 21.5
27.5 22.5
27.5 38.5
27.5 39.5
27.5 45.5
27.5 61.5
27.5 62.5
28.5 10.5
28.5 23.5
28.5 24.5
28.5 37.5
28.5 38.5
28.5 46.5
28.5 60.5
28.5 61.5
29.5 11.5
29.5 25.5
29.5 47.5
29.5 59.5
30.5 47.5
30.5 58.5
31.5 11.5
32.5 10.5
32.5 25.5
32.5 37.5
32.5 48.5
33.5 9.5
33.5 22.5
33.5 23.5
33.5 35.5
33.5 36.5
33.5 47.5
34.5 8.5
34.5 19.5
34.5 20.5
34.5 21.5
34.5 34.5
34.5 45.5
34.5 57.5
34.5 58.5
34.5 59.5
35.5 7.5
35.5 15.5
35.5 17.5
35.5 29.5
35.5 32.5
35.5 44.5
35.5 52.5
35.5 54.5
35.5 55.5
36.5 14.5
36.5 27.5
36.5 40.5
36.5 51.5
37.5 12.5
37.5 13.5
37.5 25.5
37.5 37.5
37.5 38.5
37.5 49.5
37.5 66.5
38.5 11.5
38.5 23.5
38.5 35.5
38.5 36.5
38.5 48.5
38.5 61.5
38.5 62.5
38.5 63.5
38.5 64.5
39.5 10.5
41.5 24.5
41.5 35.5
41.5 48.5
42.5 11.5
42.5 23.5
42.5 36.5
42.5 49.5
42.5 60.5
43.5 10.5
43.5 22.5
43.5 37.5
43.5 50.5
43.5 61.5
43.5 62.5
44.5 9.5
44.5 17.5
44.5 20.5
44.5 21.5
44.5 38.5
44.5 39.5
44.5 50.5
44.5 51.5
44.5 63.5
45.5 8.5
45.5 16.5
45.5 19.5
45.5 30.5
45.5 39.5
45.5 40.5
45.5 44.5
45.5 51.5
45.5 56.5
45.5 65.5
45.5 68.5
46.5 7.5
46.5 15.5
46.5 27.5
46.5 31.5
46.5 41.5
46.5 45.5
46.5 52.5
46.5 57.5
47.5 14.5
47.5 26.5
47.5 32.5
47.5 45.5
47.5 46.5
47.5 53.5
47.5 58.5
48.5 12.5
48.5 13.5
48.5 25.5
48.5 33.5
48.5 34.5
48.5 46.5
48.5 59.5
49.5 11.5
49.5 25.5
49.5 34.5
49.5 35.5
49.5 47.5
49.5 60.5
50.5 24.5
50.5 35.5
50.5 36.5
50.5 48.5
52.5 11.5
52.5 58.5
53.5 12.5
53.5 13.5
53.5 24.5
53.5 47.5
53.5 59.5
53.5 60.5
54.5 14.5
54.5 22.5
54.5 23.5
54.5 36.5
54.5 48.5
54.5 61.5
55.5 15.5
55.5 16.5
55.5 21.5
55.5 22.5
55.5 34.5
55.5 50.5
55.5 62.5
55.5 63.5
56.5 7.5
56.5 17.5
56.5 20.5
56.5 32.5
56.5 51.5
56.5 55.5
56.5 64.5
57.5 8.5
57.5 9.5
57.5 19.5
57.5 28.5
57.5 39.5
57.5 43.5
57.5 56.5
58.5 10.5
58.5 26.5
58.5 38.5
58.5 44.5
58.5 45.5
58.5 57.5
59.5 11.5
59.5 24.5
59.5 37.5
59.5 46.5
59.5 47.5
59.5 59.5
60.5 22.5
60.5 48.5
60.5 60.5
