1.5 25.5
1.5 35.5
2.5 12.5
2.5 26.5
2.5 34.5
2.5 58.5
3.5 11.5
3.5 12.5
3.5 26.5
3.5 33.5
3.5 34.5
3.5 46.5
3.5 57.5
4.5 10.5
4.5 11.5
4.5 27.5
4.5 33.5
4.5 45.5
4.5 57.5
5.5 9.5
5.5 10.5
5.5 27.5
5.5 45.5
6.5 21.5
6.5 51.5
7.5 16.5
7.5 22.5
7.5 39.5
7.5 50.5
7.5 51.5
7.5 62.5
8.5 15.5
8.5 22.5
8.5 23.5
8.5 38.5
8.5 50.5
8.5 61.5
9.5 14.5
9.5 23.5
9.5 37.5
9.5 49.5
10.5 13.5
15.5 25.5
15.5 35.5
15.5 49.5
15.5 50.5
15.5 59.5
16.5 10.5
16.5 11.5
16.5 25.5
16.5 26.5
16.5 33.5
16.5 34.5
16.5 50.5
16.5 51.5
16.5 58.5
17.5 9.5
17.5 10.5
17.5 27.5
17.5 32.5
17.5 52.5
17.5 57.5
18.5 9.5
18.5 63.5
19.5 40.5
19.5 45.5
19.5 62.5
19.5 63.5
20.5 15.5
20.5 16.5
20.5 22.5
20.5 38.5
20.5 39.5
20.5 46.5
20.5 62.5
21.5 14.5
21.5 15.5
21.5 23.5
21.5 37.5
21.5 38.5
21.5 47.5
21.5 61.5
22.5 13.5
22.5 48.5
27.5 26.5
27.5 36.5
27.5 49.5
27.5 61.5
28.5 13.5
28.5 26.5
28.5 37.5
28.5 50.5
28.5 61.5
28.5 62.5
29.5 13.5
29.5 14.5
29.5 27.5
29.5 38.5
29.5 51.5
29.5 62.5
30.5 14.5
30.5 15.5
30.5 27.5
30.5 39.5
30.5 56.5
30.5 63.5
31.5 32.5
31.5 57.5
32.5 8.5
32.5 21.5
32.5 33.5
32.5 44.5
32.5 45.5
32.5 57.5
32.5 58.5
33.5 8.5
33.5 9.5
33.5 22.5
33.5 33.5
33.5 45.5
33.5 46.5
33.5 58.5
34.5 9.5
34.5 22.5
34.5 23.5
34.5 34.5
35.5 10.5
35.5 23.5
35.5 24.5
39.5 47.5
39.5 48.5
39.5 58.5
40.5 10.5
40.5 36.5
40.5 48.5
40.5 49.5
40.5 57.5
41.5 9.5
41.5 22.5
41.5 23.5
41.5 37.5
41.5 49.5
41.5 50.5
41.5 56.5
42.5 8.5
42.5 21.5
42.5 22.5
42.5 37.5
43.5 19.5
43.5 20.5
43.5 38.5
44.5 14.5
44.5 44.5
44.5 62.5
44.5 63.5
45.5 13.5
45.5 27.5
45.5 28.5
45.5 33.5
45.5 44.5
45.5 45.5
45.5 61.5
45.5 62.5
46.5 12.5
46.5 25.5
46.5 26.5
46.5 34.5
46.5 45.5
46.5 46.5
46.5 60.5
46.5 61.5
47.5 24.5
47.5 25.5
47.5 34.5
48.5 35.5
51.5 60.5
52.5 9.5
52.5 10.5
52.5 48.5
52.5 61.5
52.5 62.5
53.5 8.5
53.5 9.5
53.5 25.5
53.5 37.5
53.5 48.5
53.5 49.5
53.5 62.5
53.5 63.5
54.5 7.5
54.5 8.5
54.5 26.5
54.5 27.5
54.5 37.5
54.5 38.5
54.5 49.5
54.5 50.5
54.5 64.5
55.5 39.5
55.5 50.5
55.5 56.5
56.5 13.5
56.5 19.5
56.5 20.5
56.5 32.5
56.5 56.5
56.5 57.5
57.5 12.5
57.5 13.5
57.5 20.5
57.5 21.5
57.5 33.5
57.5 34.5
57.5 44.5
57.5 45.5
57.5 57.5
57.5 58.5
58.5 11.5
58.5 12.5
58.5 22.5
58.5 35.5
58.5 45.5
58.5 46.5
58.5 59.5
