1.5 9.5
1.5 10.5
2.5 8.5
2.5 9.5
2.5 10.5
2.5 19.5
2.5 20.5
2.5 49.5
2.5 50.5
2.5 59.5
2.5 60.5
3.5 7.5
3.5 8.5
3.5 9.5
3.5 18.5
3.5 19.5
3.5 20.5
3.5 30.5
3.5 31.5
3.5 32.5
3.5 41.5
3.5 42.5
3.5 48.5
3.5 49.5
3.5 58.5
3.5 59.5
3.5 60.5
4.5 7.5
4.5 8.5
4.5 9.5
4.5 18.5
4.5 19.5
4.5 31.5
4.5 32.5
4.5 33.5
4.5 41.5
4.5 42.5
4.5 43.5
4.5 47.5
4.5 48.5
4.5 49.5
4.5 57.5
4.5 58.5
4.5 59.5
5.5 7.5
5.5 8.5
5.5 17.5
5.5 18.5
5.5 19.5
5.5 32.5
5.5 33.5
5.5 42.5
5.5 43.5
5.5 47.5
5.5 48.5
5.5 57.5
5.5 58.5
5.5 59.5
6.5 12.5
6.5 13.5
6.5 14.5
6.5 22.5
6.5 27.5
6.5 33.5
6.5 34.5
6.5 38.5
6.5 43.5
6.5 52.5
6.5 53.5
6.5 57.5
6.5 58.5
7.5 11.5
7.5 12.5
7.5 13.5
7.5 21.5
7.5 22.5
7.5 27.5
7.5 28.5
7.5 38.5
7.5 39.5
7.5 51.5
7.5 52.5
7.5 53.5
7.5 57.5
7.5 62.5
7.5 63.5
7.5 64.5
8.5 11.5
8.5 12.5
8.5 13.5
8.5 21.5
8.5 22.5
8.5 27.5
8.5 28.5
8.5 29.5
8.5 38.5
8.5 39.5
8.5 40.5
8.5 51.5
8.5 52.5
8.5 62.5
8.5 63.5
8.5 64.5
9.5 10.5
9.5 11.5
9.5 12.5
9.5 21.5
9.5 22.5
9.5 27.5
9.5 28.5
9.5 29.5
9.5 30.5
9.5 39.5
9.5 40.5
9.5 50.5
9.5 51.5
9.5 52.5
9.5 61.5
9.5 62.5
9.5 63.5
10.5 20.5
10.5 21.5
10.5 28.5
10.5 29.5
10.5 30.5
10.5 51.5
10.5 61.5
10.5 62.5
10.5 63.5
11.5 21.5
11.5 29.5
11.5 61.5
13.5 41.5
14.5 9.5
14.5 10.5
14.5 41.5
14.5 42.5
14.5 49.5
15.5 8.5
15.5 9.5
15.5 10.5
15.5 19.5
15.5 29.5
15.5 30.5
15.5 41.5
15.5 42.5
15.5 43.5
15.5 48.5
15.5 49.5
15.5 50.5
15.5 60.5
15.5 61.5
16.5 7.5
16.5 8.5
16.5 9.5
16.5 18.5
16.5 19.5
16.5 20.5
16.5 28.5
16.5 29.5
16.5 30.5
16.5 42.5
16.5 43.5
16.5 47.5
16.5 48.5
16.5 49.5
16.5 59.5
16.5 60.5
16.5 61.5
17.5 6.5
17.5 7.5
17.5 8.5
17.5 18.5
17.5 19.5
17.5 20.5
17.5 27.5
17.5 28.5
17.5 29.5
17.5 43.5
17.5 47.5
17.5 48.5
17.5 58.5
17.5 59.5
17.5 60.5
18.5 13.5
18.5 14.5
18.5 18.5
18.5 19.5
18.5 27.5
18.5 28.5
18.5 33.5
18.5 34.5
18.5 38.5
18.5 39.5
18.5 57.5
18.5 58.5
18.5 59.5
19.5 11.5
19.5 12.5
19.5 13.5
19.5 14.5
19.5 19.5
19.5 23.5
19.5 32.5
19.5 33.5
19.5 34.5
19.5 38.5
19.5 39.5
19.5 52.5
19.5 53.5
19.5 63.5
19.5 64.5
20.5 11.5
20.5 12.5
20.5 13.5
20.5 14.5
20.5 22.5
20.5 23.5
20.5 32.5
20.5 33.5
20.5 34.5
20.5 38.5
20.5 39.5
20.5 40.5
20.5 51.5
20.5 52.5
20.5 53.5
20.5 62.5
20.5 63.5
20.5 64.5
21.5 11.5
21.5 12.5
21.5 13.5
21.5 22.5
21.5 23.5
21.5 31.5
21.5 32.5
21.5 33.5
21.5 34.5
21.5 39.5
21.5 40.5
21.5 50.5
21.5 51.5
21.5 52.5
21.5 62.5
21.5 63.5
22.5 11.5
22.5 12.5
22.5 21.5
22.5 22.5
22.5 32.5
22.5 33.5
22.5 40.5
22.5 61.5
22.5 62.5
22.5 63.5
23.5 61.5
23.5 62.5
26.5 10.5
26.5 11.5
26.5 21.5
26.5 42.5
26.5 49.5
26.5 50.5
27.5 8.5
27.5 9.5
27.5 10.5
27.5 11.5
27.5 19.5
27.5 20.5
27.5 21.5
27.5 31.5
27.5 32.5
27.5 33.5
27.5 42.5
27.5 43.5
27.5 49.5
27.5 50.5
27.5 51.5
27.5 60.5
28.5 7.5
28.5 8.5
28.5 9.5
28.5 10.5
28.5 19.5
28.5 20.5
28.5 32.5
28.5 33.5
28.5 34.5
28.5 42.5
28.5 43.5
28.5 44.5
28.5 48.5
28.5 49.5
28.5 50.5
28.5 59.5
28.5 60.5
29.5 7.5
29.5 8.5
29.5 9.5
29.5 18.5
29.5 19.5
29.5 32.5
29.5 33.5
29.5 34.5
29.5 43.5
29.5 44.5
29.5 48.5
29.5 49.5
29.5 50.5
29.5 59.5
29.5 60.5
30.5 14.5
30.5 23.5
30.5 24.5
30.5 28.5
30.5 33.5
30.5 34.5
30.5 35.5
30.5 43.5
30.5 44.5
30.5 48.5
30.5 49.5
30.5 59.5
30.5 60.5
31.5 12.5
31.5 13.5
31.5 14.5
31.5 22.5
31.5 23.5
31.5 24.5
31.5 28.5
31.5 29.5
31.5 39.5
31.5 54.5
31.5 55.5
31.5 59.5
31.5 64.5
32.5 12.5
32.5 13.5
32.5 21.5
32.5 22.5
32.5 23.5
32.5 28.5
32.5 29.5
32.5 30.5
32.5 39.5
32.5 40.5
32.5 53.5
32.5 54.5
32.5 55.5
32.5 63.5
32.5 64.5
33.5 11.5
33.5 12.5
33.5 21.5
33.5 22.5
33.5 23.5
33.5 28.5
33.5 29.5
33.5 30.5
33.5 39.5
33.5 40.5
33.5 41.5
33.5 53.5
33.5 54.5
33.5 62.5
33.5 63.5
34.5 21.5
34.5 22.5
34.5 29.5
34.5 30.5
34.5 31.5
34.5 40.5
34.5 41.5
34.5 42.5
34.5 52.5
34.5 53.5
34.5 54.5
34.5 62.5
34.5 63.5
35.5 30.5
35.5 41.5
35.5 52.5
35.5 53.5
35.5 62.5
38.5 9.5
38.5 10.5
38.5 11.5
38.5 21.5
39.5 9.5
39.5 10.5
39.5 21.5
39.5 22.5
39.5 31.5
39.5 32.5
39.5 42.5
39.5 43.5
39.5 52.5
39.5 53.5
39.5 62.5
39.5 63.5
40.5 8.5
40.5 9.5
40.5 10.5
40.5 21.5
40.5 22.5
40.5 31.5
40.5 32.5
40.5 33.5
40.5 42.5
40.5 43.5
40.5 44.5
40.5 52.5
40.5 53.5
40.5 54.5
40.5 62.5
40.5 63.5
40.5 64.5
41.5 8.5
41.5 9.5
41.5 10.5
41.5 22.5
41.5 23.5
41.5 31.5
41.5 32.5
41.5 33.5
41.5 34.5
41.5 42.5
41.5 43.5
41.5 44.5
41.5 52.5
41.5 53.5
41.5 54.5
41.5 63.5
41.5 64.5
41.5 65.5
42.5 8.5
42.5 9.5
42.5 18.5
42.5 23.5
42.5 33.5
42.5 38.5
42.5 44.5
42.5 53.5
42.5 54.5
42.5 64.5
42.5 65.5
43.5 13.5
43.5 14.5
43.5 17.5
43.5 18.5
43.5 19.5
43.5 26.5
43.5 27.5
43.5 28.5
43.5 38.5
43.5 39.5
43.5 48.5
43.5 49.5
43.5 54.5
43.5 58.5
43.5 59.5
43.5 60.5
44.5 12.5
44.5 13.5
44.5 17.5
44.5 18.5
44.5 19.5
44.5 27.5
44.5 28.5
44.5 29.5
44.5 38.5
44.5 39.5
44.5 40.5
44.5 48.5
44.5 49.5
44.5 50.5
44.5 58.5
44.5 59.5
44.5 60.5
44.5 61.5
45.5 12.5
45.5 13.5
45.5 18.5
45.5 19.5
45.5 28.5
45.5 29.5
45.5 30.5
45.5 39.5
45.5 40.5
45.5 49.5
45.5 50.5
45.5 59.5
45.5 60.5
45.5 61.5
46.5 11.5
46.5 12.5
46.5 13.5
46.5 18.5
46.5 19.5
46.5 50.5
46.5 60.5
46.5 61.5
47.5 11.5
47.5 12.5
47.5 19.5
49.5 29.5
50.5 28.5
50.5 29.5
50.5 39.5
50.5 40.5
50.5 49.5
50.5 50.5
51.5 20.5
51.5 21.5
51.5 27.5
51.5 28.5
51.5 29.5
51.5 38.5
51.5 39.5
51.5 40.5
51.5 48.5
51.5 49.5
51.5 50.5
51.5 59.5
51.5 60.5
51.5 61.5
52.5 10.5
52.5 20.5
52.5 21.5
52.5 22.5
52.5 27.5
52.5 28.5
52.5 29.5
52.5 38.5
52.5 39.5
52.5 40.5
52.5 48.5
52.5 49.5
52.5 50.5
52.5 58.5
52.5 59.5
52.5 60.5
52.5 61.5
53.5 9.5
53.5 10.5
53.5 21.5
53.5 22.5
53.5 27.5
53.5 28.5
53.5 29.5
53.5 37.5
53.5 38.5
53.5 39.5
53.5 48.5
53.5 49.5
53.5 58.5
53.5 59.5
53.5 60.5
54.5 8.5
54.5 9.5
54.5 10.5
54.5 21.5
54.5 22.5
54.5 23.5
54.5 27.5
54.5 28.5
54.5 33.5
54.5 37.5
54.5 38.5
54.5 43.5
54.5 44.5
54.5 48.5
54.5 53.5
54.5 58.5
54.5 59.5
55.5 8.5
55.5 9.5
55.5 22.5
55.5 23.5
55.5 32.5
55.5 33.5
55.5 42.5
55.5 43.5
55.5 44.5
55.5 52.5
55.5 53.5
55.5 63.5
55.5 64.5
56.5 13.5
56.5 14.5
56.5 18.5
56.5 31.5
56.5 32.5
56.5 33.5
56.5 42.5
56.5 43.5
56.5 52.5
56.5 53.5
56.5 62.5
56.5 63.5
56.5 64.5
57.5 11.5
57.5 12.5
57.5 13.5
57.5 14.5
57.5 18.5
57.5 19.5
57.5 31.5
57.5 32.5
57.5 33.5
57.5 41.5
57.5 42.5
57.5 43.5
57.5 51.5
57.5 52.5
57.5 53.5
57.5 62.5
57.5 63.5
57.5 64.5
58.5 11.5
58.5 12.5
58.5 13.5
58.5 19.5
58.5 20.5
58.5 31.5
58.5 32.5
58.5 41.5
58.5 42.5
58.5 51.5
58.5 52.5
58.5 61.5
58.5 62.5
58.5 63.5
59.5 11.5
59.5 12.5
59.5 20.5
59.5 21.5
59.5 31.5
59.5 61.5
59.5 62.5
