1.5 40.5
1.5 62.5
2.5 11.5
2.5 20.5
2.5 21.5
2.5 31.5
2.5 40.5
2.5 50.5
2.5 61.5
2.5 62.5
3.5 11.5
3.5 12.5
3.5 21.5
3.5 31.5
3.5 32.5
3.5 39.5
3.5 40.5
3.5 49.5
3.5 50.5
3.5 60.5
3.5 61.5
3.5 62.5
4.5 11.5
4.5 12.5
4.5 21.5
4.5 22.5
4.5 31.5
4.5 32.5
4.5 33.5
4.5 39.5
4.5 40.5
4.5 49.5
4.5 50.5
4.5 60.5
4.5 61.5
5.5 11.5
5.5 12.5
5.5 22.5
5.5 32.5
5.5 33.5
5.5 38.5
5.5 39.5
5.5 48.5
5.5 49.5
5.5 59.5
5.5 60.5
5.5 61.5
6.5 12.5
6.5 13.5
6.5 17.5
6.5 22.5
6.5 23.5
6.5 32.5
6.5 33.5
6.5 38.5
6.5 39.5
6.5 48.5
6.5 49.5
6.5 59.5
6.5 60.5
7.5 8.5
7.5 12.5
7.5 13.5
7.5 17.5
7.5 18.5
7.5 23.5
7.5 27.5
7.5 33.5
7.5 34.5
7.5 38.5
7.5 43.5
7.5 44.5
7.5 48.5
7.5 49.5
7.5 54.5
7.5 59.5
7.5 60.5
7.5 65.5
8.5 8.5
8.5 13.5
8.5 17.5
8.5 18.5
8.5 23.5
8.5 24.5
8.5 27.5
8.5 28.5
8.5 34.5
8.5 38.5
8.5 43.5
8.5 48.5
8.5 54.5
8.5 59.5
8.5 64.5
8.5 65.5
9.5 8.5
9.5 9.5
9.5 18.5
9.5 19.5
9.5 28.5
9.5 29.5
9.5 42.5
9.5 43.5
9.5 47.5
9.5 48.5
9.5 53.5
9.5 54.5
9.5 64.5
9.5 65.5
10.5 9.5
10.5 18.5
10.5 19.5
10.5 28.5
10.5 29.5
10.5 42.5
10.5 43.5
10.5 52.5
10.5 53.5
10.5 54.5
10.5 63.5
10.5 64.5
11.5 9.5
11.5 10.5
11.5 18.5
11.5 19.5
11.5 29.5
11.5 30.5
11.5 41.5
11.5 42.5
11.5 43.5
11.5 52.5
11.5 53.5
11.5 63.5
11.5 64.5
12.5 9.5
12.5 10.5
12.5 19.5
12.5 20.5
12.5 30.5
12.5 41.5
12.5 42.5
12.5 52.5
12.5 53.5
12.5 63.5
13.5 10.5
13.5 20.5
13.5 31.5
13.5 41.5
13.5 42.5
13.5 51.5
13.5 52.5
13.5 63.5
14.5 41.5
14.5 51.5
14.5 52.5
14.5 62.5
16.5 20.5
16.5 30.5
16.5 31.5
17.5 11.5
17.5 20.5
17.5 21.5
17.5 30.5
17.5 40.5
17.5 52.5
17.5 62.5
18.5 11.5
18.5 20.5
18.5 21.5
18.5 22.5
18.5 29.5
18.5 30.5
18.5 39.5
18.5 40.5
18.5 52.5
18.5 62.5
18.5 63.5
19.5 11.5
19.5 21.5
19.5 22.5
19.5 28.5
19.5 29.5
19.5 30.5
19.5 39.5
19.5 40.5
19.5 52.5
19.5 53.5
19.5 62.5
19.5 63.5
20.5 11.5
20.5 12.5
20.5 21.5
20.5 22.5
20.5 23.5
20.5 28.5
20.5 29.5
20.5 38.5
20.5 39.5
20.5 40.5
20.5 52.5
20.5 53.5
20.5 63.5
21.5 11.5
21.5 12.5
21.5 22.5
21.5 23.5
21.5 27.5
21.5 28.5
21.5 34.5
21.5 38.5
21.5 39.5
21.5 52.5
21.5 53.5
21.5 54.5
21.5 63.5
22.5 7.5
22.5 12.5
22.5 16.5
22.5 17.5
22.5 23.5
22.5 27.5
22.5 28.5
22.5 33.5
22.5 38.5
22.5 44.5
22.5 52.5
22.5 53.5
22.5 54.5
22.5 63.5
22.5 64.5
23.5 7.5
23.5 8.5
23.5 12.5
23.5 16.5
23.5 17.5
23.5 27.5
23.5 32.5
23.5 33.5
23.5 37.5
23.5 38.5
23.5 43.5
23.5 44.5
23.5 47.5
23.5 53.5
23.5 54.5
23.5 59.5
23.5 63.5
23.5 64.5
24.5 7.5
24.5 8.5
24.5 12.5
24.5 17.5
24.5 18.5
24.5 32.5
24.5 33.5
24.5 37.5
24.5 42.5
24.5 43.5
24.5 44.5
24.5 48.5
24.5 53.5
24.5 54.5
24.5 59.5
24.5 64.5
25.5 8.5
25.5 17.5
25.5 18.5
25.5 31.5
25.5 32.5
25.5 42.5
25.5 43.5
25.5 48.5
25.5 49.5
25.5 54.5
25.5 59.5
25.5 60.5
25.5 64.5
26.5 8.5
26.5 9.5
26.5 17.5
26.5 18.5
26.5 19.5
26.5 31.5
26.5 32.5
26.5 41.5
26.5 42.5
26.5 43.5
26.5 48.5
26.5 49.5
26.5 59.5
26.5 60.5
27.5 8.5
27.5 9.5
27.5 18.5
27.5 19.5
27.5 31.5
27.5 41.5
27.5 42.5
27.5 49.5
27.5 50.5
27.5 59.5
27.5 60.5
28.5 8.5
28.5 9.5
28.5 19.5
28.5 30.5
28.5 31.5
28.5 40.5
28.5 41.5
28.5 49.5
28.5 50.5
28.5 59.5
28.5 60.5
29.5 9.5
29.5 40.5
29.5 50.5
29.5 59.5
29.5 60.5
30.5 9.5
30.5 60.5
31.5 30.5
32.5 19.5
32.5 20.5
32.5 30.5
32.5 40.5
32.5 41.5
33.5 9.5
33.5 20.5
33.5 21.5
33.5 30.5
33.5 31.5
33.5 40.5
33.5 41.5
33.5 50.5
33.5 60.5
34.5 9.5
34.5 20.5
34.5 21.5
34.5 30.5
34.5 31.5
34.5 41.5
34.5 42.5
34.5 49.5
34.5 50.5
34.5 59.5
34.5 60.5
35.5 8.5
35.5 9.5
35.5 20.5
35.5 21.5
35.5 31.5
35.5 32.5
35.5 41.5
35.5 42.5
35.5 49.5
35.5 50.5
35.5 59.5
35.5 60.5
36.5 8.5
36.5 9.5
36.5 20.5
36.5 21.5
36.5 22.5
36.5 31.5
36.5 32.5
36.5 41.5
36.5 42.5
36.5 43.5
36.5 48.5
36.5 49.5
36.5 58.5
36.5 59.5
37.5 8.5
37.5 9.5
37.5 21.5
37.5 22.5
37.5 27.5
37.5 31.5
37.5 32.5
37.5 36.5
37.5 42.5
37.5 43.5
37.5 48.5
37.5 49.5
37.5 58.5
37.5 59.5
38.5 8.5
38.5 13.5
38.5 16.5
38.5 21.5
38.5 22.5
38.5 27.5
38.5 32.5
38.5 36.5
38.5 37.5
38.5 42.5
38.5 43.5
38.5 48.5
38.5 49.5
38.5 54.5
38.5 58.5
38.5 64.5
39.5 8.5
39.5 12.5
39.5 13.5
39.5 17.5
39.5 22.5
39.5 27.5
39.5 28.5
39.5 32.5
39.5 36.5
39.5 37.5
39.5 43.5
39.5 47.5
39.5 48.5
39.5 53.5
39.5 54.5
39.5 57.5
39.5 58.5
39.5 63.5
39.5 64.5
40.5 12.5
40.5 13.5
40.5 17.5
40.5 22.5
40.5 27.5
40.5 28.5
40.5 37.5
40.5 38.5
40.5 43.5
40.5 47.5
40.5 48.5
40.5 52.5
40.5 53.5
40.5 57.5
40.5 62.5
40.5 63.5
41.5 12.5
41.5 13.5
41.5 18.5
41.5 27.5
41.5 28.5
41.5 37.5
41.5 38.5
41.5 52.5
41.5 53.5
41.5 62.5
41.5 63.5
42.5 12.5
42.5 13.5
42.5 18.5
42.5 27.5
42.5 28.5
42.5 37.5
42.5 38.5
42.5 39.5
42.5 51.5
42.5 52.5
42.5 62.5
42.5 63.5
43.5 12.5
43.5 13.5
43.5 19.5
43.5 28.5
43.5 38.5
43.5 39.5
43.5 51.5
43.5 52.5
43.5 61.5
43.5 62.5
44.5 12.5
44.5 13.5
44.5 19.5
44.5 28.5
44.5 39.5
44.5 51.5
44.5 61.5
44.5 62.5
45.5 12.5
45.5 20.5
45.5 39.5
45.5 50.5
45.5 51.5
45.5 61.5
46.5 20.5
48.5 12.5
48.5 29.5
48.5 39.5
48.5 61.5
49.5 12.5
49.5 20.5
49.5 29.5
49.5 30.5
49.5 38.5
49.5 39.5
49.5 51.5
49.5 60.5
49.5 61.5
50.5 12.5
50.5 13.5
50.5 19.5
50.5 20.5
50.5 30.5
50.5 31.5
50.5 38.5
50.5 39.5
50.5 51.5
50.5 52.5
50.5 59.5
50.5 60.5
50.5 61.5
51.5 13.5
51.5 14.5
51.5 19.5
51.5 30.5
51.5 31.5
51.5 37.5
51.5 38.5
51.5 39.5
51.5 52.5
51.5 53.5
51.5 59.5
51.5 60.5
52.5 8.5
52.5 13.5
52.5 14.5
52.5 18.5
52.5 19.5
52.5 31.5
52.5 32.5
52.5 37.5
52.5 38.5
52.5 52.5
52.5 53.5
52.5 59.5
52.5 60.5
53.5 8.5
53.5 9.5
53.5 14.5
53.5 18.5
53.5 22.5
53.5 26.5
53.5 32.5
53.5 37.5
53.5 38.5
53.5 43.5
53.5 53.5
53.5 54.5
53.5 58.5
53.5 59.5
53.5 64.5
53.5 65.5
54.5 8.5
54.5 9.5
54.5 14.5
54.5 18.5
54.5 22.5
54.5 26.5
54.5 27.5
54.5 33.5
54.5 37.5
54.5 43.5
54.5 47.5
54.5 48.5
54.5 54.5
54.5 58.5
54.5 64.5
55.5 8.5
55.5 9.5
55.5 21.5
55.5 22.5
55.5 27.5
55.5 28.5
55.5 42.5
55.5 43.5
55.5 47.5
55.5 48.5
55.5 63.5
55.5 64.5
56.5 9.5
56.5 10.5
56.5 21.5
56.5 22.5
56.5 27.5
56.5 28.5
56.5 41.5
56.5 42.5
56.5 48.5
56.5 49.5
56.5 63.5
56.5 64.5
57.5 9.5
57.5 10.5
57.5 21.5
57.5 22.5
57.5 27.5
57.5 28.5
57.5 29.5
57.5 41.5
57.5 42.5
57.5 48.5
57.5 49.5
57.5 50.5
57.5 62.5
57.5 63.5
58.5 9.5
58.5 10.5
58.5 21.5
58.5 28.5
58.5 29.5
58.5 41.5
58.5 49.5
58.5 50.5
58.5 62.5
58.5 63.5
59.5 10.5
59.5 20.5
59.5 21.5
59.5 29.5
59.5 30.5
59.5 40.5
59.5 50.5
59.5 51.5
59.5 62.5
60.5 20.5
60.5 30.5
