3.5 15.5
3.5 16.5
3.5 35.5
3.5 55.5
4.5 16.5
4.5 34.5
4.5 56.5
4.5 57.5
5.5 17.5
5.5 33.5
5.5 57.5
5.5 58.5
6.5 18.5
6.5 32.5
6.5 58.5
6.5 59.5
7.5 19.5
7.5 31.5
7.5 59.5
7.5 60.5
8.5 20.5
8.5 30.5
8.5 60.5
8.5 61.5
9.5 21.5
9.5 29.5
9.5 61.5
9.5 62.5
10.5 8.5
10.5 9.5
10.5 22.5
10.5 28.5
10.5 43.5
10.5 49.5
10.5 50.5
11.5 9.5
11.5 41.5
11.5 42.5
11.5 50.5
11.5 51.5
12.5 10.5
12.5 40.5
12.5 41.5
12.5 51.5
12.5 52.5
13.5 11.5
13.5 39.5
13.5 40.5
13.5 52.5
13.5 53.5
14.5 11.5
14.5 12.5
14.5 38.5
14.5 39.5
14.5 53.5
15.5 12.5
15.5 13.5
15.5 37.5
15.5 54.5
16.5 13.5
16.5 14.5
16.5 36.5
16.5 55.5
17.5 14.5
17.5 35.5
17.5 56.5
18.5 15.5
22.5 55.5
23.5 14.5
23.5 56.5
24.5 15.5
24.5 35.5
24.5 57.5
25.5 16.5
25.5 34.5
25.5 57.5
25.5 58.5
26.5 17.5
26.5 32.5
26.5 33.5
26.5 58.5
26.5 59.5
27.5 18.5
27.5 31.5
27.5 32.5
27.5 59.5
27.5 60.5
28.5 19.5
28.5 30.5
28.5 31.5
28.5 60.5
28.5 61.5
29.5 20.5
29.5 29.5
29.5 30.5
29.5 61.5
30.5 7.5
30.5 21.5
30.5 28.5
30.5 43.5
30.5 48.5
30.5 62.5
31.5 8.5
31.5 9.5
31.5 22.5
31.5 27.5
31.5 41.5
31.5 42.5
31.5 49.5
31.5 63.5
32.5 9.5
32.5 10.5
32.5 40.5
32.5 41.5
32.5 50.5
32.5 51.5
33.5 10.5
33.5 11.5
33.5 39.5
33.5 40.5
33.5 51.5
33.5 52.5
34.5 11.5
34.5 12.5
34.5 38.5
34.5 39.5
34.5 52.5
34.5 53.5
35.5 12.5
35.5 13.5
35.5 37.5
35.5 38.5
35.5 53.5
35.5 54.5
36.5 14.5
36.5 36.5
36.5 54.5
36.5 55.5
37.5 15.5
37.5 35.5
37.5 56.5
38.5 16.5
38.5 34.5
38.5 57.5
43.5 35.5
43.5 56.5
44.5 15.5
44.5 34.5
44.5 35.5
44.5 55.5
45.5 16.5
45.5 33.5
45.5 34.5
45.5 54.5
45.5 55.5
46.5 17.5
46.5 33.5
46.5 53.5
46.5 54.5
47.5 18.5
47.5 32.5
47.5 52.5
47.5 53.5
48.5 19.5
48.5 31.5
48.5 51.5
48.5 52.5
49.5 19.5
49.5 20.5
49.5 30.5
49.5 31.5
49.5 50.5
49.5 51.5
50.5 7.5
50.5 20.5
50.5 21.5
50.5 29.5
50.5 30.5
50.5 42.5
50.5 49.5
50.5 50.5
50.5 63.5
51.5 8.5
51.5 21.5
51.5 22.5
51.5 29.5
51.5 41.5
51.5 42.5
51.5 48.5
51.5 62.5
51.5 63.5
52.5 9.5
52.5 22.5
52.5 28.5
52.5 40.5
52.5 41.5
52.5 61.5
52.5 62.5
53.5 9.5
53.5 10.5
53.5 39.5
53.5 40.5
53.5 60.5
53.5 61.5
54.5 10.5
54.5 11.5
54.5 38.5
54.5 39.5
54.5 59.5
54.5 60.5
55.5 11.5
55.5 12.5
55.5 38.5
55.5 58.5
55.5 59.5
56.5 12.5
56.5 13.5
56.5 37.5
56.5 57.5
56.5 58.5
57.5 13.5
57.5 14.5
57.5 36.5
57.5 57.5
58.5 14.5
58.5 35.5
58.5 56.5
59.5 15.5
59.5 55.5
