1.5 15.5
1.5 16.5
1.5 17.5
1.5 36.5
1.5 37.5
1.5 38.5
2.5 13.5
2.5 14.5
2.5 15.5
2.5 16.5
2.5 34.5
2.5 35.5
2.5 36.5
2.5 37.5
3.5 12.5
3.5 13.5
3.5 14.5
3.5 15.5
3.5 32.5
3.5 33.5
3.5 34.5
3.5 35.5
3.5 36.5
3.5 56.5
3.5 57.5
3.5 58.5
3.5 59.5
4.5 11.5
4.5 12.5
4.5 13.5
4.5 14.5
4.5 31.5
4.5 32.5
4.5 33.5
4.5 34.5
4.5 35.5
4.5 54.5
4.5 55.5
4.5 56.5
4.5 57.5
4.5 58.5
5.5 10.5
5.5 11.5
5.5 12.5
5.5 13.5
5.5 24.5
5.5 29.5
5.5 30.5
5.5 31.5
5.5 32.5
5.5 33.5
5.5 34.5
5.5 52.5
5.5 53.5
5.5 54.5
5.5 55.5
5.5 56.5
6.5 8.5
6.5 9.5
6.5 10.5
6.5 11.5
6.5 22.5
6.5 23.5
6.5 24.5
6.5 28.5
6.5 29.5
6.5 30.5
6.5 31.5
6.5 32.5
6.5 50.5
6.5 51.5
6.5 52.5
6.5 53.5
6.5 54.5
6.5 55.5
7.5 7.5
7.5 8.5
7.5 9.5
7.5 10.5
7.5 21.5
7.5 22.5
7.5 23.5
7.5 27.5
7.5 28.5
7.5 29.5
7.5 30.5
7.5 44.5
7.5 45.5
7.5 46.5
7.5 48.5
7.5 49.5
7.5 50.5
7.5 51.5
7.5 52.5
7.5 53.5
8.5 6.5
8.5 7.5
8.5 8.5
8.5 19.5
8.5 20.5
8.5 21.5
8.5 22.5
8.5 26.5
8.5 27.5
8.5 28.5
8.5 29.5
8.5 42.5
8.5 43.5
8.5 44.5
8.5 45.5
8.5 47.5
8.5 48.5
8.5 49.5
8.5 50.5
8.5 64.5
8.5 65.5
8.5 66.5
9.5 6.5
9.5 18.5
9.5 19.5
9.5 20.5
9.5 21.5
9.5 25.5
9.5 26.5
9.5 40.5
9.5 41.5
9.5 42.5
9.5 43.5
9.5 44.5
9.5 46.5
9.5 47.5
9.5 48.5
9.5 61.5
9.5 62.5
9.5 63.5
9.5 64.5
9.5 65.5
10.5 17.5
10.5 18.5
10.5 19.5
10.5 20.5
10.5 38.5
10.5 39.5
10.5 40.5
10.5 41.5
10.5 42.5
10.5 59.5
10.5 60.5
10.5 61.5
10.5 62.5
10.5 63.5
10.5 64.5
11.5 16.5
11.5 17.5
11.5 18.5
11.5 19.5
11.5 36.5
11.5 37.5
11.5 38.5
11.5 39.5
11.5 40.5
11.5 41.5
11.5 57.5
11.5 58.5
11.5 59.5
11.5 60.5
11.5 61.5
11.5 62.5
12.5 15.5
12.5 16.5
12.5 17.5
12.5 18.5
12.5 35.5
12.5 36.5
12.5 37.5
12.5 38.5
12.5 39.5
12.5 56.5
12.5 57.5
12.5 58.5
12.5 59.5
12.5 60.5
13.5 14.5
13.5 15.5
13.5 16.5
13.5 17.5
13.5 34.5
13.5 35.5
13.5 36.5
13.5 37.5
13.5 54.5
13.5 55.5
13.5 56.5
13.5 57.5
14.5 13.5
14.5 14.5
14.5 15.5
14.5 33.5
14.5 34.5
14.5 35.5
14.5 53.5
14.5 54.5
14.5 68.5
15.5 13.5
15.5 68.5
17.5 12.5
17.5 13.5
17.5 14.5
17.5 32.5
17.5 33.5
17.5 54.5
17.5 55.5
17.5 56.5
18.5 13.5
18.5 14.5
18.5 15.5
18.5 16.5
18.5 33.5
18.5 34.5
18.5 35.5
18.5 36.5
18.5 55.5
18.5 56.5
18.5 57.5
18.5 58.5
19.5 15.5
19.5 16.5
19.5 17.5
19.5 18.5
19.5 34.5
19.5 35.5
19.5 36.5
19.5 37.5
19.5 38.5
19.5 39.5
19.5 56.5
19.5 57.5
19.5 58.5
19.5 59.5
19.5 60.5
20.5 16.5
20.5 17.5
20.5 18.5
20.5 19.5
20.5 20.5
20.5 36.5
20.5 37.5
20.5 38.5
20.5 39.5
20.5 40.5
20.5 41.5
20.5 58.5
20.5 59.5
20.5 60.5
20.5 61.5
20.5 62.5
21.5 7.5
21.5 18.5
21.5 19.5
21.5 20.5
21.5 21.5
21.5 38.5
21.5 39.5
21.5 40.5
21.5 41.5
21.5 42.5
21.5 43.5
21.5 60.5
21.5 61.5
21.5 62.5
21.5 63.5
21.5 64.5
22.5 8.5
22.5 9.5
22.5 20.5
22.5 21.5
22.5 22.5
22.5 23.5
22.5 24.5
22.5 25.5
22.5 26.5
22.5 40.5
22.5 41.5
22.5 42.5
22.5 43.5
22.5 44.5
22.5 45.5
22.5 47.5
22.5 48.5
22.5 49.5
22.5 61.5
22.5 62.5
22.5 63.5
22.5 64.5
22.5 65.5
22.5 66.5
23.5 8.5
23.5 9.5
23.5 10.5
23.5 11.5
23.5 22.5
23.5 23.5
23.5 24.5
23.5 25.5
23.5 26.5
23.5 27.5
23.5 28.5
23.5 29.5
23.5 43.5
23.5 44.5
23.5 45.5
23.5 46.5
23.5 48.5
23.5 49.5
23.5 50.5
23.5 51.5
23.5 64.5
23.5 65.5
23.5 66.5
24.5 10.5
24.5 11.5
24.5 12.5
24.5 27.5
24.5 28.5
24.5 29.5
24.5 30.5
24.5 31.5
24.5 32.5
24.5 46.5
24.5 47.5
24.5 49.5
24.5 50.5
24.5 51.5
24.5 52.5
24.5 53.5
24.5 66.5
25.5 11.5
25.5 12.5
25.5 13.5
25.5 14.5
25.5 29.5
25.5 30.5
25.5 31.5
25.5 32.5
25.5 33.5
25.5 34.5
25.5 51.5
25.5 52.5
25.5 53.5
25.5 54.5
25.5 55.5
26.5 12.5
26.5 13.5
26.5 14.5
26.5 15.5
26.5 31.5
26.5 32.5
26.5 33.5
26.5 34.5
26.5 35.5
26.5 36.5
26.5 53.5
26.5 54.5
26.5 55.5
26.5 56.5
26.5 57.5
27.5 13.5
27.5 14.5
27.5 15.5
27.5 16.5
27.5 34.5
27.5 35.5
27.5 36.5
27.5 37.5
27.5 38.5
27.5 55.5
27.5 56.5
27.5 57.5
27.5 58.5
28.5 15.5
28.5 16.5
28.5 17.5
28.5 37.5
28.5 38.5
28.5 39.5
28.5 57.5
28.5 58.5
28.5 59.5
29.5 17.5
29.5 18.5
29.5 59.5
29.5 60.5
31.5 13.5
31.5 14.5
32.5 14.5
32.5 15.5
32.5 16.5
32.5 36.5
32.5 37.5
32.5 38.5
32.5 39.5
32.5 54.5
32.5 55.5
32.5 56.5
33.5 15.5
33.5 16.5
33.5 17.5
33.5 18.5
33.5 33.5
33.5 34.5
33.5 35.5
33.5 36.5
33.5 37.5
33.5 38.5
33.5 55.5
33.5 56.5
33.5 57.5
33.5 58.5
34.5 16.5
34.5 17.5
34.5 18.5
34.5 19.5
34.5 31.5
34.5 32.5
34.5 33.5
34.5 34.5
34.5 35.5
34.5 36.5
34.5 56.5
34.5 57.5
34.5 58.5
34.5 59.5
34.5 60.5
35.5 17.5
35.5 18.5
35.5 19.5
35.5 20.5
35.5 28.5
35.5 29.5
35.5 30.5
35.5 31.5
35.5 32.5
35.5 33.5
35.5 34.5
35.5 57.5
35.5 58.5
35.5 59.5
35.5 60.5
35.5 61.5
36.5 19.5
36.5 20.5
36.5 21.5
36.5 22.5
36.5 27.5
36.5 28.5
36.5 29.5
36.5 30.5
36.5 31.5
36.5 32.5
36.5 47.5
36.5 59.5
36.5 60.5
36.5 61.5
36.5 62.5
36.5 63.5
37.5 5.5
37.5 6.5
37.5 7.5
37.5 20.5
37.5 21.5
37.5 22.5
37.5 23.5
37.5 25.5
37.5 26.5
37.5 27.5
37.5 28.5
37.5 29.5
37.5 44.5
37.5 45.5
37.5 46.5
37.5 47.5
37.5 48.5
37.5 49.5
37.5 61.5
37.5 62.5
37.5 63.5
37.5 64.5
38.5 6.5
38.5 7.5
38.5 8.5
38.5 9.5
38.5 10.5
38.5 22.5
38.5 23.5
38.5 24.5
38.5 25.5
38.5 26.5
38.5 42.5
38.5 43.5
38.5 44.5
38.5 45.5
38.5 46.5
38.5 48.5
38.5 49.5
38.5 50.5
38.5 51.5
38.5 63.5
38.5 64.5
38.5 65.5
38.5 66.5
39.5 8.5
39.5 9.5
39.5 10.5
39.5 11.5
39.5 12.5
39.5 13.5
39.5 24.5
39.5 25.5
39.5 40.5
39.5 41.5
39.5 42.5
39.5 43.5
39.5 44.5
39.5 49.5
39.5 50.5
39.5 51.5
39.5 52.5
39.5 53.5
39.5 65.5
39.5 66.5
40.5 10.5
40.5 11.5
40.5 12.5
40.5 13.5
40.5 14.5
40.5 15.5
40.5 38.5
40.5 39.5
40.5 40.5
40.5 41.5
40.5 42.5
40.5 51.5
40.5 52.5
40.5 53.5
40.5 54.5
41.5 12.5
41.5 13.5
41.5 14.5
41.5 15.5
41.5 16.5
41.5 17.5
41.5 36.5
41.5 37.5
41.5 38.5
41.5 39.5
41.5 40.5
41.5 41.5
41.5 52.5
41.5 53.5
41.5 54.5
41.5 55.5
41.5 56.5
42.5 14.5
42.5 15.5
42.5 16.5
42.5 17.5
42.5 18.5
42.5 35.5
42.5 36.5
42.5 37.5
42.5 38.5
42.5 39.5
42.5 54.5
42.5 55.5
42.5 56.5
42.5 57.5
43.5 17.5
43.5 18.5
43.5 19.5
43.5 33.5
43.5 34.5
43.5 35.5
43.5 36.5
43.5 55.5
43.5 56.5
43.5 57.5
43.5 58.5
44.5 33.5
44.5 34.5
44.5 57.5
44.5 58.5
44.5 59.5
45.5 59.5
45.5 60.5
46.5 18.5
46.5 19.5
47.5 15.5
47.5 16.5
47.5 17.5
47.5 18.5
47.5 33.5
47.5 34.5
47.5 35.5
47.5 53.5
47.5 54.5
47.5 55.5
48.5 13.5
48.5 14.5
48.5 15.5
48.5 16.5
48.5 17.5
48.5 34.5
48.5 35.5
48.5 36.5
48.5 37.5
48.5 54.5
48.5 55.5
48.5 56.5
48.5 57.5
49.5 11.5
49.5 12.5
49.5 13.5
49.5 14.5
49.5 15.5
49.5 36.5
49.5 37.5
49.5 38.5
49.5 39.5
49.5 55.5
49.5 56.5
49.5 57.5
49.5 58.5
50.5 9.5
50.5 10.5
50.5 11.5
50.5 12.5
50.5 13.5
50.5 14.5
50.5 37.5
50.5 38.5
50.5 39.5
50.5 40.5
50.5 41.5
50.5 57.5
50.5 58.5
50.5 59.5
50.5 60.5
51.5 7.5
51.5 8.5
51.5 9.5
51.5 10.5
51.5 11.5
51.5 12.5
51.5 39.5
51.5 40.5
51.5 41.5
51.5 42.5
51.5 58.5
51.5 59.5
51.5 60.5
51.5 61.5
51.5 62.5
52.5 6.5
52.5 7.5
52.5 8.5
52.5 9.5
52.5 10.5
52.5 23.5
52.5 24.5
52.5 25.5
52.5 26.5
52.5 27.5
52.5 28.5
52.5 40.5
52.5 41.5
52.5 42.5
52.5 43.5
52.5 44.5
52.5 47.5
52.5 60.5
52.5 61.5
52.5 62.5
52.5 63.5
53.5 5.5
53.5 6.5
53.5 7.5
53.5 21.5
53.5 22.5
53.5 23.5
53.5 24.5
53.5 27.5
53.5 28.5
53.5 29.5
53.5 30.5
53.5 42.5
53.5 43.5
53.5 44.5
53.5 45.5
53.5 47.5
53.5 48.5
53.5 49.5
53.5 50.5
53.5 61.5
53.5 62.5
53.5 63.5
53.5 64.5
54.5 19.5
54.5 20.5
54.5 21.5
54.5 22.5
54.5 23.5
54.5 28.5
54.5 29.5
54.5 30.5
54.5 31.5
54.5 32.5
54.5 44.5
54.5 45.5
54.5 46.5
54.5 49.5
54.5 50.5
54.5 51.5
54.5 52.5
54.5 63.5
54.5 64.5
54.5 65.5
55.5 17.5
55.5 18.5
55.5 19.5
55.5 20.5
55.5 21.5
55.5 22.5
55.5 29.5
55.5 30.5
55.5 31.5
55.5 32.5
55.5 33.5
55.5 47.5
55.5 50.5
55.5 51.5
55.5 52.5
55.5 53.5
55.5 65.5
55.5 66.5
56.5 16.5
56.5 17.5
56.5 18.5
56.5 19.5
56.5 20.5
56.5 31.5
56.5 32.5
56.5 33.5
56.5 34.5
56.5 35.5
56.5 51.5
56.5 52.5
56.5 53.5
56.5 54.5
56.5 55.5
57.5 15.5
57.5 16.5
57.5 17.5
57.5 18.5
57.5 19.5
57.5 32.5
57.5 33.5
57.5 34.5
57.5 35.5
57.5 36.5
57.5 53.5
57.5 54.5
57.5 55.5
57.5 56.5
58.5 13.5
58.5 14.5
58.5 15.5
58.5 16.5
58.5 17.5
58.5 34.5
58.5 35.5
58.5 36.5
58.5 37.5
58.5 38.5
58.5 55.5
58.5 56.5
58.5 57.5
58.5 58.5
59.5 12.5
59.5 13.5
59.5 14.5
59.5 15.5
59.5 36.5
59.5 37.5
59.5 38.5
59.5 39.5
59.5 57.5
59.5 58.5
59.5 59.5
60.5 38.5
60.5 39.5
60.5 59.5
