1.5 22.5
2.5 13.5
2.5 21.5
2.5 35.5
2.5 62.5
3.5 13.5
3.5 21.5
3.5 34.5
3.5 49.5
3.5 62.5
4.5 14.5
4.5 21.5
4.5 34.5
4.5 50.5
4.5 63.5
5.5 14.5
5.5 33.5
5.5 34.5
5.5 51.5
5.5 63.5
6.5 20.5
6.5 33.5
6.5 51.5
6.5 52.5
6.5 63.5
7.5 15.5
7.5 32.5
8.5 8.5
8.5 26.5
8.5 39.5
8.5 45.5
9.5 9.5
9.5 26.5
9.5 39.5
9.5 45.5
9.5 46.5
9.5 58.5
10.5 9.5
10.5 10.5
10.5 25.5
10.5 38.5
10.5 46.5
10.5 58.5
10.5 59.5
11.5 10.5
11.5 25.5
11.5 37.5
11.5 38.5
11.5 47.5
11.5 59.5
12.5 11.5
12.5 25.5
12.5 37.5
12.5 47.5
12.5 60.5
18.5 12.5
18.5 47.5
19.5 12.5
19.5 13.5
19.5 25.5
19.5 37.5
19.5 47.5
19.5 61.5
20.5 13.5
20.5 25.5
20.5 26.5
20.5 38.5
20.5 46.5
20.5 61.5
20.5 62.5
21.5 14.5
21.5 26.5
21.5 39.5
21.5 46.5
21.5 62.5
22.5 15.5
22.5 27.5
22.5 39.5
22.5 45.5
22.5 63.5
23.5 20.5
23.5 27.5
23.5 40.5
23.5 51.5
23.5 63.5
24.5 8.5
24.5 21.5
24.5 33.5
24.5 51.5
24.5 57.5
25.5 9.5
25.5 21.5
25.5 33.5
25.5 34.5
25.5 50.5
25.5 57.5
26.5 9.5
26.5 22.5
26.5 34.5
26.5 35.5
26.5 50.5
26.5 58.5
27.5 10.5
27.5 22.5
27.5 35.5
27.5 49.5
27.5 58.5
28.5 10.5
28.5 36.5
33.5 36.5
33.5 49.5
34.5 12.5
34.5 22.5
34.5 35.5
34.5 49.5
34.5 58.5
35.5 13.5
35.5 21.5
35.5 34.5
35.5 50.5
35.5 57.5
36.5 13.5
36.5 21.5
36.5 33.5
36.5 34.5
36.5 51.5
36.5 57.5
37.5 14.5
37.5 20.5
37.5 33.5
37.5 51.5
37.5 56.5
38.5 14.5
38.5 27.5
38.5 40.5
38.5 63.5
39.5 8.5
39.5 26.5
39.5 39.5
39.5 46.5
39.5 62.5
40.5 9.5
40.5 25.5
40.5 26.5
40.5 39.5
40.5 46.5
40.5 61.5
40.5 62.5
41.5 9.5
41.5 24.5
41.5 25.5
41.5 38.5
41.5 46.5
41.5 47.5
41.5 61.5
42.5 10.5
42.5 24.5
42.5 38.5
42.5 47.5
42.5 60.5
43.5 37.5
43.5 47.5
47.5 60.5
48.5 12.5
48.5 23.5
48.5 59.5
49.5 13.5
49.5 22.5
49.5 35.5
49.5 49.5
49.5 59.5
50.5 13.5
50.5 22.5
50.5 35.5
50.5 50.5
50.5 58.5
50.5 59.5
51.5 14.5
51.5 21.5
51.5 34.5
51.5 35.5
51.5 51.5
51.5 58.5
52.5 14.5
52.5 20.5
52.5 21.5
52.5 34.5
52.5 51.5
52.5 52.5
52.5 57.5
53.5 8.5
53.5 15.5
53.5 20.5
53.5 28.5
54.5 8.5
54.5 27.5
54.5 63.5
55.5 9.5
55.5 26.5
55.5 27.5
55.5 39.5
55.5 44.5
55.5 45.5
55.5 63.5
56.5 9.5
56.5 10.5
56.5 26.5
56.5 38.5
56.5 45.5
56.5 46.5
56.5 62.5
57.5 10.5
57.5 25.5
57.5 26.5
57.5 38.5
57.5 46.5
57.5 47.5
57.5 62.5
58.5 10.5
58.5 25.5
58.5 37.5
58.5 47.5
