1.5 51.5
1.5 60.5
2.5 20.5
2.5 30.5
2.5 41.5
2.5 51.5
2.5 60.5
3.5 10.5
3.5 20.5
3.5 30.5
3.5 41.5
3.5 42.5
3.5 52.5
3.5 59.5
3.5 60.5
4.5 9.5
4.5 20.5
4.5 21.5
4.5 29.5
4.5 41.5
4.5 42.5
4.5 52.5
4.5 59.5
5.5 8.5
5.5 9.5
5.5 21.5
5.5 28.5
5.5 29.5
5.5 42.5
5.5 43.5
5.5 52.5
5.5 53.5
5.5 58.5
5.5 59.5
6.5 8.5
6.5 21.5
6.5 22.5
6.5 28.5
6.5 42.5
6.5 43.5
6.5 48.5
6.5 53.5
6.5 58.5
7.5 7.5
7.5 8.5
7.5 21.5
7.5 22.5
7.5 27.5
7.5 28.5
7.5 43.5
7.5 48.5
7.5 53.5
7.5 57.5
7.5 58.5
7.5 64.5
8.5 7.5
8.5 13.5
8.5 22.5
8.5 27.5
8.5 33.5
8.5 34.5
8.5 37.5
8.5 43.5
8.5 48.5
8.5 49.5
8.5 57.5
8.5 64.5
9.5 6.5
9.5 12.5
9.5 13.5
9.5 17.5
9.5 22.5
9.5 23.5
9.5 27.5
9.5 33.5
9.5 37.5
9.5 38.5
9.5 44.5
9.5 49.5
9.5 63.5
9.5 64.5
10.5 12.5
10.5 17.5
10.5 23.5
10.5 26.5
10.5 32.5
10.5 33.5
10.5 38.5
10.5 44.5
10.5 49.5
10.5 62.5
10.5 63.5
11.5 11.5
11.5 12.5
11.5 17.5
11.5 18.5
11.5 31.5
11.5 32.5
11.5 39.5
11.5 49.5
11.5 50.5
11.5 62.5
11.5 63.5
12.5 11.5
12.5 18.5
12.5 31.5
12.5 32.5
12.5 39.5
12.5 40.5
12.5 50.5
12.5 61.5
12.5 62.5
13.5 10.5
13.5 11.5
13.5 18.5
13.5 19.5
13.5 30.5
13.5 31.5
13.5 40.5
13.5 50.5
13.5 61.5
14.5 10.5
14.5 19.5
14.5 30.5
14.5 40.5
14.5 61.5
15.5 10.5
15.5 19.5
15.5 41.5
15.5 50.5
16.5 61.5
17.5 9.5
17.5 30.5
17.5 41.5
17.5 51.5
17.5 61.5
18.5 9.5
18.5 20.5
18.5 30.5
18.5 41.5
18.5 51.5
18.5 60.5
18.5 61.5
19.5 8.5
19.5 9.5
19.5 20.5
19.5 21.5
19.5 29.5
19.5 30.5
19.5 41.5
19.5 42.5
19.5 51.5
19.5 52.5
19.5 59.5
19.5 60.5
20.5 8.5
20.5 9.5
20.5 21.5
20.5 29.5
20.5 42.5
20.5 52.5
20.5 59.5
20.5 60.5
21.5 8.5
21.5 21.5
21.5 22.5
21.5 28.5
21.5 29.5
21.5 42.5
21.5 43.5
21.5 47.5
21.5 52.5
21.5 53.5
21.5 59.5
22.5 8.5
22.5 22.5
22.5 28.5
22.5 29.5
22.5 34.5
22.5 37.5
22.5 43.5
22.5 47.5
22.5 53.5
22.5 58.5
22.5 59.5
22.5 66.5
23.5 7.5
23.5 8.5
23.5 13.5
23.5 17.5
23.5 22.5
23.5 23.5
23.5 28.5
23.5 34.5
23.5 38.5
23.5 43.5
23.5 48.5
23.5 53.5
23.5 58.5
23.5 65.5
24.5 7.5
24.5 13.5
24.5 17.5
24.5 23.5
24.5 27.5
24.5 28.5
24.5 33.5
24.5 38.5
24.5 43.5
24.5 48.5
24.5 54.5
24.5 58.5
24.5 64.5
24.5 65.5
25.5 7.5
25.5 12.5
25.5 13.5
25.5 18.5
25.5 24.5
25.5 27.5
25.5 33.5
25.5 38.5
25.5 39.5
25.5 44.5
25.5 48.5
25.5 49.5
25.5 54.5
25.5 57.5
25.5 64.5
26.5 12.5
26.5 18.5
26.5 19.5
26.5 32.5
26.5 33.5
26.5 39.5
26.5 49.5
26.5 63.5
26.5 64.5
27.5 11.5
27.5 12.5
27.5 19.5
27.5 32.5
27.5 39.5
27.5 49.5
27.5 50.5
27.5 63.5
28.5 11.5
28.5 19.5
28.5 20.5
28.5 32.5
28.5 39.5
28.5 40.5
28.5 50.5
28.5 62.5
28.5 63.5
29.5 11.5
29.5 20.5
29.5 31.5
29.5 40.5
29.5 50.5
29.5 62.5
30.5 10.5
30.5 21.5
30.5 31.5
30.5 40.5
30.5 51.5
30.5 61.5
32.5 31.5
32.5 40.5
32.5 50.5
32.5 62.5
33.5 10.5
33.5 21.5
33.5 30.5
33.5 41.5
33.5 51.5
33.5 61.5
33.5 62.5
34.5 10.5
34.5 21.5
34.5 30.5
34.5 41.5
34.5 51.5
34.5 52.5
34.5 61.5
35.5 9.5
35.5 10.5
35.5 21.5
35.5 22.5
35.5 29.5
35.5 30.5
35.5 41.5
35.5 42.5
35.5 52.5
35.5 53.5
35.5 60.5
35.5 61.5
36.5 9.5
36.5 22.5
36.5 29.5
36.5 42.5
36.5 53.5
36.5 59.5
36.5 60.5
37.5 9.5
37.5 14.5
37.5 22.5
37.5 23.5
37.5 28.5
37.5 29.5
37.5 34.5
37.5 42.5
37.5 43.5
37.5 47.5
37.5 53.5
37.5 54.5
37.5 59.5
37.5 66.5
38.5 8.5
38.5 9.5
38.5 17.5
38.5 23.5
38.5 28.5
38.5 33.5
38.5 34.5
38.5 37.5
38.5 43.5
38.5 48.5
38.5 54.5
38.5 58.5
38.5 59.5
38.5 65.5
39.5 8.5
39.5 13.5
39.5 17.5
39.5 18.5
39.5 23.5
39.5 27.5
39.5 33.5
39.5 38.5
39.5 44.5
39.5 48.5
39.5 49.5
39.5 55.5
39.5 58.5
39.5 64.5
39.5 65.5
40.5 8.5
40.5 13.5
40.5 18.5
40.5 24.5
40.5 27.5
40.5 32.5
40.5 33.5
40.5 38.5
40.5 44.5
40.5 49.5
40.5 64.5
40.5 65.5
41.5 12.5
41.5 18.5
41.5 19.5
41.5 32.5
41.5 38.5
41.5 39.5
41.5 49.5
41.5 50.5
41.5 63.5
41.5 64.5
42.5 12.5
42.5 19.5
42.5 31.5
42.5 32.5
42.5 39.5
42.5 40.5
42.5 50.5
42.5 63.5
43.5 11.5
43.5 19.5
43.5 20.5
43.5 31.5
43.5 39.5
43.5 40.5
43.5 51.5
43.5 62.5
43.5 63.5
44.5 11.5
44.5 20.5
44.5 30.5
44.5 31.5
44.5 40.5
44.5 51.5
44.5 62.5
45.5 30.5
45.5 41.5
45.5 52.5
46.5 62.5
47.5 11.5
47.5 20.5
47.5 52.5
47.5 62.5
48.5 11.5
48.5 20.5
48.5 30.5
48.5 41.5
48.5 52.5
48.5 61.5
48.5 62.5
48.5 68.5
49.5 11.5
49.5 21.5
49.5 29.5
49.5 30.5
49.5 40.5
49.5 41.5
49.5 52.5
49.5 53.5
49.5 61.5
50.5 12.5
50.5 21.5
50.5 29.5
50.5 40.5
50.5 52.5
50.5 53.5
50.5 60.5
50.5 61.5
51.5 12.5
51.5 21.5
51.5 22.5
51.5 28.5
51.5 29.5
51.5 39.5
51.5 40.5
51.5 53.5
51.5 59.5
51.5 60.5
52.5 12.5
52.5 22.5
52.5 28.5
52.5 38.5
52.5 39.5
52.5 45.5
52.5 53.5
52.5 54.5
52.5 59.5
52.5 60.5
53.5 8.5
53.5 12.5
53.5 17.5
53.5 22.5
53.5 23.5
53.5 27.5
53.5 28.5
53.5 34.5
53.5 38.5
53.5 44.5
53.5 48.5
53.5 53.5
53.5 54.5
53.5 59.5
53.5 65.5
54.5 8.5
54.5 13.5
54.5 17.5
54.5 23.5
54.5 27.5
54.5 33.5
54.5 37.5
54.5 38.5
54.5 44.5
54.5 48.5
54.5 49.5
54.5 54.5
54.5 58.5
54.5 64.5
54.5 65.5
55.5 8.5
55.5 13.5
55.5 17.5
55.5 18.5
55.5 27.5
55.5 32.5
55.5 33.5
55.5 37.5
55.5 43.5
55.5 44.5
55.5 49.5
55.5 54.5
55.5 58.5
55.5 64.5
56.5 8.5
56.5 9.5
56.5 13.5
56.5 18.5
56.5 32.5
56.5 42.5
56.5 43.5
56.5 49.5
56.5 50.5
56.5 63.5
56.5 64.5
57.5 9.5
57.5 18.5
57.5 19.5
57.5 31.5
57.5 32.5
57.5 42.5
57.5 43.5
57.5 50.5
57.5 63.5
58.5 9.5
58.5 18.5
58.5 19.5
58.5 31.5
58.5 42.5
58.5 50.5
58.5 62.5
58.5 63.5
59.5 9.5
59.5 19.5
59.5 30.5
59.5 41.5
59.5 51.5
59.5 62.5
60.5 10.5
60.5 19.5
60.5 30.5
60.5 41.5
60.5 51.5
60.5 61.5
61.5 10.5
61.5 20.5
