2.5 21.5
2.5 22.5
2.5 30.5
2.5 39.5
2.5 40.5
2.5 51.5
2.5 52.5
2.5 53.5
2.5 61.5
2.5 62.5
3.5 8.5
3.5 9.5
3.5 21.5
3.5 22.5
3.5 23.5
3.5 29.5
3.5 30.5
3.5 39.5
3.5 40.5
3.5 41.5
3.5 51.5
3.5 52.5
3.5 53.5
3.5 61.5
3.5 62.5
3.5 63.5
4.5 8.5
4.5 9.5
4.5 21.5
4.5 22.5
4.5 23.5
4.5 28.5
4.5 29.5
4.5 30.5
4.5 38.5
4.5 39.5
4.5 40.5
4.5 51.5
4.5 52.5
4.5 53.5
4.5 61.5
4.5 62.5
4.5 63.5
5.5 7.5
5.5 8.5
5.5 9.5
5.5 21.5
5.5 22.5
5.5 23.5
5.5 24.5
5.5 28.5
5.5 29.5
5.5 30.5
5.5 38.5
5.5 39.5
5.5 40.5
5.5 52.5
5.5 53.5
5.5 54.5
5.5 62.5
5.5 63.5
6.5 7.5
6.5 8.5
6.5 22.5
6.5 23.5
6.5 24.5
6.5 28.5
6.5 29.5
6.5 38.5
6.5 39.5
6.5 52.5
6.5 53.5
6.5 63.5
7.5 7.5
7.5 8.5
7.5 33.5
7.5 34.5
7.5 44.5
7.5 48.5
7.5 49.5
7.5 58.5
7.5 59.5
8.5 11.5
8.5 12.5
8.5 17.5
8.5 18.5
8.5 32.5
8.5 33.5
8.5 34.5
8.5 43.5
8.5 44.5
8.5 48.5
8.5 49.5
8.5 58.5
8.5 59.5
9.5 11.5
9.5 12.5
9.5 13.5
9.5 17.5
9.5 18.5
9.5 19.5
9.5 31.5
9.5 32.5
9.5 33.5
9.5 34.5
9.5 42.5
9.5 43.5
9.5 44.5
9.5 48.5
9.5 49.5
9.5 50.5
9.5 58.5
9.5 59.5
9.5 60.5
10.5 10.5
10.5 11.5
10.5 12.5
10.5 17.5
10.5 18.5
10.5 19.5
10.5 20.5
10.5 31.5
10.5 32.5
10.5 33.5
10.5 42.5
10.5 43.5
10.5 44.5
10.5 49.5
10.5 50.5
10.5 58.5
10.5 59.5
10.5 60.5
11.5 10.5
11.5 11.5
11.5 12.5
11.5 18.5
11.5 19.5
11.5 20.5
11.5 31.5
11.5 32.5
11.5 33.5
11.5 42.5
11.5 43.5
11.5 44.5
11.5 49.5
11.5 50.5
11.5 59.5
11.5 60.5
12.5 10.5
12.5 11.5
12.5 19.5
12.5 20.5
12.5 43.5
12.5 50.5
17.5 9.5
17.5 20.5
17.5 32.5
17.5 59.5
18.5 8.5
18.5 9.5
18.5 19.5
18.5 20.5
18.5 31.5
18.5 32.5
18.5 33.5
18.5 42.5
18.5 43.5
18.5 50.5
18.5 58.5
18.5 59.5
18.5 60.5
19.5 7.5
19.5 8.5
19.5 9.5
19.5 18.5
19.5 19.5
19.5 20.5
19.5 32.5
19.5 33.5
19.5 34.5
19.5 42.5
19.5 43.5
19.5 44.5
19.5 49.5
19.5 50.5
19.5 58.5
19.5 59.5
19.5 60.5
20.5 7.5
20.5 8.5
20.5 9.5
20.5 18.5
20.5 19.5
20.5 20.5
20.5 32.5
20.5 33.5
20.5 34.5
20.5 43.5
20.5 44.5
20.5 49.5
20.5 50.5
20.5 58.5
20.5 59.5
20.5 60.5
21.5 7.5
21.5 8.5
21.5 18.5
21.5 19.5
21.5 32.5
21.5 33.5
21.5 34.5
21.5 43.5
21.5 44.5
21.5 45.5
21.5 49.5
21.5 50.5
21.5 58.5
21.5 59.5
22.5 13.5
22.5 23.5
22.5 33.5
22.5 34.5
22.5 44.5
22.5 45.5
22.5 49.5
22.5 58.5
22.5 59.5
23.5 11.5
23.5 12.5
23.5 13.5
23.5 14.5
23.5 22.5
23.5 23.5
23.5 28.5
23.5 29.5
23.5 39.5
23.5 40.5
23.5 52.5
23.5 53.5
23.5 62.5
23.5 63.5
24.5 11.5
24.5 12.5
24.5 13.5
24.5 22.5
24.5 23.5
24.5 27.5
24.5 28.5
24.5 29.5
24.5 30.5
24.5 39.5
24.5 40.5
24.5 41.5
24.5 52.5
24.5 53.5
24.5 54.5
24.5 62.5
24.5 63.5
25.5 11.5
25.5 12.5
25.5 13.5
25.5 21.5
25.5 22.5
25.5 23.5
25.5 28.5
25.5 29.5
25.5 30.5
25.5 39.5
25.5 40.5
25.5 41.5
25.5 52.5
25.5 53.5
25.5 54.5
25.5 62.5
25.5 63.5
26.5 11.5
26.5 12.5
26.5 21.5
26.5 22.5
26.5 23.5
26.5 28.5
26.5 29.5
26.5 30.5
26.5 39.5
26.5 40.5
26.5 41.5
26.5 51.5
26.5 52.5
26.5 53.5
26.5 61.5
26.5 62.5
26.5 63.5
27.5 21.5
27.5 22.5
27.5 28.5
27.5 29.5
27.5 30.5
27.5 40.5
27.5 41.5
27.5 52.5
27.5 53.5
27.5 61.5
27.5 62.5
27.5 63.5
28.5 29.5
28.5 30.5
28.5 62.5
32.5 9.5
32.5 10.5
33.5 8.5
33.5 9.5
33.5 10.5
33.5 19.5
33.5 20.5
33.5 42.5
33.5 43.5
33.5 50.5
33.5 51.5
34.5 8.5
34.5 9.5
34.5 10.5
34.5 19.5
34.5 20.5
34.5 30.5
34.5 31.5
34.5 32.5
34.5 42.5
34.5 43.5
34.5 44.5
34.5 49.5
34.5 50.5
34.5 51.5
34.5 59.5
34.5 60.5
34.5 61.5
35.5 8.5
35.5 9.5
35.5 10.5
35.5 18.5
35.5 19.5
35.5 20.5
35.5 30.5
35.5 31.5
35.5 32.5
35.5 33.5
35.5 42.5
35.5 43.5
35.5 44.5
35.5 49.5
35.5 50.5
35.5 51.5
35.5 59.5
35.5 60.5
35.5 61.5
36.5 8.5
36.5 9.5
36.5 10.5
36.5 18.5
36.5 19.5
36.5 20.5
36.5 30.5
36.5 31.5
36.5 32.5
36.5 33.5
36.5 42.5
36.5 43.5
36.5 44.5
36.5 49.5
36.5 50.5
36.5 59.5
36.5 60.5
37.5 8.5
37.5 9.5
37.5 18.5
37.5 19.5
37.5 31.5
37.5 32.5
37.5 33.5
37.5 43.5
37.5 44.5
37.5 49.5
37.5 50.5
37.5 58.5
37.5 59.5
37.5 60.5
38.5 13.5
38.5 14.5
38.5 18.5
38.5 19.5
38.5 32.5
38.5 38.5
38.5 39.5
38.5 53.5
38.5 54.5
38.5 59.5
39.5 12.5
39.5 13.5
39.5 14.5
39.5 22.5
39.5 23.5
39.5 27.5
39.5 28.5
39.5 37.5
39.5 38.5
39.5 39.5
39.5 40.5
39.5 53.5
39.5 54.5
39.5 63.5
39.5 64.5
40.5 12.5
40.5 13.5
40.5 14.5
40.5 22.5
40.5 23.5
40.5 27.5
40.5 28.5
40.5 29.5
40.5 37.5
40.5 38.5
40.5 39.5
40.5 40.5
40.5 52.5
40.5 53.5
40.5 54.5
40.5 62.5
40.5 63.5
40.5 64.5
41.5 11.5
41.5 12.5
41.5 13.5
41.5 14.5
41.5 21.5
41.5 22.5
41.5 23.5
41.5 28.5
41.5 29.5
41.5 38.5
41.5 39.5
41.5 40.5
41.5 52.5
41.5 53.5
41.5 54.5
41.5 62.5
41.5 63.5
42.5 11.5
42.5 12.5
42.5 13.5
42.5 21.5
42.5 22.5
42.5 23.5
42.5 28.5
42.5 29.5
42.5 38.5
42.5 39.5
42.5 40.5
42.5 52.5
42.5 53.5
42.5 62.5
42.5 63.5
43.5 11.5
43.5 12.5
43.5 21.5
43.5 22.5
43.5 29.5
43.5 62.5
48.5 29.5
48.5 39.5
48.5 40.5
48.5 52.5
48.5 53.5
48.5 60.5
49.5 9.5
49.5 10.5
49.5 21.5
49.5 22.5
49.5 28.5
49.5 29.5
49.5 38.5
49.5 39.5
49.5 40.5
49.5 52.5
49.5 53.5
49.5 59.5
49.5 60.5
49.5 61.5
50.5 8.5
50.5 9.5
50.5 10.5
50.5 21.5
50.5 22.5
50.5 23.5
50.5 27.5
50.5 28.5
50.5 29.5
50.5 38.5
50.5 39.5
50.5 40.5
50.5 52.5
50.5 53.5
50.5 54.5
50.5 59.5
50.5 60.5
51.5 8.5
51.5 9.5
51.5 10.5
51.5 21.5
51.5 22.5
51.5 23.5
51.5 27.5
51.5 28.5
51.5 37.5
51.5 38.5
51.5 39.5
51.5 40.5
51.5 52.5
51.5 53.5
51.5 54.5
51.5 58.5
51.5 59.5
51.5 60.5
52.5 8.5
52.5 9.5
52.5 10.5
52.5 21.5
52.5 22.5
52.5 23.5
52.5 27.5
52.5 37.5
52.5 38.5
52.5 39.5
52.5 53.5
52.5 54.5
52.5 58.5
52.5 59.5
53.5 8.5
53.5 9.5
53.5 31.5
53.5 32.5
53.5 33.5
53.5 43.5
53.5 44.5
53.5 48.5
53.5 49.5
53.5 63.5
54.5 13.5
54.5 18.5
54.5 30.5
54.5 31.5
54.5 32.5
54.5 33.5
54.5 42.5
54.5 43.5
54.5 44.5
54.5 48.5
54.5 49.5
54.5 50.5
54.5 62.5
54.5 63.5
55.5 12.5
55.5 13.5
55.5 14.5
55.5 18.5
55.5 19.5
55.5 30.5
55.5 31.5
55.5 32.5
55.5 33.5
55.5 42.5
55.5 43.5
55.5 44.5
55.5 48.5
55.5 49.5
55.5 50.5
55.5 62.5
55.5 63.5
56.5 11.5
56.5 12.5
56.5 13.5
56.5 14.5
56.5 18.5
56.5 19.5
56.5 30.5
56.5 31.5
56.5 32.5
56.5 42.5
56.5 43.5
56.5 49.5
56.5 50.5
56.5 61.5
56.5 62.5
56.5 63.5
57.5 11.5
57.5 12.5
57.5 13.5
57.5 18.5
57.5 19.5
57.5 30.5
57.5 31.5
57.5 41.5
57.5 42.5
57.5 49.5
57.5 50.5
57.5 61.5
57.5 62.5
57.5 63.5
58.5 11.5
58.5 12.5
58.5 19.5
58.5 61.5
58.5 62.5
