2.5 11.5
2.5 12.5
2.5 25.5
2.5 37.5
2.5 48.5
2.5 49.5
2.5 58.5
2.5 59.5
3.5 9.5
3.5 10.5
3.5 11.5
3.5 12.5
3.5 26.5
3.5 37.5
3.5 38.5
3.5 49.5
3.5 50.5
3.5 57.5
3.5 58.5
4.5 8.5
4.5 9.5
4.5 10.5
4.5 11.5
4.5 26.5
4.5 27.5
4.5 38.5
4.5 39.5
4.5 49.5
4.5 50.5
4.5 56.5
4.5 57.5
4.5 58.5
5.5 7.5
5.5 8.5
5.5 9.5
5.5 27.5
5.5 28.5
5.5 38.5
5.5 39.5
5.5 50.5
5.5 55.5
5.5 56.5
6.5 17.5
6.5 28.5
6.5 39.5
6.5 40.5
7.5 15.5
7.5 16.5
7.5 22.5
7.5 33.5
7.5 34.5
7.5 45.5
7.5 62.5
7.5 63.5
8.5 14.5
8.5 15.5
8.5 16.5
8.5 22.5
8.5 23.5
8.5 33.5
8.5 34.5
8.5 45.5
8.5 46.5
8.5 61.5
8.5 62.5
8.5 63.5
9.5 13.5
9.5 14.5
9.5 15.5
9.5 23.5
9.5 24.5
9.5 34.5
9.5 35.5
9.5 46.5
9.5 47.5
9.5 60.5
9.5 61.5
10.5 13.5
10.5 24.5
10.5 35.5
10.5 36.5
10.5 47.5
14.5 12.5
14.5 13.5
14.5 59.5
14.5 60.5
15.5 10.5
15.5 11.5
15.5 12.5
15.5 25.5
15.5 36.5
15.5 37.5
15.5 46.5
15.5 47.5
15.5 58.5
15.5 59.5
15.5 60.5
16.5 9.5
16.5 10.5
16.5 25.5
16.5 26.5
16.5 37.5
16.5 38.5
16.5 45.5
16.5 46.5
16.5 57.5
16.5 58.5
16.5 59.5
17.5 26.5
17.5 39.5
17.5 44.5
17.5 56.5
17.5 57.5
18.5 15.5
18.5 26.5
18.5 27.5
18.5 50.5
18.5 51.5
18.5 52.5
18.5 63.5
18.5 64.5
19.5 14.5
19.5 15.5
19.5 20.5
19.5 21.5
19.5 27.5
19.5 32.5
19.5 33.5
19.5 49.5
19.5 50.5
19.5 51.5
19.5 62.5
19.5 63.5
20.5 13.5
20.5 14.5
20.5 15.5
20.5 20.5
20.5 21.5
20.5 32.5
20.5 33.5
20.5 34.5
20.5 48.5
20.5 49.5
20.5 50.5
20.5 61.5
20.5 62.5
21.5 13.5
21.5 14.5
21.5 21.5
21.5 22.5
21.5 33.5
21.5 34.5
21.5 35.5
21.5 61.5
22.5 13.5
22.5 21.5
22.5 22.5
23.5 22.5
25.5 48.5
26.5 10.5
26.5 35.5
26.5 36.5
26.5 46.5
26.5 47.5
26.5 48.5
26.5 59.5
26.5 60.5
27.5 9.5
27.5 10.5
27.5 36.5
27.5 37.5
27.5 45.5
27.5 46.5
27.5 47.5
27.5 58.5
27.5 59.5
28.5 9.5
28.5 10.5
28.5 22.5
28.5 23.5
28.5 37.5
28.5 38.5
28.5 39.5
28.5 45.5
28.5 46.5
28.5 58.5
28.5 59.5
29.5 8.5
29.5 9.5
29.5 20.5
29.5 21.5
29.5 22.5
29.5 38.5
29.5 39.5
29.5 44.5
29.5 45.5
29.5 57.5
29.5 58.5
30.5 8.5
30.5 20.5
30.5 51.5
30.5 52.5
30.5 57.5
30.5 64.5
31.5 26.5
31.5 27.5
31.5 32.5
31.5 50.5
31.5 51.5
31.5 52.5
31.5 63.5
31.5 64.5
32.5 13.5
32.5 14.5
32.5 15.5
32.5 26.5
32.5 27.5
32.5 32.5
32.5 33.5
32.5 34.5
32.5 50.5
32.5 51.5
32.5 62.5
32.5 63.5
32.5 64.5
33.5 12.5
33.5 13.5
33.5 14.5
33.5 25.5
33.5 26.5
33.5 34.5
33.5 35.5
33.5 49.5
33.5 50.5
33.5 62.5
33.5 63.5
34.5 11.5
34.5 35.5
34.5 49.5
34.5 61.5
34.5 62.5
38.5 12.5
38.5 13.5
38.5 24.5
38.5 36.5
39.5 12.5
39.5 13.5
39.5 14.5
39.5 15.5
39.5 23.5
39.5 24.5
39.5 36.5
39.5 37.5
39.5 38.5
39.5 48.5
39.5 49.5
39.5 61.5
40.5 13.5
40.5 14.5
40.5 15.5
40.5 16.5
40.5 22.5
40.5 23.5
40.5 37.5
40.5 38.5
40.5 49.5
40.5 50.5
40.5 61.5
40.5 62.5
40.5 63.5
41.5 15.5
41.5 16.5
41.5 21.5
41.5 22.5
41.5 38.5
41.5 39.5
41.5 50.5
41.5 51.5
41.5 62.5
41.5 63.5
42.5 39.5
42.5 44.5
42.5 51.5
42.5 63.5
42.5 64.5
43.5 7.5
43.5 8.5
43.5 9.5
43.5 27.5
43.5 28.5
43.5 33.5
43.5 44.5
43.5 45.5
43.5 56.5
43.5 57.5
44.5 9.5
44.5 10.5
44.5 11.5
44.5 26.5
44.5 27.5
44.5 33.5
44.5 34.5
44.5 45.5
44.5 46.5
44.5 56.5
44.5 57.5
44.5 58.5
45.5 10.5
45.5 11.5
45.5 25.5
45.5 26.5
45.5 27.5
45.5 33.5
45.5 34.5
45.5 45.5
45.5 46.5
45.5 57.5
45.5 58.5
46.5 25.5
46.5 26.5
46.5 34.5
46.5 35.5
46.5 46.5
46.5 47.5
46.5 58.5
46.5 59.5
47.5 35.5
50.5 11.5
50.5 12.5
51.5 12.5
51.5 13.5
51.5 24.5
51.5 25.5
51.5 36.5
51.5 46.5
51.5 47.5
51.5 58.5
52.5 12.5
52.5 13.5
52.5 14.5
52.5 25.5
52.5 26.5
52.5 36.5
52.5 37.5
52.5 45.5
52.5 46.5
52.5 57.5
52.5 58.5
53.5 13.5
53.5 14.5
53.5 15.5
53.5 26.5
53.5 27.5
53.5 37.5
53.5 38.5
53.5 45.5
53.5 46.5
53.5 56.5
53.5 57.5
54.5 14.5
54.5 15.5
54.5 27.5
54.5 38.5
54.5 39.5
54.5 44.5
54.5 45.5
54.5 56.5
55.5 7.5
55.5 15.5
55.5 20.5
55.5 21.5
55.5 39.5
55.5 44.5
55.5 51.5
55.5 62.5
55.5 63.5
56.5 7.5
56.5 8.5
56.5 21.5
56.5 22.5
56.5 32.5
56.5 33.5
56.5 50.5
56.5 51.5
56.5 61.5
56.5 62.5
56.5 63.5
57.5 8.5
57.5 9.5
57.5 21.5
57.5 22.5
57.5 33.5
57.5 34.5
57.5 49.5
57.5 50.5
57.5 61.5
57.5 62.5
58.5 9.5
58.5 10.5
58.5 22.5
58.5 34.5
58.5 35.5
58.5 48.5
58.5 49.5
58.5 60.5
58.5 61.5
59.5 10.5
59.5 48.5
59.5 60.5
