3.5 23.5
3.5 24.5
3.5 48.5
3.5 49.5
3.5 58.5
3.5 59.5
4.5 12.5
4.5 23.5
4.5 24.5
4.5 33.5
4.5 34.5
4.5 48.5
4.5 49.5
4.5 50.5
4.5 58.5
4.5 59.5
5.5 12.5
5.5 13.5
5.5 23.5
5.5 24.5
5.5 25.5
5.5 32.5
5.5 33.5
5.5 34.5
5.5 48.5
5.5 49.5
5.5 50.5
5.5 57.5
5.5 58.5
5.5 59.5
6.5 12.5
6.5 13.5
6.5 24.5
6.5 25.5
6.5 32.5
6.5 33.5
6.5 34.5
6.5 48.5
6.5 49.5
6.5 50.5
6.5 51.5
6.5 57.5
6.5 58.5
6.5 59.5
7.5 12.5
7.5 13.5
7.5 24.5
7.5 25.5
7.5 26.5
7.5 32.5
7.5 33.5
7.5 34.5
7.5 49.5
7.5 50.5
7.5 51.5
7.5 57.5
7.5 58.5
8.5 12.5
8.5 13.5
8.5 25.5
8.5 26.5
8.5 32.5
8.5 33.5
8.5 34.5
8.5 49.5
8.5 50.5
8.5 51.5
8.5 57.5
8.5 58.5
9.5 12.5
9.5 13.5
9.5 25.5
9.5 26.5
9.5 32.5
9.5 33.5
9.5 50.5
9.5 51.5
9.5 57.5
10.5 12.5
10.5 13.5
10.5 19.5
10.5 20.5
10.5 26.5
10.5 32.5
10.5 33.5
10.5 62.5
10.5 63.5
11.5 8.5
11.5 13.5
11.5 19.5
11.5 20.5
11.5 38.5
11.5 44.5
11.5 45.5
11.5 62.5
11.5 63.5
12.5 8.5
12.5 19.5
12.5 20.5
12.5 21.5
12.5 37.5
12.5 38.5
12.5 44.5
12.5 45.5
12.5 46.5
12.5 61.5
12.5 62.5
12.5 63.5
13.5 8.5
13.5 9.5
13.5 19.5
13.5 20.5
13.5 21.5
13.5 37.5
13.5 38.5
13.5 44.5
13.5 45.5
13.5 46.5
13.5 61.5
13.5 62.5
13.5 63.5
14.5 8.5
14.5 9.5
14.5 19.5
14.5 20.5
14.5 21.5
14.5 22.5
14.5 36.5
14.5 37.5
14.5 38.5
14.5 44.5
14.5 45.5
14.5 46.5
14.5 47.5
14.5 61.5
14.5 62.5
14.5 63.5
15.5 8.5
15.5 9.5
15.5 20.5
15.5 21.5
15.5 22.5
15.5 36.5
15.5 37.5
15.5 38.5
15.5 45.5
15.5 46.5
15.5 47.5
15.5 61.5
15.5 62.5
16.5 9.5
16.5 10.5
16.5 20.5
16.5 21.5
16.5 22.5
16.5 36.5
16.5 37.5
16.5 46.5
16.5 47.5
16.5 61.5
16.5 62.5
17.5 21.5
17.5 22.5
17.5 36.5
17.5 37.5
17.5 47.5
23.5 9.5
23.5 49.5
23.5 61.5
24.5 8.5
24.5 9.5
24.5 23.5
24.5 24.5
24.5 34.5
24.5 35.5
24.5 48.5
24.5 49.5
24.5 50.5
24.5 61.5
24.5 62.5
25.5 8.5
25.5 9.5
25.5 23.5
25.5 24.5
25.5 25.5
25.5 34.5
25.5 35.5
25.5 48.5
25.5 49.5
25.5 50.5
25.5 61.5
25.5 62.5
26.5 8.5
26.5 9.5
26.5 23.5
26.5 24.5
26.5 25.5
26.5 33.5
26.5 34.5
26.5 35.5
26.5 49.5
26.5 50.5
26.5 51.5
26.5 61.5
26.5 62.5
26.5 63.5
27.5 8.5
27.5 9.5
27.5 23.5
27.5 24.5
27.5 25.5
27.5 26.5
27.5 33.5
27.5 34.5
27.5 49.5
27.5 50.5
27.5 51.5
27.5 61.5
27.5 62.5
27.5 63.5
28.5 7.5
28.5 8.5
28.5 9.5
28.5 24.5
28.5 25.5
28.5 26.5
28.5 32.5
28.5 33.5
28.5 34.5
28.5 49.5
28.5 50.5
28.5 51.5
28.5 52.5
28.5 61.5
28.5 62.5
28.5 63.5
29.5 7.5
29.5 8.5
29.5 24.5
29.5 25.5
29.5 26.5
29.5 27.5
29.5 32.5
29.5 33.5
29.5 34.5
29.5 50.5
29.5 51.5
29.5 52.5
29.5 62.5
29.5 63.5
30.5 25.5
30.5 26.5
30.5 27.5
30.5 32.5
30.5 33.5
30.5 51.5
30.5 52.5
30.5 57.5
30.5 63.5
31.5 13.5
31.5 19.5
31.5 26.5
31.5 32.5
31.5 38.5
31.5 44.5
31.5 52.5
31.5 57.5
31.5 58.5
32.5 12.5
32.5 13.5
32.5 14.5
32.5 19.5
32.5 20.5
32.5 37.5
32.5 38.5
32.5 44.5
32.5 45.5
32.5 57.5
32.5 58.5
33.5 12.5
33.5 13.5
33.5 14.5
33.5 19.5
33.5 20.5
33.5 21.5
33.5 37.5
33.5 38.5
33.5 44.5
33.5 45.5
33.5 46.5
33.5 57.5
33.5 58.5
33.5 59.5
34.5 12.5
34.5 13.5
34.5 14.5
34.5 19.5
34.5 20.5
34.5 21.5
34.5 36.5
34.5 37.5
34.5 38.5
34.5 44.5
34.5 45.5
34.5 46.5
34.5 47.5
34.5 58.5
34.5 59.5
35.5 12.5
35.5 13.5
35.5 14.5
35.5 20.5
35.5 21.5
35.5 22.5
35.5 36.5
35.5 37.5
35.5 38.5
35.5 45.5
35.5 46.5
35.5 47.5
35.5 58.5
35.5 59.5
36.5 12.5
36.5 13.5
36.5 20.5
36.5 21.5
36.5 22.5
36.5 36.5
36.5 37.5
36.5 45.5
36.5 46.5
36.5 47.5
36.5 58.5
36.5 59.5
37.5 12.5
37.5 13.5
37.5 21.5
37.5 22.5
37.5 36.5
37.5 37.5
37.5 46.5
37.5 47.5
37.5 48.5
37.5 59.5
38.5 12.5
38.5 22.5
38.5 23.5
38.5 36.5
38.5 47.5
44.5 10.5
44.5 11.5
44.5 36.5
44.5 49.5
44.5 59.5
45.5 10.5
45.5 11.5
45.5 24.5
45.5 36.5
45.5 37.5
45.5 49.5
45.5 50.5
45.5 59.5
46.5 9.5
46.5 10.5
46.5 11.5
46.5 24.5
46.5 25.5
46.5 36.5
46.5 37.5
46.5 49.5
46.5 50.5
46.5 51.5
46.5 58.5
46.5 59.5
47.5 9.5
47.5 10.5
47.5 11.5
47.5 24.5
47.5 25.5
47.5 26.5
47.5 36.5
47.5 37.5
47.5 38.5
47.5 49.5
47.5 50.5
47.5 51.5
47.5 52.5
47.5 58.5
47.5 59.5
48.5 8.5
48.5 9.5
48.5 10.5
48.5 11.5
48.5 24.5
48.5 25.5
48.5 26.5
48.5 36.5
48.5 37.5
48.5 38.5
48.5 50.5
48.5 51.5
48.5 52.5
48.5 58.5
48.5 59.5
49.5 8.5
49.5 9.5
49.5 10.5
49.5 24.5
49.5 25.5
49.5 26.5
49.5 37.5
49.5 38.5
49.5 50.5
49.5 51.5
49.5 52.5
49.5 53.5
49.5 58.5
50.5 8.5
50.5 9.5
50.5 10.5
50.5 25.5
50.5 26.5
50.5 37.5
50.5 38.5
50.5 39.5
50.5 51.5
50.5 52.5
50.5 53.5
50.5 58.5
50.5 63.5
51.5 9.5
51.5 25.5
51.5 26.5
51.5 32.5
51.5 38.5
51.5 39.5
51.5 44.5
51.5 45.5
51.5 62.5
51.5 63.5
52.5 15.5
52.5 20.5
52.5 26.5
52.5 31.5
52.5 32.5
52.5 33.5
52.5 44.5
52.5 45.5
52.5 46.5
52.5 62.5
52.5 63.5
53.5 14.5
53.5 15.5
53.5 16.5
53.5 20.5
53.5 21.5
53.5 31.5
53.5 32.5
53.5 33.5
53.5 44.5
53.5 45.5
53.5 46.5
53.5 47.5
53.5 61.5
53.5 62.5
53.5 63.5
54.5 13.5
54.5 14.5
54.5 15.5
54.5 21.5
54.5 32.5
54.5 33.5
54.5 34.5
54.5 45.5
54.5 46.5
54.5 47.5
54.5 61.5
54.5 62.5
54.5 63.5
55.5 13.5
55.5 14.5
55.5 15.5
55.5 21.5
55.5 22.5
55.5 32.5
55.5 33.5
55.5 34.5
55.5 45.5
55.5 46.5
55.5 47.5
55.5 48.5
55.5 61.5
55.5 62.5
55.5 63.5
56.5 13.5
56.5 14.5
56.5 15.5
56.5 21.5
56.5 22.5
56.5 32.5
56.5 33.5
56.5 34.5
56.5 46.5
56.5 47.5
56.5 48.5
56.5 61.5
56.5 62.5
57.5 13.5
57.5 14.5
57.5 21.5
57.5 22.5
57.5 33.5
57.5 34.5
57.5 46.5
57.5 47.5
57.5 48.5
58.5 13.5
58.5 22.5
58.5 33.5
58.5 34.5
