1.5 13.5
1.5 24.5
1.5 36.5
1.5 48.5
1.5 60.5
2.5 12.5
2.5 24.5
2.5 36.5
2.5 47.5
2.5 60.5
3.5 12.5
3.5 24.5
3.5 37.5
3.5 47.5
3.5 61.5
4.5 11.5
4.5 23.5
4.5 37.5
4.5 47.5
4.5 61.5
5.5 11.5
5.5 23.5
5.5 37.5
5.5 46.5
5.5 61.5
5.5 62.5
6.5 10.5
6.5 11.5
6.5 23.5
6.5 38.5
6.5 46.5
6.5 62.5
7.5 10.5
7.5 17.5
7.5 38.5
7.5 46.5
7.5 55.5
7.5 62.5
7.5 63.5
8.5 9.5
8.5 10.5
8.5 17.5
8.5 22.5
8.5 28.5
8.5 31.5
8.5 38.5
8.5 45.5
8.5 52.5
8.5 56.5
8.5 63.5
9.5 9.5
9.5 16.5
9.5 22.5
9.5 39.5
9.5 45.5
9.5 56.5
9.5 63.5
9.5 64.5
10.5 9.5
10.5 16.5
10.5 22.5
10.5 27.5
10.5 32.5
10.5 39.5
10.5 45.5
10.5 51.5
10.5 56.5
10.5 64.5
10.5 68.5
11.5 8.5
11.5 15.5
11.5 16.5
11.5 21.5
11.5 27.5
11.5 32.5
11.5 39.5
11.5 44.5
11.5 51.5
11.5 57.5
11.5 64.5
12.5 8.5
12.5 15.5
12.5 21.5
12.5 33.5
12.5 40.5
12.5 44.5
12.5 50.5
12.5 57.5
12.5 65.5
13.5 7.5
13.5 15.5
13.5 21.5
13.5 26.5
13.5 33.5
13.5 40.5
13.5 44.5
13.5 50.5
13.5 58.5
14.5 14.5
14.5 26.5
14.5 33.5
14.5 34.5
14.5 40.5
14.5 49.5
14.5 50.5
14.5 58.5
15.5 14.5
15.5 34.5
15.5 49.5
15.5 58.5
16.5 14.5
16.5 25.5
16.5 34.5
16.5 49.5
16.5 59.5
17.5 13.5
17.5 25.5
17.5 35.5
17.5 48.5
17.5 59.5
18.5 13.5
18.5 35.5
18.5 48.5
18.5 60.5
19.5 24.5
19.5 59.5
19.5 60.5
20.5 12.5
20.5 24.5
20.5 36.5
20.5 47.5
21.5 35.5
21.5 60.5
22.5 12.5
22.5 23.5
22.5 24.5
22.5 35.5
22.5 48.5
22.5 60.5
23.5 12.5
23.5 24.5
23.5 36.5
23.5 48.5
23.5 60.5
24.5 13.5
24.5 23.5
24.5 36.5
24.5 49.5
24.5 61.5
25.5 13.5
25.5 23.5
25.5 37.5
25.5 49.5
25.5 61.5
26.5 7.5
26.5 13.5
26.5 22.5
26.5 37.5
26.5 49.5
26.5 55.5
26.5 61.5
26.5 62.5
27.5 7.5
27.5 14.5
27.5 22.5
27.5 28.5
27.5 37.5
27.5 43.5
27.5 50.5
27.5 62.5
28.5 7.5
28.5 14.5
28.5 21.5
28.5 31.5
28.5 38.5
28.5 50.5
28.5 56.5
28.5 62.5
29.5 8.5
29.5 14.5
29.5 21.5
29.5 27.5
29.5 31.5
29.5 38.5
29.5 44.5
29.5 50.5
29.5 56.5
29.5 62.5
30.5 8.5
30.5 15.5
30.5 20.5
30.5 27.5
30.5 32.5
30.5 38.5
30.5 39.5
30.5 44.5
30.5 51.5
30.5 56.5
30.5 63.5
31.5 8.5
31.5 15.5
31.5 20.5
31.5 26.5
31.5 27.5
31.5 32.5
31.5 39.5
31.5 45.5
31.5 51.5
31.5 57.5
31.5 63.5
32.5 8.5
32.5 9.5
32.5 19.5
32.5 26.5
32.5 33.5
32.5 39.5
32.5 45.5
32.5 51.5
32.5 57.5
33.5 9.5
33.5 16.5
33.5 19.5
33.5 26.5
33.5 33.5
33.5 40.5
33.5 45.5
33.5 57.5
34.5 9.5
34.5 16.5
34.5 25.5
34.5 26.5
34.5 33.5
34.5 40.5
34.5 46.5
34.5 52.5
34.5 58.5
35.5 9.5
35.5 25.5
35.5 34.5
35.5 46.5
35.5 58.5
36.5 10.5
36.5 25.5
36.5 34.5
36.5 46.5
36.5 58.5
37.5 10.5
37.5 24.5
37.5 34.5
37.5 35.5
37.5 47.5
37.5 59.5
38.5 10.5
38.5 24.5
38.5 35.5
38.5 47.5
38.5 59.5
39.5 10.5
39.5 24.5
39.5 35.5
39.5 47.5
39.5 59.5
40.5 11.5
40.5 23.5
40.5 36.5
40.5 60.5
41.5 11.5
41.5 23.5
41.5 24.5
41.5 36.5
41.5 47.5
41.5 48.5
41.5 60.5
42.5 35.5
42.5 59.5
43.5 10.5
43.5 23.5
43.5 36.5
43.5 48.5
43.5 59.5
44.5 10.5
44.5 23.5
44.5 36.5
44.5 48.5
44.5 59.5
45.5 10.5
45.5 22.5
45.5 36.5
45.5 49.5
45.5 58.5
45.5 68.5
46.5 9.5
46.5 22.5
46.5 37.5
46.5 49.5
46.5 58.5
46.5 64.5
47.5 9.5
47.5 21.5
47.5 22.5
47.5 37.5
47.5 49.5
47.5 50.5
47.5 58.5
48.5 9.5
48.5 15.5
48.5 21.5
48.5 29.5
48.5 31.5
48.5 38.5
48.5 43.5
48.5 50.5
48.5 57.5
48.5 63.5
49.5 8.5
49.5 15.5
49.5 21.5
49.5 38.5
49.5 50.5
49.5 57.5
49.5 63.5
50.5 8.5
50.5 20.5
50.5 28.5
50.5 32.5
50.5 38.5
50.5 44.5
50.5 51.5
50.5 56.5
50.5 63.5
51.5 8.5
51.5 14.5
51.5 20.5
51.5 27.5
51.5 32.5
51.5 39.5
51.5 44.5
51.5 51.5
51.5 56.5
51.5 63.5
52.5 7.5
52.5 14.5
52.5 19.5
52.5 27.5
52.5 33.5
52.5 39.5
52.5 45.5
52.5 56.5
52.5 62.5
53.5 7.5
53.5 19.5
53.5 26.5
53.5 27.5
53.5 33.5
53.5 45.5
53.5 52.5
53.5 62.5
54.5 7.5
54.5 13.5
54.5 19.5
54.5 26.5
54.5 34.5
54.5 40.5
54.5 46.5
54.5 55.5
54.5 62.5
55.5 13.5
55.5 25.5
55.5 26.5
55.5 34.5
55.5 46.5
55.5 61.5
56.5 13.5
56.5 25.5
56.5 46.5
56.5 47.5
56.5 61.5
57.5 12.5
57.5 24.5
57.5 35.5
57.5 47.5
57.5 61.5
58.5 12.5
58.5 24.5
58.5 35.5
58.5 47.5
58.5 61.5
59.5 23.5
59.5 36.5
59.5 48.5
59.5 60.5
60.5 11.5
60.5 23.5
60.5 36.5
60.5 48.5
60.5 60.5
61.5 11.5
61.5 60.5
