1.5 23.5
1.5 35.5
1.5 47.5
2.5 23.5
2.5 34.5
2.5 46.5
2.5 47.5
3.5 10.5
3.5 22.5
3.5 33.5
3.5 46.5
3.5 60.5
4.5 10.5
4.5 21.5
4.5 22.5
4.5 32.5
4.5 33.5
4.5 45.5
4.5 46.5
4.5 59.5
5.5 9.5
5.5 21.5
5.5 32.5
5.5 39.5
5.5 45.5
5.5 58.5
5.5 59.5
6.5 8.5
6.5 16.5
6.5 21.5
6.5 27.5
6.5 31.5
6.5 38.5
6.5 44.5
6.5 53.5
6.5 57.5
7.5 7.5
7.5 14.5
7.5 15.5
7.5 27.5
7.5 37.5
7.5 38.5
7.5 52.5
7.5 56.5
7.5 65.5
8.5 13.5
8.5 14.5
8.5 26.5
8.5 37.5
8.5 51.5
8.5 63.5
8.5 64.5
9.5 12.5
9.5 13.5
9.5 25.5
9.5 26.5
9.5 36.5
9.5 37.5
9.5 50.5
9.5 62.5
9.5 63.5
10.5 12.5
10.5 25.5
10.5 36.5
10.5 49.5
10.5 61.5
11.5 48.5
14.5 25.5
14.5 61.5
15.5 12.5
15.5 13.5
15.5 25.5
15.5 36.5
15.5 48.5
15.5 61.5
15.5 62.5
16.5 13.5
16.5 14.5
16.5 26.5
16.5 36.5
16.5 37.5
16.5 49.5
16.5 62.5
17.5 15.5
17.5 16.5
17.5 26.5
17.5 37.5
17.5 38.5
17.5 50.5
17.5 63.5
18.5 7.5
18.5 16.5
18.5 20.5
18.5 27.5
18.5 31.5
18.5 38.5
18.5 39.5
18.5 51.5
18.5 64.5
19.5 8.5
19.5 21.5
19.5 32.5
19.5 43.5
19.5 52.5
19.5 57.5
20.5 9.5
20.5 21.5
20.5 22.5
20.5 32.5
20.5 33.5
20.5 44.5
20.5 57.5
20.5 58.5
21.5 10.5
21.5 22.5
21.5 33.5
21.5 34.5
21.5 45.5
21.5 58.5
22.5 11.5
22.5 23.5
22.5 34.5
22.5 46.5
22.5 58.5
22.5 59.5
23.5 35.5
23.5 47.5
23.5 59.5
26.5 11.5
27.5 10.5
27.5 22.5
27.5 23.5
27.5 34.5
27.5 60.5
28.5 9.5
28.5 10.5
28.5 21.5
28.5 22.5
28.5 33.5
28.5 34.5
28.5 47.5
28.5 48.5
28.5 61.5
29.5 8.5
29.5 9.5
29.5 21.5
29.5 32.5
29.5 33.5
29.5 45.5
29.5 46.5
29.5 61.5
29.5 62.5
30.5 8.5
30.5 20.5
30.5 21.5
30.5 32.5
30.5 44.5
30.5 45.5
30.5 63.5
31.5 7.5
31.5 15.5
31.5 27.5
31.5 31.5
31.5 39.5
32.5 14.5
32.5 26.5
32.5 37.5
32.5 38.5
32.5 52.5
32.5 57.5
33.5 13.5
33.5 25.5
33.5 26.5
33.5 36.5
33.5 37.5
33.5 50.5
33.5 51.5
33.5 58.5
34.5 12.5
34.5 25.5
34.5 35.5
34.5 36.5
34.5 49.5
34.5 50.5
34.5 59.5
35.5 11.5
35.5 24.5
35.5 48.5
35.5 60.5
39.5 11.5
39.5 24.5
39.5 36.5
39.5 48.5
39.5 61.5
40.5 12.5
40.5 13.5
40.5 14.5
40.5 24.5
40.5 37.5
40.5 47.5
40.5 61.5
40.5 62.5
41.5 14.5
41.5 15.5
41.5 25.5
41.5 38.5
41.5 39.5
41.5 46.5
41.5 62.5
41.5 63.5
42.5 19.5
42.5 25.5
42.5 39.5
42.5 45.5
42.5 63.5
42.5 64.5
43.5 7.5
43.5 8.5
43.5 20.5
43.5 26.5
43.5 30.5
43.5 40.5
43.5 44.5
43.5 53.5
43.5 56.5
44.5 9.5
44.5 10.5
44.5 21.5
44.5 31.5
44.5 32.5
44.5 51.5
44.5 52.5
44.5 57.5
44.5 58.5
45.5 10.5
45.5 11.5
45.5 21.5
45.5 32.5
45.5 33.5
45.5 34.5
45.5 50.5
45.5 51.5
45.5 58.5
45.5 59.5
46.5 22.5
46.5 34.5
46.5 35.5
46.5 49.5
46.5 50.5
46.5 59.5
46.5 60.5
47.5 48.5
47.5 49.5
47.5 60.5
49.5 11.5
50.5 12.5
50.5 21.5
51.5 13.5
51.5 21.5
51.5 35.5
51.5 48.5
51.5 61.5
52.5 14.5
52.5 20.5
52.5 21.5
52.5 33.5
52.5 34.5
52.5 48.5
52.5 49.5
52.5 61.5
52.5 62.5
53.5 15.5
53.5 20.5
53.5 31.5
53.5 32.5
53.5 49.5
53.5 50.5
53.5 62.5
53.5 63.5
54.5 7.5
54.5 20.5
54.5 26.5
54.5 30.5
54.5 50.5
54.5 51.5
54.5 63.5
55.5 8.5
55.5 9.5
55.5 25.5
55.5 40.5
55.5 44.5
55.5 55.5
55.5 64.5
56.5 9.5
56.5 10.5
56.5 24.5
56.5 25.5
56.5 38.5
56.5 39.5
56.5 45.5
56.5 56.5
56.5 57.5
57.5 10.5
57.5 11.5
57.5 24.5
57.5 37.5
57.5 38.5
57.5 45.5
57.5 57.5
57.5 58.5
58.5 11.5
58.5 23.5
58.5 35.5
58.5 36.5
58.5 46.5
58.5 58.5
58.5 59.5
