1.5 25.5
2.5 11.5
2.5 12.5
2.5 24.5
2.5 25.5
2.5 37.5
3.5 10.5
3.5 11.5
3.5 23.5
3.5 24.5
3.5 37.5
3.5 38.5
3.5 48.5
3.5 49.5
3.5 62.5
4.5 9.5
4.5 10.5
4.5 22.5
4.5 23.5
4.5 38.5
4.5 39.5
4.5 49.5
4.5 50.5
4.5 51.5
4.5 62.5
4.5 63.5
5.5 9.5
5.5 21.5
5.5 22.5
5.5 34.5
5.5 39.5
5.5 50.5
5.5 51.5
5.5 52.5
5.5 63.5
5.5 64.5
6.5 15.5
6.5 16.5
6.5 21.5
6.5 29.5
6.5 34.5
6.5 43.5
6.5 52.5
6.5 53.5
6.5 64.5
7.5 14.5
7.5 15.5
7.5 28.5
7.5 29.5
7.5 34.5
7.5 35.5
7.5 44.5
7.5 45.5
7.5 57.5
7.5 58.5
8.5 13.5
8.5 14.5
8.5 15.5
8.5 27.5
8.5 28.5
8.5 34.5
8.5 35.5
8.5 45.5
8.5 46.5
8.5 47.5
8.5 58.5
8.5 59.5
8.5 60.5
9.5 13.5
9.5 14.5
9.5 26.5
9.5 27.5
9.5 35.5
9.5 47.5
9.5 48.5
9.5 59.5
9.5 60.5
9.5 61.5
10.5 13.5
10.5 26.5
10.5 35.5
10.5 61.5
11.5 25.5
14.5 13.5
14.5 36.5
14.5 47.5
14.5 48.5
14.5 61.5
15.5 13.5
15.5 14.5
15.5 25.5
15.5 37.5
15.5 45.5
15.5 46.5
15.5 47.5
15.5 61.5
15.5 62.5
16.5 14.5
16.5 15.5
16.5 25.5
16.5 26.5
16.5 37.5
16.5 38.5
16.5 44.5
16.5 45.5
16.5 46.5
16.5 62.5
16.5 63.5
17.5 14.5
17.5 15.5
17.5 26.5
17.5 38.5
17.5 39.5
17.5 44.5
17.5 45.5
17.5 63.5
17.5 64.5
18.5 9.5
18.5 15.5
18.5 16.5
18.5 26.5
18.5 27.5
18.5 39.5
18.5 43.5
18.5 52.5
18.5 57.5
18.5 64.5
19.5 9.5
19.5 10.5
19.5 20.5
19.5 27.5
19.5 32.5
19.5 50.5
19.5 51.5
19.5 52.5
19.5 57.5
19.5 58.5
20.5 9.5
20.5 10.5
20.5 21.5
20.5 27.5
20.5 32.5
20.5 33.5
20.5 49.5
20.5 50.5
20.5 51.5
20.5 58.5
20.5 59.5
21.5 10.5
21.5 11.5
21.5 21.5
21.5 22.5
21.5 33.5
21.5 34.5
21.5 48.5
21.5 49.5
21.5 50.5
21.5 58.5
21.5 59.5
22.5 11.5
22.5 22.5
22.5 33.5
22.5 34.5
22.5 35.5
22.5 48.5
22.5 59.5
22.5 60.5
23.5 11.5
23.5 22.5
23.5 23.5
23.5 34.5
23.5 35.5
24.5 23.5
26.5 48.5
26.5 60.5
27.5 12.5
27.5 35.5
27.5 46.5
27.5 47.5
27.5 48.5
27.5 61.5
27.5 62.5
28.5 10.5
28.5 11.5
28.5 22.5
28.5 23.5
28.5 33.5
28.5 34.5
28.5 45.5
28.5 46.5
28.5 47.5
28.5 62.5
28.5 63.5
29.5 9.5
29.5 10.5
29.5 21.5
29.5 22.5
29.5 32.5
29.5 33.5
29.5 45.5
29.5 46.5
29.5 62.5
29.5 63.5
30.5 8.5
30.5 9.5
30.5 21.5
30.5 22.5
30.5 31.5
30.5 32.5
30.5 39.5
30.5 40.5
30.5 44.5
30.5 64.5
31.5 15.5
31.5 16.5
31.5 20.5
31.5 21.5
31.5 38.5
31.5 39.5
31.5 51.5
31.5 56.5
31.5 57.5
32.5 14.5
32.5 15.5
32.5 26.5
32.5 27.5
32.5 37.5
32.5 38.5
32.5 50.5
32.5 51.5
32.5 56.5
32.5 57.5
32.5 58.5
33.5 13.5
33.5 14.5
33.5 25.5
33.5 26.5
33.5 36.5
33.5 37.5
33.5 49.5
33.5 50.5
33.5 57.5
33.5 58.5
33.5 59.5
34.5 12.5
34.5 13.5
34.5 24.5
34.5 25.5
34.5 49.5
34.5 58.5
34.5 59.5
34.5 60.5
35.5 48.5
35.5 60.5
35.5 61.5
38.5 12.5
38.5 24.5
38.5 35.5
38.5 36.5
39.5 11.5
39.5 12.5
39.5 24.5
39.5 25.5
39.5 34.5
39.5 35.5
39.5 47.5
39.5 61.5
40.5 10.5
40.5 11.5
40.5 25.5
40.5 26.5
40.5 33.5
40.5 34.5
40.5 35.5
40.5 46.5
40.5 47.5
40.5 59.5
40.5 60.5
41.5 9.5
41.5 10.5
41.5 11.5
41.5 25.5
41.5 26.5
41.5 32.5
41.5 33.5
41.5 34.5
41.5 45.5
41.5 46.5
41.5 57.5
41.5 58.5
41.5 59.5
42.5 9.5
42.5 10.5
42.5 26.5
42.5 27.5
42.5 32.5
42.5 45.5
42.5 46.5
42.5 56.5
42.5 57.5
42.5 58.5
43.5 9.5
43.5 27.5
43.5 39.5
43.5 40.5
43.5 45.5
43.5 52.5
43.5 64.5
43.5 65.5
44.5 15.5
44.5 20.5
44.5 21.5
44.5 38.5
44.5 39.5
44.5 50.5
44.5 51.5
44.5 63.5
44.5 64.5
45.5 14.5
45.5 20.5
45.5 21.5
45.5 22.5
45.5 37.5
45.5 38.5
45.5 39.5
45.5 49.5
45.5 50.5
45.5 51.5
45.5 62.5
45.5 63.5
46.5 13.5
46.5 14.5
46.5 21.5
46.5 22.5
46.5 36.5
46.5 37.5
46.5 38.5
46.5 48.5
46.5 49.5
46.5 50.5
46.5 61.5
46.5 62.5
47.5 12.5
47.5 13.5
47.5 22.5
47.5 23.5
47.5 36.5
47.5 48.5
48.5 12.5
48.5 23.5
50.5 61.5
51.5 35.5
51.5 48.5
51.5 49.5
51.5 61.5
51.5 62.5
52.5 11.5
52.5 23.5
52.5 36.5
52.5 37.5
52.5 49.5
52.5 50.5
52.5 62.5
52.5 63.5
52.5 64.5
53.5 12.5
53.5 13.5
53.5 23.5
53.5 24.5
53.5 25.5
53.5 37.5
53.5 38.5
53.5 39.5
53.5 50.5
53.5 51.5
53.5 52.5
53.5 63.5
53.5 64.5
54.5 13.5
54.5 24.5
54.5 25.5
54.5 26.5
54.5 39.5
54.5 40.5
54.5 51.5
54.5 52.5
54.5 57.5
54.5 64.5
54.5 65.5
55.5 14.5
55.5 25.5
55.5 26.5
55.5 31.5
55.5 44.5
55.5 45.5
55.5 57.5
55.5 58.5
56.5 8.5
56.5 18.5
56.5 19.5
56.5 31.5
56.5 32.5
56.5 33.5
56.5 45.5
56.5 46.5
56.5 58.5
56.5 59.5
57.5 8.5
57.5 9.5
57.5 19.5
57.5 20.5
57.5 32.5
57.5 33.5
57.5 34.5
57.5 35.5
57.5 46.5
57.5 47.5
57.5 48.5
57.5 59.5
57.5 60.5
58.5 9.5
58.5 10.5
58.5 20.5
58.5 21.5
58.5 34.5
58.5 35.5
58.5 36.5
58.5 48.5
58.5 60.5
59.5 10.5
59.5 11.5
59.5 21.5
59.5 22.5
