1.5 22.5
1.5 35.5
2.5 12.5
2.5 24.5
2.5 34.5
3.5 13.5
3.5 25.5
3.5 32.5
3.5 47.5
3.5 48.5
3.5 61.5
4.5 15.5
4.5 26.5
4.5 30.5
4.5 31.5
4.5 45.5
4.5 46.5
4.5 59.5
5.5 17.5
5.5 20.5
5.5 27.5
5.5 29.5
5.5 40.5
5.5 43.5
5.5 57.5
6.5 9.5
6.5 21.5
6.5 37.5
6.5 38.5
6.5 41.5
6.5 53.5
6.5 55.5
6.5 66.5
7.5 11.5
7.5 12.5
7.5 22.5
7.5 35.5
7.5 36.5
7.5 50.5
7.5 51.5
7.5 64.5
7.5 65.5
8.5 13.5
8.5 14.5
8.5 23.5
8.5 33.5
8.5 34.5
8.5 48.5
8.5 62.5
8.5 63.5
9.5 24.5
9.5 45.5
9.5 60.5
10.5 23.5
11.5 12.5
11.5 37.5
12.5 12.5
12.5 22.5
12.5 35.5
12.5 36.5
12.5 47.5
12.5 60.5
13.5 13.5
13.5 33.5
13.5 34.5
13.5 48.5
13.5 49.5
13.5 62.5
14.5 14.5
14.5 21.5
14.5 29.5
14.5 32.5
14.5 40.5
14.5 41.5
14.5 51.5
14.5 63.5
14.5 64.5
15.5 15.5
15.5 20.5
15.5 28.5
15.5 30.5
15.5 39.5
15.5 43.5
15.5 53.5
15.5 55.5
15.5 65.5
16.5 8.5
16.5 16.5
16.5 27.5
16.5 38.5
16.5 44.5
16.5 57.5
17.5 9.5
17.5 17.5
17.5 19.5
17.5 25.5
17.5 26.5
17.5 37.5
17.5 46.5
17.5 58.5
17.5 59.5
18.5 10.5
18.5 24.5
18.5 25.5
18.5 36.5
18.5 47.5
18.5 60.5
19.5 11.5
19.5 23.5
19.5 49.5
19.5 62.5
20.5 12.5
20.5 22.5
21.5 13.5
21.5 37.5
21.5 48.5
22.5 35.5
22.5 46.5
22.5 47.5
22.5 59.5
22.5 60.5
23.5 13.5
23.5 24.5
23.5 25.5
23.5 34.5
23.5 45.5
23.5 61.5
23.5 62.5
24.5 10.5
24.5 11.5
24.5 12.5
24.5 28.5
24.5 29.5
24.5 33.5
24.5 40.5
24.5 44.5
24.5 55.5
24.5 63.5
25.5 8.5
25.5 9.5
25.5 39.5
25.5 42.5
25.5 56.5
25.5 65.5
26.5 6.5
26.5 17.5
26.5 18.5
26.5 38.5
26.5 41.5
26.5 52.5
26.5 53.5
26.5 57.5
27.5 15.5
27.5 21.5
27.5 22.5
27.5 23.5
27.5 37.5
27.5 49.5
27.5 50.5
27.5 51.5
27.5 58.5
28.5 14.5
28.5 27.5
28.5 36.5
28.5 47.5
28.5 48.5
28.5 49.5
28.5 60.5
29.5 35.5
29.5 45.5
29.5 61.5
30.5 11.5
30.5 62.5
31.5 11.5
31.5 23.5
31.5 36.5
32.5 12.5
32.5 24.5
32.5 25.5
32.5 37.5
32.5 46.5
32.5 61.5
33.5 13.5
33.5 25.5
33.5 26.5
33.5 32.5
33.5 48.5
33.5 49.5
33.5 62.5
34.5 14.5
34.5 26.5
34.5 27.5
34.5 32.5
34.5 38.5
34.5 50.5
34.5 51.5
34.5 62.5
35.5 6.5
35.5 17.5
35.5 27.5
35.5 28.5
35.5 33.5
35.5 39.5
35.5 42.5
35.5 52.5
35.5 53.5
35.5 63.5
36.5 7.5
36.5 8.5
36.5 18.5
36.5 19.5
36.5 29.5
36.5 33.5
36.5 43.5
36.5 44.5
36.5 54.5
36.5 56.5
36.5 63.5
37.5 9.5
37.5 20.5
37.5 30.5
37.5 34.5
37.5 40.5
37.5 45.5
37.5 57.5
37.5 64.5
38.5 10.5
38.5 11.5
38.5 21.5
38.5 22.5
38.5 34.5
38.5 46.5
38.5 58.5
39.5 12.5
39.5 23.5
39.5 35.5
39.5 47.5
39.5 48.5
39.5 60.5
40.5 24.5
40.5 35.5
40.5 49.5
40.5 61.5
41.5 11.5
42.5 10.5
42.5 46.5
43.5 9.5
43.5 23.5
43.5 36.5
43.5 48.5
43.5 59.5
43.5 60.5
44.5 8.5
44.5 21.5
44.5 34.5
44.5 50.5
44.5 57.5
45.5 7.5
45.5 18.5
45.5 19.5
45.5 32.5
45.5 52.5
45.5 53.5
45.5 55.5
46.5 6.5
46.5 14.5
46.5 16.5
46.5 17.5
46.5 29.5
46.5 31.5
46.5 41.5
46.5 43.5
46.5 64.5
46.5 65.5
47.5 13.5
47.5 26.5
47.5 27.5
47.5 39.5
47.5 45.5
47.5 62.5
48.5 12.5
48.5 24.5
48.5 37.5
48.5 47.5
48.5 59.5
48.5 60.5
49.5 11.5
49.5 22.5
49.5 35.5
49.5 49.5
50.5 10.5
51.5 10.5
51.5 47.5
52.5 11.5
52.5 21.5
52.5 22.5
52.5 35.5
52.5 48.5
52.5 61.5
53.5 12.5
53.5 24.5
53.5 36.5
53.5 49.5
53.5 62.5
54.5 26.5
54.5 27.5
54.5 38.5
54.5 49.5
54.5 50.5
54.5 64.5
55.5 15.5
55.5 18.5
55.5 29.5
55.5 31.5
55.5 40.5
55.5 42.5
55.5 50.5
55.5 51.5
55.5 54.5
55.5 55.5
55.5 65.5
56.5 6.5
56.5 16.5
56.5 20.5
56.5 33.5
56.5 51.5
56.5 56.5
56.5 57.5
57.5 7.5
57.5 8.5
57.5 17.5
57.5 21.5
57.5 34.5
57.5 45.5
57.5 52.5
57.5 57.5
57.5 58.5
57.5 59.5
58.5 9.5
58.5 10.5
58.5 23.5
58.5 36.5
58.5 46.5
58.5 59.5
58.5 60.5
59.5 11.5
59.5 12.5
59.5 24.5
59.5 47.5
59.5 61.5
59.5 62.5
60.5 13.5
