1.5 10.5
1.5 30.5
1.5 41.5
1.5 51.5
1.5 60.5
2.5 11.5
2.5 21.5
2.5 30.5
2.5 41.5
2.5 51.5
2.5 60.5
3.5 11.5
3.5 21.5
3.5 30.5
3.5 41.5
3.5 60.5
4.5 6.5
4.5 11.5
4.5 22.5
4.5 30.5
4.5 41.5
4.5 52.5
4.5 60.5
5.5 6.5
5.5 12.5
5.5 22.5
5.5 29.5
5.5 40.5
5.5 47.5
5.5 52.5
5.5 59.5
5.5 60.5
6.5 6.5
6.5 12.5
6.5 22.5
6.5 29.5
6.5 35.5
6.5 40.5
6.5 47.5
6.5 52.5
6.5 59.5
6.5 60.5
7.5 7.5
7.5 12.5
7.5 17.5
7.5 23.5
7.5 29.5
7.5 35.5
7.5 40.5
7.5 45.5
7.5 53.5
7.5 59.5
7.5 68.5
8.5 7.5
8.5 13.5
8.5 17.5
8.5 23.5
8.5 29.5
8.5 40.5
8.5 45.5
8.5 48.5
8.5 53.5
8.5 59.5
8.5 65.5
9.5 7.5
9.5 13.5
9.5 18.5
9.5 24.5
9.5 29.5
9.5 34.5
9.5 39.5
9.5 45.5
9.5 48.5
9.5 53.5
9.5 59.5
9.5 65.5
10.5 7.5
10.5 13.5
10.5 18.5
10.5 24.5
10.5 29.5
10.5 34.5
10.5 39.5
10.5 44.5
10.5 49.5
10.5 59.5
10.5 64.5
11.5 7.5
11.5 8.5
11.5 18.5
11.5 19.5
11.5 24.5
11.5 29.5
11.5 34.5
11.5 39.5
11.5 44.5
11.5 49.5
11.5 54.5
11.5 58.5
11.5 59.5
11.5 64.5
12.5 8.5
12.5 14.5
12.5 19.5
12.5 25.5
12.5 34.5
12.5 39.5
12.5 44.5
12.5 49.5
12.5 54.5
12.5 58.5
12.5 64.5
13.5 8.5
13.5 14.5
13.5 19.5
13.5 25.5
13.5 28.5
13.5 33.5
13.5 34.5
13.5 38.5
13.5 50.5
13.5 58.5
13.5 63.5
14.5 8.5
14.5 19.5
14.5 20.5
14.5 28.5
14.5 33.5
14.5 38.5
14.5 43.5
14.5 50.5
14.5 58.5
14.5 63.5
15.5 8.5
15.5 20.5
15.5 26.5
15.5 28.5
15.5 33.5
15.5 38.5
15.5 43.5
15.5 50.5
15.5 55.5
15.5 58.5
15.5 63.5
16.5 8.5
16.5 9.5
16.5 20.5
16.5 33.5
16.5 43.5
16.5 50.5
16.5 62.5
17.5 9.5
17.5 21.5
17.5 33.5
17.5 51.5
17.5 62.5
17.5 68.5
18.5 9.5
18.5 21.5
18.5 23.5
18.5 33.5
18.5 42.5
18.5 51.5
18.5 62.5
19.5 9.5
19.5 21.5
19.5 32.5
19.5 42.5
19.5 61.5
20.5 9.5
20.5 22.5
20.5 32.5
20.5 42.5
20.5 52.5
20.5 61.5
21.5 9.5
21.5 10.5
21.5 22.5
21.5 32.5
21.5 42.5
21.5 52.5
21.5 61.5
22.5 10.5
22.5 21.5
22.5 33.5
22.5 42.5
22.5 51.5
22.5 61.5
23.5 10.5
23.5 21.5
23.5 33.5
23.5 42.5
23.5 51.5
23.5 62.5
24.5 10.5
24.5 20.5
24.5 33.5
24.5 42.5
24.5 50.5
24.5 62.5
25.5 10.5
25.5 20.5
25.5 26.5
25.5 28.5
25.5 33.5
25.5 50.5
25.5 62.5
26.5 10.5
26.5 11.5
26.5 19.5
26.5 26.5
26.5 28.5
26.5 34.5
26.5 43.5
26.5 49.5
26.5 50.5
26.5 62.5
27.5 5.5
27.5 11.5
27.5 19.5
27.5 25.5
27.5 34.5
27.5 43.5
27.5 49.5
27.5 55.5
27.5 63.5
27.5 68.5
28.5 5.5
28.5 11.5
28.5 18.5
28.5 25.5
28.5 29.5
28.5 34.5
28.5 39.5
28.5 43.5
28.5 49.5
28.5 58.5
28.5 63.5
29.5 11.5
29.5 18.5
29.5 24.5
29.5 25.5
29.5 29.5
29.5 34.5
29.5 39.5
29.5 43.5
29.5 48.5
29.5 54.5
29.5 58.5
29.5 63.5
30.5 6.5
30.5 11.5
30.5 12.5
30.5 17.5
30.5 24.5
30.5 29.5
30.5 34.5
30.5 35.5
30.5 39.5
30.5 43.5
30.5 48.5
30.5 54.5
30.5 58.5
30.5 63.5
31.5 6.5
31.5 12.5
31.5 17.5
31.5 24.5
31.5 29.5
31.5 35.5
31.5 39.5
31.5 43.5
31.5 48.5
31.5 53.5
31.5 58.5
31.5 64.5
32.5 7.5
32.5 12.5
32.5 16.5
32.5 23.5
32.5 24.5
32.5 29.5
32.5 30.5
32.5 35.5
32.5 39.5
32.5 47.5
32.5 53.5
32.5 59.5
32.5 64.5
33.5 7.5
33.5 12.5
33.5 16.5
33.5 23.5
33.5 30.5
33.5 35.5
33.5 39.5
33.5 47.5
33.5 53.5
33.5 59.5
33.5 64.5
34.5 7.5
34.5 13.5
34.5 22.5
34.5 23.5
34.5 30.5
34.5 46.5
34.5 52.5
34.5 59.5
35.5 8.5
35.5 13.5
35.5 15.5
35.5 22.5
35.5 30.5
35.5 40.5
35.5 44.5
35.5 46.5
35.5 52.5
35.5 59.5
36.5 8.5
36.5 22.5
36.5 30.5
36.5 36.5
36.5 40.5
36.5 44.5
36.5 51.5
36.5 52.5
36.5 59.5
36.5 60.5
36.5 65.5
37.5 8.5
37.5 21.5
37.5 22.5
37.5 31.5
37.5 40.5
37.5 51.5
37.5 60.5
38.5 9.5
38.5 21.5
38.5 31.5
38.5 40.5
38.5 51.5
38.5 60.5
39.5 9.5
39.5 21.5
39.5 31.5
39.5 40.5
39.5 50.5
39.5 60.5
40.5 9.5
40.5 20.5
40.5 21.5
40.5 31.5
40.5 40.5
40.5 50.5
40.5 60.5
41.5 9.5
41.5 10.5
41.5 20.5
41.5 31.5
41.5 50.5
41.5 61.5
42.5 10.5
42.5 20.5
42.5 31.5
42.5 32.5
42.5 49.5
42.5 50.5
42.5 61.5
43.5 10.5
43.5 19.5
43.5 20.5
43.5 32.5
43.5 41.5
43.5 50.5
43.5 60.5
43.5 61.5
44.5 10.5
44.5 19.5
44.5 20.5
44.5 32.5
44.5 41.5
44.5 49.5
44.5 60.5
45.5 11.5
45.5 19.5
45.5 32.5
45.5 41.5
45.5 49.5
45.5 60.5
46.5 6.5
46.5 11.5
46.5 19.5
46.5 32.5
46.5 37.5
46.5 42.5
46.5 49.5
46.5 59.5
46.5 65.5
47.5 11.5
47.5 18.5
47.5 19.5
47.5 32.5
47.5 37.5
47.5 42.5
47.5 48.5
47.5 54.5
47.5 59.5
47.5 65.5
48.5 7.5
48.5 12.5
48.5 18.5
48.5 25.5
48.5 32.5
48.5 33.5
48.5 37.5
48.5 42.5
48.5 48.5
48.5 54.5
48.5 59.5
48.5 65.5
49.5 7.5
49.5 12.5
49.5 18.5
49.5 25.5
49.5 28.5
49.5 33.5
49.5 38.5
49.5 42.5
49.5 48.5
49.5 54.5
49.5 58.5
49.5 64.5
50.5 7.5
50.5 12.5
50.5 17.5
50.5 18.5
50.5 24.5
50.5 28.5
50.5 33.5
50.5 38.5
50.5 43.5
50.5 47.5
50.5 48.5
50.5 53.5
50.5 58.5
50.5 64.5
51.5 8.5
51.5 13.5
51.5 17.5
51.5 24.5
51.5 28.5
51.5 33.5
51.5 38.5
51.5 43.5
51.5 47.5
51.5 53.5
51.5 58.5
51.5 64.5
52.5 8.5
52.5 13.5
52.5 17.5
52.5 23.5
52.5 24.5
52.5 33.5
52.5 38.5
52.5 43.5
52.5 47.5
52.5 53.5
52.5 63.5
52.5 64.5
53.5 8.5
53.5 17.5
53.5 23.5
53.5 29.5
53.5 33.5
53.5 38.5
53.5 39.5
53.5 47.5
53.5 52.5
53.5 57.5
53.5 63.5
53.5 64.5
54.5 9.5
54.5 14.5
54.5 16.5
54.5 23.5
54.5 29.5
54.5 39.5
54.5 46.5
54.5 52.5
54.5 57.5
54.5 63.5
55.5 9.5
55.5 14.5
55.5 16.5
55.5 22.5
55.5 29.5
55.5 34.5
55.5 39.5
55.5 44.5
55.5 46.5
55.5 52.5
55.5 63.5
56.5 9.5
56.5 22.5
56.5 34.5
56.5 39.5
56.5 51.5
56.5 56.5
56.5 62.5
56.5 63.5
57.5 10.5
57.5 21.5
57.5 30.5
57.5 39.5
57.5 51.5
57.5 62.5
58.5 10.5
58.5 21.5
58.5 30.5
58.5 40.5
58.5 51.5
58.5 62.5
58.5 68.5
59.5 10.5
59.5 21.5
59.5 30.5
59.5 40.5
59.5 62.5
60.5 20.5
60.5 40.5
60.5 50.5
60.5 62.5
61.5 11.5
61.5 20.5
61.5 31.5
61.5 40.5
61.5 50.5
61.5 61.5
