1.5 37.5
1.5 55.5
2.5 14.5
2.5 34.5
2.5 35.5
2.5 36.5
2.5 56.5
2.5 57.5
3.5 15.5
3.5 16.5
3.5 17.5
3.5 18.5
3.5 32.5
3.5 33.5
3.5 34.5
3.5 35.5
3.5 56.5
3.5 57.5
3.5 58.5
4.5 17.5
4.5 18.5
4.5 19.5
4.5 20.5
4.5 30.5
4.5 31.5
4.5 32.5
4.5 33.5
4.5 57.5
4.5 58.5
4.5 59.5
4.5 60.5
5.5 19.5
5.5 20.5
5.5 21.5
5.5 22.5
5.5 29.5
5.5 30.5
5.5 31.5
5.5 58.5
5.5 59.5
5.5 60.5
5.5 61.5
6.5 21.5
6.5 22.5
6.5 23.5
6.5 28.5
6.5 59.5
6.5 60.5
6.5 61.5
7.5 42.5
7.5 43.5
7.5 61.5
7.5 62.5
8.5 8.5
8.5 9.5
8.5 10.5
8.5 40.5
8.5 41.5
8.5 42.5
8.5 43.5
8.5 49.5
8.5 50.5
8.5 62.5
8.5 63.5
9.5 9.5
9.5 10.5
9.5 11.5
9.5 12.5
9.5 39.5
9.5 40.5
9.5 41.5
9.5 42.5
9.5 50.5
9.5 51.5
10.5 11.5
10.5 12.5
10.5 13.5
10.5 14.5
10.5 15.5
10.5 37.5
10.5 38.5
10.5 39.5
10.5 40.5
10.5 50.5
10.5 51.5
10.5 52.5
11.5 13.5
11.5 14.5
11.5 15.5
11.5 16.5
11.5 36.5
11.5 37.5
11.5 38.5
11.5 39.5
11.5 51.5
11.5 52.5
11.5 53.5
12.5 36.5
12.5 37.5
12.5 52.5
12.5 53.5
12.5 54.5
13.5 53.5
13.5 54.5
13.5 55.5
14.5 55.5
18.5 15.5
18.5 16.5
18.5 17.5
18.5 36.5
19.5 16.5
19.5 17.5
19.5 18.5
19.5 19.5
19.5 37.5
19.5 38.5
20.5 17.5
20.5 18.5
20.5 19.5
20.5 20.5
20.5 38.5
20.5 39.5
20.5 55.5
20.5 56.5
20.5 57.5
21.5 18.5
21.5 19.5
21.5 20.5
21.5 21.5
21.5 39.5
21.5 40.5
21.5 57.5
21.5 58.5
21.5 59.5
22.5 20.5
22.5 21.5
22.5 22.5
22.5 40.5
22.5 41.5
22.5 42.5
22.5 59.5
22.5 60.5
22.5 61.5
23.5 8.5
23.5 9.5
23.5 28.5
23.5 29.5
23.5 30.5
23.5 41.5
23.5 42.5
23.5 61.5
23.5 62.5
24.5 9.5
24.5 10.5
24.5 11.5
24.5 29.5
24.5 30.5
24.5 31.5
24.5 43.5
24.5 48.5
25.5 10.5
25.5 11.5
25.5 12.5
25.5 30.5
25.5 31.5
25.5 32.5
25.5 33.5
25.5 49.5
25.5 50.5
25.5 51.5
25.5 52.5
26.5 11.5
26.5 12.5
26.5 13.5
26.5 31.5
26.5 32.5
26.5 33.5
26.5 34.5
26.5 50.5
26.5 51.5
26.5 52.5
26.5 53.5
26.5 54.5
27.5 13.5
27.5 14.5
27.5 33.5
27.5 34.5
27.5 35.5
27.5 53.5
27.5 54.5
27.5 55.5
27.5 56.5
28.5 14.5
28.5 15.5
28.5 34.5
28.5 35.5
28.5 36.5
28.5 56.5
33.5 14.5
33.5 15.5
33.5 55.5
34.5 12.5
34.5 13.5
34.5 14.5
34.5 33.5
34.5 34.5
34.5 35.5
34.5 36.5
34.5 56.5
34.5 57.5
34.5 58.5
35.5 11.5
35.5 12.5
35.5 13.5
35.5 30.5
35.5 31.5
35.5 32.5
35.5 33.5
35.5 34.5
35.5 57.5
35.5 58.5
35.5 59.5
35.5 60.5
35.5 61.5
36.5 9.5
36.5 10.5
36.5 11.5
36.5 12.5
36.5 28.5
36.5 29.5
36.5 30.5
36.5 31.5
36.5 59.5
36.5 60.5
36.5 61.5
36.5 62.5
37.5 8.5
37.5 9.5
37.5 10.5
37.5 62.5
37.5 63.5
38.5 7.5
38.5 8.5
38.5 21.5
38.5 22.5
39.5 18.5
39.5 19.5
39.5 20.5
39.5 21.5
39.5 41.5
39.5 42.5
39.5 43.5
39.5 44.5
39.5 49.5
39.5 50.5
39.5 51.5
40.5 16.5
40.5 17.5
40.5 18.5
40.5 19.5
40.5 37.5
40.5 38.5
40.5 39.5
40.5 40.5
40.5 41.5
40.5 42.5
40.5 50.5
40.5 51.5
40.5 52.5
40.5 53.5
41.5 14.5
41.5 15.5
41.5 16.5
41.5 17.5
41.5 35.5
41.5 36.5
41.5 37.5
41.5 38.5
41.5 39.5
41.5 40.5
41.5 52.5
41.5 53.5
41.5 54.5
41.5 55.5
42.5 13.5
42.5 14.5
42.5 54.5
42.5 55.5
42.5 56.5
42.5 57.5
47.5 35.5
48.5 14.5
48.5 15.5
48.5 16.5
48.5 36.5
48.5 37.5
48.5 56.5
48.5 57.5
49.5 15.5
49.5 16.5
49.5 17.5
49.5 18.5
49.5 37.5
49.5 38.5
49.5 57.5
49.5 58.5
49.5 59.5
50.5 16.5
50.5 17.5
50.5 18.5
50.5 19.5
50.5 20.5
50.5 38.5
50.5 39.5
50.5 40.5
50.5 58.5
50.5 59.5
50.5 60.5
50.5 61.5
51.5 18.5
51.5 19.5
51.5 20.5
51.5 21.5
51.5 39.5
51.5 40.5
51.5 41.5
51.5 59.5
51.5 60.5
51.5 61.5
51.5 62.5
52.5 20.5
52.5 21.5
52.5 22.5
52.5 28.5
52.5 40.5
52.5 41.5
52.5 42.5
52.5 61.5
52.5 62.5
52.5 63.5
53.5 6.5
53.5 7.5
53.5 28.5
53.5 29.5
53.5 30.5
53.5 42.5
53.5 43.5
53.5 63.5
53.5 64.5
54.5 7.5
54.5 8.5
54.5 9.5
54.5 29.5
54.5 30.5
54.5 31.5
54.5 48.5
54.5 49.5
55.5 8.5
55.5 9.5
55.5 10.5
55.5 11.5
55.5 30.5
55.5 31.5
55.5 32.5
55.5 33.5
55.5 49.5
55.5 50.5
55.5 51.5
55.5 52.5
56.5 10.5
56.5 11.5
56.5 12.5
56.5 31.5
56.5 32.5
56.5 33.5
56.5 34.5
56.5 51.5
56.5 52.5
56.5 53.5
56.5 54.5
57.5 12.5
57.5 13.5
57.5 14.5
57.5 33.5
57.5 34.5
57.5 35.5
57.5 52.5
57.5 53.5
57.5 54.5
57.5 55.5
57.5 56.5
58.5 14.5
58.5 15.5
58.5 34.5
58.5 35.5
58.5 55.5
58.5 56.5
58.5 57.5
