1.5 58.5
2.5 14.5
2.5 44.5
2.5 57.5
3.5 13.5
3.5 29.5
3.5 45.5
3.5 56.5
3.5 57.5
4.5 11.5
4.5 12.5
4.5 30.5
4.5 31.5
4.5 45.5
4.5 46.5
4.5 55.5
4.5 56.5
5.5 10.5
5.5 11.5
5.5 32.5
5.5 33.5
5.5 46.5
5.5 47.5
5.5 55.5
6.5 9.5
6.5 10.5
6.5 33.5
6.5 34.5
6.5 47.5
6.5 54.5
6.5 63.5
7.5 8.5
7.5 19.5
7.5 22.5
7.5 23.5
7.5 35.5
7.5 36.5
7.5 39.5
7.5 48.5
7.5 53.5
7.5 63.5
8.5 18.5
8.5 23.5
8.5 24.5
8.5 40.5
8.5 49.5
8.5 62.5
9.5 16.5
9.5 17.5
9.5 25.5
9.5 26.5
9.5 41.5
9.5 42.5
9.5 61.5
9.5 62.5
10.5 15.5
10.5 16.5
10.5 26.5
10.5 27.5
10.5 42.5
10.5 43.5
10.5 61.5
11.5 14.5
11.5 15.5
11.5 27.5
11.5 28.5
11.5 29.5
11.5 44.5
11.5 60.5
11.5 61.5
12.5 14.5
12.5 29.5
12.5 30.5
12.5 45.5
12.5 60.5
13.5 13.5
13.5 59.5
14.5 59.5
16.5 12.5
16.5 44.5
17.5 13.5
17.5 28.5
17.5 29.5
17.5 45.5
17.5 58.5
18.5 14.5
18.5 29.5
18.5 30.5
18.5 45.5
18.5 59.5
19.5 14.5
19.5 15.5
19.5 30.5
19.5 31.5
19.5 46.5
19.5 60.5
20.5 15.5
20.5 16.5
20.5 31.5
20.5 32.5
20.5 46.5
20.5 47.5
20.5 61.5
21.5 8.5
21.5 16.5
21.5 17.5
21.5 31.5
21.5 32.5
21.5 39.5
21.5 47.5
21.5 62.5
22.5 8.5
22.5 9.5
22.5 17.5
22.5 18.5
22.5 32.5
22.5 33.5
22.5 39.5
22.5 48.5
22.5 53.5
22.5 62.5
22.5 63.5
23.5 9.5
23.5 18.5
23.5 22.5
23.5 23.5
23.5 34.5
23.5 40.5
23.5 48.5
23.5 54.5
23.5 63.5
23.5 64.5
24.5 10.5
24.5 23.5
24.5 24.5
24.5 40.5
24.5 49.5
24.5 54.5
24.5 55.5
24.5 64.5
25.5 10.5
25.5 11.5
25.5 24.5
25.5 25.5
25.5 41.5
25.5 55.5
25.5 56.5
26.5 11.5
26.5 12.5
26.5 26.5
26.5 41.5
26.5 42.5
26.5 56.5
26.5 57.5
27.5 12.5
27.5 27.5
27.5 42.5
27.5 57.5
28.5 13.5
28.5 28.5
28.5 42.5
28.5 58.5
29.5 43.5
29.5 59.5
32.5 13.5
32.5 28.5
33.5 12.5
33.5 27.5
33.5 43.5
33.5 60.5
34.5 11.5
34.5 26.5
34.5 27.5
34.5 42.5
34.5 58.5
34.5 59.5
35.5 10.5
35.5 25.5
35.5 26.5
35.5 41.5
35.5 57.5
35.5 58.5
36.5 9.5
36.5 18.5
36.5 24.5
36.5 25.5
36.5 40.5
36.5 41.5
36.5 56.5
36.5 57.5
37.5 8.5
37.5 17.5
37.5 24.5
37.5 39.5
37.5 40.5
37.5 55.5
37.5 56.5
38.5 7.5
38.5 16.5
38.5 17.5
38.5 23.5
38.5 33.5
38.5 38.5
38.5 39.5
38.5 50.5
38.5 54.5
38.5 64.5
39.5 16.5
39.5 22.5
39.5 23.5
39.5 32.5
39.5 33.5
39.5 37.5
39.5 48.5
39.5 49.5
39.5 53.5
39.5 63.5
39.5 64.5
40.5 15.5
40.5 16.5
40.5 31.5
40.5 32.5
40.5 47.5
40.5 48.5
40.5 63.5
41.5 14.5
41.5 15.5
41.5 30.5
41.5 31.5
41.5 45.5
41.5 46.5
41.5 47.5
41.5 62.5
42.5 14.5
42.5 29.5
42.5 30.5
42.5 44.5
42.5 45.5
42.5 61.5
42.5 62.5
43.5 13.5
43.5 14.5
43.5 28.5
43.5 29.5
43.5 43.5
43.5 44.5
43.5 61.5
44.5 13.5
44.5 27.5
44.5 28.5
44.5 42.5
44.5 60.5
45.5 59.5
47.5 13.5
48.5 12.5
48.5 43.5
48.5 60.5
49.5 12.5
49.5 27.5
49.5 28.5
49.5 44.5
49.5 45.5
49.5 59.5
50.5 11.5
50.5 28.5
50.5 29.5
50.5 45.5
50.5 46.5
50.5 58.5
51.5 10.5
51.5 11.5
51.5 29.5
51.5 30.5
51.5 46.5
51.5 47.5
51.5 48.5
51.5 57.5
52.5 10.5
52.5 30.5
52.5 31.5
52.5 48.5
52.5 49.5
52.5 56.5
53.5 9.5
53.5 10.5
53.5 31.5
53.5 32.5
53.5 37.5
53.5 49.5
53.5 50.5
53.5 55.5
54.5 9.5
54.5 18.5
54.5 22.5
54.5 32.5
54.5 33.5
54.5 38.5
54.5 54.5
54.5 64.5
55.5 8.5
55.5 17.5
55.5 23.5
55.5 24.5
55.5 39.5
55.5 40.5
55.5 62.5
55.5 63.5
56.5 16.5
56.5 24.5
56.5 25.5
56.5 40.5
56.5 41.5
56.5 61.5
56.5 62.5
57.5 15.5
57.5 25.5
57.5 26.5
57.5 41.5
57.5 42.5
57.5 60.5
57.5 61.5
58.5 14.5
58.5 26.5
58.5 27.5
58.5 42.5
58.5 43.5
58.5 59.5
58.5 60.5
59.5 13.5
59.5 28.5
59.5 44.5
59.5 58.5
60.5 12.5
