2.5 16.5
2.5 17.5
2.5 37.5
2.5 38.5
2.5 55.5
2.5 56.5
2.5 57.5
3.5 13.5
3.5 14.5
3.5 32.5
3.5 33.5
3.5 34.5
3.5 35.5
3.5 60.5
3.5 61.5
3.5 62.5
4.5 10.5
4.5 11.5
4.5 12.5
4.5 29.5
4.5 30.5
4.5 31.5
4.5 32.5
5.5 8.5
5.5 9.5
5.5 23.5
5.5 24.5
5.5 26.5
5.5 27.5
5.5 28.5
6.5 20.5
6.5 21.5
6.5 22.5
6.5 44.5
6.5 45.5
6.5 47.5
6.5 48.5
6.5 49.5
6.5 50.5
6.5 51.5
6.5 52.5
6.5 53.5
6.5 54.5
7.5 17.5
7.5 18.5
7.5 19.5
7.5 39.5
7.5 40.5
7.5 41.5
7.5 42.5
7.5 53.5
7.5 54.5
7.5 55.5
7.5 56.5
7.5 57.5
7.5 58.5
7.5 59.5
8.5 15.5
8.5 16.5
8.5 17.5
8.5 36.5
8.5 37.5
8.5 38.5
8.5 39.5
9.5 13.5
9.5 33.5
9.5 34.5
9.5 35.5
12.5 18.5
13.5 14.5
13.5 15.5
13.5 16.5
13.5 36.5
13.5 37.5
13.5 38.5
13.5 54.5
13.5 55.5
13.5 56.5
13.5 57.5
13.5 58.5
13.5 59.5
13.5 60.5
14.5 11.5
14.5 12.5
14.5 13.5
14.5 30.5
14.5 31.5
14.5 32.5
14.5 33.5
14.5 34.5
14.5 58.5
14.5 59.5
14.5 60.5
14.5 61.5
14.5 62.5
14.5 63.5
14.5 64.5
15.5 8.5
15.5 9.5
15.5 10.5
15.5 27.5
15.5 28.5
16.5 21.5
16.5 22.5
16.5 23.5
16.5 43.5
16.5 44.5
16.5 47.5
17.5 18.5
17.5 19.5
17.5 20.5
17.5 39.5
17.5 40.5
17.5 41.5
17.5 49.5
17.5 50.5
17.5 51.5
18.5 15.5
18.5 16.5
18.5 17.5
18.5 35.5
18.5 36.5
18.5 37.5
18.5 52.5
18.5 53.5
19.5 55.5
19.5 56.5
22.5 14.5
22.5 35.5
22.5 36.5
23.5 16.5
23.5 17.5
23.5 18.5
23.5 37.5
23.5 38.5
23.5 39.5
23.5 54.5
23.5 55.5
23.5 56.5
23.5 57.5
24.5 18.5
24.5 19.5
24.5 20.5
24.5 21.5
24.5 40.5
24.5 41.5
24.5 42.5
24.5 50.5
24.5 51.5
24.5 52.5
24.5 53.5
25.5 22.5
25.5 23.5
25.5 24.5
25.5 43.5
25.5 44.5
25.5 46.5
25.5 47.5
25.5 48.5
26.5 28.5
26.5 29.5
26.5 30.5
26.5 31.5
26.5 64.5
27.5 7.5
27.5 8.5
27.5 9.5
27.5 10.5
27.5 31.5
27.5 32.5
27.5 33.5
27.5 34.5
27.5 59.5
27.5 60.5
27.5 61.5
28.5 11.5
28.5 12.5
28.5 13.5
28.5 14.5
28.5 34.5
28.5 35.5
28.5 36.5
28.5 37.5
28.5 55.5
28.5 56.5
28.5 57.5
29.5 15.5
29.5 16.5
29.5 17.5
32.5 37.5
33.5 12.5
33.5 34.5
33.5 35.5
33.5 54.5
33.5 55.5
33.5 56.5
33.5 57.5
34.5 15.5
34.5 16.5
34.5 17.5
34.5 18.5
34.5 31.5
34.5 32.5
34.5 33.5
34.5 51.5
34.5 52.5
34.5 53.5
34.5 54.5
35.5 19.5
35.5 20.5
35.5 21.5
35.5 22.5
35.5 29.5
35.5 30.5
35.5 48.5
35.5 49.5
35.5 50.5
35.5 65.5
36.5 5.5
36.5 25.5
36.5 27.5
36.5 42.5
36.5 43.5
36.5 44.5
36.5 45.5
36.5 61.5
36.5 62.5
36.5 63.5
37.5 7.5
37.5 8.5
37.5 9.5
37.5 10.5
37.5 38.5
37.5 39.5
37.5 40.5
37.5 41.5
37.5 42.5
37.5 59.5
37.5 60.5
38.5 11.5
38.5 12.5
38.5 13.5
38.5 14.5
38.5 35.5
38.5 36.5
38.5 37.5
38.5 38.5
38.5 56.5
38.5 57.5
38.5 58.5
39.5 17.5
39.5 54.5
42.5 55.5
43.5 15.5
43.5 16.5
43.5 17.5
43.5 35.5
43.5 36.5
43.5 37.5
43.5 57.5
43.5 58.5
43.5 59.5
43.5 60.5
44.5 12.5
44.5 13.5
44.5 14.5
44.5 38.5
44.5 39.5
44.5 40.5
44.5 41.5
44.5 60.5
44.5 61.5
44.5 62.5
44.5 63.5
45.5 9.5
45.5 10.5
45.5 11.5
45.5 12.5
45.5 42.5
45.5 43.5
45.5 44.5
45.5 65.5
46.5 6.5
46.5 7.5
46.5 8.5
46.5 23.5
46.5 24.5
46.5 28.5
46.5 29.5
46.5 48.5
46.5 49.5
47.5 21.5
47.5 22.5
47.5 30.5
47.5 31.5
47.5 32.5
47.5 33.5
47.5 51.5
47.5 52.5
47.5 53.5
47.5 54.5
48.5 18.5
48.5 19.5
48.5 20.5
48.5 34.5
48.5 35.5
48.5 36.5
48.5 55.5
48.5 56.5
48.5 57.5
49.5 16.5
49.5 17.5
49.5 37.5
49.5 38.5
50.5 14.5
50.5 15.5
53.5 33.5
53.5 34.5
53.5 35.5
53.5 55.5
53.5 56.5
53.5 57.5
54.5 15.5
54.5 16.5
54.5 17.5
54.5 35.5
54.5 36.5
54.5 37.5
54.5 38.5
54.5 39.5
54.5 57.5
54.5 58.5
54.5 59.5
54.5 60.5
55.5 17.5
55.5 18.5
55.5 19.5
55.5 20.5
55.5 39.5
55.5 40.5
55.5 41.5
55.5 42.5
55.5 60.5
55.5 61.5
55.5 62.5
56.5 20.5
56.5 21.5
56.5 22.5
56.5 23.5
56.5 43.5
56.5 44.5
56.5 63.5
56.5 64.5
57.5 7.5
57.5 24.5
57.5 25.5
57.5 28.5
57.5 29.5
57.5 47.5
57.5 48.5
57.5 49.5
58.5 9.5
58.5 10.5
58.5 11.5
58.5 30.5
58.5 31.5
58.5 32.5
58.5 49.5
58.5 50.5
58.5 51.5
58.5 52.5
59.5 12.5
59.5 13.5
59.5 14.5
59.5 32.5
59.5 33.5
59.5 34.5
59.5 52.5
59.5 53.5
59.5 54.5
59.5 55.5
60.5 16.5
60.5 17.5
60.5 35.5
60.5 36.5
60.5 56.5
60.5 57.5
