1.5 35.5
1.5 48.5
2.5 23.5
2.5 36.5
2.5 37.5
2.5 46.5
2.5 47.5
2.5 60.5
3.5 12.5
3.5 23.5
3.5 24.5
3.5 37.5
3.5 38.5
3.5 45.5
3.5 46.5
3.5 61.5
3.5 62.5
4.5 12.5
4.5 13.5
4.5 24.5
4.5 25.5
4.5 38.5
4.5 39.5
4.5 45.5
4.5 62.5
4.5 63.5
5.5 13.5
5.5 14.5
5.5 25.5
5.5 26.5
5.5 39.5
5.5 40.5
5.5 44.5
5.5 52.5
5.5 63.5
5.5 64.5
6.5 14.5
6.5 26.5
6.5 27.5
6.5 31.5
6.5 51.5
6.5 56.5
6.5 64.5
7.5 6.5
7.5 7.5
7.5 15.5
7.5 19.5
7.5 20.5
7.5 32.5
7.5 33.5
7.5 50.5
7.5 51.5
7.5 57.5
8.5 7.5
8.5 8.5
8.5 20.5
8.5 21.5
8.5 33.5
8.5 34.5
8.5 49.5
8.5 50.5
8.5 58.5
9.5 8.5
9.5 9.5
9.5 21.5
9.5 34.5
9.5 35.5
9.5 48.5
9.5 49.5
9.5 59.5
10.5 9.5
10.5 10.5
10.5 22.5
10.5 36.5
10.5 60.5
11.5 11.5
11.5 23.5
13.5 48.5
14.5 35.5
14.5 36.5
14.5 47.5
14.5 59.5
14.5 60.5
15.5 11.5
15.5 24.5
15.5 36.5
15.5 37.5
15.5 46.5
15.5 47.5
15.5 58.5
15.5 59.5
16.5 9.5
16.5 10.5
16.5 11.5
16.5 24.5
16.5 25.5
16.5 37.5
16.5 38.5
16.5 45.5
16.5 46.5
16.5 58.5
16.5 59.5
17.5 8.5
17.5 9.5
17.5 10.5
17.5 25.5
17.5 26.5
17.5 38.5
17.5 39.5
17.5 45.5
17.5 57.5
17.5 58.5
18.5 7.5
18.5 8.5
18.5 26.5
18.5 39.5
18.5 40.5
18.5 44.5
18.5 52.5
18.5 57.5
18.5 64.5
19.5 6.5
19.5 27.5
19.5 32.5
19.5 51.5
19.5 52.5
19.5 63.5
19.5 64.5
20.5 15.5
20.5 19.5
20.5 20.5
20.5 28.5
20.5 32.5
20.5 33.5
20.5 50.5
20.5 51.5
20.5 62.5
20.5 63.5
21.5 13.5
21.5 14.5
21.5 20.5
21.5 21.5
21.5 33.5
21.5 34.5
21.5 49.5
21.5 50.5
21.5 62.5
22.5 12.5
22.5 13.5
22.5 21.5
22.5 22.5
22.5 34.5
22.5 35.5
22.5 48.5
22.5 49.5
22.5 61.5
23.5 11.5
23.5 12.5
23.5 23.5
23.5 35.5
23.5 48.5
26.5 61.5
27.5 11.5
27.5 36.5
27.5 48.5
27.5 60.5
27.5 61.5
28.5 10.5
28.5 11.5
28.5 23.5
28.5 24.5
28.5 35.5
28.5 47.5
28.5 48.5
28.5 59.5
28.5 60.5
29.5 9.5
29.5 10.5
29.5 21.5
29.5 22.5
29.5 23.5
29.5 33.5
29.5 34.5
29.5 46.5
29.5 47.5
29.5 59.5
30.5 9.5
30.5 20.5
30.5 21.5
30.5 32.5
30.5 33.5
30.5 45.5
30.5 46.5
30.5 58.5
30.5 59.5
31.5 8.5
31.5 15.5
31.5 19.5
31.5 28.5
31.5 39.5
31.5 40.5
31.5 44.5
31.5 45.5
31.5 53.5
31.5 57.5
31.5 58.5
31.5 65.5
32.5 14.5
32.5 15.5
32.5 26.5
32.5 27.5
32.5 38.5
32.5 39.5
32.5 52.5
32.5 53.5
32.5 64.5
32.5 65.5
33.5 13.5
33.5 14.5
33.5 25.5
33.5 26.5
33.5 38.5
33.5 51.5
33.5 52.5
33.5 63.5
33.5 64.5
34.5 13.5
34.5 24.5
34.5 37.5
34.5 38.5
34.5 50.5
34.5 51.5
34.5 63.5
35.5 12.5
35.5 49.5
35.5 50.5
35.5 62.5
38.5 24.5
38.5 25.5
39.5 13.5
39.5 25.5
39.5 26.5
39.5 36.5
39.5 61.5
40.5 13.5
40.5 14.5
40.5 26.5
40.5 27.5
40.5 34.5
40.5 35.5
40.5 49.5
40.5 50.5
40.5 62.5
41.5 14.5
41.5 15.5
41.5 28.5
41.5 33.5
41.5 34.5
41.5 50.5
41.5 51.5
41.5 52.5
41.5 63.5
42.5 15.5
42.5 29.5
42.5 33.5
42.5 52.5
42.5 53.5
42.5 63.5
42.5 64.5
43.5 8.5
43.5 9.5
43.5 16.5
43.5 20.5
43.5 21.5
43.5 40.5
43.5 57.5
43.5 65.5
44.5 9.5
44.5 10.5
44.5 21.5
44.5 22.5
44.5 23.5
44.5 38.5
44.5 39.5
44.5 44.5
44.5 45.5
44.5 46.5
44.5 58.5
44.5 59.5
45.5 10.5
45.5 11.5
45.5 23.5
45.5 24.5
45.5 37.5
45.5 38.5
45.5 46.5
45.5 47.5
45.5 48.5
45.5 59.5
45.5 60.5
46.5 11.5
46.5 12.5
46.5 24.5
46.5 25.5
46.5 36.5
46.5 48.5
46.5 49.5
46.5 60.5
47.5 61.5
50.5 37.5
50.5 48.5
51.5 11.5
51.5 12.5
51.5 25.5
51.5 26.5
51.5 37.5
51.5 48.5
51.5 49.5
51.5 61.5
52.5 9.5
52.5 10.5
52.5 11.5
52.5 26.5
52.5 27.5
52.5 38.5
52.5 49.5
52.5 50.5
52.5 62.5
53.5 8.5
53.5 9.5
53.5 26.5
53.5 27.5
53.5 38.5
53.5 39.5
53.5 49.5
53.5 50.5
53.5 51.5
53.5 63.5
54.5 7.5
54.5 27.5
54.5 28.5
54.5 33.5
54.5 39.5
54.5 43.5
54.5 50.5
54.5 51.5
54.5 57.5
54.5 63.5
54.5 64.5
55.5 15.5
55.5 19.5
55.5 29.5
55.5 33.5
55.5 34.5
55.5 44.5
55.5 51.5
55.5 52.5
55.5 57.5
56.5 13.5
56.5 14.5
56.5 19.5
56.5 20.5
56.5 21.5
56.5 34.5
56.5 44.5
56.5 45.5
56.5 57.5
56.5 58.5
57.5 12.5
57.5 13.5
57.5 20.5
57.5 21.5
57.5 22.5
57.5 34.5
57.5 35.5
57.5 45.5
57.5 57.5
57.5 58.5
58.5 12.5
58.5 22.5
58.5 23.5
58.5 35.5
58.5 46.5
58.5 58.5
59.5 11.5
59.5 23.5
59.5 24.5
59.5 36.5
59.5 47.5
