2.5 42.5
2.5 43.5
2.5 59.5
3.5 28.5
3.5 29.5
3.5 41.5
3.5 42.5
3.5 59.5
3.5 60.5
4.5 28.5
4.5 29.5
4.5 30.5
4.5 40.5
4.5 41.5
4.5 42.5
4.5 59.5
4.5 60.5
4.5 61.5
5.5 10.5
5.5 11.5
5.5 28.5
5.5 29.5
5.5 30.5
5.5 40.5
5.5 41.5
5.5 42.5
5.5 60.5
5.5 61.5
6.5 9.5
6.5 10.5
6.5 11.5
6.5 28.5
6.5 29.5
6.5 30.5
6.5 31.5
6.5 39.5
6.5 40.5
6.5 41.5
6.5 60.5
6.5 61.5
6.5 62.5
7.5 9.5
7.5 10.5
7.5 29.5
7.5 30.5
7.5 31.5
7.5 39.5
7.5 40.5
7.5 41.5
7.5 60.5
7.5 61.5
7.5 62.5
8.5 8.5
8.5 9.5
8.5 10.5
8.5 29.5
8.5 30.5
8.5 31.5
8.5 38.5
8.5 39.5
8.5 40.5
8.5 61.5
8.5 62.5
9.5 8.5
9.5 9.5
9.5 30.5
9.5 31.5
9.5 38.5
9.5 39.5
9.5 62.5
10.5 8.5
10.5 9.5
10.5 31.5
10.5 38.5
10.5 48.5
10.5 54.5
10.5 55.5
11.5 7.5
11.5 8.5
11.5 16.5
11.5 17.5
11.5 23.5
11.5 46.5
11.5 47.5
11.5 48.5
11.5 54.5
11.5 55.5
11.5 56.5
12.5 15.5
12.5 16.5
12.5 17.5
12.5 23.5
12.5 24.5
12.5 46.5
12.5 47.5
12.5 48.5
12.5 55.5
12.5 56.5
13.5 15.5
13.5 16.5
13.5 17.5
13.5 23.5
13.5 24.5
13.5 25.5
13.5 45.5
13.5 46.5
13.5 47.5
13.5 55.5
13.5 56.5
13.5 57.5
14.5 14.5
14.5 15.5
14.5 16.5
14.5 24.5
14.5 25.5
14.5 44.5
14.5 45.5
14.5 46.5
14.5 47.5
14.5 55.5
14.5 56.5
14.5 57.5
15.5 14.5
15.5 15.5
15.5 16.5
15.5 24.5
15.5 25.5
15.5 26.5
15.5 44.5
15.5 45.5
15.5 46.5
15.5 56.5
15.5 57.5
16.5 13.5
16.5 14.5
16.5 15.5
16.5 25.5
16.5 26.5
16.5 44.5
16.5 45.5
16.5 57.5
16.5 58.5
17.5 13.5
17.5 14.5
17.5 15.5
17.5 26.5
17.5 27.5
17.5 43.5
17.5 44.5
17.5 57.5
17.5 58.5
18.5 13.5
18.5 14.5
18.5 27.5
23.5 58.5
24.5 13.5
24.5 29.5
24.5 43.5
24.5 44.5
24.5 57.5
24.5 58.5
25.5 13.5
25.5 14.5
25.5 15.5
25.5 29.5
25.5 30.5
25.5 43.5
25.5 44.5
25.5 45.5
25.5 56.5
25.5 57.5
26.5 14.5
26.5 15.5
26.5 29.5
26.5 30.5
26.5 31.5
26.5 44.5
26.5 45.5
26.5 46.5
26.5 55.5
26.5 56.5
26.5 57.5
27.5 14.5
27.5 15.5
27.5 16.5
27.5 30.5
27.5 31.5
27.5 45.5
27.5 46.5
27.5 47.5
27.5 55.5
27.5 56.5
28.5 15.5
28.5 16.5
28.5 17.5
28.5 30.5
28.5 31.5
28.5 32.5
28.5 45.5
28.5 46.5
28.5 47.5
28.5 54.5
28.5 55.5
28.5 56.5
29.5 15.5
29.5 16.5
29.5 17.5
29.5 31.5
29.5 32.5
29.5 46.5
29.5 47.5
29.5 48.5
29.5 54.5
29.5 55.5
30.5 16.5
30.5 17.5
30.5 31.5
30.5 32.5
30.5 38.5
30.5 39.5
30.5 48.5
30.5 54.5
30.5 61.5
30.5 62.5
31.5 8.5
31.5 9.5
31.5 17.5
31.5 24.5
31.5 32.5
31.5 38.5
31.5 39.5
31.5 40.5
31.5 61.5
31.5 62.5
32.5 8.5
32.5 9.5
32.5 10.5
32.5 24.5
32.5 25.5
32.5 39.5
32.5 40.5
32.5 41.5
32.5 60.5
32.5 61.5
32.5 62.5
33.5 8.5
33.5 9.5
33.5 10.5
33.5 24.5
33.5 25.5
33.5 26.5
33.5 39.5
33.5 40.5
33.5 41.5
33.5 60.5
33.5 61.5
33.5 62.5
34.5 9.5
34.5 10.5
34.5 11.5
34.5 25.5
34.5 26.5
34.5 27.5
34.5 40.5
34.5 41.5
34.5 42.5
34.5 60.5
34.5 61.5
35.5 9.5
35.5 10.5
35.5 11.5
35.5 25.5
35.5 26.5
35.5 27.5
35.5 41.5
35.5 42.5
35.5 59.5
35.5 60.5
35.5 61.5
36.5 10.5
36.5 11.5
36.5 26.5
36.5 27.5
36.5 28.5
36.5 41.5
36.5 42.5
36.5 43.5
36.5 59.5
36.5 60.5
37.5 10.5
37.5 11.5
37.5 12.5
37.5 27.5
37.5 28.5
37.5 43.5
37.5 59.5
37.5 60.5
38.5 11.5
38.5 12.5
43.5 44.5
44.5 27.5
44.5 44.5
44.5 45.5
44.5 57.5
44.5 58.5
45.5 13.5
45.5 14.5
45.5 26.5
45.5 27.5
45.5 44.5
45.5 45.5
45.5 46.5
45.5 56.5
45.5 57.5
45.5 58.5
46.5 13.5
46.5 14.5
46.5 15.5
46.5 25.5
46.5 26.5
46.5 27.5
46.5 45.5
46.5 46.5
46.5 55.5
46.5 56.5
46.5 57.5
47.5 13.5
47.5 14.5
47.5 15.5
47.5 25.5
47.5 26.5
47.5 27.5
47.5 45.5
47.5 46.5
47.5 47.5
47.5 55.5
47.5 56.5
47.5 57.5
48.5 14.5
48.5 15.5
48.5 16.5
48.5 24.5
48.5 25.5
48.5 26.5
48.5 45.5
48.5 46.5
48.5 47.5
48.5 55.5
48.5 56.5
49.5 14.5
49.5 15.5
49.5 16.5
49.5 24.5
49.5 25.5
49.5 26.5
49.5 46.5
49.5 47.5
49.5 54.5
49.5 55.5
49.5 56.5
50.5 15.5
50.5 16.5
50.5 23.5
50.5 24.5
50.5 25.5
50.5 47.5
50.5 48.5
50.5 54.5
50.5 55.5
51.5 15.5
51.5 16.5
51.5 17.5
51.5 23.5
51.5 24.5
51.5 33.5
51.5 39.5
51.5 40.5
51.5 54.5
52.5 8.5
52.5 16.5
52.5 17.5
52.5 23.5
52.5 32.5
52.5 33.5
52.5 39.5
52.5 40.5
52.5 62.5
52.5 63.5
53.5 8.5
53.5 9.5
53.5 31.5
53.5 32.5
53.5 33.5
53.5 40.5
53.5 41.5
53.5 61.5
53.5 62.5
53.5 63.5
54.5 8.5
54.5 9.5
54.5 10.5
54.5 30.5
54.5 31.5
54.5 32.5
54.5 40.5
54.5 41.5
54.5 42.5
54.5 61.5
54.5 62.5
54.5 63.5
55.5 9.5
55.5 10.5
55.5 11.5
55.5 30.5
55.5 31.5
55.5 32.5
55.5 40.5
55.5 41.5
55.5 42.5
55.5 60.5
55.5 61.5
55.5 62.5
56.5 9.5
56.5 10.5
56.5 11.5
56.5 29.5
56.5 30.5
56.5 31.5
56.5 41.5
56.5 42.5
56.5 59.5
56.5 60.5
56.5 61.5
57.5 10.5
57.5 11.5
57.5 12.5
57.5 29.5
57.5 30.5
57.5 31.5
57.5 42.5
57.5 43.5
57.5 59.5
57.5 60.5
57.5 61.5
58.5 11.5
58.5 12.5
58.5 29.5
58.5 30.5
58.5 42.5
58.5 43.5
58.5 59.5
58.5 60.5
59.5 12.5
59.5 29.5
