2.5 58.5
2.5 59.5
3.5 13.5
3.5 28.5
3.5 29.5
3.5 43.5
3.5 44.5
3.5 59.5
3.5 60.5
4.5 14.5
4.5 29.5
4.5 30.5
4.5 44.5
4.5 45.5
4.5 60.5
4.5 61.5
4.5 62.5
5.5 14.5
5.5 15.5
5.5 30.5
5.5 45.5
5.5 46.5
5.5 61.5
5.5 62.5
5.5 63.5
6.5 15.5
6.5 16.5
6.5 31.5
6.5 46.5
6.5 47.5
6.5 63.5
6.5 64.5
7.5 16.5
7.5 17.5
7.5 31.5
7.5 32.5
7.5 47.5
7.5 48.5
7.5 53.5
7.5 64.5
8.5 7.5
8.5 17.5
8.5 23.5
8.5 33.5
8.5 38.5
8.5 54.5
8.5 55.5
9.5 8.5
9.5 18.5
9.5 24.5
9.5 38.5
9.5 39.5
9.5 40.5
9.5 55.5
9.5 56.5
10.5 9.5
10.5 24.5
10.5 25.5
10.5 40.5
10.5 41.5
10.5 56.5
10.5 57.5
11.5 10.5
11.5 25.5
11.5 26.5
11.5 41.5
11.5 42.5
11.5 57.5
11.5 58.5
12.5 11.5
12.5 26.5
12.5 27.5
12.5 42.5
12.5 43.5
12.5 58.5
13.5 12.5
13.5 27.5
17.5 58.5
17.5 59.5
18.5 12.5
18.5 27.5
18.5 43.5
18.5 44.5
18.5 57.5
18.5 58.5
19.5 11.5
19.5 12.5
19.5 28.5
19.5 44.5
19.5 45.5
19.5 46.5
19.5 56.5
19.5 57.5
20.5 10.5
20.5 11.5
20.5 29.5
20.5 30.5
20.5 46.5
20.5 47.5
20.5 55.5
20.5 56.5
21.5 9.5
21.5 10.5
21.5 30.5
21.5 31.5
21.5 47.5
21.5 48.5
21.5 54.5
22.5 9.5
22.5 31.5
22.5 32.5
22.5 49.5
22.5 53.5
22.5 64.5
23.5 8.5
23.5 32.5
23.5 38.5
23.5 62.5
23.5 63.5
23.5 64.5
24.5 17.5
24.5 22.5
24.5 23.5
24.5 39.5
24.5 40.5
24.5 61.5
24.5 62.5
24.5 63.5
25.5 16.5
25.5 17.5
25.5 23.5
25.5 24.5
25.5 40.5
25.5 41.5
25.5 60.5
25.5 61.5
26.5 15.5
26.5 16.5
26.5 24.5
26.5 25.5
26.5 41.5
26.5 42.5
26.5 59.5
26.5 60.5
27.5 14.5
27.5 15.5
27.5 25.5
27.5 26.5
27.5 43.5
27.5 59.5
28.5 13.5
28.5 14.5
28.5 26.5
28.5 27.5
29.5 13.5
29.5 28.5
32.5 43.5
32.5 59.5
33.5 27.5
33.5 44.5
33.5 45.5
33.5 60.5
34.5 13.5
34.5 28.5
34.5 44.5
34.5 45.5
34.5 46.5
34.5 60.5
34.5 61.5
35.5 13.5
35.5 14.5
35.5 29.5
35.5 30.5
35.5 45.5
35.5 46.5
35.5 47.5
35.5 61.5
35.5 62.5
36.5 14.5
36.5 15.5
36.5 30.5
36.5 31.5
36.5 47.5
36.5 48.5
36.5 62.5
36.5 63.5
37.5 15.5
37.5 16.5
37.5 31.5
37.5 32.5
37.5 48.5
37.5 54.5
37.5 63.5
37.5 64.5
38.5 16.5
38.5 17.5
38.5 32.5
38.5 33.5
38.5 38.5
38.5 49.5
38.5 55.5
39.5 8.5
39.5 17.5
39.5 22.5
39.5 23.5
39.5 39.5
39.5 55.5
39.5 56.5
40.5 9.5
40.5 23.5
40.5 24.5
40.5 40.5
40.5 41.5
40.5 56.5
41.5 9.5
41.5 10.5
41.5 24.5
41.5 25.5
41.5 26.5
41.5 41.5
41.5 42.5
41.5 57.5
42.5 10.5
42.5 11.5
42.5 26.5
42.5 27.5
42.5 42.5
42.5 43.5
42.5 57.5
42.5 58.5
43.5 11.5
43.5 12.5
43.5 27.5
43.5 28.5
43.5 44.5
43.5 58.5
44.5 12.5
48.5 27.5
48.5 43.5
48.5 57.5
48.5 58.5
49.5 12.5
49.5 27.5
49.5 28.5
49.5 44.5
49.5 45.5
49.5 56.5
49.5 57.5
50.5 11.5
50.5 28.5
50.5 29.5
50.5 44.5
50.5 45.5
50.5 46.5
50.5 55.5
50.5 56.5
51.5 10.5
51.5 11.5
51.5 29.5
51.5 30.5
51.5 45.5
51.5 46.5
51.5 47.5
51.5 54.5
51.5 55.5
52.5 10.5
52.5 30.5
52.5 31.5
52.5 47.5
52.5 53.5
52.5 54.5
53.5 9.5
53.5 22.5
53.5 31.5
53.5 32.5
53.5 37.5
53.5 48.5
53.5 53.5
53.5 63.5
54.5 8.5
54.5 17.5
54.5 23.5
54.5 32.5
54.5 38.5
54.5 62.5
54.5 63.5
55.5 16.5
55.5 17.5
55.5 23.5
55.5 24.5
55.5 38.5
55.5 39.5
55.5 60.5
55.5 61.5
55.5 62.5
56.5 15.5
56.5 16.5
56.5 24.5
56.5 39.5
56.5 40.5
56.5 59.5
56.5 60.5
56.5 61.5
57.5 15.5
57.5 16.5
57.5 24.5
57.5 25.5
57.5 40.5
57.5 41.5
57.5 59.5
57.5 60.5
58.5 14.5
58.5 15.5
58.5 25.5
58.5 26.5
58.5 41.5
58.5 58.5
58.5 59.5
59.5 14.5
59.5 26.5
59.5 57.5
59.5 58.5
60.5 27.5
