1.5 15.5
1.5 16.5
1.5 17.5
1.5 38.5
1.5 39.5
1.5 40.5
1.5 56.5
1.5 57.5
1.5 58.5
1.5 59.5
2.5 11.5
2.5 12.5
2.5 13.5
2.5 14.5
2.5 35.5
2.5 36.5
2.5 37.5
2.5 38.5
2.5 53.5
2.5 54.5
2.5 55.5
3.5 8.5
3.5 9.5
3.5 10.5
3.5 11.5
3.5 31.5
3.5 32.5
3.5 33.5
3.5 34.5
3.5 35.5
3.5 49.5
3.5 50.5
3.5 51.5
3.5 52.5
4.5 6.5
4.5 7.5
4.5 8.5
4.5 28.5
4.5 29.5
4.5 30.5
4.5 31.5
4.5 32.5
4.5 46.5
4.5 47.5
4.5 48.5
4.5 65.5
4.5 66.5
5.5 24.5
5.5 25.5
5.5 26.5
5.5 27.5
5.5 28.5
5.5 29.5
5.5 43.5
5.5 44.5
5.5 60.5
5.5 61.5
5.5 62.5
5.5 63.5
5.5 64.5
6.5 18.5
6.5 19.5
6.5 20.5
6.5 21.5
6.5 22.5
6.5 23.5
6.5 24.5
6.5 25.5
6.5 40.5
6.5 41.5
6.5 42.5
6.5 56.5
6.5 57.5
6.5 58.5
6.5 59.5
6.5 60.5
7.5 13.5
7.5 14.5
7.5 15.5
7.5 16.5
7.5 17.5
7.5 18.5
7.5 19.5
7.5 20.5
7.5 38.5
7.5 39.5
7.5 40.5
7.5 53.5
7.5 54.5
7.5 55.5
8.5 10.5
8.5 11.5
8.5 12.5
8.5 13.5
8.5 14.5
8.5 36.5
8.5 37.5
9.5 34.5
9.5 35.5
10.5 32.5
10.5 52.5
10.5 53.5
11.5 54.5
11.5 55.5
11.5 56.5
11.5 57.5
12.5 21.5
12.5 22.5
12.5 31.5
12.5 32.5
12.5 33.5
12.5 57.5
12.5 58.5
12.5 59.5
12.5 60.5
13.5 12.5
13.5 13.5
13.5 14.5
13.5 15.5
13.5 16.5
13.5 17.5
13.5 18.5
13.5 19.5
13.5 34.5
13.5 35.5
13.5 36.5
13.5 37.5
13.5 38.5
13.5 39.5
13.5 40.5
13.5 41.5
13.5 45.5
13.5 59.5
13.5 60.5
13.5 61.5
13.5 62.5
13.5 63.5
14.5 7.5
14.5 8.5
14.5 9.5
14.5 10.5
14.5 11.5
14.5 12.5
14.5 13.5
14.5 40.5
14.5 41.5
14.5 42.5
14.5 43.5
14.5 44.5
14.5 45.5
14.5 46.5
14.5 47.5
14.5 48.5
14.5 62.5
14.5 63.5
14.5 64.5
14.5 65.5
15.5 48.5
15.5 49.5
15.5 50.5
15.5 66.5
15.5 68.5
16.5 26.5
16.5 27.5
16.5 51.5
16.5 52.5
16.5 53.5
16.5 68.5
17.5 21.5
17.5 22.5
17.5 23.5
17.5 24.5
17.5 25.5
17.5 26.5
17.5 27.5
17.5 28.5
17.5 29.5
17.5 30.5
17.5 53.5
17.5 54.5
17.5 55.5
18.5 17.5
18.5 18.5
18.5 19.5
18.5 20.5
18.5 21.5
18.5 30.5
18.5 31.5
18.5 32.5
18.5 33.5
18.5 34.5
18.5 35.5
18.5 36.5
18.5 55.5
18.5 56.5
18.5 57.5
19.5 13.5
19.5 14.5
19.5 15.5
19.5 16.5
19.5 36.5
19.5 37.5
19.5 38.5
19.5 39.5
19.5 40.5
19.5 58.5
19.5 59.5
20.5 11.5
20.5 61.5
21.5 60.5
22.5 57.5
22.5 58.5
22.5 59.5
23.5 15.5
23.5 16.5
23.5 17.5
23.5 18.5
23.5 30.5
23.5 31.5
23.5 32.5
23.5 33.5
23.5 55.5
23.5 56.5
23.5 57.5
24.5 10.5
24.5 11.5
24.5 12.5
24.5 13.5
24.5 14.5
24.5 33.5
24.5 34.5
24.5 35.5
24.5 36.5
24.5 37.5
24.5 52.5
24.5 53.5
24.5 54.5
24.5 55.5
25.5 6.5
25.5 7.5
25.5 8.5
25.5 9.5
25.5 10.5
25.5 36.5
25.5 37.5
25.5 38.5
25.5 39.5
25.5 40.5
25.5 41.5
25.5 50.5
25.5 51.5
25.5 52.5
26.5 24.5
26.5 25.5
26.5 26.5
26.5 40.5
26.5 41.5
26.5 42.5
26.5 43.5
26.5 44.5
26.5 48.5
26.5 49.5
26.5 50.5
26.5 65.5
26.5 66.5
27.5 19.5
27.5 20.5
27.5 21.5
27.5 22.5
27.5 26.5
27.5 27.5
27.5 28.5
27.5 44.5
27.5 45.5
27.5 46.5
27.5 47.5
27.5 61.5
27.5 62.5
27.5 63.5
27.5 64.5
28.5 15.5
28.5 16.5
28.5 17.5
28.5 18.5
28.5 29.5
28.5 30.5
28.5 31.5
28.5 44.5
28.5 58.5
28.5 59.5
28.5 60.5
28.5 61.5
29.5 11.5
29.5 12.5
29.5 13.5
29.5 14.5
29.5 32.5
29.5 33.5
29.5 56.5
29.5 57.5
29.5 58.5
30.5 35.5
30.5 36.5
30.5 53.5
30.5 54.5
30.5 55.5
31.5 10.5
31.5 11.5
31.5 38.5
31.5 51.5
31.5 52.5
32.5 12.5
32.5 13.5
32.5 14.5
33.5 14.5
33.5 15.5
33.5 16.5
33.5 39.5
33.5 40.5
33.5 59.5
33.5 60.5
34.5 17.5
34.5 18.5
34.5 19.5
34.5 33.5
34.5 34.5
34.5 35.5
34.5 36.5
34.5 37.5
34.5 55.5
34.5 56.5
34.5 57.5
35.5 5.5
35.5 6.5
35.5 19.5
35.5 20.5
35.5 21.5
35.5 29.5
35.5 30.5
35.5 31.5
35.5 32.5
35.5 33.5
35.5 51.5
35.5 52.5
35.5 53.5
35.5 54.5
36.5 7.5
36.5 8.5
36.5 9.5
36.5 22.5
36.5 23.5
36.5 25.5
36.5 26.5
36.5 27.5
36.5 28.5
36.5 29.5
36.5 48.5
36.5 49.5
36.5 50.5
36.5 66.5
37.5 10.5
37.5 11.5
37.5 12.5
37.5 22.5
37.5 23.5
37.5 25.5
37.5 43.5
37.5 44.5
37.5 45.5
37.5 46.5
37.5 61.5
37.5 62.5
37.5 63.5
37.5 64.5
37.5 65.5
38.5 12.5
38.5 13.5
38.5 14.5
38.5 38.5
38.5 39.5
38.5 40.5
38.5 41.5
38.5 57.5
38.5 58.5
38.5 59.5
38.5 60.5
38.5 61.5
39.5 15.5
39.5 16.5
39.5 34.5
39.5 35.5
39.5 36.5
39.5 37.5
39.5 54.5
39.5 55.5
39.5 56.5
40.5 18.5
40.5 31.5
40.5 32.5
40.5 51.5
42.5 40.5
42.5 41.5
42.5 51.5
43.5 15.5
43.5 16.5
43.5 17.5
43.5 18.5
43.5 36.5
43.5 37.5
43.5 38.5
43.5 54.5
43.5 55.5
43.5 56.5
43.5 57.5
44.5 12.5
44.5 13.5
44.5 14.5
44.5 15.5
44.5 32.5
44.5 33.5
44.5 34.5
44.5 35.5
44.5 58.5
44.5 59.5
44.5 60.5
44.5 61.5
44.5 62.5
45.5 9.5
45.5 10.5
45.5 11.5
45.5 12.5
45.5 28.5
45.5 29.5
45.5 30.5
45.5 31.5
45.5 47.5
45.5 63.5
45.5 64.5
45.5 65.5
45.5 66.5
46.5 6.5
46.5 7.5
46.5 8.5
46.5 9.5
46.5 24.5
46.5 25.5
46.5 26.5
46.5 27.5
46.5 43.5
46.5 44.5
46.5 45.5
46.5 46.5
46.5 47.5
46.5 48.5
47.5 5.5
47.5 21.5
47.5 22.5
47.5 23.5
47.5 39.5
47.5 40.5
47.5 41.5
47.5 42.5
47.5 49.5
47.5 50.5
47.5 51.5
47.5 52.5
47.5 53.5
48.5 18.5
48.5 19.5
48.5 20.5
48.5 36.5
48.5 37.5
48.5 38.5
48.5 39.5
48.5 53.5
48.5 54.5
48.5 55.5
48.5 56.5
49.5 15.5
49.5 16.5
49.5 17.5
49.5 33.5
49.5 34.5
49.5 35.5
49.5 57.5
49.5 58.5
49.5 59.5
50.5 13.5
50.5 14.5
50.5 30.5
50.5 31.5
51.5 11.5
52.5 30.5
52.5 31.5
52.5 52.5
52.5 53.5
52.5 54.5
53.5 11.5
53.5 12.5
53.5 13.5
53.5 32.5
53.5 33.5
53.5 34.5
53.5 35.5
53.5 55.5
53.5 56.5
53.5 57.5
53.5 58.5
54.5 15.5
54.5 16.5
54.5 17.5
54.5 18.5
54.5 19.5
54.5 35.5
54.5 36.5
54.5 37.5
54.5 38.5
54.5 59.5
54.5 60.5
54.5 61.5
54.5 62.5
55.5 20.5
55.5 21.5
55.5 22.5
55.5 23.5
55.5 24.5
55.5 25.5
55.5 37.5
55.5 38.5
55.5 39.5
55.5 40.5
55.5 63.5
55.5 64.5
55.5 65.5
55.5 66.5
56.5 5.5
56.5 6.5
56.5 7.5
56.5 26.5
56.5 27.5
56.5 28.5
56.5 40.5
56.5 41.5
56.5 42.5
56.5 43.5
57.5 9.5
57.5 10.5
57.5 11.5
57.5 12.5
57.5 29.5
57.5 30.5
57.5 43.5
57.5 44.5
57.5 45.5
57.5 46.5
57.5 47.5
57.5 48.5
57.5 49.5
57.5 50.5
57.5 51.5
57.5 52.5
58.5 13.5
58.5 14.5
58.5 15.5
58.5 16.5
58.5 31.5
58.5 32.5
58.5 33.5
58.5 50.5
58.5 51.5
58.5 52.5
58.5 53.5
58.5 54.5
58.5 55.5
58.5 56.5
58.5 57.5
58.5 68.5
59.5 18.5
59.5 19.5
59.5 33.5
59.5 34.5
59.5 35.5
59.5 57.5
59.5 58.5
59.5 59.5
59.5 60.5
59.5 61.5
60.5 36.5
60.5 37.5
61.5 39.5
