1.5 12.5
1.5 13.5
1.5 28.5
1.5 43.5
1.5 57.5
2.5 13.5
2.5 14.5
2.5 29.5
2.5 30.5
2.5 43.5
2.5 44.5
2.5 58.5
2.5 59.5
3.5 14.5
3.5 15.5
3.5 30.5
3.5 31.5
3.5 44.5
3.5 45.5
3.5 60.5
3.5 61.5
4.5 15.5
4.5 16.5
4.5 30.5
4.5 31.5
4.5 32.5
4.5 45.5
4.5 46.5
4.5 61.5
4.5 62.5
5.5 16.5
5.5 17.5
5.5 23.5
5.5 31.5
5.5 32.5
5.5 46.5
5.5 47.5
5.5 62.5
5.5 63.5
5.5 64.5
6.5 17.5
6.5 18.5
6.5 23.5
6.5 24.5
6.5 32.5
6.5 33.5
6.5 37.5
6.5 38.5
6.5 47.5
6.5 48.5
6.5 53.5
6.5 54.5
6.5 64.5
6.5 65.5
7.5 7.5
7.5 8.5
7.5 18.5
7.5 19.5
7.5 24.5
7.5 25.5
7.5 34.5
7.5 38.5
7.5 39.5
7.5 48.5
7.5 49.5
7.5 54.5
7.5 55.5
7.5 66.5
8.5 8.5
8.5 9.5
8.5 19.5
8.5 20.5
8.5 25.5
8.5 26.5
8.5 35.5
8.5 39.5
8.5 40.5
8.5 49.5
8.5 54.5
8.5 55.5
8.5 56.5
9.5 9.5
9.5 10.5
9.5 25.5
9.5 26.5
9.5 27.5
9.5 40.5
9.5 41.5
9.5 50.5
9.5 55.5
9.5 56.5
9.5 57.5
10.5 10.5
10.5 11.5
10.5 26.5
10.5 27.5
10.5 41.5
10.5 42.5
10.5 57.5
10.5 58.5
11.5 11.5
11.5 12.5
11.5 27.5
11.5 28.5
11.5 42.5
11.5 43.5
11.5 58.5
11.5 59.5
12.5 12.5
12.5 13.5
12.5 28.5
12.5 29.5
12.5 43.5
12.5 44.5
12.5 59.5
12.5 60.5
13.5 13.5
13.5 14.5
13.5 29.5
13.5 44.5
14.5 14.5
14.5 15.5
14.5 45.5
15.5 27.5
15.5 58.5
16.5 28.5
16.5 44.5
16.5 58.5
16.5 59.5
17.5 11.5
17.5 12.5
17.5 28.5
17.5 29.5
17.5 43.5
17.5 44.5
17.5 59.5
17.5 60.5
18.5 12.5
18.5 13.5
18.5 14.5
18.5 29.5
18.5 30.5
18.5 42.5
18.5 43.5
18.5 59.5
18.5 60.5
18.5 61.5
19.5 13.5
19.5 14.5
19.5 15.5
19.5 30.5
19.5 31.5
19.5 41.5
19.5 42.5
19.5 60.5
19.5 61.5
19.5 62.5
20.5 15.5
20.5 16.5
20.5 17.5
20.5 31.5
20.5 32.5
20.5 40.5
20.5 41.5
20.5 42.5
20.5 61.5
20.5 62.5
21.5 16.5
21.5 17.5
21.5 18.5
21.5 21.5
21.5 22.5
21.5 32.5
21.5 33.5
21.5 39.5
21.5 40.5
21.5 41.5
21.5 50.5
21.5 62.5
21.5 63.5
22.5 7.5
22.5 18.5
22.5 19.5
22.5 22.5
22.5 23.5
22.5 32.5
22.5 33.5
22.5 39.5
22.5 40.5
22.5 49.5
22.5 52.5
22.5 53.5
22.5 63.5
22.5 64.5
23.5 7.5
23.5 8.5
23.5 20.5
23.5 23.5
23.5 24.5
23.5 33.5
23.5 34.5
23.5 38.5
23.5 39.5
23.5 48.5
23.5 53.5
23.5 54.5
23.5 64.5
24.5 8.5
24.5 9.5
24.5 24.5
24.5 25.5
24.5 26.5
24.5 34.5
24.5 35.5
24.5 37.5
24.5 38.5
24.5 47.5
24.5 48.5
24.5 54.5
24.5 55.5
24.5 68.5
25.5 9.5
25.5 10.5
25.5 25.5
25.5 26.5
25.5 27.5
25.5 46.5
25.5 47.5
25.5 55.5
25.5 56.5
26.5 10.5
26.5 11.5
26.5 27.5
26.5 28.5
26.5 45.5
26.5 46.5
26.5 56.5
26.5 57.5
27.5 11.5
27.5 12.5
27.5 28.5
27.5 29.5
27.5 44.5
27.5 45.5
27.5 57.5
27.5 58.5
28.5 12.5
28.5 13.5
28.5 29.5
28.5 30.5
28.5 43.5
28.5 44.5
28.5 59.5
29.5 13.5
29.5 42.5
29.5 60.5
31.5 12.5
31.5 26.5
31.5 27.5
31.5 43.5
31.5 57.5
32.5 12.5
32.5 13.5
32.5 27.5
32.5 28.5
32.5 43.5
32.5 58.5
33.5 13.5
33.5 28.5
33.5 29.5
33.5 43.5
33.5 44.5
33.5 59.5
34.5 13.5
34.5 14.5
34.5 29.5
34.5 30.5
34.5 44.5
34.5 45.5
34.5 59.5
34.5 60.5
35.5 13.5
35.5 14.5
35.5 20.5
35.5 29.5
35.5 30.5
35.5 31.5
35.5 45.5
35.5 60.5
35.5 61.5
36.5 14.5
36.5 15.5
36.5 21.5
36.5 30.5
36.5 31.5
36.5 32.5
36.5 36.5
36.5 45.5
36.5 46.5
36.5 51.5
36.5 61.5
36.5 62.5
37.5 14.5
37.5 15.5
37.5 21.5
37.5 22.5
37.5 32.5
37.5 33.5
37.5 37.5
37.5 46.5
37.5 47.5
37.5 52.5
37.5 62.5
37.5 63.5
38.5 7.5
38.5 15.5
38.5 16.5
38.5 22.5
38.5 23.5
38.5 33.5
38.5 37.5
38.5 38.5
38.5 46.5
38.5 47.5
38.5 52.5
38.5 53.5
38.5 63.5
38.5 64.5
39.5 8.5
39.5 15.5
39.5 16.5
39.5 22.5
39.5 23.5
39.5 24.5
39.5 34.5
39.5 38.5
39.5 39.5
39.5 47.5
39.5 48.5
39.5 53.5
39.5 54.5
39.5 64.5
39.5 68.5
40.5 8.5
40.5 9.5
40.5 16.5
40.5 23.5
40.5 24.5
40.5 39.5
40.5 40.5
40.5 48.5
40.5 54.5
40.5 55.5
40.5 65.5
41.5 9.5
41.5 10.5
41.5 16.5
41.5 24.5
41.5 25.5
41.5 39.5
41.5 40.5
41.5 41.5
41.5 49.5
41.5 55.5
41.5 56.5
42.5 10.5
42.5 24.5
42.5 25.5
42.5 26.5
42.5 40.5
42.5 41.5
42.5 55.5
42.5 56.5
42.5 57.5
43.5 10.5
43.5 11.5
43.5 25.5
43.5 26.5
43.5 41.5
43.5 42.5
43.5 56.5
43.5 57.5
43.5 58.5
44.5 11.5
44.5 12.5
44.5 26.5
44.5 27.5
44.5 42.5
44.5 43.5
44.5 57.5
44.5 58.5
44.5 59.5
45.5 12.5
45.5 27.5
45.5 43.5
45.5 58.5
45.5 59.5
46.5 13.5
46.5 44.5
46.5 60.5
47.5 28.5
48.5 12.5
48.5 27.5
48.5 43.5
49.5 12.5
49.5 13.5
49.5 26.5
49.5 27.5
49.5 42.5
49.5 43.5
49.5 56.5
49.5 57.5
50.5 13.5
50.5 25.5
50.5 26.5
50.5 41.5
50.5 42.5
50.5 57.5
50.5 58.5
50.5 59.5
51.5 14.5
51.5 24.5
51.5 25.5
51.5 40.5
51.5 41.5
51.5 58.5
51.5 59.5
51.5 60.5
52.5 14.5
52.5 15.5
52.5 23.5
52.5 24.5
52.5 34.5
52.5 39.5
52.5 40.5
52.5 41.5
52.5 60.5
52.5 61.5
52.5 62.5
53.5 7.5
53.5 15.5
53.5 22.5
53.5 23.5
53.5 33.5
53.5 39.5
53.5 40.5
53.5 49.5
53.5 51.5
53.5 61.5
53.5 62.5
53.5 63.5
54.5 8.5
54.5 16.5
54.5 21.5
54.5 22.5
54.5 32.5
54.5 33.5
54.5 38.5
54.5 39.5
54.5 48.5
54.5 49.5
54.5 52.5
54.5 62.5
54.5 63.5
54.5 64.5
55.5 8.5
55.5 9.5
55.5 16.5
55.5 17.5
55.5 20.5
55.5 21.5
55.5 30.5
55.5 31.5
55.5 32.5
55.5 37.5
55.5 38.5
55.5 47.5
55.5 48.5
55.5 53.5
55.5 54.5
55.5 64.5
55.5 65.5
56.5 9.5
56.5 10.5
56.5 17.5
56.5 20.5
56.5 30.5
56.5 31.5
56.5 37.5
56.5 46.5
56.5 47.5
56.5 54.5
56.5 55.5
57.5 10.5
57.5 11.5
57.5 29.5
57.5 30.5
57.5 45.5
57.5 46.5
57.5 55.5
57.5 56.5
58.5 10.5
58.5 11.5
58.5 28.5
58.5 29.5
58.5 44.5
58.5 45.5
58.5 56.5
58.5 57.5
59.5 11.5
59.5 12.5
59.5 27.5
59.5 28.5
59.5 43.5
59.5 44.5
59.5 57.5
59.5 58.5
60.5 12.5
60.5 13.5
60.5 26.5
60.5 27.5
60.5 42.5
60.5 43.5
60.5 59.5
61.5 13.5
61.5 26.5
61.5 42.5
