2.5 14.5
2.5 15.5
2.5 16.5
2.5 56.5
2.5 57.5
3.5 13.5
3.5 14.5
3.5 15.5
3.5 35.5
3.5 36.5
3.5 37.5
3.5 54.5
3.5 55.5
3.5 56.5
4.5 11.5
4.5 12.5
4.5 13.5
4.5 14.5
4.5 32.5
4.5 33.5
4.5 34.5
4.5 35.5
4.5 36.5
4.5 53.5
4.5 54.5
4.5 55.5
5.5 10.5
5.5 11.5
5.5 12.5
5.5 13.5
5.5 30.5
5.5 31.5
5.5 32.5
5.5 33.5
5.5 34.5
5.5 35.5
5.5 51.5
5.5 52.5
5.5 53.5
5.5 54.5
6.5 9.5
6.5 10.5
6.5 11.5
6.5 28.5
6.5 29.5
6.5 30.5
6.5 31.5
6.5 32.5
6.5 33.5
6.5 50.5
6.5 51.5
6.5 52.5
6.5 53.5
7.5 8.5
7.5 9.5
7.5 22.5
7.5 23.5
7.5 27.5
7.5 28.5
7.5 29.5
7.5 30.5
7.5 49.5
7.5 50.5
7.5 51.5
7.5 63.5
7.5 64.5
8.5 20.5
8.5 21.5
8.5 22.5
8.5 23.5
8.5 43.5
8.5 44.5
8.5 48.5
8.5 49.5
8.5 61.5
8.5 62.5
8.5 63.5
8.5 64.5
9.5 18.5
9.5 19.5
9.5 20.5
9.5 21.5
9.5 22.5
9.5 40.5
9.5 41.5
9.5 42.5
9.5 43.5
9.5 59.5
9.5 60.5
9.5 61.5
9.5 62.5
9.5 63.5
10.5 16.5
10.5 17.5
10.5 18.5
10.5 19.5
10.5 20.5
10.5 38.5
10.5 39.5
10.5 40.5
10.5 41.5
10.5 42.5
10.5 57.5
10.5 58.5
10.5 59.5
10.5 60.5
10.5 61.5
10.5 62.5
11.5 15.5
11.5 16.5
11.5 17.5
11.5 18.5
11.5 36.5
11.5 37.5
11.5 38.5
11.5 39.5
11.5 40.5
11.5 56.5
11.5 57.5
11.5 58.5
11.5 59.5
11.5 60.5
12.5 14.5
12.5 15.5
12.5 16.5
12.5 35.5
12.5 36.5
12.5 37.5
12.5 38.5
12.5 55.5
12.5 56.5
12.5 57.5
12.5 58.5
13.5 55.5
17.5 14.5
17.5 15.5
17.5 16.5
17.5 34.5
17.5 35.5
18.5 15.5
18.5 16.5
18.5 17.5
18.5 18.5
18.5 35.5
18.5 36.5
18.5 37.5
18.5 55.5
18.5 56.5
18.5 57.5
18.5 58.5
19.5 16.5
19.5 17.5
19.5 18.5
19.5 19.5
19.5 20.5
19.5 36.5
19.5 37.5
19.5 38.5
19.5 39.5
19.5 56.5
19.5 57.5
19.5 58.5
19.5 59.5
19.5 60.5
20.5 18.5
20.5 19.5
20.5 20.5
20.5 21.5
20.5 37.5
20.5 38.5
20.5 39.5
20.5 40.5
20.5 41.5
20.5 58.5
20.5 59.5
20.5 60.5
20.5 61.5
20.5 62.5
21.5 19.5
21.5 20.5
21.5 21.5
21.5 22.5
21.5 38.5
21.5 39.5
21.5 40.5
21.5 41.5
21.5 42.5
21.5 59.5
21.5 60.5
21.5 61.5
21.5 62.5
21.5 63.5
22.5 7.5
22.5 8.5
22.5 9.5
22.5 21.5
22.5 22.5
22.5 23.5
22.5 28.5
22.5 40.5
22.5 41.5
22.5 42.5
22.5 43.5
22.5 61.5
22.5 62.5
22.5 63.5
22.5 64.5
22.5 65.5
23.5 8.5
23.5 9.5
23.5 10.5
23.5 11.5
23.5 23.5
23.5 24.5
23.5 28.5
23.5 29.5
23.5 30.5
23.5 42.5
23.5 43.5
23.5 44.5
23.5 47.5
23.5 48.5
23.5 49.5
23.5 50.5
23.5 64.5
23.5 65.5
24.5 9.5
24.5 10.5
24.5 11.5
24.5 12.5
24.5 13.5
24.5 29.5
24.5 30.5
24.5 31.5
24.5 32.5
24.5 48.5
24.5 49.5
24.5 50.5
24.5 51.5
24.5 52.5
25.5 11.5
25.5 12.5
25.5 13.5
25.5 14.5
25.5 30.5
25.5 31.5
25.5 32.5
25.5 33.5
25.5 50.5
25.5 51.5
25.5 52.5
25.5 53.5
25.5 54.5
26.5 12.5
26.5 13.5
26.5 14.5
26.5 15.5
26.5 31.5
26.5 32.5
26.5 33.5
26.5 34.5
26.5 35.5
26.5 51.5
26.5 52.5
26.5 53.5
26.5 54.5
26.5 55.5
26.5 56.5
27.5 14.5
27.5 15.5
27.5 16.5
27.5 33.5
27.5 34.5
27.5 35.5
27.5 36.5
27.5 53.5
27.5 54.5
27.5 55.5
27.5 56.5
27.5 57.5
28.5 35.5
28.5 36.5
28.5 56.5
28.5 57.5
32.5 15.5
32.5 16.5
33.5 13.5
33.5 14.5
33.5 15.5
33.5 16.5
33.5 34.5
33.5 35.5
33.5 36.5
33.5 54.5
33.5 55.5
33.5 56.5
33.5 57.5
34.5 11.5
34.5 12.5
34.5 13.5
34.5 14.5
34.5 15.5
34.5 32.5
34.5 33.5
34.5 34.5
34.5 35.5
34.5 55.5
34.5 56.5
34.5 57.5
34.5 58.5
34.5 59.5
35.5 10.5
35.5 11.5
35.5 12.5
35.5 13.5
35.5 14.5
35.5 31.5
35.5 32.5
35.5 33.5
35.5 34.5
35.5 57.5
35.5 58.5
35.5 59.5
35.5 60.5
35.5 61.5
36.5 9.5
36.5 10.5
36.5 11.5
36.5 12.5
36.5 29.5
36.5 30.5
36.5 31.5
36.5 32.5
36.5 33.5
36.5 59.5
36.5 60.5
36.5 61.5
36.5 62.5
36.5 63.5
37.5 8.5
37.5 9.5
37.5 10.5
37.5 11.5
37.5 28.5
37.5 29.5
37.5 30.5
37.5 31.5
37.5 62.5
37.5 63.5
37.5 64.5
38.5 7.5
38.5 8.5
38.5 9.5
38.5 22.5
38.5 23.5
38.5 24.5
38.5 28.5
38.5 29.5
38.5 41.5
38.5 42.5
38.5 46.5
38.5 47.5
38.5 48.5
39.5 20.5
39.5 21.5
39.5 22.5
39.5 23.5
39.5 39.5
39.5 40.5
39.5 41.5
39.5 42.5
39.5 47.5
39.5 48.5
39.5 49.5
39.5 50.5
39.5 51.5
40.5 18.5
40.5 19.5
40.5 20.5
40.5 21.5
40.5 22.5
40.5 38.5
40.5 39.5
40.5 40.5
40.5 41.5
40.5 48.5
40.5 49.5
40.5 50.5
40.5 51.5
40.5 52.5
40.5 53.5
40.5 54.5
41.5 16.5
41.5 17.5
41.5 18.5
41.5 19.5
41.5 20.5
41.5 37.5
41.5 38.5
41.5 39.5
41.5 40.5
41.5 50.5
41.5 51.5
41.5 52.5
41.5 53.5
41.5 54.5
41.5 55.5
42.5 15.5
42.5 16.5
42.5 17.5
42.5 18.5
42.5 36.5
42.5 37.5
42.5 38.5
42.5 52.5
42.5 53.5
42.5 54.5
42.5 55.5
42.5 56.5
42.5 57.5
43.5 14.5
43.5 15.5
43.5 16.5
43.5 35.5
43.5 36.5
43.5 37.5
43.5 55.5
43.5 56.5
43.5 57.5
44.5 34.5
44.5 35.5
48.5 17.5
48.5 18.5
48.5 36.5
49.5 14.5
49.5 15.5
49.5 16.5
49.5 17.5
49.5 34.5
49.5 35.5
49.5 36.5
49.5 54.5
49.5 55.5
49.5 56.5
49.5 57.5
49.5 58.5
50.5 12.5
50.5 13.5
50.5 14.5
50.5 15.5
50.5 16.5
50.5 32.5
50.5 33.5
50.5 34.5
50.5 35.5
50.5 55.5
50.5 56.5
50.5 57.5
50.5 58.5
50.5 59.5
50.5 60.5
51.5 10.5
51.5 11.5
51.5 12.5
51.5 13.5
51.5 14.5
51.5 31.5
51.5 32.5
51.5 33.5
51.5 34.5
51.5 57.5
51.5 58.5
51.5 59.5
51.5 60.5
51.5 61.5
51.5 62.5
52.5 9.5
52.5 10.5
52.5 11.5
52.5 12.5
52.5 13.5
52.5 30.5
52.5 31.5
52.5 32.5
52.5 33.5
52.5 59.5
52.5 60.5
52.5 61.5
52.5 62.5
52.5 63.5
52.5 64.5
53.5 8.5
53.5 9.5
53.5 10.5
53.5 11.5
53.5 23.5
53.5 24.5
53.5 29.5
53.5 30.5
53.5 31.5
53.5 32.5
53.5 62.5
53.5 63.5
53.5 64.5
53.5 65.5
54.5 8.5
54.5 21.5
54.5 22.5
54.5 23.5
54.5 24.5
54.5 28.5
54.5 29.5
54.5 30.5
54.5 42.5
54.5 43.5
54.5 47.5
55.5 20.5
55.5 21.5
55.5 22.5
55.5 23.5
55.5 40.5
55.5 41.5
55.5 42.5
55.5 47.5
55.5 48.5
55.5 49.5
55.5 50.5
56.5 18.5
56.5 19.5
56.5 20.5
56.5 21.5
56.5 22.5
56.5 38.5
56.5 39.5
56.5 40.5
56.5 41.5
56.5 48.5
56.5 49.5
56.5 50.5
56.5 51.5
56.5 52.5
56.5 53.5
57.5 17.5
57.5 18.5
57.5 19.5
57.5 20.5
57.5 37.5
57.5 38.5
57.5 39.5
57.5 40.5
57.5 50.5
57.5 51.5
57.5 52.5
57.5 53.5
57.5 54.5
57.5 55.5
58.5 16.5
58.5 17.5
58.5 18.5
58.5 19.5
58.5 36.5
58.5 37.5
58.5 38.5
58.5 39.5
58.5 52.5
58.5 53.5
58.5 54.5
58.5 55.5
58.5 56.5
59.5 15.5
59.5 16.5
59.5 17.5
59.5 35.5
59.5 36.5
59.5 37.5
59.5 55.5
59.5 56.5
59.5 57.5
60.5 34.5
60.5 35.5
