2.5 11.5
2.5 12.5
2.5 13.5
2.5 27.5
2.5 43.5
2.5 44.5
2.5 59.5
2.5 60.5
3.5 13.5
3.5 14.5
3.5 15.5
3.5 16.5
3.5 28.5
3.5 29.5
3.5 45.5
3.5 46.5
3.5 56.5
3.5 57.5
3.5 58.5
4.5 16.5
4.5 17.5
4.5 18.5
4.5 30.5
4.5 31.5
4.5 47.5
4.5 48.5
4.5 54.5
4.5 55.5
4.5 56.5
5.5 5.5
5.5 6.5
5.5 20.5
5.5 22.5
5.5 31.5
5.5 32.5
5.5 33.5
5.5 48.5
5.5 49.5
5.5 52.5
5.5 53.5
5.5 54.5
6.5 7.5
6.5 8.5
6.5 9.5
6.5 23.5
6.5 24.5
6.5 33.5
6.5 34.5
6.5 35.5
6.5 50.5
6.5 51.5
6.5 65.5
7.5 9.5
7.5 10.5
7.5 11.5
7.5 24.5
7.5 25.5
7.5 36.5
7.5 37.5
7.5 38.5
7.5 39.5
7.5 40.5
7.5 62.5
7.5 63.5
7.5 64.5
8.5 11.5
8.5 12.5
8.5 13.5
8.5 26.5
8.5 27.5
8.5 40.5
8.5 41.5
8.5 42.5
8.5 43.5
8.5 44.5
8.5 60.5
8.5 61.5
8.5 62.5
9.5 28.5
9.5 44.5
9.5 45.5
9.5 46.5
9.5 47.5
9.5 59.5
9.5 60.5
10.5 29.5
10.5 58.5
11.5 14.5
12.5 13.5
13.5 11.5
13.5 12.5
13.5 28.5
13.5 29.5
13.5 30.5
13.5 42.5
13.5 58.5
14.5 10.5
14.5 11.5
14.5 26.5
14.5 27.5
14.5 28.5
14.5 43.5
14.5 44.5
14.5 59.5
14.5 60.5
15.5 9.5
15.5 10.5
15.5 25.5
15.5 26.5
15.5 27.5
15.5 44.5
15.5 45.5
15.5 46.5
15.5 60.5
15.5 61.5
16.5 8.5
16.5 9.5
16.5 19.5
16.5 20.5
16.5 23.5
16.5 24.5
16.5 25.5
16.5 46.5
16.5 47.5
16.5 48.5
16.5 53.5
16.5 61.5
16.5 62.5
17.5 6.5
17.5 7.5
17.5 17.5
17.5 18.5
17.5 19.5
17.5 22.5
17.5 23.5
17.5 34.5
17.5 35.5
17.5 48.5
17.5 49.5
17.5 50.5
17.5 54.5
17.5 55.5
17.5 63.5
18.5 6.5
18.5 16.5
18.5 17.5
18.5 18.5
18.5 32.5
18.5 33.5
18.5 37.5
18.5 38.5
18.5 50.5
18.5 51.5
18.5 55.5
18.5 56.5
18.5 64.5
19.5 14.5
19.5 15.5
19.5 16.5
19.5 31.5
19.5 32.5
19.5 38.5
19.5 39.5
19.5 40.5
19.5 56.5
19.5 57.5
19.5 65.5
20.5 13.5
20.5 14.5
20.5 15.5
20.5 30.5
20.5 40.5
20.5 41.5
20.5 42.5
20.5 56.5
20.5 57.5
20.5 58.5
21.5 12.5
21.5 13.5
21.5 28.5
21.5 29.5
21.5 42.5
21.5 43.5
21.5 57.5
21.5 58.5
22.5 11.5
22.5 12.5
22.5 27.5
22.5 44.5
22.5 45.5
22.5 59.5
23.5 60.5
24.5 27.5
25.5 28.5
25.5 57.5
26.5 11.5
26.5 12.5
26.5 13.5
26.5 29.5
26.5 30.5
26.5 42.5
26.5 43.5
26.5 44.5
26.5 45.5
26.5 58.5
26.5 59.5
27.5 13.5
27.5 14.5
27.5 15.5
27.5 30.5
27.5 31.5
27.5 40.5
27.5 41.5
27.5 42.5
27.5 43.5
27.5 59.5
27.5 60.5
28.5 15.5
28.5 16.5
28.5 17.5
28.5 31.5
28.5 38.5
28.5 39.5
28.5 40.5
28.5 41.5
28.5 60.5
28.5 61.5
29.5 6.5
29.5 17.5
29.5 18.5
29.5 19.5
29.5 21.5
29.5 22.5
29.5 32.5
29.5 36.5
29.5 37.5
29.5 38.5
29.5 61.5
29.5 62.5
30.5 7.5
30.5 8.5
30.5 20.5
30.5 22.5
30.5 23.5
30.5 24.5
30.5 33.5
30.5 35.5
30.5 51.5
30.5 52.5
30.5 62.5
30.5 63.5
31.5 9.5
31.5 10.5
31.5 24.5
31.5 25.5
31.5 48.5
31.5 49.5
31.5 50.5
31.5 53.5
31.5 54.5
31.5 64.5
32.5 10.5
32.5 11.5
32.5 25.5
32.5 26.5
32.5 27.5
32.5 46.5
32.5 47.5
32.5 48.5
32.5 54.5
32.5 55.5
32.5 65.5
33.5 12.5
33.5 27.5
33.5 28.5
33.5 44.5
33.5 45.5
33.5 46.5
33.5 55.5
33.5 56.5
33.5 57.5
34.5 13.5
34.5 14.5
34.5 29.5
34.5 42.5
34.5 43.5
34.5 44.5
34.5 57.5
34.5 58.5
35.5 41.5
35.5 58.5
35.5 59.5
36.5 14.5
36.5 60.5
37.5 13.5
37.5 28.5
37.5 29.5
38.5 12.5
38.5 13.5
38.5 26.5
38.5 27.5
39.5 11.5
39.5 12.5
39.5 24.5
39.5 25.5
39.5 44.5
39.5 45.5
39.5 57.5
40.5 10.5
40.5 11.5
40.5 22.5
40.5 23.5
40.5 41.5
40.5 42.5
40.5 43.5
40.5 44.5
40.5 58.5
40.5 59.5
41.5 9.5
41.5 10.5
41.5 18.5
41.5 21.5
41.5 39.5
41.5 40.5
41.5 41.5
41.5 42.5
41.5 59.5
41.5 60.5
42.5 8.5
42.5 9.5
42.5 17.5
42.5 33.5
42.5 34.5
42.5 35.5
42.5 37.5
42.5 38.5
42.5 39.5
42.5 40.5
42.5 60.5
42.5 61.5
42.5 62.5
43.5 7.5
43.5 8.5
43.5 16.5
43.5 29.5
43.5 30.5
43.5 31.5
43.5 32.5
43.5 33.5
43.5 36.5
43.5 37.5
43.5 48.5
43.5 49.5
43.5 51.5
43.5 62.5
43.5 63.5
44.5 15.5
44.5 27.5
44.5 28.5
44.5 29.5
44.5 30.5
44.5 31.5
44.5 47.5
44.5 52.5
44.5 53.5
44.5 63.5
44.5 64.5
45.5 13.5
45.5 14.5
45.5 26.5
45.5 27.5
45.5 45.5
45.5 46.5
45.5 53.5
45.5 54.5
45.5 55.5
45.5 65.5
46.5 12.5
46.5 13.5
46.5 44.5
46.5 45.5
46.5 55.5
46.5 56.5
47.5 43.5
47.5 57.5
47.5 58.5
48.5 12.5
48.5 42.5
48.5 59.5
49.5 13.5
49.5 14.5
49.5 30.5
49.5 31.5
50.5 14.5
50.5 15.5
50.5 28.5
50.5 29.5
50.5 30.5
50.5 43.5
51.5 15.5
51.5 16.5
51.5 26.5
51.5 27.5
51.5 28.5
51.5 42.5
51.5 43.5
51.5 59.5
52.5 16.5
52.5 17.5
52.5 25.5
52.5 26.5
52.5 27.5
52.5 41.5
52.5 42.5
52.5 57.5
52.5 58.5
52.5 59.5
53.5 17.5
53.5 18.5
53.5 23.5
53.5 24.5
53.5 25.5
53.5 40.5
53.5 41.5
53.5 55.5
53.5 56.5
53.5 57.5
54.5 18.5
54.5 19.5
54.5 22.5
54.5 23.5
54.5 36.5
54.5 39.5
54.5 40.5
54.5 48.5
54.5 54.5
54.5 55.5
54.5 56.5
55.5 6.5
55.5 7.5
55.5 19.5
55.5 34.5
55.5 35.5
55.5 38.5
55.5 39.5
55.5 47.5
55.5 48.5
55.5 52.5
55.5 53.5
55.5 54.5
55.5 55.5
56.5 7.5
56.5 8.5
56.5 9.5
56.5 32.5
56.5 33.5
56.5 37.5
56.5 46.5
56.5 47.5
56.5 51.5
56.5 52.5
56.5 53.5
56.5 65.5
56.5 66.5
57.5 9.5
57.5 10.5
57.5 11.5
57.5 12.5
57.5 30.5
57.5 31.5
57.5 32.5
57.5 45.5
57.5 46.5
57.5 50.5
57.5 51.5
57.5 63.5
57.5 64.5
58.5 11.5
58.5 12.5
58.5 13.5
58.5 29.5
58.5 30.5
58.5 44.5
58.5 45.5
58.5 61.5
58.5 62.5
58.5 63.5
59.5 13.5
59.5 14.5
59.5 15.5
59.5 28.5
59.5 29.5
59.5 43.5
59.5 44.5
59.5 59.5
59.5 60.5
59.5 61.5
60.5 42.5
60.5 43.5
60.5 58.5
60.5 59.5
61.5 42.5
61.5 56.5
61.5 57.5
