2.5 14.5
2.5 15.5
2.5 16.5
2.5 35.5
2.5 36.5
2.5 37.5
2.5 52.5
2.5 53.5
2.5 54.5
2.5 55.5
3.5 18.5
3.5 19.5
3.5 20.5
3.5 21.5
3.5 31.5
3.5 32.5
3.5 33.5
3.5 34.5
3.5 55.5
3.5 56.5
3.5 57.5
3.5 58.5
3.5 59.5
4.5 24.5
4.5 25.5
4.5 26.5
4.5 27.5
4.5 28.5
4.5 29.5
4.5 59.5
4.5 60.5
4.5 61.5
4.5 62.5
4.5 63.5
5.5 42.5
5.5 43.5
5.5 44.5
5.5 45.5
5.5 46.5
5.5 64.5
5.5 65.5
5.5 66.5
6.5 6.5
6.5 7.5
6.5 8.5
6.5 9.5
6.5 10.5
6.5 11.5
6.5 12.5
6.5 13.5
6.5 14.5
6.5 15.5
6.5 37.5
6.5 38.5
6.5 39.5
6.5 40.5
6.5 41.5
6.5 47.5
6.5 48.5
6.5 49.5
6.5 50.5
7.5 15.5
7.5 16.5
7.5 17.5
7.5 18.5
7.5 19.5
7.5 20.5
7.5 33.5
7.5 34.5
7.5 35.5
7.5 36.5
7.5 51.5
7.5 52.5
7.5 53.5
7.5 54.5
8.5 55.5
8.5 56.5
8.5 57.5
10.5 34.5
11.5 35.5
11.5 36.5
12.5 12.5
12.5 13.5
12.5 14.5
12.5 15.5
12.5 16.5
12.5 17.5
12.5 18.5
12.5 37.5
12.5 38.5
12.5 55.5
12.5 56.5
12.5 57.5
13.5 16.5
13.5 17.5
13.5 18.5
13.5 19.5
13.5 20.5
13.5 21.5
13.5 22.5
13.5 23.5
13.5 39.5
13.5 40.5
13.5 51.5
13.5 52.5
13.5 53.5
13.5 54.5
14.5 22.5
14.5 23.5
14.5 24.5
14.5 25.5
14.5 26.5
14.5 27.5
14.5 28.5
14.5 41.5
14.5 42.5
14.5 48.5
14.5 49.5
14.5 50.5
14.5 51.5
15.5 28.5
15.5 29.5
15.5 30.5
15.5 31.5
15.5 43.5
15.5 44.5
15.5 45.5
15.5 46.5
15.5 47.5
15.5 65.5
15.5 66.5
16.5 5.5
16.5 6.5
16.5 30.5
16.5 31.5
16.5 32.5
16.5 33.5
16.5 34.5
16.5 60.5
16.5 61.5
16.5 62.5
16.5 63.5
16.5 64.5
17.5 7.5
17.5 8.5
17.5 9.5
17.5 10.5
17.5 11.5
17.5 33.5
17.5 34.5
17.5 35.5
17.5 36.5
17.5 56.5
17.5 57.5
17.5 58.5
17.5 59.5
17.5 60.5
18.5 10.5
18.5 11.5
18.5 12.5
18.5 13.5
18.5 14.5
18.5 37.5
18.5 38.5
18.5 53.5
18.5 54.5
18.5 55.5
18.5 56.5
19.5 14.5
19.5 15.5
19.5 16.5
19.5 17.5
22.5 18.5
22.5 35.5
22.5 36.5
22.5 37.5
22.5 54.5
22.5 55.5
22.5 56.5
23.5 14.5
23.5 15.5
23.5 31.5
23.5 32.5
23.5 33.5
23.5 34.5
23.5 57.5
23.5 58.5
23.5 59.5
23.5 60.5
23.5 61.5
24.5 10.5
24.5 11.5
24.5 12.5
24.5 13.5
24.5 27.5
24.5 28.5
24.5 29.5
24.5 30.5
24.5 62.5
24.5 63.5
24.5 64.5
24.5 65.5
25.5 8.5
25.5 9.5
25.5 22.5
25.5 23.5
25.5 24.5
25.5 25.5
25.5 26.5
25.5 43.5
25.5 44.5
25.5 45.5
25.5 47.5
25.5 48.5
25.5 49.5
26.5 5.5
26.5 6.5
26.5 19.5
26.5 20.5
26.5 21.5
26.5 22.5
26.5 39.5
26.5 40.5
26.5 41.5
26.5 42.5
26.5 43.5
26.5 50.5
26.5 51.5
26.5 52.5
26.5 53.5
27.5 16.5
27.5 17.5
27.5 18.5
27.5 35.5
27.5 36.5
27.5 37.5
27.5 38.5
27.5 39.5
27.5 53.5
27.5 54.5
27.5 55.5
27.5 56.5
28.5 13.5
28.5 14.5
28.5 15.5
28.5 33.5
28.5 34.5
28.5 35.5
28.5 57.5
28.5 58.5
28.5 59.5
31.5 12.5
31.5 53.5
31.5 54.5
32.5 14.5
32.5 15.5
32.5 16.5
32.5 33.5
32.5 34.5
32.5 35.5
32.5 55.5
32.5 56.5
32.5 57.5
33.5 16.5
33.5 17.5
33.5 18.5
33.5 19.5
33.5 36.5
33.5 37.5
33.5 38.5
33.5 57.5
33.5 58.5
33.5 59.5
33.5 60.5
34.5 19.5
34.5 20.5
34.5 21.5
34.5 38.5
34.5 39.5
34.5 40.5
34.5 41.5
34.5 60.5
34.5 61.5
34.5 62.5
35.5 6.5
35.5 7.5
35.5 21.5
35.5 22.5
35.5 23.5
35.5 24.5
35.5 26.5
35.5 27.5
35.5 41.5
35.5 42.5
35.5 43.5
35.5 44.5
35.5 62.5
35.5 63.5
35.5 64.5
36.5 8.5
36.5 9.5
36.5 10.5
36.5 25.5
36.5 27.5
36.5 28.5
36.5 29.5
36.5 45.5
36.5 46.5
36.5 47.5
36.5 48.5
36.5 49.5
36.5 66.5
37.5 11.5
37.5 12.5
37.5 13.5
37.5 30.5
37.5 31.5
37.5 32.5
37.5 49.5
37.5 50.5
37.5 51.5
37.5 52.5
38.5 13.5
38.5 14.5
38.5 15.5
38.5 32.5
38.5 33.5
38.5 34.5
38.5 52.5
38.5 53.5
38.5 54.5
38.5 55.5
38.5 56.5
39.5 16.5
39.5 17.5
39.5 18.5
39.5 35.5
39.5 36.5
39.5 56.5
39.5 57.5
39.5 58.5
40.5 38.5
42.5 18.5
43.5 13.5
43.5 14.5
43.5 15.5
43.5 16.5
43.5 36.5
43.5 37.5
43.5 38.5
43.5 55.5
43.5 56.5
43.5 57.5
43.5 58.5
44.5 9.5
44.5 10.5
44.5 11.5
44.5 12.5
44.5 13.5
44.5 32.5
44.5 33.5
44.5 34.5
44.5 35.5
44.5 51.5
44.5 52.5
44.5 53.5
44.5 54.5
45.5 6.5
45.5 7.5
45.5 8.5
45.5 29.5
45.5 30.5
45.5 31.5
45.5 32.5
45.5 47.5
45.5 48.5
45.5 49.5
46.5 24.5
46.5 25.5
46.5 26.5
46.5 27.5
46.5 28.5
46.5 42.5
46.5 43.5
46.5 44.5
46.5 61.5
46.5 62.5
46.5 63.5
46.5 64.5
47.5 18.5
47.5 19.5
47.5 20.5
47.5 21.5
47.5 22.5
47.5 23.5
47.5 39.5
47.5 40.5
47.5 41.5
47.5 57.5
47.5 58.5
47.5 59.5
47.5 60.5
48.5 14.5
48.5 15.5
48.5 16.5
48.5 17.5
48.5 18.5
48.5 36.5
48.5 37.5
48.5 38.5
48.5 54.5
48.5 55.5
48.5 56.5
49.5 12.5
49.5 33.5
49.5 34.5
49.5 35.5
51.5 59.5
52.5 33.5
52.5 34.5
52.5 54.5
52.5 55.5
52.5 56.5
52.5 57.5
53.5 14.5
53.5 15.5
53.5 16.5
53.5 17.5
53.5 35.5
53.5 36.5
53.5 37.5
53.5 38.5
53.5 39.5
53.5 40.5
53.5 51.5
53.5 52.5
53.5 53.5
53.5 54.5
54.5 10.5
54.5 11.5
54.5 12.5
54.5 13.5
54.5 14.5
54.5 40.5
54.5 41.5
54.5 42.5
54.5 43.5
54.5 44.5
54.5 48.5
54.5 49.5
54.5 50.5
55.5 7.5
55.5 8.5
55.5 9.5
55.5 10.5
55.5 46.5
56.5 26.5
56.5 27.5
56.5 28.5
56.5 29.5
56.5 61.5
56.5 62.5
56.5 63.5
56.5 64.5
56.5 65.5
57.5 21.5
57.5 22.5
57.5 23.5
57.5 24.5
57.5 30.5
57.5 31.5
57.5 32.5
57.5 33.5
57.5 34.5
57.5 57.5
57.5 58.5
57.5 59.5
57.5 60.5
57.5 61.5
57.5 62.5
58.5 17.5
58.5 18.5
58.5 19.5
58.5 20.5
58.5 21.5
58.5 34.5
58.5 35.5
58.5 36.5
58.5 37.5
58.5 54.5
58.5 55.5
58.5 56.5
58.5 57.5
58.5 58.5
59.5 13.5
59.5 14.5
59.5 15.5
59.5 16.5
