1.5 28.5
1.5 29.5
2.5 12.5
2.5 13.5
2.5 26.5
2.5 27.5
2.5 28.5
2.5 43.5
2.5 44.5
3.5 12.5
3.5 13.5
3.5 14.5
3.5 15.5
3.5 25.5
3.5 26.5
3.5 27.5
3.5 28.5
3.5 44.5
3.5 45.5
4.5 13.5
4.5 14.5
4.5 15.5
4.5 16.5
4.5 24.5
4.5 25.5
4.5 26.5
4.5 27.5
4.5 44.5
4.5 45.5
4.5 46.5
4.5 57.5
4.5 58.5
4.5 59.5
5.5 14.5
5.5 15.5
5.5 16.5
5.5 17.5
5.5 24.5
5.5 25.5
5.5 26.5
5.5 45.5
5.5 46.5
5.5 47.5
5.5 55.5
5.5 56.5
5.5 57.5
5.5 58.5
5.5 59.5
6.5 15.5
6.5 16.5
6.5 17.5
6.5 18.5
6.5 23.5
6.5 24.5
6.5 25.5
6.5 46.5
6.5 47.5
6.5 48.5
6.5 54.5
6.5 55.5
6.5 56.5
6.5 57.5
7.5 17.5
7.5 18.5
7.5 23.5
7.5 33.5
7.5 34.5
7.5 38.5
7.5 39.5
7.5 47.5
7.5 48.5
7.5 53.5
7.5 54.5
7.5 55.5
7.5 56.5
8.5 7.5
8.5 8.5
8.5 31.5
8.5 32.5
8.5 33.5
8.5 38.5
8.5 39.5
8.5 40.5
8.5 49.5
8.5 53.5
9.5 7.5
9.5 8.5
9.5 9.5
9.5 10.5
9.5 30.5
9.5 31.5
9.5 32.5
9.5 39.5
9.5 40.5
9.5 41.5
9.5 64.5
9.5 65.5
10.5 8.5
10.5 9.5
10.5 10.5
10.5 11.5
10.5 30.5
10.5 31.5
10.5 32.5
10.5 40.5
10.5 41.5
10.5 42.5
10.5 62.5
10.5 63.5
10.5 64.5
11.5 10.5
11.5 11.5
11.5 12.5
11.5 29.5
11.5 30.5
11.5 31.5
11.5 41.5
11.5 42.5
11.5 43.5
11.5 60.5
11.5 61.5
11.5 62.5
11.5 63.5
12.5 11.5
12.5 12.5
12.5 13.5
12.5 28.5
12.5 29.5
12.5 30.5
12.5 42.5
12.5 43.5
12.5 59.5
12.5 60.5
12.5 61.5
13.5 14.5
13.5 28.5
13.5 43.5
13.5 44.5
13.5 58.5
13.5 59.5
17.5 13.5
17.5 14.5
17.5 28.5
17.5 29.5
17.5 44.5
17.5 58.5
17.5 59.5
18.5 13.5
18.5 14.5
18.5 15.5
18.5 27.5
18.5 28.5
18.5 42.5
18.5 43.5
18.5 59.5
18.5 60.5
19.5 14.5
19.5 15.5
19.5 16.5
19.5 26.5
19.5 27.5
19.5 28.5
19.5 41.5
19.5 42.5
19.5 43.5
19.5 59.5
19.5 60.5
19.5 61.5
20.5 14.5
20.5 15.5
20.5 16.5
20.5 17.5
20.5 25.5
20.5 26.5
20.5 27.5
20.5 40.5
20.5 41.5
20.5 42.5
20.5 60.5
20.5 61.5
20.5 62.5
21.5 15.5
21.5 16.5
21.5 17.5
21.5 18.5
21.5 24.5
21.5 25.5
21.5 26.5
21.5 39.5
21.5 40.5
21.5 41.5
21.5 61.5
21.5 62.5
21.5 63.5
22.5 16.5
22.5 17.5
22.5 18.5
22.5 24.5
22.5 25.5
22.5 38.5
22.5 39.5
22.5 40.5
22.5 48.5
22.5 49.5
22.5 53.5
22.5 62.5
22.5 63.5
22.5 64.5
23.5 8.5
23.5 9.5
23.5 18.5
23.5 19.5
23.5 23.5
23.5 24.5
23.5 32.5
23.5 33.5
23.5 38.5
23.5 47.5
23.5 48.5
23.5 49.5
23.5 53.5
23.5 54.5
23.5 55.5
23.5 63.5
23.5 64.5
24.5 8.5
24.5 9.5
24.5 10.5
24.5 23.5
24.5 31.5
24.5 32.5
24.5 33.5
24.5 46.5
24.5 47.5
24.5 48.5
24.5 54.5
24.5 55.5
24.5 56.5
24.5 64.5
25.5 9.5
25.5 10.5
25.5 11.5
25.5 30.5
25.5 31.5
25.5 32.5
25.5 45.5
25.5 46.5
25.5 47.5
25.5 55.5
25.5 56.5
26.5 10.5
26.5 11.5
26.5 12.5
26.5 29.5
26.5 30.5
26.5 31.5
26.5 44.5
26.5 45.5
26.5 46.5
26.5 55.5
26.5 56.5
26.5 57.5
27.5 11.5
27.5 12.5
27.5 13.5
27.5 29.5
27.5 30.5
27.5 44.5
27.5 45.5
27.5 46.5
27.5 56.5
27.5 57.5
27.5 58.5
28.5 12.5
28.5 13.5
28.5 28.5
28.5 29.5
28.5 43.5
28.5 44.5
28.5 57.5
28.5 58.5
29.5 13.5
29.5 14.5
29.5 43.5
29.5 58.5
29.5 59.5
32.5 29.5
33.5 13.5
33.5 27.5
33.5 28.5
33.5 43.5
33.5 44.5
33.5 59.5
34.5 13.5
34.5 14.5
34.5 15.5
34.5 26.5
34.5 27.5
34.5 28.5
34.5 42.5
34.5 43.5
34.5 57.5
34.5 58.5
34.5 59.5
35.5 14.5
35.5 15.5
35.5 16.5
35.5 25.5
35.5 26.5
35.5 27.5
35.5 40.5
35.5 41.5
35.5 42.5
35.5 43.5
35.5 56.5
35.5 57.5
35.5 58.5
36.5 15.5
36.5 16.5
36.5 17.5
36.5 24.5
36.5 25.5
36.5 26.5
36.5 40.5
36.5 41.5
36.5 42.5
36.5 55.5
36.5 56.5
36.5 57.5
37.5 16.5
37.5 17.5
37.5 18.5
37.5 24.5
37.5 25.5
37.5 34.5
37.5 39.5
37.5 40.5
37.5 41.5
37.5 54.5
37.5 55.5
37.5 56.5
38.5 7.5
38.5 8.5
38.5 17.5
38.5 18.5
38.5 19.5
38.5 23.5
38.5 24.5
38.5 32.5
38.5 33.5
38.5 38.5
38.5 39.5
38.5 40.5
38.5 49.5
38.5 53.5
38.5 54.5
38.5 63.5
38.5 64.5
39.5 8.5
39.5 9.5
39.5 10.5
39.5 19.5
39.5 31.5
39.5 32.5
39.5 33.5
39.5 38.5
39.5 47.5
39.5 48.5
39.5 49.5
39.5 62.5
39.5 63.5
39.5 64.5
40.5 9.5
40.5 10.5
40.5 11.5
40.5 30.5
40.5 31.5
40.5 32.5
40.5 46.5
40.5 47.5
40.5 48.5
40.5 60.5
40.5 61.5
40.5 62.5
40.5 63.5
41.5 10.5
41.5 11.5
41.5 12.5
41.5 29.5
41.5 30.5
41.5 31.5
41.5 45.5
41.5 46.5
41.5 47.5
41.5 59.5
41.5 60.5
41.5 61.5
41.5 62.5
42.5 12.5
42.5 13.5
42.5 29.5
42.5 30.5
42.5 44.5
42.5 45.5
42.5 46.5
42.5 59.5
42.5 60.5
43.5 13.5
43.5 14.5
43.5 28.5
43.5 29.5
43.5 43.5
43.5 44.5
43.5 58.5
43.5 59.5
44.5 28.5
47.5 12.5
47.5 13.5
47.5 58.5
47.5 59.5
48.5 11.5
48.5 12.5
48.5 13.5
48.5 28.5
48.5 29.5
48.5 44.5
48.5 45.5
48.5 59.5
48.5 60.5
49.5 10.5
49.5 11.5
49.5 12.5
49.5 28.5
49.5 29.5
49.5 30.5
49.5 44.5
49.5 45.5
49.5 46.5
49.5 59.5
49.5 60.5
49.5 61.5
50.5 9.5
50.5 10.5
50.5 11.5
50.5 12.5
50.5 29.5
50.5 30.5
50.5 31.5
50.5 45.5
50.5 46.5
50.5 47.5
50.5 60.5
50.5 61.5
50.5 62.5
51.5 8.5
51.5 9.5
51.5 10.5
51.5 11.5
51.5 30.5
51.5 31.5
51.5 32.5
51.5 45.5
51.5 46.5
51.5 47.5
51.5 48.5
51.5 61.5
51.5 62.5
51.5 63.5
52.5 8.5
52.5 9.5
52.5 10.5
52.5 30.5
52.5 31.5
52.5 32.5
52.5 46.5
52.5 47.5
52.5 48.5
52.5 54.5
52.5 62.5
52.5 63.5
53.5 7.5
53.5 8.5
53.5 9.5
53.5 17.5
53.5 18.5
53.5 22.5
53.5 23.5
53.5 31.5
53.5 32.5
53.5 33.5
53.5 47.5
53.5 48.5
53.5 49.5
53.5 54.5
53.5 55.5
53.5 63.5
53.5 64.5
54.5 7.5
54.5 16.5
54.5 17.5
54.5 18.5
54.5 23.5
54.5 24.5
54.5 33.5
54.5 38.5
54.5 39.5
54.5 48.5
54.5 49.5
54.5 55.5
54.5 56.5
55.5 15.5
55.5 16.5
55.5 17.5
55.5 23.5
55.5 24.5
55.5 25.5
55.5 38.5
55.5 39.5
55.5 40.5
55.5 41.5
55.5 55.5
55.5 56.5
55.5 57.5
56.5 14.5
56.5 15.5
56.5 16.5
56.5 24.5
56.5 25.5
56.5 26.5
56.5 39.5
56.5 40.5
56.5 41.5
56.5 42.5
56.5 56.5
56.5 57.5
57.5 13.5
57.5 14.5
57.5 15.5
57.5 25.5
57.5 26.5
57.5 27.5
57.5 40.5
57.5 41.5
57.5 42.5
57.5 43.5
57.5 56.5
57.5 57.5
57.5 58.5
58.5 13.5
58.5 14.5
58.5 26.5
58.5 27.5
58.5 41.5
58.5 42.5
58.5 43.5
58.5 57.5
58.5 58.5
59.5 12.5
59.5 13.5
59.5 27.5
59.5 28.5
59.5 43.5
59.5 44.5
59.5 58.5
60.5 12.5
60.5 44.5
