1.5 14.5
1.5 15.5
1.5 34.5
1.5 35.5
1.5 55.5
2.5 16.5
2.5 17.5
2.5 18.5
2.5 36.5
2.5 37.5
2.5 38.5
2.5 56.5
2.5 57.5
2.5 58.5
2.5 59.5
3.5 18.5
3.5 19.5
3.5 20.5
3.5 38.5
3.5 39.5
3.5 40.5
3.5 58.5
3.5 59.5
3.5 60.5
3.5 61.5
4.5 20.5
4.5 21.5
4.5 22.5
4.5 40.5
4.5 41.5
4.5 42.5
4.5 61.5
4.5 62.5
4.5 63.5
5.5 23.5
5.5 24.5
5.5 28.5
5.5 43.5
5.5 44.5
6.5 7.5
6.5 8.5
6.5 9.5
6.5 29.5
6.5 30.5
6.5 31.5
6.5 49.5
6.5 50.5
6.5 51.5
7.5 9.5
7.5 10.5
7.5 11.5
7.5 12.5
7.5 31.5
7.5 32.5
7.5 33.5
7.5 51.5
7.5 52.5
7.5 53.5
8.5 11.5
8.5 12.5
8.5 13.5
8.5 14.5
8.5 33.5
8.5 34.5
8.5 35.5
8.5 53.5
8.5 54.5
8.5 55.5
8.5 56.5
9.5 14.5
9.5 15.5
9.5 16.5
9.5 35.5
9.5 36.5
9.5 37.5
9.5 57.5
14.5 34.5
14.5 35.5
14.5 55.5
14.5 56.5
15.5 14.5
15.5 15.5
15.5 16.5
15.5 36.5
15.5 37.5
15.5 56.5
15.5 57.5
15.5 58.5
16.5 16.5
16.5 17.5
16.5 18.5
16.5 19.5
16.5 37.5
16.5 38.5
16.5 39.5
16.5 40.5
16.5 58.5
16.5 59.5
16.5 60.5
17.5 18.5
17.5 19.5
17.5 20.5
17.5 21.5
17.5 39.5
17.5 40.5
17.5 41.5
17.5 60.5
17.5 61.5
17.5 62.5
18.5 21.5
18.5 22.5
18.5 23.5
18.5 41.5
18.5 42.5
18.5 43.5
18.5 62.5
18.5 63.5
19.5 7.5
19.5 8.5
19.5 9.5
19.5 28.5
19.5 29.5
19.5 44.5
19.5 48.5
19.5 49.5
19.5 50.5
20.5 9.5
20.5 10.5
20.5 11.5
20.5 29.5
20.5 30.5
20.5 31.5
20.5 50.5
20.5 51.5
20.5 52.5
21.5 12.5
21.5 13.5
21.5 14.5
21.5 31.5
21.5 32.5
21.5 33.5
21.5 51.5
21.5 52.5
21.5 53.5
22.5 14.5
22.5 15.5
22.5 16.5
22.5 33.5
22.5 34.5
22.5 35.5
22.5 53.5
22.5 54.5
22.5 55.5
23.5 36.5
23.5 37.5
23.5 55.5
23.5 56.5
27.5 14.5
27.5 15.5
27.5 16.5
28.5 10.5
28.5 11.5
28.5 12.5
28.5 13.5
28.5 14.5
28.5 35.5
28.5 36.5
28.5 37.5
28.5 54.5
28.5 55.5
28.5 56.5
29.5 7.5
29.5 8.5
29.5 9.5
29.5 10.5
29.5 11.5
29.5 38.5
29.5 39.5
29.5 40.5
29.5 51.5
29.5 52.5
29.5 53.5
30.5 41.5
30.5 42.5
30.5 43.5
30.5 49.5
30.5 50.5
30.5 51.5
31.5 22.5
31.5 23.5
31.5 27.5
31.5 28.5
32.5 19.5
32.5 20.5
32.5 21.5
32.5 29.5
32.5 30.5
32.5 31.5
32.5 32.5
32.5 63.5
32.5 64.5
32.5 65.5
32.5 66.5
33.5 16.5
33.5 17.5
33.5 18.5
33.5 32.5
33.5 33.5
33.5 34.5
33.5 35.5
33.5 57.5
33.5 58.5
33.5 59.5
33.5 60.5
33.5 61.5
33.5 62.5
33.5 63.5
34.5 14.5
34.5 15.5
34.5 35.5
34.5 36.5
34.5 37.5
34.5 55.5
34.5 56.5
34.5 57.5
34.5 58.5
39.5 13.5
39.5 14.5
39.5 15.5
39.5 34.5
39.5 35.5
39.5 36.5
39.5 55.5
39.5 56.5
40.5 11.5
40.5 12.5
40.5 13.5
40.5 31.5
40.5 32.5
40.5 33.5
40.5 34.5
40.5 57.5
40.5 58.5
40.5 59.5
41.5 9.5
41.5 10.5
41.5 11.5
41.5 29.5
41.5 30.5
41.5 31.5
41.5 59.5
41.5 60.5
41.5 61.5
41.5 62.5
42.5 7.5
42.5 8.5
42.5 27.5
42.5 28.5
42.5 62.5
42.5 63.5
42.5 64.5
43.5 21.5
43.5 22.5
43.5 41.5
43.5 42.5
43.5 43.5
43.5 47.5
43.5 48.5
43.5 65.5
43.5 66.5
44.5 18.5
44.5 19.5
44.5 20.5
44.5 39.5
44.5 40.5
44.5 41.5
44.5 49.5
44.5 50.5
44.5 51.5
44.5 52.5
45.5 16.5
45.5 17.5
45.5 18.5
45.5 37.5
45.5 38.5
45.5 39.5
45.5 51.5
45.5 52.5
45.5 53.5
45.5 54.5
46.5 14.5
46.5 15.5
46.5 35.5
46.5 36.5
46.5 37.5
46.5 54.5
46.5 55.5
46.5 56.5
46.5 57.5
47.5 34.5
47.5 57.5
47.5 58.5
51.5 15.5
51.5 16.5
51.5 17.5
51.5 37.5
52.5 12.5
52.5 13.5
52.5 14.5
52.5 15.5
52.5 33.5
52.5 34.5
52.5 35.5
52.5 54.5
52.5 55.5
53.5 10.5
53.5 11.5
53.5 12.5
53.5 30.5
53.5 31.5
53.5 32.5
53.5 33.5
53.5 55.5
53.5 56.5
53.5 57.5
53.5 58.5
53.5 59.5
54.5 8.5
54.5 9.5
54.5 28.5
54.5 29.5
54.5 58.5
54.5 59.5
54.5 60.5
54.5 61.5
55.5 22.5
55.5 23.5
55.5 24.5
55.5 61.5
55.5 62.5
55.5 63.5
55.5 64.5
56.5 19.5
56.5 20.5
56.5 21.5
56.5 41.5
56.5 42.5
56.5 43.5
56.5 44.5
56.5 48.5
56.5 49.5
57.5 16.5
57.5 17.5
57.5 18.5
57.5 19.5
57.5 37.5
57.5 38.5
57.5 39.5
57.5 40.5
57.5 41.5
57.5 50.5
57.5 51.5
58.5 15.5
58.5 35.5
58.5 36.5
58.5 37.5
58.5 51.5
58.5 52.5
58.5 53.5
59.5 53.5
59.5 54.5
59.5 55.5
60.5 56.5
