1.5 9.5
1.5 20.5
1.5 30.5
2.5 9.5
2.5 20.5
2.5 30.5
2.5 40.5
3.5 8.5
3.5 9.5
3.5 20.5
3.5 30.5
3.5 40.5
3.5 51.5
3.5 62.5
4.5 8.5
4.5 19.5
4.5 20.5
4.5 29.5
4.5 41.5
4.5 51.5
4.5 62.5
5.5 8.5
5.5 19.5
5.5 20.5
5.5 29.5
5.5 41.5
5.5 50.5
5.5 62.5
6.5 7.5
6.5 8.5
6.5 19.5
6.5 29.5
6.5 41.5
6.5 42.5
6.5 49.5
6.5 50.5
6.5 62.5
6.5 63.5
7.5 7.5
7.5 13.5
7.5 19.5
7.5 24.5
7.5 28.5
7.5 29.5
7.5 41.5
7.5 42.5
7.5 49.5
7.5 50.5
7.5 62.5
7.5 63.5
8.5 7.5
8.5 13.5
8.5 18.5
8.5 19.5
8.5 28.5
8.5 37.5
8.5 42.5
8.5 49.5
8.5 55.5
8.5 63.5
9.5 6.5
9.5 7.5
9.5 13.5
9.5 18.5
9.5 19.5
9.5 28.5
9.5 33.5
9.5 37.5
9.5 42.5
9.5 43.5
9.5 48.5
9.5 49.5
9.5 55.5
9.5 63.5
10.5 6.5
10.5 12.5
10.5 13.5
10.5 18.5
10.5 23.5
10.5 27.5
10.5 28.5
10.5 33.5
10.5 38.5
10.5 43.5
10.5 48.5
10.5 54.5
10.5 55.5
10.5 59.5
10.5 63.5
11.5 6.5
11.5 12.5
11.5 13.5
11.5 18.5
11.5 23.5
11.5 27.5
11.5 33.5
11.5 38.5
11.5 43.5
11.5 47.5
11.5 48.5
11.5 54.5
11.5 59.5
11.5 63.5
12.5 12.5
12.5 18.5
12.5 23.5
12.5 27.5
12.5 32.5
12.5 33.5
12.5 38.5
12.5 47.5
12.5 53.5
12.5 54.5
12.5 59.5
12.5 64.5
13.5 11.5
13.5 12.5
13.5 22.5
13.5 23.5
13.5 27.5
13.5 32.5
13.5 33.5
13.5 38.5
13.5 39.5
13.5 44.5
13.5 53.5
13.5 54.5
13.5 59.5
13.5 60.5
13.5 64.5
14.5 11.5
14.5 12.5
14.5 22.5
14.5 32.5
14.5 39.5
14.5 53.5
14.5 60.5
15.5 11.5
15.5 22.5
15.5 31.5
15.5 32.5
15.5 39.5
15.5 52.5
15.5 53.5
15.5 60.5
16.5 11.5
16.5 22.5
16.5 31.5
16.5 32.5
16.5 39.5
16.5 52.5
16.5 53.5
16.5 60.5
17.5 10.5
17.5 11.5
17.5 21.5
17.5 31.5
17.5 32.5
17.5 40.5
17.5 52.5
17.5 60.5
18.5 10.5
18.5 21.5
18.5 31.5
18.5 40.5
18.5 52.5
18.5 61.5
19.5 10.5
19.5 21.5
19.5 31.5
19.5 40.5
19.5 51.5
19.5 52.5
19.5 61.5
20.5 30.5
20.5 31.5
20.5 51.5
20.5 61.5
21.5 10.5
21.5 30.5
22.5 10.5
22.5 20.5
22.5 30.5
22.5 41.5
22.5 51.5
23.5 9.5
23.5 10.5
23.5 20.5
23.5 30.5
23.5 41.5
23.5 50.5
23.5 51.5
23.5 62.5
24.5 9.5
24.5 20.5
24.5 30.5
24.5 31.5
24.5 41.5
24.5 50.5
24.5 51.5
24.5 62.5
25.5 8.5
25.5 9.5
25.5 19.5
25.5 31.5
25.5 42.5
25.5 50.5
25.5 62.5
25.5 63.5
26.5 8.5
26.5 9.5
26.5 19.5
26.5 31.5
26.5 42.5
26.5 49.5
26.5 50.5
26.5 63.5
27.5 8.5
27.5 19.5
27.5 31.5
27.5 32.5
27.5 42.5
27.5 49.5
27.5 50.5
27.5 63.5
28.5 7.5
28.5 8.5
28.5 14.5
28.5 19.5
28.5 31.5
28.5 32.5
28.5 42.5
28.5 49.5
28.5 64.5
29.5 7.5
29.5 8.5
29.5 14.5
29.5 18.5
29.5 19.5
29.5 23.5
29.5 32.5
29.5 37.5
29.5 42.5
29.5 43.5
29.5 48.5
29.5 49.5
29.5 55.5
29.5 59.5
29.5 64.5
30.5 7.5
30.5 13.5
30.5 14.5
30.5 18.5
30.5 23.5
30.5 27.5
30.5 32.5
30.5 33.5
30.5 37.5
30.5 38.5
30.5 43.5
30.5 48.5
30.5 49.5
30.5 55.5
30.5 59.5
30.5 65.5
31.5 6.5
31.5 7.5
31.5 13.5
31.5 18.5
31.5 23.5
31.5 27.5
31.5 32.5
31.5 33.5
31.5 38.5
31.5 43.5
31.5 48.5
31.5 54.5
31.5 59.5
31.5 60.5
31.5 65.5
32.5 6.5
32.5 12.5
32.5 13.5
32.5 18.5
32.5 22.5
32.5 23.5
32.5 27.5
32.5 33.5
32.5 38.5
32.5 43.5
32.5 47.5
32.5 48.5
32.5 54.5
32.5 59.5
32.5 60.5
33.5 6.5
33.5 12.5
33.5 13.5
33.5 22.5
33.5 23.5
33.5 28.5
33.5 33.5
33.5 38.5
33.5 39.5
33.5 43.5
33.5 47.5
33.5 53.5
33.5 59.5
33.5 60.5
34.5 12.5
34.5 22.5
34.5 28.5
34.5 38.5
34.5 39.5
34.5 47.5
34.5 53.5
34.5 60.5
34.5 61.5
35.5 11.5
35.5 12.5
35.5 22.5
35.5 28.5
35.5 29.5
35.5 39.5
35.5 52.5
35.5 53.5
35.5 60.5
35.5 61.5
36.5 11.5
36.5 21.5
36.5 22.5
36.5 29.5
36.5 39.5
36.5 52.5
36.5 60.5
36.5 61.5
37.5 10.5
37.5 11.5
37.5 21.5
37.5 22.5
37.5 29.5
37.5 39.5
37.5 51.5
37.5 52.5
37.5 61.5
38.5 10.5
38.5 21.5
38.5 29.5
38.5 39.5
38.5 40.5
38.5 51.5
38.5 61.5
38.5 62.5
39.5 10.5
39.5 21.5
39.5 30.5
39.5 40.5
39.5 62.5
40.5 30.5
40.5 40.5
40.5 50.5
41.5 10.5
41.5 21.5
41.5 30.5
41.5 62.5
42.5 10.5
42.5 21.5
42.5 30.5
42.5 50.5
42.5 62.5
43.5 9.5
43.5 10.5
43.5 20.5
43.5 31.5
43.5 39.5
43.5 50.5
43.5 62.5
43.5 63.5
44.5 9.5
44.5 20.5
44.5 31.5
44.5 39.5
44.5 50.5
44.5 62.5
44.5 63.5
45.5 8.5
45.5 9.5
45.5 20.5
45.5 31.5
45.5 39.5
45.5 49.5
45.5 62.5
45.5 63.5
46.5 8.5
46.5 9.5
46.5 19.5
46.5 20.5
46.5 31.5
46.5 32.5
46.5 39.5
46.5 49.5
46.5 63.5
46.5 64.5
47.5 8.5
47.5 19.5
47.5 20.5
47.5 32.5
47.5 38.5
47.5 39.5
47.5 49.5
47.5 63.5
47.5 64.5
48.5 7.5
48.5 8.5
48.5 14.5
48.5 19.5
48.5 24.5
48.5 27.5
48.5 32.5
48.5 38.5
48.5 39.5
48.5 48.5
48.5 49.5
48.5 63.5
48.5 64.5
49.5 7.5
49.5 13.5
49.5 14.5
49.5 19.5
49.5 24.5
49.5 27.5
49.5 32.5
49.5 33.5
49.5 38.5
49.5 39.5
49.5 48.5
49.5 49.5
49.5 54.5
49.5 58.5
49.5 64.5
50.5 6.5
50.5 7.5
50.5 13.5
50.5 14.5
50.5 18.5
50.5 19.5
50.5 28.5
50.5 33.5
50.5 38.5
50.5 43.5
50.5 48.5
50.5 54.5
50.5 58.5
50.5 64.5
50.5 65.5
51.5 6.5
51.5 13.5
51.5 18.5
51.5 23.5
51.5 28.5
51.5 33.5
51.5 38.5
51.5 43.5
51.5 48.5
51.5 53.5
51.5 54.5
51.5 58.5
51.5 59.5
51.5 64.5
51.5 65.5
52.5 6.5
52.5 12.5
52.5 13.5
52.5 18.5
52.5 23.5
52.5 28.5
52.5 33.5
52.5 38.5
52.5 43.5
52.5 48.5
52.5 53.5
52.5 54.5
52.5 59.5
52.5 65.5
53.5 12.5
53.5 13.5
53.5 18.5
53.5 23.5
53.5 28.5
53.5 29.5
53.5 34.5
53.5 38.5
53.5 43.5
53.5 47.5
53.5 53.5
53.5 59.5
53.5 65.5
54.5 11.5
54.5 12.5
54.5 22.5
54.5 23.5
54.5 28.5
54.5 29.5
54.5 34.5
54.5 42.5
54.5 43.5
54.5 47.5
54.5 53.5
54.5 60.5
55.5 11.5
55.5 12.5
55.5 22.5
55.5 29.5
55.5 42.5
55.5 52.5
55.5 53.5
55.5 60.5
56.5 11.5
56.5 22.5
56.5 29.5
56.5 30.5
56.5 42.5
56.5 52.5
56.5 53.5
56.5 60.5
56.5 61.5
57.5 11.5
57.5 22.5
57.5 29.5
57.5 30.5
57.5 42.5
57.5 52.5
57.5 61.5
58.5 10.5
58.5 11.5
58.5 21.5
58.5 30.5
58.5 42.5
58.5 52.5
58.5 61.5
59.5 10.5
59.5 21.5
59.5 30.5
59.5 41.5
59.5 52.5
59.5 62.5
60.5 21.5
60.5 30.5
60.5 41.5
60.5 51.5
60.5 62.5
61.5 41.5
61.5 51.5
