2.5 11.5
2.5 12.5
2.5 25.5
2.5 36.5
2.5 47.5
3.5 13.5
3.5 14.5
3.5 26.5
3.5 38.5
3.5 45.5
3.5 46.5
3.5 58.5
3.5 59.5
4.5 15.5
4.5 16.5
4.5 26.5
4.5 40.5
4.5 44.5
4.5 56.5
4.5 57.5
4.5 58.5
5.5 7.5
5.5 20.5
5.5 27.5
5.5 30.5
5.5 31.5
5.5 50.5
5.5 55.5
5.5 56.5
6.5 8.5
6.5 21.5
6.5 32.5
6.5 33.5
6.5 34.5
6.5 49.5
6.5 50.5
6.5 54.5
7.5 8.5
7.5 9.5
7.5 22.5
7.5 34.5
7.5 35.5
7.5 36.5
7.5 48.5
7.5 49.5
7.5 63.5
8.5 9.5
8.5 10.5
8.5 23.5
8.5 48.5
8.5 61.5
8.5 62.5
9.5 11.5
9.5 60.5
9.5 61.5
10.5 59.5
12.5 23.5
12.5 35.5
12.5 36.5
12.5 37.5
12.5 47.5
13.5 10.5
13.5 11.5
13.5 24.5
13.5 25.5
13.5 37.5
13.5 38.5
13.5 39.5
13.5 45.5
13.5 46.5
14.5 12.5
14.5 13.5
14.5 14.5
14.5 26.5
14.5 39.5
14.5 40.5
14.5 44.5
14.5 45.5
14.5 59.5
14.5 60.5
15.5 14.5
15.5 15.5
15.5 18.5
15.5 19.5
15.5 30.5
15.5 57.5
15.5 58.5
16.5 20.5
16.5 21.5
16.5 32.5
16.5 33.5
16.5 56.5
17.5 7.5
17.5 21.5
17.5 22.5
17.5 34.5
17.5 35.5
17.5 50.5
17.5 51.5
17.5 52.5
17.5 63.5
18.5 8.5
18.5 9.5
18.5 10.5
18.5 23.5
18.5 36.5
18.5 48.5
18.5 49.5
18.5 62.5
19.5 61.5
21.5 23.5
21.5 36.5
22.5 11.5
22.5 22.5
22.5 34.5
22.5 35.5
22.5 49.5
23.5 10.5
23.5 21.5
23.5 22.5
23.5 33.5
23.5 34.5
23.5 47.5
23.5 48.5
23.5 62.5
24.5 8.5
24.5 9.5
24.5 20.5
24.5 21.5
24.5 31.5
24.5 32.5
24.5 45.5
24.5 46.5
24.5 47.5
24.5 63.5
25.5 7.5
25.5 8.5
25.5 20.5
25.5 27.5
25.5 30.5
25.5 41.5
25.5 44.5
25.5 45.5
25.5 64.5
26.5 15.5
26.5 19.5
26.5 26.5
26.5 39.5
26.5 40.5
26.5 52.5
26.5 53.5
26.5 57.5
26.5 58.5
27.5 13.5
27.5 14.5
27.5 25.5
27.5 37.5
27.5 38.5
27.5 51.5
27.5 58.5
27.5 59.5
27.5 60.5
28.5 12.5
28.5 13.5
28.5 24.5
28.5 25.5
28.5 36.5
28.5 37.5
28.5 50.5
28.5 61.5
29.5 12.5
29.5 24.5
29.5 48.5
32.5 37.5
32.5 49.5
32.5 60.5
32.5 61.5
33.5 12.5
33.5 13.5
33.5 25.5
33.5 34.5
33.5 35.5
33.5 47.5
33.5 48.5
33.5 62.5
33.5 63.5
34.5 14.5
34.5 26.5
34.5 27.5
34.5 32.5
34.5 33.5
34.5 46.5
34.5 47.5
34.5 64.5
34.5 65.5
35.5 15.5
35.5 16.5
35.5 28.5
35.5 45.5
35.5 46.5
36.5 8.5
36.5 19.5
36.5 20.5
36.5 40.5
36.5 41.5
36.5 44.5
36.5 52.5
36.5 53.5
36.5 57.5
37.5 9.5
37.5 10.5
37.5 21.5
37.5 22.5
37.5 23.5
37.5 38.5
37.5 39.5
37.5 51.5
37.5 52.5
37.5 58.5
37.5 59.5
38.5 11.5
38.5 24.5
38.5 36.5
38.5 37.5
38.5 50.5
38.5 60.5
39.5 49.5
42.5 11.5
42.5 23.5
42.5 36.5
42.5 61.5
43.5 10.5
43.5 11.5
43.5 24.5
43.5 25.5
43.5 37.5
43.5 49.5
43.5 60.5
44.5 9.5
44.5 10.5
44.5 25.5
44.5 26.5
44.5 38.5
44.5 39.5
44.5 47.5
44.5 59.5
45.5 8.5
45.5 26.5
45.5 27.5
45.5 31.5
45.5 40.5
45.5 45.5
45.5 46.5
45.5 58.5
45.5 65.5
46.5 7.5
46.5 14.5
46.5 18.5
46.5 19.5
46.5 32.5
46.5 33.5
46.5 54.5
46.5 57.5
46.5 64.5
47.5 14.5
47.5 19.5
47.5 20.5
47.5 33.5
47.5 34.5
47.5 51.5
47.5 52.5
47.5 53.5
47.5 64.5
48.5 13.5
48.5 20.5
48.5 21.5
48.5 34.5
48.5 35.5
48.5 36.5
48.5 50.5
48.5 51.5
48.5 63.5
49.5 12.5
49.5 22.5
49.5 48.5
49.5 62.5
49.5 63.5
50.5 11.5
50.5 23.5
50.5 62.5
53.5 11.5
53.5 36.5
53.5 49.5
54.5 10.5
54.5 21.5
54.5 22.5
54.5 23.5
54.5 34.5
54.5 35.5
54.5 50.5
54.5 51.5
54.5 62.5
55.5 9.5
55.5 19.5
55.5 20.5
55.5 33.5
55.5 34.5
55.5 51.5
55.5 52.5
55.5 63.5
56.5 8.5
56.5 32.5
56.5 40.5
56.5 41.5
56.5 45.5
56.5 53.5
56.5 65.5
57.5 15.5
57.5 27.5
57.5 39.5
57.5 40.5
57.5 46.5
57.5 57.5
57.5 58.5
58.5 13.5
58.5 14.5
58.5 25.5
58.5 26.5
58.5 38.5
58.5 39.5
58.5 46.5
58.5 47.5
58.5 59.5
58.5 60.5
59.5 12.5
59.5 24.5
59.5 37.5
59.5 38.5
59.5 47.5
59.5 48.5
59.5 61.5
60.5 36.5
