1.5 9.5
1.5 10.5
1.5 20.5
1.5 31.5
1.5 41.5
1.5 51.5
1.5 61.5
2.5 9.5
2.5 20.5
2.5 21.5
2.5 31.5
2.5 32.5
2.5 41.5
2.5 51.5
2.5 60.5
2.5 61.5
3.5 9.5
3.5 14.5
3.5 21.5
3.5 31.5
3.5 32.5
3.5 41.5
3.5 42.5
3.5 51.5
3.5 52.5
3.5 60.5
4.5 8.5
4.5 9.5
4.5 14.5
4.5 16.5
4.5 21.5
4.5 26.5
4.5 32.5
4.5 33.5
4.5 42.5
4.5 52.5
4.5 59.5
4.5 60.5
5.5 8.5
5.5 16.5
5.5 21.5
5.5 22.5
5.5 26.5
5.5 27.5
5.5 32.5
5.5 33.5
5.5 42.5
5.5 46.5
5.5 52.5
5.5 53.5
5.5 59.5
5.5 65.5
6.5 7.5
6.5 8.5
6.5 13.5
6.5 17.5
6.5 22.5
6.5 27.5
6.5 33.5
6.5 38.5
6.5 42.5
6.5 46.5
6.5 47.5
6.5 53.5
6.5 59.5
6.5 64.5
6.5 65.5
7.5 7.5
7.5 8.5
7.5 13.5
7.5 17.5
7.5 22.5
7.5 27.5
7.5 33.5
7.5 34.5
7.5 38.5
7.5 42.5
7.5 43.5
7.5 47.5
7.5 53.5
7.5 54.5
7.5 58.5
7.5 59.5
7.5 64.5
7.5 68.5
8.5 7.5
8.5 13.5
8.5 17.5
8.5 22.5
8.5 23.5
8.5 27.5
8.5 28.5
8.5 34.5
8.5 38.5
8.5 43.5
8.5 47.5
8.5 48.5
8.5 54.5
8.5 58.5
8.5 63.5
8.5 64.5
9.5 7.5
9.5 12.5
9.5 13.5
9.5 18.5
9.5 23.5
9.5 28.5
9.5 35.5
9.5 38.5
9.5 39.5
9.5 43.5
9.5 48.5
9.5 55.5
9.5 57.5
9.5 58.5
9.5 63.5
10.5 6.5
10.5 12.5
10.5 18.5
10.5 23.5
10.5 28.5
10.5 29.5
10.5 35.5
10.5 39.5
10.5 43.5
10.5 48.5
10.5 49.5
10.5 55.5
10.5 57.5
10.5 63.5
11.5 12.5
11.5 18.5
11.5 28.5
11.5 29.5
11.5 39.5
11.5 49.5
11.5 62.5
12.5 12.5
12.5 19.5
12.5 29.5
12.5 39.5
12.5 49.5
12.5 50.5
12.5 62.5
13.5 11.5
13.5 12.5
13.5 19.5
13.5 29.5
13.5 30.5
13.5 39.5
13.5 50.5
13.5 61.5
13.5 62.5
14.5 11.5
14.5 19.5
14.5 30.5
14.5 40.5
14.5 50.5
14.5 51.5
14.5 61.5
15.5 11.5
15.5 20.5
15.5 30.5
15.5 40.5
15.5 48.5
15.5 51.5
15.5 62.5
16.5 11.5
16.5 20.5
16.5 29.5
16.5 40.5
16.5 49.5
16.5 61.5
17.5 11.5
17.5 20.5
17.5 30.5
17.5 39.5
17.5 50.5
17.5 61.5
17.5 68.5
18.5 11.5
18.5 19.5
18.5 30.5
18.5 31.5
18.5 39.5
18.5 51.5
18.5 60.5
19.5 12.5
19.5 18.5
19.5 19.5
19.5 30.5
19.5 31.5
19.5 38.5
19.5 39.5
19.5 51.5
19.5 52.5
19.5 60.5
19.5 65.5
20.5 7.5
20.5 12.5
20.5 18.5
20.5 31.5
20.5 32.5
20.5 38.5
20.5 43.5
20.5 45.5
20.5 52.5
20.5 53.5
20.5 59.5
20.5 60.5
21.5 7.5
21.5 8.5
21.5 12.5
21.5 17.5
21.5 23.5
21.5 25.5
21.5 31.5
21.5 32.5
21.5 38.5
21.5 43.5
21.5 46.5
21.5 53.5
21.5 54.5
21.5 59.5
21.5 64.5
22.5 8.5
22.5 12.5
22.5 13.5
22.5 17.5
22.5 22.5
22.5 23.5
22.5 26.5
22.5 32.5
22.5 33.5
22.5 37.5
22.5 42.5
22.5 43.5
22.5 46.5
22.5 47.5
22.5 54.5
22.5 55.5
22.5 58.5
22.5 64.5
23.5 8.5
23.5 13.5
23.5 16.5
23.5 22.5
23.5 26.5
23.5 27.5
23.5 33.5
23.5 37.5
23.5 42.5
23.5 47.5
23.5 48.5
23.5 55.5
23.5 58.5
23.5 63.5
23.5 64.5
24.5 8.5
24.5 13.5
24.5 16.5
24.5 21.5
24.5 22.5
24.5 27.5
24.5 33.5
24.5 34.5
24.5 37.5
24.5 42.5
24.5 48.5
24.5 56.5
24.5 63.5
25.5 8.5
25.5 15.5
25.5 21.5
25.5 27.5
25.5 28.5
25.5 34.5
25.5 36.5
25.5 41.5
25.5 42.5
25.5 48.5
25.5 49.5
25.5 62.5
25.5 63.5
26.5 8.5
26.5 20.5
26.5 21.5
26.5 28.5
26.5 41.5
26.5 49.5
26.5 50.5
26.5 62.5
27.5 8.5
27.5 20.5
27.5 28.5
27.5 29.5
27.5 41.5
27.5 50.5
27.5 62.5
27.5 68.5
28.5 8.5
28.5 9.5
28.5 19.5
28.5 29.5
28.5 40.5
28.5 41.5
28.5 50.5
28.5 51.5
28.5 61.5
28.5 62.5
29.5 8.5
29.5 9.5
29.5 19.5
29.5 30.5
29.5 40.5
29.5 51.5
29.5 52.5
29.5 61.5
30.5 8.5
30.5 9.5
30.5 18.5
30.5 19.5
30.5 30.5
30.5 40.5
30.5 41.5
30.5 51.5
30.5 52.5
30.5 61.5
31.5 9.5
31.5 19.5
31.5 30.5
31.5 31.5
31.5 40.5
31.5 41.5
31.5 51.5
31.5 61.5
32.5 9.5
32.5 19.5
32.5 30.5
32.5 40.5
32.5 51.5
32.5 52.5
32.5 60.5
33.5 10.5
33.5 18.5
33.5 19.5
33.5 29.5
33.5 40.5
33.5 52.5
33.5 60.5
34.5 10.5
34.5 11.5
34.5 18.5
34.5 19.5
34.5 29.5
34.5 39.5
34.5 40.5
34.5 52.5
34.5 53.5
34.5 59.5
34.5 60.5
35.5 11.5
35.5 18.5
35.5 24.5
35.5 28.5
35.5 29.5
35.5 34.5
35.5 39.5
35.5 52.5
35.5 53.5
35.5 59.5
35.5 65.5
36.5 5.5
36.5 11.5
36.5 12.5
36.5 18.5
36.5 24.5
36.5 28.5
36.5 33.5
36.5 34.5
36.5 38.5
36.5 39.5
36.5 44.5
36.5 47.5
36.5 53.5
36.5 58.5
36.5 59.5
36.5 65.5
37.5 5.5
37.5 12.5
37.5 17.5
37.5 18.5
37.5 23.5
37.5 27.5
37.5 28.5
37.5 33.5
37.5 38.5
37.5 44.5
37.5 47.5
37.5 48.5
37.5 53.5
37.5 58.5
37.5 64.5
37.5 65.5
38.5 5.5
38.5 6.5
38.5 13.5
38.5 17.5
38.5 23.5
38.5 27.5
38.5 33.5
38.5 38.5
38.5 43.5
38.5 44.5
38.5 48.5
38.5 53.5
38.5 54.5
38.5 58.5
38.5 64.5
38.5 68.5
39.5 6.5
39.5 7.5
39.5 13.5
39.5 14.5
39.5 17.5
39.5 22.5
39.5 23.5
39.5 27.5
39.5 32.5
39.5 33.5
39.5 37.5
39.5 43.5
39.5 48.5
39.5 54.5
39.5 57.5
39.5 63.5
39.5 64.5
40.5 6.5
40.5 7.5
40.5 14.5
40.5 17.5
40.5 22.5
40.5 26.5
40.5 32.5
40.5 37.5
40.5 43.5
40.5 48.5
40.5 49.5
40.5 54.5
40.5 57.5
40.5 62.5
40.5 63.5
41.5 7.5
41.5 8.5
41.5 22.5
41.5 32.5
41.5 42.5
41.5 43.5
41.5 49.5
41.5 62.5
41.5 63.5
42.5 7.5
42.5 8.5
42.5 9.5
42.5 21.5
42.5 31.5
42.5 32.5
42.5 42.5
42.5 49.5
42.5 62.5
43.5 8.5
43.5 9.5
43.5 21.5
43.5 31.5
43.5 41.5
43.5 42.5
43.5 49.5
43.5 50.5
43.5 61.5
43.5 62.5
44.5 9.5
44.5 10.5
44.5 20.5
44.5 21.5
44.5 31.5
44.5 41.5
44.5 42.5
44.5 50.5
44.5 61.5
45.5 9.5
45.5 10.5
45.5 20.5
45.5 30.5
45.5 31.5
45.5 41.5
45.5 50.5
45.5 60.5
45.5 61.5
45.5 62.5
46.5 10.5
46.5 21.5
46.5 30.5
46.5 31.5
46.5 41.5
46.5 50.5
46.5 60.5
46.5 61.5
46.5 62.5
47.5 8.5
47.5 21.5
47.5 30.5
47.5 40.5
47.5 41.5
47.5 51.5
47.5 61.5
47.5 68.5
48.5 9.5
48.5 21.5
48.5 22.5
48.5 30.5
48.5 40.5
48.5 41.5
48.5 51.5
48.5 60.5
48.5 61.5
49.5 9.5
49.5 10.5
49.5 22.5
49.5 29.5
49.5 30.5
49.5 40.5
49.5 51.5
49.5 52.5
49.5 60.5
49.5 61.5
50.5 10.5
50.5 11.5
50.5 16.5
50.5 22.5
50.5 23.5
50.5 29.5
50.5 30.5
50.5 39.5
50.5 40.5
50.5 52.5
50.5 60.5
51.5 11.5
51.5 12.5
51.5 17.5
51.5 23.5
51.5 29.5
51.5 39.5
51.5 40.5
51.5 52.5
51.5 53.5
51.5 59.5
51.5 60.5
51.5 66.5
52.5 5.5
52.5 11.5
52.5 12.5
52.5 13.5
52.5 17.5
52.5 23.5
52.5 28.5
52.5 29.5
52.5 34.5
52.5 39.5
52.5 45.5
52.5 47.5
52.5 53.5
52.5 59.5
52.5 65.5
53.5 6.5
53.5 12.5
53.5 13.5
53.5 18.5
53.5 23.5
53.5 24.5
53.5 28.5
53.5 34.5
53.5 38.5
53.5 39.5
53.5 44.5
53.5 47.5
53.5 53.5
53.5 54.5
53.5 58.5
53.5 59.5
53.5 65.5
54.5 6.5
54.5 13.5
54.5 14.5
54.5 18.5
54.5 24.5
54.5 28.5
54.5 33.5
54.5 38.5
54.5 44.5
54.5 48.5
54.5 54.5
54.5 58.5
54.5 64.5
54.5 65.5
55.5 7.5
55.5 14.5
55.5 18.5
55.5 19.5
55.5 24.5
55.5 28.5
55.5 33.5
55.5 37.5
55.5 38.5
55.5 43.5
55.5 44.5
55.5 48.5
55.5 49.5
55.5 54.5
55.5 55.5
55.5 58.5
55.5 64.5
56.5 8.5
56.5 19.5
56.5 25.5
56.5 27.5
56.5 32.5
56.5 33.5
56.5 37.5
56.5 43.5
56.5 49.5
56.5 55.5
56.5 63.5
56.5 64.5
57.5 8.5
57.5 9.5
57.5 19.5
57.5 20.5
57.5 25.5
57.5 27.5
57.5 32.5
57.5 37.5
57.5 42.5
57.5 43.5
57.5 49.5
57.5 50.5
57.5 63.5
58.5 9.5
58.5 20.5
58.5 32.5
58.5 42.5
58.5 50.5
58.5 62.5
58.5 63.5
58.5 68.5
59.5 10.5
59.5 20.5
59.5 21.5
59.5 31.5
59.5 41.5
59.5 42.5
59.5 50.5
59.5 51.5
59.5 62.5
60.5 11.5
60.5 21.5
60.5 31.5
60.5 41.5
60.5 51.5
60.5 62.5
61.5 40.5
61.5 41.5
61.5 52.5
61.5 61.5
