1.5 20.5
2.5 10.5
2.5 19.5
2.5 20.5
2.5 31.5
2.5 32.5
2.5 43.5
2.5 52.5
3.5 10.5
3.5 11.5
3.5 18.5
3.5 19.5
3.5 32.5
3.5 33.5
3.5 43.5
3.5 52.5
3.5 53.5
3.5 60.5
3.5 61.5
4.5 11.5
4.5 12.5
4.5 18.5
4.5 32.5
4.5 33.5
4.5 43.5
4.5 44.5
4.5 53.5
4.5 59.5
4.5 60.5
5.5 12.5
5.5 13.5
5.5 17.5
5.5 24.5
5.5 33.5
5.5 34.5
5.5 44.5
5.5 53.5
5.5 58.5
5.5 59.5
6.5 23.5
6.5 28.5
6.5 38.5
6.5 49.5
6.5 58.5
7.5 6.5
7.5 7.5
7.5 22.5
7.5 23.5
7.5 28.5
7.5 29.5
7.5 38.5
7.5 39.5
7.5 49.5
8.5 7.5
8.5 8.5
8.5 21.5
8.5 22.5
8.5 29.5
8.5 39.5
8.5 40.5
8.5 49.5
8.5 50.5
8.5 63.5
8.5 64.5
9.5 8.5
9.5 9.5
9.5 40.5
9.5 50.5
9.5 62.5
9.5 63.5
9.5 64.5
10.5 9.5
10.5 62.5
10.5 63.5
11.5 62.5
13.5 20.5
13.5 29.5
14.5 10.5
14.5 11.5
14.5 19.5
14.5 29.5
14.5 40.5
14.5 41.5
14.5 51.5
15.5 11.5
15.5 12.5
15.5 18.5
15.5 19.5
15.5 28.5
15.5 41.5
15.5 51.5
15.5 52.5
15.5 60.5
16.5 11.5
16.5 12.5
16.5 18.5
16.5 28.5
16.5 41.5
16.5 42.5
16.5 52.5
16.5 53.5
16.5 59.5
16.5 60.5
17.5 12.5
17.5 13.5
17.5 17.5
17.5 23.5
17.5 27.5
17.5 28.5
17.5 42.5
17.5 43.5
17.5 53.5
17.5 58.5
17.5 59.5
18.5 22.5
18.5 23.5
18.5 27.5
18.5 33.5
18.5 37.5
18.5 47.5
18.5 58.5
19.5 7.5
19.5 8.5
19.5 22.5
19.5 32.5
19.5 33.5
19.5 38.5
19.5 48.5
19.5 65.5
20.5 8.5
20.5 9.5
20.5 21.5
20.5 22.5
20.5 31.5
20.5 32.5
20.5 38.5
20.5 39.5
20.5 48.5
20.5 49.5
20.5 63.5
20.5 64.5
21.5 8.5
21.5 9.5
21.5 21.5
21.5 31.5
21.5 32.5
21.5 39.5
21.5 49.5
21.5 50.5
21.5 62.5
21.5 63.5
22.5 31.5
22.5 61.5
26.5 10.5
26.5 21.5
26.5 40.5
26.5 50.5
26.5 61.5
27.5 9.5
27.5 10.5
27.5 21.5
27.5 22.5
27.5 30.5
27.5 31.5
27.5 39.5
27.5 49.5
27.5 50.5
27.5 60.5
27.5 61.5
28.5 8.5
28.5 9.5
28.5 22.5
28.5 23.5
28.5 29.5
28.5 30.5
28.5 39.5
28.5 49.5
28.5 59.5
28.5 60.5
29.5 8.5
29.5 23.5
29.5 28.5
29.5 29.5
29.5 38.5
29.5 48.5
29.5 49.5
29.5 59.5
29.5 60.5
30.5 8.5
30.5 13.5
30.5 17.5
30.5 18.5
30.5 34.5
30.5 43.5
30.5 54.5
30.5 64.5
31.5 12.5
31.5 13.5
31.5 18.5
31.5 19.5
31.5 33.5
31.5 34.5
31.5 42.5
31.5 43.5
31.5 54.5
31.5 64.5
32.5 12.5
32.5 18.5
32.5 19.5
32.5 32.5
32.5 33.5
32.5 42.5
32.5 43.5
32.5 53.5
32.5 54.5
32.5 63.5
33.5 11.5
33.5 12.5
33.5 19.5
33.5 20.5
33.5 32.5
33.5 42.5
33.5 53.5
33.5 63.5
34.5 11.5
34.5 19.5
34.5 20.5
34.5 53.5
34.5 62.5
35.5 11.5
35.5 62.5
37.5 31.5
38.5 32.5
38.5 41.5
38.5 53.5
39.5 21.5
39.5 22.5
39.5 32.5
39.5 39.5
39.5 40.5
39.5 41.5
39.5 53.5
39.5 60.5
40.5 9.5
40.5 21.5
40.5 22.5
40.5 23.5
40.5 32.5
40.5 33.5
40.5 38.5
40.5 39.5
40.5 40.5
40.5 53.5
40.5 54.5
40.5 60.5
41.5 8.5
41.5 22.5
41.5 23.5
41.5 28.5
41.5 33.5
41.5 38.5
41.5 54.5
41.5 59.5
42.5 7.5
42.5 8.5
42.5 23.5
42.5 24.5
42.5 28.5
42.5 29.5
42.5 54.5
42.5 55.5
42.5 59.5
43.5 7.5
43.5 29.5
43.5 44.5
43.5 45.5
43.5 50.5
44.5 12.5
44.5 13.5
44.5 17.5
44.5 18.5
44.5 29.5
44.5 43.5
44.5 44.5
44.5 50.5
44.5 63.5
45.5 11.5
45.5 12.5
45.5 18.5
45.5 19.5
45.5 30.5
45.5 42.5
45.5 43.5
45.5 50.5
45.5 51.5
45.5 62.5
45.5 63.5
46.5 10.5
46.5 11.5
46.5 12.5
46.5 18.5
46.5 19.5
46.5 30.5
46.5 41.5
46.5 42.5
46.5 51.5
46.5 61.5
46.5 62.5
47.5 10.5
47.5 11.5
47.5 20.5
47.5 61.5
50.5 31.5
50.5 41.5
51.5 21.5
51.5 31.5
51.5 32.5
51.5 41.5
51.5 42.5
51.5 51.5
51.5 61.5
52.5 8.5
52.5 9.5
52.5 21.5
52.5 22.5
52.5 32.5
52.5 42.5
52.5 43.5
52.5 50.5
52.5 60.5
52.5 61.5
53.5 6.5
53.5 7.5
53.5 8.5
53.5 22.5
53.5 32.5
53.5 33.5
53.5 43.5
53.5 44.5
53.5 49.5
53.5 50.5
53.5 60.5
54.5 22.5
54.5 23.5
54.5 33.5
54.5 37.5
54.5 44.5
54.5 49.5
54.5 59.5
54.5 60.5
55.5 23.5
55.5 28.5
55.5 37.5
55.5 38.5
55.5 54.5
55.5 55.5
55.5 59.5
56.5 11.5
56.5 12.5
56.5 28.5
56.5 29.5
56.5 38.5
56.5 39.5
56.5 53.5
56.5 54.5
56.5 64.5
57.5 10.5
57.5 11.5
57.5 17.5
57.5 18.5
57.5 28.5
57.5 29.5
57.5 39.5
57.5 52.5
57.5 53.5
57.5 54.5
57.5 64.5
58.5 10.5
58.5 17.5
58.5 18.5
58.5 19.5
58.5 29.5
58.5 40.5
58.5 52.5
58.5 63.5
58.5 64.5
59.5 18.5
59.5 19.5
59.5 30.5
59.5 63.5
