1.5 23.5
1.5 24.5
1.5 35.5
2.5 10.5
2.5 11.5
2.5 21.5
2.5 22.5
2.5 23.5
2.5 34.5
2.5 35.5
2.5 60.5
3.5 8.5
3.5 9.5
3.5 20.5
3.5 21.5
3.5 33.5
3.5 34.5
3.5 47.5
3.5 48.5
3.5 59.5
4.5 7.5
4.5 8.5
4.5 18.5
4.5 19.5
4.5 28.5
4.5 33.5
4.5 45.5
4.5 46.5
4.5 47.5
4.5 58.5
5.5 15.5
5.5 27.5
5.5 32.5
5.5 33.5
5.5 43.5
5.5 44.5
5.5 45.5
5.5 57.5
5.5 65.5
6.5 13.5
6.5 14.5
6.5 26.5
6.5 27.5
6.5 32.5
6.5 39.5
6.5 42.5
6.5 43.5
6.5 52.5
6.5 53.5
6.5 56.5
6.5 63.5
6.5 64.5
7.5 12.5
7.5 13.5
7.5 25.5
7.5 26.5
7.5 38.5
7.5 50.5
7.5 51.5
7.5 61.5
7.5 62.5
8.5 24.5
8.5 25.5
8.5 36.5
8.5 37.5
8.5 49.5
8.5 50.5
8.5 59.5
8.5 60.5
9.5 24.5
9.5 35.5
9.5 36.5
9.5 48.5
10.5 34.5
11.5 12.5
11.5 61.5
11.5 62.5
12.5 11.5
12.5 24.5
12.5 47.5
12.5 59.5
12.5 60.5
13.5 9.5
13.5 10.5
13.5 25.5
13.5 35.5
13.5 49.5
13.5 50.5
13.5 51.5
13.5 57.5
13.5 58.5
14.5 8.5
14.5 9.5
14.5 16.5
14.5 19.5
14.5 26.5
14.5 32.5
14.5 33.5
14.5 52.5
14.5 53.5
14.5 56.5
14.5 66.5
15.5 15.5
15.5 19.5
15.5 20.5
15.5 27.5
15.5 31.5
15.5 64.5
15.5 65.5
16.5 14.5
16.5 15.5
16.5 20.5
16.5 21.5
16.5 39.5
16.5 40.5
16.5 43.5
16.5 44.5
16.5 45.5
16.5 63.5
16.5 64.5
17.5 13.5
17.5 14.5
17.5 21.5
17.5 22.5
17.5 37.5
17.5 38.5
17.5 39.5
17.5 45.5
17.5 46.5
17.5 47.5
17.5 48.5
17.5 49.5
17.5 62.5
17.5 63.5
18.5 12.5
18.5 13.5
18.5 22.5
18.5 23.5
18.5 35.5
18.5 36.5
18.5 61.5
18.5 62.5
19.5 12.5
19.5 23.5
19.5 60.5
21.5 47.5
22.5 11.5
22.5 22.5
22.5 35.5
22.5 36.5
22.5 48.5
22.5 49.5
22.5 61.5
23.5 10.5
23.5 23.5
23.5 24.5
23.5 25.5
23.5 32.5
23.5 33.5
23.5 34.5
23.5 35.5
23.5 49.5
23.5 50.5
23.5 51.5
23.5 59.5
23.5 60.5
24.5 8.5
24.5 9.5
24.5 25.5
24.5 26.5
24.5 27.5
24.5 31.5
24.5 32.5
24.5 51.5
24.5 52.5
24.5 57.5
24.5 58.5
24.5 59.5
25.5 7.5
25.5 8.5
25.5 28.5
25.5 52.5
25.5 53.5
25.5 56.5
25.5 57.5
25.5 58.5
26.5 14.5
26.5 15.5
26.5 18.5
26.5 19.5
26.5 43.5
27.5 12.5
27.5 13.5
27.5 20.5
27.5 21.5
27.5 38.5
27.5 39.5
27.5 40.5
27.5 41.5
27.5 44.5
27.5 45.5
27.5 64.5
27.5 65.5
28.5 11.5
28.5 12.5
28.5 22.5
28.5 23.5
28.5 35.5
28.5 36.5
28.5 37.5
28.5 38.5
28.5 46.5
28.5 47.5
28.5 62.5
28.5 63.5
29.5 10.5
29.5 47.5
29.5 48.5
29.5 61.5
30.5 49.5
31.5 24.5
32.5 10.5
32.5 11.5
32.5 22.5
32.5 23.5
32.5 59.5
33.5 9.5
33.5 10.5
33.5 20.5
33.5 21.5
33.5 35.5
33.5 36.5
33.5 37.5
33.5 47.5
33.5 48.5
33.5 61.5
34.5 7.5
34.5 8.5
34.5 19.5
34.5 33.5
34.5 34.5
34.5 35.5
34.5 49.5
34.5 50.5
34.5 51.5
34.5 62.5
34.5 63.5
35.5 6.5
35.5 7.5
35.5 15.5
35.5 26.5
35.5 27.5
35.5 31.5
35.5 32.5
35.5 33.5
35.5 52.5
35.5 53.5
35.5 56.5
35.5 64.5
36.5 13.5
36.5 14.5
36.5 25.5
36.5 26.5
36.5 30.5
36.5 31.5
36.5 57.5
36.5 58.5
37.5 12.5
37.5 24.5
37.5 25.5
37.5 40.5
37.5 41.5
37.5 45.5
37.5 46.5
37.5 58.5
37.5 59.5
38.5 10.5
38.5 11.5
38.5 23.5
38.5 24.5
38.5 38.5
38.5 39.5
38.5 47.5
38.5 48.5
38.5 60.5
38.5 61.5
39.5 23.5
39.5 36.5
39.5 37.5
39.5 49.5
40.5 35.5
41.5 11.5
41.5 60.5
42.5 12.5
42.5 13.5
42.5 23.5
42.5 24.5
42.5 48.5
42.5 49.5
42.5 59.5
43.5 13.5
43.5 14.5
43.5 22.5
43.5 23.5
43.5 35.5
43.5 49.5
43.5 50.5
43.5 58.5
44.5 14.5
44.5 15.5
44.5 20.5
44.5 21.5
44.5 22.5
44.5 36.5
44.5 37.5
44.5 38.5
44.5 50.5
44.5 51.5
44.5 57.5
45.5 6.5
45.5 15.5
45.5 16.5
45.5 19.5
45.5 20.5
45.5 39.5
45.5 40.5
45.5 51.5
45.5 52.5
45.5 56.5
45.5 63.5
45.5 64.5
46.5 7.5
46.5 8.5
46.5 28.5
46.5 31.5
46.5 44.5
46.5 52.5
46.5 53.5
46.5 55.5
46.5 62.5
46.5 63.5
47.5 8.5
47.5 9.5
47.5 26.5
47.5 27.5
47.5 32.5
47.5 33.5
47.5 45.5
47.5 46.5
47.5 62.5
48.5 9.5
48.5 10.5
48.5 24.5
48.5 25.5
48.5 34.5
48.5 35.5
48.5 47.5
48.5 61.5
49.5 11.5
49.5 12.5
49.5 23.5
49.5 36.5
49.5 48.5
49.5 49.5
49.5 60.5
49.5 61.5
50.5 59.5
52.5 23.5
52.5 35.5
52.5 49.5
53.5 9.5
53.5 10.5
53.5 23.5
53.5 24.5
53.5 36.5
53.5 37.5
53.5 47.5
53.5 48.5
53.5 60.5
54.5 11.5
54.5 12.5
54.5 24.5
54.5 25.5
54.5 38.5
54.5 39.5
54.5 45.5
54.5 46.5
54.5 61.5
55.5 12.5
55.5 13.5
55.5 14.5
55.5 26.5
55.5 39.5
55.5 40.5
55.5 44.5
55.5 45.5
55.5 62.5
55.5 63.5
56.5 6.5
56.5 14.5
56.5 15.5
56.5 18.5
56.5 27.5
56.5 31.5
56.5 41.5
56.5 53.5
56.5 56.5
56.5 63.5
56.5 64.5
57.5 7.5
57.5 19.5
57.5 20.5
57.5 28.5
57.5 32.5
57.5 33.5
57.5 51.5
57.5 52.5
57.5 56.5
57.5 57.5
57.5 65.5
58.5 8.5
58.5 9.5
58.5 20.5
58.5 21.5
58.5 33.5
58.5 34.5
58.5 35.5
58.5 50.5
58.5 51.5
58.5 57.5
58.5 58.5
59.5 9.5
59.5 10.5
59.5 22.5
59.5 35.5
59.5 36.5
59.5 48.5
59.5 49.5
59.5 59.5
60.5 11.5
60.5 23.5
60.5 47.5
60.5 48.5
60.5 60.5
