2.5 9.5
2.5 10.5
2.5 62.5
2.5 63.5
3.5 8.5
3.5 9.5
3.5 20.5
3.5 32.5
3.5 39.5
3.5 40.5
3.5 51.5
3.5 52.5
3.5 63.5
3.5 64.5
4.5 7.5
4.5 8.5
4.5 9.5
4.5 18.5
4.5 19.5
4.5 20.5
4.5 32.5
4.5 33.5
4.5 38.5
4.5 39.5
4.5 51.5
4.5 52.5
4.5 64.5
4.5 65.5
5.5 7.5
5.5 18.5
5.5 19.5
5.5 20.5
5.5 32.5
5.5 33.5
5.5 38.5
5.5 39.5
5.5 51.5
5.5 52.5
6.5 12.5
6.5 17.5
6.5 18.5
6.5 19.5
6.5 33.5
6.5 38.5
6.5 52.5
6.5 57.5
6.5 58.5
6.5 59.5
7.5 11.5
7.5 12.5
7.5 13.5
7.5 24.5
7.5 29.5
7.5 43.5
7.5 47.5
7.5 48.5
7.5 57.5
7.5 58.5
7.5 59.5
7.5 60.5
8.5 11.5
8.5 12.5
8.5 23.5
8.5 24.5
8.5 29.5
8.5 30.5
8.5 42.5
8.5 43.5
8.5 48.5
8.5 58.5
8.5 59.5
8.5 60.5
9.5 11.5
9.5 12.5
9.5 22.5
9.5 23.5
9.5 29.5
9.5 30.5
9.5 41.5
9.5 42.5
9.5 43.5
9.5 48.5
9.5 49.5
9.5 59.5
9.5 60.5
10.5 21.5
10.5 22.5
10.5 30.5
10.5 31.5
10.5 41.5
10.5 42.5
10.5 49.5
14.5 9.5
14.5 61.5
14.5 62.5
15.5 8.5
15.5 9.5
15.5 21.5
15.5 22.5
15.5 32.5
15.5 41.5
15.5 42.5
15.5 49.5
15.5 61.5
15.5 62.5
15.5 63.5
16.5 7.5
16.5 8.5
16.5 21.5
16.5 22.5
16.5 32.5
16.5 33.5
16.5 42.5
16.5 43.5
16.5 48.5
16.5 49.5
16.5 61.5
16.5 62.5
16.5 63.5
16.5 64.5
17.5 6.5
17.5 7.5
17.5 8.5
17.5 21.5
17.5 22.5
17.5 23.5
17.5 33.5
17.5 42.5
17.5 43.5
17.5 48.5
17.5 49.5
17.5 63.5
17.5 64.5
18.5 6.5
18.5 7.5
18.5 22.5
18.5 23.5
18.5 28.5
18.5 34.5
18.5 43.5
18.5 44.5
18.5 48.5
19.5 12.5
19.5 17.5
19.5 28.5
19.5 29.5
19.5 38.5
19.5 39.5
19.5 52.5
19.5 53.5
19.5 57.5
19.5 58.5
20.5 10.5
20.5 11.5
20.5 12.5
20.5 17.5
20.5 18.5
20.5 28.5
20.5 29.5
20.5 30.5
20.5 38.5
20.5 39.5
20.5 40.5
20.5 51.5
20.5 52.5
20.5 53.5
20.5 58.5
20.5 59.5
21.5 10.5
21.5 11.5
21.5 17.5
21.5 18.5
21.5 28.5
21.5 29.5
21.5 30.5
21.5 39.5
21.5 40.5
21.5 51.5
21.5 52.5
21.5 58.5
21.5 59.5
21.5 60.5
22.5 9.5
22.5 10.5
22.5 18.5
22.5 19.5
22.5 29.5
22.5 30.5
22.5 40.5
22.5 51.5
22.5 52.5
22.5 60.5
27.5 7.5
27.5 8.5
27.5 9.5
27.5 18.5
27.5 30.5
27.5 31.5
27.5 40.5
27.5 50.5
27.5 51.5
27.5 62.5
27.5 63.5
28.5 7.5
28.5 8.5
28.5 17.5
28.5 18.5
28.5 31.5
28.5 32.5
28.5 39.5
28.5 40.5
28.5 49.5
28.5 50.5
28.5 62.5
28.5 63.5
28.5 64.5
29.5 7.5
29.5 8.5
29.5 17.5
29.5 18.5
29.5 31.5
29.5 32.5
29.5 33.5
29.5 38.5
29.5 39.5
29.5 40.5
29.5 49.5
29.5 50.5
29.5 63.5
29.5 64.5
30.5 12.5
30.5 17.5
30.5 32.5
30.5 33.5
30.5 38.5
30.5 39.5
30.5 49.5
30.5 64.5
31.5 11.5
31.5 12.5
31.5 21.5
31.5 22.5
31.5 26.5
31.5 27.5
31.5 44.5
31.5 54.5
31.5 59.5
32.5 11.5
32.5 12.5
32.5 21.5
32.5 26.5
32.5 27.5
32.5 28.5
32.5 43.5
32.5 44.5
32.5 53.5
32.5 54.5
32.5 59.5
32.5 60.5
33.5 11.5
33.5 20.5
33.5 21.5
33.5 27.5
33.5 28.5
33.5 29.5
33.5 42.5
33.5 43.5
33.5 52.5
33.5 53.5
33.5 54.5
33.5 60.5
33.5 61.5
34.5 20.5
34.5 28.5
34.5 29.5
34.5 42.5
34.5 43.5
34.5 52.5
34.5 53.5
34.5 60.5
34.5 61.5
38.5 9.5
39.5 8.5
39.5 9.5
39.5 18.5
39.5 19.5
39.5 42.5
39.5 51.5
39.5 62.5
39.5 63.5
40.5 7.5
40.5 8.5
40.5 9.5
40.5 18.5
40.5 19.5
40.5 28.5
40.5 29.5
40.5 30.5
40.5 42.5
40.5 43.5
40.5 50.5
40.5 51.5
40.5 62.5
40.5 63.5
40.5 64.5
41.5 7.5
41.5 8.5
41.5 17.5
41.5 18.5
41.5 27.5
41.5 28.5
41.5 29.5
41.5 42.5
41.5 43.5
41.5 44.5
41.5 49.5
41.5 50.5
41.5 63.5
41.5 64.5
42.5 7.5
42.5 17.5
42.5 18.5
42.5 27.5
42.5 28.5
42.5 44.5
42.5 49.5
42.5 64.5
43.5 12.5
43.5 13.5
43.5 22.5
43.5 54.5
43.5 59.5
44.5 11.5
44.5 12.5
44.5 21.5
44.5 22.5
44.5 32.5
44.5 37.5
44.5 38.5
44.5 39.5
44.5 53.5
44.5 54.5
44.5 59.5
44.5 60.5
45.5 10.5
45.5 11.5
45.5 12.5
45.5 21.5
45.5 22.5
45.5 31.5
45.5 32.5
45.5 37.5
45.5 38.5
45.5 39.5
45.5 40.5
45.5 52.5
45.5 53.5
45.5 54.5
45.5 59.5
45.5 60.5
45.5 61.5
46.5 10.5
46.5 11.5
46.5 21.5
46.5 31.5
46.5 38.5
46.5 39.5
46.5 40.5
46.5 52.5
46.5 53.5
46.5 60.5
46.5 61.5
47.5 30.5
47.5 31.5
47.5 39.5
47.5 60.5
47.5 61.5
51.5 8.5
51.5 9.5
51.5 10.5
51.5 21.5
51.5 51.5
52.5 7.5
52.5 8.5
52.5 9.5
52.5 21.5
52.5 22.5
52.5 28.5
52.5 40.5
52.5 41.5
52.5 42.5
52.5 50.5
52.5 51.5
52.5 63.5
53.5 7.5
53.5 8.5
53.5 9.5
53.5 21.5
53.5 22.5
53.5 27.5
53.5 28.5
53.5 41.5
53.5 42.5
53.5 43.5
53.5 49.5
53.5 50.5
53.5 51.5
53.5 63.5
53.5 64.5
54.5 21.5
54.5 22.5
54.5 27.5
54.5 42.5
54.5 43.5
54.5 44.5
54.5 49.5
54.5 50.5
54.5 64.5
54.5 65.5
55.5 13.5
55.5 22.5
55.5 26.5
55.5 27.5
55.5 49.5
55.5 64.5
55.5 65.5
56.5 12.5
56.5 13.5
56.5 17.5
56.5 18.5
56.5 54.5
56.5 58.5
56.5 59.5
57.5 11.5
57.5 12.5
57.5 13.5
57.5 18.5
57.5 31.5
57.5 32.5
57.5 37.5
57.5 38.5
57.5 53.5
57.5 59.5
57.5 60.5
57.5 61.5
58.5 11.5
58.5 12.5
58.5 18.5
58.5 19.5
58.5 30.5
58.5 31.5
58.5 32.5
58.5 38.5
58.5 39.5
58.5 52.5
58.5 53.5
58.5 60.5
58.5 61.5
58.5 62.5
59.5 19.5
59.5 30.5
59.5 31.5
59.5 32.5
59.5 39.5
59.5 40.5
59.5 61.5
59.5 62.5
60.5 30.5
60.5 31.5
60.5 40.5
