1.5 11.5
1.5 12.5
1.5 23.5
1.5 34.5
1.5 62.5
2.5 10.5
2.5 25.5
2.5 36.5
2.5 49.5
2.5 50.5
2.5 61.5
3.5 8.5
3.5 9.5
3.5 17.5
3.5 26.5
3.5 29.5
3.5 37.5
3.5 38.5
3.5 46.5
3.5 47.5
3.5 60.5
3.5 66.5
4.5 7.5
4.5 16.5
4.5 18.5
4.5 19.5
4.5 27.5
4.5 28.5
4.5 30.5
4.5 39.5
4.5 40.5
4.5 44.5
4.5 45.5
4.5 58.5
4.5 65.5
5.5 6.5
5.5 15.5
5.5 20.5
5.5 29.5
5.5 32.5
5.5 41.5
5.5 42.5
5.5 43.5
5.5 56.5
5.5 57.5
5.5 64.5
5.5 65.5
6.5 14.5
6.5 21.5
6.5 22.5
6.5 33.5
6.5 53.5
6.5 54.5
6.5 56.5
6.5 64.5
7.5 13.5
7.5 23.5
7.5 34.5
7.5 35.5
7.5 50.5
7.5 51.5
7.5 55.5
7.5 63.5
8.5 12.5
8.5 24.5
8.5 25.5
8.5 36.5
8.5 47.5
8.5 48.5
8.5 62.5
9.5 11.5
9.5 37.5
9.5 62.5
10.5 10.5
10.5 26.5
10.5 36.5
10.5 61.5
10.5 68.5
11.5 12.5
11.5 24.5
11.5 35.5
11.5 51.5
11.5 60.5
12.5 11.5
12.5 23.5
12.5 29.5
12.5 34.5
12.5 48.5
12.5 49.5
12.5 61.5
13.5 9.5
13.5 22.5
13.5 28.5
13.5 33.5
13.5 46.5
13.5 47.5
13.5 62.5
14.5 8.5
14.5 20.5
14.5 21.5
14.5 32.5
14.5 42.5
14.5 44.5
14.5 45.5
14.5 54.5
14.5 63.5
15.5 17.5
15.5 18.5
15.5 19.5
15.5 27.5
15.5 31.5
15.5 40.5
15.5 42.5
15.5 53.5
15.5 55.5
15.5 56.5
15.5 64.5
15.5 65.5
16.5 14.5
16.5 15.5
16.5 16.5
16.5 18.5
16.5 26.5
16.5 30.5
16.5 38.5
16.5 39.5
16.5 52.5
16.5 57.5
16.5 66.5
17.5 11.5
17.5 12.5
17.5 13.5
17.5 29.5
17.5 36.5
17.5 37.5
17.5 50.5
17.5 58.5
17.5 59.5
18.5 9.5
18.5 25.5
18.5 35.5
18.5 49.5
18.5 60.5
19.5 24.5
19.5 33.5
19.5 34.5
19.5 48.5
19.5 61.5
19.5 62.5
19.5 68.5
20.5 10.5
20.5 32.5
20.5 50.5
20.5 63.5
21.5 11.5
21.5 23.5
21.5 49.5
22.5 5.5
22.5 12.5
22.5 13.5
22.5 24.5
22.5 33.5
22.5 48.5
22.5 63.5
23.5 6.5
23.5 13.5
23.5 14.5
23.5 25.5
23.5 35.5
23.5 36.5
23.5 46.5
23.5 47.5
23.5 60.5
23.5 61.5
24.5 7.5
24.5 14.5
24.5 15.5
24.5 18.5
24.5 26.5
24.5 37.5
24.5 38.5
24.5 45.5
24.5 57.5
24.5 58.5
24.5 59.5
25.5 8.5
25.5 16.5
25.5 19.5
25.5 29.5
25.5 39.5
25.5 40.5
25.5 41.5
25.5 44.5
25.5 53.5
25.5 54.5
25.5 55.5
25.5 56.5
25.5 66.5
26.5 8.5
26.5 9.5
26.5 17.5
26.5 20.5
26.5 21.5
26.5 30.5
26.5 31.5
26.5 42.5
26.5 43.5
26.5 51.5
26.5 52.5
26.5 53.5
26.5 64.5
26.5 65.5
27.5 9.5
27.5 18.5
27.5 21.5
27.5 22.5
27.5 32.5
27.5 42.5
27.5 50.5
27.5 63.5
28.5 10.5
28.5 22.5
28.5 23.5
28.5 34.5
28.5 48.5
28.5 61.5
29.5 11.5
29.5 24.5
29.5 35.5
29.5 46.5
29.5 59.5
30.5 12.5
30.5 25.5
30.5 37.5
30.5 58.5
31.5 9.5
31.5 13.5
31.5 20.5
31.5 37.5
31.5 50.5
31.5 59.5
32.5 10.5
32.5 21.5
32.5 22.5
32.5 35.5
32.5 36.5
32.5 49.5
32.5 60.5
32.5 61.5
33.5 12.5
33.5 23.5
33.5 34.5
33.5 47.5
33.5 48.5
33.5 61.5
33.5 62.5
34.5 13.5
34.5 24.5
34.5 25.5
34.5 32.5
34.5 33.5
34.5 46.5
34.5 54.5
34.5 63.5
35.5 5.5
35.5 6.5
35.5 14.5
35.5 17.5
35.5 26.5
35.5 27.5
35.5 31.5
35.5 42.5
35.5 44.5
35.5 45.5
35.5 53.5
35.5 56.5
35.5 64.5
36.5 7.5
36.5 16.5
36.5 18.5
36.5 19.5
36.5 28.5
36.5 29.5
36.5 40.5
36.5 41.5
36.5 43.5
36.5 52.5
36.5 57.5
36.5 65.5
37.5 8.5
37.5 9.5
37.5 17.5
37.5 20.5
37.5 37.5
37.5 38.5
37.5 39.5
37.5 41.5
37.5 51.5
37.5 58.5
38.5 10.5
38.5 21.5
38.5 22.5
38.5 35.5
38.5 36.5
38.5 50.5
38.5 58.5
38.5 59.5
39.5 11.5
39.5 12.5
39.5 23.5
39.5 33.5
39.5 34.5
39.5 49.5
39.5 59.5
40.5 13.5
40.5 24.5
40.5 48.5
40.5 60.5
41.5 24.5
41.5 47.5
41.5 57.5
41.5 61.5
42.5 9.5
42.5 10.5
42.5 23.5
42.5 34.5
42.5 46.5
42.5 59.5
43.5 11.5
43.5 12.5
43.5 21.5
43.5 36.5
43.5 37.5
43.5 48.5
43.5 60.5
44.5 13.5
44.5 14.5
44.5 19.5
44.5 38.5
44.5 39.5
44.5 42.5
44.5 50.5
44.5 62.5
45.5 5.5
45.5 16.5
45.5 18.5
45.5 28.5
45.5 29.5
45.5 41.5
45.5 43.5
45.5 51.5
45.5 52.5
45.5 63.5
45.5 64.5
46.5 7.5
46.5 16.5
46.5 26.5
46.5 30.5
46.5 31.5
46.5 45.5
46.5 53.5
46.5 55.5
46.5 65.5
47.5 8.5
47.5 9.5
47.5 24.5
47.5 25.5
47.5 32.5
47.5 33.5
47.5 46.5
47.5 57.5
47.5 58.5
48.5 10.5
48.5 22.5
48.5 23.5
48.5 34.5
48.5 35.5
48.5 48.5
48.5 60.5
48.5 61.5
49.5 12.5
49.5 21.5
49.5 36.5
49.5 37.5
49.5 49.5
49.5 63.5
50.5 48.5
50.5 63.5
51.5 10.5
51.5 24.5
51.5 32.5
51.5 47.5
51.5 61.5
52.5 10.5
52.5 11.5
52.5 23.5
52.5 34.5
52.5 47.5
52.5 59.5
52.5 60.5
53.5 11.5
53.5 12.5
53.5 21.5
53.5 22.5
53.5 35.5
53.5 36.5
53.5 46.5
53.5 57.5
53.5 58.5
54.5 12.5
54.5 13.5
54.5 20.5
54.5 21.5
54.5 37.5
54.5 38.5
54.5 45.5
54.5 56.5
54.5 66.5
55.5 5.5
55.5 14.5
55.5 19.5
55.5 39.5
55.5 44.5
55.5 51.5
55.5 52.5
55.5 54.5
55.5 55.5
55.5 65.5
56.5 6.5
56.5 15.5
56.5 17.5
56.5 18.5
56.5 29.5
56.5 30.5
56.5 40.5
56.5 41.5
56.5 50.5
56.5 51.5
56.5 53.5
56.5 63.5
56.5 64.5
57.5 7.5
57.5 8.5
57.5 16.5
57.5 27.5
57.5 28.5
57.5 31.5
57.5 32.5
57.5 42.5
57.5 43.5
57.5 49.5
57.5 50.5
57.5 62.5
58.5 9.5
58.5 25.5
58.5 26.5
58.5 33.5
58.5 42.5
58.5 48.5
58.5 49.5
58.5 61.5
59.5 10.5
59.5 23.5
59.5 24.5
59.5 34.5
59.5 35.5
59.5 48.5
59.5 59.5
60.5 11.5
60.5 21.5
60.5 22.5
60.5 36.5
60.5 47.5
60.5 58.5
60.5 68.5
61.5 38.5
