4.5 17.5
4.5 36.5
4.5 37.5
5.5 17.5
5.5 18.5
5.5 37.5
5.5 38.5
5.5 57.5
5.5 58.5
6.5 17.5
6.5 18.5
6.5 19.5
6.5 37.5
6.5 38.5
6.5 39.5
6.5 58.5
6.5 59.5
6.5 60.5
7.5 18.5
7.5 19.5
7.5 20.5
7.5 38.5
7.5 39.5
7.5 40.5
7.5 59.5
7.5 60.5
7.5 61.5
8.5 19.5
8.5 20.5
8.5 39.5
8.5 40.5
8.5 41.5
8.5 60.5
8.5 61.5
8.5 62.5
9.5 19.5
9.5 20.5
9.5 21.5
9.5 40.5
9.5 41.5
9.5 61.5
9.5 62.5
9.5 63.5
10.5 20.5
10.5 21.5
10.5 41.5
10.5 42.5
10.5 63.5
11.5 10.5
11.5 29.5
11.5 50.5
11.5 51.5
12.5 10.5
12.5 11.5
12.5 29.5
12.5 30.5
12.5 31.5
12.5 50.5
12.5 51.5
12.5 52.5
13.5 10.5
13.5 11.5
13.5 12.5
13.5 30.5
13.5 31.5
13.5 32.5
13.5 51.5
13.5 52.5
13.5 53.5
13.5 54.5
14.5 11.5
14.5 12.5
14.5 13.5
14.5 30.5
14.5 31.5
14.5 32.5
14.5 33.5
14.5 52.5
14.5 53.5
14.5 54.5
15.5 12.5
15.5 13.5
15.5 14.5
15.5 31.5
15.5 32.5
15.5 33.5
15.5 53.5
15.5 54.5
15.5 55.5
16.5 12.5
16.5 13.5
16.5 14.5
16.5 32.5
16.5 33.5
16.5 34.5
16.5 54.5
16.5 55.5
16.5 56.5
17.5 13.5
17.5 14.5
17.5 33.5
17.5 34.5
24.5 56.5
25.5 14.5
25.5 15.5
25.5 35.5
25.5 56.5
25.5 57.5
25.5 58.5
26.5 13.5
26.5 14.5
26.5 36.5
26.5 37.5
26.5 57.5
26.5 58.5
26.5 59.5
27.5 12.5
27.5 13.5
27.5 14.5
27.5 36.5
27.5 37.5
27.5 38.5
27.5 58.5
27.5 59.5
27.5 60.5
28.5 11.5
28.5 12.5
28.5 13.5
28.5 37.5
28.5 38.5
28.5 39.5
28.5 59.5
28.5 60.5
28.5 61.5
29.5 10.5
29.5 11.5
29.5 12.5
29.5 38.5
29.5 39.5
29.5 40.5
29.5 60.5
29.5 61.5
29.5 62.5
30.5 9.5
30.5 10.5
30.5 11.5
30.5 39.5
30.5 40.5
30.5 41.5
30.5 61.5
30.5 62.5
31.5 9.5
31.5 40.5
31.5 41.5
32.5 20.5
32.5 21.5
32.5 49.5
32.5 50.5
33.5 19.5
33.5 20.5
33.5 29.5
33.5 30.5
33.5 49.5
33.5 50.5
33.5 51.5
34.5 18.5
34.5 19.5
34.5 20.5
34.5 29.5
34.5 30.5
34.5 31.5
34.5 50.5
34.5 51.5
34.5 52.5
34.5 53.5
35.5 17.5
35.5 18.5
35.5 19.5
35.5 30.5
35.5 31.5
35.5 32.5
35.5 51.5
35.5 52.5
35.5 53.5
35.5 54.5
36.5 16.5
36.5 17.5
36.5 18.5
36.5 31.5
36.5 32.5
36.5 33.5
36.5 52.5
36.5 53.5
36.5 54.5
37.5 16.5
37.5 17.5
37.5 32.5
37.5 33.5
37.5 34.5
37.5 54.5
37.5 55.5
38.5 16.5
38.5 33.5
38.5 34.5
45.5 15.5
45.5 55.5
46.5 16.5
46.5 17.5
46.5 33.5
46.5 34.5
46.5 53.5
46.5 54.5
46.5 55.5
47.5 16.5
47.5 17.5
47.5 18.5
47.5 31.5
47.5 32.5
47.5 33.5
47.5 52.5
47.5 53.5
47.5 54.5
48.5 17.5
48.5 18.5
48.5 19.5
48.5 30.5
48.5 31.5
48.5 32.5
48.5 51.5
48.5 52.5
48.5 53.5
49.5 18.5
49.5 19.5
49.5 20.5
49.5 29.5
49.5 30.5
49.5 31.5
49.5 50.5
49.5 51.5
49.5 52.5
50.5 20.5
50.5 21.5
50.5 28.5
50.5 29.5
50.5 49.5
50.5 50.5
51.5 9.5
52.5 9.5
52.5 10.5
52.5 11.5
52.5 39.5
52.5 40.5
52.5 41.5
52.5 60.5
52.5 61.5
53.5 10.5
53.5 11.5
53.5 12.5
53.5 38.5
53.5 39.5
53.5 40.5
53.5 59.5
53.5 60.5
53.5 61.5
54.5 10.5
54.5 11.5
54.5 12.5
54.5 37.5
54.5 38.5
54.5 39.5
54.5 58.5
54.5 59.5
54.5 60.5
55.5 11.5
55.5 12.5
55.5 13.5
55.5 36.5
55.5 37.5
55.5 38.5
55.5 57.5
55.5 58.5
55.5 59.5
56.5 12.5
56.5 13.5
56.5 14.5
56.5 35.5
56.5 36.5
56.5 57.5
56.5 58.5
57.5 13.5
57.5 14.5
57.5 56.5
57.5 57.5
