1.5 11.5
2.5 12.5
2.5 13.5
2.5 28.5
3.5 14.5
3.5 15.5
3.5 26.5
3.5 27.5
3.5 44.5
3.5 45.5
3.5 46.5
3.5 58.5
3.5 59.5
4.5 15.5
4.5 16.5
4.5 17.5
4.5 24.5
4.5 25.5
4.5 40.5
4.5 41.5
4.5 42.5
4.5 43.5
4.5 59.5
4.5 60.5
4.5 61.5
5.5 6.5
5.5 17.5
5.5 18.5
5.5 22.5
5.5 23.5
5.5 37.5
5.5 38.5
5.5 39.5
5.5 61.5
5.5 62.5
5.5 63.5
6.5 7.5
6.5 8.5
6.5 21.5
6.5 33.5
6.5 34.5
6.5 35.5
6.5 49.5
6.5 50.5
6.5 53.5
6.5 64.5
7.5 8.5
7.5 9.5
7.5 10.5
7.5 29.5
7.5 30.5
7.5 31.5
7.5 32.5
7.5 47.5
7.5 48.5
7.5 54.5
7.5 55.5
8.5 10.5
8.5 11.5
8.5 27.5
8.5 28.5
8.5 29.5
8.5 45.5
8.5 46.5
8.5 56.5
8.5 57.5
9.5 11.5
9.5 12.5
9.5 43.5
9.5 58.5
9.5 59.5
10.5 13.5
12.5 25.5
12.5 26.5
12.5 27.5
12.5 44.5
12.5 45.5
12.5 60.5
13.5 10.5
13.5 11.5
13.5 28.5
13.5 29.5
13.5 30.5
13.5 31.5
13.5 32.5
13.5 41.5
13.5 42.5
13.5 43.5
13.5 58.5
13.5 59.5
14.5 12.5
14.5 13.5
14.5 14.5
14.5 33.5
14.5 34.5
14.5 35.5
14.5 39.5
14.5 40.5
14.5 56.5
14.5 57.5
15.5 15.5
15.5 16.5
15.5 17.5
15.5 20.5
15.5 54.5
15.5 55.5
16.5 22.5
16.5 23.5
16.5 24.5
16.5 47.5
16.5 48.5
16.5 49.5
16.5 50.5
16.5 53.5
16.5 63.5
16.5 64.5
17.5 7.5
17.5 8.5
17.5 25.5
17.5 26.5
17.5 27.5
17.5 28.5
17.5 44.5
17.5 45.5
17.5 46.5
17.5 47.5
17.5 61.5
17.5 62.5
18.5 9.5
18.5 10.5
18.5 11.5
18.5 59.5
18.5 60.5
19.5 13.5
19.5 14.5
21.5 29.5
21.5 43.5
21.5 44.5
22.5 13.5
22.5 27.5
22.5 28.5
22.5 45.5
22.5 46.5
22.5 59.5
22.5 60.5
23.5 11.5
23.5 12.5
23.5 25.5
23.5 26.5
23.5 47.5
23.5 48.5
23.5 56.5
23.5 57.5
23.5 58.5
24.5 9.5
24.5 10.5
24.5 23.5
24.5 24.5
24.5 35.5
24.5 50.5
24.5 51.5
24.5 54.5
24.5 55.5
25.5 7.5
25.5 8.5
25.5 19.5
25.5 21.5
25.5 22.5
25.5 33.5
25.5 34.5
25.5 38.5
25.5 39.5
25.5 40.5
25.5 66.5
26.5 6.5
26.5 16.5
26.5 17.5
26.5 18.5
26.5 31.5
26.5 32.5
26.5 40.5
26.5 41.5
26.5 42.5
26.5 43.5
26.5 62.5
26.5 63.5
26.5 64.5
26.5 65.5
27.5 14.5
27.5 15.5
27.5 16.5
27.5 30.5
27.5 31.5
27.5 42.5
27.5 43.5
27.5 44.5
27.5 45.5
27.5 60.5
27.5 61.5
27.5 62.5
27.5 63.5
28.5 13.5
28.5 14.5
28.5 28.5
28.5 29.5
28.5 46.5
28.5 58.5
28.5 59.5
28.5 60.5
29.5 11.5
29.5 12.5
29.5 27.5
32.5 14.5
32.5 42.5
32.5 43.5
32.5 44.5
32.5 61.5
33.5 11.5
33.5 12.5
33.5 27.5
33.5 28.5
33.5 29.5
33.5 44.5
33.5 45.5
33.5 46.5
33.5 47.5
33.5 57.5
33.5 58.5
33.5 59.5
33.5 60.5
34.5 9.5
34.5 10.5
34.5 25.5
34.5 26.5
34.5 27.5
34.5 47.5
34.5 48.5
34.5 49.5
34.5 55.5
34.5 56.5
34.5 57.5
35.5 7.5
35.5 8.5
35.5 23.5
35.5 24.5
35.5 50.5
35.5 51.5
35.5 53.5
35.5 54.5
36.5 6.5
36.5 18.5
36.5 19.5
36.5 33.5
36.5 36.5
36.5 37.5
37.5 15.5
37.5 16.5
37.5 17.5
37.5 31.5
37.5 32.5
37.5 38.5
37.5 39.5
37.5 40.5
37.5 41.5
37.5 63.5
37.5 64.5
37.5 65.5
38.5 12.5
38.5 13.5
38.5 14.5
38.5 29.5
38.5 30.5
38.5 41.5
38.5 42.5
38.5 43.5
38.5 60.5
38.5 61.5
38.5 62.5
39.5 11.5
39.5 28.5
39.5 44.5
39.5 45.5
39.5 58.5
39.5 59.5
42.5 11.5
42.5 12.5
42.5 28.5
42.5 45.5
43.5 14.5
43.5 15.5
43.5 16.5
43.5 25.5
43.5 26.5
43.5 42.5
43.5 43.5
43.5 44.5
43.5 58.5
43.5 59.5
43.5 60.5
44.5 17.5
44.5 18.5
44.5 19.5
44.5 23.5
44.5 24.5
44.5 40.5
44.5 41.5
44.5 42.5
44.5 56.5
44.5 57.5
44.5 58.5
45.5 38.5
45.5 39.5
45.5 54.5
45.5 55.5
46.5 6.5
46.5 7.5
46.5 8.5
46.5 31.5
46.5 32.5
46.5 33.5
46.5 34.5
46.5 36.5
46.5 37.5
46.5 49.5
46.5 50.5
46.5 65.5
47.5 8.5
47.5 9.5
47.5 10.5
47.5 11.5
47.5 27.5
47.5 28.5
47.5 29.5
47.5 30.5
47.5 31.5
47.5 47.5
47.5 48.5
47.5 62.5
47.5 63.5
47.5 64.5
48.5 12.5
48.5 13.5
48.5 14.5
48.5 26.5
48.5 45.5
48.5 46.5
48.5 60.5
48.5 61.5
48.5 62.5
49.5 43.5
49.5 44.5
49.5 59.5
49.5 60.5
52.5 11.5
52.5 28.5
52.5 29.5
53.5 12.5
53.5 13.5
53.5 26.5
53.5 27.5
53.5 28.5
53.5 42.5
53.5 43.5
53.5 44.5
53.5 59.5
53.5 60.5
54.5 13.5
54.5 14.5
54.5 15.5
54.5 25.5
54.5 26.5
54.5 44.5
54.5 45.5
54.5 46.5
54.5 57.5
54.5 58.5
54.5 59.5
55.5 15.5
55.5 16.5
55.5 17.5
55.5 23.5
55.5 24.5
55.5 25.5
55.5 47.5
55.5 48.5
55.5 49.5
55.5 56.5
55.5 57.5
56.5 17.5
56.5 18.5
56.5 22.5
56.5 23.5
56.5 35.5
56.5 36.5
56.5 37.5
56.5 49.5
56.5 50.5
56.5 54.5
56.5 55.5
57.5 7.5
57.5 19.5
57.5 21.5
57.5 32.5
57.5 33.5
57.5 38.5
57.5 39.5
57.5 53.5
57.5 64.5
58.5 8.5
58.5 9.5
58.5 31.5
58.5 32.5
58.5 40.5
58.5 41.5
58.5 62.5
58.5 63.5
59.5 10.5
59.5 11.5
59.5 29.5
59.5 30.5
59.5 42.5
59.5 43.5
59.5 60.5
59.5 61.5
60.5 11.5
60.5 12.5
60.5 27.5
60.5 28.5
60.5 45.5
60.5 58.5
60.5 59.5
61.5 13.5
61.5 14.5
61.5 26.5
61.5 57.5
