2.5 56.5
2.5 57.5
2.5 58.5
2.5 59.5
2.5 60.5
3.5 37.5
3.5 38.5
3.5 59.5
3.5 60.5
3.5 61.5
3.5 62.5
3.5 63.5
4.5 17.5
4.5 18.5
4.5 19.5
4.5 20.5
4.5 21.5
4.5 22.5
4.5 38.5
4.5 39.5
4.5 40.5
4.5 41.5
4.5 42.5
5.5 41.5
5.5 42.5
5.5 43.5
6.5 30.5
6.5 31.5
6.5 50.5
6.5 51.5
6.5 52.5
6.5 53.5
6.5 54.5
7.5 9.5
7.5 10.5
7.5 11.5
7.5 12.5
7.5 13.5
7.5 14.5
7.5 32.5
7.5 33.5
7.5 34.5
7.5 35.5
7.5 52.5
7.5 53.5
7.5 54.5
7.5 55.5
7.5 56.5
8.5 13.5
8.5 14.5
8.5 15.5
8.5 16.5
8.5 35.5
8.5 36.5
8.5 37.5
12.5 36.5
12.5 37.5
12.5 57.5
12.5 58.5
12.5 59.5
13.5 16.5
13.5 17.5
13.5 18.5
13.5 19.5
13.5 38.5
13.5 39.5
13.5 40.5
13.5 59.5
13.5 60.5
13.5 61.5
13.5 62.5
13.5 63.5
14.5 17.5
14.5 18.5
14.5 19.5
14.5 20.5
14.5 21.5
14.5 22.5
14.5 40.5
14.5 41.5
14.5 42.5
15.5 21.5
15.5 22.5
16.5 29.5
16.5 30.5
16.5 31.5
16.5 32.5
16.5 33.5
16.5 50.5
16.5 51.5
16.5 52.5
16.5 53.5
16.5 54.5
17.5 9.5
17.5 10.5
17.5 11.5
17.5 12.5
17.5 31.5
17.5 32.5
17.5 33.5
17.5 34.5
17.5 35.5
17.5 53.5
17.5 54.5
17.5 55.5
17.5 56.5
17.5 57.5
18.5 12.5
18.5 13.5
18.5 14.5
18.5 34.5
18.5 35.5
22.5 56.5
22.5 57.5
22.5 58.5
23.5 15.5
23.5 16.5
23.5 17.5
23.5 32.5
23.5 33.5
23.5 34.5
23.5 57.5
23.5 58.5
23.5 59.5
23.5 60.5
23.5 61.5
24.5 18.5
24.5 19.5
24.5 20.5
24.5 29.5
24.5 30.5
24.5 31.5
24.5 32.5
24.5 60.5
24.5 61.5
24.5 62.5
24.5 63.5
26.5 40.5
26.5 41.5
26.5 42.5
26.5 49.5
26.5 50.5
27.5 8.5
27.5 9.5
27.5 10.5
27.5 11.5
27.5 12.5
27.5 13.5
27.5 36.5
27.5 37.5
27.5 38.5
27.5 39.5
27.5 40.5
27.5 41.5
27.5 50.5
27.5 51.5
27.5 52.5
27.5 53.5
28.5 11.5
28.5 12.5
28.5 13.5
28.5 14.5
28.5 15.5
28.5 35.5
28.5 36.5
28.5 37.5
28.5 38.5
28.5 52.5
28.5 53.5
28.5 54.5
28.5 55.5
33.5 13.5
33.5 14.5
33.5 15.5
33.5 35.5
33.5 36.5
33.5 37.5
33.5 56.5
33.5 57.5
34.5 10.5
34.5 11.5
34.5 12.5
34.5 13.5
34.5 37.5
34.5 38.5
34.5 39.5
34.5 57.5
34.5 58.5
34.5 59.5
34.5 60.5
34.5 61.5
34.5 62.5
35.5 8.5
35.5 9.5
35.5 10.5
35.5 39.5
35.5 40.5
35.5 41.5
36.5 20.5
36.5 21.5
37.5 17.5
37.5 18.5
37.5 19.5
37.5 20.5
37.5 28.5
37.5 29.5
37.5 30.5
37.5 31.5
37.5 32.5
37.5 49.5
37.5 50.5
37.5 51.5
37.5 52.5
37.5 53.5
38.5 16.5
38.5 17.5
38.5 18.5
38.5 30.5
38.5 31.5
38.5 32.5
38.5 33.5
38.5 34.5
38.5 52.5
38.5 53.5
38.5 54.5
38.5 55.5
38.5 56.5
39.5 34.5
43.5 13.5
43.5 14.5
43.5 15.5
43.5 52.5
43.5 53.5
43.5 54.5
44.5 10.5
44.5 11.5
44.5 12.5
44.5 13.5
44.5 30.5
44.5 31.5
44.5 32.5
44.5 33.5
44.5 34.5
44.5 50.5
44.5 51.5
44.5 52.5
45.5 28.5
45.5 29.5
45.5 30.5
46.5 41.5
46.5 42.5
46.5 59.5
46.5 60.5
46.5 61.5
46.5 62.5
46.5 63.5
47.5 16.5
47.5 17.5
47.5 18.5
47.5 19.5
47.5 20.5
47.5 21.5
47.5 37.5
47.5 38.5
47.5 39.5
47.5 40.5
47.5 57.5
47.5 58.5
47.5 59.5
47.5 60.5
47.5 61.5
52.5 16.5
52.5 17.5
52.5 36.5
52.5 37.5
53.5 17.5
53.5 18.5
53.5 19.5
53.5 20.5
53.5 37.5
53.5 38.5
53.5 39.5
53.5 40.5
53.5 57.5
53.5 58.5
53.5 59.5
53.5 60.5
54.5 19.5
54.5 20.5
54.5 21.5
54.5 22.5
54.5 40.5
54.5 41.5
54.5 42.5
54.5 59.5
54.5 60.5
54.5 61.5
54.5 62.5
54.5 63.5
55.5 63.5
55.5 64.5
56.5 9.5
56.5 10.5
56.5 29.5
56.5 30.5
56.5 31.5
56.5 32.5
56.5 49.5
56.5 50.5
56.5 51.5
56.5 52.5
57.5 10.5
57.5 11.5
57.5 12.5
57.5 13.5
57.5 31.5
57.5 32.5
57.5 33.5
57.5 34.5
57.5 35.5
57.5 51.5
57.5 52.5
57.5 53.5
57.5 54.5
57.5 55.5
58.5 12.5
58.5 13.5
58.5 14.5
58.5 15.5
58.5 35.5
58.5 36.5
58.5 54.5
58.5 55.5
58.5 56.5
