1.5 9.5
1.5 49.5
1.5 50.5
1.5 62.5
1.5 63.5
2.5 8.5
2.5 9.5
2.5 10.5
2.5 11.5
2.5 20.5
2.5 21.5
2.5 22.5
2.5 33.5
2.5 34.5
2.5 48.5
2.5 49.5
2.5 50.5
2.5 51.5
2.5 52.5
2.5 62.5
2.5 63.5
2.5 64.5
3.5 8.5
3.5 9.5
3.5 10.5
3.5 11.5
3.5 19.5
3.5 20.5
3.5 21.5
3.5 22.5
3.5 32.5
3.5 33.5
3.5 34.5
3.5 48.5
3.5 49.5
3.5 50.5
3.5 51.5
3.5 52.5
3.5 62.5
3.5 63.5
3.5 64.5
4.5 8.5
4.5 9.5
4.5 10.5
4.5 19.5
4.5 20.5
4.5 21.5
4.5 22.5
4.5 32.5
4.5 33.5
4.5 34.5
4.5 49.5
4.5 50.5
4.5 51.5
4.5 58.5
4.5 63.5
4.5 64.5
5.5 14.5
5.5 19.5
5.5 20.5
5.5 21.5
5.5 32.5
5.5 33.5
5.5 44.5
5.5 45.5
5.5 57.5
5.5 58.5
5.5 59.5
5.5 60.5
6.5 13.5
6.5 14.5
6.5 15.5
6.5 25.5
6.5 26.5
6.5 27.5
6.5 36.5
6.5 37.5
6.5 38.5
6.5 43.5
6.5 44.5
6.5 45.5
6.5 46.5
6.5 57.5
6.5 58.5
6.5 59.5
6.5 60.5
7.5 12.5
7.5 13.5
7.5 14.5
7.5 24.5
7.5 25.5
7.5 26.5
7.5 27.5
7.5 36.5
7.5 37.5
7.5 38.5
7.5 44.5
7.5 45.5
7.5 46.5
7.5 58.5
7.5 59.5
7.5 60.5
8.5 12.5
8.5 13.5
8.5 14.5
8.5 23.5
8.5 24.5
8.5 25.5
8.5 26.5
8.5 36.5
8.5 37.5
8.5 45.5
8.5 46.5
12.5 25.5
12.5 33.5
12.5 34.5
12.5 35.5
12.5 45.5
12.5 46.5
12.5 47.5
12.5 58.5
12.5 59.5
12.5 60.5
13.5 12.5
13.5 13.5
13.5 24.5
13.5 25.5
13.5 26.5
13.5 27.5
13.5 33.5
13.5 34.5
13.5 35.5
13.5 44.5
13.5 45.5
13.5 46.5
13.5 57.5
13.5 58.5
13.5 59.5
13.5 60.5
14.5 12.5
14.5 13.5
14.5 14.5
14.5 25.5
14.5 26.5
14.5 27.5
14.5 28.5
14.5 33.5
14.5 34.5
14.5 35.5
14.5 44.5
14.5 45.5
14.5 46.5
14.5 57.5
14.5 58.5
14.5 59.5
14.5 60.5
15.5 13.5
15.5 14.5
15.5 38.5
15.5 39.5
15.5 49.5
15.5 50.5
15.5 51.5
15.5 58.5
15.5 63.5
15.5 64.5
16.5 8.5
16.5 9.5
16.5 10.5
16.5 20.5
16.5 21.5
16.5 22.5
16.5 23.5
16.5 37.5
16.5 38.5
16.5 39.5
16.5 49.5
16.5 50.5
16.5 51.5
16.5 52.5
16.5 62.5
16.5 63.5
16.5 64.5
17.5 8.5
17.5 9.5
17.5 10.5
17.5 19.5
17.5 20.5
17.5 21.5
17.5 22.5
17.5 23.5
17.5 37.5
17.5 38.5
17.5 39.5
17.5 48.5
17.5 49.5
17.5 50.5
17.5 51.5
17.5 52.5
17.5 61.5
17.5 62.5
17.5 63.5
18.5 9.5
18.5 10.5
18.5 21.5
18.5 22.5
18.5 23.5
18.5 49.5
18.5 50.5
18.5 51.5
18.5 62.5
22.5 8.5
22.5 9.5
22.5 10.5
22.5 24.5
22.5 25.5
22.5 26.5
22.5 27.5
22.5 37.5
22.5 38.5
22.5 39.5
22.5 49.5
22.5 50.5
22.5 51.5
22.5 62.5
22.5 63.5
23.5 8.5
23.5 9.5
23.5 10.5
23.5 23.5
23.5 24.5
23.5 25.5
23.5 26.5
23.5 27.5
23.5 37.5
23.5 38.5
23.5 39.5
23.5 49.5
23.5 50.5
23.5 51.5
23.5 52.5
23.5 62.5
23.5 63.5
23.5 64.5
24.5 8.5
24.5 9.5
24.5 10.5
24.5 24.5
24.5 25.5
24.5 26.5
24.5 27.5
24.5 38.5
24.5 39.5
24.5 40.5
24.5 49.5
24.5 50.5
24.5 51.5
24.5 52.5
24.5 62.5
24.5 63.5
24.5 64.5
25.5 9.5
25.5 33.5
25.5 34.5
25.5 39.5
25.5 40.5
25.5 45.5
25.5 51.5
26.5 13.5
26.5 14.5
26.5 19.5
26.5 20.5
26.5 21.5
26.5 33.5
26.5 34.5
26.5 35.5
26.5 36.5
26.5 44.5
26.5 45.5
26.5 46.5
26.5 47.5
26.5 57.5
26.5 58.5
26.5 59.5
26.5 60.5
27.5 12.5
27.5 13.5
27.5 14.5
27.5 15.5
27.5 19.5
27.5 20.5
27.5 21.5
27.5 22.5
27.5 33.5
27.5 34.5
27.5 35.5
27.5 36.5
27.5 45.5
27.5 46.5
27.5 47.5
27.5 58.5
27.5 59.5
27.5 60.5
28.5 12.5
28.5 13.5
28.5 14.5
28.5 20.5
28.5 21.5
28.5 22.5
28.5 34.5
28.5 35.5
28.5 36.5
28.5 45.5
28.5 46.5
28.5 47.5
28.5 58.5
28.5 59.5
28.5 60.5
29.5 13.5
32.5 61.5
32.5 62.5
33.5 9.5
33.5 10.5
33.5 11.5
33.5 21.5
33.5 22.5
33.5 23.5
33.5 33.5
33.5 34.5
33.5 35.5
33.5 49.5
33.5 50.5
33.5 51.5
33.5 60.5
33.5 61.5
33.5 62.5
33.5 63.5
34.5 8.5
34.5 9.5
34.5 10.5
34.5 11.5
34.5 20.5
34.5 21.5
34.5 22.5
34.5 23.5
34.5 32.5
34.5 33.5
34.5 34.5
34.5 35.5
34.5 49.5
34.5 50.5
34.5 51.5
34.5 61.5
34.5 62.5
34.5 63.5
34.5 64.5
35.5 8.5
35.5 9.5
35.5 10.5
35.5 20.5
35.5 21.5
35.5 22.5
35.5 32.5
35.5 33.5
35.5 34.5
35.5 35.5
35.5 49.5
35.5 50.5
35.5 51.5
35.5 61.5
35.5 62.5
35.5 63.5
35.5 64.5
36.5 13.5
36.5 14.5
36.5 20.5
36.5 21.5
36.5 25.5
36.5 26.5
36.5 32.5
36.5 33.5
36.5 34.5
36.5 45.5
36.5 46.5
36.5 56.5
36.5 57.5
36.5 58.5
36.5 63.5
37.5 12.5
37.5 13.5
37.5 14.5
37.5 15.5
37.5 24.5
37.5 25.5
37.5 26.5
37.5 27.5
37.5 38.5
37.5 39.5
37.5 40.5
37.5 44.5
37.5 45.5
37.5 46.5
37.5 47.5
37.5 56.5
37.5 57.5
37.5 58.5
37.5 59.5
38.5 12.5
38.5 13.5
38.5 14.5
38.5 15.5
38.5 24.5
38.5 25.5
38.5 26.5
38.5 27.5
38.5 37.5
38.5 38.5
38.5 39.5
38.5 45.5
38.5 46.5
38.5 47.5
38.5 56.5
38.5 57.5
38.5 58.5
38.5 59.5
39.5 12.5
39.5 13.5
39.5 14.5
39.5 24.5
39.5 25.5
39.5 26.5
39.5 36.5
39.5 37.5
39.5 38.5
39.5 46.5
39.5 58.5
39.5 59.5
43.5 12.5
43.5 13.5
43.5 37.5
43.5 45.5
43.5 46.5
43.5 47.5
43.5 57.5
43.5 58.5
43.5 59.5
44.5 12.5
44.5 13.5
44.5 14.5
44.5 24.5
44.5 25.5
44.5 26.5
44.5 36.5
44.5 37.5
44.5 38.5
44.5 39.5
44.5 44.5
44.5 45.5
44.5 46.5
44.5 56.5
44.5 57.5
44.5 58.5
44.5 59.5
45.5 12.5
45.5 13.5
45.5 14.5
45.5 15.5
45.5 24.5
45.5 25.5
45.5 26.5
45.5 27.5
45.5 36.5
45.5 37.5
45.5 38.5
45.5 39.5
45.5 44.5
45.5 45.5
45.5 46.5
45.5 56.5
45.5 57.5
45.5 58.5
45.5 59.5
46.5 8.5
46.5 9.5
46.5 14.5
46.5 15.5
46.5 25.5
46.5 26.5
46.5 27.5
46.5 37.5
46.5 38.5
46.5 39.5
46.5 49.5
46.5 50.5
46.5 51.5
47.5 7.5
47.5 8.5
47.5 9.5
47.5 10.5
47.5 20.5
47.5 21.5
47.5 22.5
47.5 32.5
47.5 33.5
47.5 34.5
47.5 48.5
47.5 49.5
47.5 50.5
47.5 51.5
47.5 62.5
47.5 63.5
47.5 64.5
48.5 7.5
48.5 8.5
48.5 9.5
48.5 10.5
48.5 20.5
48.5 21.5
48.5 22.5
48.5 23.5
48.5 32.5
48.5 33.5
48.5 34.5
48.5 35.5
48.5 48.5
48.5 49.5
48.5 50.5
48.5 61.5
48.5 62.5
48.5 63.5
48.5 64.5
48.5 65.5
49.5 8.5
49.5 9.5
49.5 10.5
49.5 21.5
49.5 22.5
49.5 23.5
49.5 33.5
49.5 34.5
49.5 35.5
49.5 49.5
49.5 62.5
49.5 63.5
49.5 64.5
53.5 24.5
53.5 25.5
53.5 26.5
53.5 36.5
53.5 37.5
53.5 38.5
53.5 49.5
53.5 50.5
53.5 51.5
53.5 62.5
53.5 63.5
53.5 64.5
54.5 12.5
54.5 13.5
54.5 24.5
54.5 25.5
54.5 26.5
54.5 27.5
54.5 36.5
54.5 37.5
54.5 38.5
54.5 39.5
54.5 48.5
54.5 49.5
54.5 50.5
54.5 51.5
54.5 61.5
54.5 62.5
54.5 63.5
54.5 64.5
54.5 65.5
55.5 11.5
55.5 12.5
55.5 13.5
55.5 14.5
55.5 25.5
55.5 26.5
55.5 27.5
55.5 37.5
55.5 38.5
55.5 49.5
55.5 50.5
55.5 51.5
55.5 52.5
55.5 62.5
55.5 63.5
55.5 64.5
55.5 65.5
56.5 11.5
56.5 12.5
56.5 13.5
56.5 14.5
56.5 15.5
56.5 32.5
56.5 33.5
56.5 34.5
56.5 44.5
56.5 45.5
56.5 50.5
56.5 51.5
56.5 63.5
56.5 64.5
56.5 65.5
57.5 12.5
57.5 13.5
57.5 14.5
57.5 20.5
57.5 21.5
57.5 22.5
57.5 32.5
57.5 33.5
57.5 34.5
57.5 35.5
57.5 44.5
57.5 45.5
57.5 46.5
57.5 47.5
57.5 57.5
57.5 58.5
57.5 59.5
58.5 7.5
58.5 8.5
58.5 9.5
58.5 20.5
58.5 21.5
58.5 22.5
58.5 23.5
58.5 33.5
58.5 34.5
58.5 45.5
58.5 46.5
58.5 47.5
58.5 57.5
58.5 58.5
58.5 59.5
58.5 60.5
59.5 7.5
59.5 8.5
59.5 9.5
59.5 10.5
59.5 20.5
59.5 21.5
59.5 22.5
59.5 23.5
59.5 58.5
59.5 59.5
59.5 60.5
60.5 8.5
60.5 9.5
60.5 10.5
60.5 21.5
60.5 22.5
60.5 23.5
61.5 9.5
