1.5 11.5
1.5 41.5
1.5 50.5
1.5 61.5
2.5 11.5
2.5 20.5
2.5 31.5
2.5 51.5
2.5 60.5
3.5 31.5
3.5 40.5
3.5 52.5
3.5 60.5
4.5 12.5
4.5 19.5
4.5 32.5
4.5 52.5
4.5 60.5
5.5 7.5
5.5 12.5
5.5 19.5
5.5 32.5
5.5 39.5
5.5 53.5
5.5 59.5
6.5 7.5
6.5 18.5
6.5 24.5
6.5 27.5
6.5 33.5
6.5 38.5
6.5 44.5
6.5 47.5
6.5 54.5
6.5 59.5
6.5 64.5
7.5 13.5
7.5 18.5
7.5 24.5
7.5 33.5
7.5 38.5
7.5 44.5
7.5 48.5
7.5 64.5
8.5 8.5
8.5 13.5
8.5 17.5
8.5 23.5
8.5 28.5
8.5 34.5
8.5 43.5
8.5 48.5
8.5 55.5
8.5 58.5
8.5 64.5
9.5 8.5
9.5 17.5
9.5 23.5
9.5 28.5
9.5 34.5
9.5 37.5
9.5 43.5
9.5 49.5
9.5 56.5
9.5 58.5
9.5 64.5
10.5 9.5
10.5 14.5
10.5 22.5
10.5 29.5
10.5 42.5
10.5 43.5
10.5 50.5
10.5 63.5
11.5 9.5
11.5 22.5
11.5 29.5
11.5 42.5
11.5 50.5
11.5 63.5
12.5 9.5
12.5 21.5
12.5 30.5
12.5 42.5
12.5 51.5
12.5 63.5
13.5 10.5
13.5 21.5
13.5 30.5
13.5 41.5
13.5 52.5
13.5 63.5
14.5 10.5
14.5 20.5
14.5 41.5
14.5 52.5
15.5 9.5
15.5 10.5
15.5 21.5
15.5 30.5
15.5 31.5
15.5 40.5
15.5 52.5
15.5 53.5
15.5 63.5
16.5 30.5
16.5 40.5
16.5 52.5
16.5 62.5
17.5 10.5
17.5 20.5
17.5 41.5
17.5 62.5
18.5 10.5
18.5 20.5
18.5 31.5
18.5 41.5
18.5 53.5
18.5 61.5
18.5 68.5
19.5 11.5
19.5 31.5
19.5 41.5
19.5 53.5
19.5 61.5
20.5 11.5
20.5 19.5
20.5 42.5
20.5 47.5
20.5 54.5
20.5 60.5
21.5 12.5
21.5 19.5
21.5 27.5
21.5 32.5
21.5 36.5
21.5 42.5
21.5 54.5
21.5 60.5
21.5 66.5
22.5 6.5
22.5 12.5
22.5 18.5
22.5 24.5
22.5 32.5
22.5 43.5
22.5 48.5
22.5 54.5
23.5 7.5
23.5 13.5
23.5 18.5
23.5 24.5
23.5 28.5
23.5 37.5
23.5 43.5
23.5 48.5
23.5 55.5
23.5 59.5
23.5 65.5
24.5 7.5
24.5 13.5
24.5 23.5
24.5 28.5
24.5 33.5
24.5 37.5
24.5 49.5
24.5 55.5
24.5 64.5
25.5 8.5
25.5 14.5
25.5 17.5
25.5 23.5
25.5 33.5
25.5 38.5
25.5 44.5
25.5 49.5
25.5 58.5
25.5 64.5
26.5 8.5
26.5 17.5
26.5 23.5
26.5 29.5
26.5 38.5
26.5 49.5
26.5 63.5
27.5 9.5
27.5 22.5
27.5 29.5
27.5 50.5
27.5 62.5
27.5 68.5
28.5 9.5
28.5 22.5
28.5 39.5
28.5 50.5
28.5 62.5
29.5 10.5
29.5 22.5
29.5 30.5
29.5 39.5
29.5 51.5
29.5 61.5
30.5 10.5
30.5 21.5
30.5 30.5
30.5 40.5
30.5 51.5
30.5 62.5
31.5 11.5
31.5 20.5
31.5 21.5
31.5 30.5
31.5 40.5
31.5 50.5
32.5 50.5
32.5 61.5
33.5 10.5
33.5 21.5
33.5 31.5
33.5 39.5
33.5 51.5
33.5 60.5
34.5 22.5
34.5 39.5
34.5 51.5
34.5 52.5
34.5 60.5
35.5 11.5
35.5 22.5
35.5 32.5
35.5 39.5
35.5 52.5
35.5 59.5
35.5 65.5
36.5 11.5
36.5 16.5
36.5 23.5
36.5 32.5
36.5 38.5
36.5 53.5
36.5 59.5
36.5 65.5
37.5 6.5
37.5 12.5
37.5 23.5
37.5 28.5
37.5 33.5
37.5 38.5
37.5 44.5
37.5 47.5
37.5 53.5
37.5 58.5
37.5 64.5
37.5 65.5
38.5 12.5
38.5 17.5
38.5 24.5
38.5 28.5
38.5 33.5
38.5 38.5
38.5 44.5
38.5 48.5
38.5 54.5
38.5 64.5
39.5 7.5
39.5 13.5
39.5 18.5
39.5 24.5
39.5 29.5
39.5 37.5
39.5 44.5
39.5 48.5
39.5 57.5
39.5 64.5
40.5 13.5
40.5 18.5
40.5 25.5
40.5 29.5
40.5 34.5
40.5 37.5
40.5 43.5
40.5 49.5
40.5 55.5
40.5 63.5
40.5 64.5
41.5 8.5
41.5 19.5
41.5 30.5
41.5 37.5
41.5 43.5
41.5 63.5
42.5 8.5
42.5 19.5
42.5 30.5
42.5 43.5
42.5 50.5
42.5 63.5
43.5 9.5
43.5 20.5
43.5 42.5
43.5 62.5
44.5 9.5
44.5 20.5
44.5 31.5
44.5 42.5
44.5 51.5
44.5 62.5
45.5 10.5
45.5 42.5
45.5 62.5
45.5 63.5
46.5 10.5
46.5 19.5
46.5 21.5
46.5 32.5
46.5 41.5
46.5 52.5
46.5 62.5
47.5 10.5
47.5 20.5
47.5 31.5
47.5 52.5
47.5 62.5
48.5 9.5
48.5 20.5
48.5 30.5
48.5 42.5
48.5 61.5
49.5 9.5
49.5 21.5
49.5 30.5
49.5 42.5
49.5 53.5
49.5 61.5
50.5 21.5
50.5 29.5
50.5 42.5
50.5 43.5
50.5 53.5
50.5 60.5
50.5 61.5
51.5 8.5
51.5 16.5
51.5 22.5
51.5 28.5
51.5 35.5
51.5 43.5
51.5 48.5
51.5 53.5
51.5 60.5
52.5 8.5
52.5 13.5
52.5 22.5
52.5 28.5
52.5 34.5
52.5 43.5
52.5 48.5
52.5 59.5
52.5 60.5
53.5 7.5
53.5 13.5
53.5 17.5
53.5 23.5
53.5 27.5
53.5 34.5
53.5 38.5
53.5 44.5
53.5 49.5
53.5 54.5
53.5 59.5
53.5 66.5
54.5 7.5
54.5 12.5
54.5 33.5
54.5 38.5
54.5 44.5
54.5 49.5
54.5 54.5
54.5 58.5
54.5 65.5
55.5 12.5
55.5 18.5
55.5 24.5
55.5 26.5
55.5 33.5
55.5 44.5
55.5 49.5
55.5 58.5
55.5 65.5
56.5 6.5
56.5 12.5
56.5 18.5
56.5 32.5
56.5 39.5
56.5 50.5
56.5 64.5
57.5 11.5
57.5 19.5
57.5 32.5
57.5 39.5
57.5 45.5
57.5 50.5
57.5 63.5
58.5 11.5
58.5 19.5
58.5 31.5
58.5 50.5
58.5 63.5
58.5 68.5
59.5 20.5
59.5 31.5
59.5 40.5
59.5 62.5
60.5 10.5
60.5 30.5
60.5 40.5
60.5 51.5
61.5 10.5
61.5 30.5
61.5 51.5
61.5 61.5
