1.5 31.5
1.5 40.5
1.5 41.5
2.5 12.5
2.5 22.5
2.5 31.5
2.5 32.5
2.5 39.5
2.5 40.5
2.5 41.5
2.5 51.5
3.5 12.5
3.5 13.5
3.5 22.5
3.5 23.5
3.5 32.5
3.5 33.5
3.5 38.5
3.5 39.5
3.5 40.5
3.5 50.5
3.5 51.5
3.5 61.5
3.5 62.5
4.5 12.5
4.5 13.5
4.5 23.5
4.5 24.5
4.5 33.5
4.5 37.5
4.5 38.5
4.5 39.5
4.5 49.5
4.5 50.5
4.5 60.5
4.5 61.5
5.5 13.5
5.5 14.5
5.5 18.5
5.5 24.5
5.5 45.5
5.5 49.5
5.5 59.5
5.5 65.5
5.5 66.5
6.5 7.5
6.5 8.5
6.5 18.5
6.5 19.5
6.5 28.5
6.5 29.5
6.5 43.5
6.5 44.5
6.5 55.5
6.5 64.5
6.5 65.5
7.5 8.5
7.5 9.5
7.5 18.5
7.5 19.5
7.5 20.5
7.5 29.5
7.5 30.5
7.5 42.5
7.5 43.5
7.5 53.5
7.5 54.5
7.5 55.5
7.5 63.5
7.5 64.5
8.5 9.5
8.5 10.5
8.5 19.5
8.5 20.5
8.5 30.5
8.5 31.5
8.5 42.5
8.5 52.5
8.5 53.5
8.5 63.5
9.5 20.5
11.5 63.5
12.5 9.5
12.5 10.5
12.5 20.5
12.5 30.5
12.5 31.5
12.5 41.5
12.5 52.5
12.5 53.5
12.5 64.5
13.5 8.5
13.5 9.5
13.5 18.5
13.5 19.5
13.5 31.5
13.5 32.5
13.5 41.5
13.5 42.5
13.5 52.5
13.5 53.5
13.5 64.5
13.5 65.5
14.5 7.5
14.5 8.5
14.5 17.5
14.5 18.5
14.5 32.5
14.5 33.5
14.5 42.5
14.5 43.5
14.5 53.5
14.5 54.5
14.5 65.5
14.5 66.5
15.5 13.5
15.5 16.5
15.5 17.5
15.5 27.5
15.5 42.5
15.5 43.5
15.5 53.5
15.5 54.5
15.5 66.5
16.5 12.5
16.5 22.5
16.5 23.5
16.5 24.5
16.5 28.5
16.5 37.5
16.5 38.5
16.5 43.5
16.5 44.5
16.5 48.5
16.5 54.5
16.5 55.5
16.5 59.5
16.5 60.5
17.5 11.5
17.5 12.5
17.5 21.5
17.5 22.5
17.5 23.5
17.5 28.5
17.5 29.5
17.5 38.5
17.5 39.5
17.5 48.5
17.5 49.5
17.5 59.5
17.5 60.5
17.5 61.5
18.5 10.5
18.5 20.5
18.5 21.5
18.5 29.5
18.5 30.5
18.5 39.5
18.5 48.5
18.5 49.5
18.5 60.5
18.5 61.5
18.5 62.5
19.5 40.5
19.5 49.5
19.5 50.5
19.5 61.5
19.5 62.5
20.5 50.5
22.5 9.5
22.5 20.5
22.5 31.5
23.5 8.5
23.5 9.5
23.5 20.5
23.5 21.5
23.5 31.5
23.5 32.5
23.5 33.5
23.5 37.5
23.5 38.5
23.5 39.5
23.5 61.5
23.5 62.5
24.5 8.5
24.5 21.5
24.5 22.5
24.5 33.5
24.5 37.5
24.5 38.5
24.5 49.5
24.5 50.5
24.5 62.5
24.5 63.5
24.5 64.5
25.5 13.5
25.5 22.5
25.5 23.5
25.5 48.5
25.5 49.5
25.5 63.5
25.5 64.5
25.5 65.5
26.5 12.5
26.5 13.5
26.5 17.5
26.5 18.5
26.5 27.5
26.5 28.5
26.5 29.5
26.5 43.5
26.5 47.5
26.5 54.5
26.5 58.5
27.5 11.5
27.5 12.5
27.5 18.5
27.5 28.5
27.5 29.5
27.5 30.5
27.5 40.5
27.5 41.5
27.5 42.5
27.5 43.5
27.5 52.5
27.5 53.5
27.5 54.5
27.5 59.5
28.5 11.5
28.5 18.5
28.5 19.5
28.5 51.5
28.5 52.5
28.5 60.5
28.5 61.5
29.5 19.5
31.5 30.5
31.5 40.5
32.5 10.5
32.5 29.5
32.5 30.5
32.5 39.5
32.5 40.5
32.5 51.5
32.5 52.5
32.5 60.5
32.5 61.5
33.5 9.5
33.5 10.5
33.5 21.5
33.5 22.5
33.5 28.5
33.5 29.5
33.5 38.5
33.5 39.5
33.5 40.5
33.5 51.5
33.5 52.5
33.5 53.5
33.5 59.5
33.5 60.5
34.5 9.5
34.5 10.5
34.5 22.5
34.5 23.5
34.5 28.5
34.5 29.5
34.5 38.5
34.5 39.5
34.5 52.5
34.5 53.5
34.5 54.5
34.5 58.5
34.5 59.5
35.5 8.5
35.5 9.5
35.5 23.5
35.5 24.5
35.5 28.5
35.5 33.5
35.5 38.5
35.5 39.5
35.5 54.5
35.5 58.5
36.5 8.5
36.5 13.5
36.5 33.5
36.5 38.5
36.5 44.5
36.5 48.5
36.5 63.5
36.5 64.5
37.5 12.5
37.5 13.5
37.5 16.5
37.5 17.5
37.5 18.5
37.5 32.5
37.5 33.5
37.5 43.5
37.5 44.5
37.5 48.5
37.5 49.5
37.5 62.5
37.5 63.5
38.5 12.5
38.5 17.5
38.5 18.5
38.5 19.5
38.5 20.5
38.5 32.5
38.5 33.5
38.5 42.5
38.5 43.5
38.5 49.5
38.5 50.5
38.5 61.5
38.5 62.5
39.5 11.5
39.5 19.5
39.5 20.5
39.5 21.5
39.5 32.5
39.5 41.5
39.5 42.5
39.5 50.5
39.5 61.5
40.5 11.5
40.5 41.5
43.5 31.5
43.5 51.5
43.5 52.5
43.5 60.5
43.5 61.5
44.5 8.5
44.5 9.5
44.5 19.5
44.5 20.5
44.5 21.5
44.5 22.5
44.5 23.5
44.5 29.5
44.5 30.5
44.5 40.5
44.5 41.5
44.5 52.5
44.5 53.5
44.5 59.5
44.5 60.5
45.5 7.5
45.5 8.5
45.5 21.5
45.5 22.5
45.5 23.5
45.5 24.5
45.5 28.5
45.5 29.5
45.5 39.5
45.5 40.5
45.5 53.5
45.5 54.5
45.5 58.5
45.5 59.5
46.5 7.5
46.5 44.5
46.5 54.5
46.5 58.5
46.5 65.5
47.5 11.5
47.5 12.5
47.5 16.5
47.5 17.5
47.5 32.5
47.5 33.5
47.5 34.5
47.5 43.5
47.5 47.5
47.5 48.5
47.5 64.5
47.5 65.5
48.5 9.5
48.5 10.5
48.5 11.5
48.5 18.5
48.5 19.5
48.5 31.5
48.5 32.5
48.5 42.5
48.5 43.5
48.5 48.5
48.5 49.5
48.5 50.5
48.5 63.5
48.5 64.5
49.5 42.5
49.5 49.5
49.5 50.5
49.5 51.5
49.5 62.5
49.5 63.5
50.5 51.5
52.5 10.5
52.5 11.5
52.5 19.5
52.5 20.5
52.5 31.5
52.5 32.5
53.5 11.5
53.5 12.5
53.5 18.5
53.5 19.5
53.5 32.5
53.5 33.5
53.5 40.5
53.5 51.5
53.5 62.5
53.5 63.5
54.5 12.5
54.5 13.5
54.5 17.5
54.5 18.5
54.5 33.5
54.5 34.5
54.5 40.5
54.5 49.5
54.5 50.5
54.5 51.5
54.5 63.5
54.5 64.5
55.5 7.5
55.5 17.5
55.5 34.5
55.5 35.5
55.5 39.5
55.5 40.5
55.5 47.5
55.5 48.5
55.5 64.5
55.5 65.5
56.5 7.5
56.5 8.5
56.5 22.5
56.5 23.5
56.5 27.5
56.5 39.5
56.5 44.5
56.5 53.5
56.5 54.5
56.5 58.5
57.5 8.5
57.5 9.5
57.5 21.5
57.5 22.5
57.5 27.5
57.5 28.5
57.5 29.5
57.5 43.5
57.5 52.5
57.5 53.5
57.5 58.5
57.5 59.5
57.5 60.5
58.5 9.5
58.5 10.5
58.5 21.5
58.5 22.5
58.5 28.5
58.5 29.5
58.5 30.5
58.5 42.5
58.5 51.5
58.5 59.5
58.5 60.5
58.5 61.5
59.5 10.5
59.5 21.5
59.5 29.5
59.5 30.5
60.5 30.5
