1.5 13.5
1.5 14.5
1.5 29.5
2.5 12.5
2.5 13.5
2.5 29.5
2.5 30.5
2.5 42.5
2.5 43.5
3.5 10.5
3.5 11.5
3.5 12.5
3.5 30.5
3.5 31.5
3.5 41.5
3.5 42.5
3.5 43.5
3.5 58.5
3.5 59.5
4.5 9.5
4.5 10.5
4.5 11.5
4.5 30.5
4.5 31.5
4.5 32.5
4.5 40.5
4.5 41.5
4.5 42.5
4.5 59.5
4.5 60.5
5.5 8.5
5.5 9.5
5.5 10.5
5.5 31.5
5.5 32.5
5.5 39.5
5.5 40.5
5.5 41.5
5.5 60.5
5.5 61.5
6.5 7.5
6.5 8.5
6.5 19.5
6.5 32.5
6.5 33.5
6.5 39.5
6.5 40.5
6.5 60.5
6.5 61.5
6.5 62.5
7.5 17.5
7.5 18.5
7.5 24.5
7.5 33.5
7.5 38.5
7.5 39.5
7.5 48.5
7.5 61.5
7.5 62.5
7.5 63.5
8.5 16.5
8.5 17.5
8.5 18.5
8.5 24.5
8.5 25.5
8.5 47.5
8.5 48.5
8.5 52.5
8.5 53.5
8.5 63.5
9.5 15.5
9.5 16.5
9.5 17.5
9.5 25.5
9.5 26.5
9.5 46.5
9.5 47.5
9.5 53.5
9.5 54.5
9.5 55.5
10.5 14.5
10.5 15.5
10.5 16.5
10.5 25.5
10.5 26.5
10.5 27.5
10.5 45.5
10.5 46.5
10.5 54.5
10.5 55.5
10.5 56.5
11.5 13.5
11.5 14.5
11.5 15.5
11.5 26.5
11.5 27.5
11.5 28.5
11.5 44.5
11.5 45.5
11.5 55.5
11.5 56.5
11.5 57.5
12.5 13.5
12.5 14.5
12.5 27.5
12.5 28.5
12.5 43.5
12.5 44.5
12.5 56.5
12.5 57.5
12.5 58.5
13.5 28.5
13.5 43.5
13.5 57.5
13.5 58.5
17.5 12.5
17.5 13.5
17.5 28.5
17.5 42.5
18.5 11.5
18.5 12.5
18.5 28.5
18.5 29.5
18.5 41.5
18.5 42.5
18.5 57.5
19.5 10.5
19.5 11.5
19.5 12.5
19.5 29.5
19.5 30.5
19.5 41.5
19.5 42.5
19.5 57.5
19.5 58.5
19.5 59.5
20.5 9.5
20.5 10.5
20.5 11.5
20.5 29.5
20.5 30.5
20.5 31.5
20.5 40.5
20.5 41.5
20.5 59.5
20.5 60.5
20.5 61.5
21.5 8.5
21.5 9.5
21.5 10.5
21.5 30.5
21.5 31.5
21.5 32.5
21.5 39.5
21.5 40.5
21.5 41.5
21.5 60.5
21.5 61.5
21.5 62.5
22.5 7.5
22.5 8.5
22.5 9.5
22.5 31.5
22.5 32.5
22.5 33.5
22.5 39.5
22.5 40.5
22.5 62.5
22.5 63.5
23.5 7.5
23.5 17.5
23.5 18.5
23.5 23.5
23.5 32.5
23.5 33.5
23.5 38.5
23.5 39.5
23.5 48.5
23.5 53.5
24.5 16.5
24.5 17.5
24.5 23.5
24.5 24.5
24.5 25.5
24.5 38.5
24.5 47.5
24.5 48.5
24.5 53.5
24.5 54.5
24.5 55.5
25.5 15.5
25.5 16.5
25.5 24.5
25.5 25.5
25.5 26.5
25.5 45.5
25.5 46.5
25.5 47.5
25.5 54.5
25.5 55.5
25.5 56.5
26.5 14.5
26.5 15.5
26.5 25.5
26.5 26.5
26.5 27.5
26.5 44.5
26.5 45.5
26.5 46.5
26.5 55.5
26.5 56.5
26.5 57.5
27.5 13.5
27.5 14.5
27.5 26.5
27.5 27.5
27.5 28.5
27.5 44.5
27.5 45.5
27.5 57.5
27.5 58.5
28.5 12.5
28.5 28.5
28.5 43.5
28.5 44.5
28.5 58.5
32.5 12.5
32.5 27.5
32.5 58.5
32.5 59.5
33.5 12.5
33.5 13.5
33.5 14.5
33.5 28.5
33.5 29.5
33.5 43.5
33.5 44.5
33.5 59.5
33.5 60.5
34.5 13.5
34.5 14.5
34.5 15.5
34.5 29.5
34.5 30.5
34.5 44.5
34.5 45.5
34.5 59.5
34.5 60.5
34.5 61.5
35.5 14.5
35.5 15.5
35.5 16.5
35.5 30.5
35.5 31.5
35.5 44.5
35.5 45.5
35.5 46.5
35.5 60.5
35.5 61.5
36.5 15.5
36.5 16.5
36.5 17.5
36.5 31.5
36.5 32.5
36.5 45.5
36.5 46.5
36.5 47.5
36.5 61.5
36.5 62.5
37.5 16.5
37.5 17.5
37.5 22.5
37.5 23.5
37.5 32.5
37.5 33.5
37.5 46.5
37.5 47.5
37.5 48.5
37.5 62.5
37.5 63.5
38.5 7.5
38.5 8.5
38.5 17.5
38.5 18.5
38.5 23.5
38.5 24.5
38.5 38.5
38.5 47.5
38.5 48.5
38.5 54.5
38.5 63.5
39.5 8.5
39.5 9.5
39.5 24.5
39.5 25.5
39.5 38.5
39.5 39.5
39.5 49.5
39.5 54.5
39.5 55.5
40.5 9.5
40.5 10.5
40.5 24.5
40.5 25.5
40.5 26.5
40.5 39.5
40.5 40.5
40.5 41.5
40.5 55.5
40.5 56.5
41.5 10.5
41.5 11.5
41.5 25.5
41.5 26.5
41.5 27.5
41.5 40.5
41.5 41.5
41.5 42.5
41.5 55.5
41.5 56.5
41.5 57.5
42.5 11.5
42.5 12.5
42.5 26.5
42.5 27.5
42.5 28.5
42.5 41.5
42.5 42.5
42.5 43.5
42.5 56.5
42.5 57.5
43.5 12.5
43.5 13.5
43.5 28.5
43.5 43.5
43.5 57.5
43.5 58.5
47.5 42.5
48.5 12.5
48.5 13.5
48.5 28.5
48.5 29.5
48.5 43.5
48.5 58.5
48.5 59.5
49.5 11.5
49.5 12.5
49.5 28.5
49.5 29.5
49.5 43.5
49.5 44.5
49.5 45.5
49.5 59.5
49.5 60.5
50.5 9.5
50.5 10.5
50.5 11.5
50.5 29.5
50.5 30.5
50.5 44.5
50.5 45.5
50.5 46.5
50.5 59.5
50.5 60.5
50.5 61.5
51.5 8.5
51.5 9.5
51.5 10.5
51.5 29.5
51.5 30.5
51.5 31.5
51.5 45.5
51.5 46.5
51.5 60.5
51.5 61.5
51.5 62.5
52.5 7.5
52.5 8.5
52.5 9.5
52.5 30.5
52.5 31.5
52.5 37.5
52.5 46.5
52.5 47.5
52.5 62.5
52.5 63.5
53.5 7.5
53.5 17.5
53.5 18.5
53.5 23.5
53.5 31.5
53.5 32.5
53.5 37.5
53.5 38.5
53.5 47.5
53.5 48.5
53.5 52.5
53.5 53.5
53.5 63.5
54.5 16.5
54.5 17.5
54.5 18.5
54.5 23.5
54.5 24.5
54.5 32.5
54.5 38.5
54.5 39.5
54.5 53.5
54.5 54.5
55.5 15.5
55.5 16.5
55.5 17.5
55.5 24.5
55.5 25.5
55.5 38.5
55.5 39.5
55.5 40.5
55.5 54.5
55.5 55.5
55.5 56.5
56.5 14.5
56.5 15.5
56.5 16.5
56.5 24.5
56.5 25.5
56.5 39.5
56.5 40.5
56.5 41.5
56.5 55.5
56.5 56.5
56.5 57.5
57.5 13.5
57.5 14.5
57.5 25.5
57.5 26.5
57.5 40.5
57.5 41.5
57.5 56.5
57.5 57.5
57.5 58.5
58.5 12.5
58.5 13.5
58.5 26.5
58.5 27.5
58.5 41.5
58.5 42.5
58.5 58.5
58.5 59.5
59.5 27.5
59.5 42.5
