1.5 14.5
1.5 15.5
1.5 25.5
1.5 26.5
1.5 27.5
1.5 42.5
1.5 43.5
1.5 44.5
2.5 12.5
2.5 13.5
2.5 14.5
2.5 27.5
2.5 28.5
2.5 29.5
2.5 40.5
2.5 41.5
2.5 42.5
2.5 43.5
2.5 60.5
2.5 61.5
2.5 62.5
3.5 11.5
3.5 12.5
3.5 13.5
3.5 28.5
3.5 29.5
3.5 30.5
3.5 38.5
3.5 39.5
3.5 40.5
3.5 41.5
3.5 57.5
3.5 58.5
3.5 59.5
3.5 60.5
4.5 10.5
4.5 11.5
4.5 12.5
4.5 19.5
4.5 22.5
4.5 30.5
4.5 31.5
4.5 32.5
4.5 37.5
4.5 38.5
4.5 39.5
4.5 55.5
4.5 56.5
4.5 57.5
4.5 58.5
5.5 8.5
5.5 9.5
5.5 10.5
5.5 20.5
5.5 21.5
5.5 32.5
5.5 33.5
5.5 35.5
5.5 36.5
5.5 37.5
5.5 51.5
5.5 52.5
5.5 53.5
5.5 54.5
5.5 55.5
5.5 56.5
6.5 7.5
6.5 8.5
6.5 9.5
6.5 19.5
6.5 20.5
6.5 22.5
6.5 23.5
6.5 34.5
6.5 35.5
6.5 48.5
6.5 49.5
6.5 50.5
6.5 51.5
6.5 52.5
6.5 53.5
6.5 54.5
6.5 65.5
6.5 66.5
7.5 6.5
7.5 7.5
7.5 17.5
7.5 18.5
7.5 19.5
7.5 23.5
7.5 24.5
7.5 25.5
7.5 36.5
7.5 45.5
7.5 46.5
7.5 47.5
7.5 48.5
7.5 49.5
7.5 50.5
7.5 51.5
7.5 63.5
7.5 64.5
7.5 65.5
8.5 5.5
8.5 6.5
8.5 16.5
8.5 17.5
8.5 18.5
8.5 24.5
8.5 25.5
8.5 26.5
8.5 43.5
8.5 44.5
8.5 45.5
8.5 46.5
8.5 47.5
8.5 62.5
8.5 63.5
9.5 15.5
9.5 16.5
9.5 26.5
9.5 27.5
9.5 28.5
9.5 41.5
9.5 42.5
9.5 43.5
9.5 44.5
9.5 60.5
9.5 61.5
9.5 62.5
10.5 13.5
10.5 14.5
10.5 15.5
10.5 28.5
10.5 29.5
10.5 39.5
10.5 40.5
10.5 41.5
10.5 59.5
10.5 60.5
11.5 12.5
11.5 13.5
11.5 14.5
11.5 30.5
11.5 31.5
11.5 57.5
11.5 58.5
11.5 59.5
12.5 11.5
12.5 12.5
12.5 25.5
12.5 32.5
12.5 48.5
12.5 56.5
12.5 57.5
13.5 10.5
13.5 11.5
13.5 26.5
13.5 27.5
13.5 45.5
13.5 46.5
13.5 47.5
13.5 55.5
13.5 56.5
13.5 57.5
13.5 68.5
14.5 10.5
14.5 11.5
14.5 27.5
14.5 28.5
14.5 29.5
14.5 43.5
14.5 44.5
14.5 45.5
14.5 58.5
15.5 11.5
15.5 12.5
15.5 29.5
15.5 30.5
15.5 31.5
15.5 41.5
15.5 42.5
15.5 43.5
15.5 44.5
15.5 59.5
15.5 60.5
16.5 12.5
16.5 13.5
16.5 14.5
16.5 30.5
16.5 31.5
16.5 32.5
16.5 39.5
16.5 40.5
16.5 41.5
16.5 42.5
16.5 52.5
16.5 60.5
16.5 61.5
17.5 13.5
17.5 14.5
17.5 15.5
17.5 16.5
17.5 32.5
17.5 33.5
17.5 34.5
17.5 37.5
17.5 38.5
17.5 39.5
17.5 50.5
17.5 51.5
17.5 61.5
17.5 62.5
17.5 63.5
18.5 5.5
18.5 6.5
18.5 15.5
18.5 16.5
18.5 17.5
18.5 34.5
18.5 35.5
18.5 36.5
18.5 37.5
18.5 49.5
18.5 50.5
18.5 51.5
18.5 52.5
18.5 63.5
18.5 64.5
19.5 6.5
19.5 7.5
19.5 16.5
19.5 17.5
19.5 18.5
19.5 19.5
19.5 20.5
19.5 21.5
19.5 22.5
19.5 34.5
19.5 35.5
19.5 36.5
19.5 47.5
19.5 48.5
19.5 49.5
19.5 52.5
19.5 53.5
19.5 54.5
19.5 64.5
19.5 65.5
20.5 8.5
20.5 9.5
20.5 18.5
20.5 19.5
20.5 20.5
20.5 21.5
20.5 22.5
20.5 23.5
20.5 24.5
20.5 25.5
20.5 26.5
20.5 46.5
20.5 47.5
20.5 53.5
20.5 54.5
20.5 55.5
20.5 56.5
20.5 65.5
20.5 66.5
21.5 9.5
21.5 10.5
21.5 20.5
21.5 21.5
21.5 23.5
21.5 24.5
21.5 25.5
21.5 26.5
21.5 27.5
21.5 28.5
21.5 29.5
21.5 44.5
21.5 45.5
21.5 46.5
21.5 55.5
21.5 56.5
21.5 57.5
21.5 68.5
22.5 10.5
22.5 11.5
22.5 27.5
22.5 28.5
22.5 29.5
22.5 30.5
22.5 31.5
22.5 43.5
22.5 44.5
22.5 57.5
22.5 58.5
22.5 59.5
22.5 68.5
23.5 12.5
23.5 13.5
23.5 31.5
23.5 32.5
23.5 33.5
23.5 42.5
23.5 43.5
23.5 58.5
23.5 59.5
23.5 60.5
24.5 13.5
24.5 14.5
24.5 40.5
24.5 41.5
24.5 60.5
24.5 61.5
24.5 62.5
25.5 14.5
25.5 15.5
25.5 31.5
25.5 32.5
25.5 45.5
25.5 46.5
25.5 62.5
25.5 63.5
26.5 12.5
26.5 13.5
26.5 14.5
26.5 29.5
26.5 30.5
26.5 44.5
26.5 45.5
26.5 61.5
26.5 62.5
27.5 11.5
27.5 12.5
27.5 27.5
27.5 28.5
27.5 42.5
27.5 43.5
27.5 44.5
27.5 59.5
27.5 60.5
27.5 61.5
28.5 9.5
28.5 10.5
28.5 11.5
28.5 25.5
28.5 26.5
28.5 27.5
28.5 37.5
28.5 40.5
28.5 41.5
28.5 42.5
28.5 57.5
28.5 58.5
28.5 59.5
28.5 60.5
29.5 8.5
29.5 9.5
29.5 10.5
29.5 23.5
29.5 24.5
29.5 25.5
29.5 35.5
29.5 36.5
29.5 39.5
29.5 40.5
29.5 41.5
29.5 56.5
29.5 57.5
29.5 58.5
29.5 66.5
30.5 6.5
30.5 7.5
30.5 8.5
30.5 20.5
30.5 21.5
30.5 22.5
30.5 23.5
30.5 33.5
30.5 34.5
30.5 35.5
30.5 38.5
30.5 39.5
30.5 54.5
30.5 55.5
30.5 56.5
30.5 57.5
30.5 65.5
31.5 5.5
31.5 6.5
31.5 7.5
31.5 17.5
31.5 18.5
31.5 19.5
31.5 20.5
31.5 21.5
31.5 31.5
31.5 32.5
31.5 33.5
31.5 36.5
31.5 37.5
31.5 38.5
31.5 50.5
31.5 51.5
31.5 52.5
31.5 53.5
31.5 54.5
31.5 55.5
31.5 63.5
31.5 64.5
32.5 5.5
32.5 15.5
32.5 16.5
32.5 17.5
32.5 18.5
32.5 29.5
32.5 30.5
32.5 31.5
32.5 32.5
32.5 35.5
32.5 36.5
32.5 47.5
32.5 48.5
32.5 49.5
32.5 50.5
32.5 51.5
32.5 52.5
32.5 53.5
32.5 62.5
32.5 63.5
33.5 13.5
33.5 14.5
33.5 15.5
33.5 28.5
33.5 29.5
33.5 30.5
33.5 45.5
33.5 46.5
33.5 47.5
33.5 48.5
33.5 49.5
33.5 50.5
33.5 51.5
33.5 61.5
33.5 62.5
34.5 11.5
34.5 12.5
34.5 13.5
34.5 27.5
34.5 28.5
34.5 43.5
34.5 44.5
34.5 45.5
34.5 46.5
34.5 60.5
34.5 61.5
35.5 9.5
35.5 10.5
35.5 11.5
35.5 25.5
35.5 26.5
35.5 41.5
35.5 42.5
35.5 43.5
35.5 44.5
35.5 59.5
35.5 60.5
36.5 8.5
36.5 16.5
36.5 17.5
36.5 24.5
36.5 25.5
36.5 26.5
36.5 40.5
36.5 59.5
37.5 15.5
37.5 16.5
37.5 26.5
37.5 27.5
37.5 41.5
37.5 58.5
38.5 13.5
38.5 14.5
38.5 27.5
38.5 28.5
38.5 29.5
38.5 42.5
38.5 43.5
38.5 57.5
38.5 61.5
39.5 11.5
39.5 12.5
39.5 13.5
39.5 29.5
39.5 30.5
39.5 43.5
39.5 44.5
39.5 45.5
39.5 56.5
39.5 59.5
39.5 60.5
40.5 10.5
40.5 11.5
40.5 20.5
40.5 21.5
40.5 22.5
40.5 30.5
40.5 31.5
40.5 45.5
40.5 46.5
40.5 58.5
40.5 59.5
41.5 8.5
41.5 9.5
41.5 10.5
41.5 20.5
41.5 21.5
41.5 22.5
41.5 31.5
41.5 32.5
41.5 33.5
41.5 35.5
41.5 36.5
41.5 46.5
41.5 47.5
41.5 48.5
41.5 57.5
41.5 58.5
42.5 7.5
42.5 8.5
42.5 18.5
42.5 19.5
42.5 20.5
42.5 22.5
42.5 23.5
42.5 32.5
42.5 33.5
42.5 34.5
42.5 36.5
42.5 37.5
42.5 38.5
42.5 48.5
42.5 49.5
42.5 56.5
42.5 57.5
42.5 66.5
42.5 68.5
43.5 5.5
43.5 6.5
43.5 7.5
43.5 17.5
43.5 18.5
43.5 19.5
43.5 23.5
43.5 24.5
43.5 34.5
43.5 35.5
43.5 38.5
43.5 39.5
43.5 40.5
43.5 49.5
43.5 50.5
43.5 51.5
43.5 54.5
43.5 55.5
43.5 64.5
43.5 65.5
43.5 68.5
44.5 5.5
44.5 16.5
44.5 17.5
44.5 18.5
44.5 24.5
44.5 25.5
44.5 26.5
44.5 35.5
44.5 36.5
44.5 39.5
44.5 40.5
44.5 41.5
44.5 51.5
44.5 52.5
44.5 53.5
44.5 54.5
44.5 62.5
44.5 63.5
44.5 64.5
45.5 14.5
45.5 15.5
45.5 16.5
45.5 25.5
45.5 26.5
45.5 27.5
45.5 37.5
45.5 41.5
45.5 42.5
45.5 43.5
45.5 52.5
45.5 53.5
45.5 61.5
45.5 62.5
46.5 13.5
46.5 14.5
46.5 15.5
46.5 26.5
46.5 27.5
46.5 28.5
46.5 42.5
46.5 43.5
46.5 44.5
46.5 51.5
46.5 59.5
46.5 60.5
46.5 61.5
47.5 12.5
47.5 13.5
47.5 14.5
47.5 27.5
47.5 28.5
47.5 29.5
47.5 44.5
47.5 45.5
47.5 46.5
47.5 58.5
47.5 59.5
48.5 11.5
48.5 12.5
48.5 28.5
48.5 29.5
48.5 30.5
48.5 46.5
48.5 47.5
48.5 57.5
48.5 58.5
49.5 10.5
49.5 30.5
49.5 31.5
49.5 47.5
49.5 48.5
49.5 56.5
50.5 9.5
50.5 10.5
50.5 24.5
50.5 25.5
50.5 31.5
50.5 47.5
50.5 48.5
50.5 57.5
50.5 58.5
51.5 11.5
51.5 12.5
51.5 26.5
51.5 27.5
51.5 28.5
51.5 44.5
51.5 45.5
51.5 46.5
51.5 58.5
51.5 59.5
52.5 13.5
52.5 14.5
52.5 28.5
52.5 29.5
52.5 30.5
52.5 42.5
52.5 43.5
52.5 44.5
52.5 59.5
52.5 60.5
53.5 14.5
53.5 15.5
53.5 16.5
53.5 30.5
53.5 31.5
53.5 32.5
53.5 40.5
53.5 41.5
53.5 42.5
53.5 60.5
53.5 61.5
53.5 62.5
54.5 5.5
54.5 16.5
54.5 17.5
54.5 18.5
54.5 19.5
54.5 32.5
54.5 33.5
54.5 34.5
54.5 38.5
54.5 39.5
54.5 40.5
54.5 51.5
54.5 52.5
54.5 61.5
54.5 62.5
54.5 63.5
55.5 5.5
55.5 6.5
55.5 7.5
55.5 8.5
55.5 18.5
55.5 19.5
55.5 20.5
55.5 21.5
55.5 22.5
55.5 34.5
55.5 35.5
55.5 36.5
55.5 37.5
55.5 49.5
55.5 50.5
55.5 51.5
55.5 52.5
55.5 53.5
55.5 54.5
55.5 63.5
55.5 64.5
56.5 7.5
56.5 8.5
56.5 9.5
56.5 10.5
56.5 20.5
56.5 21.5
56.5 23.5
56.5 24.5
56.5 25.5
56.5 34.5
56.5 35.5
56.5 37.5
56.5 48.5
56.5 49.5
56.5 50.5
56.5 53.5
56.5 54.5
56.5 55.5
56.5 64.5
56.5 65.5
57.5 9.5
57.5 10.5
57.5 11.5
57.5 25.5
57.5 26.5
57.5 27.5
57.5 28.5
57.5 46.5
57.5 47.5
57.5 48.5
57.5 55.5
57.5 56.5
57.5 66.5
58.5 11.5
58.5 12.5
58.5 13.5
58.5 28.5
58.5 29.5
58.5 30.5
58.5 45.5
58.5 46.5
58.5 47.5
58.5 56.5
58.5 57.5
58.5 58.5
59.5 13.5
59.5 14.5
59.5 15.5
59.5 31.5
59.5 32.5
59.5 43.5
59.5 44.5
59.5 45.5
59.5 57.5
59.5 58.5
59.5 59.5
60.5 15.5
60.5 16.5
60.5 42.5
60.5 43.5
60.5 58.5
60.5 59.5
60.5 60.5
61.5 41.5
61.5 60.5
61.5 61.5
