2.5 50.5
3.5 10.5
3.5 19.5
3.5 30.5
3.5 38.5
3.5 39.5
3.5 49.5
3.5 50.5
3.5 61.5
4.5 10.5
4.5 11.5
4.5 19.5
4.5 30.5
4.5 31.5
4.5 38.5
4.5 39.5
4.5 49.5
4.5 50.5
4.5 60.5
4.5 61.5
5.5 10.5
5.5 11.5
5.5 12.5
5.5 18.5
5.5 19.5
5.5 31.5
5.5 37.5
5.5 38.5
5.5 48.5
5.5 49.5
5.5 50.5
5.5 60.5
5.5 61.5
6.5 11.5
6.5 12.5
6.5 18.5
6.5 31.5
6.5 32.5
6.5 37.5
6.5 38.5
6.5 48.5
6.5 49.5
6.5 59.5
6.5 60.5
7.5 12.5
7.5 17.5
7.5 18.5
7.5 32.5
7.5 37.5
7.5 43.5
7.5 48.5
7.5 59.5
7.5 60.5
8.5 6.5
8.5 23.5
8.5 42.5
8.5 43.5
8.5 54.5
8.5 59.5
8.5 64.5
9.5 6.5
9.5 7.5
9.5 22.5
9.5 23.5
9.5 28.5
9.5 41.5
9.5 42.5
9.5 43.5
9.5 53.5
9.5 54.5
9.5 64.5
10.5 6.5
10.5 7.5
10.5 8.5
10.5 21.5
10.5 22.5
10.5 23.5
10.5 28.5
10.5 29.5
10.5 41.5
10.5 42.5
10.5 53.5
10.5 54.5
10.5 63.5
10.5 64.5
11.5 7.5
11.5 8.5
11.5 21.5
11.5 22.5
11.5 28.5
11.5 29.5
11.5 41.5
11.5 42.5
11.5 52.5
11.5 53.5
11.5 54.5
11.5 63.5
11.5 64.5
12.5 8.5
12.5 21.5
12.5 22.5
12.5 29.5
12.5 41.5
12.5 52.5
12.5 53.5
12.5 63.5
13.5 21.5
13.5 52.5
18.5 9.5
18.5 19.5
18.5 20.5
18.5 31.5
18.5 41.5
18.5 52.5
18.5 63.5
19.5 8.5
19.5 9.5
19.5 19.5
19.5 20.5
19.5 31.5
19.5 32.5
19.5 41.5
19.5 42.5
19.5 52.5
19.5 53.5
19.5 63.5
19.5 64.5
20.5 7.5
20.5 8.5
20.5 18.5
20.5 19.5
20.5 20.5
20.5 32.5
20.5 33.5
20.5 41.5
20.5 42.5
20.5 43.5
20.5 53.5
20.5 54.5
20.5 63.5
20.5 64.5
21.5 7.5
21.5 8.5
21.5 18.5
21.5 19.5
21.5 32.5
21.5 33.5
21.5 42.5
21.5 43.5
21.5 53.5
21.5 54.5
21.5 55.5
21.5 64.5
22.5 7.5
22.5 18.5
22.5 19.5
22.5 33.5
22.5 43.5
22.5 54.5
22.5 55.5
22.5 64.5
23.5 12.5
23.5 13.5
23.5 23.5
23.5 33.5
23.5 38.5
23.5 48.5
23.5 49.5
23.5 59.5
23.5 60.5
24.5 12.5
24.5 13.5
24.5 23.5
24.5 28.5
24.5 38.5
24.5 48.5
24.5 49.5
24.5 50.5
24.5 60.5
25.5 11.5
25.5 12.5
25.5 13.5
25.5 22.5
25.5 23.5
25.5 28.5
25.5 29.5
25.5 38.5
25.5 39.5
25.5 49.5
25.5 50.5
25.5 60.5
25.5 61.5
26.5 11.5
26.5 12.5
26.5 22.5
26.5 28.5
26.5 29.5
26.5 30.5
26.5 39.5
26.5 49.5
26.5 50.5
26.5 51.5
26.5 61.5
27.5 11.5
27.5 21.5
27.5 22.5
27.5 29.5
27.5 30.5
27.5 39.5
27.5 40.5
27.5 50.5
27.5 51.5
27.5 61.5
28.5 30.5
28.5 40.5
32.5 61.5
33.5 11.5
33.5 12.5
33.5 20.5
33.5 51.5
33.5 52.5
33.5 60.5
33.5 61.5
34.5 12.5
34.5 13.5
34.5 19.5
34.5 20.5
34.5 29.5
34.5 30.5
34.5 42.5
34.5 52.5
34.5 53.5
34.5 60.5
34.5 61.5
35.5 12.5
35.5 13.5
35.5 14.5
35.5 19.5
35.5 20.5
35.5 28.5
35.5 29.5
35.5 30.5
35.5 42.5
35.5 43.5
35.5 52.5
35.5 53.5
35.5 59.5
35.5 60.5
36.5 13.5
36.5 14.5
36.5 19.5
36.5 28.5
36.5 29.5
36.5 30.5
36.5 42.5
36.5 43.5
36.5 52.5
36.5 53.5
36.5 54.5
36.5 59.5
37.5 14.5
37.5 19.5
37.5 28.5
37.5 29.5
37.5 43.5
37.5 53.5
37.5 54.5
37.5 59.5
38.5 8.5
38.5 23.5
38.5 28.5
38.5 43.5
38.5 48.5
38.5 64.5
39.5 8.5
39.5 9.5
39.5 23.5
39.5 34.5
39.5 39.5
39.5 48.5
39.5 49.5
39.5 63.5
39.5 64.5
40.5 8.5
40.5 9.5
40.5 10.5
40.5 22.5
40.5 23.5
40.5 33.5
40.5 34.5
40.5 39.5
40.5 40.5
40.5 48.5
40.5 49.5
40.5 63.5
40.5 64.5
41.5 9.5
41.5 10.5
41.5 22.5
41.5 23.5
41.5 33.5
41.5 34.5
41.5 39.5
41.5 40.5
41.5 49.5
41.5 50.5
41.5 62.5
41.5 63.5
41.5 64.5
42.5 9.5
42.5 10.5
42.5 11.5
42.5 22.5
42.5 23.5
42.5 32.5
42.5 33.5
42.5 34.5
42.5 40.5
42.5 41.5
42.5 49.5
42.5 50.5
42.5 62.5
42.5 63.5
43.5 10.5
43.5 11.5
43.5 22.5
43.5 32.5
43.5 33.5
43.5 40.5
43.5 41.5
43.5 62.5
44.5 32.5
48.5 22.5
48.5 50.5
49.5 11.5
49.5 12.5
49.5 13.5
49.5 23.5
49.5 31.5
49.5 42.5
49.5 43.5
49.5 49.5
49.5 50.5
49.5 60.5
49.5 61.5
50.5 12.5
50.5 13.5
50.5 23.5
50.5 30.5
50.5 31.5
50.5 43.5
50.5 48.5
50.5 49.5
50.5 60.5
50.5 61.5
51.5 12.5
51.5 13.5
51.5 23.5
51.5 24.5
51.5 29.5
51.5 30.5
51.5 31.5
51.5 43.5
51.5 44.5
51.5 48.5
51.5 49.5
51.5 59.5
51.5 60.5
51.5 61.5
52.5 12.5
52.5 13.5
52.5 14.5
52.5 24.5
52.5 29.5
52.5 30.5
52.5 44.5
52.5 59.5
52.5 60.5
53.5 13.5
53.5 19.5
53.5 24.5
53.5 29.5
53.5 53.5
53.5 54.5
53.5 59.5
53.5 60.5
54.5 7.5
54.5 8.5
54.5 19.5
54.5 20.5
54.5 34.5
54.5 39.5
54.5 40.5
54.5 52.5
54.5 53.5
54.5 54.5
54.5 65.5
55.5 7.5
55.5 8.5
55.5 19.5
55.5 20.5
55.5 33.5
55.5 34.5
55.5 39.5
55.5 40.5
55.5 52.5
55.5 53.5
55.5 64.5
55.5 65.5
56.5 8.5
56.5 9.5
56.5 19.5
56.5 20.5
56.5 33.5
56.5 34.5
56.5 39.5
56.5 40.5
56.5 52.5
56.5 53.5
56.5 64.5
56.5 65.5
57.5 9.5
57.5 20.5
57.5 32.5
57.5 33.5
57.5 39.5
57.5 40.5
57.5 52.5
57.5 63.5
57.5 64.5
58.5 20.5
58.5 32.5
58.5 40.5
58.5 63.5
