4.5 9.5
4.5 22.5
4.5 47.5
4.5 61.5
5.5 22.5
5.5 34.5
5.5 46.5
5.5 62.5
6.5 8.5
6.5 21.5
6.5 45.5
6.5 46.5
6.5 63.5
7.5 7.5
7.5 20.5
7.5 33.5
7.5 45.5
7.5 64.5
9.5 14.5
9.5 27.5
9.5 39.5
9.5 51.5
9.5 57.5
10.5 13.5
10.5 26.5
10.5 38.5
10.5 51.5
10.5 58.5
11.5 13.5
11.5 26.5
11.5 50.5
11.5 59.5
12.5 12.5
12.5 25.5
12.5 37.5
12.5 50.5
12.5 59.5
18.5 12.5
18.5 60.5
19.5 13.5
19.5 25.5
19.5 38.5
19.5 47.5
19.5 59.5
20.5 13.5
20.5 26.5
20.5 38.5
20.5 46.5
20.5 58.5
21.5 14.5
21.5 26.5
21.5 39.5
21.5 46.5
21.5 58.5
22.5 27.5
22.5 39.5
22.5 45.5
23.5 63.5
24.5 8.5
24.5 33.5
24.5 51.5
24.5 63.5
25.5 9.5
25.5 21.5
25.5 34.5
25.5 50.5
25.5 62.5
26.5 9.5
26.5 22.5
26.5 34.5
26.5 49.5
26.5 62.5
27.5 10.5
27.5 22.5
28.5 35.5
33.5 49.5
33.5 59.5
34.5 10.5
34.5 24.5
34.5 37.5
34.5 50.5
34.5 58.5
35.5 10.5
35.5 25.5
35.5 38.5
35.5 50.5
35.5 58.5
36.5 9.5
36.5 25.5
36.5 39.5
36.5 51.5
36.5 57.5
37.5 9.5
37.5 26.5
38.5 27.5
38.5 45.5
39.5 20.5
39.5 33.5
39.5 46.5
39.5 62.5
40.5 14.5
40.5 34.5
40.5 61.5
41.5 21.5
41.5 35.5
41.5 47.5
42.5 13.5
42.5 22.5
43.5 13.5
43.5 22.5
47.5 59.5
48.5 37.5
48.5 49.5
49.5 37.5
49.5 58.5
50.5 10.5
50.5 25.5
50.5 38.5
50.5 50.5
50.5 57.5
51.5 25.5
51.5 38.5
51.5 50.5
51.5 57.5
52.5 9.5
52.5 26.5
52.5 38.5
52.5 56.5
53.5 8.5
53.5 27.5
54.5 45.5
54.5 63.5
55.5 14.5
55.5 20.5
55.5 33.5
55.5 45.5
55.5 62.5
56.5 13.5
56.5 21.5
56.5 46.5
56.5 61.5
56.5 62.5
57.5 22.5
57.5 34.5
57.5 46.5
57.5 61.5
58.5 12.5
58.5 46.5
