2.5 10.5
2.5 11.5
3.5 8.5
3.5 9.5
3.5 25.5
3.5 26.5
3.5 45.5
3.5 55.5
4.5 47.5
4.5 53.5
5.5 33.5
6.5 15.5
6.5 16.5
6.5 31.5
6.5 32.5
6.5 40.5
6.5 62.5
7.5 13.5
7.5 29.5
7.5 41.5
7.5 42.5
7.5 59.5
7.5 60.5
12.5 13.5
12.5 14.5
12.5 26.5
12.5 27.5
12.5 58.5
13.5 15.5
13.5 16.5
13.5 17.5
13.5 24.5
13.5 25.5
13.5 42.5
13.5 60.5
13.5 61.5
14.5 40.5
14.5 41.5
14.5 62.5
14.5 63.5
15.5 39.5
16.5 9.5
16.5 33.5
16.5 48.5
16.5 54.5
17.5 10.5
17.5 30.5
17.5 31.5
17.5 46.5
17.5 47.5
17.5 55.5
17.5 56.5
18.5 12.5
18.5 28.5
18.5 45.5
18.5 57.5
18.5 58.5
19.5 44.5
23.5 13.5
23.5 57.5
24.5 14.5
24.5 29.5
24.5 30.5
24.5 44.5
24.5 45.5
24.5 55.5
24.5 56.5
25.5 15.5
25.5 16.5
25.5 31.5
25.5 46.5
25.5 47.5
25.5 54.5
26.5 33.5
26.5 63.5
26.5 64.5
27.5 9.5
27.5 22.5
27.5 23.5
27.5 61.5
27.5 62.5
28.5 11.5
28.5 24.5
28.5 25.5
28.5 39.5
28.5 40.5
28.5 41.5
28.5 59.5
29.5 12.5
29.5 26.5
29.5 42.5
29.5 43.5
33.5 10.5
33.5 11.5
34.5 8.5
34.5 9.5
34.5 44.5
34.5 45.5
34.5 60.5
34.5 61.5
35.5 24.5
35.5 25.5
35.5 26.5
35.5 47.5
35.5 62.5
35.5 63.5
37.5 32.5
37.5 39.5
37.5 54.5
38.5 12.5
38.5 13.5
38.5 14.5
38.5 15.5
38.5 30.5
38.5 31.5
38.5 41.5
38.5 42.5
38.5 56.5
38.5 57.5
39.5 58.5
43.5 12.5
43.5 13.5
43.5 29.5
43.5 42.5
44.5 9.5
44.5 10.5
44.5 27.5
44.5 41.5
44.5 55.5
44.5 56.5
44.5 57.5
44.5 58.5
45.5 26.5
45.5 40.5
46.5 25.5
47.5 19.5
47.5 33.5
47.5 47.5
47.5 62.5
47.5 63.5
48.5 15.5
48.5 16.5
48.5 17.5
48.5 32.5
48.5 45.5
48.5 46.5
48.5 60.5
49.5 30.5
49.5 31.5
49.5 44.5
50.5 29.5
53.5 60.5
54.5 13.5
54.5 44.5
54.5 45.5
54.5 46.5
54.5 61.5
55.5 10.5
55.5 11.5
55.5 31.5
55.5 47.5
55.5 48.5
55.5 49.5
55.5 62.5
56.5 8.5
56.5 33.5
56.5 54.5
57.5 38.5
57.5 55.5
58.5 18.5
58.5 25.5
58.5 26.5
58.5 40.5
58.5 41.5
58.5 57.5
59.5 15.5
59.5 16.5
59.5 28.5
59.5 58.5
