2.5 9.5
2.5 40.5
2.5 41.5
3.5 8.5
3.5 9.5
3.5 17.5
3.5 18.5
3.5 19.5
3.5 30.5
3.5 31.5
3.5 32.5
3.5 39.5
3.5 40.5
3.5 41.5
3.5 50.5
3.5 51.5
3.5 63.5
4.5 7.5
4.5 8.5
4.5 9.5
4.5 17.5
4.5 18.5
4.5 19.5
4.5 30.5
4.5 31.5
4.5 32.5
4.5 33.5
4.5 38.5
4.5 39.5
4.5 40.5
4.5 49.5
4.5 50.5
4.5 51.5
4.5 62.5
4.5 63.5
4.5 64.5
5.5 7.5
5.5 8.5
5.5 17.5
5.5 18.5
5.5 31.5
5.5 32.5
5.5 33.5
5.5 38.5
5.5 39.5
5.5 49.5
5.5 50.5
5.5 51.5
5.5 63.5
5.5 64.5
5.5 65.5
6.5 7.5
6.5 8.5
6.5 17.5
6.5 33.5
6.5 43.5
6.5 44.5
6.5 48.5
6.5 49.5
6.5 50.5
6.5 63.5
6.5 64.5
6.5 65.5
7.5 11.5
7.5 12.5
7.5 13.5
7.5 22.5
7.5 23.5
7.5 27.5
7.5 28.5
7.5 43.5
7.5 44.5
7.5 64.5
7.5 65.5
8.5 11.5
8.5 12.5
8.5 21.5
8.5 22.5
8.5 23.5
8.5 27.5
8.5 28.5
8.5 29.5
8.5 42.5
8.5 43.5
8.5 44.5
8.5 53.5
8.5 54.5
8.5 55.5
8.5 59.5
8.5 60.5
9.5 10.5
9.5 11.5
9.5 12.5
9.5 21.5
9.5 22.5
9.5 23.5
9.5 28.5
9.5 29.5
9.5 30.5
9.5 42.5
9.5 43.5
9.5 52.5
9.5 53.5
9.5 54.5
9.5 59.5
9.5 60.5
9.5 61.5
10.5 10.5
10.5 11.5
10.5 21.5
10.5 22.5
10.5 23.5
10.5 29.5
10.5 30.5
10.5 42.5
10.5 52.5
10.5 53.5
10.5 54.5
10.5 60.5
10.5 61.5
10.5 62.5
11.5 30.5
11.5 52.5
11.5 61.5
11.5 62.5
14.5 11.5
15.5 11.5
15.5 12.5
15.5 13.5
15.5 20.5
15.5 21.5
15.5 32.5
15.5 33.5
15.5 41.5
15.5 42.5
15.5 51.5
15.5 52.5
15.5 62.5
15.5 63.5
16.5 11.5
16.5 12.5
16.5 13.5
16.5 19.5
16.5 20.5
16.5 21.5
16.5 32.5
16.5 33.5
16.5 41.5
16.5 42.5
16.5 51.5
16.5 52.5
16.5 53.5
16.5 62.5
16.5 63.5
17.5 12.5
17.5 13.5
17.5 14.5
17.5 19.5
17.5 20.5
17.5 21.5
17.5 32.5
17.5 33.5
17.5 34.5
17.5 41.5
17.5 42.5
17.5 51.5
17.5 52.5
17.5 53.5
17.5 54.5
17.5 62.5
17.5 63.5
17.5 64.5
18.5 13.5
18.5 14.5
18.5 18.5
18.5 19.5
18.5 20.5
18.5 32.5
18.5 33.5
18.5 34.5
18.5 41.5
18.5 42.5
18.5 43.5
18.5 52.5
18.5 53.5
18.5 54.5
18.5 62.5
18.5 63.5
18.5 64.5
19.5 7.5
19.5 8.5
19.5 19.5
19.5 33.5
19.5 34.5
19.5 38.5
19.5 42.5
19.5 47.5
19.5 53.5
19.5 58.5
19.5 63.5
19.5 64.5
20.5 7.5
20.5 8.5
20.5 9.5
20.5 24.5
20.5 28.5
20.5 29.5
20.5 38.5
20.5 39.5
20.5 47.5
20.5 48.5
20.5 58.5
20.5 59.5
21.5 7.5
21.5 8.5
21.5 9.5
21.5 10.5
21.5 23.5
21.5 24.5
21.5 28.5
21.5 29.5
21.5 30.5
21.5 38.5
21.5 39.5
21.5 47.5
21.5 48.5
21.5 49.5
21.5 58.5
21.5 59.5
21.5 60.5
22.5 8.5
22.5 9.5
22.5 10.5
22.5 22.5
22.5 23.5
22.5 24.5
22.5 29.5
22.5 30.5
22.5 38.5
22.5 39.5
22.5 47.5
22.5 48.5
22.5 49.5
22.5 58.5
22.5 59.5
22.5 60.5
23.5 22.5
23.5 23.5
23.5 30.5
23.5 31.5
23.5 39.5
23.5 48.5
23.5 49.5
23.5 59.5
27.5 10.5
27.5 11.5
27.5 22.5
27.5 39.5
27.5 49.5
27.5 59.5
28.5 10.5
28.5 11.5
28.5 12.5
28.5 22.5
28.5 23.5
28.5 32.5
28.5 33.5
28.5 38.5
28.5 39.5
28.5 48.5
28.5 49.5
28.5 58.5
28.5 59.5
29.5 10.5
29.5 11.5
29.5 12.5
29.5 13.5
29.5 22.5
29.5 23.5
29.5 24.5
29.5 32.5
29.5 33.5
29.5 34.5
29.5 38.5
29.5 39.5
29.5 47.5
29.5 48.5
29.5 49.5
29.5 57.5
29.5 58.5
29.5 59.5
30.5 12.5
30.5 13.5
30.5 23.5
30.5 24.5
30.5 33.5
30.5 34.5
30.5 38.5
30.5 47.5
30.5 48.5
30.5 49.5
30.5 57.5
30.5 58.5
31.5 6.5
31.5 7.5
31.5 17.5
31.5 18.5
31.5 19.5
31.5 28.5
31.5 29.5
31.5 34.5
31.5 42.5
31.5 47.5
31.5 48.5
31.5 53.5
31.5 57.5
31.5 62.5
31.5 63.5
32.5 6.5
32.5 7.5
32.5 8.5
32.5 17.5
32.5 18.5
32.5 19.5
32.5 28.5
32.5 29.5
32.5 30.5
32.5 41.5
32.5 42.5
32.5 43.5
32.5 52.5
32.5 53.5
32.5 61.5
32.5 62.5
32.5 63.5
33.5 6.5
33.5 7.5
33.5 8.5
33.5 18.5
33.5 19.5
33.5 20.5
33.5 28.5
33.5 29.5
33.5 30.5
33.5 41.5
33.5 42.5
33.5 43.5
33.5 51.5
33.5 52.5
33.5 53.5
33.5 61.5
33.5 62.5
33.5 63.5
34.5 7.5
34.5 8.5
34.5 19.5
34.5 29.5
34.5 30.5
34.5 41.5
34.5 42.5
34.5 43.5
34.5 51.5
34.5 52.5
34.5 60.5
34.5 61.5
34.5 62.5
35.5 41.5
35.5 42.5
35.5 51.5
35.5 52.5
35.5 61.5
38.5 18.5
38.5 19.5
38.5 29.5
38.5 30.5
39.5 10.5
39.5 11.5
39.5 18.5
39.5 19.5
39.5 28.5
39.5 29.5
39.5 30.5
39.5 41.5
39.5 42.5
39.5 51.5
39.5 59.5
39.5 60.5
40.5 10.5
40.5 11.5
40.5 12.5
40.5 17.5
40.5 18.5
40.5 19.5
40.5 28.5
40.5 29.5
40.5 30.5
40.5 41.5
40.5 42.5
40.5 43.5
40.5 51.5
40.5 52.5
40.5 58.5
40.5 59.5
40.5 60.5
41.5 10.5
41.5 11.5
41.5 12.5
41.5 17.5
41.5 18.5
41.5 27.5
41.5 28.5
41.5 29.5
41.5 42.5
41.5 43.5
41.5 51.5
41.5 52.5
41.5 53.5
41.5 57.5
41.5 58.5
41.5 59.5
42.5 11.5
42.5 12.5
42.5 13.5
42.5 17.5
42.5 22.5
42.5 23.5
42.5 33.5
42.5 42.5
42.5 43.5
42.5 52.5
42.5 53.5
42.5 57.5
42.5 58.5
43.5 21.5
43.5 22.5
43.5 23.5
43.5 32.5
43.5 33.5
43.5 37.5
43.5 38.5
43.5 39.5
43.5 48.5
43.5 53.5
43.5 57.5
43.5 63.5
43.5 64.5
44.5 6.5
44.5 7.5
44.5 8.5
44.5 21.5
44.5 22.5
44.5 23.5
44.5 31.5
44.5 32.5
44.5 33.5
44.5 38.5
44.5 39.5
44.5 47.5
44.5 48.5
44.5 49.5
44.5 62.5
44.5 63.5
44.5 64.5
45.5 7.5
45.5 8.5
45.5 9.5
45.5 21.5
45.5 22.5
45.5 31.5
45.5 32.5
45.5 38.5
45.5 39.5
45.5 40.5
45.5 48.5
45.5 49.5
45.5 61.5
45.5 62.5
45.5 63.5
45.5 64.5
46.5 7.5
46.5 8.5
46.5 9.5
46.5 31.5
46.5 39.5
46.5 40.5
46.5 48.5
46.5 49.5
46.5 50.5
46.5 61.5
46.5 62.5
46.5 63.5
47.5 9.5
47.5 61.5
47.5 62.5
50.5 21.5
50.5 22.5
50.5 29.5
50.5 30.5
51.5 9.5
51.5 10.5
51.5 21.5
51.5 22.5
51.5 23.5
51.5 29.5
51.5 30.5
51.5 39.5
51.5 49.5
51.5 50.5
52.5 8.5
52.5 9.5
52.5 10.5
52.5 21.5
52.5 22.5
52.5 23.5
52.5 28.5
52.5 29.5
52.5 30.5
52.5 38.5
52.5 39.5
52.5 40.5
52.5 48.5
52.5 49.5
52.5 50.5
52.5 59.5
52.5 60.5
52.5 61.5
53.5 7.5
53.5 8.5
53.5 9.5
53.5 22.5
53.5 23.5
53.5 24.5
53.5 28.5
53.5 29.5
53.5 38.5
53.5 39.5
53.5 40.5
53.5 48.5
53.5 49.5
53.5 50.5
53.5 58.5
53.5 59.5
53.5 60.5
53.5 61.5
54.5 7.5
54.5 8.5
54.5 9.5
54.5 23.5
54.5 24.5
54.5 28.5
54.5 29.5
54.5 38.5
54.5 39.5
54.5 48.5
54.5 49.5
54.5 58.5
54.5 59.5
54.5 60.5
55.5 7.5
55.5 13.5
55.5 18.5
55.5 33.5
55.5 38.5
55.5 39.5
55.5 44.5
55.5 53.5
55.5 54.5
55.5 58.5
55.5 59.5
55.5 64.5
55.5 65.5
56.5 12.5
56.5 13.5
56.5 17.5
56.5 18.5
56.5 19.5
56.5 32.5
56.5 33.5
56.5 34.5
56.5 38.5
56.5 43.5
56.5 44.5
56.5 52.5
56.5 53.5
56.5 54.5
56.5 63.5
56.5 64.5
57.5 11.5
57.5 12.5
57.5 13.5
57.5 18.5
57.5 19.5
57.5 20.5
57.5 32.5
57.5 33.5
57.5 42.5
57.5 43.5
57.5 44.5
57.5 52.5
57.5 53.5
57.5 54.5
57.5 63.5
57.5 64.5
58.5 11.5
58.5 12.5
58.5 13.5
58.5 18.5
58.5 19.5
58.5 20.5
58.5 31.5
58.5 32.5
58.5 33.5
58.5 42.5
58.5 43.5
58.5 52.5
58.5 53.5
58.5 62.5
58.5 63.5
59.5 11.5
59.5 12.5
59.5 19.5
59.5 20.5
59.5 31.5
59.5 32.5
59.5 33.5
59.5 42.5
59.5 43.5
