1.5 10.5
1.5 30.5
1.5 50.5
1.5 61.5
2.5 10.5
2.5 19.5
2.5 29.5
2.5 41.5
2.5 50.5
3.5 11.5
3.5 18.5
3.5 24.5
3.5 29.5
3.5 35.5
3.5 42.5
3.5 49.5
3.5 60.5
4.5 12.5
4.5 18.5
4.5 29.5
4.5 36.5
4.5 49.5
4.5 59.5
5.5 6.5
5.5 12.5
5.5 17.5
5.5 23.5
5.5 28.5
5.5 34.5
5.5 37.5
5.5 43.5
5.5 48.5
5.5 55.5
5.5 59.5
5.5 64.5
6.5 13.5
6.5 16.5
6.5 23.5
6.5 28.5
6.5 38.5
6.5 44.5
6.5 48.5
6.5 54.5
6.5 58.5
6.5 63.5
7.5 7.5
7.5 22.5
7.5 27.5
7.5 33.5
7.5 38.5
7.5 47.5
7.5 53.5
8.5 8.5
8.5 14.5
8.5 15.5
8.5 22.5
8.5 27.5
8.5 33.5
8.5 39.5
8.5 45.5
8.5 53.5
8.5 57.5
8.5 62.5
9.5 9.5
9.5 21.5
9.5 32.5
9.5 39.5
9.5 52.5
10.5 10.5
10.5 21.5
10.5 32.5
10.5 40.5
10.5 51.5
10.5 61.5
11.5 20.5
11.5 31.5
11.5 41.5
12.5 9.5
12.5 20.5
12.5 31.5
12.5 41.5
12.5 50.5
12.5 60.5
13.5 10.5
13.5 19.5
13.5 30.5
13.5 40.5
13.5 42.5
13.5 51.5
14.5 20.5
14.5 30.5
14.5 40.5
14.5 52.5
14.5 60.5
15.5 11.5
15.5 15.5
15.5 21.5
15.5 31.5
15.5 41.5
15.5 53.5
15.5 60.5
16.5 6.5
16.5 12.5
16.5 16.5
16.5 22.5
16.5 42.5
16.5 54.5
16.5 60.5
16.5 63.5
17.5 13.5
17.5 23.5
17.5 26.5
17.5 32.5
17.5 36.5
17.5 42.5
17.5 46.5
17.5 55.5
17.5 63.5
17.5 68.5
18.5 7.5
18.5 13.5
18.5 17.5
18.5 24.5
18.5 27.5
18.5 33.5
18.5 43.5
18.5 47.5
18.5 56.5
18.5 63.5
19.5 8.5
19.5 14.5
19.5 18.5
19.5 33.5
19.5 37.5
19.5 44.5
19.5 48.5
19.5 49.5
19.5 57.5
19.5 63.5
20.5 8.5
20.5 19.5
20.5 28.5
20.5 34.5
20.5 38.5
20.5 44.5
20.5 49.5
20.5 50.5
20.5 58.5
20.5 59.5
20.5 63.5
21.5 9.5
21.5 19.5
21.5 29.5
21.5 38.5
21.5 51.5
21.5 63.5
22.5 10.5
22.5 20.5
22.5 30.5
22.5 39.5
22.5 52.5
22.5 53.5
22.5 63.5
23.5 20.5
23.5 30.5
23.5 31.5
23.5 40.5
23.5 54.5
24.5 9.5
24.5 11.5
24.5 20.5
24.5 40.5
25.5 10.5
25.5 19.5
25.5 29.5
25.5 40.5
25.5 49.5
26.5 10.5
26.5 19.5
26.5 29.5
26.5 50.5
26.5 51.5
26.5 62.5
27.5 11.5
27.5 18.5
27.5 24.5
27.5 39.5
27.5 51.5
27.5 52.5
27.5 61.5
27.5 68.5
28.5 11.5
28.5 12.5
28.5 18.5
28.5 28.5
28.5 39.5
28.5 45.5
28.5 52.5
28.5 53.5
28.5 60.5
29.5 6.5
29.5 12.5
29.5 17.5
29.5 23.5
29.5 28.5
29.5 34.5
29.5 39.5
29.5 47.5
29.5 54.5
30.5 7.5
30.5 13.5
30.5 17.5
30.5 23.5
30.5 34.5
30.5 44.5
30.5 48.5
30.5 55.5
30.5 56.5
30.5 66.5
31.5 7.5
31.5 13.5
31.5 16.5
31.5 22.5
31.5 27.5
31.5 33.5
31.5 38.5
31.5 44.5
31.5 57.5
31.5 58.5
31.5 65.5
32.5 8.5
32.5 14.5
32.5 16.5
32.5 22.5
32.5 27.5
32.5 33.5
32.5 38.5
32.5 49.5
32.5 57.5
32.5 63.5
32.5 64.5
33.5 9.5
33.5 21.5
33.5 33.5
33.5 38.5
33.5 43.5
33.5 50.5
33.5 62.5
33.5 63.5
34.5 9.5
34.5 21.5
34.5 32.5
34.5 43.5
34.5 61.5
35.5 10.5
35.5 20.5
35.5 32.5
35.5 60.5
36.5 20.5
36.5 32.5
36.5 42.5
36.5 51.5
36.5 52.5
37.5 19.5
37.5 31.5
37.5 42.5
37.5 60.5
37.5 68.5
38.5 10.5
38.5 20.5
38.5 30.5
38.5 31.5
38.5 43.5
38.5 52.5
38.5 61.5
39.5 21.5
39.5 31.5
39.5 43.5
39.5 62.5
40.5 11.5
40.5 22.5
40.5 26.5
40.5 32.5
40.5 43.5
40.5 48.5
40.5 53.5
40.5 63.5
41.5 6.5
41.5 15.5
41.5 22.5
41.5 33.5
41.5 44.5
41.5 48.5
41.5 57.5
41.5 64.5
42.5 7.5
42.5 12.5
42.5 16.5
42.5 23.5
42.5 27.5
42.5 33.5
42.5 34.5
42.5 44.5
42.5 49.5
42.5 54.5
42.5 58.5
42.5 65.5
43.5 7.5
43.5 12.5
43.5 16.5
43.5 17.5
43.5 24.5
43.5 28.5
43.5 34.5
43.5 38.5
43.5 44.5
43.5 49.5
43.5 54.5
43.5 58.5
43.5 66.5
44.5 8.5
44.5 13.5
44.5 17.5
44.5 25.5
44.5 35.5
44.5 39.5
44.5 45.5
44.5 50.5
44.5 59.5
45.5 8.5
45.5 13.5
45.5 18.5
45.5 29.5
45.5 36.5
45.5 39.5
45.5 45.5
45.5 50.5
45.5 55.5
45.5 60.5
46.5 9.5
46.5 19.5
46.5 30.5
46.5 40.5
46.5 51.5
46.5 60.5
47.5 9.5
47.5 20.5
47.5 30.5
47.5 41.5
47.5 51.5
47.5 61.5
48.5 21.5
48.5 31.5
48.5 41.5
48.5 62.5
48.5 68.5
49.5 10.5
49.5 22.5
49.5 42.5
49.5 52.5
49.5 62.5
50.5 21.5
50.5 31.5
50.5 52.5
50.5 61.5
51.5 9.5
51.5 20.5
51.5 30.5
51.5 41.5
51.5 51.5
51.5 61.5
52.5 8.5
52.5 19.5
52.5 30.5
52.5 40.5
52.5 50.5
52.5 60.5
53.5 18.5
53.5 29.5
53.5 39.5
53.5 45.5
53.5 50.5
53.5 60.5
53.5 64.5
54.5 7.5
54.5 13.5
54.5 17.5
54.5 25.5
54.5 28.5
54.5 35.5
54.5 38.5
54.5 44.5
54.5 49.5
54.5 64.5
55.5 6.5
55.5 12.5
55.5 16.5
55.5 24.5
55.5 28.5
55.5 34.5
55.5 44.5
55.5 48.5
55.5 56.5
55.5 59.5
56.5 11.5
56.5 15.5
56.5 23.5
56.5 27.5
56.5 33.5
56.5 37.5
56.5 43.5
56.5 47.5
56.5 55.5
56.5 63.5
57.5 5.5
57.5 11.5
57.5 14.5
57.5 22.5
57.5 32.5
57.5 36.5
57.5 43.5
57.5 54.5
57.5 58.5
57.5 63.5
58.5 10.5
58.5 21.5
58.5 32.5
58.5 42.5
58.5 46.5
58.5 53.5
58.5 63.5
59.5 20.5
59.5 31.5
59.5 41.5
59.5 52.5
59.5 68.5
60.5 9.5
60.5 19.5
60.5 30.5
60.5 41.5
60.5 51.5
60.5 62.5
61.5 40.5
61.5 50.5
61.5 62.5
