2.5 11.5
2.5 12.5
2.5 22.5
3.5 12.5
3.5 13.5
3.5 21.5
3.5 22.5
3.5 48.5
3.5 59.5
3.5 60.5
4.5 13.5
4.5 14.5
4.5 21.5
4.5 22.5
4.5 35.5
4.5 36.5
4.5 47.5
4.5 60.5
4.5 61.5
4.5 62.5
5.5 14.5
5.5 15.5
5.5 20.5
5.5 21.5
5.5 33.5
5.5 34.5
5.5 35.5
5.5 45.5
5.5 46.5
5.5 62.5
5.5 63.5
5.5 64.5
6.5 16.5
6.5 20.5
6.5 32.5
6.5 33.5
6.5 44.5
6.5 45.5
7.5 7.5
7.5 27.5
7.5 31.5
7.5 40.5
7.5 44.5
7.5 51.5
7.5 52.5
7.5 56.5
7.5 57.5
8.5 8.5
8.5 9.5
8.5 26.5
8.5 27.5
8.5 39.5
8.5 50.5
8.5 51.5
8.5 57.5
8.5 58.5
9.5 9.5
9.5 10.5
9.5 11.5
9.5 25.5
9.5 26.5
9.5 38.5
9.5 49.5
9.5 50.5
9.5 58.5
9.5 59.5
10.5 11.5
10.5 12.5
10.5 24.5
10.5 25.5
10.5 36.5
10.5 37.5
10.5 48.5
10.5 49.5
10.5 60.5
11.5 36.5
13.5 60.5
14.5 11.5
14.5 24.5
14.5 36.5
14.5 47.5
14.5 61.5
15.5 11.5
15.5 12.5
15.5 13.5
15.5 23.5
15.5 35.5
15.5 48.5
15.5 49.5
15.5 50.5
15.5 61.5
15.5 62.5
16.5 12.5
16.5 13.5
16.5 14.5
16.5 22.5
16.5 23.5
16.5 34.5
16.5 35.5
16.5 50.5
16.5 51.5
16.5 62.5
16.5 63.5
17.5 13.5
17.5 14.5
17.5 15.5
17.5 21.5
17.5 22.5
17.5 33.5
17.5 34.5
17.5 51.5
17.5 52.5
17.5 63.5
18.5 6.5
18.5 7.5
18.5 15.5
18.5 16.5
18.5 20.5
18.5 33.5
18.5 40.5
18.5 44.5
18.5 56.5
18.5 57.5
18.5 64.5
19.5 7.5
19.5 8.5
19.5 27.5
19.5 28.5
19.5 32.5
19.5 39.5
19.5 44.5
19.5 45.5
19.5 57.5
19.5 58.5
20.5 8.5
20.5 9.5
20.5 26.5
20.5 27.5
20.5 38.5
20.5 39.5
20.5 45.5
20.5 46.5
20.5 58.5
20.5 59.5
21.5 9.5
21.5 10.5
21.5 25.5
21.5 26.5
21.5 37.5
21.5 38.5
21.5 46.5
21.5 47.5
21.5 60.5
22.5 11.5
22.5 24.5
22.5 25.5
22.5 37.5
22.5 38.5
22.5 47.5
23.5 23.5
23.5 36.5
23.5 37.5
24.5 36.5
25.5 60.5
26.5 10.5
26.5 11.5
26.5 48.5
26.5 59.5
26.5 60.5
27.5 9.5
27.5 10.5
27.5 23.5
27.5 24.5
27.5 36.5
27.5 48.5
27.5 49.5
27.5 58.5
27.5 59.5
28.5 9.5
28.5 10.5
28.5 24.5
28.5 25.5
28.5 37.5
28.5 49.5
28.5 50.5
28.5 57.5
28.5 58.5
28.5 59.5
29.5 8.5
29.5 9.5
29.5 25.5
29.5 26.5
29.5 38.5
29.5 39.5
29.5 49.5
29.5 50.5
29.5 57.5
29.5 58.5
30.5 7.5
30.5 8.5
30.5 19.5
30.5 26.5
30.5 27.5
30.5 40.5
30.5 50.5
30.5 51.5
30.5 56.5
30.5 57.5
30.5 65.5
31.5 7.5
31.5 14.5
31.5 15.5
31.5 19.5
31.5 20.5
31.5 28.5
31.5 32.5
31.5 33.5
31.5 43.5
31.5 44.5
31.5 51.5
31.5 56.5
31.5 64.5
32.5 13.5
32.5 14.5
32.5 20.5
32.5 21.5
32.5 33.5
32.5 34.5
32.5 44.5
32.5 45.5
32.5 62.5
32.5 63.5
33.5 13.5
33.5 14.5
33.5 21.5
33.5 22.5
33.5 34.5
33.5 35.5
33.5 46.5
33.5 62.5
33.5 63.5
34.5 12.5
34.5 13.5
34.5 22.5
34.5 47.5
34.5 61.5
35.5 12.5
35.5 23.5
35.5 60.5
37.5 35.5
38.5 35.5
38.5 36.5
38.5 47.5
39.5 12.5
39.5 23.5
39.5 36.5
39.5 46.5
39.5 47.5
39.5 60.5
39.5 61.5
40.5 10.5
40.5 11.5
40.5 24.5
40.5 25.5
40.5 36.5
40.5 37.5
40.5 45.5
40.5 46.5
40.5 61.5
40.5 62.5
40.5 63.5
41.5 9.5
41.5 10.5
41.5 25.5
41.5 26.5
41.5 37.5
41.5 38.5
41.5 44.5
41.5 45.5
41.5 46.5
41.5 62.5
41.5 63.5
41.5 64.5
42.5 8.5
42.5 9.5
42.5 26.5
42.5 37.5
42.5 38.5
42.5 44.5
42.5 45.5
42.5 63.5
42.5 64.5
42.5 65.5
43.5 8.5
43.5 16.5
43.5 19.5
43.5 27.5
43.5 31.5
43.5 38.5
43.5 43.5
43.5 44.5
43.5 56.5
44.5 15.5
44.5 16.5
44.5 20.5
44.5 21.5
44.5 32.5
44.5 43.5
44.5 52.5
44.5 57.5
44.5 58.5
45.5 14.5
45.5 15.5
45.5 21.5
45.5 22.5
45.5 32.5
45.5 33.5
45.5 50.5
45.5 51.5
45.5 58.5
45.5 59.5
46.5 13.5
46.5 14.5
46.5 22.5
46.5 23.5
46.5 33.5
46.5 34.5
46.5 49.5
46.5 50.5
46.5 59.5
46.5 60.5
47.5 12.5
47.5 13.5
47.5 23.5
47.5 34.5
47.5 48.5
47.5 49.5
47.5 60.5
48.5 35.5
48.5 47.5
51.5 12.5
51.5 23.5
51.5 35.5
51.5 61.5
52.5 12.5
52.5 13.5
52.5 22.5
52.5 23.5
52.5 36.5
52.5 47.5
52.5 48.5
52.5 61.5
52.5 62.5
53.5 13.5
53.5 14.5
53.5 15.5
53.5 21.5
53.5 22.5
53.5 37.5
53.5 45.5
53.5 46.5
53.5 47.5
53.5 62.5
53.5 63.5
54.5 15.5
54.5 16.5
54.5 20.5
54.5 38.5
54.5 44.5
54.5 45.5
54.5 63.5
55.5 8.5
55.5 19.5
55.5 27.5
55.5 32.5
55.5 39.5
55.5 43.5
55.5 52.5
55.5 56.5
55.5 57.5
55.5 64.5
56.5 8.5
56.5 9.5
56.5 26.5
56.5 27.5
56.5 32.5
56.5 33.5
56.5 51.5
56.5 57.5
56.5 58.5
57.5 9.5
57.5 10.5
57.5 25.5
57.5 26.5
57.5 33.5
57.5 34.5
57.5 50.5
57.5 51.5
57.5 58.5
57.5 59.5
58.5 10.5
58.5 11.5
58.5 25.5
58.5 26.5
58.5 33.5
58.5 34.5
58.5 49.5
58.5 58.5
58.5 59.5
59.5 11.5
59.5 12.5
59.5 24.5
59.5 25.5
59.5 34.5
59.5 35.5
59.5 48.5
59.5 59.5
59.5 60.5
60.5 24.5
60.5 25.5
60.5 35.5
61.5 24.5
