2.5 34.5
2.5 49.5
3.5 10.5
3.5 34.5
3.5 49.5
3.5 60.5
4.5 10.5
4.5 21.5
4.5 33.5
4.5 34.5
4.5 49.5
4.5 50.5
4.5 59.5
4.5 60.5
5.5 9.5
5.5 10.5
5.5 21.5
5.5 33.5
5.5 34.5
5.5 50.5
5.5 51.5
5.5 59.5
6.5 9.5
6.5 10.5
6.5 21.5
6.5 33.5
6.5 50.5
6.5 51.5
6.5 58.5
6.5 59.5
7.5 9.5
7.5 20.5
7.5 21.5
7.5 32.5
7.5 33.5
7.5 51.5
7.5 58.5
7.5 59.5
8.5 8.5
8.5 9.5
8.5 20.5
8.5 32.5
8.5 33.5
8.5 51.5
8.5 52.5
8.5 58.5
9.5 8.5
9.5 20.5
9.5 32.5
9.5 39.5
9.5 45.5
10.5 14.5
10.5 20.5
10.5 26.5
10.5 39.5
10.5 45.5
10.5 64.5
11.5 14.5
11.5 26.5
11.5 38.5
11.5 39.5
11.5 45.5
11.5 46.5
11.5 63.5
11.5 64.5
12.5 14.5
12.5 25.5
12.5 26.5
12.5 38.5
12.5 46.5
12.5 63.5
12.5 64.5
13.5 13.5
13.5 14.5
13.5 25.5
13.5 26.5
13.5 38.5
13.5 46.5
13.5 47.5
13.5 62.5
13.5 63.5
14.5 13.5
14.5 14.5
14.5 25.5
14.5 37.5
14.5 38.5
14.5 46.5
14.5 47.5
14.5 62.5
14.5 63.5
15.5 13.5
15.5 24.5
15.5 25.5
15.5 37.5
15.5 38.5
15.5 47.5
15.5 62.5
16.5 13.5
16.5 24.5
16.5 25.5
16.5 37.5
17.5 24.5
23.5 49.5
23.5 62.5
24.5 23.5
24.5 37.5
24.5 49.5
24.5 50.5
24.5 62.5
24.5 63.5
25.5 13.5
25.5 23.5
25.5 37.5
25.5 49.5
25.5 50.5
25.5 63.5
26.5 13.5
26.5 22.5
26.5 23.5
26.5 37.5
26.5 38.5
26.5 50.5
26.5 63.5
26.5 64.5
27.5 13.5
27.5 14.5
27.5 22.5
27.5 37.5
27.5 38.5
27.5 50.5
27.5 51.5
27.5 63.5
27.5 64.5
28.5 14.5
28.5 21.5
28.5 22.5
28.5 37.5
28.5 38.5
28.5 50.5
28.5 51.5
28.5 64.5
29.5 14.5
29.5 15.5
29.5 21.5
29.5 38.5
29.5 51.5
29.5 57.5
29.5 65.5
30.5 15.5
30.5 20.5
30.5 21.5
30.5 38.5
30.5 44.5
30.5 51.5
30.5 57.5
30.5 58.5
31.5 9.5
31.5 27.5
31.5 28.5
31.5 33.5
31.5 44.5
31.5 45.5
31.5 57.5
31.5 58.5
32.5 9.5
32.5 27.5
32.5 33.5
32.5 44.5
32.5 45.5
32.5 58.5
32.5 59.5
33.5 9.5
33.5 10.5
33.5 26.5
33.5 27.5
33.5 33.5
33.5 44.5
33.5 45.5
33.5 58.5
33.5 59.5
34.5 9.5
34.5 10.5
34.5 26.5
34.5 27.5
34.5 34.5
34.5 45.5
34.5 46.5
34.5 58.5
34.5 59.5
35.5 9.5
35.5 10.5
35.5 26.5
35.5 34.5
35.5 45.5
35.5 46.5
35.5 59.5
35.5 60.5
36.5 10.5
36.5 25.5
36.5 26.5
36.5 34.5
36.5 45.5
36.5 46.5
36.5 60.5
37.5 10.5
37.5 25.5
37.5 34.5
37.5 46.5
43.5 61.5
44.5 25.5
44.5 46.5
44.5 61.5
44.5 62.5
45.5 12.5
45.5 25.5
45.5 45.5
45.5 46.5
45.5 61.5
45.5 62.5
46.5 12.5
46.5 13.5
46.5 25.5
46.5 26.5
46.5 37.5
46.5 45.5
46.5 46.5
46.5 61.5
46.5 62.5
47.5 13.5
47.5 14.5
47.5 25.5
47.5 26.5
47.5 37.5
47.5 45.5
47.5 46.5
47.5 62.5
47.5 63.5
48.5 13.5
48.5 14.5
48.5 26.5
48.5 38.5
48.5 44.5
48.5 45.5
48.5 62.5
48.5 63.5
49.5 13.5
49.5 14.5
49.5 26.5
49.5 27.5
49.5 38.5
49.5 44.5
49.5 45.5
49.5 63.5
50.5 14.5
50.5 15.5
50.5 27.5
50.5 39.5
50.5 44.5
50.5 63.5
51.5 15.5
51.5 21.5
51.5 33.5
51.5 39.5
51.5 51.5
51.5 57.5
52.5 7.5
52.5 21.5
52.5 33.5
52.5 34.5
52.5 50.5
52.5 51.5
52.5 57.5
53.5 7.5
53.5 8.5
53.5 21.5
53.5 33.5
53.5 34.5
53.5 50.5
53.5 51.5
53.5 57.5
53.5 58.5
54.5 8.5
54.5 9.5
54.5 21.5
54.5 22.5
54.5 34.5
54.5 50.5
54.5 51.5
54.5 57.5
54.5 58.5
55.5 8.5
55.5 9.5
55.5 10.5
55.5 22.5
55.5 34.5
55.5 35.5
55.5 50.5
55.5 58.5
56.5 9.5
56.5 10.5
56.5 22.5
56.5 34.5
56.5 35.5
56.5 49.5
56.5 50.5
56.5 58.5
56.5 59.5
57.5 10.5
57.5 35.5
57.5 49.5
57.5 50.5
57.5 59.5
58.5 49.5
58.5 59.5
