1.5 57.5
1.5 58.5
2.5 41.5
2.5 42.5
2.5 56.5
2.5 57.5
3.5 11.5
3.5 12.5
3.5 13.5
3.5 28.5
3.5 29.5
3.5 40.5
3.5 41.5
3.5 54.5
3.5 55.5
3.5 56.5
4.5 9.5
4.5 10.5
4.5 11.5
4.5 29.5
4.5 30.5
4.5 31.5
4.5 39.5
4.5 40.5
4.5 53.5
4.5 54.5
5.5 7.5
5.5 8.5
5.5 31.5
5.5 32.5
5.5 37.5
5.5 38.5
5.5 62.5
5.5 63.5
6.5 46.5
6.5 47.5
6.5 48.5
6.5 61.5
6.5 62.5
7.5 16.5
7.5 17.5
7.5 18.5
7.5 23.5
7.5 24.5
7.5 45.5
7.5 46.5
7.5 60.5
7.5 61.5
8.5 14.5
8.5 15.5
8.5 16.5
8.5 24.5
8.5 25.5
8.5 26.5
8.5 43.5
8.5 44.5
8.5 45.5
8.5 59.5
8.5 60.5
9.5 13.5
9.5 14.5
9.5 26.5
9.5 27.5
10.5 28.5
13.5 58.5
13.5 59.5
14.5 12.5
14.5 28.5
14.5 42.5
14.5 43.5
14.5 57.5
14.5 58.5
15.5 10.5
15.5 11.5
15.5 12.5
15.5 29.5
15.5 30.5
15.5 40.5
15.5 41.5
15.5 42.5
15.5 56.5
15.5 57.5
16.5 9.5
16.5 10.5
16.5 30.5
16.5 31.5
16.5 32.5
16.5 39.5
16.5 40.5
16.5 55.5
16.5 56.5
17.5 8.5
17.5 9.5
17.5 33.5
17.5 49.5
17.5 54.5
18.5 7.5
18.5 47.5
18.5 48.5
18.5 63.5
18.5 64.5
19.5 18.5
19.5 23.5
19.5 24.5
19.5 25.5
19.5 45.5
19.5 46.5
19.5 47.5
19.5 61.5
19.5 62.5
19.5 63.5
20.5 15.5
20.5 16.5
20.5 17.5
20.5 25.5
20.5 26.5
20.5 27.5
20.5 44.5
20.5 45.5
20.5 60.5
20.5 61.5
20.5 62.5
21.5 14.5
21.5 15.5
21.5 16.5
21.5 27.5
21.5 28.5
21.5 59.5
21.5 60.5
22.5 12.5
22.5 13.5
22.5 14.5
26.5 42.5
26.5 43.5
26.5 58.5
26.5 59.5
27.5 13.5
27.5 29.5
27.5 30.5
27.5 31.5
27.5 41.5
27.5 42.5
27.5 60.5
27.5 61.5
28.5 10.5
28.5 11.5
28.5 12.5
28.5 30.5
28.5 31.5
28.5 32.5
28.5 40.5
28.5 41.5
28.5 42.5
28.5 61.5
28.5 62.5
29.5 8.5
29.5 9.5
29.5 10.5
29.5 32.5
29.5 33.5
29.5 39.5
29.5 40.5
29.5 63.5
29.5 64.5
30.5 33.5
30.5 34.5
30.5 39.5
30.5 48.5
31.5 18.5
31.5 47.5
31.5 48.5
31.5 53.5
31.5 54.5
31.5 55.5
32.5 15.5
32.5 16.5
32.5 17.5
32.5 23.5
32.5 24.5
32.5 25.5
32.5 46.5
32.5 47.5
32.5 54.5
32.5 55.5
32.5 56.5
32.5 57.5
33.5 14.5
33.5 15.5
33.5 25.5
33.5 26.5
33.5 27.5
33.5 45.5
33.5 46.5
33.5 56.5
33.5 57.5
33.5 58.5
34.5 13.5
34.5 27.5
34.5 28.5
34.5 44.5
34.5 45.5
35.5 44.5
39.5 12.5
39.5 58.5
39.5 59.5
40.5 10.5
40.5 11.5
40.5 27.5
40.5 28.5
40.5 42.5
40.5 43.5
40.5 59.5
40.5 60.5
40.5 61.5
41.5 9.5
41.5 10.5
41.5 25.5
41.5 26.5
41.5 27.5
41.5 41.5
41.5 42.5
41.5 60.5
41.5 61.5
41.5 62.5
41.5 63.5
42.5 8.5
42.5 9.5
42.5 24.5
42.5 25.5
42.5 40.5
42.5 41.5
42.5 63.5
43.5 23.5
43.5 24.5
43.5 39.5
44.5 16.5
44.5 17.5
44.5 33.5
44.5 34.5
44.5 47.5
44.5 48.5
44.5 54.5
44.5 55.5
45.5 15.5
45.5 16.5
45.5 31.5
45.5 32.5
45.5 33.5
45.5 45.5
45.5 46.5
45.5 47.5
45.5 55.5
45.5 56.5
46.5 14.5
46.5 15.5
46.5 30.5
46.5 31.5
46.5 44.5
46.5 45.5
46.5 57.5
46.5 58.5
47.5 13.5
47.5 29.5
51.5 44.5
51.5 59.5
52.5 12.5
52.5 13.5
52.5 45.5
52.5 46.5
52.5 59.5
52.5 60.5
53.5 11.5
53.5 12.5
53.5 28.5
53.5 29.5
53.5 30.5
53.5 31.5
53.5 46.5
53.5 47.5
53.5 48.5
53.5 60.5
53.5 61.5
54.5 9.5
54.5 10.5
54.5 11.5
54.5 30.5
54.5 31.5
54.5 32.5
54.5 33.5
54.5 48.5
54.5 61.5
54.5 62.5
55.5 8.5
55.5 9.5
55.5 53.5
55.5 63.5
56.5 18.5
56.5 22.5
56.5 37.5
56.5 38.5
56.5 39.5
56.5 40.5
56.5 54.5
56.5 55.5
57.5 16.5
57.5 17.5
57.5 23.5
57.5 24.5
57.5 39.5
57.5 40.5
57.5 41.5
57.5 42.5
57.5 55.5
57.5 56.5
58.5 15.5
58.5 16.5
58.5 24.5
58.5 25.5
58.5 42.5
58.5 43.5
58.5 57.5
58.5 58.5
59.5 13.5
59.5 14.5
59.5 25.5
59.5 26.5
