1.5 10.5
1.5 20.5
1.5 30.5
2.5 9.5
2.5 19.5
2.5 31.5
2.5 41.5
3.5 8.5
3.5 18.5
3.5 32.5
3.5 42.5
3.5 50.5
3.5 60.5
4.5 8.5
4.5 17.5
4.5 28.5
4.5 33.5
4.5 43.5
4.5 49.5
4.5 62.5
5.5 7.5
5.5 16.5
5.5 24.5
5.5 28.5
5.5 44.5
5.5 48.5
5.5 64.5
6.5 12.5
6.5 23.5
6.5 29.5
6.5 38.5
6.5 45.5
7.5 11.5
7.5 22.5
7.5 23.5
7.5 29.5
7.5 39.5
7.5 40.5
7.5 53.5
7.5 59.5
8.5 10.5
8.5 22.5
8.5 30.5
8.5 41.5
8.5 52.5
8.5 60.5
9.5 21.5
9.5 30.5
11.5 41.5
11.5 61.5
12.5 40.5
12.5 51.5
13.5 9.5
13.5 21.5
13.5 32.5
13.5 39.5
13.5 50.5
13.5 62.5
14.5 8.5
14.5 19.5
14.5 20.5
14.5 38.5
14.5 48.5
14.5 49.5
14.5 63.5
15.5 7.5
15.5 13.5
15.5 17.5
15.5 33.5
15.5 37.5
15.5 44.5
15.5 47.5
15.5 57.5
15.5 64.5
16.5 12.5
16.5 25.5
16.5 43.5
16.5 53.5
16.5 58.5
17.5 11.5
17.5 23.5
17.5 30.5
17.5 42.5
17.5 52.5
17.5 59.5
18.5 21.5
18.5 31.5
18.5 41.5
18.5 51.5
18.5 60.5
19.5 32.5
19.5 40.5
22.5 20.5
22.5 21.5
22.5 31.5
22.5 41.5
22.5 50.5
22.5 62.5
23.5 9.5
23.5 19.5
23.5 30.5
23.5 40.5
23.5 49.5
23.5 60.5
23.5 61.5
24.5 8.5
24.5 17.5
24.5 18.5
24.5 25.5
24.5 29.5
24.5 39.5
24.5 48.5
24.5 59.5
25.5 14.5
25.5 24.5
25.5 35.5
25.5 38.5
25.5 44.5
25.5 54.5
25.5 58.5
26.5 7.5
26.5 13.5
26.5 24.5
26.5 28.5
26.5 34.5
26.5 43.5
26.5 53.5
26.5 65.5
27.5 6.5
27.5 12.5
27.5 23.5
27.5 33.5
27.5 52.5
27.5 63.5
27.5 64.5
28.5 11.5
28.5 22.5
28.5 32.5
28.5 42.5
28.5 51.5
28.5 62.5
29.5 10.5
29.5 50.5
29.5 61.5
31.5 31.5
31.5 41.5
32.5 10.5
32.5 21.5
32.5 32.5
32.5 51.5
32.5 61.5
33.5 11.5
33.5 12.5
33.5 20.5
33.5 32.5
33.5 42.5
33.5 52.5
33.5 60.5
34.5 13.5
34.5 19.5
34.5 33.5
34.5 43.5
34.5 53.5
34.5 59.5
35.5 14.5
35.5 18.5
35.5 27.5
35.5 34.5
35.5 38.5
35.5 55.5
35.5 58.5
35.5 65.5
36.5 7.5
36.5 24.5
36.5 28.5
36.5 34.5
36.5 39.5
36.5 44.5
36.5 48.5
36.5 64.5
37.5 23.5
37.5 28.5
37.5 35.5
37.5 39.5
37.5 49.5
37.5 63.5
38.5 10.5
38.5 22.5
38.5 29.5
38.5 50.5
38.5 61.5
39.5 11.5
39.5 30.5
39.5 40.5
39.5 51.5
40.5 21.5
40.5 30.5
41.5 31.5
42.5 11.5
42.5 51.5
42.5 61.5
43.5 12.5
43.5 21.5
43.5 50.5
43.5 60.5
44.5 13.5
44.5 19.5
44.5 20.5
44.5 30.5
44.5 42.5
44.5 49.5
44.5 59.5
45.5 14.5
45.5 18.5
45.5 29.5
45.5 43.5
45.5 48.5
45.5 65.5
46.5 7.5
46.5 17.5
46.5 27.5
46.5 34.5
46.5 36.5
46.5 44.5
46.5 54.5
46.5 58.5
46.5 64.5
47.5 8.5
47.5 9.5
47.5 23.5
47.5 24.5
47.5 33.5
47.5 37.5
47.5 38.5
47.5 53.5
47.5 63.5
48.5 10.5
48.5 22.5
48.5 32.5
48.5 39.5
48.5 40.5
48.5 52.5
48.5 63.5
49.5 31.5
49.5 41.5
49.5 51.5
49.5 62.5
50.5 61.5
52.5 8.5
52.5 40.5
52.5 51.5
53.5 9.5
53.5 10.5
53.5 22.5
53.5 30.5
53.5 41.5
53.5 52.5
53.5 61.5
54.5 11.5
54.5 23.5
54.5 29.5
54.5 42.5
54.5 53.5
54.5 54.5
54.5 60.5
55.5 12.5
55.5 13.5
55.5 17.5
55.5 24.5
55.5 43.5
55.5 47.5
55.5 55.5
55.5 59.5
56.5 5.5
56.5 14.5
56.5 18.5
56.5 25.5
56.5 28.5
56.5 36.5
56.5 44.5
56.5 48.5
56.5 56.5
56.5 58.5
56.5 64.5
57.5 6.5
57.5 18.5
57.5 19.5
57.5 32.5
57.5 37.5
57.5 45.5
57.5 49.5
58.5 7.5
58.5 19.5
58.5 38.5
58.5 50.5
58.5 63.5
59.5 20.5
59.5 31.5
59.5 39.5
59.5 51.5
59.5 52.5
59.5 62.5
60.5 21.5
60.5 30.5
60.5 40.5
