2.5 36.5
2.5 61.5
3.5 11.5
3.5 22.5
3.5 37.5
3.5 50.5
3.5 62.5
4.5 12.5
4.5 21.5
4.5 37.5
4.5 38.5
4.5 62.5
4.5 63.5
5.5 12.5
5.5 20.5
5.5 38.5
5.5 39.5
5.5 51.5
5.5 63.5
6.5 13.5
6.5 20.5
6.5 39.5
6.5 52.5
6.5 64.5
7.5 14.5
7.5 19.5
7.5 32.5
7.5 40.5
7.5 45.5
7.5 52.5
7.5 57.5
8.5 8.5
8.5 26.5
8.5 32.5
8.5 46.5
8.5 58.5
9.5 8.5
9.5 25.5
9.5 26.5
9.5 33.5
9.5 46.5
9.5 58.5
10.5 9.5
10.5 25.5
10.5 34.5
10.5 47.5
10.5 59.5
11.5 9.5
11.5 24.5
11.5 34.5
12.5 10.5
12.5 24.5
12.5 35.5
16.5 48.5
16.5 60.5
17.5 49.5
18.5 12.5
18.5 24.5
18.5 35.5
18.5 49.5
18.5 59.5
19.5 13.5
19.5 25.5
19.5 34.5
19.5 50.5
19.5 58.5
20.5 13.5
20.5 26.5
20.5 33.5
20.5 51.5
20.5 57.5
21.5 13.5
21.5 27.5
21.5 33.5
21.5 51.5
21.5 57.5
22.5 14.5
22.5 20.5
22.5 32.5
22.5 39.5
22.5 44.5
22.5 63.5
23.5 14.5
23.5 20.5
23.5 38.5
23.5 45.5
24.5 8.5
24.5 21.5
24.5 38.5
24.5 45.5
24.5 62.5
25.5 9.5
25.5 21.5
25.5 22.5
25.5 37.5
25.5 46.5
25.5 61.5
26.5 22.5
26.5 37.5
26.5 47.5
26.5 61.5
27.5 10.5
27.5 23.5
27.5 47.5
27.5 60.5
28.5 11.5
28.5 23.5
32.5 35.5
32.5 48.5
33.5 24.5
33.5 49.5
33.5 58.5
34.5 12.5
34.5 25.5
34.5 34.5
34.5 50.5
34.5 58.5
35.5 13.5
35.5 25.5
35.5 33.5
35.5 50.5
35.5 58.5
36.5 25.5
36.5 33.5
36.5 51.5
36.5 57.5
37.5 14.5
37.5 26.5
37.5 32.5
37.5 52.5
37.5 57.5
38.5 9.5
38.5 26.5
38.5 39.5
38.5 44.5
38.5 62.5
39.5 9.5
39.5 38.5
39.5 45.5
40.5 10.5
40.5 20.5
40.5 38.5
40.5 45.5
40.5 46.5
40.5 61.5
41.5 10.5
41.5 21.5
41.5 37.5
41.5 46.5
42.5 21.5
42.5 36.5
42.5 37.5
42.5 47.5
42.5 60.5
43.5 11.5
43.5 22.5
43.5 36.5
43.5 48.5
44.5 35.5
48.5 22.5
48.5 61.5
49.5 13.5
49.5 21.5
49.5 35.5
49.5 49.5
50.5 13.5
50.5 20.5
50.5 34.5
50.5 49.5
50.5 50.5
50.5 62.5
51.5 20.5
51.5 33.5
51.5 50.5
51.5 62.5
52.5 14.5
52.5 19.5
52.5 32.5
52.5 50.5
52.5 51.5
52.5 63.5
53.5 14.5
53.5 31.5
53.5 39.5
53.5 51.5
53.5 57.5
54.5 26.5
54.5 38.5
54.5 44.5
54.5 57.5
55.5 25.5
55.5 37.5
55.5 44.5
55.5 58.5
56.5 10.5
56.5 24.5
56.5 37.5
56.5 45.5
56.5 58.5
57.5 10.5
57.5 23.5
57.5 36.5
57.5 46.5
57.5 59.5
58.5 35.5
58.5 59.5
59.5 60.5
