1.5 27.5
1.5 28.5
2.5 11.5
2.5 25.5
2.5 26.5
2.5 27.5
2.5 41.5
2.5 42.5
2.5 43.5
2.5 58.5
2.5 59.5
3.5 11.5
3.5 12.5
3.5 13.5
3.5 14.5
3.5 24.5
3.5 25.5
3.5 26.5
3.5 40.5
3.5 41.5
3.5 42.5
3.5 57.5
3.5 58.5
4.5 13.5
4.5 14.5
4.5 15.5
4.5 16.5
4.5 23.5
4.5 24.5
4.5 25.5
4.5 39.5
4.5 40.5
4.5 41.5
4.5 55.5
4.5 56.5
4.5 57.5
4.5 58.5
5.5 15.5
5.5 16.5
5.5 17.5
5.5 18.5
5.5 22.5
5.5 23.5
5.5 38.5
5.5 39.5
5.5 40.5
5.5 54.5
5.5 55.5
5.5 56.5
5.5 57.5
6.5 18.5
6.5 31.5
6.5 32.5
6.5 37.5
6.5 38.5
6.5 53.5
6.5 54.5
6.5 55.5
6.5 64.5
7.5 7.5
7.5 8.5
7.5 30.5
7.5 31.5
7.5 36.5
7.5 37.5
7.5 47.5
7.5 48.5
7.5 49.5
7.5 53.5
7.5 62.5
7.5 63.5
7.5 64.5
8.5 8.5
8.5 9.5
8.5 10.5
8.5 29.5
8.5 30.5
8.5 31.5
8.5 45.5
8.5 46.5
8.5 47.5
8.5 48.5
8.5 61.5
8.5 62.5
8.5 63.5
9.5 10.5
9.5 11.5
9.5 28.5
9.5 29.5
9.5 43.5
9.5 44.5
9.5 45.5
9.5 46.5
9.5 47.5
9.5 60.5
9.5 61.5
10.5 11.5
10.5 12.5
10.5 13.5
10.5 27.5
10.5 28.5
10.5 42.5
10.5 43.5
10.5 44.5
10.5 45.5
10.5 59.5
10.5 60.5
11.5 26.5
11.5 27.5
11.5 41.5
11.5 42.5
11.5 43.5
14.5 13.5
14.5 14.5
14.5 59.5
15.5 14.5
15.5 15.5
15.5 16.5
15.5 25.5
15.5 26.5
15.5 27.5
15.5 59.5
15.5 60.5
15.5 61.5
16.5 15.5
16.5 16.5
16.5 17.5
16.5 23.5
16.5 24.5
16.5 25.5
16.5 26.5
16.5 41.5
16.5 42.5
16.5 43.5
16.5 44.5
16.5 60.5
16.5 61.5
16.5 62.5
17.5 17.5
17.5 18.5
17.5 22.5
17.5 23.5
17.5 24.5
17.5 43.5
17.5 44.5
17.5 45.5
17.5 46.5
17.5 47.5
17.5 61.5
17.5 62.5
17.5 63.5
18.5 8.5
18.5 9.5
18.5 45.5
18.5 46.5
18.5 47.5
18.5 48.5
18.5 49.5
18.5 62.5
18.5 63.5
18.5 64.5
19.5 9.5
19.5 10.5
19.5 11.5
19.5 12.5
19.5 49.5
19.5 53.5
19.5 54.5
19.5 63.5
19.5 64.5
20.5 11.5
20.5 12.5
20.5 13.5
20.5 14.5
20.5 30.5
20.5 31.5
20.5 32.5
20.5 33.5
20.5 36.5
20.5 37.5
20.5 38.5
20.5 54.5
20.5 55.5
20.5 56.5
21.5 13.5
21.5 14.5
21.5 15.5
21.5 28.5
21.5 29.5
21.5 30.5
21.5 31.5
21.5 32.5
21.5 37.5
21.5 38.5
21.5 39.5
21.5 40.5
21.5 55.5
21.5 56.5
21.5 57.5
22.5 27.5
22.5 28.5
22.5 29.5
22.5 30.5
22.5 39.5
22.5 40.5
22.5 41.5
22.5 56.5
22.5 57.5
22.5 58.5
23.5 41.5
23.5 42.5
23.5 43.5
23.5 58.5
23.5 59.5
24.5 43.5
25.5 13.5
26.5 13.5
26.5 14.5
26.5 15.5
27.5 14.5
27.5 15.5
27.5 16.5
27.5 26.5
27.5 27.5
27.5 28.5
27.5 44.5
27.5 58.5
27.5 59.5
28.5 15.5
28.5 16.5
28.5 17.5
28.5 25.5
28.5 26.5
28.5 27.5
28.5 41.5
28.5 42.5
28.5 43.5
28.5 56.5
28.5 57.5
28.5 58.5
29.5 16.5
29.5 17.5
29.5 24.5
29.5 25.5
29.5 26.5
29.5 39.5
29.5 40.5
29.5 41.5
29.5 55.5
29.5 56.5
29.5 57.5
30.5 7.5
30.5 17.5
30.5 18.5
30.5 23.5
30.5 24.5
30.5 25.5
30.5 38.5
30.5 39.5
30.5 53.5
30.5 54.5
30.5 55.5
30.5 56.5
31.5 7.5
31.5 8.5
31.5 9.5
31.5 18.5
31.5 22.5
31.5 23.5
31.5 47.5
31.5 48.5
31.5 49.5
31.5 53.5
31.5 54.5
31.5 63.5
31.5 64.5
32.5 8.5
32.5 9.5
32.5 10.5
32.5 31.5
32.5 32.5
32.5 33.5
32.5 45.5
32.5 46.5
32.5 47.5
32.5 48.5
32.5 61.5
32.5 62.5
32.5 63.5
33.5 9.5
33.5 10.5
33.5 11.5
33.5 29.5
33.5 30.5
33.5 31.5
33.5 43.5
33.5 44.5
33.5 45.5
33.5 46.5
33.5 60.5
33.5 61.5
33.5 62.5
34.5 10.5
34.5 11.5
34.5 12.5
34.5 27.5
34.5 28.5
34.5 29.5
34.5 43.5
34.5 44.5
34.5 59.5
34.5 60.5
35.5 12.5
35.5 26.5
35.5 27.5
35.5 58.5
38.5 29.5
38.5 44.5
39.5 12.5
39.5 27.5
39.5 28.5
39.5 42.5
39.5 43.5
39.5 44.5
39.5 58.5
39.5 59.5
39.5 60.5
40.5 10.5
40.5 11.5
40.5 12.5
40.5 25.5
40.5 26.5
40.5 27.5
40.5 40.5
40.5 41.5
40.5 42.5
40.5 43.5
40.5 59.5
40.5 60.5
40.5 61.5
40.5 62.5
41.5 8.5
41.5 9.5
41.5 10.5
41.5 11.5
41.5 24.5
41.5 25.5
41.5 26.5
41.5 39.5
41.5 40.5
41.5 41.5
41.5 42.5
41.5 60.5
41.5 61.5
41.5 62.5
41.5 63.5
42.5 7.5
42.5 8.5
42.5 9.5
42.5 22.5
42.5 23.5
42.5 24.5
42.5 33.5
42.5 34.5
42.5 38.5
42.5 39.5
42.5 40.5
42.5 62.5
42.5 63.5
42.5 64.5
43.5 6.5
43.5 7.5
43.5 18.5
43.5 22.5
43.5 32.5
43.5 33.5
43.5 34.5
43.5 48.5
43.5 49.5
43.5 53.5
43.5 54.5
43.5 64.5
44.5 16.5
44.5 17.5
44.5 18.5
44.5 30.5
44.5 31.5
44.5 32.5
44.5 33.5
44.5 46.5
44.5 47.5
44.5 48.5
44.5 54.5
44.5 55.5
44.5 56.5
45.5 14.5
45.5 15.5
45.5 16.5
45.5 29.5
45.5 30.5
45.5 31.5
45.5 45.5
45.5 46.5
45.5 47.5
45.5 55.5
45.5 56.5
45.5 57.5
46.5 12.5
46.5 13.5
46.5 14.5
46.5 15.5
46.5 28.5
46.5 29.5
46.5 30.5
46.5 44.5
46.5 45.5
46.5 57.5
46.5 58.5
47.5 11.5
47.5 12.5
47.5 13.5
47.5 28.5
47.5 43.5
47.5 59.5
50.5 43.5
51.5 13.5
51.5 27.5
51.5 28.5
51.5 44.5
51.5 45.5
51.5 57.5
51.5 58.5
51.5 59.5
52.5 11.5
52.5 12.5
52.5 13.5
52.5 28.5
52.5 29.5
52.5 30.5
52.5 45.5
52.5 46.5
52.5 47.5
52.5 56.5
52.5 57.5
52.5 58.5
53.5 9.5
53.5 10.5
53.5 11.5
53.5 29.5
53.5 30.5
53.5 31.5
53.5 46.5
53.5 47.5
53.5 48.5
53.5 55.5
53.5 56.5
53.5 57.5
54.5 7.5
54.5 8.5
54.5 9.5
54.5 10.5
54.5 30.5
54.5 31.5
54.5 32.5
54.5 33.5
54.5 47.5
54.5 48.5
54.5 49.5
54.5 54.5
54.5 55.5
55.5 6.5
55.5 7.5
55.5 8.5
55.5 18.5
55.5 19.5
55.5 22.5
55.5 23.5
55.5 32.5
55.5 33.5
55.5 34.5
55.5 49.5
55.5 50.5
55.5 53.5
55.5 63.5
55.5 64.5
56.5 16.5
56.5 17.5
56.5 18.5
56.5 23.5
56.5 24.5
56.5 34.5
56.5 38.5
56.5 39.5
56.5 40.5
56.5 61.5
56.5 62.5
56.5 63.5
57.5 14.5
57.5 15.5
57.5 16.5
57.5 17.5
57.5 24.5
57.5 25.5
57.5 26.5
57.5 39.5
57.5 40.5
57.5 41.5
57.5 42.5
57.5 60.5
57.5 61.5
57.5 62.5
58.5 13.5
58.5 14.5
58.5 15.5
58.5 25.5
58.5 26.5
58.5 27.5
58.5 41.5
58.5 42.5
58.5 43.5
58.5 44.5
58.5 59.5
58.5 60.5
58.5 61.5
59.5 12.5
59.5 13.5
59.5 26.5
59.5 27.5
59.5 28.5
59.5 43.5
59.5 44.5
59.5 45.5
59.5 58.5
59.5 59.5
60.5 28.5
