2.5 35.5
2.5 49.5
3.5 10.5
3.5 11.5
3.5 25.5
3.5 26.5
3.5 34.5
3.5 35.5
3.5 49.5
3.5 50.5
3.5 59.5
3.5 60.5
4.5 9.5
4.5 10.5
4.5 11.5
4.5 25.5
4.5 26.5
4.5 33.5
4.5 34.5
4.5 35.5
4.5 49.5
4.5 50.5
4.5 51.5
4.5 58.5
4.5 59.5
4.5 60.5
5.5 8.5
5.5 9.5
5.5 10.5
5.5 26.5
5.5 27.5
5.5 33.5
5.5 34.5
5.5 35.5
5.5 50.5
5.5 51.5
5.5 52.5
5.5 58.5
5.5 59.5
6.5 8.5
6.5 9.5
6.5 26.5
6.5 27.5
6.5 33.5
6.5 34.5
6.5 51.5
6.5 52.5
6.5 57.5
6.5 58.5
6.5 59.5
7.5 27.5
7.5 33.5
7.5 52.5
7.5 58.5
8.5 13.5
8.5 14.5
8.5 15.5
8.5 20.5
8.5 21.5
8.5 22.5
8.5 38.5
8.5 39.5
8.5 44.5
8.5 45.5
8.5 46.5
8.5 63.5
8.5 64.5
9.5 13.5
9.5 14.5
9.5 20.5
9.5 21.5
9.5 22.5
9.5 23.5
9.5 38.5
9.5 39.5
9.5 44.5
9.5 45.5
9.5 46.5
9.5 47.5
9.5 63.5
9.5 64.5
10.5 12.5
10.5 13.5
10.5 14.5
10.5 21.5
10.5 22.5
10.5 23.5
10.5 37.5
10.5 38.5
10.5 45.5
10.5 46.5
10.5 47.5
10.5 62.5
10.5 63.5
10.5 64.5
11.5 12.5
11.5 13.5
11.5 22.5
11.5 23.5
11.5 24.5
11.5 37.5
11.5 38.5
11.5 45.5
11.5 46.5
11.5 47.5
11.5 48.5
11.5 62.5
11.5 63.5
12.5 23.5
12.5 37.5
12.5 46.5
12.5 47.5
12.5 48.5
12.5 62.5
12.5 63.5
17.5 10.5
18.5 9.5
18.5 10.5
18.5 22.5
18.5 23.5
18.5 37.5
18.5 48.5
18.5 49.5
18.5 60.5
19.5 9.5
19.5 10.5
19.5 21.5
19.5 22.5
19.5 23.5
19.5 37.5
19.5 48.5
19.5 49.5
19.5 50.5
19.5 59.5
19.5 60.5
20.5 9.5
20.5 10.5
20.5 20.5
20.5 21.5
20.5 22.5
20.5 23.5
20.5 37.5
20.5 38.5
20.5 48.5
20.5 49.5
20.5 50.5
20.5 51.5
20.5 58.5
20.5 59.5
20.5 60.5
21.5 9.5
21.5 10.5
21.5 20.5
21.5 21.5
21.5 22.5
21.5 38.5
21.5 39.5
21.5 49.5
21.5 50.5
21.5 51.5
21.5 58.5
21.5 59.5
22.5 9.5
22.5 20.5
22.5 21.5
22.5 38.5
22.5 39.5
22.5 50.5
22.5 51.5
22.5 52.5
22.5 57.5
22.5 58.5
23.5 14.5
23.5 15.5
23.5 39.5
23.5 51.5
23.5 57.5
24.5 14.5
24.5 15.5
24.5 26.5
24.5 27.5
24.5 33.5
24.5 34.5
24.5 44.5
24.5 45.5
24.5 63.5
24.5 64.5
24.5 65.5
25.5 13.5
25.5 14.5
25.5 26.5
25.5 27.5
25.5 33.5
25.5 34.5
25.5 35.5
25.5 44.5
25.5 45.5
25.5 46.5
25.5 62.5
25.5 63.5
25.5 64.5
26.5 13.5
26.5 14.5
26.5 25.5
26.5 26.5
26.5 27.5
26.5 33.5
26.5 34.5
26.5 35.5
26.5 45.5
26.5 46.5
26.5 62.5
26.5 63.5
26.5 64.5
27.5 13.5
27.5 14.5
27.5 25.5
27.5 26.5
27.5 27.5
27.5 33.5
27.5 34.5
27.5 35.5
27.5 45.5
27.5 46.5
27.5 47.5
27.5 61.5
27.5 62.5
27.5 63.5
28.5 25.5
28.5 26.5
28.5 34.5
28.5 35.5
28.5 47.5
28.5 61.5
28.5 62.5
29.5 25.5
29.5 35.5
33.5 11.5
34.5 10.5
34.5 11.5
34.5 46.5
34.5 47.5
34.5 61.5
34.5 62.5
35.5 10.5
35.5 11.5
35.5 22.5
35.5 23.5
35.5 37.5
35.5 38.5
35.5 46.5
35.5 47.5
35.5 61.5
35.5 62.5
35.5 63.5
36.5 9.5
36.5 10.5
36.5 21.5
36.5 22.5
36.5 23.5
36.5 37.5
36.5 38.5
36.5 39.5
36.5 45.5
36.5 46.5
36.5 47.5
36.5 61.5
36.5 62.5
36.5 63.5
36.5 64.5
37.5 9.5
37.5 10.5
37.5 20.5
37.5 21.5
37.5 22.5
37.5 38.5
37.5 39.5
37.5 40.5
37.5 45.5
37.5 46.5
37.5 62.5
37.5 63.5
37.5 64.5
38.5 20.5
38.5 21.5
38.5 22.5
38.5 38.5
38.5 39.5
38.5 40.5
38.5 45.5
38.5 46.5
38.5 63.5
38.5 64.5
39.5 14.5
39.5 15.5
39.5 20.5
39.5 21.5
39.5 51.5
39.5 52.5
39.5 57.5
40.5 13.5
40.5 14.5
40.5 15.5
40.5 33.5
40.5 34.5
40.5 50.5
40.5 51.5
40.5 52.5
40.5 57.5
40.5 58.5
41.5 13.5
41.5 14.5
41.5 26.5
41.5 27.5
41.5 33.5
41.5 34.5
41.5 35.5
41.5 50.5
41.5 51.5
41.5 52.5
41.5 57.5
41.5 58.5
41.5 59.5
42.5 12.5
42.5 13.5
42.5 14.5
42.5 25.5
42.5 26.5
42.5 27.5
42.5 34.5
42.5 35.5
42.5 36.5
42.5 50.5
42.5 51.5
42.5 58.5
42.5 59.5
43.5 12.5
43.5 13.5
43.5 24.5
43.5 25.5
43.5 26.5
43.5 35.5
43.5 36.5
43.5 50.5
43.5 59.5
43.5 60.5
44.5 24.5
44.5 25.5
44.5 60.5
49.5 10.5
49.5 37.5
49.5 38.5
49.5 49.5
49.5 50.5
49.5 61.5
50.5 9.5
50.5 10.5
50.5 24.5
50.5 25.5
50.5 26.5
50.5 37.5
50.5 38.5
50.5 39.5
50.5 49.5
50.5 50.5
50.5 51.5
50.5 61.5
50.5 62.5
51.5 8.5
51.5 9.5
51.5 10.5
51.5 24.5
51.5 25.5
51.5 26.5
51.5 27.5
51.5 37.5
51.5 38.5
51.5 39.5
51.5 50.5
51.5 51.5
51.5 61.5
51.5 62.5
51.5 63.5
52.5 8.5
52.5 9.5
52.5 25.5
52.5 26.5
52.5 27.5
52.5 38.5
52.5 39.5
52.5 50.5
52.5 51.5
52.5 52.5
52.5 61.5
52.5 62.5
52.5 63.5
53.5 8.5
53.5 26.5
53.5 27.5
53.5 28.5
53.5 38.5
53.5 39.5
53.5 51.5
53.5 52.5
53.5 62.5
53.5 63.5
54.5 33.5
54.5 45.5
54.5 46.5
54.5 57.5
55.5 13.5
55.5 14.5
55.5 19.5
55.5 20.5
55.5 21.5
55.5 33.5
55.5 34.5
55.5 45.5
55.5 46.5
55.5 57.5
55.5 58.5
56.5 12.5
56.5 13.5
56.5 14.5
56.5 20.5
56.5 21.5
56.5 22.5
56.5 33.5
56.5 34.5
56.5 35.5
56.5 45.5
56.5 46.5
56.5 47.5
56.5 57.5
56.5 58.5
57.5 11.5
57.5 12.5
57.5 13.5
57.5 20.5
57.5 21.5
57.5 22.5
57.5 23.5
57.5 34.5
57.5 35.5
57.5 45.5
57.5 46.5
57.5 47.5
57.5 57.5
57.5 58.5
57.5 59.5
58.5 11.5
58.5 12.5
58.5 21.5
58.5 22.5
58.5 23.5
58.5 34.5
58.5 35.5
58.5 46.5
58.5 47.5
58.5 58.5
58.5 59.5
