1.5 15.5
1.5 16.5
2.5 11.5
2.5 12.5
2.5 13.5
2.5 14.5
3.5 9.5
3.5 10.5
3.5 11.5
3.5 34.5
3.5 35.5
3.5 36.5
3.5 58.5
3.5 59.5
3.5 60.5
4.5 30.5
4.5 31.5
4.5 32.5
4.5 33.5
4.5 34.5
4.5 60.5
4.5 61.5
4.5 62.5
4.5 63.5
4.5 64.5
6.5 18.5
6.5 19.5
6.5 20.5
6.5 21.5
6.5 22.5
7.5 16.5
7.5 17.5
7.5 18.5
7.5 19.5
7.5 40.5
7.5 41.5
7.5 42.5
7.5 53.5
7.5 54.5
7.5 55.5
7.5 56.5
8.5 38.5
8.5 39.5
8.5 40.5
12.5 15.5
12.5 57.5
12.5 58.5
13.5 9.5
13.5 10.5
13.5 11.5
13.5 12.5
13.5 13.5
13.5 36.5
13.5 37.5
13.5 59.5
13.5 60.5
13.5 61.5
13.5 62.5
14.5 38.5
14.5 39.5
14.5 40.5
14.5 41.5
14.5 63.5
14.5 64.5
15.5 42.5
15.5 43.5
16.5 50.5
16.5 51.5
16.5 52.5
17.5 15.5
17.5 16.5
17.5 17.5
17.5 18.5
17.5 19.5
17.5 20.5
17.5 21.5
17.5 22.5
17.5 29.5
17.5 30.5
17.5 31.5
17.5 52.5
17.5 53.5
17.5 54.5
17.5 55.5
17.5 56.5
18.5 31.5
18.5 32.5
18.5 33.5
18.5 34.5
19.5 35.5
19.5 36.5
23.5 9.5
23.5 10.5
23.5 11.5
23.5 12.5
23.5 13.5
23.5 14.5
23.5 15.5
23.5 57.5
23.5 58.5
23.5 59.5
23.5 60.5
24.5 37.5
24.5 38.5
24.5 39.5
24.5 60.5
24.5 61.5
24.5 62.5
24.5 63.5
25.5 40.5
25.5 41.5
25.5 42.5
27.5 18.5
27.5 19.5
27.5 20.5
27.5 21.5
27.5 30.5
27.5 31.5
27.5 32.5
27.5 51.5
27.5 52.5
27.5 53.5
27.5 54.5
28.5 15.5
28.5 16.5
28.5 17.5
28.5 33.5
28.5 34.5
28.5 35.5
28.5 56.5
33.5 12.5
33.5 13.5
33.5 14.5
33.5 15.5
33.5 35.5
33.5 36.5
33.5 57.5
33.5 58.5
33.5 59.5
33.5 60.5
34.5 10.5
34.5 11.5
34.5 12.5
34.5 13.5
34.5 32.5
34.5 33.5
34.5 34.5
34.5 35.5
34.5 60.5
34.5 61.5
34.5 62.5
34.5 63.5
35.5 8.5
35.5 9.5
35.5 10.5
35.5 30.5
35.5 31.5
35.5 32.5
37.5 20.5
37.5 21.5
37.5 22.5
37.5 23.5
37.5 40.5
37.5 41.5
37.5 42.5
37.5 50.5
37.5 51.5
37.5 52.5
37.5 53.5
37.5 54.5
38.5 17.5
38.5 18.5
38.5 19.5
38.5 20.5
38.5 21.5
38.5 38.5
38.5 39.5
38.5 40.5
38.5 54.5
38.5 55.5
39.5 16.5
39.5 17.5
39.5 37.5
39.5 38.5
43.5 56.5
43.5 57.5
43.5 58.5
44.5 36.5
44.5 37.5
44.5 38.5
44.5 58.5
44.5 59.5
44.5 60.5
44.5 61.5
45.5 17.5
45.5 18.5
45.5 19.5
45.5 20.5
45.5 38.5
45.5 39.5
45.5 40.5
45.5 41.5
46.5 20.5
46.5 21.5
46.5 22.5
46.5 42.5
47.5 9.5
47.5 49.5
47.5 50.5
47.5 51.5
47.5 52.5
48.5 10.5
48.5 11.5
48.5 12.5
48.5 29.5
48.5 30.5
48.5 31.5
48.5 32.5
48.5 52.5
48.5 53.5
48.5 54.5
48.5 55.5
49.5 13.5
49.5 14.5
49.5 32.5
49.5 33.5
49.5 34.5
49.5 35.5
54.5 13.5
54.5 14.5
54.5 15.5
54.5 34.5
54.5 35.5
54.5 56.5
54.5 57.5
54.5 58.5
54.5 59.5
55.5 10.5
55.5 11.5
55.5 12.5
55.5 13.5
55.5 30.5
55.5 31.5
55.5 32.5
55.5 33.5
55.5 59.5
55.5 60.5
55.5 61.5
55.5 62.5
56.5 29.5
57.5 39.5
57.5 40.5
57.5 41.5
57.5 49.5
57.5 50.5
58.5 18.5
58.5 19.5
58.5 20.5
58.5 21.5
58.5 37.5
58.5 38.5
58.5 51.5
58.5 52.5
58.5 53.5
59.5 16.5
59.5 55.5
