1.5 10.5
1.5 20.5
1.5 31.5
2.5 20.5
2.5 32.5
2.5 40.5
2.5 50.5
2.5 60.5
3.5 9.5
3.5 20.5
3.5 21.5
3.5 32.5
3.5 40.5
3.5 50.5
3.5 60.5
4.5 9.5
4.5 21.5
4.5 32.5
4.5 40.5
4.5 50.5
4.5 60.5
5.5 8.5
5.5 9.5
5.5 21.5
5.5 33.5
5.5 40.5
5.5 45.5
5.5 50.5
5.5 59.5
5.5 60.5
6.5 8.5
6.5 13.5
6.5 21.5
6.5 22.5
6.5 27.5
6.5 33.5
6.5 40.5
6.5 45.5
6.5 49.5
6.5 59.5
7.5 8.5
7.5 13.5
7.5 22.5
7.5 27.5
7.5 33.5
7.5 39.5
7.5 40.5
7.5 49.5
7.5 54.5
7.5 59.5
7.5 68.5
8.5 8.5
8.5 13.5
8.5 16.5
8.5 22.5
8.5 28.5
8.5 33.5
8.5 34.5
8.5 39.5
8.5 44.5
8.5 49.5
8.5 54.5
8.5 59.5
8.5 64.5
9.5 7.5
9.5 12.5
9.5 16.5
9.5 22.5
9.5 23.5
9.5 28.5
9.5 34.5
9.5 39.5
9.5 44.5
9.5 49.5
9.5 54.5
9.5 58.5
9.5 64.5
10.5 7.5
10.5 12.5
10.5 17.5
10.5 23.5
10.5 28.5
10.5 34.5
10.5 39.5
10.5 44.5
10.5 49.5
10.5 58.5
10.5 64.5
11.5 7.5
11.5 12.5
11.5 17.5
11.5 23.5
11.5 28.5
11.5 29.5
11.5 34.5
11.5 39.5
11.5 44.5
11.5 48.5
11.5 53.5
11.5 58.5
11.5 63.5
11.5 64.5
12.5 6.5
12.5 12.5
12.5 17.5
12.5 18.5
12.5 23.5
12.5 24.5
12.5 29.5
12.5 35.5
12.5 39.5
12.5 44.5
12.5 48.5
12.5 53.5
12.5 58.5
12.5 63.5
13.5 6.5
13.5 11.5
13.5 12.5
13.5 18.5
13.5 24.5
13.5 29.5
13.5 35.5
13.5 43.5
13.5 48.5
13.5 53.5
13.5 57.5
13.5 63.5
14.5 11.5
14.5 18.5
14.5 24.5
14.5 29.5
14.5 30.5
14.5 35.5
14.5 38.5
14.5 43.5
14.5 53.5
14.5 57.5
14.5 63.5
15.5 11.5
15.5 19.5
15.5 30.5
15.5 38.5
15.5 43.5
15.5 52.5
15.5 57.5
15.5 62.5
15.5 63.5
16.5 11.5
16.5 19.5
16.5 30.5
16.5 43.5
16.5 52.5
16.5 62.5
17.5 10.5
17.5 19.5
17.5 30.5
17.5 31.5
17.5 42.5
17.5 52.5
17.5 62.5
18.5 10.5
18.5 20.5
18.5 31.5
18.5 42.5
18.5 52.5
18.5 62.5
19.5 10.5
19.5 20.5
19.5 21.5
19.5 31.5
19.5 32.5
19.5 42.5
19.5 61.5
19.5 62.5
20.5 10.5
20.5 32.5
20.5 42.5
20.5 51.5
20.5 61.5
21.5 10.5
21.5 20.5
21.5 21.5
21.5 31.5
21.5 32.5
21.5 42.5
21.5 51.5
21.5 61.5
22.5 9.5
22.5 20.5
22.5 31.5
22.5 42.5
22.5 51.5
22.5 61.5
23.5 9.5
23.5 20.5
23.5 31.5
23.5 42.5
23.5 52.5
23.5 61.5
24.5 9.5
24.5 19.5
24.5 30.5
24.5 31.5
24.5 43.5
24.5 52.5
24.5 61.5
25.5 8.5
25.5 9.5
25.5 19.5
25.5 30.5
25.5 43.5
25.5 52.5
25.5 62.5
26.5 8.5
26.5 14.5
26.5 19.5
26.5 24.5
26.5 30.5
26.5 43.5
26.5 48.5
26.5 53.5
26.5 62.5
27.5 8.5
27.5 14.5
27.5 18.5
27.5 29.5
27.5 30.5
27.5 36.5
27.5 38.5
27.5 43.5
27.5 48.5
27.5 53.5
27.5 57.5
27.5 62.5
28.5 8.5
28.5 13.5
28.5 18.5
28.5 23.5
28.5 29.5
28.5 35.5
28.5 38.5
28.5 43.5
28.5 44.5
28.5 53.5
28.5 57.5
28.5 62.5
28.5 63.5
28.5 68.5
29.5 7.5
29.5 13.5
29.5 18.5
29.5 23.5
29.5 28.5
29.5 29.5
29.5 35.5
29.5 44.5
29.5 49.5
29.5 63.5
30.5 7.5
30.5 13.5
30.5 17.5
30.5 23.5
30.5 28.5
30.5 29.5
30.5 35.5
30.5 39.5
30.5 44.5
30.5 49.5
30.5 54.5
30.5 58.5
30.5 63.5
31.5 7.5
31.5 12.5
31.5 17.5
31.5 22.5
31.5 23.5
31.5 28.5
31.5 34.5
31.5 39.5
31.5 44.5
31.5 49.5
31.5 54.5
31.5 58.5
31.5 63.5
32.5 7.5
32.5 12.5
32.5 17.5
32.5 22.5
32.5 28.5
32.5 34.5
32.5 39.5
32.5 44.5
32.5 49.5
32.5 54.5
32.5 58.5
32.5 63.5
32.5 64.5
33.5 6.5
33.5 12.5
33.5 16.5
33.5 22.5
33.5 27.5
33.5 33.5
33.5 34.5
33.5 39.5
33.5 45.5
33.5 49.5
33.5 50.5
33.5 55.5
33.5 59.5
33.5 64.5
34.5 6.5
34.5 11.5
34.5 16.5
34.5 22.5
34.5 27.5
34.5 33.5
34.5 39.5
34.5 40.5
34.5 45.5
34.5 50.5
34.5 55.5
34.5 59.5
34.5 64.5
35.5 11.5
35.5 21.5
35.5 22.5
35.5 27.5
35.5 33.5
35.5 40.5
35.5 45.5
35.5 50.5
35.5 59.5
36.5 11.5
36.5 21.5
36.5 32.5
36.5 40.5
36.5 45.5
36.5 50.5
36.5 59.5
37.5 10.5
37.5 21.5
37.5 32.5
37.5 40.5
37.5 50.5
37.5 60.5
38.5 10.5
38.5 21.5
38.5 31.5
38.5 32.5
38.5 40.5
38.5 51.5
38.5 60.5
38.5 68.5
39.5 10.5
39.5 20.5
39.5 31.5
39.5 40.5
39.5 41.5
39.5 51.5
39.5 60.5
40.5 9.5
40.5 10.5
40.5 20.5
40.5 31.5
40.5 41.5
40.5 51.5
40.5 52.5
40.5 60.5
41.5 9.5
41.5 10.5
41.5 20.5
41.5 30.5
41.5 41.5
41.5 42.5
41.5 51.5
41.5 52.5
41.5 61.5
42.5 9.5
42.5 20.5
42.5 30.5
42.5 41.5
42.5 61.5
43.5 9.5
43.5 20.5
43.5 30.5
43.5 41.5
43.5 51.5
43.5 61.5
44.5 9.5
44.5 19.5
44.5 31.5
44.5 41.5
44.5 51.5
45.5 9.5
45.5 19.5
45.5 31.5
45.5 40.5
45.5 50.5
45.5 62.5
46.5 8.5
46.5 18.5
46.5 19.5
46.5 31.5
46.5 40.5
46.5 50.5
46.5 58.5
46.5 62.5
47.5 8.5
47.5 13.5
47.5 18.5
47.5 32.5
47.5 39.5
47.5 40.5
47.5 45.5
47.5 50.5
47.5 55.5
47.5 58.5
47.5 63.5
48.5 8.5
48.5 13.5
48.5 18.5
48.5 24.5
48.5 27.5
48.5 32.5
48.5 39.5
48.5 45.5
48.5 49.5
48.5 50.5
48.5 55.5
48.5 63.5
48.5 68.5
49.5 8.5
49.5 13.5
49.5 17.5
49.5 18.5
49.5 24.5
49.5 27.5
49.5 32.5
49.5 33.5
49.5 39.5
49.5 49.5
49.5 55.5
49.5 59.5
49.5 63.5
50.5 7.5
50.5 12.5
50.5 17.5
50.5 23.5
50.5 27.5
50.5 33.5
50.5 38.5
50.5 39.5
50.5 44.5
50.5 49.5
50.5 54.5
50.5 55.5
50.5 59.5
50.5 64.5
51.5 7.5
51.5 12.5
51.5 17.5
51.5 23.5
51.5 28.5
51.5 33.5
51.5 38.5
51.5 44.5
51.5 49.5
51.5 54.5
51.5 59.5
51.5 64.5
52.5 7.5
52.5 12.5
52.5 16.5
52.5 17.5
52.5 23.5
52.5 28.5
52.5 33.5
52.5 34.5
52.5 38.5
52.5 43.5
52.5 44.5
52.5 48.5
52.5 54.5
52.5 60.5
53.5 7.5
53.5 12.5
53.5 16.5
53.5 22.5
53.5 23.5
53.5 28.5
53.5 34.5
53.5 37.5
53.5 43.5
53.5 48.5
53.5 54.5
53.5 60.5
53.5 65.5
54.5 6.5
54.5 11.5
54.5 16.5
54.5 22.5
54.5 28.5
54.5 29.5
54.5 34.5
54.5 37.5
54.5 43.5
54.5 54.5
54.5 60.5
55.5 6.5
55.5 11.5
55.5 21.5
55.5 22.5
55.5 29.5
55.5 42.5
55.5 43.5
55.5 47.5
55.5 53.5
55.5 54.5
55.5 60.5
55.5 61.5
56.5 6.5
56.5 11.5
56.5 15.5
56.5 21.5
56.5 22.5
56.5 29.5
56.5 35.5
56.5 42.5
56.5 47.5
56.5 53.5
56.5 61.5
57.5 15.5
57.5 21.5
57.5 29.5
57.5 42.5
57.5 53.5
57.5 61.5
58.5 10.5
58.5 21.5
58.5 30.5
58.5 41.5
58.5 42.5
58.5 53.5
58.5 61.5
58.5 62.5
58.5 68.5
59.5 10.5
59.5 20.5
59.5 30.5
59.5 41.5
59.5 53.5
59.5 62.5
60.5 10.5
60.5 20.5
60.5 30.5
60.5 41.5
60.5 52.5
60.5 53.5
60.5 62.5
61.5 20.5
61.5 52.5
61.5 62.5
