2.5 16.5
2.5 17.5
2.5 18.5
2.5 19.5
3.5 17.5
3.5 18.5
3.5 19.5
3.5 20.5
3.5 21.5
3.5 22.5
3.5 37.5
3.5 38.5
3.5 39.5
3.5 56.5
3.5 57.5
3.5 58.5
3.5 59.5
3.5 60.5
4.5 19.5
4.5 20.5
4.5 21.5
4.5 22.5
4.5 23.5
4.5 37.5
4.5 38.5
4.5 39.5
4.5 40.5
4.5 41.5
4.5 42.5
4.5 56.5
4.5 57.5
4.5 58.5
4.5 59.5
4.5 60.5
4.5 61.5
5.5 9.5
5.5 10.5
5.5 11.5
5.5 12.5
5.5 13.5
5.5 38.5
5.5 39.5
5.5 40.5
5.5 41.5
5.5 42.5
5.5 58.5
5.5 59.5
5.5 60.5
5.5 61.5
5.5 62.5
6.5 9.5
6.5 10.5
6.5 11.5
6.5 12.5
6.5 13.5
6.5 14.5
6.5 30.5
6.5 31.5
6.5 32.5
6.5 50.5
6.5 61.5
7.5 11.5
7.5 12.5
7.5 13.5
7.5 14.5
7.5 15.5
7.5 30.5
7.5 31.5
7.5 32.5
7.5 33.5
7.5 34.5
7.5 35.5
7.5 49.5
7.5 50.5
7.5 51.5
7.5 52.5
7.5 53.5
8.5 32.5
8.5 33.5
8.5 34.5
8.5 35.5
8.5 36.5
8.5 50.5
8.5 51.5
8.5 52.5
8.5 53.5
8.5 54.5
8.5 55.5
9.5 53.5
9.5 54.5
9.5 55.5
12.5 10.5
12.5 11.5
12.5 12.5
12.5 13.5
12.5 14.5
12.5 15.5
12.5 32.5
12.5 33.5
12.5 34.5
12.5 35.5
13.5 9.5
13.5 10.5
13.5 11.5
13.5 12.5
13.5 13.5
13.5 14.5
13.5 30.5
13.5 31.5
13.5 32.5
13.5 33.5
13.5 34.5
13.5 35.5
13.5 53.5
13.5 54.5
14.5 29.5
14.5 30.5
14.5 31.5
14.5 32.5
14.5 50.5
14.5 51.5
14.5 52.5
14.5 53.5
14.5 54.5
14.5 55.5
15.5 17.5
15.5 18.5
15.5 19.5
15.5 20.5
15.5 21.5
15.5 22.5
15.5 48.5
15.5 49.5
15.5 50.5
15.5 51.5
15.5 52.5
15.5 53.5
15.5 54.5
16.5 16.5
16.5 17.5
16.5 18.5
16.5 19.5
16.5 20.5
16.5 21.5
16.5 37.5
16.5 38.5
16.5 39.5
16.5 40.5
16.5 41.5
16.5 49.5
16.5 50.5
16.5 51.5
16.5 61.5
16.5 62.5
16.5 63.5
17.5 36.5
17.5 37.5
17.5 38.5
17.5 39.5
17.5 40.5
17.5 41.5
17.5 58.5
17.5 59.5
17.5 60.5
17.5 61.5
17.5 62.5
18.5 36.5
18.5 37.5
18.5 38.5
18.5 39.5
18.5 56.5
18.5 57.5
18.5 58.5
18.5 59.5
18.5 60.5
21.5 11.5
21.5 12.5
21.5 13.5
21.5 14.5
21.5 15.5
22.5 9.5
22.5 10.5
22.5 11.5
22.5 12.5
22.5 13.5
22.5 14.5
22.5 15.5
22.5 32.5
22.5 33.5
22.5 34.5
23.5 9.5
23.5 10.5
23.5 11.5
23.5 12.5
23.5 13.5
23.5 30.5
23.5 31.5
23.5 32.5
23.5 33.5
23.5 34.5
23.5 35.5
23.5 55.5
23.5 56.5
23.5 57.5
23.5 58.5
23.5 59.5
23.5 60.5
23.5 61.5
24.5 29.5
24.5 30.5
24.5 31.5
24.5 32.5
24.5 33.5
24.5 34.5
24.5 56.5
24.5 57.5
24.5 58.5
24.5 59.5
24.5 60.5
24.5 61.5
24.5 62.5
25.5 17.5
25.5 18.5
25.5 19.5
25.5 20.5
25.5 21.5
25.5 22.5
25.5 58.5
25.5 59.5
25.5 60.5
25.5 61.5
25.5 62.5
26.5 16.5
26.5 17.5
26.5 18.5
26.5 19.5
26.5 20.5
26.5 21.5
27.5 16.5
27.5 17.5
27.5 18.5
27.5 19.5
27.5 37.5
27.5 38.5
27.5 39.5
27.5 40.5
27.5 41.5
27.5 48.5
27.5 49.5
27.5 50.5
27.5 51.5
27.5 52.5
28.5 36.5
28.5 37.5
28.5 38.5
28.5 39.5
28.5 40.5
28.5 49.5
28.5 50.5
28.5 51.5
28.5 52.5
28.5 53.5
28.5 54.5
29.5 51.5
29.5 52.5
29.5 53.5
29.5 54.5
29.5 55.5
32.5 11.5
32.5 12.5
32.5 13.5
32.5 14.5
32.5 15.5
33.5 9.5
33.5 10.5
33.5 11.5
33.5 12.5
33.5 13.5
33.5 14.5
33.5 15.5
33.5 32.5
33.5 33.5
33.5 34.5
33.5 35.5
33.5 53.5
33.5 54.5
33.5 55.5
34.5 9.5
34.5 10.5
34.5 11.5
34.5 12.5
34.5 13.5
34.5 30.5
34.5 31.5
34.5 32.5
34.5 33.5
34.5 34.5
34.5 35.5
34.5 50.5
34.5 51.5
34.5 52.5
34.5 53.5
34.5 54.5
34.5 55.5
35.5 30.5
35.5 31.5
35.5 32.5
35.5 33.5
35.5 34.5
35.5 49.5
35.5 50.5
35.5 51.5
35.5 52.5
35.5 53.5
36.5 19.5
36.5 20.5
36.5 21.5
36.5 22.5
36.5 59.5
36.5 60.5
36.5 61.5
36.5 62.5
37.5 17.5
37.5 18.5
37.5 19.5
37.5 20.5
37.5 21.5
37.5 22.5
37.5 38.5
37.5 39.5
37.5 40.5
37.5 41.5
37.5 42.5
37.5 57.5
37.5 58.5
37.5 59.5
37.5 60.5
37.5 61.5
38.5 16.5
38.5 17.5
38.5 18.5
38.5 19.5
38.5 20.5
38.5 21.5
38.5 37.5
38.5 38.5
38.5 39.5
38.5 40.5
38.5 41.5
38.5 56.5
38.5 57.5
38.5 58.5
38.5 59.5
39.5 16.5
39.5 17.5
39.5 18.5
39.5 36.5
39.5 37.5
39.5 38.5
42.5 57.5
42.5 58.5
42.5 59.5
43.5 16.5
43.5 17.5
43.5 18.5
43.5 37.5
43.5 38.5
43.5 39.5
43.5 57.5
43.5 58.5
43.5 59.5
43.5 60.5
43.5 61.5
44.5 16.5
44.5 17.5
44.5 18.5
44.5 19.5
44.5 20.5
44.5 21.5
44.5 37.5
44.5 38.5
44.5 39.5
44.5 40.5
44.5 41.5
44.5 42.5
44.5 58.5
44.5 59.5
44.5 60.5
44.5 61.5
44.5 62.5
45.5 17.5
45.5 18.5
45.5 19.5
45.5 20.5
45.5 21.5
45.5 22.5
45.5 38.5
45.5 39.5
45.5 40.5
45.5 41.5
45.5 42.5
45.5 43.5
45.5 60.5
45.5 61.5
45.5 62.5
45.5 63.5
46.5 9.5
46.5 10.5
46.5 11.5
46.5 41.5
46.5 42.5
46.5 50.5
46.5 51.5
46.5 52.5
47.5 9.5
47.5 10.5
47.5 11.5
47.5 12.5
47.5 13.5
47.5 29.5
47.5 30.5
47.5 31.5
47.5 32.5
47.5 33.5
47.5 50.5
47.5 51.5
47.5 52.5
47.5 53.5
47.5 54.5
47.5 55.5
48.5 10.5
48.5 11.5
48.5 12.5
48.5 13.5
48.5 14.5
48.5 30.5
48.5 31.5
48.5 32.5
48.5 33.5
48.5 34.5
48.5 35.5
48.5 51.5
48.5 52.5
48.5 53.5
48.5 54.5
48.5 55.5
48.5 56.5
49.5 32.5
49.5 33.5
49.5 34.5
49.5 35.5
49.5 53.5
49.5 54.5
49.5 55.5
49.5 56.5
53.5 11.5
53.5 12.5
53.5 13.5
53.5 14.5
53.5 31.5
53.5 32.5
53.5 33.5
53.5 34.5
53.5 35.5
54.5 9.5
54.5 10.5
54.5 11.5
54.5 12.5
54.5 13.5
54.5 14.5
54.5 29.5
54.5 30.5
54.5 31.5
54.5 32.5
54.5 33.5
54.5 34.5
54.5 35.5
54.5 56.5
54.5 57.5
54.5 58.5
54.5 59.5
54.5 60.5
55.5 8.5
55.5 9.5
55.5 10.5
55.5 11.5
55.5 12.5
55.5 29.5
55.5 30.5
55.5 31.5
55.5 32.5
55.5 33.5
55.5 34.5
55.5 57.5
55.5 58.5
55.5 59.5
55.5 60.5
55.5 61.5
55.5 62.5
56.5 9.5
56.5 10.5
56.5 19.5
56.5 20.5
56.5 21.5
56.5 41.5
56.5 58.5
56.5 59.5
56.5 60.5
56.5 61.5
56.5 62.5
57.5 16.5
57.5 17.5
57.5 18.5
57.5 19.5
57.5 20.5
57.5 21.5
57.5 38.5
57.5 39.5
57.5 40.5
57.5 41.5
57.5 42.5
57.5 49.5
57.5 50.5
57.5 51.5
57.5 52.5
58.5 15.5
58.5 16.5
58.5 17.5
58.5 18.5
58.5 19.5
58.5 20.5
58.5 36.5
58.5 37.5
58.5 38.5
58.5 39.5
58.5 40.5
58.5 50.5
58.5 51.5
58.5 52.5
58.5 53.5
58.5 54.5
59.5 15.5
59.5 16.5
59.5 17.5
59.5 18.5
59.5 52.5
59.5 53.5
59.5 54.5
59.5 55.5
