2.5 11.5
2.5 12.5
3.5 9.5
3.5 10.5
3.5 11.5
3.5 12.5
3.5 44.5
3.5 57.5
3.5 58.5
4.5 8.5
4.5 9.5
4.5 10.5
4.5 11.5
4.5 25.5
4.5 26.5
4.5 27.5
4.5 28.5
4.5 44.5
4.5 45.5
4.5 46.5
4.5 54.5
4.5 55.5
4.5 56.5
4.5 57.5
5.5 8.5
5.5 9.5
5.5 23.5
5.5 24.5
5.5 25.5
5.5 26.5
5.5 27.5
5.5 45.5
5.5 46.5
5.5 47.5
5.5 48.5
5.5 53.5
5.5 54.5
5.5 55.5
5.5 56.5
6.5 18.5
7.5 15.5
7.5 16.5
7.5 17.5
7.5 18.5
7.5 32.5
7.5 33.5
7.5 38.5
7.5 39.5
7.5 40.5
7.5 62.5
7.5 63.5
7.5 64.5
8.5 14.5
8.5 15.5
8.5 16.5
8.5 30.5
8.5 31.5
8.5 32.5
8.5 40.5
8.5 41.5
8.5 42.5
8.5 60.5
8.5 61.5
8.5 62.5
8.5 63.5
9.5 13.5
9.5 14.5
9.5 28.5
9.5 29.5
9.5 43.5
9.5 44.5
9.5 59.5
9.5 60.5
9.5 61.5
13.5 43.5
14.5 12.5
14.5 13.5
14.5 28.5
14.5 29.5
14.5 30.5
14.5 43.5
14.5 44.5
14.5 45.5
14.5 57.5
14.5 58.5
14.5 59.5
15.5 10.5
15.5 11.5
15.5 12.5
15.5 29.5
15.5 30.5
15.5 31.5
15.5 44.5
15.5 45.5
15.5 46.5
15.5 56.5
15.5 57.5
15.5 58.5
16.5 9.5
16.5 10.5
16.5 11.5
16.5 30.5
16.5 31.5
16.5 32.5
16.5 45.5
16.5 46.5
16.5 47.5
16.5 54.5
16.5 55.5
16.5 56.5
16.5 57.5
17.5 8.5
17.5 9.5
17.5 10.5
17.5 31.5
17.5 32.5
17.5 47.5
17.5 48.5
17.5 53.5
17.5 54.5
17.5 55.5
18.5 8.5
18.5 32.5
18.5 33.5
18.5 38.5
18.5 39.5
19.5 17.5
19.5 18.5
19.5 24.5
19.5 25.5
19.5 38.5
19.5 39.5
19.5 40.5
19.5 62.5
19.5 63.5
19.5 64.5
20.5 15.5
20.5 16.5
20.5 17.5
20.5 18.5
20.5 24.5
20.5 25.5
20.5 26.5
20.5 39.5
20.5 40.5
20.5 41.5
20.5 60.5
20.5 61.5
20.5 62.5
20.5 63.5
21.5 14.5
21.5 15.5
21.5 16.5
21.5 17.5
21.5 25.5
21.5 26.5
21.5 27.5
21.5 40.5
21.5 41.5
21.5 42.5
21.5 59.5
21.5 60.5
21.5 61.5
22.5 13.5
22.5 14.5
22.5 15.5
22.5 26.5
22.5 27.5
22.5 28.5
22.5 42.5
22.5 58.5
22.5 59.5
23.5 13.5
23.5 14.5
23.5 27.5
23.5 28.5
27.5 42.5
27.5 58.5
27.5 59.5
28.5 13.5
28.5 14.5
28.5 28.5
28.5 29.5
28.5 40.5
28.5 41.5
28.5 42.5
28.5 56.5
28.5 57.5
28.5 58.5
28.5 59.5
29.5 14.5
29.5 15.5
29.5 16.5
29.5 29.5
29.5 30.5
29.5 31.5
29.5 39.5
29.5 40.5
29.5 41.5
29.5 54.5
29.5 55.5
29.5 56.5
29.5 57.5
30.5 15.5
30.5 16.5
30.5 17.5
30.5 30.5
30.5 31.5
30.5 32.5
30.5 38.5
30.5 39.5
30.5 40.5
30.5 53.5
30.5 54.5
30.5 55.5
30.5 56.5
31.5 7.5
31.5 8.5
31.5 18.5
31.5 31.5
31.5 32.5
31.5 33.5
31.5 38.5
31.5 48.5
31.5 64.5
31.5 65.5
32.5 7.5
32.5 8.5
32.5 9.5
32.5 10.5
32.5 23.5
32.5 46.5
32.5 47.5
32.5 48.5
32.5 62.5
32.5 63.5
32.5 64.5
33.5 9.5
33.5 10.5
33.5 11.5
33.5 24.5
33.5 25.5
33.5 44.5
33.5 45.5
33.5 46.5
33.5 47.5
33.5 61.5
33.5 62.5
33.5 63.5
34.5 10.5
34.5 11.5
34.5 12.5
34.5 25.5
34.5 26.5
34.5 27.5
34.5 44.5
34.5 45.5
34.5 46.5
34.5 60.5
34.5 61.5
35.5 27.5
35.5 28.5
35.5 43.5
35.5 44.5
39.5 12.5
40.5 10.5
40.5 11.5
40.5 12.5
40.5 25.5
40.5 26.5
40.5 27.5
40.5 28.5
40.5 42.5
40.5 43.5
40.5 59.5
40.5 60.5
40.5 61.5
40.5 62.5
41.5 9.5
41.5 10.5
41.5 11.5
41.5 23.5
41.5 24.5
41.5 25.5
41.5 26.5
41.5 39.5
41.5 40.5
41.5 41.5
41.5 42.5
41.5 60.5
41.5 61.5
41.5 62.5
41.5 63.5
42.5 8.5
42.5 9.5
42.5 23.5
42.5 24.5
42.5 38.5
42.5 39.5
42.5 40.5
42.5 61.5
42.5 62.5
42.5 63.5
42.5 64.5
43.5 17.5
43.5 18.5
43.5 33.5
44.5 15.5
44.5 16.5
44.5 17.5
44.5 30.5
44.5 31.5
44.5 32.5
44.5 33.5
44.5 46.5
44.5 47.5
44.5 48.5
44.5 49.5
44.5 54.5
44.5 55.5
45.5 14.5
45.5 15.5
45.5 16.5
45.5 29.5
45.5 30.5
45.5 31.5
45.5 45.5
45.5 46.5
45.5 47.5
45.5 48.5
45.5 54.5
45.5 55.5
45.5 56.5
46.5 13.5
46.5 14.5
46.5 44.5
46.5 45.5
46.5 46.5
46.5 55.5
46.5 56.5
46.5 57.5
47.5 56.5
47.5 57.5
47.5 58.5
50.5 28.5
50.5 29.5
51.5 13.5
51.5 14.5
51.5 15.5
51.5 29.5
51.5 30.5
51.5 31.5
51.5 42.5
51.5 43.5
52.5 14.5
52.5 15.5
52.5 16.5
52.5 17.5
52.5 30.5
52.5 31.5
52.5 32.5
52.5 40.5
52.5 41.5
52.5 42.5
52.5 43.5
52.5 57.5
52.5 58.5
53.5 15.5
53.5 16.5
53.5 17.5
53.5 18.5
53.5 32.5
53.5 33.5
53.5 38.5
53.5 39.5
53.5 40.5
53.5 41.5
53.5 55.5
53.5 56.5
53.5 57.5
54.5 17.5
54.5 18.5
54.5 23.5
54.5 24.5
54.5 54.5
54.5 55.5
55.5 8.5
55.5 24.5
55.5 25.5
55.5 62.5
55.5 63.5
55.5 64.5
56.5 8.5
56.5 9.5
56.5 10.5
56.5 11.5
56.5 25.5
56.5 26.5
56.5 45.5
56.5 46.5
56.5 47.5
56.5 48.5
56.5 60.5
56.5 61.5
56.5 62.5
56.5 63.5
57.5 10.5
57.5 11.5
57.5 12.5
57.5 26.5
57.5 27.5
57.5 43.5
57.5 44.5
57.5 45.5
57.5 46.5
57.5 59.5
57.5 60.5
57.5 61.5
58.5 11.5
58.5 12.5
58.5 13.5
