1.5 43.5
2.5 41.5
2.5 42.5
2.5 56.5
2.5 57.5
3.5 12.5
3.5 13.5
3.5 29.5
3.5 30.5
3.5 31.5
3.5 32.5
3.5 40.5
3.5 41.5
3.5 54.5
3.5 55.5
3.5 56.5
4.5 8.5
4.5 9.5
4.5 10.5
4.5 11.5
4.5 12.5
4.5 31.5
4.5 32.5
4.5 33.5
4.5 34.5
4.5 39.5
4.5 53.5
4.5 54.5
5.5 63.5
6.5 18.5
6.5 19.5
6.5 24.5
6.5 25.5
6.5 45.5
6.5 46.5
6.5 47.5
6.5 60.5
6.5 61.5
6.5 62.5
7.5 15.5
7.5 16.5
7.5 17.5
7.5 26.5
7.5 27.5
7.5 44.5
7.5 45.5
7.5 59.5
7.5 60.5
8.5 13.5
8.5 14.5
8.5 29.5
8.5 43.5
8.5 58.5
12.5 13.5
12.5 14.5
12.5 29.5
12.5 59.5
13.5 14.5
13.5 15.5
13.5 16.5
13.5 17.5
13.5 30.5
13.5 31.5
13.5 42.5
13.5 43.5
13.5 56.5
13.5 57.5
13.5 58.5
14.5 17.5
14.5 18.5
14.5 31.5
14.5 32.5
14.5 41.5
14.5 42.5
14.5 55.5
14.5 56.5
15.5 33.5
15.5 40.5
15.5 41.5
15.5 53.5
15.5 54.5
16.5 8.5
16.5 9.5
16.5 23.5
16.5 24.5
16.5 39.5
16.5 63.5
16.5 64.5
17.5 9.5
17.5 10.5
17.5 11.5
17.5 25.5
17.5 26.5
17.5 47.5
17.5 48.5
17.5 61.5
17.5 62.5
17.5 63.5
18.5 11.5
18.5 12.5
18.5 26.5
18.5 27.5
18.5 28.5
18.5 45.5
18.5 46.5
18.5 47.5
18.5 59.5
18.5 60.5
18.5 61.5
19.5 44.5
19.5 45.5
23.5 10.5
23.5 11.5
23.5 43.5
23.5 44.5
23.5 59.5
24.5 9.5
24.5 10.5
24.5 23.5
24.5 24.5
24.5 25.5
24.5 26.5
24.5 27.5
24.5 41.5
24.5 42.5
24.5 55.5
24.5 56.5
24.5 57.5
24.5 58.5
25.5 8.5
25.5 21.5
25.5 22.5
25.5 23.5
25.5 39.5
25.5 54.5
25.5 55.5
26.5 15.5
26.5 16.5
26.5 34.5
26.5 47.5
26.5 48.5
26.5 49.5
27.5 14.5
27.5 15.5
27.5 30.5
27.5 31.5
27.5 32.5
27.5 45.5
27.5 46.5
27.5 47.5
27.5 62.5
27.5 63.5
27.5 64.5
28.5 13.5
28.5 28.5
28.5 29.5
28.5 60.5
28.5 61.5
28.5 62.5
32.5 28.5
32.5 29.5
32.5 45.5
33.5 11.5
33.5 25.5
33.5 26.5
33.5 27.5
33.5 46.5
33.5 47.5
33.5 60.5
33.5 61.5
33.5 62.5
34.5 9.5
34.5 10.5
34.5 23.5
34.5 24.5
34.5 25.5
34.5 48.5
34.5 49.5
34.5 62.5
34.5 63.5
34.5 64.5
35.5 8.5
35.5 33.5
35.5 39.5
36.5 16.5
36.5 17.5
36.5 18.5
36.5 31.5
36.5 32.5
36.5 39.5
36.5 40.5
36.5 41.5
36.5 55.5
36.5 56.5
37.5 14.5
37.5 15.5
37.5 16.5
37.5 30.5
37.5 31.5
37.5 41.5
37.5 42.5
37.5 43.5
37.5 56.5
37.5 57.5
37.5 58.5
38.5 29.5
38.5 44.5
38.5 58.5
38.5 59.5
42.5 59.5
43.5 11.5
43.5 12.5
43.5 13.5
43.5 27.5
43.5 28.5
43.5 41.5
43.5 42.5
43.5 43.5
43.5 59.5
43.5 60.5
43.5 61.5
44.5 9.5
44.5 10.5
44.5 11.5
44.5 25.5
44.5 26.5
44.5 39.5
44.5 40.5
44.5 41.5
44.5 61.5
44.5 62.5
45.5 24.5
45.5 63.5
46.5 18.5
46.5 19.5
46.5 32.5
46.5 33.5
47.5 15.5
47.5 16.5
47.5 17.5
47.5 18.5
47.5 30.5
47.5 31.5
47.5 46.5
47.5 47.5
47.5 48.5
47.5 49.5
47.5 55.5
47.5 56.5
48.5 14.5
48.5 15.5
48.5 29.5
48.5 44.5
48.5 45.5
48.5 46.5
48.5 47.5
48.5 56.5
48.5 57.5
49.5 58.5
52.5 29.5
53.5 13.5
53.5 14.5
53.5 15.5
53.5 30.5
53.5 31.5
53.5 44.5
54.5 15.5
54.5 16.5
54.5 17.5
54.5 31.5
54.5 32.5
54.5 45.5
54.5 46.5
54.5 60.5
54.5 61.5
55.5 17.5
55.5 18.5
55.5 32.5
55.5 33.5
55.5 47.5
55.5 48.5
55.5 61.5
55.5 62.5
55.5 63.5
56.5 8.5
56.5 38.5
56.5 39.5
57.5 8.5
57.5 9.5
57.5 10.5
57.5 24.5
57.5 25.5
57.5 39.5
57.5 40.5
57.5 41.5
57.5 54.5
57.5 55.5
58.5 10.5
58.5 11.5
58.5 25.5
58.5 26.5
58.5 27.5
58.5 41.5
58.5 42.5
58.5 55.5
58.5 56.5
58.5 57.5
58.5 58.5
59.5 12.5
59.5 27.5
59.5 28.5
59.5 43.5
59.5 59.5
