1.5 14.5
1.5 15.5
1.5 31.5
1.5 32.5
1.5 42.5
1.5 43.5
1.5 59.5
2.5 13.5
2.5 14.5
2.5 30.5
2.5 31.5
2.5 43.5
2.5 44.5
2.5 58.5
2.5 59.5
3.5 12.5
3.5 13.5
3.5 28.5
3.5 29.5
3.5 30.5
3.5 44.5
3.5 45.5
3.5 57.5
3.5 58.5
4.5 11.5
4.5 12.5
4.5 13.5
4.5 27.5
4.5 28.5
4.5 29.5
4.5 44.5
4.5 45.5
4.5 46.5
4.5 56.5
4.5 57.5
5.5 10.5
5.5 11.5
5.5 12.5
5.5 21.5
5.5 25.5
5.5 26.5
5.5 27.5
5.5 28.5
5.5 36.5
5.5 37.5
5.5 45.5
5.5 46.5
5.5 47.5
5.5 55.5
5.5 56.5
5.5 57.5
5.5 65.5
5.5 66.5
6.5 9.5
6.5 10.5
6.5 11.5
6.5 20.5
6.5 24.5
6.5 25.5
6.5 26.5
6.5 27.5
6.5 36.5
6.5 37.5
6.5 46.5
6.5 47.5
6.5 48.5
6.5 55.5
6.5 56.5
6.5 64.5
6.5 65.5
7.5 8.5
7.5 9.5
7.5 10.5
7.5 19.5
7.5 20.5
7.5 23.5
7.5 24.5
7.5 25.5
7.5 34.5
7.5 35.5
7.5 37.5
7.5 38.5
7.5 47.5
7.5 48.5
7.5 49.5
7.5 54.5
7.5 55.5
7.5 63.5
7.5 64.5
8.5 7.5
8.5 8.5
8.5 9.5
8.5 17.5
8.5 18.5
8.5 19.5
8.5 22.5
8.5 23.5
8.5 24.5
8.5 33.5
8.5 34.5
8.5 38.5
8.5 39.5
8.5 40.5
8.5 48.5
8.5 49.5
8.5 53.5
8.5 54.5
8.5 62.5
8.5 63.5
9.5 6.5
9.5 7.5
9.5 8.5
9.5 16.5
9.5 17.5
9.5 18.5
9.5 21.5
9.5 22.5
9.5 32.5
9.5 33.5
9.5 39.5
9.5 40.5
9.5 41.5
9.5 49.5
9.5 50.5
9.5 53.5
9.5 54.5
9.5 61.5
9.5 62.5
9.5 63.5
10.5 6.5
10.5 15.5
10.5 16.5
10.5 17.5
10.5 20.5
10.5 21.5
10.5 31.5
10.5 32.5
10.5 40.5
10.5 41.5
10.5 42.5
10.5 50.5
10.5 51.5
10.5 52.5
10.5 53.5
10.5 60.5
10.5 61.5
10.5 62.5
11.5 14.5
11.5 15.5
11.5 16.5
11.5 29.5
11.5 30.5
11.5 31.5
11.5 41.5
11.5 42.5
11.5 43.5
11.5 51.5
11.5 52.5
11.5 59.5
11.5 60.5
11.5 61.5
12.5 14.5
12.5 15.5
12.5 28.5
12.5 29.5
12.5 30.5
12.5 42.5
12.5 43.5
12.5 44.5
12.5 58.5
12.5 59.5
12.5 60.5
13.5 13.5
13.5 14.5
13.5 27.5
13.5 28.5
13.5 29.5
13.5 43.5
13.5 44.5
13.5 45.5
13.5 57.5
13.5 58.5
13.5 59.5
14.5 12.5
14.5 13.5
14.5 26.5
14.5 27.5
14.5 45.5
14.5 46.5
14.5 57.5
15.5 11.5
15.5 12.5
15.5 26.5
15.5 27.5
15.5 46.5
15.5 56.5
15.5 57.5
16.5 12.5
16.5 13.5
16.5 27.5
16.5 28.5
16.5 44.5
16.5 45.5
16.5 57.5
16.5 58.5
17.5 12.5
17.5 13.5
17.5 14.5
17.5 28.5
17.5 29.5
17.5 44.5
17.5 45.5
17.5 58.5
17.5 59.5
18.5 13.5
18.5 14.5
18.5 29.5
18.5 30.5
18.5 43.5
18.5 44.5
18.5 58.5
18.5 59.5
18.5 60.5
19.5 13.5
19.5 14.5
19.5 15.5
19.5 29.5
19.5 30.5
19.5 31.5
19.5 42.5
19.5 43.5
19.5 59.5
19.5 60.5
19.5 61.5
20.5 6.5
20.5 14.5
20.5 15.5
20.5 16.5
20.5 30.5
20.5 31.5
20.5 32.5
20.5 41.5
20.5 42.5
20.5 43.5
20.5 52.5
20.5 60.5
20.5 61.5
21.5 6.5
21.5 7.5
21.5 15.5
21.5 16.5
21.5 19.5
21.5 20.5
21.5 31.5
21.5 32.5
21.5 33.5
21.5 40.5
21.5 41.5
21.5 42.5
21.5 50.5
21.5 51.5
21.5 52.5
21.5 53.5
21.5 60.5
21.5 61.5
21.5 62.5
22.5 7.5
22.5 8.5
22.5 15.5
22.5 16.5
22.5 17.5
22.5 20.5
22.5 21.5
22.5 22.5
22.5 32.5
22.5 33.5
22.5 34.5
22.5 39.5
22.5 40.5
22.5 41.5
22.5 49.5
22.5 50.5
22.5 53.5
22.5 61.5
22.5 62.5
23.5 7.5
23.5 8.5
23.5 16.5
23.5 17.5
23.5 18.5
23.5 21.5
23.5 22.5
23.5 23.5
23.5 33.5
23.5 34.5
23.5 35.5
23.5 39.5
23.5 40.5
23.5 48.5
23.5 49.5
23.5 50.5
23.5 53.5
23.5 54.5
23.5 62.5
23.5 63.5
24.5 8.5
24.5 9.5
24.5 17.5
24.5 18.5
24.5 22.5
24.5 23.5
24.5 24.5
24.5 25.5
24.5 34.5
24.5 35.5
24.5 38.5
24.5 39.5
24.5 48.5
24.5 49.5
24.5 54.5
24.5 55.5
24.5 62.5
24.5 63.5
24.5 64.5
25.5 8.5
25.5 9.5
25.5 10.5
25.5 18.5
25.5 19.5
25.5 23.5
25.5 24.5
25.5 25.5
25.5 26.5
25.5 35.5
25.5 36.5
25.5 37.5
25.5 38.5
25.5 47.5
25.5 48.5
25.5 54.5
25.5 55.5
25.5 63.5
25.5 64.5
26.5 9.5
26.5 10.5
26.5 19.5
26.5 24.5
26.5 25.5
26.5 26.5
26.5 27.5
26.5 36.5
26.5 37.5
26.5 46.5
26.5 47.5
26.5 48.5
26.5 55.5
26.5 56.5
26.5 64.5
27.5 10.5
27.5 11.5
27.5 26.5
27.5 27.5
27.5 28.5
27.5 45.5
27.5 46.5
27.5 47.5
27.5 55.5
27.5 56.5
27.5 57.5
28.5 10.5
28.5 11.5
28.5 12.5
28.5 27.5
28.5 28.5
28.5 29.5
28.5 30.5
28.5 45.5
28.5 46.5
28.5 56.5
28.5 57.5
29.5 11.5
29.5 12.5
29.5 29.5
29.5 30.5
29.5 31.5
29.5 44.5
29.5 45.5
29.5 57.5
29.5 58.5
30.5 12.5
30.5 13.5
30.5 14.5
30.5 30.5
30.5 31.5
30.5 43.5
30.5 44.5
30.5 45.5
30.5 57.5
30.5 58.5
31.5 13.5
31.5 43.5
31.5 44.5
31.5 58.5
31.5 59.5
32.5 11.5
32.5 12.5
32.5 30.5
32.5 31.5
32.5 42.5
32.5 43.5
32.5 46.5
32.5 47.5
32.5 56.5
32.5 57.5
32.5 59.5
33.5 10.5
33.5 11.5
33.5 12.5
33.5 28.5
33.5 29.5
33.5 30.5
33.5 45.5
33.5 46.5
33.5 57.5
33.5 58.5
34.5 9.5
34.5 10.5
34.5 11.5
34.5 26.5
34.5 27.5
34.5 28.5
34.5 29.5
34.5 44.5
34.5 45.5
34.5 58.5
34.5 59.5
35.5 8.5
35.5 9.5
35.5 10.5
35.5 19.5
35.5 24.5
35.5 25.5
35.5 26.5
35.5 27.5
35.5 42.5
35.5 43.5
35.5 44.5
35.5 59.5
35.5 60.5
36.5 7.5
36.5 8.5
36.5 9.5
36.5 18.5
36.5 23.5
36.5 24.5
36.5 25.5
36.5 26.5
36.5 38.5
36.5 41.5
36.5 42.5
36.5 43.5
36.5 60.5
36.5 61.5
37.5 7.5
37.5 8.5
37.5 16.5
37.5 17.5
37.5 18.5
37.5 21.5
37.5 22.5
37.5 23.5
37.5 24.5
37.5 36.5
37.5 37.5
37.5 40.5
37.5 41.5
37.5 42.5
37.5 52.5
37.5 60.5
37.5 61.5
37.5 62.5
38.5 6.5
38.5 7.5
38.5 15.5
38.5 16.5
38.5 17.5
38.5 20.5
38.5 21.5
38.5 22.5
38.5 23.5
38.5 34.5
38.5 35.5
38.5 36.5
38.5 39.5
38.5 40.5
38.5 41.5
38.5 52.5
38.5 53.5
38.5 54.5
38.5 61.5
38.5 62.5
38.5 63.5
39.5 5.5
39.5 6.5
39.5 14.5
39.5 15.5
39.5 16.5
39.5 19.5
39.5 20.5
39.5 21.5
39.5 32.5
39.5 33.5
39.5 34.5
39.5 35.5
39.5 38.5
39.5 39.5
39.5 40.5
39.5 50.5
39.5 51.5
39.5 52.5
39.5 54.5
39.5 55.5
39.5 63.5
39.5 64.5
39.5 68.5
40.5 5.5
40.5 13.5
40.5 14.5
40.5 15.5
40.5 18.5
40.5 19.5
40.5 31.5
40.5 32.5
40.5 33.5
40.5 38.5
40.5 39.5
40.5 49.5
40.5 50.5
40.5 51.5
40.5 54.5
40.5 55.5
40.5 56.5
40.5 64.5
40.5 65.5
41.5 12.5
41.5 13.5
41.5 14.5
41.5 30.5
41.5 31.5
41.5 32.5
41.5 37.5
41.5 38.5
41.5 47.5
41.5 48.5
41.5 49.5
41.5 50.5
41.5 55.5
41.5 56.5
41.5 57.5
41.5 65.5
42.5 11.5
42.5 12.5
42.5 13.5
42.5 28.5
42.5 29.5
42.5 30.5
42.5 31.5
42.5 46.5
42.5 47.5
42.5 48.5
42.5 56.5
42.5 57.5
42.5 58.5
43.5 11.5
43.5 12.5
43.5 27.5
43.5 28.5
43.5 29.5
43.5 45.5
43.5 46.5
43.5 47.5
43.5 57.5
43.5 58.5
43.5 59.5
44.5 10.5
44.5 11.5
44.5 26.5
44.5 27.5
44.5 28.5
44.5 43.5
44.5 44.5
44.5 45.5
44.5 46.5
44.5 59.5
44.5 60.5
45.5 9.5
45.5 10.5
45.5 14.5
45.5 25.5
45.5 26.5
45.5 42.5
45.5 43.5
45.5 44.5
45.5 60.5
45.5 61.5
46.5 13.5
46.5 14.5
46.5 24.5
46.5 41.5
46.5 42.5
46.5 58.5
46.5 61.5
47.5 12.5
47.5 13.5
47.5 25.5
47.5 26.5
47.5 42.5
47.5 59.5
48.5 11.5
48.5 12.5
48.5 26.5
48.5 27.5
48.5 28.5
48.5 42.5
48.5 43.5
48.5 44.5
48.5 59.5
48.5 60.5
49.5 10.5
49.5 11.5
49.5 12.5
49.5 27.5
49.5 28.5
49.5 29.5
49.5 43.5
49.5 44.5
49.5 45.5
49.5 60.5
49.5 61.5
50.5 9.5
50.5 10.5
50.5 11.5
50.5 28.5
50.5 29.5
50.5 30.5
50.5 31.5
50.5 44.5
50.5 45.5
50.5 46.5
50.5 60.5
50.5 61.5
50.5 62.5
51.5 9.5
51.5 10.5
51.5 18.5
51.5 19.5
51.5 20.5
51.5 30.5
51.5 31.5
51.5 32.5
51.5 36.5
51.5 45.5
51.5 46.5
51.5 47.5
51.5 61.5
51.5 62.5
52.5 8.5
52.5 9.5
52.5 10.5
52.5 17.5
52.5 18.5
52.5 20.5
52.5 21.5
52.5 31.5
52.5 32.5
52.5 33.5
52.5 34.5
52.5 37.5
52.5 38.5
52.5 46.5
52.5 47.5
52.5 48.5
52.5 52.5
52.5 62.5
52.5 63.5
53.5 7.5
53.5 8.5
53.5 9.5
53.5 16.5
53.5 17.5
53.5 21.5
53.5 22.5
53.5 23.5
53.5 33.5
53.5 34.5
53.5 35.5
53.5 38.5
53.5 39.5
53.5 47.5
53.5 48.5
53.5 49.5
53.5 52.5
53.5 53.5
53.5 54.5
53.5 62.5
53.5 63.5
53.5 64.5
54.5 7.5
54.5 8.5
54.5 16.5
54.5 17.5
54.5 22.5
54.5 23.5
54.5 24.5
54.5 34.5
54.5 35.5
54.5 36.5
54.5 39.5
54.5 40.5
54.5 49.5
54.5 50.5
54.5 53.5
54.5 54.5
54.5 55.5
54.5 63.5
54.5 64.5
55.5 6.5
55.5 7.5
55.5 15.5
55.5 16.5
55.5 23.5
55.5 24.5
55.5 25.5
55.5 26.5
55.5 36.5
55.5 37.5
55.5 39.5
55.5 40.5
55.5 41.5
55.5 50.5
55.5 51.5
55.5 54.5
55.5 55.5
55.5 56.5
55.5 64.5
55.5 65.5
56.5 5.5
56.5 6.5
56.5 14.5
56.5 15.5
56.5 25.5
56.5 26.5
56.5 27.5
56.5 40.5
56.5 41.5
56.5 42.5
56.5 51.5
56.5 52.5
56.5 55.5
56.5 56.5
56.5 57.5
56.5 65.5
56.5 66.5
56.5 68.5
57.5 5.5
57.5 13.5
57.5 14.5
57.5 26.5
57.5 27.5
57.5 28.5
57.5 41.5
57.5 42.5
57.5 43.5
57.5 56.5
57.5 57.5
57.5 58.5
57.5 66.5
57.5 68.5
58.5 12.5
58.5 13.5
58.5 28.5
58.5 29.5
58.5 42.5
58.5 43.5
58.5 44.5
58.5 57.5
58.5 58.5
58.5 59.5
59.5 11.5
59.5 12.5
59.5 29.5
59.5 30.5
59.5 43.5
59.5 44.5
59.5 45.5
59.5 58.5
59.5 59.5
59.5 60.5
60.5 11.5
60.5 31.5
60.5 45.5
60.5 60.5
60.5 61.5
61.5 10.5
61.5 46.5
61.5 61.5
61.5 62.5
