2.5 11.5
2.5 22.5
3.5 10.5
3.5 22.5
3.5 30.5
3.5 41.5
3.5 50.5
3.5 63.5
4.5 9.5
4.5 10.5
4.5 22.5
4.5 29.5
4.5 41.5
4.5 49.5
4.5 50.5
4.5 63.5
5.5 8.5
5.5 9.5
5.5 23.5
5.5 29.5
5.5 42.5
5.5 49.5
5.5 63.5
5.5 64.5
6.5 8.5
6.5 23.5
6.5 28.5
6.5 29.5
6.5 42.5
6.5 48.5
6.5 49.5
6.5 64.5
7.5 23.5
7.5 28.5
7.5 42.5
7.5 48.5
7.5 65.5
8.5 14.5
8.5 19.5
8.5 43.5
8.5 54.5
8.5 59.5
9.5 13.5
9.5 19.5
9.5 33.5
9.5 38.5
9.5 54.5
9.5 60.5
10.5 13.5
10.5 19.5
10.5 32.5
10.5 38.5
10.5 53.5
10.5 60.5
10.5 61.5
11.5 12.5
11.5 19.5
11.5 31.5
11.5 38.5
11.5 39.5
11.5 52.5
11.5 53.5
11.5 61.5
12.5 12.5
12.5 19.5
12.5 31.5
12.5 39.5
12.5 52.5
13.5 19.5
13.5 30.5
13.5 39.5
18.5 29.5
18.5 51.5
18.5 63.5
19.5 9.5
19.5 21.5
19.5 29.5
19.5 39.5
19.5 50.5
19.5 63.5
20.5 9.5
20.5 21.5
20.5 28.5
20.5 38.5
20.5 39.5
20.5 50.5
20.5 63.5
21.5 9.5
21.5 22.5
21.5 28.5
21.5 38.5
21.5 49.5
21.5 50.5
21.5 63.5
22.5 9.5
22.5 22.5
22.5 28.5
22.5 38.5
22.5 49.5
22.5 64.5
23.5 23.5
23.5 54.5
23.5 59.5
24.5 12.5
24.5 17.5
24.5 32.5
24.5 43.5
24.5 54.5
24.5 59.5
25.5 12.5
25.5 17.5
25.5 18.5
25.5 32.5
25.5 43.5
25.5 53.5
25.5 59.5
26.5 11.5
26.5 18.5
26.5 32.5
26.5 42.5
26.5 43.5
26.5 53.5
26.5 59.5
27.5 11.5
27.5 19.5
27.5 31.5
27.5 42.5
27.5 53.5
27.5 59.5
28.5 31.5
28.5 42.5
28.5 52.5
33.5 11.5
33.5 19.5
34.5 11.5
34.5 18.5
34.5 19.5
34.5 30.5
34.5 41.5
34.5 50.5
34.5 61.5
35.5 11.5
35.5 18.5
35.5 29.5
35.5 40.5
35.5 50.5
35.5 62.5
36.5 12.5
36.5 17.5
36.5 18.5
36.5 29.5
36.5 40.5
36.5 49.5
36.5 62.5
36.5 63.5
37.5 12.5
37.5 17.5
37.5 28.5
37.5 39.5
37.5 49.5
37.5 63.5
38.5 8.5
38.5 16.5
38.5 28.5
38.5 39.5
38.5 49.5
38.5 64.5
39.5 8.5
39.5 23.5
39.5 34.5
39.5 44.5
39.5 48.5
40.5 9.5
40.5 22.5
40.5 33.5
40.5 44.5
40.5 53.5
40.5 58.5
41.5 9.5
41.5 21.5
41.5 22.5
41.5 32.5
41.5 33.5
41.5 43.5
41.5 52.5
41.5 53.5
41.5 59.5
42.5 9.5
42.5 21.5
42.5 32.5
42.5 43.5
42.5 52.5
42.5 59.5
42.5 60.5
43.5 20.5
43.5 32.5
43.5 42.5
43.5 52.5
43.5 60.5
43.5 61.5
44.5 42.5
44.5 51.5
48.5 9.5
48.5 19.5
49.5 8.5
49.5 19.5
49.5 30.5
49.5 42.5
49.5 62.5
50.5 8.5
50.5 18.5
50.5 19.5
50.5 29.5
50.5 30.5
50.5 42.5
50.5 50.5
50.5 62.5
50.5 63.5
51.5 8.5
51.5 18.5
51.5 29.5
51.5 43.5
51.5 49.5
51.5 50.5
51.5 63.5
52.5 7.5
52.5 18.5
52.5 28.5
52.5 29.5
52.5 43.5
52.5 49.5
52.5 63.5
52.5 64.5
53.5 7.5
53.5 18.5
53.5 28.5
53.5 44.5
53.5 49.5
53.5 64.5
54.5 12.5
54.5 23.5
54.5 39.5
54.5 64.5
55.5 12.5
55.5 23.5
55.5 33.5
55.5 39.5
55.5 53.5
55.5 58.5
56.5 11.5
56.5 12.5
56.5 22.5
56.5 33.5
56.5 39.5
56.5 40.5
56.5 53.5
56.5 59.5
57.5 11.5
57.5 22.5
57.5 32.5
57.5 40.5
57.5 52.5
57.5 53.5
57.5 59.5
58.5 11.5
58.5 32.5
58.5 40.5
58.5 52.5
58.5 60.5
59.5 52.5
59.5 60.5
60.5 61.5
