2.5 12.5
2.5 13.5
2.5 22.5
3.5 12.5
3.5 13.5
3.5 14.5
3.5 21.5
3.5 22.5
3.5 36.5
3.5 37.5
3.5 38.5
3.5 49.5
3.5 50.5
3.5 59.5
3.5 60.5
4.5 12.5
4.5 13.5
4.5 14.5
4.5 20.5
4.5 21.5
4.5 22.5
4.5 36.5
4.5 37.5
4.5 38.5
4.5 39.5
4.5 49.5
4.5 50.5
4.5 51.5
4.5 58.5
4.5 59.5
5.5 13.5
5.5 14.5
5.5 15.5
5.5 20.5
5.5 21.5
5.5 37.5
5.5 38.5
5.5 39.5
5.5 50.5
5.5 51.5
5.5 57.5
5.5 58.5
6.5 14.5
6.5 20.5
6.5 51.5
6.5 52.5
6.5 57.5
7.5 7.5
7.5 8.5
7.5 9.5
7.5 26.5
7.5 31.5
7.5 32.5
7.5 44.5
7.5 45.5
7.5 46.5
7.5 63.5
7.5 64.5
8.5 8.5
8.5 9.5
8.5 25.5
8.5 26.5
8.5 32.5
8.5 33.5
8.5 45.5
8.5 46.5
8.5 47.5
8.5 62.5
8.5 63.5
8.5 64.5
9.5 8.5
9.5 9.5
9.5 10.5
9.5 24.5
9.5 25.5
9.5 26.5
9.5 32.5
9.5 33.5
9.5 34.5
9.5 45.5
9.5 46.5
9.5 47.5
9.5 61.5
9.5 62.5
9.5 63.5
10.5 10.5
10.5 23.5
10.5 24.5
10.5 25.5
10.5 33.5
10.5 34.5
10.5 47.5
10.5 61.5
10.5 62.5
15.5 10.5
15.5 36.5
15.5 37.5
15.5 46.5
15.5 47.5
15.5 61.5
15.5 62.5
16.5 8.5
16.5 9.5
16.5 10.5
16.5 23.5
16.5 24.5
16.5 25.5
16.5 36.5
16.5 37.5
16.5 38.5
16.5 45.5
16.5 46.5
16.5 47.5
16.5 62.5
16.5 63.5
16.5 64.5
17.5 8.5
17.5 9.5
17.5 24.5
17.5 25.5
17.5 26.5
17.5 37.5
17.5 38.5
17.5 39.5
17.5 44.5
17.5 45.5
17.5 46.5
17.5 63.5
17.5 64.5
17.5 65.5
18.5 8.5
18.5 25.5
18.5 26.5
18.5 38.5
18.5 39.5
18.5 44.5
18.5 45.5
19.5 14.5
19.5 19.5
19.5 32.5
19.5 51.5
19.5 52.5
19.5 57.5
19.5 58.5
19.5 59.5
20.5 12.5
20.5 13.5
20.5 14.5
20.5 19.5
20.5 20.5
20.5 21.5
20.5 32.5
20.5 33.5
20.5 34.5
20.5 50.5
20.5 51.5
20.5 52.5
20.5 58.5
20.5 59.5
20.5 60.5
21.5 12.5
21.5 13.5
21.5 20.5
21.5 21.5
21.5 22.5
21.5 32.5
21.5 33.5
21.5 34.5
21.5 35.5
21.5 49.5
21.5 50.5
21.5 51.5
21.5 60.5
22.5 12.5
22.5 21.5
22.5 22.5
22.5 34.5
22.5 35.5
22.5 49.5
26.5 49.5
26.5 50.5
26.5 61.5
26.5 62.5
26.5 63.5
27.5 9.5
27.5 10.5
27.5 23.5
27.5 36.5
27.5 37.5
27.5 49.5
27.5 50.5
27.5 51.5
27.5 61.5
27.5 62.5
27.5 63.5
28.5 8.5
28.5 9.5
28.5 10.5
28.5 23.5
28.5 24.5
28.5 36.5
28.5 37.5
28.5 38.5
28.5 50.5
28.5 51.5
28.5 52.5
28.5 62.5
28.5 63.5
29.5 8.5
29.5 9.5
29.5 23.5
29.5 24.5
29.5 25.5
29.5 37.5
29.5 38.5
29.5 39.5
29.5 52.5
29.5 63.5
30.5 24.5
30.5 25.5
30.5 39.5
30.5 57.5
30.5 58.5
31.5 13.5
31.5 14.5
31.5 19.5
31.5 31.5
31.5 45.5
31.5 46.5
31.5 47.5
31.5 57.5
31.5 58.5
32.5 12.5
32.5 13.5
32.5 19.5
32.5 20.5
32.5 31.5
32.5 32.5
32.5 33.5
32.5 45.5
32.5 46.5
32.5 47.5
32.5 48.5
32.5 58.5
32.5 59.5
33.5 11.5
33.5 12.5
33.5 13.5
33.5 20.5
33.5 21.5
33.5 31.5
33.5 32.5
33.5 33.5
33.5 34.5
33.5 47.5
33.5 48.5
33.5 59.5
34.5 21.5
34.5 33.5
34.5 34.5
38.5 10.5
38.5 47.5
38.5 48.5
38.5 59.5
39.5 9.5
39.5 10.5
39.5 21.5
39.5 32.5
39.5 33.5
39.5 34.5
39.5 46.5
39.5 47.5
39.5 48.5
39.5 58.5
39.5 59.5
40.5 8.5
40.5 9.5
40.5 10.5
40.5 20.5
40.5 21.5
40.5 31.5
40.5 32.5
40.5 33.5
40.5 34.5
40.5 45.5
40.5 46.5
40.5 47.5
40.5 58.5
40.5 59.5
41.5 7.5
41.5 8.5
41.5 9.5
41.5 20.5
41.5 21.5
41.5 31.5
41.5 32.5
41.5 33.5
41.5 45.5
41.5 46.5
41.5 47.5
41.5 57.5
41.5 58.5
42.5 7.5
42.5 8.5
42.5 19.5
42.5 20.5
42.5 30.5
42.5 31.5
42.5 45.5
42.5 52.5
42.5 53.5
42.5 62.5
42.5 63.5
43.5 19.5
43.5 20.5
43.5 38.5
43.5 39.5
43.5 51.5
43.5 52.5
43.5 53.5
43.5 62.5
43.5 63.5
44.5 13.5
44.5 14.5
44.5 24.5
44.5 25.5
44.5 37.5
44.5 38.5
44.5 39.5
44.5 50.5
44.5 51.5
44.5 52.5
44.5 61.5
44.5 62.5
44.5 63.5
45.5 12.5
45.5 13.5
45.5 14.5
45.5 24.5
45.5 25.5
45.5 36.5
45.5 37.5
45.5 38.5
45.5 50.5
45.5 51.5
45.5 61.5
45.5 62.5
46.5 11.5
46.5 12.5
46.5 13.5
46.5 23.5
46.5 24.5
46.5 36.5
46.5 37.5
46.5 50.5
46.5 61.5
47.5 11.5
47.5 12.5
47.5 23.5
47.5 24.5
51.5 36.5
51.5 49.5
51.5 50.5
51.5 59.5
51.5 60.5
52.5 11.5
52.5 12.5
52.5 24.5
52.5 36.5
52.5 37.5
52.5 38.5
52.5 49.5
52.5 50.5
52.5 51.5
52.5 58.5
52.5 59.5
53.5 11.5
53.5 12.5
53.5 13.5
53.5 24.5
53.5 25.5
53.5 26.5
53.5 37.5
53.5 38.5
53.5 39.5
53.5 49.5
53.5 50.5
53.5 51.5
53.5 57.5
53.5 58.5
53.5 59.5
54.5 12.5
54.5 13.5
54.5 14.5
54.5 25.5
54.5 26.5
54.5 39.5
54.5 50.5
54.5 51.5
54.5 52.5
54.5 57.5
54.5 58.5
55.5 14.5
55.5 26.5
55.5 27.5
55.5 32.5
55.5 44.5
55.5 51.5
56.5 6.5
56.5 7.5
56.5 8.5
56.5 20.5
56.5 32.5
56.5 33.5
56.5 34.5
56.5 44.5
56.5 45.5
56.5 46.5
56.5 62.5
56.5 63.5
56.5 64.5
57.5 7.5
57.5 8.5
57.5 9.5
57.5 20.5
57.5 21.5
57.5 22.5
57.5 33.5
57.5 34.5
57.5 45.5
57.5 46.5
57.5 61.5
57.5 62.5
57.5 63.5
57.5 64.5
58.5 8.5
58.5 9.5
58.5 21.5
58.5 22.5
58.5 23.5
58.5 34.5
58.5 35.5
58.5 46.5
58.5 47.5
58.5 61.5
58.5 62.5
58.5 63.5
59.5 9.5
59.5 61.5
