1.5 10.5
1.5 49.5
2.5 9.5
2.5 10.5
2.5 49.5
2.5 50.5
2.5 60.5
2.5 61.5
3.5 8.5
3.5 9.5
3.5 10.5
3.5 36.5
3.5 37.5
3.5 38.5
3.5 49.5
3.5 50.5
3.5 51.5
3.5 59.5
3.5 60.5
3.5 61.5
4.5 8.5
4.5 9.5
4.5 10.5
4.5 22.5
4.5 23.5
4.5 36.5
4.5 37.5
4.5 38.5
4.5 50.5
4.5 51.5
4.5 52.5
4.5 59.5
4.5 60.5
4.5 61.5
5.5 7.5
5.5 8.5
5.5 9.5
5.5 21.5
5.5 22.5
5.5 23.5
5.5 36.5
5.5 37.5
5.5 38.5
5.5 50.5
5.5 51.5
5.5 52.5
5.5 58.5
5.5 59.5
5.5 60.5
6.5 7.5
6.5 8.5
6.5 9.5
6.5 20.5
6.5 21.5
6.5 22.5
6.5 23.5
6.5 36.5
6.5 37.5
6.5 38.5
6.5 39.5
6.5 51.5
6.5 52.5
6.5 53.5
6.5 57.5
6.5 58.5
6.5 59.5
6.5 60.5
6.5 65.5
7.5 7.5
7.5 8.5
7.5 14.5
7.5 19.5
7.5 20.5
7.5 21.5
7.5 22.5
7.5 36.5
7.5 37.5
7.5 38.5
7.5 39.5
7.5 43.5
7.5 44.5
7.5 45.5
7.5 52.5
7.5 53.5
7.5 57.5
7.5 58.5
7.5 59.5
7.5 64.5
7.5 65.5
8.5 7.5
8.5 8.5
8.5 13.5
8.5 14.5
8.5 19.5
8.5 20.5
8.5 21.5
8.5 22.5
8.5 31.5
8.5 36.5
8.5 37.5
8.5 38.5
8.5 39.5
8.5 43.5
8.5 44.5
8.5 45.5
8.5 46.5
8.5 53.5
8.5 54.5
8.5 57.5
8.5 58.5
8.5 63.5
8.5 64.5
9.5 7.5
9.5 12.5
9.5 13.5
9.5 14.5
9.5 19.5
9.5 20.5
9.5 21.5
9.5 28.5
9.5 31.5
9.5 32.5
9.5 37.5
9.5 38.5
9.5 43.5
9.5 44.5
9.5 45.5
9.5 46.5
9.5 47.5
9.5 62.5
9.5 63.5
9.5 64.5
10.5 12.5
10.5 13.5
10.5 14.5
10.5 19.5
10.5 20.5
10.5 21.5
10.5 27.5
10.5 28.5
10.5 32.5
10.5 33.5
10.5 37.5
10.5 38.5
10.5 44.5
10.5 45.5
10.5 46.5
10.5 47.5
10.5 48.5
10.5 62.5
10.5 63.5
11.5 11.5
11.5 12.5
11.5 13.5
11.5 14.5
11.5 19.5
11.5 20.5
11.5 26.5
11.5 27.5
11.5 28.5
11.5 32.5
11.5 33.5
11.5 45.5
11.5 46.5
11.5 47.5
11.5 48.5
11.5 49.5
11.5 61.5
11.5 62.5
11.5 63.5
12.5 11.5
12.5 12.5
12.5 13.5
12.5 14.5
12.5 25.5
12.5 26.5
12.5 27.5
12.5 33.5
12.5 34.5
12.5 46.5
12.5 47.5
12.5 48.5
12.5 49.5
12.5 61.5
12.5 62.5
13.5 11.5
13.5 12.5
13.5 13.5
13.5 24.5
13.5 25.5
13.5 26.5
13.5 33.5
13.5 34.5
13.5 47.5
13.5 48.5
13.5 49.5
13.5 61.5
14.5 11.5
14.5 12.5
14.5 13.5
14.5 24.5
14.5 25.5
14.5 34.5
14.5 35.5
15.5 11.5
15.5 12.5
15.5 23.5
15.5 24.5
16.5 60.5
16.5 61.5
17.5 11.5
17.5 34.5
17.5 35.5
17.5 46.5
17.5 47.5
17.5 48.5
17.5 60.5
17.5 61.5
18.5 10.5
18.5 11.5
18.5 12.5
18.5 23.5
18.5 24.5
18.5 25.5
18.5 33.5
18.5 34.5
18.5 46.5
18.5 47.5
18.5 48.5
18.5 49.5
18.5 50.5
18.5 61.5
18.5 62.5
19.5 9.5
19.5 10.5
19.5 11.5
19.5 24.5
19.5 25.5
19.5 26.5
19.5 33.5
19.5 34.5
19.5 47.5
19.5 48.5
19.5 49.5
19.5 50.5
19.5 51.5
19.5 61.5
19.5 62.5
20.5 8.5
20.5 9.5
20.5 10.5
20.5 11.5
20.5 24.5
20.5 25.5
20.5 26.5
20.5 27.5
20.5 32.5
20.5 33.5
20.5 34.5
20.5 48.5
20.5 49.5
20.5 50.5
20.5 51.5
20.5 52.5
20.5 61.5
20.5 62.5
20.5 63.5
21.5 8.5
21.5 9.5
21.5 10.5
21.5 11.5
21.5 25.5
21.5 26.5
21.5 27.5
21.5 32.5
21.5 33.5
21.5 48.5
21.5 49.5
21.5 50.5
21.5 51.5
21.5 52.5
21.5 57.5
21.5 62.5
21.5 63.5
22.5 7.5
22.5 8.5
22.5 9.5
22.5 10.5
22.5 25.5
22.5 26.5
22.5 27.5
22.5 28.5
22.5 31.5
22.5 32.5
22.5 37.5
22.5 38.5
22.5 41.5
22.5 42.5
22.5 49.5
22.5 50.5
22.5 51.5
22.5 52.5
22.5 53.5
22.5 57.5
22.5 58.5
22.5 62.5
22.5 63.5
23.5 7.5
23.5 8.5
23.5 9.5
23.5 16.5
23.5 17.5
23.5 19.5
23.5 20.5
23.5 27.5
23.5 28.5
23.5 31.5
23.5 36.5
23.5 37.5
23.5 38.5
23.5 42.5
23.5 43.5
23.5 51.5
23.5 52.5
23.5 53.5
23.5 57.5
23.5 58.5
23.5 63.5
24.5 6.5
24.5 7.5
24.5 8.5
24.5 15.5
24.5 16.5
24.5 20.5
24.5 21.5
24.5 22.5
24.5 36.5
24.5 37.5
24.5 38.5
24.5 42.5
24.5 43.5
24.5 44.5
24.5 52.5
24.5 53.5
24.5 57.5
24.5 58.5
24.5 59.5
25.5 6.5
25.5 7.5
25.5 13.5
25.5 14.5
25.5 15.5
25.5 16.5
25.5 20.5
25.5 21.5
25.5 22.5
25.5 23.5
25.5 35.5
25.5 36.5
25.5 37.5
25.5 42.5
25.5 43.5
25.5 44.5
25.5 45.5
25.5 57.5
25.5 58.5
25.5 59.5
26.5 12.5
26.5 13.5
26.5 14.5
26.5 15.5
26.5 21.5
26.5 22.5
26.5 23.5
26.5 35.5
26.5 36.5
26.5 37.5
26.5 43.5
26.5 44.5
26.5 45.5
26.5 46.5
26.5 58.5
26.5 59.5
27.5 12.5
27.5 13.5
27.5 14.5
27.5 22.5
27.5 23.5
27.5 24.5
27.5 35.5
27.5 36.5
27.5 37.5
27.5 44.5
27.5 45.5
27.5 46.5
27.5 47.5
27.5 58.5
27.5 59.5
27.5 60.5
28.5 11.5
28.5 12.5
28.5 13.5
28.5 23.5
28.5 24.5
28.5 35.5
28.5 36.5
28.5 45.5
28.5 46.5
28.5 47.5
28.5 58.5
28.5 59.5
28.5 60.5
29.5 10.5
29.5 11.5
29.5 12.5
29.5 35.5
29.5 36.5
29.5 46.5
29.5 47.5
29.5 48.5
29.5 59.5
29.5 60.5
30.5 10.5
30.5 47.5
30.5 48.5
31.5 23.5
31.5 24.5
32.5 12.5
32.5 23.5
32.5 24.5
32.5 34.5
32.5 35.5
32.5 59.5
32.5 60.5
33.5 10.5
33.5 11.5
33.5 12.5
33.5 22.5
33.5 23.5
33.5 24.5
33.5 33.5
33.5 34.5
33.5 35.5
33.5 47.5
33.5 48.5
33.5 49.5
33.5 58.5
33.5 59.5
34.5 9.5
34.5 10.5
34.5 11.5
34.5 12.5
34.5 21.5
34.5 22.5
34.5 23.5
34.5 33.5
34.5 34.5
34.5 35.5
34.5 46.5
34.5 47.5
34.5 48.5
34.5 57.5
34.5 58.5
34.5 59.5
35.5 8.5
35.5 9.5
35.5 10.5
35.5 11.5
35.5 21.5
35.5 22.5
35.5 23.5
35.5 32.5
35.5 33.5
35.5 34.5
35.5 45.5
35.5 46.5
35.5 47.5
35.5 48.5
35.5 57.5
35.5 58.5
36.5 7.5
36.5 8.5
36.5 9.5
36.5 10.5
36.5 21.5
36.5 22.5
36.5 27.5
36.5 32.5
36.5 33.5
36.5 34.5
36.5 44.5
36.5 45.5
36.5 46.5
36.5 47.5
36.5 56.5
36.5 57.5
36.5 58.5
37.5 7.5
37.5 8.5
37.5 9.5
37.5 15.5
37.5 16.5
37.5 17.5
37.5 20.5
37.5 21.5
37.5 22.5
37.5 26.5
37.5 27.5
37.5 31.5
37.5 32.5
37.5 33.5
37.5 34.5
37.5 43.5
37.5 44.5
37.5 45.5
37.5 46.5
37.5 52.5
37.5 56.5
37.5 57.5
37.5 62.5
37.5 63.5
37.5 64.5
38.5 6.5
38.5 7.5
38.5 8.5
38.5 14.5
38.5 15.5
38.5 16.5
38.5 20.5
38.5 21.5
38.5 26.5
38.5 27.5
38.5 31.5
38.5 32.5
38.5 33.5
38.5 39.5
38.5 40.5
38.5 43.5
38.5 44.5
38.5 45.5
38.5 51.5
38.5 52.5
38.5 55.5
38.5 56.5
38.5 57.5
38.5 62.5
38.5 63.5
38.5 64.5
39.5 6.5
39.5 7.5
39.5 13.5
39.5 14.5
39.5 15.5
39.5 16.5
39.5 20.5
39.5 25.5
39.5 26.5
39.5 27.5
39.5 31.5
39.5 32.5
39.5 38.5
39.5 39.5
39.5 40.5
39.5 43.5
39.5 44.5
39.5 50.5
39.5 51.5
39.5 52.5
39.5 55.5
39.5 56.5
39.5 61.5
39.5 62.5
39.5 63.5
39.5 64.5
40.5 13.5
40.5 14.5
40.5 15.5
40.5 25.5
40.5 26.5
40.5 27.5
40.5 31.5
40.5 32.5
40.5 37.5
40.5 38.5
40.5 39.5
40.5 49.5
40.5 50.5
40.5 51.5
40.5 61.5
40.5 62.5
40.5 63.5
41.5 12.5
41.5 13.5
41.5 14.5
41.5 15.5
41.5 24.5
41.5 25.5
41.5 26.5
41.5 36.5
41.5 37.5
41.5 38.5
41.5 39.5
41.5 49.5
41.5 50.5
41.5 51.5
41.5 60.5
41.5 61.5
41.5 62.5
41.5 63.5
42.5 11.5
42.5 12.5
42.5 13.5
42.5 14.5
42.5 24.5
42.5 25.5
42.5 26.5
42.5 35.5
42.5 36.5
42.5 37.5
42.5 38.5
42.5 48.5
42.5 49.5
42.5 50.5
42.5 60.5
42.5 61.5
42.5 62.5
42.5 63.5
43.5 11.5
43.5 12.5
43.5 13.5
43.5 24.5
43.5 25.5
43.5 35.5
43.5 36.5
43.5 37.5
43.5 48.5
43.5 49.5
43.5 60.5
43.5 61.5
43.5 62.5
44.5 11.5
44.5 12.5
44.5 24.5
44.5 25.5
44.5 35.5
44.5 36.5
44.5 47.5
44.5 48.5
44.5 60.5
44.5 61.5
45.5 24.5
45.5 60.5
46.5 48.5
47.5 11.5
47.5 12.5
47.5 24.5
47.5 35.5
47.5 36.5
47.5 47.5
47.5 48.5
48.5 11.5
48.5 12.5
48.5 13.5
48.5 23.5
48.5 24.5
48.5 35.5
48.5 36.5
48.5 37.5
48.5 46.5
48.5 47.5
48.5 48.5
48.5 60.5
48.5 61.5
49.5 12.5
49.5 13.5
49.5 14.5
49.5 22.5
49.5 23.5
49.5 24.5
49.5 35.5
49.5 36.5
49.5 37.5
49.5 38.5
49.5 45.5
49.5 46.5
49.5 47.5
49.5 58.5
49.5 59.5
49.5 60.5
49.5 61.5
50.5 12.5
50.5 13.5
50.5 14.5
50.5 15.5
50.5 21.5
50.5 22.5
50.5 23.5
50.5 36.5
50.5 37.5
50.5 38.5
50.5 39.5
50.5 45.5
50.5 46.5
50.5 47.5
50.5 58.5
50.5 59.5
50.5 60.5
51.5 13.5
51.5 14.5
51.5 15.5
51.5 21.5
51.5 22.5
51.5 23.5
51.5 36.5
51.5 37.5
51.5 38.5
51.5 39.5
51.5 44.5
51.5 45.5
51.5 46.5
51.5 57.5
51.5 58.5
51.5 59.5
51.5 60.5
52.5 6.5
52.5 7.5
52.5 13.5
52.5 14.5
52.5 15.5
52.5 16.5
52.5 20.5
52.5 21.5
52.5 22.5
52.5 37.5
52.5 38.5
52.5 39.5
52.5 40.5
52.5 44.5
52.5 45.5
52.5 46.5
52.5 51.5
52.5 52.5
52.5 56.5
52.5 57.5
52.5 58.5
52.5 59.5
53.5 6.5
53.5 7.5
53.5 8.5
53.5 14.5
53.5 15.5
53.5 16.5
53.5 20.5
53.5 21.5
53.5 22.5
53.5 27.5
53.5 28.5
53.5 31.5
53.5 32.5
53.5 38.5
53.5 39.5
53.5 40.5
53.5 43.5
53.5 44.5
53.5 45.5
53.5 50.5
53.5 51.5
53.5 52.5
53.5 56.5
53.5 57.5
53.5 58.5
53.5 65.5
54.5 7.5
54.5 8.5
54.5 9.5
54.5 15.5
54.5 16.5
54.5 17.5
54.5 20.5
54.5 21.5
54.5 26.5
54.5 27.5
54.5 28.5
54.5 32.5
54.5 33.5
54.5 39.5
54.5 40.5
54.5 43.5
54.5 44.5
54.5 49.5
54.5 50.5
54.5 51.5
54.5 52.5
54.5 56.5
54.5 57.5
54.5 63.5
54.5 64.5
54.5 65.5
55.5 7.5
55.5 8.5
55.5 9.5
55.5 10.5
55.5 20.5
55.5 25.5
55.5 26.5
55.5 27.5
55.5 28.5
55.5 32.5
55.5 33.5
55.5 34.5
55.5 49.5
55.5 50.5
55.5 51.5
55.5 56.5
55.5 62.5
55.5 63.5
55.5 64.5
55.5 65.5
56.5 8.5
56.5 9.5
56.5 10.5
56.5 11.5
56.5 25.5
56.5 26.5
56.5 27.5
56.5 33.5
56.5 34.5
56.5 35.5
56.5 48.5
56.5 49.5
56.5 50.5
56.5 51.5
56.5 62.5
56.5 63.5
56.5 64.5
57.5 8.5
57.5 9.5
57.5 10.5
57.5 11.5
57.5 24.5
57.5 25.5
57.5 26.5
57.5 27.5
57.5 34.5
57.5 35.5
57.5 36.5
57.5 48.5
57.5 49.5
57.5 50.5
57.5 61.5
57.5 62.5
57.5 63.5
58.5 9.5
58.5 10.5
58.5 11.5
58.5 24.5
58.5 25.5
58.5 26.5
58.5 35.5
58.5 36.5
58.5 47.5
58.5 48.5
58.5 49.5
58.5 61.5
58.5 62.5
58.5 63.5
59.5 10.5
59.5 11.5
59.5 12.5
59.5 24.5
59.5 25.5
59.5 36.5
59.5 47.5
59.5 48.5
59.5 60.5
59.5 61.5
59.5 62.5
60.5 24.5
60.5 60.5
