1.5 31.5
1.5 51.5
2.5 10.5
2.5 20.5
2.5 31.5
2.5 40.5
2.5 51.5
3.5 10.5
3.5 20.5
3.5 40.5
3.5 60.5
4.5 10.5
4.5 19.5
4.5 32.5
4.5 40.5
4.5 50.5
4.5 60.5
5.5 11.5
5.5 19.5
5.5 32.5
5.5 39.5
5.5 50.5
5.5 60.5
6.5 11.5
6.5 18.5
6.5 19.5
6.5 28.5
6.5 39.5
6.5 50.5
7.5 11.5
7.5 18.5
7.5 28.5
7.5 33.5
7.5 39.5
7.5 44.5
7.5 50.5
7.5 59.5
8.5 7.5
8.5 18.5
8.5 24.5
8.5 28.5
8.5 33.5
8.5 38.5
8.5 44.5
8.5 50.5
8.5 55.5
8.5 59.5
9.5 7.5
9.5 12.5
9.5 17.5
9.5 24.5
9.5 38.5
9.5 44.5
9.5 49.5
9.5 55.5
9.5 59.5
9.5 63.5
10.5 12.5
10.5 17.5
10.5 23.5
10.5 29.5
10.5 34.5
10.5 38.5
10.5 44.5
10.5 49.5
10.5 63.5
11.5 8.5
11.5 12.5
11.5 16.5
11.5 23.5
11.5 29.5
11.5 34.5
11.5 37.5
11.5 43.5
11.5 49.5
11.5 54.5
11.5 63.5
12.5 8.5
12.5 16.5
12.5 23.5
12.5 29.5
12.5 37.5
12.5 43.5
12.5 49.5
12.5 54.5
12.5 58.5
12.5 63.5
13.5 8.5
13.5 22.5
13.5 29.5
13.5 43.5
13.5 54.5
13.5 58.5
14.5 22.5
14.5 29.5
14.5 43.5
14.5 53.5
14.5 62.5
15.5 9.5
15.5 21.5
15.5 29.5
15.5 43.5
15.5 53.5
15.5 62.5
16.5 9.5
16.5 21.5
16.5 30.5
16.5 42.5
16.5 53.5
16.5 62.5
17.5 9.5
17.5 21.5
17.5 30.5
17.5 42.5
17.5 62.5
18.5 20.5
18.5 30.5
18.5 42.5
18.5 52.5
18.5 68.5
19.5 20.5
19.5 30.5
19.5 42.5
19.5 52.5
20.5 10.5
20.5 61.5
21.5 10.5
21.5 19.5
21.5 31.5
21.5 52.5
21.5 61.5
22.5 31.5
22.5 41.5
22.5 52.5
22.5 61.5
23.5 19.5
23.5 31.5
23.5 41.5
23.5 52.5
24.5 11.5
24.5 19.5
24.5 31.5
24.5 40.5
24.5 52.5
24.5 60.5
25.5 11.5
25.5 31.5
25.5 40.5
25.5 60.5
26.5 11.5
26.5 18.5
26.5 32.5
26.5 39.5
26.5 40.5
26.5 53.5
26.5 60.5
27.5 18.5
27.5 32.5
27.5 39.5
27.5 53.5
27.5 59.5
28.5 7.5
28.5 12.5
28.5 18.5
28.5 24.5
28.5 32.5
28.5 39.5
28.5 45.5
28.5 53.5
28.5 59.5
29.5 7.5
29.5 12.5
29.5 17.5
29.5 24.5
29.5 27.5
29.5 32.5
29.5 38.5
29.5 45.5
29.5 48.5
29.5 53.5
29.5 59.5
29.5 64.5
30.5 7.5
30.5 12.5
30.5 17.5
30.5 23.5
30.5 27.5
30.5 32.5
30.5 38.5
30.5 44.5
30.5 48.5
30.5 53.5
30.5 64.5
31.5 12.5
31.5 17.5
31.5 23.5
31.5 33.5
31.5 38.5
31.5 44.5
31.5 48.5
31.5 53.5
31.5 58.5
31.5 63.5
32.5 8.5
32.5 23.5
32.5 28.5
32.5 33.5
32.5 37.5
32.5 43.5
32.5 58.5
32.5 63.5
33.5 8.5
33.5 16.5
33.5 22.5
33.5 28.5
33.5 33.5
33.5 37.5
33.5 43.5
33.5 49.5
33.5 54.5
33.5 63.5
34.5 8.5
34.5 13.5
34.5 16.5
34.5 22.5
34.5 29.5
34.5 33.5
34.5 42.5
34.5 49.5
34.5 54.5
34.5 57.5
34.5 62.5
35.5 8.5
35.5 21.5
35.5 22.5
35.5 29.5
35.5 42.5
35.5 49.5
35.5 54.5
35.5 57.5
35.5 62.5
36.5 9.5
36.5 21.5
36.5 29.5
36.5 41.5
36.5 62.5
37.5 9.5
37.5 21.5
37.5 30.5
37.5 41.5
37.5 50.5
37.5 62.5
38.5 9.5
38.5 20.5
38.5 30.5
38.5 50.5
38.5 61.5
38.5 68.5
39.5 9.5
39.5 20.5
39.5 40.5
39.5 50.5
39.5 61.5
40.5 20.5
40.5 61.5
41.5 9.5
41.5 20.5
41.5 40.5
42.5 9.5
42.5 30.5
42.5 40.5
42.5 50.5
42.5 60.5
42.5 61.5
43.5 21.5
43.5 30.5
43.5 40.5
43.5 50.5
44.5 10.5
44.5 21.5
44.5 60.5
45.5 10.5
45.5 21.5
45.5 29.5
45.5 39.5
45.5 49.5
45.5 60.5
46.5 10.5
46.5 22.5
46.5 29.5
46.5 39.5
46.5 49.5
46.5 60.5
47.5 6.5
47.5 11.5
47.5 22.5
47.5 29.5
47.5 39.5
47.5 49.5
47.5 60.5
48.5 11.5
48.5 16.5
48.5 22.5
48.5 39.5
48.5 44.5
48.5 49.5
48.5 59.5
48.5 65.5
48.5 68.5
49.5 11.5
49.5 16.5
49.5 23.5
49.5 28.5
49.5 33.5
49.5 38.5
49.5 44.5
49.5 48.5
49.5 54.5
49.5 59.5
49.5 65.5
50.5 7.5
50.5 12.5
50.5 17.5
50.5 23.5
50.5 28.5
50.5 33.5
50.5 38.5
50.5 48.5
50.5 59.5
51.5 12.5
51.5 17.5
51.5 23.5
51.5 33.5
51.5 38.5
51.5 43.5
51.5 48.5
51.5 53.5
51.5 64.5
52.5 12.5
52.5 17.5
52.5 32.5
52.5 43.5
52.5 53.5
52.5 58.5
52.5 64.5
53.5 8.5
53.5 18.5
53.5 24.5
53.5 27.5
53.5 32.5
53.5 37.5
53.5 43.5
53.5 53.5
53.5 58.5
53.5 64.5
54.5 13.5
54.5 18.5
54.5 32.5
54.5 37.5
54.5 42.5
54.5 47.5
54.5 53.5
54.5 58.5
54.5 64.5
55.5 9.5
55.5 18.5
55.5 32.5
55.5 42.5
55.5 52.5
55.5 63.5
56.5 9.5
56.5 19.5
56.5 32.5
56.5 42.5
56.5 52.5
56.5 63.5
57.5 19.5
57.5 31.5
57.5 52.5
57.5 63.5
58.5 19.5
58.5 31.5
58.5 41.5
58.5 63.5
59.5 10.5
59.5 20.5
59.5 31.5
59.5 41.5
59.5 51.5
59.5 62.5
60.5 20.5
60.5 51.5
60.5 62.5
61.5 62.5
