1.5 62.5
2.5 10.5
2.5 20.5
2.5 30.5
2.5 39.5
2.5 49.5
2.5 50.5
2.5 63.5
3.5 9.5
3.5 21.5
3.5 29.5
3.5 38.5
3.5 51.5
3.5 52.5
3.5 63.5
4.5 8.5
4.5 22.5
4.5 23.5
4.5 28.5
4.5 37.5
4.5 43.5
4.5 53.5
4.5 54.5
4.5 63.5
5.5 7.5
5.5 24.5
5.5 36.5
5.5 42.5
5.5 46.5
5.5 55.5
5.5 56.5
5.5 58.5
5.5 64.5
6.5 6.5
6.5 14.5
6.5 16.5
6.5 25.5
6.5 27.5
6.5 35.5
6.5 42.5
6.5 47.5
6.5 59.5
6.5 64.5
7.5 12.5
7.5 13.5
7.5 18.5
7.5 31.5
7.5 41.5
7.5 48.5
7.5 59.5
8.5 11.5
8.5 19.5
8.5 30.5
8.5 41.5
8.5 49.5
8.5 60.5
9.5 9.5
9.5 10.5
9.5 20.5
9.5 29.5
9.5 40.5
9.5 50.5
10.5 8.5
10.5 51.5
10.5 61.5
11.5 30.5
12.5 29.5
12.5 41.5
12.5 50.5
12.5 61.5
13.5 10.5
13.5 20.5
13.5 21.5
13.5 28.5
13.5 40.5
13.5 52.5
13.5 59.5
14.5 7.5
14.5 8.5
14.5 22.5
14.5 23.5
14.5 27.5
14.5 39.5
14.5 53.5
14.5 58.5
15.5 6.5
15.5 24.5
15.5 34.5
15.5 38.5
15.5 54.5
16.5 15.5
16.5 17.5
16.5 32.5
16.5 33.5
16.5 37.5
16.5 44.5
16.5 48.5
16.5 63.5
16.5 64.5
17.5 13.5
17.5 14.5
17.5 18.5
17.5 31.5
17.5 43.5
17.5 50.5
17.5 61.5
17.5 62.5
18.5 12.5
18.5 29.5
18.5 30.5
18.5 42.5
19.5 10.5
19.5 19.5
19.5 41.5
20.5 9.5
20.5 20.5
21.5 20.5
21.5 29.5
21.5 41.5
21.5 50.5
21.5 61.5
22.5 30.5
22.5 49.5
22.5 60.5
23.5 10.5
23.5 21.5
23.5 32.5
23.5 42.5
23.5 48.5
23.5 60.5
24.5 8.5
24.5 9.5
24.5 21.5
24.5 25.5
24.5 33.5
24.5 34.5
24.5 43.5
24.5 48.5
24.5 55.5
24.5 59.5
25.5 7.5
25.5 26.5
25.5 35.5
25.5 43.5
25.5 47.5
25.5 54.5
25.5 59.5
25.5 65.5
26.5 6.5
26.5 16.5
26.5 22.5
26.5 27.5
26.5 38.5
26.5 46.5
26.5 53.5
26.5 54.5
26.5 58.5
26.5 64.5
27.5 13.5
27.5 17.5
27.5 28.5
27.5 29.5
27.5 39.5
27.5 52.5
27.5 53.5
27.5 64.5
28.5 11.5
28.5 18.5
28.5 29.5
28.5 30.5
28.5 40.5
28.5 51.5
28.5 52.5
28.5 63.5
29.5 10.5
29.5 19.5
29.5 31.5
29.5 41.5
29.5 51.5
30.5 8.5
30.5 20.5
30.5 62.5
31.5 62.5
32.5 20.5
32.5 29.5
32.5 30.5
32.5 40.5
33.5 10.5
33.5 19.5
33.5 31.5
33.5 32.5
33.5 39.5
33.5 52.5
33.5 63.5
34.5 11.5
34.5 12.5
34.5 18.5
34.5 33.5
34.5 34.5
34.5 50.5
34.5 51.5
34.5 63.5
35.5 6.5
35.5 13.5
35.5 16.5
35.5 23.5
35.5 36.5
35.5 38.5
35.5 45.5
35.5 48.5
35.5 49.5
35.5 56.5
36.5 7.5
36.5 22.5
36.5 25.5
36.5 26.5
36.5 44.5
36.5 55.5
36.5 58.5
36.5 64.5
37.5 8.5
37.5 21.5
37.5 28.5
37.5 29.5
37.5 43.5
37.5 54.5
37.5 59.5
37.5 64.5
38.5 9.5
38.5 31.5
38.5 42.5
38.5 53.5
38.5 59.5
39.5 10.5
39.5 60.5
40.5 11.5
41.5 19.5
41.5 41.5
41.5 61.5
42.5 30.5
42.5 42.5
43.5 18.5
43.5 32.5
43.5 43.5
43.5 52.5
43.5 61.5
44.5 18.5
44.5 33.5
44.5 34.5
44.5 38.5
44.5 44.5
44.5 53.5
44.5 60.5
45.5 13.5
45.5 17.5
45.5 23.5
45.5 26.5
45.5 36.5
45.5 44.5
45.5 59.5
46.5 12.5
46.5 17.5
46.5 22.5
46.5 27.5
46.5 39.5
46.5 45.5
46.5 48.5
46.5 54.5
46.5 58.5
47.5 12.5
47.5 28.5
47.5 40.5
47.5 49.5
47.5 55.5
47.5 57.5
47.5 65.5
48.5 21.5
48.5 30.5
48.5 40.5
48.5 50.5
48.5 63.5
49.5 11.5
49.5 20.5
49.5 31.5
49.5 41.5
49.5 51.5
49.5 62.5
50.5 20.5
50.5 52.5
50.5 61.5
51.5 11.5
52.5 10.5
52.5 19.5
52.5 31.5
52.5 41.5
52.5 50.5
53.5 10.5
53.5 21.5
53.5 29.5
53.5 30.5
53.5 51.5
53.5 62.5
54.5 9.5
54.5 22.5
54.5 28.5
54.5 42.5
54.5 52.5
54.5 61.5
55.5 9.5
55.5 24.5
55.5 27.5
55.5 34.5
55.5 37.5
55.5 53.5
55.5 59.5
55.5 60.5
56.5 8.5
56.5 16.5
56.5 25.5
56.5 33.5
56.5 43.5
56.5 47.5
56.5 54.5
56.5 58.5
57.5 13.5
57.5 17.5
57.5 18.5
57.5 32.5
57.5 38.5
57.5 48.5
57.5 55.5
57.5 57.5
57.5 66.5
58.5 7.5
58.5 12.5
58.5 19.5
58.5 20.5
58.5 49.5
58.5 64.5
59.5 11.5
59.5 31.5
59.5 39.5
59.5 50.5
59.5 63.5
59.5 68.5
60.5 10.5
60.5 30.5
60.5 51.5
60.5 61.5
61.5 40.5
