2.5 34.5
3.5 11.5
3.5 12.5
3.5 13.5
3.5 14.5
3.5 31.5
3.5 32.5
3.5 33.5
3.5 34.5
3.5 35.5
3.5 53.5
3.5 54.5
3.5 55.5
3.5 56.5
4.5 9.5
4.5 10.5
4.5 11.5
4.5 12.5
4.5 13.5
4.5 29.5
4.5 30.5
4.5 31.5
4.5 32.5
4.5 33.5
4.5 51.5
4.5 52.5
4.5 53.5
4.5 54.5
4.5 55.5
5.5 8.5
5.5 9.5
5.5 10.5
5.5 11.5
5.5 28.5
5.5 29.5
5.5 30.5
5.5 31.5
5.5 49.5
5.5 50.5
5.5 51.5
5.5 52.5
5.5 53.5
6.5 20.5
6.5 21.5
6.5 22.5
6.5 49.5
6.5 50.5
7.5 17.5
7.5 18.5
7.5 19.5
7.5 20.5
7.5 21.5
7.5 40.5
7.5 41.5
7.5 42.5
7.5 61.5
7.5 62.5
7.5 63.5
8.5 16.5
8.5 17.5
8.5 18.5
8.5 19.5
8.5 20.5
8.5 37.5
8.5 38.5
8.5 39.5
8.5 40.5
8.5 41.5
8.5 42.5
8.5 59.5
8.5 60.5
8.5 61.5
8.5 62.5
8.5 63.5
9.5 15.5
9.5 16.5
9.5 17.5
9.5 18.5
9.5 36.5
9.5 37.5
9.5 38.5
9.5 39.5
9.5 40.5
9.5 58.5
9.5 59.5
9.5 60.5
9.5 61.5
10.5 36.5
10.5 37.5
10.5 57.5
10.5 58.5
10.5 59.5
10.5 60.5
15.5 12.5
15.5 13.5
15.5 14.5
15.5 15.5
15.5 35.5
15.5 36.5
16.5 10.5
16.5 11.5
16.5 12.5
16.5 13.5
16.5 14.5
16.5 36.5
16.5 37.5
16.5 38.5
16.5 39.5
16.5 40.5
16.5 57.5
16.5 58.5
16.5 59.5
16.5 60.5
17.5 9.5
17.5 10.5
17.5 11.5
17.5 12.5
17.5 37.5
17.5 38.5
17.5 39.5
17.5 40.5
17.5 41.5
17.5 58.5
17.5 59.5
17.5 60.5
17.5 61.5
17.5 62.5
18.5 40.5
18.5 41.5
18.5 42.5
18.5 62.5
18.5 63.5
19.5 21.5
19.5 22.5
19.5 29.5
19.5 30.5
19.5 49.5
19.5 50.5
19.5 51.5
20.5 18.5
20.5 19.5
20.5 20.5
20.5 21.5
20.5 22.5
20.5 29.5
20.5 30.5
20.5 31.5
20.5 32.5
20.5 49.5
20.5 50.5
20.5 51.5
20.5 52.5
20.5 53.5
20.5 54.5
21.5 16.5
21.5 17.5
21.5 18.5
21.5 19.5
21.5 20.5
21.5 21.5
21.5 30.5
21.5 31.5
21.5 32.5
21.5 33.5
21.5 34.5
21.5 51.5
21.5 52.5
21.5 53.5
21.5 54.5
21.5 55.5
22.5 15.5
22.5 16.5
22.5 17.5
22.5 18.5
22.5 32.5
22.5 33.5
22.5 34.5
27.5 34.5
27.5 35.5
27.5 53.5
27.5 54.5
27.5 55.5
28.5 12.5
28.5 13.5
28.5 14.5
28.5 15.5
28.5 32.5
28.5 33.5
28.5 34.5
28.5 51.5
28.5 52.5
28.5 53.5
28.5 54.5
28.5 55.5
29.5 10.5
29.5 11.5
29.5 12.5
29.5 13.5
29.5 14.5
29.5 30.5
29.5 31.5
29.5 32.5
29.5 33.5
29.5 50.5
29.5 51.5
29.5 52.5
29.5 53.5
29.5 54.5
30.5 8.5
30.5 9.5
30.5 10.5
30.5 11.5
30.5 12.5
30.5 29.5
30.5 30.5
30.5 31.5
30.5 49.5
30.5 50.5
30.5 51.5
30.5 52.5
31.5 48.5
31.5 49.5
31.5 50.5
31.5 62.5
31.5 63.5
32.5 19.5
32.5 20.5
32.5 21.5
32.5 22.5
32.5 23.5
32.5 39.5
32.5 40.5
32.5 41.5
32.5 42.5
32.5 60.5
32.5 61.5
32.5 62.5
33.5 17.5
33.5 18.5
33.5 19.5
33.5 20.5
33.5 21.5
33.5 37.5
33.5 38.5
33.5 39.5
33.5 40.5
33.5 41.5
33.5 42.5
33.5 58.5
33.5 59.5
33.5 60.5
33.5 61.5
34.5 15.5
34.5 16.5
34.5 17.5
34.5 18.5
34.5 19.5
34.5 36.5
34.5 37.5
34.5 38.5
34.5 39.5
34.5 40.5
34.5 57.5
34.5 58.5
34.5 59.5
34.5 60.5
35.5 36.5
35.5 37.5
35.5 38.5
35.5 56.5
35.5 57.5
35.5 58.5
40.5 15.5
40.5 16.5
40.5 17.5
40.5 18.5
40.5 19.5
40.5 20.5
40.5 36.5
40.5 37.5
40.5 38.5
41.5 17.5
41.5 18.5
41.5 19.5
41.5 20.5
41.5 21.5
41.5 22.5
41.5 37.5
41.5 38.5
41.5 39.5
41.5 40.5
41.5 57.5
41.5 58.5
41.5 59.5
41.5 60.5
41.5 61.5
42.5 39.5
42.5 40.5
42.5 41.5
42.5 42.5
42.5 58.5
42.5 59.5
42.5 60.5
42.5 61.5
42.5 62.5
42.5 63.5
43.5 8.5
43.5 9.5
43.5 10.5
43.5 29.5
43.5 30.5
43.5 31.5
43.5 61.5
43.5 62.5
43.5 63.5
44.5 9.5
44.5 10.5
44.5 11.5
44.5 12.5
44.5 13.5
44.5 30.5
44.5 31.5
44.5 32.5
44.5 33.5
44.5 34.5
45.5 11.5
45.5 12.5
45.5 13.5
45.5 14.5
45.5 32.5
45.5 33.5
45.5 34.5
45.5 35.5
45.5 50.5
45.5 51.5
45.5 52.5
45.5 53.5
46.5 14.5
46.5 52.5
46.5 53.5
46.5 54.5
46.5 55.5
46.5 56.5
51.5 12.5
51.5 13.5
51.5 14.5
51.5 15.5
51.5 32.5
51.5 33.5
51.5 34.5
51.5 35.5
51.5 54.5
51.5 55.5
51.5 56.5
52.5 10.5
52.5 11.5
52.5 12.5
52.5 13.5
52.5 14.5
52.5 31.5
52.5 32.5
52.5 33.5
52.5 34.5
52.5 35.5
52.5 50.5
52.5 51.5
52.5 52.5
52.5 53.5
52.5 54.5
52.5 55.5
53.5 9.5
53.5 10.5
53.5 11.5
53.5 12.5
53.5 29.5
53.5 30.5
53.5 31.5
53.5 32.5
53.5 33.5
53.5 49.5
53.5 50.5
53.5 51.5
53.5 52.5
53.5 53.5
54.5 8.5
54.5 9.5
54.5 10.5
54.5 29.5
54.5 30.5
54.5 31.5
55.5 20.5
55.5 21.5
55.5 22.5
55.5 40.5
55.5 41.5
55.5 42.5
55.5 62.5
56.5 17.5
56.5 18.5
56.5 19.5
56.5 20.5
56.5 21.5
56.5 22.5
56.5 38.5
56.5 39.5
56.5 40.5
56.5 41.5
56.5 59.5
56.5 60.5
56.5 61.5
56.5 62.5
57.5 16.5
57.5 17.5
57.5 18.5
57.5 19.5
57.5 20.5
57.5 21.5
57.5 37.5
57.5 38.5
57.5 39.5
57.5 40.5
57.5 57.5
57.5 58.5
57.5 59.5
57.5 60.5
57.5 61.5
58.5 15.5
58.5 16.5
58.5 17.5
58.5 18.5
58.5 36.5
58.5 37.5
58.5 38.5
58.5 56.5
58.5 57.5
58.5 58.5
