2.5 29.5
3.5 11.5
3.5 19.5
3.5 29.5
3.5 40.5
3.5 51.5
4.5 19.5
4.5 29.5
4.5 40.5
4.5 59.5
5.5 12.5
5.5 18.5
5.5 28.5
5.5 29.5
5.5 40.5
5.5 52.5
5.5 59.5
6.5 12.5
6.5 18.5
6.5 28.5
6.5 40.5
6.5 52.5
6.5 59.5
7.5 12.5
7.5 18.5
7.5 28.5
7.5 39.5
7.5 40.5
7.5 52.5
7.5 58.5
7.5 59.5
8.5 13.5
8.5 18.5
8.5 28.5
8.5 39.5
8.5 40.5
8.5 53.5
8.5 58.5
8.5 59.5
9.5 13.5
9.5 18.5
9.5 28.5
9.5 39.5
9.5 40.5
9.5 53.5
9.5 58.5
10.5 8.5
10.5 13.5
10.5 33.5
10.5 39.5
10.5 53.5
10.5 58.5
11.5 8.5
11.5 22.5
11.5 33.5
11.5 39.5
11.5 49.5
12.5 8.5
12.5 9.5
12.5 22.5
12.5 33.5
12.5 44.5
12.5 49.5
12.5 63.5
13.5 9.5
13.5 22.5
13.5 33.5
13.5 44.5
13.5 49.5
13.5 63.5
14.5 9.5
14.5 22.5
14.5 33.5
14.5 44.5
14.5 50.5
14.5 63.5
15.5 9.5
15.5 22.5
15.5 32.5
15.5 33.5
15.5 43.5
15.5 50.5
15.5 62.5
15.5 63.5
16.5 9.5
16.5 10.5
16.5 22.5
16.5 32.5
16.5 33.5
16.5 43.5
16.5 50.5
16.5 62.5
17.5 10.5
17.5 21.5
17.5 32.5
17.5 43.5
17.5 50.5
17.5 62.5
18.5 10.5
18.5 21.5
18.5 62.5
19.5 10.5
23.5 32.5
24.5 10.5
24.5 22.5
24.5 33.5
24.5 43.5
24.5 50.5
24.5 62.5
25.5 10.5
25.5 22.5
25.5 33.5
25.5 43.5
25.5 50.5
25.5 62.5
26.5 9.5
26.5 22.5
26.5 33.5
26.5 43.5
26.5 50.5
26.5 62.5
27.5 9.5
27.5 22.5
27.5 33.5
27.5 34.5
27.5 43.5
27.5 49.5
27.5 62.5
27.5 63.5
28.5 8.5
28.5 22.5
28.5 23.5
28.5 34.5
28.5 44.5
28.5 49.5
28.5 63.5
29.5 8.5
29.5 23.5
29.5 28.5
29.5 34.5
29.5 44.5
29.5 58.5
29.5 63.5
30.5 7.5
30.5 8.5
30.5 23.5
30.5 28.5
30.5 44.5
30.5 48.5
30.5 58.5
30.5 63.5
31.5 7.5
31.5 13.5
31.5 18.5
31.5 28.5
31.5 29.5
31.5 40.5
31.5 53.5
31.5 58.5
32.5 13.5
32.5 18.5
32.5 29.5
32.5 40.5
32.5 53.5
32.5 59.5
33.5 12.5
33.5 13.5
33.5 19.5
33.5 29.5
33.5 40.5
33.5 53.5
33.5 59.5
34.5 12.5
34.5 19.5
34.5 29.5
34.5 30.5
34.5 40.5
34.5 53.5
34.5 59.5
35.5 12.5
35.5 19.5
35.5 30.5
35.5 40.5
35.5 52.5
35.5 53.5
35.5 59.5
36.5 11.5
36.5 19.5
36.5 30.5
36.5 41.5
36.5 52.5
36.5 59.5
37.5 11.5
37.5 20.5
37.5 30.5
37.5 41.5
37.5 52.5
38.5 20.5
38.5 52.5
43.5 11.5
43.5 20.5
43.5 30.5
43.5 61.5
44.5 11.5
44.5 20.5
44.5 30.5
44.5 40.5
44.5 61.5
45.5 11.5
45.5 19.5
45.5 30.5
45.5 40.5
45.5 50.5
45.5 61.5
46.5 12.5
46.5 19.5
46.5 29.5
46.5 40.5
46.5 50.5
46.5 61.5
47.5 12.5
47.5 19.5
47.5 29.5
47.5 40.5
47.5 50.5
48.5 12.5
48.5 13.5
48.5 18.5
48.5 29.5
48.5 39.5
48.5 49.5
48.5 50.5
48.5 62.5
49.5 7.5
49.5 13.5
49.5 18.5
49.5 28.5
49.5 39.5
49.5 49.5
49.5 62.5
50.5 7.5
50.5 13.5
50.5 18.5
50.5 23.5
50.5 28.5
50.5 34.5
50.5 39.5
50.5 44.5
50.5 49.5
50.5 62.5
51.5 7.5
51.5 23.5
51.5 34.5
51.5 39.5
51.5 44.5
51.5 49.5
51.5 62.5
52.5 7.5
52.5 8.5
52.5 22.5
52.5 23.5
52.5 33.5
52.5 34.5
52.5 43.5
52.5 54.5
53.5 8.5
53.5 22.5
53.5 33.5
53.5 43.5
53.5 54.5
54.5 8.5
54.5 22.5
54.5 33.5
54.5 43.5
54.5 53.5
54.5 54.5
54.5 59.5
55.5 8.5
55.5 22.5
55.5 32.5
55.5 33.5
55.5 43.5
55.5 53.5
55.5 59.5
56.5 8.5
56.5 9.5
56.5 21.5
56.5 32.5
56.5 42.5
56.5 53.5
56.5 59.5
57.5 9.5
57.5 21.5
57.5 32.5
57.5 42.5
57.5 52.5
57.5 53.5
57.5 59.5
58.5 32.5
58.5 42.5
58.5 52.5
59.5 52.5
