2.5 26.5
2.5 27.5
2.5 40.5
2.5 41.5
2.5 42.5
2.5 55.5
2.5 56.5
2.5 57.5
3.5 15.5
3.5 16.5
3.5 24.5
3.5 25.5
3.5 26.5
3.5 27.5
3.5 39.5
3.5 40.5
3.5 41.5
3.5 42.5
3.5 43.5
3.5 54.5
3.5 55.5
3.5 56.5
3.5 57.5
4.5 14.5
4.5 15.5
4.5 16.5
4.5 17.5
4.5 24.5
4.5 25.5
4.5 26.5
4.5 27.5
4.5 39.5
4.5 40.5
4.5 41.5
4.5 42.5
4.5 53.5
4.5 54.5
4.5 55.5
4.5 56.5
4.5 57.5
5.5 14.5
5.5 15.5
5.5 16.5
5.5 17.5
5.5 18.5
5.5 23.5
5.5 24.5
5.5 25.5
5.5 26.5
5.5 27.5
5.5 39.5
5.5 40.5
5.5 41.5
5.5 42.5
5.5 53.5
5.5 54.5
5.5 55.5
5.5 56.5
6.5 15.5
6.5 16.5
6.5 17.5
6.5 18.5
6.5 24.5
6.5 25.5
6.5 31.5
6.5 32.5
6.5 33.5
6.5 46.5
6.5 47.5
6.5 60.5
6.5 61.5
6.5 62.5
7.5 9.5
7.5 10.5
7.5 29.5
7.5 30.5
7.5 31.5
7.5 32.5
7.5 33.5
7.5 44.5
7.5 45.5
7.5 46.5
7.5 47.5
7.5 48.5
7.5 59.5
7.5 60.5
7.5 61.5
7.5 62.5
8.5 8.5
8.5 9.5
8.5 10.5
8.5 11.5
8.5 12.5
8.5 29.5
8.5 30.5
8.5 31.5
8.5 32.5
8.5 33.5
8.5 44.5
8.5 45.5
8.5 46.5
8.5 47.5
8.5 58.5
8.5 59.5
8.5 60.5
8.5 61.5
8.5 62.5
9.5 9.5
9.5 10.5
9.5 11.5
9.5 12.5
9.5 13.5
9.5 29.5
9.5 30.5
9.5 31.5
9.5 32.5
9.5 44.5
9.5 45.5
9.5 46.5
9.5 58.5
9.5 59.5
9.5 60.5
9.5 61.5
10.5 10.5
10.5 11.5
10.5 12.5
10.5 59.5
10.5 60.5
13.5 41.5
13.5 42.5
14.5 9.5
14.5 10.5
14.5 11.5
14.5 12.5
14.5 29.5
14.5 30.5
14.5 31.5
14.5 32.5
14.5 40.5
14.5 41.5
14.5 42.5
14.5 43.5
14.5 56.5
15.5 8.5
15.5 9.5
15.5 10.5
15.5 11.5
15.5 12.5
15.5 29.5
15.5 30.5
15.5 31.5
15.5 32.5
15.5 33.5
15.5 39.5
15.5 40.5
15.5 41.5
15.5 42.5
15.5 54.5
15.5 55.5
15.5 56.5
15.5 57.5
15.5 58.5
16.5 7.5
16.5 8.5
16.5 9.5
16.5 10.5
16.5 11.5
16.5 12.5
16.5 29.5
16.5 30.5
16.5 31.5
16.5 32.5
16.5 33.5
16.5 38.5
16.5 39.5
16.5 40.5
16.5 41.5
16.5 54.5
16.5 55.5
16.5 56.5
16.5 57.5
16.5 58.5
17.5 8.5
17.5 9.5
17.5 10.5
17.5 11.5
17.5 30.5
17.5 31.5
17.5 32.5
17.5 54.5
17.5 55.5
17.5 56.5
17.5 57.5
18.5 16.5
18.5 17.5
18.5 24.5
18.5 25.5
18.5 26.5
18.5 44.5
18.5 45.5
18.5 46.5
18.5 47.5
18.5 54.5
18.5 55.5
18.5 56.5
18.5 57.5
19.5 14.5
19.5 15.5
19.5 16.5
19.5 17.5
19.5 23.5
19.5 24.5
19.5 25.5
19.5 26.5
19.5 27.5
19.5 43.5
19.5 44.5
19.5 45.5
19.5 46.5
19.5 47.5
19.5 48.5
19.5 61.5
19.5 62.5
19.5 63.5
20.5 13.5
20.5 14.5
20.5 15.5
20.5 16.5
20.5 17.5
20.5 24.5
20.5 25.5
20.5 26.5
20.5 27.5
20.5 43.5
20.5 44.5
20.5 45.5
20.5 46.5
20.5 47.5
20.5 48.5
20.5 60.5
20.5 61.5
20.5 62.5
20.5 63.5
21.5 13.5
21.5 14.5
21.5 15.5
21.5 16.5
21.5 24.5
21.5 25.5
21.5 26.5
21.5 27.5
21.5 43.5
21.5 44.5
21.5 45.5
21.5 46.5
21.5 47.5
21.5 59.5
21.5 60.5
21.5 61.5
21.5 62.5
21.5 63.5
22.5 45.5
22.5 46.5
22.5 59.5
22.5 60.5
22.5 61.5
22.5 62.5
26.5 10.5
26.5 11.5
26.5 12.5
26.5 25.5
26.5 26.5
26.5 27.5
26.5 41.5
26.5 42.5
27.5 8.5
27.5 9.5
27.5 10.5
27.5 11.5
27.5 12.5
27.5 24.5
27.5 25.5
27.5 26.5
27.5 27.5
27.5 28.5
27.5 39.5
27.5 40.5
27.5 41.5
27.5 42.5
27.5 43.5
27.5 60.5
27.5 61.5
27.5 62.5
27.5 63.5
28.5 8.5
28.5 9.5
28.5 10.5
28.5 11.5
28.5 12.5
28.5 24.5
28.5 25.5
28.5 26.5
28.5 27.5
28.5 39.5
28.5 40.5
28.5 41.5
28.5 42.5
28.5 43.5
28.5 60.5
28.5 61.5
28.5 62.5
28.5 63.5
28.5 64.5
29.5 8.5
29.5 9.5
29.5 10.5
29.5 11.5
29.5 24.5
29.5 25.5
29.5 26.5
29.5 27.5
29.5 39.5
29.5 40.5
29.5 41.5
29.5 42.5
29.5 43.5
29.5 60.5
29.5 61.5
29.5 62.5
29.5 63.5
29.5 64.5
30.5 8.5
30.5 9.5
30.5 10.5
30.5 24.5
30.5 25.5
30.5 26.5
30.5 31.5
30.5 32.5
30.5 39.5
30.5 40.5
30.5 41.5
30.5 42.5
30.5 61.5
30.5 62.5
30.5 63.5
30.5 64.5
31.5 15.5
31.5 16.5
31.5 17.5
31.5 18.5
31.5 30.5
31.5 31.5
31.5 32.5
31.5 33.5
31.5 47.5
31.5 48.5
31.5 49.5
31.5 55.5
31.5 56.5
31.5 57.5
32.5 14.5
32.5 15.5
32.5 16.5
32.5 17.5
32.5 18.5
32.5 29.5
32.5 30.5
32.5 31.5
32.5 32.5
32.5 33.5
32.5 45.5
32.5 46.5
32.5 47.5
32.5 48.5
32.5 49.5
32.5 55.5
32.5 56.5
32.5 57.5
32.5 58.5
33.5 13.5
33.5 14.5
33.5 15.5
33.5 16.5
33.5 17.5
33.5 18.5
33.5 29.5
33.5 30.5
33.5 31.5
33.5 32.5
33.5 33.5
33.5 45.5
33.5 46.5
33.5 47.5
33.5 48.5
33.5 55.5
33.5 56.5
33.5 57.5
33.5 58.5
33.5 59.5
34.5 14.5
34.5 15.5
34.5 16.5
34.5 17.5
34.5 29.5
34.5 30.5
34.5 31.5
34.5 32.5
34.5 44.5
34.5 45.5
34.5 46.5
34.5 47.5
34.5 57.5
34.5 58.5
34.5 59.5
35.5 15.5
38.5 60.5
38.5 61.5
39.5 14.5
39.5 15.5
39.5 41.5
39.5 42.5
39.5 43.5
39.5 44.5
39.5 59.5
39.5 60.5
39.5 61.5
39.5 62.5
40.5 13.5
40.5 14.5
40.5 15.5
40.5 16.5
40.5 17.5
40.5 30.5
40.5 31.5
40.5 32.5
40.5 33.5
40.5 40.5
40.5 41.5
40.5 42.5
40.5 43.5
40.5 44.5
40.5 59.5
40.5 60.5
40.5 61.5
40.5 62.5
40.5 63.5
41.5 13.5
41.5 14.5
41.5 15.5
41.5 16.5
41.5 17.5
41.5 30.5
41.5 31.5
41.5 32.5
41.5 33.5
41.5 34.5
41.5 40.5
41.5 41.5
41.5 42.5
41.5 43.5
41.5 60.5
41.5 61.5
41.5 62.5
41.5 63.5
42.5 14.5
42.5 15.5
42.5 16.5
42.5 17.5
42.5 18.5
42.5 31.5
42.5 32.5
42.5 33.5
42.5 34.5
42.5 40.5
42.5 41.5
42.5 42.5
42.5 62.5
43.5 15.5
43.5 16.5
43.5 17.5
43.5 32.5
43.5 33.5
43.5 34.5
43.5 47.5
43.5 48.5
43.5 49.5
43.5 55.5
43.5 56.5
43.5 57.5
44.5 8.5
44.5 9.5
44.5 10.5
44.5 24.5
44.5 25.5
44.5 26.5
44.5 27.5
44.5 46.5
44.5 47.5
44.5 48.5
44.5 49.5
44.5 50.5
44.5 55.5
44.5 56.5
44.5 57.5
44.5 58.5
45.5 7.5
45.5 8.5
45.5 9.5
45.5 10.5
45.5 11.5
45.5 24.5
45.5 25.5
45.5 26.5
45.5 27.5
45.5 28.5
45.5 45.5
45.5 46.5
45.5 47.5
45.5 48.5
45.5 49.5
45.5 50.5
45.5 55.5
45.5 56.5
45.5 57.5
45.5 58.5
46.5 8.5
46.5 9.5
46.5 10.5
46.5 11.5
46.5 24.5
46.5 25.5
46.5 26.5
46.5 27.5
46.5 28.5
46.5 29.5
46.5 45.5
46.5 46.5
46.5 47.5
46.5 48.5
46.5 49.5
46.5 56.5
46.5 57.5
46.5 58.5
47.5 8.5
47.5 9.5
47.5 10.5
47.5 11.5
47.5 25.5
47.5 26.5
47.5 27.5
47.5 28.5
47.5 46.5
47.5 47.5
47.5 48.5
48.5 10.5
48.5 11.5
52.5 10.5
52.5 28.5
52.5 29.5
52.5 30.5
52.5 31.5
52.5 32.5
52.5 46.5
52.5 47.5
52.5 48.5
52.5 60.5
52.5 61.5
52.5 62.5
53.5 8.5
53.5 9.5
53.5 10.5
53.5 11.5
53.5 28.5
53.5 29.5
53.5 30.5
53.5 31.5
53.5 32.5
53.5 33.5
53.5 46.5
53.5 47.5
53.5 48.5
53.5 49.5
53.5 60.5
53.5 61.5
53.5 62.5
53.5 63.5
54.5 7.5
54.5 8.5
54.5 9.5
54.5 10.5
54.5 11.5
54.5 29.5
54.5 30.5
54.5 31.5
54.5 32.5
54.5 33.5
54.5 46.5
54.5 47.5
54.5 48.5
54.5 49.5
54.5 50.5
54.5 60.5
54.5 61.5
54.5 62.5
54.5 63.5
55.5 7.5
55.5 8.5
55.5 9.5
55.5 10.5
55.5 31.5
55.5 32.5
55.5 40.5
55.5 41.5
55.5 42.5
55.5 47.5
55.5 48.5
55.5 49.5
55.5 50.5
55.5 61.5
55.5 62.5
55.5 63.5
56.5 8.5
56.5 9.5
56.5 14.5
56.5 15.5
56.5 16.5
56.5 17.5
56.5 23.5
56.5 24.5
56.5 25.5
56.5 26.5
56.5 39.5
56.5 40.5
56.5 41.5
56.5 42.5
56.5 43.5
56.5 56.5
56.5 57.5
57.5 13.5
57.5 14.5
57.5 15.5
57.5 16.5
57.5 17.5
57.5 23.5
57.5 24.5
57.5 25.5
57.5 26.5
57.5 27.5
57.5 40.5
57.5 41.5
57.5 42.5
57.5 43.5
57.5 44.5
57.5 55.5
57.5 56.5
57.5 57.5
57.5 58.5
58.5 13.5
58.5 14.5
58.5 15.5
58.5 16.5
58.5 17.5
58.5 24.5
58.5 25.5
58.5 26.5
58.5 27.5
58.5 28.5
58.5 41.5
58.5 42.5
58.5 43.5
58.5 44.5
58.5 56.5
58.5 57.5
58.5 58.5
58.5 59.5
59.5 13.5
59.5 14.5
59.5 15.5
59.5 16.5
59.5 56.5
59.5 57.5
59.5 58.5
59.5 59.5
60.5 58.5
