1.5 11.5
1.5 24.5
2.5 11.5
2.5 12.5
2.5 24.5
2.5 36.5
2.5 60.5
3.5 12.5
3.5 25.5
3.5 36.5
3.5 48.5
3.5 60.5
4.5 12.5
4.5 13.5
4.5 25.5
4.5 26.5
4.5 35.5
4.5 36.5
4.5 48.5
4.5 60.5
4.5 61.5
5.5 12.5
5.5 13.5
5.5 25.5
5.5 26.5
5.5 35.5
5.5 48.5
5.5 49.5
5.5 60.5
5.5 61.5
6.5 13.5
6.5 26.5
6.5 27.5
6.5 34.5
6.5 35.5
6.5 49.5
6.5 61.5
7.5 13.5
7.5 14.5
7.5 26.5
7.5 27.5
7.5 34.5
7.5 35.5
7.5 49.5
7.5 50.5
7.5 61.5
7.5 62.5
8.5 7.5
8.5 14.5
8.5 20.5
8.5 27.5
8.5 28.5
8.5 34.5
8.5 40.5
8.5 43.5
8.5 49.5
8.5 50.5
8.5 55.5
8.5 61.5
8.5 62.5
9.5 7.5
9.5 14.5
9.5 15.5
9.5 20.5
9.5 28.5
9.5 34.5
9.5 44.5
9.5 50.5
9.5 55.5
9.5 62.5
10.5 7.5
10.5 8.5
10.5 15.5
10.5 20.5
10.5 21.5
10.5 28.5
10.5 29.5
10.5 33.5
10.5 34.5
10.5 39.5
10.5 44.5
10.5 50.5
10.5 51.5
10.5 56.5
10.5 62.5
10.5 63.5
11.5 8.5
11.5 15.5
11.5 21.5
11.5 29.5
11.5 33.5
11.5 39.5
11.5 44.5
11.5 45.5
11.5 51.5
11.5 56.5
11.5 62.5
11.5 63.5
12.5 8.5
12.5 9.5
12.5 21.5
12.5 22.5
12.5 38.5
12.5 39.5
12.5 44.5
12.5 45.5
12.5 51.5
12.5 56.5
12.5 57.5
12.5 63.5
13.5 8.5
13.5 9.5
13.5 22.5
13.5 38.5
13.5 45.5
13.5 56.5
13.5 57.5
13.5 63.5
14.5 9.5
14.5 22.5
14.5 23.5
14.5 37.5
14.5 38.5
14.5 45.5
14.5 46.5
14.5 57.5
15.5 9.5
15.5 10.5
15.5 23.5
15.5 37.5
15.5 46.5
15.5 57.5
15.5 58.5
16.5 9.5
16.5 10.5
16.5 23.5
16.5 24.5
16.5 37.5
16.5 46.5
16.5 47.5
16.5 58.5
17.5 10.5
17.5 24.5
17.5 36.5
17.5 37.5
17.5 47.5
17.5 58.5
18.5 10.5
18.5 11.5
18.5 24.5
18.5 36.5
18.5 47.5
18.5 59.5
19.5 11.5
19.5 59.5
20.5 24.5
20.5 36.5
21.5 11.5
21.5 24.5
21.5 36.5
21.5 47.5
21.5 59.5
22.5 10.5
22.5 24.5
22.5 25.5
22.5 35.5
22.5 47.5
22.5 59.5
23.5 10.5
23.5 25.5
23.5 35.5
23.5 46.5
23.5 47.5
23.5 58.5
24.5 9.5
24.5 10.5
24.5 25.5
24.5 26.5
24.5 35.5
24.5 46.5
24.5 58.5
25.5 9.5
25.5 10.5
25.5 25.5
25.5 26.5
25.5 34.5
25.5 35.5
25.5 46.5
25.5 58.5
26.5 9.5
26.5 26.5
26.5 27.5
26.5 34.5
26.5 45.5
26.5 46.5
26.5 57.5
26.5 58.5
27.5 8.5
27.5 9.5
27.5 26.5
27.5 27.5
27.5 33.5
27.5 34.5
27.5 45.5
27.5 46.5
27.5 57.5
27.5 58.5
28.5 8.5
28.5 9.5
28.5 15.5
28.5 19.5
28.5 27.5
28.5 33.5
28.5 39.5
28.5 45.5
28.5 52.5
28.5 57.5
28.5 58.5
29.5 7.5
29.5 8.5
29.5 15.5
29.5 20.5
29.5 27.5
29.5 28.5
29.5 33.5
29.5 39.5
29.5 44.5
29.5 45.5
29.5 51.5
29.5 57.5
29.5 63.5
30.5 7.5
30.5 8.5
30.5 14.5
30.5 20.5
30.5 27.5
30.5 28.5
30.5 33.5
30.5 38.5
30.5 39.5
30.5 44.5
30.5 51.5
30.5 57.5
30.5 63.5
31.5 7.5
31.5 14.5
31.5 20.5
31.5 21.5
31.5 28.5
31.5 32.5
31.5 38.5
31.5 44.5
31.5 51.5
31.5 56.5
31.5 57.5
31.5 62.5
31.5 63.5
32.5 7.5
32.5 13.5
32.5 14.5
32.5 20.5
32.5 21.5
32.5 32.5
32.5 38.5
32.5 44.5
32.5 50.5
32.5 51.5
32.5 56.5
32.5 62.5
33.5 13.5
33.5 14.5
33.5 21.5
33.5 22.5
33.5 37.5
33.5 38.5
33.5 50.5
33.5 51.5
33.5 56.5
33.5 62.5
34.5 13.5
34.5 21.5
34.5 22.5
34.5 37.5
34.5 38.5
34.5 49.5
34.5 50.5
34.5 62.5
35.5 12.5
35.5 13.5
35.5 21.5
35.5 22.5
35.5 37.5
35.5 49.5
35.5 50.5
35.5 61.5
35.5 62.5
36.5 12.5
36.5 22.5
36.5 37.5
36.5 49.5
36.5 50.5
36.5 61.5
36.5 62.5
37.5 12.5
37.5 22.5
37.5 23.5
37.5 36.5
37.5 37.5
37.5 49.5
37.5 61.5
38.5 11.5
38.5 12.5
38.5 23.5
38.5 36.5
38.5 48.5
38.5 49.5
38.5 61.5
39.5 11.5
39.5 23.5
39.5 36.5
39.5 48.5
39.5 61.5
40.5 48.5
42.5 11.5
42.5 23.5
42.5 35.5
42.5 48.5
43.5 11.5
43.5 24.5
43.5 35.5
43.5 48.5
44.5 10.5
44.5 24.5
44.5 25.5
44.5 35.5
44.5 48.5
44.5 49.5
44.5 61.5
45.5 10.5
45.5 24.5
45.5 25.5
45.5 34.5
45.5 35.5
45.5 48.5
45.5 49.5
45.5 61.5
46.5 10.5
46.5 25.5
46.5 26.5
46.5 34.5
46.5 35.5
46.5 49.5
46.5 61.5
46.5 62.5
47.5 9.5
47.5 10.5
47.5 25.5
47.5 26.5
47.5 34.5
47.5 49.5
47.5 50.5
47.5 61.5
47.5 62.5
48.5 9.5
48.5 10.5
48.5 26.5
48.5 27.5
48.5 33.5
48.5 34.5
48.5 49.5
48.5 50.5
48.5 62.5
49.5 9.5
49.5 15.5
49.5 18.5
49.5 26.5
49.5 27.5
49.5 33.5
49.5 34.5
49.5 39.5
49.5 43.5
49.5 49.5
49.5 50.5
49.5 56.5
49.5 62.5
50.5 9.5
50.5 19.5
50.5 27.5
50.5 28.5
50.5 33.5
50.5 39.5
50.5 43.5
50.5 50.5
50.5 56.5
50.5 62.5
50.5 63.5
51.5 8.5
51.5 9.5
51.5 14.5
51.5 19.5
51.5 20.5
51.5 27.5
51.5 28.5
51.5 33.5
51.5 39.5
51.5 44.5
51.5 50.5
51.5 51.5
51.5 56.5
51.5 57.5
51.5 62.5
51.5 63.5
52.5 8.5
52.5 14.5
52.5 20.5
52.5 21.5
52.5 28.5
52.5 38.5
52.5 44.5
52.5 50.5
52.5 51.5
52.5 56.5
52.5 57.5
52.5 63.5
53.5 8.5
53.5 13.5
53.5 14.5
53.5 20.5
53.5 21.5
53.5 38.5
53.5 44.5
53.5 51.5
53.5 56.5
53.5 57.5
53.5 63.5
54.5 13.5
54.5 21.5
54.5 22.5
54.5 38.5
54.5 44.5
54.5 45.5
54.5 51.5
54.5 57.5
55.5 13.5
55.5 21.5
55.5 22.5
55.5 37.5
55.5 38.5
55.5 44.5
55.5 45.5
55.5 57.5
55.5 58.5
56.5 13.5
56.5 22.5
56.5 23.5
56.5 37.5
56.5 45.5
56.5 57.5
56.5 58.5
57.5 12.5
57.5 23.5
57.5 37.5
57.5 45.5
57.5 57.5
57.5 58.5
58.5 12.5
58.5 23.5
58.5 24.5
58.5 36.5
58.5 37.5
58.5 45.5
58.5 46.5
58.5 58.5
59.5 12.5
59.5 24.5
59.5 36.5
59.5 46.5
59.5 58.5
60.5 36.5
60.5 46.5
60.5 58.5
61.5 46.5
