2.5 56.5
3.5 15.5
3.5 35.5
3.5 55.5
4.5 14.5
4.5 36.5
4.5 54.5
4.5 55.5
5.5 13.5
5.5 14.5
5.5 36.5
5.5 37.5
5.5 53.5
5.5 54.5
6.5 12.5
6.5 13.5
6.5 37.5
6.5 38.5
6.5 39.5
6.5 53.5
7.5 11.5
7.5 12.5
7.5 39.5
7.5 40.5
7.5 52.5
8.5 10.5
8.5 11.5
8.5 40.5
8.5 41.5
8.5 51.5
8.5 52.5
9.5 9.5
9.5 10.5
9.5 41.5
9.5 42.5
9.5 50.5
9.5 51.5
9.5 63.5
10.5 8.5
10.5 9.5
10.5 22.5
10.5 42.5
10.5 43.5
10.5 50.5
10.5 62.5
11.5 21.5
11.5 29.5
11.5 49.5
11.5 61.5
11.5 62.5
12.5 20.5
12.5 21.5
12.5 29.5
12.5 30.5
12.5 60.5
12.5 61.5
13.5 19.5
13.5 20.5
13.5 30.5
13.5 31.5
13.5 60.5
14.5 18.5
14.5 19.5
14.5 31.5
14.5 32.5
14.5 59.5
14.5 60.5
15.5 17.5
15.5 18.5
15.5 32.5
15.5 33.5
15.5 58.5
15.5 59.5
16.5 16.5
16.5 17.5
16.5 34.5
16.5 57.5
16.5 58.5
17.5 15.5
17.5 16.5
17.5 35.5
17.5 57.5
18.5 15.5
18.5 36.5
18.5 56.5
24.5 15.5
24.5 35.5
24.5 57.5
25.5 14.5
25.5 15.5
25.5 36.5
25.5 37.5
25.5 56.5
26.5 13.5
26.5 14.5
26.5 37.5
26.5 38.5
26.5 54.5
26.5 55.5
27.5 11.5
27.5 12.5
27.5 38.5
27.5 39.5
27.5 53.5
27.5 54.5
28.5 10.5
28.5 11.5
28.5 39.5
28.5 40.5
28.5 52.5
28.5 53.5
29.5 9.5
29.5 10.5
29.5 40.5
29.5 41.5
29.5 51.5
29.5 52.5
30.5 8.5
30.5 9.5
30.5 42.5
30.5 50.5
31.5 22.5
31.5 29.5
31.5 43.5
31.5 49.5
31.5 64.5
32.5 20.5
32.5 21.5
32.5 30.5
32.5 62.5
32.5 63.5
33.5 19.5
33.5 20.5
33.5 31.5
33.5 32.5
33.5 61.5
33.5 62.5
34.5 18.5
34.5 19.5
34.5 32.5
34.5 33.5
34.5 60.5
34.5 61.5
35.5 17.5
35.5 18.5
35.5 33.5
35.5 34.5
35.5 59.5
35.5 60.5
36.5 16.5
36.5 34.5
36.5 35.5
36.5 57.5
36.5 58.5
37.5 15.5
37.5 36.5
37.5 56.5
37.5 57.5
43.5 15.5
43.5 36.5
44.5 16.5
44.5 35.5
44.5 57.5
45.5 17.5
45.5 18.5
45.5 34.5
45.5 35.5
45.5 56.5
46.5 18.5
46.5 19.5
46.5 33.5
46.5 34.5
46.5 54.5
46.5 55.5
47.5 19.5
47.5 20.5
47.5 32.5
47.5 33.5
47.5 53.5
47.5 54.5
48.5 20.5
48.5 21.5
48.5 31.5
48.5 52.5
48.5 53.5
49.5 21.5
49.5 22.5
49.5 30.5
49.5 51.5
49.5 52.5
50.5 8.5
50.5 23.5
50.5 29.5
50.5 43.5
50.5 50.5
51.5 9.5
51.5 10.5
51.5 42.5
51.5 49.5
51.5 63.5
51.5 64.5
52.5 10.5
52.5 11.5
52.5 40.5
52.5 41.5
52.5 62.5
52.5 63.5
53.5 11.5
53.5 12.5
53.5 39.5
53.5 40.5
53.5 61.5
53.5 62.5
54.5 12.5
54.5 13.5
54.5 38.5
54.5 39.5
54.5 60.5
54.5 61.5
55.5 13.5
55.5 14.5
55.5 37.5
55.5 38.5
55.5 59.5
55.5 60.5
56.5 14.5
56.5 15.5
56.5 36.5
56.5 37.5
56.5 58.5
56.5 59.5
57.5 15.5
57.5 36.5
57.5 57.5
57.5 58.5
58.5 56.5
