1.5 12.5
1.5 20.5
1.5 30.5
1.5 41.5
1.5 50.5
1.5 51.5
1.5 62.5
2.5 10.5
2.5 11.5
2.5 21.5
2.5 29.5
2.5 30.5
2.5 40.5
2.5 51.5
2.5 52.5
2.5 63.5
3.5 8.5
3.5 9.5
3.5 16.5
3.5 22.5
3.5 28.5
3.5 29.5
3.5 39.5
3.5 46.5
3.5 52.5
3.5 53.5
3.5 57.5
3.5 63.5
3.5 64.5
4.5 7.5
4.5 8.5
4.5 15.5
4.5 16.5
4.5 17.5
4.5 23.5
4.5 27.5
4.5 28.5
4.5 34.5
4.5 37.5
4.5 38.5
4.5 46.5
4.5 47.5
4.5 53.5
4.5 54.5
4.5 58.5
4.5 64.5
5.5 5.5
5.5 6.5
5.5 14.5
5.5 17.5
5.5 18.5
5.5 23.5
5.5 26.5
5.5 27.5
5.5 33.5
5.5 36.5
5.5 37.5
5.5 44.5
5.5 45.5
5.5 47.5
5.5 48.5
5.5 54.5
5.5 55.5
5.5 58.5
5.5 59.5
5.5 65.5
6.5 12.5
6.5 13.5
6.5 18.5
6.5 19.5
6.5 24.5
6.5 26.5
6.5 32.5
6.5 35.5
6.5 43.5
6.5 44.5
6.5 48.5
6.5 56.5
6.5 59.5
6.5 60.5
6.5 65.5
7.5 11.5
7.5 12.5
7.5 19.5
7.5 25.5
7.5 31.5
7.5 32.5
7.5 34.5
7.5 41.5
7.5 42.5
7.5 43.5
7.5 49.5
7.5 57.5
7.5 60.5
7.5 66.5
8.5 10.5
8.5 11.5
8.5 20.5
8.5 30.5
8.5 31.5
8.5 40.5
8.5 41.5
8.5 50.5
8.5 61.5
9.5 9.5
9.5 21.5
9.5 29.5
9.5 30.5
9.5 39.5
9.5 40.5
9.5 51.5
9.5 61.5
9.5 62.5
10.5 12.5
10.5 22.5
10.5 31.5
10.5 38.5
10.5 43.5
10.5 52.5
10.5 62.5
11.5 11.5
11.5 20.5
11.5 30.5
11.5 42.5
11.5 59.5
11.5 63.5
12.5 9.5
12.5 10.5
12.5 20.5
12.5 21.5
12.5 29.5
12.5 41.5
12.5 42.5
12.5 52.5
12.5 60.5
12.5 61.5
13.5 8.5
13.5 9.5
13.5 21.5
13.5 22.5
13.5 28.5
13.5 40.5
13.5 41.5
13.5 51.5
13.5 61.5
13.5 62.5
14.5 7.5
14.5 8.5
14.5 15.5
14.5 16.5
14.5 22.5
14.5 23.5
14.5 27.5
14.5 35.5
14.5 39.5
14.5 40.5
14.5 47.5
14.5 50.5
14.5 55.5
14.5 62.5
14.5 63.5
15.5 6.5
15.5 14.5
15.5 17.5
15.5 23.5
15.5 26.5
15.5 34.5
15.5 35.5
15.5 38.5
15.5 39.5
15.5 46.5
15.5 49.5
15.5 54.5
15.5 56.5
15.5 64.5
16.5 12.5
16.5 13.5
16.5 18.5
16.5 24.5
16.5 25.5
16.5 33.5
16.5 34.5
16.5 37.5
16.5 38.5
16.5 45.5
16.5 48.5
16.5 54.5
16.5 57.5
16.5 58.5
16.5 65.5
17.5 11.5
17.5 12.5
17.5 18.5
17.5 19.5
17.5 31.5
17.5 32.5
17.5 33.5
17.5 37.5
17.5 44.5
17.5 47.5
17.5 53.5
17.5 58.5
17.5 59.5
17.5 66.5
17.5 68.5
18.5 10.5
18.5 11.5
18.5 19.5
18.5 20.5
18.5 30.5
18.5 31.5
18.5 32.5
18.5 36.5
18.5 43.5
18.5 52.5
18.5 59.5
18.5 60.5
19.5 9.5
19.5 20.5
19.5 29.5
19.5 30.5
19.5 42.5
19.5 51.5
19.5 52.5
19.5 61.5
20.5 11.5
20.5 19.5
20.5 21.5
20.5 29.5
20.5 41.5
20.5 51.5
20.5 62.5
21.5 10.5
21.5 11.5
21.5 19.5
21.5 28.5
21.5 50.5
21.5 52.5
21.5 63.5
22.5 9.5
22.5 10.5
22.5 20.5
22.5 29.5
22.5 40.5
22.5 41.5
22.5 51.5
22.5 59.5
22.5 60.5
23.5 9.5
23.5 21.5
23.5 24.5
23.5 30.5
23.5 41.5
23.5 42.5
23.5 50.5
23.5 60.5
23.5 61.5
24.5 8.5
24.5 9.5
24.5 15.5
24.5 16.5
24.5 21.5
24.5 22.5
24.5 25.5
24.5 31.5
24.5 32.5
24.5 42.5
24.5 43.5
24.5 49.5
24.5 50.5
24.5 56.5
24.5 62.5
25.5 7.5
25.5 8.5
25.5 14.5
25.5 17.5
25.5 22.5
25.5 26.5
25.5 32.5
25.5 33.5
25.5 43.5
25.5 44.5
25.5 48.5
25.5 49.5
25.5 55.5
25.5 56.5
25.5 63.5
25.5 64.5
26.5 7.5
26.5 13.5
26.5 17.5
26.5 23.5
26.5 26.5
26.5 27.5
26.5 33.5
26.5 34.5
26.5 35.5
26.5 44.5
26.5 45.5
26.5 48.5
26.5 54.5
26.5 57.5
26.5 64.5
26.5 65.5
27.5 6.5
27.5 12.5
27.5 18.5
27.5 27.5
27.5 34.5
27.5 35.5
27.5 36.5
27.5 37.5
27.5 45.5
27.5 46.5
27.5 47.5
27.5 53.5
27.5 54.5
27.5 58.5
27.5 66.5
28.5 11.5
28.5 12.5
28.5 19.5
28.5 28.5
28.5 36.5
28.5 38.5
28.5 39.5
28.5 40.5
28.5 46.5
28.5 52.5
28.5 53.5
28.5 59.5
28.5 68.5
29.5 11.5
29.5 19.5
29.5 29.5
29.5 40.5
29.5 41.5
29.5 51.5
29.5 52.5
29.5 60.5
30.5 10.5
30.5 20.5
30.5 21.5
30.5 30.5
30.5 43.5
30.5 50.5
30.5 51.5
30.5 61.5
31.5 9.5
31.5 20.5
31.5 30.5
31.5 50.5
31.5 62.5
32.5 10.5
32.5 19.5
32.5 29.5
32.5 41.5
32.5 42.5
32.5 49.5
32.5 50.5
32.5 59.5
33.5 11.5
33.5 18.5
33.5 28.5
33.5 29.5
33.5 40.5
33.5 41.5
33.5 51.5
33.5 61.5
34.5 6.5
34.5 12.5
34.5 17.5
34.5 26.5
34.5 28.5
34.5 34.5
34.5 38.5
34.5 39.5
34.5 46.5
34.5 52.5
34.5 62.5
34.5 63.5
35.5 6.5
35.5 7.5
35.5 13.5
35.5 24.5
35.5 25.5
35.5 27.5
35.5 28.5
35.5 33.5
35.5 37.5
35.5 38.5
35.5 45.5
35.5 47.5
35.5 53.5
35.5 64.5
35.5 65.5
36.5 7.5
36.5 8.5
36.5 14.5
36.5 16.5
36.5 22.5
36.5 23.5
36.5 27.5
36.5 33.5
36.5 36.5
36.5 37.5
36.5 44.5
36.5 47.5
36.5 48.5
36.5 54.5
36.5 56.5
36.5 57.5
36.5 66.5
37.5 8.5
37.5 9.5
37.5 15.5
37.5 20.5
37.5 21.5
37.5 22.5
37.5 26.5
37.5 32.5
37.5 33.5
37.5 35.5
37.5 36.5
37.5 43.5
37.5 48.5
37.5 49.5
37.5 55.5
37.5 58.5
37.5 59.5
37.5 60.5
38.5 9.5
38.5 19.5
38.5 20.5
38.5 32.5
38.5 34.5
38.5 42.5
38.5 49.5
38.5 60.5
38.5 61.5
38.5 62.5
39.5 10.5
39.5 18.5
39.5 31.5
39.5 32.5
39.5 41.5
39.5 42.5
39.5 50.5
39.5 64.5
40.5 11.5
40.5 23.5
40.5 31.5
40.5 40.5
40.5 41.5
40.5 51.5
40.5 59.5
41.5 11.5
41.5 22.5
41.5 23.5
41.5 40.5
41.5 52.5
41.5 60.5
41.5 61.5
42.5 10.5
42.5 21.5
42.5 22.5
42.5 31.5
42.5 39.5
42.5 40.5
42.5 51.5
42.5 61.5
42.5 62.5
43.5 9.5
43.5 16.5
43.5 20.5
43.5 21.5
43.5 26.5
43.5 32.5
43.5 41.5
43.5 50.5
43.5 55.5
43.5 62.5
43.5 63.5
44.5 8.5
44.5 15.5
44.5 18.5
44.5 19.5
44.5 25.5
44.5 26.5
44.5 32.5
44.5 33.5
44.5 42.5
44.5 43.5
44.5 49.5
44.5 54.5
44.5 64.5
44.5 65.5
45.5 7.5
45.5 14.5
45.5 17.5
45.5 18.5
45.5 27.5
45.5 33.5
45.5 35.5
45.5 44.5
45.5 48.5
45.5 54.5
45.5 55.5
45.5 56.5
45.5 65.5
45.5 66.5
46.5 6.5
46.5 13.5
46.5 16.5
46.5 17.5
46.5 24.5
46.5 27.5
46.5 28.5
46.5 34.5
46.5 36.5
46.5 37.5
46.5 38.5
46.5 45.5
46.5 47.5
46.5 53.5
46.5 57.5
46.5 58.5
46.5 68.5
47.5 5.5
47.5 12.5
47.5 13.5
47.5 16.5
47.5 23.5
47.5 28.5
47.5 29.5
47.5 34.5
47.5 38.5
47.5 39.5
47.5 47.5
47.5 52.5
47.5 58.5
47.5 59.5
48.5 11.5
48.5 22.5
48.5 29.5
48.5 35.5
48.5 40.5
48.5 41.5
48.5 52.5
48.5 60.5
48.5 61.5
49.5 10.5
49.5 21.5
49.5 29.5
49.5 30.5
49.5 42.5
49.5 43.5
49.5 51.5
49.5 61.5
49.5 62.5
50.5 8.5
50.5 9.5
50.5 21.5
50.5 30.5
50.5 44.5
50.5 50.5
50.5 51.5
50.5 63.5
50.5 64.5
51.5 8.5
51.5 9.5
51.5 20.5
51.5 21.5
51.5 31.5
51.5 42.5
51.5 63.5
52.5 10.5
52.5 31.5
52.5 32.5
52.5 41.5
52.5 50.5
52.5 62.5
53.5 11.5
53.5 12.5
53.5 20.5
53.5 30.5
53.5 31.5
53.5 39.5
53.5 40.5
53.5 47.5
53.5 50.5
53.5 60.5
53.5 61.5
54.5 12.5
54.5 13.5
54.5 19.5
54.5 29.5
54.5 35.5
54.5 38.5
54.5 46.5
54.5 49.5
54.5 56.5
54.5 59.5
54.5 60.5
54.5 65.5
55.5 5.5
55.5 13.5
55.5 14.5
55.5 19.5
55.5 24.5
55.5 27.5
55.5 28.5
55.5 34.5
55.5 37.5
55.5 44.5
55.5 45.5
55.5 49.5
55.5 55.5
55.5 58.5
55.5 59.5
56.5 6.5
56.5 7.5
56.5 14.5
56.5 15.5
56.5 18.5
56.5 24.5
56.5 26.5
56.5 27.5
56.5 33.5
56.5 35.5
56.5 43.5
56.5 44.5
56.5 49.5
56.5 54.5
56.5 55.5
56.5 57.5
56.5 58.5
56.5 64.5
57.5 7.5
57.5 8.5
57.5 16.5
57.5 18.5
57.5 23.5
57.5 25.5
57.5 26.5
57.5 32.5
57.5 34.5
57.5 42.5
57.5 43.5
57.5 48.5
57.5 54.5
57.5 56.5
57.5 63.5
58.5 8.5
58.5 9.5
58.5 17.5
58.5 22.5
58.5 31.5
58.5 42.5
58.5 43.5
58.5 48.5
58.5 53.5
58.5 63.5
59.5 9.5
59.5 10.5
59.5 17.5
59.5 21.5
59.5 22.5
59.5 30.5
59.5 41.5
59.5 42.5
59.5 52.5
59.5 53.5
59.5 62.5
59.5 68.5
60.5 10.5
60.5 11.5
60.5 21.5
60.5 29.5
60.5 40.5
60.5 51.5
60.5 52.5
60.5 62.5
61.5 11.5
61.5 12.5
61.5 20.5
61.5 39.5
61.5 51.5
61.5 61.5
