1.5 24.5
1.5 35.5
1.5 47.5
1.5 48.5
1.5 60.5
1.5 61.5
2.5 11.5
2.5 12.5
2.5 23.5
2.5 24.5
2.5 35.5
2.5 36.5
2.5 46.5
2.5 47.5
2.5 59.5
2.5 60.5
3.5 12.5
3.5 13.5
3.5 14.5
3.5 22.5
3.5 23.5
3.5 36.5
3.5 37.5
3.5 38.5
3.5 45.5
3.5 46.5
3.5 58.5
3.5 59.5
4.5 13.5
4.5 14.5
4.5 15.5
4.5 21.5
4.5 22.5
4.5 37.5
4.5 38.5
4.5 39.5
4.5 44.5
4.5 45.5
4.5 57.5
4.5 58.5
5.5 15.5
5.5 16.5
5.5 17.5
5.5 21.5
5.5 27.5
5.5 28.5
5.5 31.5
5.5 39.5
5.5 40.5
5.5 43.5
5.5 44.5
5.5 52.5
5.5 56.5
5.5 57.5
6.5 6.5
6.5 7.5
6.5 20.5
6.5 26.5
6.5 27.5
6.5 32.5
6.5 33.5
6.5 50.5
6.5 51.5
6.5 55.5
6.5 64.5
6.5 65.5
7.5 7.5
7.5 8.5
7.5 9.5
7.5 26.5
7.5 27.5
7.5 33.5
7.5 34.5
7.5 49.5
7.5 50.5
7.5 51.5
7.5 63.5
7.5 64.5
7.5 65.5
8.5 8.5
8.5 9.5
8.5 10.5
8.5 11.5
8.5 25.5
8.5 26.5
8.5 34.5
8.5 35.5
8.5 48.5
8.5 49.5
8.5 62.5
8.5 63.5
8.5 64.5
9.5 10.5
9.5 11.5
9.5 12.5
9.5 24.5
9.5 25.5
9.5 35.5
9.5 47.5
9.5 48.5
9.5 61.5
9.5 62.5
9.5 63.5
10.5 60.5
10.5 61.5
12.5 24.5
13.5 13.5
13.5 24.5
13.5 25.5
13.5 35.5
13.5 48.5
14.5 11.5
14.5 12.5
14.5 25.5
14.5 34.5
14.5 35.5
14.5 47.5
14.5 48.5
14.5 61.5
14.5 62.5
15.5 9.5
15.5 10.5
15.5 11.5
15.5 25.5
15.5 26.5
15.5 33.5
15.5 34.5
15.5 46.5
15.5 47.5
15.5 59.5
15.5 60.5
15.5 61.5
16.5 8.5
16.5 9.5
16.5 10.5
16.5 26.5
16.5 27.5
16.5 32.5
16.5 33.5
16.5 45.5
16.5 46.5
16.5 57.5
16.5 58.5
16.5 59.5
16.5 60.5
17.5 7.5
17.5 8.5
17.5 21.5
17.5 26.5
17.5 27.5
17.5 31.5
17.5 32.5
17.5 40.5
17.5 44.5
17.5 45.5
17.5 53.5
17.5 56.5
17.5 57.5
17.5 58.5
18.5 6.5
18.5 7.5
18.5 15.5
18.5 16.5
18.5 21.5
18.5 27.5
18.5 31.5
18.5 38.5
18.5 39.5
18.5 40.5
18.5 44.5
18.5 51.5
18.5 52.5
18.5 65.5
18.5 66.5
19.5 14.5
19.5 15.5
19.5 16.5
19.5 21.5
19.5 22.5
19.5 37.5
19.5 38.5
19.5 39.5
19.5 50.5
19.5 51.5
19.5 63.5
19.5 64.5
19.5 65.5
20.5 13.5
20.5 14.5
20.5 15.5
20.5 21.5
20.5 22.5
20.5 36.5
20.5 37.5
20.5 38.5
20.5 49.5
20.5 50.5
20.5 51.5
20.5 62.5
20.5 63.5
20.5 64.5
21.5 13.5
21.5 14.5
21.5 21.5
21.5 22.5
21.5 35.5
21.5 36.5
21.5 37.5
21.5 49.5
21.5 61.5
21.5 62.5
22.5 12.5
22.5 13.5
22.5 14.5
22.5 21.5
22.5 22.5
22.5 35.5
22.5 48.5
23.5 11.5
23.5 12.5
23.5 13.5
23.5 22.5
24.5 11.5
24.5 12.5
24.5 22.5
25.5 49.5
25.5 61.5
26.5 35.5
26.5 36.5
26.5 49.5
26.5 50.5
26.5 60.5
26.5 61.5
27.5 23.5
27.5 36.5
27.5 37.5
27.5 50.5
27.5 51.5
27.5 59.5
27.5 60.5
28.5 10.5
28.5 11.5
28.5 12.5
28.5 23.5
28.5 24.5
28.5 36.5
28.5 37.5
28.5 38.5
28.5 51.5
28.5 52.5
28.5 58.5
28.5 59.5
29.5 8.5
29.5 9.5
29.5 10.5
29.5 11.5
29.5 24.5
29.5 25.5
29.5 37.5
29.5 38.5
29.5 39.5
29.5 52.5
29.5 53.5
29.5 57.5
29.5 58.5
30.5 7.5
30.5 8.5
30.5 9.5
30.5 10.5
30.5 25.5
30.5 26.5
30.5 31.5
30.5 39.5
30.5 40.5
30.5 44.5
30.5 53.5
30.5 57.5
30.5 64.5
30.5 65.5
31.5 6.5
31.5 7.5
31.5 8.5
31.5 25.5
31.5 26.5
31.5 27.5
31.5 31.5
31.5 32.5
31.5 40.5
31.5 44.5
31.5 45.5
31.5 46.5
31.5 63.5
31.5 64.5
32.5 27.5
32.5 32.5
32.5 33.5
32.5 45.5
32.5 46.5
32.5 47.5
32.5 63.5
32.5 64.5
33.5 15.5
33.5 16.5
33.5 19.5
33.5 20.5
33.5 33.5
33.5 34.5
33.5 46.5
33.5 47.5
33.5 48.5
33.5 62.5
33.5 63.5
34.5 13.5
34.5 14.5
34.5 15.5
34.5 20.5
34.5 21.5
34.5 22.5
34.5 34.5
34.5 48.5
34.5 49.5
34.5 61.5
34.5 62.5
35.5 11.5
35.5 12.5
35.5 13.5
35.5 22.5
35.5 23.5
35.5 34.5
35.5 35.5
35.5 61.5
36.5 23.5
36.5 24.5
38.5 47.5
38.5 48.5
38.5 61.5
39.5 11.5
39.5 12.5
39.5 23.5
39.5 35.5
39.5 36.5
39.5 48.5
39.5 49.5
39.5 60.5
40.5 12.5
40.5 13.5
40.5 24.5
40.5 25.5
40.5 36.5
40.5 37.5
40.5 49.5
40.5 50.5
40.5 59.5
40.5 60.5
41.5 13.5
41.5 14.5
41.5 24.5
41.5 25.5
41.5 26.5
41.5 37.5
41.5 38.5
41.5 50.5
41.5 51.5
41.5 58.5
41.5 59.5
42.5 6.5
42.5 7.5
42.5 14.5
42.5 15.5
42.5 25.5
42.5 26.5
42.5 27.5
42.5 37.5
42.5 38.5
42.5 39.5
42.5 51.5
42.5 52.5
42.5 57.5
42.5 58.5
43.5 7.5
43.5 8.5
43.5 15.5
43.5 16.5
43.5 19.5
43.5 26.5
43.5 27.5
43.5 31.5
43.5 38.5
43.5 39.5
43.5 43.5
43.5 44.5
43.5 52.5
43.5 53.5
43.5 57.5
43.5 64.5
44.5 8.5
44.5 9.5
44.5 19.5
44.5 20.5
44.5 21.5
44.5 31.5
44.5 32.5
44.5 44.5
44.5 45.5
44.5 63.5
44.5 64.5
45.5 9.5
45.5 10.5
45.5 20.5
45.5 21.5
45.5 22.5
45.5 32.5
45.5 33.5
45.5 34.5
45.5 45.5
45.5 46.5
45.5 62.5
45.5 63.5
46.5 10.5
46.5 11.5
46.5 21.5
46.5 22.5
46.5 23.5
46.5 33.5
46.5 34.5
46.5 35.5
46.5 46.5
46.5 47.5
46.5 61.5
46.5 62.5
47.5 11.5
47.5 23.5
47.5 35.5
47.5 47.5
47.5 48.5
47.5 60.5
47.5 61.5
48.5 60.5
50.5 10.5
50.5 23.5
51.5 9.5
51.5 10.5
51.5 21.5
51.5 22.5
51.5 35.5
51.5 48.5
51.5 49.5
51.5 60.5
51.5 61.5
52.5 9.5
52.5 10.5
52.5 21.5
52.5 22.5
52.5 34.5
52.5 35.5
52.5 47.5
52.5 48.5
52.5 59.5
52.5 60.5
53.5 8.5
53.5 9.5
53.5 20.5
53.5 21.5
53.5 33.5
53.5 34.5
53.5 45.5
53.5 46.5
53.5 47.5
53.5 58.5
53.5 59.5
54.5 7.5
54.5 8.5
54.5 19.5
54.5 20.5
54.5 32.5
54.5 33.5
54.5 44.5
54.5 45.5
54.5 46.5
54.5 57.5
54.5 58.5
55.5 7.5
55.5 8.5
55.5 14.5
55.5 19.5
55.5 20.5
55.5 27.5
55.5 28.5
55.5 31.5
55.5 32.5
55.5 39.5
55.5 40.5
55.5 43.5
55.5 44.5
55.5 52.5
55.5 53.5
55.5 56.5
55.5 57.5
55.5 64.5
55.5 65.5
56.5 7.5
56.5 13.5
56.5 14.5
56.5 18.5
56.5 19.5
56.5 26.5
56.5 27.5
56.5 31.5
56.5 38.5
56.5 39.5
56.5 51.5
56.5 52.5
56.5 63.5
56.5 64.5
57.5 12.5
57.5 13.5
57.5 25.5
57.5 26.5
57.5 37.5
57.5 38.5
57.5 50.5
57.5 51.5
57.5 62.5
57.5 63.5
57.5 64.5
58.5 12.5
58.5 13.5
58.5 24.5
58.5 25.5
58.5 36.5
58.5 37.5
58.5 49.5
58.5 50.5
58.5 61.5
58.5 62.5
59.5 11.5
59.5 12.5
59.5 23.5
59.5 24.5
59.5 36.5
59.5 48.5
59.5 60.5
59.5 61.5
60.5 11.5
60.5 12.5
60.5 22.5
60.5 23.5
61.5 11.5
