1.5 12.5
1.5 13.5
1.5 32.5
1.5 33.5
1.5 34.5
1.5 55.5
1.5 56.5
1.5 57.5
2.5 13.5
2.5 14.5
2.5 15.5
2.5 34.5
2.5 35.5
2.5 36.5
2.5 53.5
2.5 54.5
2.5 55.5
2.5 56.5
3.5 15.5
3.5 16.5
3.5 17.5
3.5 35.5
3.5 36.5
3.5 37.5
3.5 38.5
3.5 52.5
3.5 53.5
3.5 54.5
3.5 55.5
4.5 16.5
4.5 17.5
4.5 18.5
4.5 19.5
4.5 37.5
4.5 38.5
4.5 39.5
4.5 40.5
4.5 50.5
4.5 51.5
4.5 52.5
4.5 53.5
5.5 5.5
5.5 18.5
5.5 19.5
5.5 20.5
5.5 21.5
5.5 39.5
5.5 40.5
5.5 41.5
5.5 42.5
5.5 49.5
5.5 50.5
5.5 51.5
5.5 52.5
5.5 65.5
5.5 66.5
6.5 5.5
6.5 6.5
6.5 7.5
6.5 20.5
6.5 21.5
6.5 22.5
6.5 23.5
6.5 25.5
6.5 26.5
6.5 41.5
6.5 42.5
6.5 43.5
6.5 44.5
6.5 48.5
6.5 49.5
6.5 50.5
6.5 63.5
6.5 64.5
6.5 65.5
7.5 7.5
7.5 8.5
7.5 9.5
7.5 22.5
7.5 23.5
7.5 24.5
7.5 26.5
7.5 27.5
7.5 28.5
7.5 29.5
7.5 43.5
7.5 44.5
7.5 45.5
7.5 47.5
7.5 48.5
7.5 61.5
7.5 62.5
7.5 63.5
7.5 64.5
8.5 9.5
8.5 10.5
8.5 11.5
8.5 24.5
8.5 25.5
8.5 26.5
8.5 28.5
8.5 29.5
8.5 30.5
8.5 31.5
8.5 45.5
8.5 46.5
8.5 59.5
8.5 60.5
8.5 61.5
8.5 62.5
9.5 10.5
9.5 11.5
9.5 12.5
9.5 13.5
9.5 30.5
9.5 31.5
9.5 32.5
9.5 33.5
9.5 58.5
9.5 59.5
9.5 60.5
9.5 61.5
10.5 12.5
10.5 13.5
10.5 14.5
10.5 15.5
10.5 32.5
10.5 33.5
10.5 34.5
10.5 35.5
10.5 56.5
10.5 57.5
10.5 58.5
10.5 59.5
11.5 14.5
11.5 15.5
11.5 16.5
11.5 17.5
11.5 34.5
11.5 35.5
11.5 36.5
11.5 37.5
11.5 55.5
11.5 56.5
11.5 57.5
11.5 58.5
12.5 16.5
12.5 17.5
12.5 18.5
12.5 37.5
12.5 38.5
12.5 39.5
12.5 54.5
12.5 55.5
12.5 56.5
13.5 19.5
13.5 39.5
13.5 40.5
13.5 53.5
13.5 54.5
14.5 52.5
15.5 17.5
15.5 18.5
15.5 19.5
15.5 39.5
15.5 40.5
15.5 52.5
16.5 15.5
16.5 16.5
16.5 17.5
16.5 37.5
16.5 38.5
16.5 39.5
16.5 53.5
16.5 54.5
17.5 13.5
17.5 14.5
17.5 15.5
17.5 16.5
17.5 36.5
17.5 37.5
17.5 38.5
17.5 54.5
17.5 55.5
17.5 56.5
18.5 12.5
18.5 13.5
18.5 14.5
18.5 15.5
18.5 34.5
18.5 35.5
18.5 36.5
18.5 37.5
18.5 56.5
18.5 57.5
18.5 58.5
19.5 10.5
19.5 11.5
19.5 12.5
19.5 13.5
19.5 33.5
19.5 34.5
19.5 35.5
19.5 36.5
19.5 57.5
19.5 58.5
19.5 59.5
19.5 60.5
20.5 9.5
20.5 10.5
20.5 11.5
20.5 12.5
20.5 31.5
20.5 32.5
20.5 33.5
20.5 34.5
20.5 46.5
20.5 47.5
20.5 59.5
20.5 60.5
20.5 61.5
20.5 62.5
21.5 7.5
21.5 8.5
21.5 9.5
21.5 10.5
21.5 25.5
21.5 26.5
21.5 27.5
21.5 30.5
21.5 31.5
21.5 32.5
21.5 33.5
21.5 45.5
21.5 46.5
21.5 47.5
21.5 48.5
21.5 49.5
21.5 61.5
21.5 62.5
21.5 63.5
22.5 6.5
22.5 7.5
22.5 8.5
22.5 23.5
22.5 24.5
22.5 25.5
22.5 26.5
22.5 29.5
22.5 30.5
22.5 31.5
22.5 43.5
22.5 44.5
22.5 45.5
22.5 48.5
22.5 49.5
22.5 50.5
22.5 63.5
22.5 64.5
22.5 65.5
23.5 5.5
23.5 6.5
23.5 21.5
23.5 22.5
23.5 23.5
23.5 24.5
23.5 27.5
23.5 28.5
23.5 29.5
23.5 30.5
23.5 42.5
23.5 43.5
23.5 44.5
23.5 50.5
23.5 51.5
23.5 52.5
23.5 65.5
23.5 66.5
24.5 19.5
24.5 20.5
24.5 21.5
24.5 22.5
24.5 23.5
24.5 26.5
24.5 27.5
24.5 28.5
24.5 41.5
24.5 42.5
24.5 43.5
24.5 51.5
24.5 52.5
24.5 53.5
24.5 54.5
25.5 17.5
25.5 18.5
25.5 19.5
25.5 20.5
25.5 21.5
25.5 25.5
25.5 26.5
25.5 39.5
25.5 40.5
25.5 41.5
25.5 42.5
25.5 52.5
25.5 53.5
25.5 54.5
25.5 55.5
26.5 16.5
26.5 17.5
26.5 18.5
26.5 19.5
26.5 20.5
26.5 38.5
26.5 39.5
26.5 40.5
26.5 54.5
26.5 55.5
26.5 56.5
27.5 14.5
27.5 15.5
27.5 16.5
27.5 17.5
27.5 18.5
27.5 37.5
27.5 38.5
27.5 39.5
27.5 56.5
27.5 57.5
27.5 58.5
28.5 13.5
28.5 14.5
28.5 15.5
28.5 16.5
28.5 35.5
28.5 36.5
28.5 37.5
28.5 57.5
28.5 58.5
28.5 59.5
28.5 68.5
29.5 12.5
29.5 13.5
29.5 14.5
29.5 34.5
29.5 35.5
29.5 36.5
29.5 59.5
29.5 60.5
29.5 68.5
30.5 33.5
30.5 34.5
30.5 59.5
31.5 57.5
31.5 58.5
32.5 32.5
32.5 33.5
32.5 56.5
32.5 57.5
33.5 17.5
33.5 18.5
33.5 19.5
33.5 20.5
33.5 34.5
33.5 35.5
33.5 36.5
33.5 54.5
33.5 55.5
33.5 56.5
34.5 14.5
34.5 15.5
34.5 16.5
34.5 17.5
34.5 18.5
34.5 35.5
34.5 36.5
34.5 37.5
34.5 38.5
34.5 53.5
34.5 54.5
34.5 55.5
35.5 11.5
35.5 12.5
35.5 13.5
35.5 14.5
35.5 15.5
35.5 16.5
35.5 37.5
35.5 38.5
35.5 39.5
35.5 40.5
35.5 51.5
35.5 52.5
35.5 53.5
36.5 9.5
36.5 10.5
36.5 11.5
36.5 12.5
36.5 13.5
36.5 39.5
36.5 40.5
36.5 41.5
36.5 42.5
36.5 50.5
36.5 51.5
36.5 52.5
37.5 6.5
37.5 7.5
37.5 8.5
37.5 9.5
37.5 10.5
37.5 26.5
37.5 27.5
37.5 28.5
37.5 41.5
37.5 42.5
37.5 43.5
37.5 44.5
37.5 49.5
37.5 50.5
37.5 51.5
37.5 65.5
37.5 66.5
38.5 5.5
38.5 6.5
38.5 7.5
38.5 24.5
38.5 25.5
38.5 26.5
38.5 27.5
38.5 28.5
38.5 29.5
38.5 43.5
38.5 44.5
38.5 45.5
38.5 46.5
38.5 48.5
38.5 49.5
38.5 63.5
38.5 64.5
38.5 65.5
38.5 66.5
39.5 21.5
39.5 22.5
39.5 23.5
39.5 24.5
39.5 25.5
39.5 29.5
39.5 30.5
39.5 31.5
39.5 46.5
39.5 47.5
39.5 61.5
39.5 62.5
39.5 63.5
39.5 64.5
39.5 65.5
40.5 19.5
40.5 20.5
40.5 21.5
40.5 22.5
40.5 23.5
40.5 30.5
40.5 31.5
40.5 32.5
40.5 33.5
40.5 46.5
40.5 59.5
40.5 60.5
40.5 61.5
40.5 62.5
40.5 63.5
41.5 17.5
41.5 18.5
41.5 19.5
41.5 20.5
41.5 32.5
41.5 33.5
41.5 34.5
41.5 35.5
41.5 57.5
41.5 58.5
41.5 59.5
41.5 60.5
41.5 61.5
41.5 62.5
42.5 15.5
42.5 16.5
42.5 17.5
42.5 18.5
42.5 34.5
42.5 35.5
42.5 36.5
42.5 37.5
42.5 55.5
42.5 56.5
42.5 57.5
42.5 58.5
42.5 59.5
42.5 60.5
43.5 13.5
43.5 14.5
43.5 15.5
43.5 16.5
43.5 36.5
43.5 37.5
43.5 38.5
43.5 39.5
43.5 54.5
43.5 55.5
43.5 56.5
43.5 57.5
44.5 12.5
44.5 39.5
44.5 40.5
44.5 52.5
44.5 53.5
44.5 54.5
44.5 55.5
45.5 13.5
46.5 13.5
46.5 14.5
46.5 15.5
46.5 32.5
46.5 33.5
47.5 14.5
47.5 15.5
47.5 16.5
47.5 33.5
47.5 34.5
47.5 35.5
47.5 52.5
47.5 53.5
48.5 16.5
48.5 17.5
48.5 18.5
48.5 35.5
48.5 36.5
48.5 37.5
48.5 54.5
48.5 55.5
48.5 56.5
49.5 17.5
49.5 18.5
49.5 19.5
49.5 36.5
49.5 37.5
49.5 38.5
49.5 39.5
49.5 55.5
49.5 56.5
49.5 57.5
49.5 58.5
50.5 18.5
50.5 19.5
50.5 20.5
50.5 21.5
50.5 38.5
50.5 39.5
50.5 40.5
50.5 41.5
50.5 57.5
50.5 58.5
50.5 59.5
50.5 60.5
51.5 6.5
51.5 7.5
51.5 20.5
51.5 21.5
51.5 22.5
51.5 25.5
51.5 39.5
51.5 40.5
51.5 41.5
51.5 42.5
51.5 45.5
51.5 46.5
51.5 58.5
51.5 59.5
51.5 60.5
51.5 61.5
52.5 7.5
52.5 8.5
52.5 9.5
52.5 21.5
52.5 22.5
52.5 23.5
52.5 26.5
52.5 27.5
52.5 28.5
52.5 41.5
52.5 42.5
52.5 43.5
52.5 44.5
52.5 46.5
52.5 47.5
52.5 48.5
52.5 60.5
52.5 61.5
52.5 62.5
52.5 63.5
53.5 8.5
53.5 9.5
53.5 10.5
53.5 22.5
53.5 23.5
53.5 24.5
53.5 27.5
53.5 28.5
53.5 29.5
53.5 30.5
53.5 43.5
53.5 44.5
53.5 45.5
53.5 48.5
53.5 49.5
53.5 50.5
53.5 62.5
53.5 63.5
53.5 64.5
53.5 65.5
54.5 9.5
54.5 10.5
54.5 11.5
54.5 12.5
54.5 24.5
54.5 25.5
54.5 26.5
54.5 29.5
54.5 30.5
54.5 31.5
54.5 32.5
54.5 45.5
54.5 46.5
54.5 49.5
54.5 50.5
54.5 51.5
54.5 64.5
54.5 65.5
54.5 66.5
54.5 68.5
55.5 11.5
55.5 12.5
55.5 13.5
55.5 26.5
55.5 27.5
55.5 30.5
55.5 31.5
55.5 32.5
55.5 33.5
55.5 50.5
55.5 51.5
55.5 52.5
55.5 53.5
55.5 66.5
55.5 68.5
56.5 12.5
56.5 13.5
56.5 14.5
56.5 15.5
56.5 32.5
56.5 33.5
56.5 34.5
56.5 35.5
56.5 52.5
56.5 53.5
56.5 54.5
57.5 13.5
57.5 14.5
57.5 15.5
57.5 16.5
57.5 34.5
57.5 35.5
57.5 36.5
57.5 37.5
57.5 53.5
57.5 54.5
57.5 55.5
57.5 56.5
58.5 15.5
58.5 16.5
58.5 17.5
58.5 36.5
58.5 37.5
58.5 38.5
58.5 55.5
58.5 56.5
58.5 57.5
59.5 16.5
59.5 17.5
59.5 18.5
59.5 38.5
59.5 39.5
59.5 57.5
59.5 58.5
59.5 59.5
60.5 18.5
60.5 19.5
60.5 59.5
60.5 60.5
61.5 20.5
