1.5 11.5
1.5 23.5
1.5 61.5
2.5 12.5
2.5 22.5
2.5 61.5
3.5 13.5
3.5 20.5
3.5 21.5
3.5 35.5
3.5 36.5
3.5 37.5
3.5 49.5
3.5 62.5
4.5 6.5
4.5 19.5
4.5 28.5
4.5 31.5
4.5 32.5
4.5 33.5
4.5 50.5
5.5 7.5
5.5 27.5
5.5 51.5
5.5 52.5
5.5 63.5
6.5 8.5
6.5 9.5
6.5 25.5
6.5 41.5
6.5 44.5
6.5 53.5
6.5 57.5
7.5 10.5
7.5 24.5
7.5 38.5
7.5 58.5
8.5 11.5
8.5 35.5
8.5 47.5
9.5 59.5
10.5 50.5
11.5 24.5
11.5 35.5
12.5 11.5
12.5 23.5
12.5 37.5
13.5 9.5
13.5 21.5
13.5 38.5
13.5 39.5
13.5 48.5
13.5 60.5
14.5 8.5
14.5 20.5
14.5 31.5
14.5 40.5
14.5 45.5
14.5 46.5
14.5 61.5
15.5 15.5
15.5 19.5
15.5 32.5
15.5 43.5
15.5 62.5
16.5 14.5
16.5 26.5
16.5 33.5
17.5 13.5
17.5 25.5
17.5 34.5
17.5 53.5
17.5 56.5
18.5 12.5
18.5 24.5
18.5 49.5
18.5 50.5
18.5 51.5
18.5 58.5
19.5 23.5
19.5 47.5
19.5 59.5
20.5 61.5
22.5 11.5
22.5 36.5
23.5 10.5
23.5 24.5
23.5 25.5
23.5 37.5
23.5 48.5
24.5 9.5
24.5 27.5
24.5 38.5
24.5 46.5
24.5 47.5
24.5 61.5
25.5 7.5
25.5 31.5
25.5 39.5
25.5 44.5
25.5 58.5
25.5 59.5
26.5 16.5
26.5 20.5
26.5 32.5
26.5 57.5
27.5 14.5
27.5 21.5
27.5 22.5
27.5 34.5
27.5 52.5
27.5 65.5
28.5 12.5
28.5 13.5
28.5 23.5
28.5 35.5
28.5 50.5
28.5 63.5
28.5 64.5
29.5 10.5
29.5 48.5
29.5 62.5
30.5 60.5
32.5 23.5
32.5 35.5
33.5 12.5
33.5 24.5
33.5 25.5
33.5 33.5
33.5 49.5
33.5 60.5
34.5 8.5
34.5 9.5
34.5 10.5
34.5 26.5
34.5 31.5
34.5 51.5
34.5 62.5
35.5 28.5
35.5 53.5
35.5 56.5
35.5 64.5
36.5 17.5
36.5 38.5
36.5 39.5
36.5 43.5
36.5 44.5
36.5 57.5
37.5 15.5
37.5 21.5
37.5 37.5
37.5 45.5
37.5 46.5
37.5 59.5
38.5 13.5
38.5 23.5
38.5 35.5
38.5 48.5
39.5 11.5
41.5 59.5
42.5 12.5
42.5 24.5
42.5 34.5
42.5 47.5
42.5 58.5
43.5 13.5
43.5 25.5
43.5 33.5
43.5 49.5
44.5 14.5
44.5 26.5
44.5 32.5
44.5 51.5
45.5 15.5
45.5 27.5
45.5 43.5
45.5 53.5
45.5 63.5
46.5 8.5
46.5 16.5
46.5 19.5
46.5 39.5
46.5 40.5
46.5 44.5
46.5 62.5
47.5 9.5
47.5 20.5
47.5 38.5
47.5 46.5
47.5 61.5
48.5 10.5
48.5 22.5
48.5 36.5
48.5 47.5
48.5 60.5
49.5 11.5
49.5 23.5
49.5 34.5
49.5 48.5
49.5 59.5
50.5 12.5
52.5 34.5
52.5 48.5
53.5 11.5
53.5 23.5
53.5 36.5
53.5 49.5
53.5 59.5
54.5 9.5
54.5 24.5
54.5 37.5
54.5 38.5
54.5 50.5
54.5 58.5
55.5 7.5
55.5 26.5
55.5 39.5
55.5 50.5
55.5 57.5
56.5 16.5
56.5 18.5
56.5 27.5
56.5 31.5
56.5 41.5
56.5 51.5
56.5 56.5
56.5 65.5
57.5 14.5
57.5 19.5
57.5 32.5
57.5 33.5
57.5 45.5
57.5 52.5
57.5 63.5
57.5 68.5
58.5 12.5
58.5 21.5
58.5 34.5
58.5 46.5
58.5 62.5
59.5 10.5
59.5 22.5
59.5 35.5
59.5 47.5
59.5 60.5
60.5 24.5
60.5 48.5
