3.5 14.5
3.5 35.5
4.5 12.5
4.5 13.5
4.5 32.5
4.5 33.5
4.5 34.5
4.5 55.5
4.5 56.5
5.5 11.5
5.5 12.5
5.5 30.5
5.5 31.5
5.5 32.5
5.5 53.5
5.5 54.5
5.5 55.5
6.5 10.5
6.5 11.5
6.5 28.5
6.5 29.5
6.5 30.5
6.5 51.5
6.5 52.5
6.5 53.5
7.5 9.5
7.5 10.5
7.5 27.5
7.5 50.5
7.5 51.5
8.5 20.5
8.5 21.5
9.5 19.5
9.5 20.5
9.5 40.5
9.5 41.5
9.5 42.5
9.5 62.5
9.5 63.5
10.5 17.5
10.5 18.5
10.5 19.5
10.5 38.5
10.5 39.5
10.5 40.5
10.5 60.5
10.5 61.5
11.5 16.5
11.5 17.5
11.5 36.5
11.5 37.5
11.5 38.5
11.5 58.5
11.5 59.5
11.5 60.5
12.5 15.5
12.5 16.5
12.5 35.5
12.5 57.5
12.5 58.5
13.5 56.5
18.5 15.5
18.5 16.5
18.5 36.5
19.5 16.5
19.5 17.5
19.5 18.5
19.5 33.5
19.5 34.5
19.5 35.5
19.5 57.5
19.5 58.5
20.5 18.5
20.5 19.5
20.5 31.5
20.5 32.5
20.5 33.5
20.5 34.5
20.5 58.5
20.5 59.5
21.5 19.5
21.5 20.5
21.5 21.5
21.5 29.5
21.5 30.5
21.5 31.5
21.5 32.5
21.5 60.5
21.5 61.5
22.5 21.5
22.5 22.5
22.5 28.5
22.5 29.5
22.5 61.5
22.5 62.5
23.5 8.5
23.5 9.5
23.5 43.5
23.5 49.5
24.5 10.5
24.5 11.5
24.5 40.5
24.5 41.5
24.5 42.5
24.5 50.5
24.5 51.5
24.5 52.5
25.5 12.5
25.5 13.5
25.5 39.5
25.5 40.5
25.5 52.5
25.5 53.5
25.5 54.5
26.5 14.5
26.5 15.5
26.5 37.5
26.5 38.5
26.5 54.5
26.5 55.5
27.5 36.5
27.5 56.5
33.5 14.5
33.5 15.5
33.5 16.5
33.5 34.5
33.5 35.5
33.5 55.5
33.5 56.5
34.5 12.5
34.5 13.5
34.5 14.5
34.5 15.5
34.5 33.5
34.5 34.5
34.5 53.5
34.5 54.5
34.5 55.5
35.5 11.5
35.5 12.5
35.5 13.5
35.5 31.5
35.5 32.5
35.5 51.5
35.5 52.5
35.5 53.5
35.5 54.5
36.5 9.5
36.5 10.5
36.5 11.5
36.5 30.5
36.5 31.5
36.5 50.5
36.5 51.5
36.5 52.5
37.5 29.5
37.5 49.5
38.5 22.5
38.5 42.5
38.5 43.5
38.5 63.5
39.5 21.5
39.5 39.5
39.5 40.5
39.5 41.5
39.5 61.5
39.5 62.5
40.5 19.5
40.5 20.5
40.5 37.5
40.5 38.5
40.5 39.5
40.5 40.5
40.5 59.5
40.5 60.5
40.5 61.5
41.5 18.5
41.5 19.5
41.5 36.5
41.5 37.5
41.5 38.5
41.5 58.5
41.5 59.5
42.5 17.5
42.5 35.5
42.5 57.5
42.5 58.5
43.5 16.5
48.5 16.5
48.5 35.5
48.5 36.5
48.5 56.5
49.5 17.5
49.5 18.5
49.5 36.5
49.5 37.5
49.5 38.5
49.5 57.5
49.5 58.5
50.5 18.5
50.5 19.5
50.5 38.5
50.5 39.5
50.5 40.5
50.5 58.5
50.5 59.5
51.5 19.5
51.5 20.5
51.5 40.5
51.5 41.5
51.5 42.5
51.5 59.5
51.5 60.5
52.5 20.5
52.5 21.5
52.5 42.5
52.5 43.5
52.5 61.5
52.5 62.5
53.5 22.5
53.5 28.5
53.5 49.5
53.5 63.5
54.5 10.5
54.5 11.5
54.5 29.5
54.5 30.5
54.5 50.5
54.5 51.5
55.5 11.5
55.5 12.5
55.5 30.5
55.5 31.5
55.5 32.5
55.5 51.5
55.5 52.5
55.5 53.5
56.5 12.5
56.5 13.5
56.5 14.5
56.5 32.5
56.5 33.5
56.5 34.5
56.5 53.5
56.5 54.5
57.5 14.5
57.5 15.5
57.5 34.5
57.5 35.5
57.5 54.5
57.5 55.5
57.5 56.5
