2.5 12.5
3.5 11.5
3.5 12.5
3.5 29.5
3.5 43.5
3.5 59.5
3.5 60.5
4.5 10.5
4.5 11.5
4.5 29.5
4.5 30.5
4.5 41.5
4.5 42.5
4.5 60.5
4.5 61.5
5.5 9.5
5.5 10.5
5.5 30.5
5.5 31.5
5.5 40.5
5.5 41.5
5.5 61.5
5.5 62.5
6.5 9.5
6.5 10.5
6.5 31.5
6.5 32.5
6.5 39.5
6.5 40.5
6.5 62.5
6.5 63.5
7.5 8.5
7.5 9.5
7.5 32.5
7.5 38.5
7.5 39.5
7.5 63.5
8.5 17.5
8.5 23.5
8.5 48.5
8.5 54.5
9.5 16.5
9.5 23.5
9.5 24.5
9.5 25.5
9.5 47.5
9.5 48.5
9.5 54.5
9.5 55.5
10.5 15.5
10.5 16.5
10.5 24.5
10.5 25.5
10.5 26.5
10.5 46.5
10.5 47.5
10.5 55.5
10.5 56.5
11.5 14.5
11.5 15.5
11.5 25.5
11.5 26.5
11.5 45.5
11.5 46.5
11.5 56.5
11.5 57.5
12.5 14.5
12.5 26.5
12.5 27.5
12.5 44.5
12.5 45.5
12.5 57.5
12.5 58.5
18.5 44.5
18.5 59.5
19.5 12.5
19.5 26.5
19.5 27.5
19.5 44.5
19.5 45.5
19.5 60.5
19.5 61.5
20.5 11.5
20.5 25.5
20.5 26.5
20.5 27.5
20.5 45.5
20.5 46.5
20.5 60.5
20.5 61.5
20.5 62.5
21.5 10.5
21.5 11.5
21.5 24.5
21.5 25.5
21.5 46.5
21.5 47.5
21.5 61.5
21.5 62.5
22.5 10.5
22.5 23.5
22.5 24.5
22.5 48.5
22.5 62.5
22.5 63.5
23.5 9.5
23.5 10.5
23.5 33.5
23.5 39.5
23.5 54.5
24.5 9.5
24.5 17.5
24.5 31.5
24.5 32.5
24.5 39.5
24.5 40.5
24.5 54.5
24.5 55.5
25.5 16.5
25.5 17.5
25.5 30.5
25.5 31.5
25.5 32.5
25.5 40.5
25.5 41.5
25.5 55.5
25.5 56.5
26.5 15.5
26.5 16.5
26.5 30.5
26.5 31.5
26.5 41.5
26.5 42.5
26.5 56.5
26.5 57.5
27.5 14.5
27.5 15.5
27.5 29.5
27.5 42.5
27.5 58.5
28.5 14.5
33.5 14.5
33.5 27.5
33.5 44.5
33.5 57.5
33.5 58.5
34.5 14.5
34.5 15.5
34.5 26.5
34.5 27.5
34.5 45.5
34.5 46.5
34.5 56.5
34.5 57.5
35.5 15.5
35.5 16.5
35.5 24.5
35.5 25.5
35.5 26.5
35.5 46.5
35.5 47.5
35.5 55.5
35.5 56.5
36.5 16.5
36.5 17.5
36.5 24.5
36.5 47.5
36.5 48.5
36.5 54.5
36.5 55.5
37.5 48.5
38.5 33.5
38.5 39.5
38.5 63.5
39.5 8.5
39.5 9.5
39.5 31.5
39.5 32.5
39.5 33.5
39.5 39.5
39.5 40.5
39.5 41.5
39.5 62.5
39.5 63.5
40.5 9.5
40.5 10.5
40.5 30.5
40.5 31.5
40.5 32.5
40.5 40.5
40.5 41.5
40.5 42.5
40.5 61.5
40.5 62.5
40.5 63.5
41.5 10.5
41.5 11.5
41.5 29.5
41.5 30.5
41.5 41.5
41.5 42.5
41.5 43.5
41.5 61.5
41.5 62.5
42.5 11.5
42.5 12.5
42.5 28.5
42.5 29.5
42.5 43.5
42.5 60.5
42.5 61.5
43.5 60.5
48.5 13.5
48.5 28.5
49.5 13.5
49.5 14.5
49.5 26.5
49.5 27.5
49.5 45.5
49.5 46.5
49.5 59.5
50.5 14.5
50.5 15.5
50.5 25.5
50.5 26.5
50.5 27.5
50.5 45.5
50.5 46.5
50.5 58.5
50.5 59.5
51.5 15.5
51.5 16.5
51.5 24.5
51.5 25.5
51.5 26.5
51.5 46.5
51.5 47.5
51.5 57.5
51.5 58.5
52.5 16.5
52.5 17.5
52.5 24.5
52.5 25.5
52.5 47.5
52.5 48.5
52.5 56.5
52.5 57.5
53.5 17.5
53.5 24.5
53.5 48.5
53.5 56.5
53.5 57.5
54.5 7.5
54.5 33.5
54.5 39.5
54.5 49.5
54.5 55.5
54.5 56.5
55.5 8.5
55.5 9.5
55.5 31.5
55.5 32.5
55.5 39.5
55.5 40.5
55.5 64.5
56.5 9.5
56.5 10.5
56.5 31.5
56.5 40.5
56.5 41.5
56.5 63.5
56.5 64.5
57.5 10.5
57.5 11.5
57.5 30.5
57.5 41.5
57.5 42.5
57.5 62.5
57.5 63.5
58.5 11.5
58.5 12.5
58.5 29.5
58.5 42.5
58.5 43.5
58.5 61.5
58.5 62.5
59.5 43.5
59.5 60.5
