1.5 13.5
1.5 36.5
1.5 48.5
1.5 60.5
1.5 61.5
2.5 10.5
2.5 11.5
2.5 12.5
2.5 23.5
2.5 24.5
2.5 25.5
2.5 34.5
2.5 46.5
2.5 47.5
2.5 61.5
2.5 62.5
3.5 8.5
3.5 9.5
3.5 10.5
3.5 26.5
3.5 27.5
3.5 32.5
3.5 45.5
3.5 46.5
3.5 62.5
3.5 63.5
4.5 7.5
4.5 8.5
4.5 18.5
4.5 30.5
4.5 44.5
4.5 45.5
4.5 52.5
4.5 55.5
4.5 63.5
4.5 64.5
5.5 6.5
5.5 16.5
5.5 19.5
5.5 20.5
5.5 39.5
5.5 40.5
5.5 41.5
5.5 43.5
5.5 44.5
5.5 51.5
5.5 52.5
5.5 56.5
5.5 65.5
6.5 14.5
6.5 15.5
6.5 21.5
6.5 22.5
6.5 35.5
6.5 36.5
6.5 37.5
6.5 38.5
6.5 39.5
6.5 50.5
6.5 51.5
6.5 57.5
7.5 13.5
7.5 14.5
7.5 23.5
7.5 33.5
7.5 34.5
7.5 35.5
7.5 49.5
7.5 50.5
7.5 58.5
8.5 11.5
8.5 12.5
8.5 48.5
8.5 49.5
8.5 59.5
9.5 10.5
9.5 48.5
9.5 60.5
10.5 23.5
11.5 13.5
11.5 24.5
11.5 35.5
11.5 36.5
11.5 37.5
12.5 11.5
12.5 12.5
12.5 24.5
12.5 25.5
12.5 33.5
12.5 34.5
12.5 35.5
12.5 49.5
12.5 59.5
13.5 10.5
13.5 11.5
13.5 25.5
13.5 26.5
13.5 31.5
13.5 32.5
13.5 33.5
13.5 34.5
13.5 47.5
13.5 48.5
13.5 60.5
13.5 61.5
14.5 9.5
14.5 10.5
14.5 26.5
14.5 27.5
14.5 30.5
14.5 31.5
14.5 32.5
14.5 45.5
14.5 46.5
14.5 61.5
14.5 62.5
15.5 8.5
15.5 16.5
15.5 17.5
15.5 20.5
15.5 27.5
15.5 40.5
15.5 41.5
15.5 44.5
15.5 45.5
15.5 54.5
15.5 55.5
15.5 63.5
15.5 64.5
16.5 7.5
16.5 15.5
16.5 16.5
16.5 20.5
16.5 21.5
16.5 39.5
16.5 40.5
16.5 52.5
16.5 53.5
16.5 56.5
16.5 57.5
16.5 65.5
17.5 14.5
17.5 15.5
17.5 21.5
17.5 22.5
17.5 37.5
17.5 38.5
17.5 50.5
17.5 51.5
17.5 57.5
17.5 58.5
18.5 13.5
18.5 14.5
18.5 22.5
18.5 23.5
18.5 35.5
18.5 36.5
18.5 48.5
18.5 49.5
18.5 59.5
19.5 12.5
19.5 24.5
19.5 34.5
19.5 47.5
19.5 60.5
20.5 11.5
20.5 25.5
22.5 10.5
22.5 23.5
22.5 35.5
22.5 36.5
22.5 47.5
22.5 48.5
22.5 59.5
22.5 60.5
23.5 11.5
23.5 12.5
23.5 24.5
23.5 25.5
23.5 26.5
23.5 33.5
23.5 34.5
23.5 35.5
23.5 49.5
23.5 50.5
23.5 60.5
23.5 61.5
24.5 13.5
24.5 14.5
24.5 26.5
24.5 27.5
24.5 32.5
24.5 33.5
24.5 51.5
24.5 52.5
24.5 62.5
25.5 6.5
25.5 14.5
25.5 15.5
25.5 28.5
25.5 29.5
25.5 30.5
25.5 31.5
25.5 41.5
25.5 44.5
25.5 53.5
25.5 55.5
25.5 56.5
25.5 63.5
26.5 7.5
26.5 8.5
26.5 16.5
26.5 18.5
26.5 19.5
26.5 20.5
26.5 39.5
26.5 40.5
26.5 41.5
26.5 44.5
26.5 45.5
26.5 57.5
27.5 8.5
27.5 9.5
27.5 20.5
27.5 21.5
27.5 22.5
27.5 23.5
27.5 38.5
27.5 39.5
27.5 45.5
27.5 46.5
27.5 58.5
27.5 59.5
28.5 9.5
28.5 10.5
28.5 23.5
28.5 24.5
28.5 25.5
28.5 36.5
28.5 37.5
28.5 38.5
28.5 46.5
28.5 47.5
28.5 60.5
29.5 11.5
29.5 35.5
29.5 36.5
29.5 48.5
30.5 12.5
30.5 49.5
30.5 60.5
31.5 59.5
32.5 12.5
32.5 22.5
32.5 23.5
32.5 24.5
32.5 48.5
32.5 58.5
32.5 59.5
33.5 10.5
33.5 11.5
33.5 24.5
33.5 25.5
33.5 26.5
33.5 34.5
33.5 35.5
33.5 36.5
33.5 37.5
33.5 49.5
33.5 57.5
33.5 58.5
34.5 9.5
34.5 10.5
34.5 27.5
34.5 28.5
34.5 32.5
34.5 33.5
34.5 34.5
34.5 49.5
34.5 50.5
34.5 57.5
35.5 8.5
35.5 17.5
35.5 18.5
35.5 19.5
35.5 30.5
35.5 50.5
35.5 51.5
35.5 56.5
35.5 65.5
36.5 6.5
36.5 7.5
36.5 15.5
36.5 16.5
36.5 20.5
36.5 21.5
36.5 41.5
36.5 42.5
36.5 43.5
36.5 51.5
36.5 52.5
36.5 55.5
36.5 56.5
36.5 64.5
36.5 65.5
37.5 13.5
37.5 14.5
37.5 21.5
37.5 22.5
37.5 38.5
37.5 39.5
37.5 40.5
37.5 44.5
37.5 45.5
37.5 52.5
37.5 62.5
37.5 63.5
37.5 64.5
38.5 11.5
38.5 12.5
38.5 13.5
38.5 23.5
38.5 24.5
38.5 35.5
38.5 36.5
38.5 37.5
38.5 45.5
38.5 46.5
38.5 61.5
38.5 62.5
39.5 10.5
39.5 47.5
39.5 48.5
39.5 60.5
39.5 61.5
40.5 49.5
40.5 59.5
41.5 23.5
41.5 37.5
42.5 10.5
42.5 11.5
42.5 24.5
42.5 35.5
42.5 36.5
43.5 12.5
43.5 13.5
43.5 25.5
43.5 33.5
43.5 34.5
43.5 35.5
43.5 47.5
43.5 48.5
43.5 61.5
43.5 62.5
44.5 13.5
44.5 14.5
44.5 15.5
44.5 26.5
44.5 32.5
44.5 33.5
44.5 45.5
44.5 46.5
44.5 47.5
44.5 59.5
44.5 60.5
44.5 61.5
45.5 6.5
45.5 15.5
45.5 16.5
45.5 19.5
45.5 27.5
45.5 31.5
45.5 32.5
45.5 40.5
45.5 44.5
45.5 45.5
45.5 57.5
45.5 58.5
46.5 7.5
46.5 8.5
46.5 20.5
46.5 28.5
46.5 30.5
46.5 39.5
46.5 42.5
46.5 43.5
46.5 53.5
46.5 54.5
46.5 55.5
46.5 56.5
46.5 65.5
46.5 66.5
46.5 68.5
47.5 9.5
47.5 10.5
47.5 21.5
47.5 22.5
47.5 37.5
47.5 38.5
47.5 50.5
47.5 51.5
47.5 52.5
47.5 64.5
47.5 65.5
48.5 11.5
48.5 22.5
48.5 23.5
48.5 36.5
48.5 37.5
48.5 48.5
48.5 49.5
48.5 50.5
48.5 63.5
49.5 24.5
49.5 35.5
49.5 47.5
49.5 61.5
49.5 62.5
50.5 60.5
51.5 12.5
52.5 10.5
52.5 11.5
52.5 22.5
52.5 23.5
52.5 36.5
52.5 46.5
52.5 47.5
52.5 62.5
53.5 9.5
53.5 10.5
53.5 24.5
53.5 25.5
53.5 34.5
53.5 35.5
53.5 48.5
53.5 49.5
53.5 50.5
53.5 59.5
53.5 60.5
53.5 61.5
54.5 8.5
54.5 9.5
54.5 25.5
54.5 26.5
54.5 32.5
54.5 33.5
54.5 51.5
54.5 52.5
54.5 53.5
54.5 57.5
54.5 58.5
54.5 59.5
55.5 7.5
55.5 19.5
55.5 27.5
55.5 31.5
55.5 32.5
55.5 41.5
55.5 43.5
55.5 44.5
55.5 56.5
56.5 6.5
56.5 16.5
56.5 17.5
56.5 20.5
56.5 28.5
56.5 30.5
56.5 38.5
56.5 39.5
56.5 40.5
56.5 45.5
56.5 46.5
56.5 68.5
57.5 14.5
57.5 15.5
57.5 16.5
57.5 21.5
57.5 36.5
57.5 37.5
57.5 38.5
57.5 46.5
57.5 47.5
57.5 62.5
57.5 63.5
57.5 64.5
57.5 65.5
58.5 13.5
58.5 14.5
58.5 22.5
58.5 35.5
58.5 36.5
58.5 48.5
58.5 60.5
58.5 61.5
58.5 62.5
59.5 11.5
59.5 12.5
59.5 13.5
59.5 22.5
59.5 23.5
60.5 10.5
60.5 11.5
60.5 23.5
60.5 24.5
