2.5 9.5
2.5 10.5
2.5 19.5
2.5 59.5
2.5 60.5
3.5 8.5
3.5 9.5
3.5 18.5
3.5 19.5
3.5 29.5
3.5 30.5
3.5 41.5
3.5 42.5
3.5 49.5
3.5 59.5
3.5 60.5
4.5 7.5
4.5 8.5
4.5 18.5
4.5 19.5
4.5 28.5
4.5 29.5
4.5 30.5
4.5 41.5
4.5 42.5
4.5 48.5
4.5 49.5
4.5 59.5
4.5 60.5
5.5 7.5
5.5 17.5
5.5 18.5
5.5 27.5
5.5 28.5
5.5 29.5
5.5 42.5
5.5 43.5
5.5 48.5
5.5 58.5
5.5 59.5
6.5 12.5
6.5 13.5
6.5 17.5
6.5 23.5
6.5 27.5
6.5 28.5
6.5 34.5
6.5 42.5
6.5 43.5
6.5 47.5
6.5 48.5
6.5 59.5
6.5 63.5
7.5 11.5
7.5 12.5
7.5 13.5
7.5 22.5
7.5 23.5
7.5 33.5
7.5 34.5
7.5 38.5
7.5 43.5
7.5 47.5
7.5 53.5
7.5 54.5
7.5 63.5
8.5 11.5
8.5 12.5
8.5 21.5
8.5 22.5
8.5 32.5
8.5 33.5
8.5 38.5
8.5 39.5
8.5 52.5
8.5 53.5
8.5 54.5
8.5 63.5
9.5 10.5
9.5 11.5
9.5 21.5
9.5 22.5
9.5 32.5
9.5 38.5
9.5 39.5
9.5 51.5
9.5 52.5
9.5 53.5
9.5 62.5
9.5 63.5
10.5 21.5
10.5 31.5
10.5 39.5
10.5 40.5
10.5 51.5
10.5 52.5
10.5 62.5
14.5 9.5
14.5 21.5
14.5 31.5
15.5 8.5
15.5 9.5
15.5 21.5
15.5 22.5
15.5 31.5
15.5 32.5
15.5 39.5
15.5 52.5
15.5 61.5
16.5 7.5
16.5 8.5
16.5 21.5
16.5 22.5
16.5 23.5
16.5 32.5
16.5 33.5
16.5 38.5
16.5 39.5
16.5 52.5
16.5 53.5
16.5 54.5
16.5 61.5
17.5 6.5
17.5 7.5
17.5 8.5
17.5 22.5
17.5 23.5
17.5 32.5
17.5 33.5
17.5 38.5
17.5 39.5
17.5 53.5
17.5 54.5
17.5 55.5
17.5 60.5
17.5 61.5
18.5 6.5
18.5 7.5
18.5 27.5
18.5 28.5
18.5 33.5
18.5 38.5
18.5 54.5
18.5 55.5
18.5 56.5
18.5 60.5
18.5 64.5
19.5 12.5
19.5 13.5
19.5 18.5
19.5 28.5
19.5 29.5
19.5 43.5
19.5 47.5
19.5 48.5
19.5 64.5
20.5 11.5
20.5 12.5
20.5 13.5
20.5 18.5
20.5 19.5
20.5 28.5
20.5 29.5
20.5 42.5
20.5 43.5
20.5 48.5
20.5 49.5
20.5 63.5
20.5 64.5
21.5 10.5
21.5 11.5
21.5 12.5
21.5 18.5
21.5 19.5
21.5 29.5
21.5 30.5
21.5 41.5
21.5 42.5
21.5 49.5
21.5 50.5
21.5 51.5
21.5 63.5
21.5 64.5
22.5 10.5
22.5 11.5
22.5 19.5
22.5 30.5
22.5 41.5
22.5 50.5
22.5 51.5
22.5 63.5
22.5 64.5
26.5 30.5
27.5 10.5
27.5 11.5
27.5 19.5
27.5 30.5
27.5 31.5
27.5 41.5
27.5 52.5
27.5 53.5
27.5 63.5
27.5 64.5
28.5 10.5
28.5 11.5
28.5 12.5
28.5 18.5
28.5 31.5
28.5 32.5
28.5 41.5
28.5 42.5
28.5 52.5
28.5 53.5
28.5 54.5
28.5 63.5
28.5 64.5
29.5 11.5
29.5 12.5
29.5 13.5
29.5 17.5
29.5 18.5
29.5 32.5
29.5 33.5
29.5 42.5
29.5 43.5
29.5 53.5
29.5 54.5
29.5 55.5
29.5 64.5
29.5 65.5
30.5 6.5
30.5 13.5
30.5 22.5
30.5 23.5
30.5 27.5
30.5 33.5
30.5 42.5
30.5 43.5
30.5 54.5
30.5 55.5
30.5 64.5
30.5 65.5
31.5 6.5
31.5 7.5
31.5 8.5
31.5 22.5
31.5 23.5
31.5 27.5
31.5 28.5
31.5 37.5
31.5 38.5
31.5 47.5
31.5 48.5
31.5 59.5
31.5 60.5
31.5 65.5
32.5 7.5
32.5 8.5
32.5 21.5
32.5 22.5
32.5 23.5
32.5 28.5
32.5 29.5
32.5 38.5
32.5 39.5
32.5 48.5
32.5 49.5
32.5 60.5
33.5 8.5
33.5 9.5
33.5 21.5
33.5 22.5
33.5 23.5
33.5 28.5
33.5 29.5
33.5 38.5
33.5 39.5
33.5 48.5
33.5 49.5
33.5 50.5
33.5 60.5
33.5 61.5
34.5 9.5
34.5 21.5
34.5 22.5
34.5 29.5
34.5 30.5
34.5 39.5
34.5 40.5
34.5 49.5
34.5 50.5
34.5 60.5
34.5 61.5
35.5 30.5
35.5 61.5
38.5 11.5
39.5 10.5
39.5 11.5
39.5 12.5
39.5 21.5
39.5 22.5
39.5 31.5
39.5 32.5
39.5 38.5
39.5 39.5
39.5 49.5
39.5 50.5
39.5 60.5
39.5 61.5
40.5 11.5
40.5 12.5
40.5 22.5
40.5 23.5
40.5 31.5
40.5 32.5
40.5 37.5
40.5 38.5
40.5 39.5
40.5 48.5
40.5 49.5
40.5 50.5
40.5 60.5
41.5 11.5
41.5 12.5
41.5 13.5
41.5 23.5
41.5 32.5
41.5 33.5
41.5 37.5
41.5 38.5
41.5 47.5
41.5 48.5
41.5 49.5
41.5 59.5
41.5 60.5
42.5 12.5
42.5 13.5
42.5 17.5
42.5 18.5
42.5 24.5
42.5 32.5
42.5 33.5
42.5 43.5
42.5 47.5
42.5 59.5
43.5 7.5
43.5 18.5
43.5 19.5
43.5 28.5
43.5 41.5
43.5 42.5
43.5 43.5
43.5 53.5
43.5 54.5
43.5 58.5
43.5 64.5
44.5 7.5
44.5 8.5
44.5 18.5
44.5 19.5
44.5 28.5
44.5 29.5
44.5 41.5
44.5 42.5
44.5 52.5
44.5 53.5
44.5 54.5
44.5 63.5
44.5 64.5
45.5 8.5
45.5 9.5
45.5 19.5
45.5 29.5
45.5 30.5
45.5 40.5
45.5 41.5
45.5 51.5
45.5 52.5
45.5 53.5
45.5 62.5
45.5 63.5
46.5 9.5
46.5 10.5
46.5 19.5
46.5 51.5
46.5 52.5
46.5 62.5
46.5 63.5
47.5 10.5
47.5 61.5
47.5 62.5
50.5 21.5
50.5 29.5
50.5 39.5
50.5 50.5
51.5 9.5
51.5 10.5
51.5 21.5
51.5 28.5
51.5 29.5
51.5 38.5
51.5 39.5
51.5 49.5
51.5 50.5
52.5 9.5
52.5 10.5
52.5 21.5
52.5 22.5
52.5 28.5
52.5 29.5
52.5 38.5
52.5 39.5
52.5 49.5
52.5 50.5
52.5 59.5
52.5 60.5
53.5 8.5
53.5 9.5
53.5 21.5
53.5 22.5
53.5 27.5
53.5 28.5
53.5 38.5
53.5 39.5
53.5 49.5
53.5 50.5
53.5 59.5
53.5 60.5
54.5 8.5
54.5 22.5
54.5 23.5
54.5 27.5
54.5 33.5
54.5 38.5
54.5 44.5
54.5 49.5
54.5 50.5
54.5 58.5
54.5 59.5
55.5 13.5
55.5 17.5
55.5 22.5
55.5 32.5
55.5 33.5
55.5 43.5
55.5 44.5
55.5 54.5
55.5 64.5
56.5 12.5
56.5 13.5
56.5 17.5
56.5 18.5
56.5 31.5
56.5 32.5
56.5 33.5
56.5 42.5
56.5 43.5
56.5 44.5
56.5 53.5
56.5 54.5
56.5 63.5
56.5 64.5
57.5 11.5
57.5 12.5
57.5 17.5
57.5 18.5
57.5 31.5
57.5 32.5
57.5 42.5
57.5 43.5
57.5 53.5
57.5 54.5
57.5 62.5
57.5 63.5
57.5 64.5
58.5 11.5
58.5 12.5
58.5 18.5
58.5 19.5
58.5 31.5
58.5 32.5
58.5 42.5
58.5 43.5
58.5 53.5
58.5 62.5
58.5 63.5
59.5 11.5
59.5 19.5
59.5 31.5
59.5 62.5
