3.5 15.5
3.5 16.5
3.5 56.5
3.5 57.5
3.5 58.5
4.5 11.5
4.5 12.5
4.5 13.5
4.5 37.5
4.5 38.5
4.5 39.5
4.5 59.5
4.5 60.5
4.5 61.5
5.5 8.5
5.5 9.5
5.5 10.5
5.5 40.5
5.5 41.5
5.5 42.5
5.5 43.5
5.5 62.5
5.5 63.5
7.5 50.5
7.5 51.5
8.5 19.5
8.5 20.5
8.5 21.5
8.5 22.5
8.5 29.5
8.5 30.5
8.5 31.5
8.5 52.5
8.5 53.5
9.5 16.5
9.5 17.5
9.5 18.5
9.5 32.5
9.5 33.5
9.5 34.5
9.5 35.5
9.5 55.5
10.5 36.5
10.5 37.5
14.5 56.5
15.5 15.5
15.5 16.5
15.5 35.5
15.5 36.5
15.5 53.5
15.5 54.5
16.5 12.5
16.5 13.5
16.5 14.5
16.5 37.5
16.5 38.5
16.5 39.5
16.5 40.5
16.5 51.5
16.5 52.5
17.5 9.5
17.5 10.5
17.5 11.5
17.5 41.5
17.5 42.5
17.5 43.5
17.5 49.5
17.5 50.5
18.5 7.5
18.5 8.5
18.5 62.5
19.5 59.5
19.5 60.5
19.5 61.5
20.5 21.5
20.5 22.5
20.5 28.5
20.5 29.5
20.5 30.5
20.5 57.5
20.5 58.5
21.5 18.5
21.5 19.5
21.5 20.5
21.5 31.5
21.5 32.5
21.5 33.5
21.5 34.5
21.5 55.5
21.5 56.5
22.5 16.5
22.5 17.5
22.5 35.5
22.5 36.5
23.5 14.5
26.5 56.5
27.5 54.5
27.5 55.5
28.5 16.5
28.5 17.5
28.5 35.5
28.5 36.5
28.5 37.5
28.5 38.5
28.5 52.5
28.5 53.5
29.5 18.5
29.5 19.5
29.5 20.5
29.5 38.5
29.5 39.5
29.5 40.5
29.5 41.5
29.5 50.5
29.5 51.5
30.5 22.5
30.5 42.5
30.5 43.5
30.5 49.5
31.5 7.5
31.5 8.5
31.5 9.5
31.5 62.5
31.5 63.5
32.5 10.5
32.5 11.5
32.5 12.5
32.5 29.5
32.5 30.5
32.5 31.5
32.5 60.5
32.5 61.5
33.5 14.5
33.5 15.5
33.5 32.5
33.5 33.5
33.5 58.5
33.5 59.5
34.5 35.5
34.5 36.5
34.5 56.5
34.5 57.5
38.5 15.5
38.5 16.5
39.5 11.5
39.5 12.5
39.5 13.5
39.5 35.5
39.5 36.5
40.5 9.5
40.5 10.5
40.5 31.5
40.5 32.5
40.5 33.5
40.5 34.5
40.5 57.5
40.5 58.5
41.5 29.5
41.5 30.5
41.5 31.5
41.5 60.5
41.5 61.5
42.5 22.5
42.5 63.5
42.5 64.5
43.5 19.5
43.5 20.5
43.5 21.5
44.5 16.5
44.5 17.5
44.5 18.5
44.5 40.5
44.5 41.5
44.5 42.5
44.5 48.5
44.5 49.5
44.5 50.5
45.5 15.5
45.5 38.5
45.5 39.5
45.5 51.5
45.5 52.5
45.5 53.5
45.5 54.5
46.5 35.5
46.5 36.5
46.5 37.5
46.5 55.5
46.5 56.5
46.5 57.5
50.5 15.5
50.5 16.5
51.5 17.5
51.5 18.5
52.5 18.5
52.5 19.5
52.5 34.5
52.5 35.5
52.5 55.5
52.5 56.5
52.5 57.5
53.5 20.5
53.5 21.5
53.5 31.5
53.5 32.5
53.5 33.5
53.5 57.5
53.5 58.5
53.5 59.5
53.5 60.5
54.5 7.5
54.5 22.5
54.5 29.5
54.5 30.5
54.5 31.5
54.5 61.5
54.5 62.5
54.5 63.5
55.5 9.5
55.5 10.5
56.5 10.5
56.5 11.5
56.5 12.5
57.5 13.5
57.5 14.5
57.5 40.5
57.5 41.5
57.5 42.5
57.5 48.5
57.5 49.5
57.5 50.5
58.5 15.5
58.5 16.5
58.5 37.5
58.5 38.5
58.5 39.5
58.5 51.5
58.5 52.5
58.5 53.5
59.5 35.5
59.5 36.5
59.5 37.5
59.5 54.5
59.5 55.5
