1.5 47.5
1.5 48.5
1.5 60.5
1.5 61.5
2.5 11.5
2.5 12.5
2.5 35.5
2.5 36.5
2.5 48.5
2.5 49.5
2.5 50.5
2.5 61.5
2.5 62.5
3.5 9.5
3.5 10.5
3.5 11.5
3.5 22.5
3.5 23.5
3.5 24.5
3.5 36.5
3.5 37.5
3.5 38.5
3.5 49.5
3.5 50.5
3.5 51.5
3.5 62.5
3.5 63.5
4.5 7.5
4.5 8.5
4.5 9.5
4.5 24.5
4.5 25.5
4.5 26.5
4.5 37.5
4.5 38.5
4.5 39.5
4.5 50.5
4.5 51.5
4.5 52.5
4.5 56.5
4.5 63.5
4.5 64.5
5.5 26.5
5.5 27.5
5.5 28.5
5.5 39.5
5.5 40.5
5.5 43.5
5.5 44.5
5.5 52.5
5.5 53.5
5.5 56.5
5.5 57.5
5.5 64.5
5.5 65.5
6.5 13.5
6.5 14.5
6.5 15.5
6.5 16.5
6.5 17.5
6.5 19.5
6.5 20.5
6.5 31.5
6.5 32.5
6.5 33.5
6.5 44.5
6.5 45.5
6.5 57.5
6.5 58.5
7.5 11.5
7.5 12.5
7.5 13.5
7.5 14.5
7.5 15.5
7.5 20.5
7.5 21.5
7.5 22.5
7.5 32.5
7.5 33.5
7.5 34.5
7.5 45.5
7.5 46.5
7.5 47.5
7.5 57.5
7.5 58.5
7.5 59.5
8.5 22.5
8.5 23.5
8.5 34.5
8.5 35.5
8.5 36.5
8.5 46.5
8.5 47.5
8.5 48.5
8.5 58.5
8.5 59.5
8.5 60.5
9.5 24.5
9.5 48.5
9.5 60.5
11.5 11.5
11.5 12.5
11.5 13.5
11.5 23.5
11.5 34.5
11.5 35.5
11.5 60.5
12.5 9.5
12.5 10.5
12.5 11.5
12.5 12.5
12.5 23.5
12.5 24.5
12.5 35.5
12.5 36.5
12.5 46.5
12.5 47.5
12.5 58.5
12.5 59.5
13.5 8.5
13.5 9.5
13.5 10.5
13.5 11.5
13.5 24.5
13.5 25.5
13.5 36.5
13.5 37.5
13.5 38.5
13.5 47.5
13.5 48.5
13.5 49.5
13.5 57.5
13.5 58.5
14.5 7.5
14.5 8.5
14.5 9.5
14.5 24.5
14.5 25.5
14.5 26.5
14.5 37.5
14.5 38.5
14.5 39.5
14.5 48.5
14.5 49.5
14.5 50.5
14.5 56.5
14.5 57.5
15.5 16.5
15.5 17.5
15.5 19.5
15.5 20.5
15.5 25.5
15.5 26.5
15.5 29.5
15.5 30.5
15.5 39.5
15.5 42.5
15.5 43.5
15.5 50.5
15.5 51.5
15.5 54.5
15.5 55.5
15.5 63.5
15.5 64.5
15.5 65.5
15.5 66.5
16.5 14.5
16.5 15.5
16.5 16.5
16.5 20.5
16.5 26.5
16.5 27.5
16.5 30.5
16.5 31.5
16.5 32.5
16.5 43.5
16.5 44.5
16.5 45.5
16.5 61.5
16.5 62.5
16.5 63.5
16.5 64.5
17.5 13.5
17.5 14.5
17.5 15.5
17.5 20.5
17.5 21.5
17.5 31.5
17.5 32.5
17.5 33.5
17.5 34.5
17.5 44.5
17.5 45.5
17.5 46.5
17.5 59.5
17.5 60.5
17.5 61.5
17.5 62.5
17.5 63.5
18.5 12.5
18.5 13.5
18.5 21.5
18.5 22.5
18.5 32.5
18.5 33.5
18.5 34.5
18.5 35.5
18.5 46.5
18.5 47.5
18.5 58.5
18.5 59.5
18.5 60.5
19.5 11.5
19.5 12.5
19.5 22.5
19.5 35.5
19.5 47.5
20.5 23.5
21.5 47.5
22.5 11.5
22.5 12.5
22.5 23.5
22.5 35.5
22.5 46.5
22.5 47.5
22.5 60.5
22.5 61.5
22.5 62.5
23.5 9.5
23.5 10.5
23.5 11.5
23.5 21.5
23.5 22.5
23.5 33.5
23.5 34.5
23.5 35.5
23.5 45.5
23.5 46.5
23.5 57.5
23.5 58.5
23.5 59.5
23.5 60.5
23.5 61.5
24.5 8.5
24.5 9.5
24.5 10.5
24.5 20.5
24.5 21.5
24.5 31.5
24.5 32.5
24.5 33.5
24.5 44.5
24.5 45.5
24.5 56.5
24.5 57.5
24.5 58.5
24.5 59.5
25.5 7.5
25.5 8.5
25.5 16.5
25.5 19.5
25.5 20.5
25.5 30.5
25.5 31.5
25.5 32.5
25.5 39.5
25.5 40.5
25.5 43.5
25.5 44.5
25.5 51.5
25.5 52.5
25.5 54.5
25.5 55.5
25.5 56.5
25.5 65.5
25.5 66.5
26.5 14.5
26.5 15.5
26.5 18.5
26.5 26.5
26.5 27.5
26.5 30.5
26.5 38.5
26.5 39.5
26.5 40.5
26.5 50.5
26.5 51.5
26.5 63.5
26.5 64.5
26.5 65.5
27.5 12.5
27.5 13.5
27.5 14.5
27.5 23.5
27.5 24.5
27.5 25.5
27.5 26.5
27.5 36.5
27.5 37.5
27.5 38.5
27.5 39.5
27.5 49.5
27.5 50.5
27.5 62.5
27.5 63.5
27.5 64.5
28.5 11.5
28.5 12.5
28.5 22.5
28.5 23.5
28.5 24.5
28.5 25.5
28.5 35.5
28.5 36.5
28.5 37.5
28.5 48.5
28.5 49.5
28.5 61.5
28.5 62.5
28.5 63.5
29.5 35.5
29.5 47.5
29.5 48.5
29.5 60.5
29.5 61.5
31.5 11.5
31.5 12.5
32.5 10.5
32.5 11.5
32.5 23.5
32.5 24.5
32.5 36.5
32.5 37.5
32.5 48.5
32.5 49.5
32.5 59.5
32.5 60.5
32.5 61.5
33.5 9.5
33.5 10.5
33.5 21.5
33.5 22.5
33.5 23.5
33.5 34.5
33.5 35.5
33.5 36.5
33.5 49.5
33.5 50.5
33.5 51.5
33.5 57.5
33.5 58.5
33.5 59.5
34.5 8.5
34.5 9.5
34.5 20.5
34.5 21.5
34.5 22.5
34.5 32.5
34.5 33.5
34.5 34.5
34.5 51.5
34.5 52.5
34.5 55.5
34.5 56.5
34.5 57.5
35.5 7.5
35.5 8.5
35.5 15.5
35.5 16.5
35.5 19.5
35.5 20.5
35.5 21.5
35.5 28.5
35.5 29.5
35.5 31.5
35.5 32.5
35.5 40.5
35.5 43.5
35.5 44.5
35.5 64.5
35.5 65.5
35.5 66.5
36.5 14.5
36.5 15.5
36.5 16.5
36.5 19.5
36.5 27.5
36.5 28.5
36.5 38.5
36.5 39.5
36.5 40.5
36.5 43.5
36.5 44.5
36.5 45.5
36.5 46.5
36.5 47.5
36.5 61.5
36.5 62.5
36.5 63.5
36.5 64.5
36.5 65.5
36.5 66.5
37.5 12.5
37.5 13.5
37.5 14.5
37.5 15.5
37.5 25.5
37.5 26.5
37.5 27.5
37.5 37.5
37.5 38.5
37.5 39.5
37.5 45.5
37.5 46.5
37.5 47.5
37.5 48.5
37.5 59.5
37.5 60.5
37.5 61.5
37.5 62.5
37.5 63.5
38.5 11.5
38.5 12.5
38.5 13.5
38.5 24.5
38.5 25.5
38.5 36.5
38.5 37.5
39.5 10.5
39.5 11.5
39.5 23.5
39.5 24.5
39.5 35.5
39.5 36.5
41.5 36.5
41.5 46.5
41.5 47.5
41.5 61.5
41.5 62.5
42.5 10.5
42.5 11.5
42.5 24.5
42.5 25.5
42.5 35.5
42.5 36.5
42.5 47.5
42.5 48.5
42.5 49.5
42.5 58.5
42.5 59.5
42.5 60.5
42.5 61.5
42.5 62.5
43.5 11.5
43.5 12.5
43.5 13.5
43.5 14.5
43.5 24.5
43.5 25.5
43.5 26.5
43.5 34.5
43.5 35.5
43.5 48.5
43.5 49.5
43.5 50.5
43.5 51.5
43.5 56.5
43.5 57.5
43.5 58.5
43.5 59.5
43.5 60.5
44.5 13.5
44.5 14.5
44.5 15.5
44.5 25.5
44.5 26.5
44.5 27.5
44.5 28.5
44.5 33.5
44.5 34.5
44.5 50.5
44.5 51.5
44.5 52.5
44.5 55.5
44.5 56.5
44.5 57.5
44.5 58.5
45.5 6.5
45.5 7.5
45.5 16.5
45.5 19.5
45.5 27.5
45.5 28.5
45.5 29.5
45.5 32.5
45.5 33.5
45.5 52.5
45.5 66.5
46.5 7.5
46.5 8.5
46.5 9.5
46.5 19.5
46.5 20.5
46.5 21.5
46.5 29.5
46.5 32.5
46.5 39.5
46.5 40.5
46.5 43.5
46.5 44.5
46.5 64.5
46.5 65.5
46.5 66.5
47.5 8.5
47.5 9.5
47.5 10.5
47.5 21.5
47.5 22.5
47.5 23.5
47.5 38.5
47.5 39.5
47.5 40.5
47.5 44.5
47.5 45.5
47.5 46.5
47.5 62.5
47.5 63.5
47.5 64.5
48.5 9.5
48.5 10.5
48.5 11.5
48.5 22.5
48.5 23.5
48.5 24.5
48.5 36.5
48.5 37.5
48.5 38.5
48.5 39.5
48.5 45.5
48.5 46.5
48.5 47.5
48.5 48.5
48.5 61.5
48.5 62.5
49.5 11.5
49.5 12.5
49.5 25.5
49.5 35.5
49.5 36.5
49.5 37.5
49.5 47.5
49.5 48.5
49.5 49.5
50.5 35.5
50.5 49.5
51.5 22.5
51.5 23.5
52.5 11.5
52.5 23.5
52.5 24.5
52.5 60.5
52.5 61.5
52.5 62.5
53.5 11.5
53.5 12.5
53.5 24.5
53.5 25.5
53.5 26.5
53.5 36.5
53.5 37.5
53.5 48.5
53.5 49.5
53.5 61.5
53.5 62.5
53.5 63.5
54.5 12.5
54.5 13.5
54.5 26.5
54.5 27.5
54.5 33.5
54.5 34.5
54.5 35.5
54.5 36.5
54.5 48.5
54.5 49.5
54.5 50.5
54.5 62.5
54.5 63.5
54.5 64.5
55.5 12.5
55.5 13.5
55.5 14.5
55.5 18.5
55.5 19.5
55.5 27.5
55.5 28.5
55.5 32.5
55.5 33.5
55.5 34.5
55.5 49.5
55.5 50.5
55.5 51.5
55.5 63.5
55.5 64.5
55.5 65.5
56.5 13.5
56.5 14.5
56.5 18.5
56.5 19.5
56.5 20.5
56.5 21.5
56.5 31.5
56.5 50.5
56.5 51.5
56.5 52.5
56.5 55.5
56.5 56.5
56.5 57.5
56.5 65.5
56.5 66.5
57.5 8.5
57.5 14.5
57.5 19.5
57.5 20.5
57.5 21.5
57.5 22.5
57.5 39.5
57.5 40.5
57.5 41.5
57.5 44.5
57.5 45.5
57.5 52.5
57.5 56.5
57.5 57.5
57.5 58.5
58.5 8.5
58.5 9.5
58.5 20.5
58.5 21.5
58.5 22.5
58.5 23.5
58.5 37.5
58.5 38.5
58.5 39.5
58.5 45.5
58.5 46.5
58.5 57.5
58.5 58.5
58.5 59.5
59.5 9.5
59.5 10.5
59.5 22.5
59.5 23.5
59.5 24.5
59.5 35.5
59.5 36.5
59.5 37.5
59.5 46.5
59.5 47.5
59.5 58.5
59.5 59.5
59.5 60.5
60.5 10.5
60.5 11.5
60.5 23.5
60.5 24.5
60.5 47.5
60.5 48.5
60.5 60.5
60.5 61.5
61.5 11.5
