1.5 24.5
1.5 47.5
1.5 60.5
1.5 61.5
2.5 11.5
2.5 12.5
2.5 23.5
2.5 34.5
2.5 35.5
2.5 47.5
2.5 48.5
2.5 49.5
2.5 59.5
2.5 60.5
3.5 13.5
3.5 14.5
3.5 22.5
3.5 23.5
3.5 33.5
3.5 34.5
3.5 49.5
3.5 50.5
3.5 58.5
3.5 59.5
4.5 14.5
4.5 15.5
4.5 16.5
4.5 21.5
4.5 22.5
4.5 27.5
4.5 32.5
4.5 33.5
4.5 50.5
4.5 51.5
4.5 52.5
4.5 56.5
4.5 57.5
4.5 58.5
5.5 17.5
5.5 18.5
5.5 20.5
5.5 21.5
5.5 26.5
5.5 31.5
5.5 32.5
5.5 43.5
5.5 52.5
5.5 53.5
5.5 56.5
5.5 64.5
5.5 65.5
6.5 7.5
6.5 8.5
6.5 9.5
6.5 26.5
6.5 30.5
6.5 40.5
6.5 41.5
6.5 44.5
6.5 45.5
6.5 63.5
6.5 64.5
7.5 9.5
7.5 10.5
7.5 11.5
7.5 25.5
7.5 29.5
7.5 38.5
7.5 39.5
7.5 40.5
7.5 45.5
7.5 46.5
7.5 62.5
7.5 63.5
8.5 11.5
8.5 12.5
8.5 13.5
8.5 25.5
8.5 36.5
8.5 37.5
8.5 38.5
8.5 39.5
8.5 46.5
8.5 47.5
8.5 61.5
8.5 62.5
9.5 24.5
9.5 35.5
9.5 36.5
9.5 37.5
9.5 47.5
9.5 48.5
9.5 60.5
10.5 34.5
10.5 35.5
10.5 49.5
12.5 10.5
12.5 11.5
12.5 12.5
12.5 23.5
12.5 61.5
13.5 12.5
13.5 13.5
13.5 14.5
13.5 15.5
13.5 22.5
13.5 48.5
13.5 49.5
13.5 50.5
13.5 51.5
13.5 57.5
13.5 58.5
13.5 59.5
14.5 14.5
14.5 15.5
14.5 16.5
14.5 17.5
14.5 21.5
14.5 33.5
14.5 34.5
14.5 35.5
14.5 36.5
14.5 52.5
14.5 53.5
14.5 54.5
14.5 55.5
15.5 6.5
15.5 7.5
15.5 20.5
15.5 30.5
15.5 31.5
15.5 32.5
15.5 33.5
16.5 8.5
16.5 9.5
16.5 19.5
16.5 26.5
16.5 27.5
16.5 41.5
16.5 42.5
16.5 44.5
16.5 45.5
16.5 46.5
16.5 47.5
16.5 62.5
16.5 63.5
16.5 64.5
16.5 65.5
17.5 9.5
17.5 10.5
17.5 11.5
17.5 24.5
17.5 25.5
17.5 37.5
17.5 38.5
17.5 39.5
17.5 40.5
17.5 48.5
17.5 49.5
17.5 50.5
17.5 59.5
17.5 60.5
17.5 61.5
17.5 62.5
18.5 11.5
18.5 12.5
18.5 22.5
18.5 23.5
18.5 35.5
18.5 36.5
20.5 48.5
20.5 49.5
21.5 10.5
21.5 11.5
21.5 23.5
21.5 37.5
21.5 38.5
21.5 49.5
21.5 50.5
21.5 51.5
21.5 60.5
21.5 61.5
22.5 11.5
22.5 12.5
22.5 21.5
22.5 22.5
22.5 35.5
22.5 36.5
22.5 37.5
22.5 51.5
22.5 52.5
22.5 58.5
22.5 59.5
22.5 60.5
23.5 12.5
23.5 13.5
23.5 20.5
23.5 21.5
23.5 33.5
23.5 34.5
23.5 35.5
23.5 52.5
23.5 53.5
23.5 57.5
23.5 58.5
23.5 59.5
24.5 6.5
24.5 13.5
24.5 14.5
24.5 19.5
24.5 20.5
24.5 29.5
24.5 32.5
24.5 33.5
24.5 42.5
24.5 44.5
24.5 54.5
24.5 57.5
25.5 7.5
25.5 8.5
25.5 15.5
25.5 18.5
25.5 27.5
25.5 28.5
25.5 40.5
25.5 41.5
25.5 45.5
25.5 46.5
25.5 47.5
25.5 64.5
26.5 8.5
26.5 9.5
26.5 25.5
26.5 26.5
26.5 27.5
26.5 39.5
26.5 40.5
26.5 46.5
26.5 47.5
26.5 48.5
26.5 49.5
26.5 63.5
27.5 9.5
27.5 10.5
27.5 23.5
27.5 24.5
27.5 25.5
27.5 37.5
27.5 38.5
27.5 49.5
27.5 50.5
27.5 62.5
28.5 10.5
28.5 22.5
28.5 23.5
28.5 36.5
28.5 37.5
28.5 61.5
29.5 11.5
31.5 37.5
31.5 48.5
31.5 49.5
31.5 60.5
32.5 9.5
32.5 10.5
32.5 22.5
32.5 23.5
32.5 24.5
32.5 37.5
32.5 38.5
32.5 49.5
32.5 50.5
32.5 51.5
32.5 59.5
33.5 8.5
33.5 9.5
33.5 23.5
33.5 24.5
33.5 25.5
33.5 26.5
33.5 38.5
33.5 39.5
33.5 50.5
33.5 51.5
33.5 52.5
33.5 58.5
33.5 59.5
34.5 6.5
34.5 7.5
34.5 25.5
34.5 26.5
34.5 27.5
34.5 28.5
34.5 39.5
34.5 40.5
34.5 44.5
34.5 51.5
34.5 52.5
34.5 53.5
34.5 57.5
34.5 58.5
35.5 15.5
35.5 16.5
35.5 18.5
35.5 19.5
35.5 28.5
35.5 29.5
35.5 31.5
35.5 32.5
35.5 41.5
35.5 45.5
35.5 53.5
35.5 54.5
35.5 56.5
35.5 57.5
36.5 12.5
36.5 13.5
36.5 14.5
36.5 15.5
36.5 19.5
36.5 20.5
36.5 32.5
36.5 33.5
36.5 34.5
36.5 42.5
36.5 45.5
36.5 46.5
36.5 63.5
36.5 64.5
36.5 65.5
36.5 66.5
37.5 10.5
37.5 11.5
37.5 12.5
37.5 20.5
37.5 21.5
37.5 34.5
37.5 35.5
37.5 36.5
37.5 46.5
37.5 47.5
37.5 61.5
37.5 62.5
37.5 63.5
37.5 64.5
38.5 22.5
38.5 23.5
38.5 35.5
38.5 36.5
38.5 37.5
38.5 47.5
38.5 48.5
38.5 59.5
38.5 60.5
38.5 61.5
38.5 62.5
39.5 23.5
39.5 24.5
39.5 37.5
39.5 38.5
39.5 48.5
41.5 12.5
42.5 9.5
42.5 10.5
42.5 11.5
42.5 24.5
42.5 35.5
42.5 48.5
42.5 49.5
43.5 7.5
43.5 8.5
43.5 9.5
43.5 23.5
43.5 24.5
43.5 36.5
43.5 37.5
43.5 38.5
43.5 47.5
43.5 48.5
43.5 59.5
43.5 60.5
43.5 61.5
43.5 62.5
44.5 6.5
44.5 21.5
44.5 22.5
44.5 23.5
44.5 38.5
44.5 39.5
44.5 40.5
44.5 46.5
44.5 47.5
44.5 61.5
44.5 62.5
44.5 63.5
44.5 64.5
45.5 21.5
45.5 22.5
45.5 40.5
45.5 41.5
45.5 42.5
45.5 45.5
45.5 64.5
45.5 65.5
45.5 66.5
46.5 14.5
46.5 15.5
46.5 16.5
46.5 17.5
46.5 18.5
46.5 20.5
46.5 27.5
46.5 28.5
46.5 32.5
46.5 33.5
46.5 44.5
46.5 52.5
46.5 53.5
46.5 56.5
47.5 11.5
47.5 12.5
47.5 13.5
47.5 14.5
47.5 15.5
47.5 26.5
47.5 27.5
47.5 33.5
47.5 34.5
47.5 35.5
47.5 50.5
47.5 51.5
47.5 52.5
47.5 57.5
48.5 25.5
48.5 26.5
48.5 35.5
48.5 36.5
48.5 49.5
48.5 50.5
48.5 51.5
48.5 57.5
48.5 58.5
49.5 25.5
49.5 37.5
49.5 48.5
49.5 49.5
49.5 50.5
49.5 58.5
49.5 59.5
50.5 24.5
50.5 48.5
50.5 59.5
50.5 60.5
51.5 10.5
51.5 11.5
52.5 11.5
52.5 12.5
52.5 13.5
52.5 24.5
52.5 35.5
52.5 36.5
53.5 13.5
53.5 14.5
53.5 25.5
53.5 36.5
53.5 37.5
53.5 38.5
53.5 48.5
53.5 49.5
53.5 50.5
53.5 60.5
54.5 6.5
54.5 14.5
54.5 15.5
54.5 16.5
54.5 25.5
54.5 26.5
54.5 38.5
54.5 39.5
54.5 46.5
54.5 47.5
54.5 48.5
54.5 61.5
55.5 6.5
55.5 7.5
55.5 8.5
55.5 17.5
55.5 26.5
55.5 27.5
55.5 39.5
55.5 40.5
55.5 41.5
55.5 44.5
55.5 45.5
55.5 46.5
55.5 61.5
55.5 62.5
56.5 7.5
56.5 8.5
56.5 9.5
56.5 19.5
56.5 20.5
56.5 21.5
56.5 28.5
56.5 31.5
56.5 32.5
56.5 41.5
56.5 43.5
56.5 44.5
56.5 62.5
56.5 63.5
57.5 8.5
57.5 9.5
57.5 10.5
57.5 21.5
57.5 22.5
57.5 32.5
57.5 33.5
57.5 34.5
57.5 52.5
57.5 53.5
57.5 56.5
57.5 63.5
58.5 9.5
58.5 10.5
58.5 22.5
58.5 23.5
58.5 34.5
58.5 35.5
58.5 50.5
58.5 51.5
58.5 57.5
58.5 58.5
58.5 64.5
59.5 11.5
59.5 24.5
59.5 36.5
59.5 48.5
59.5 49.5
59.5 58.5
59.5 59.5
60.5 59.5
60.5 60.5
61.5 61.5
