2.5 11.5
2.5 18.5
2.5 19.5
2.5 29.5
2.5 51.5
2.5 60.5
3.5 12.5
3.5 17.5
3.5 18.5
3.5 28.5
3.5 29.5
3.5 40.5
3.5 41.5
3.5 51.5
3.5 58.5
3.5 59.5
4.5 12.5
4.5 17.5
4.5 28.5
4.5 42.5
4.5 52.5
4.5 57.5
4.5 58.5
5.5 23.5
5.5 52.5
6.5 8.5
6.5 22.5
6.5 23.5
6.5 32.5
6.5 37.5
6.5 63.5
6.5 64.5
7.5 9.5
7.5 21.5
7.5 22.5
7.5 31.5
7.5 32.5
7.5 38.5
7.5 48.5
7.5 49.5
7.5 62.5
7.5 63.5
8.5 31.5
8.5 39.5
8.5 49.5
8.5 61.5
12.5 9.5
12.5 20.5
12.5 61.5
13.5 8.5
13.5 19.5
13.5 29.5
13.5 39.5
13.5 49.5
13.5 59.5
13.5 60.5
14.5 7.5
14.5 8.5
14.5 18.5
14.5 28.5
14.5 38.5
14.5 48.5
14.5 49.5
14.5 59.5
15.5 7.5
15.5 37.5
15.5 48.5
15.5 58.5
16.5 12.5
16.5 13.5
16.5 22.5
16.5 23.5
16.5 32.5
16.5 33.5
16.5 43.5
16.5 65.5
17.5 11.5
17.5 12.5
17.5 22.5
17.5 31.5
17.5 32.5
17.5 42.5
17.5 43.5
17.5 53.5
17.5 64.5
17.5 65.5
18.5 11.5
18.5 41.5
18.5 42.5
18.5 52.5
18.5 63.5
18.5 64.5
19.5 52.5
22.5 19.5
22.5 20.5
22.5 29.5
23.5 11.5
23.5 12.5
23.5 13.5
23.5 19.5
23.5 28.5
23.5 29.5
23.5 39.5
23.5 40.5
24.5 13.5
24.5 14.5
24.5 18.5
24.5 28.5
24.5 38.5
24.5 39.5
24.5 52.5
24.5 53.5
24.5 63.5
24.5 64.5
25.5 23.5
25.5 54.5
25.5 65.5
26.5 22.5
26.5 23.5
26.5 32.5
26.5 33.5
27.5 7.5
27.5 8.5
27.5 9.5
27.5 22.5
27.5 32.5
27.5 43.5
27.5 48.5
27.5 49.5
27.5 59.5
27.5 60.5
28.5 9.5
28.5 10.5
28.5 31.5
28.5 41.5
28.5 42.5
28.5 49.5
28.5 50.5
28.5 61.5
32.5 20.5
32.5 31.5
33.5 11.5
33.5 12.5
33.5 19.5
33.5 31.5
33.5 39.5
33.5 51.5
33.5 52.5
33.5 62.5
33.5 63.5
34.5 12.5
34.5 13.5
34.5 18.5
34.5 32.5
34.5 38.5
34.5 39.5
34.5 52.5
34.5 53.5
34.5 63.5
34.5 64.5
35.5 32.5
35.5 37.5
35.5 38.5
35.5 64.5
36.5 23.5
36.5 59.5
37.5 8.5
37.5 9.5
37.5 22.5
37.5 23.5
37.5 28.5
37.5 42.5
37.5 43.5
37.5 48.5
37.5 49.5
37.5 59.5
37.5 60.5
38.5 9.5
38.5 10.5
38.5 21.5
38.5 22.5
38.5 29.5
38.5 41.5
38.5 42.5
38.5 50.5
38.5 60.5
39.5 29.5
39.5 40.5
42.5 12.5
43.5 12.5
43.5 13.5
43.5 19.5
43.5 20.5
43.5 39.5
43.5 50.5
43.5 60.5
44.5 13.5
44.5 18.5
44.5 19.5
44.5 31.5
44.5 38.5
44.5 49.5
44.5 60.5
45.5 32.5
45.5 37.5
45.5 48.5
45.5 59.5
46.5 8.5
46.5 44.5
46.5 54.5
46.5 55.5
46.5 64.5
47.5 9.5
47.5 10.5
47.5 23.5
47.5 24.5
47.5 28.5
47.5 42.5
47.5 43.5
47.5 53.5
47.5 54.5
47.5 63.5
48.5 22.5
48.5 23.5
48.5 29.5
48.5 41.5
48.5 42.5
48.5 53.5
48.5 62.5
49.5 22.5
49.5 29.5
52.5 11.5
53.5 11.5
53.5 12.5
53.5 21.5
53.5 40.5
53.5 52.5
53.5 63.5
53.5 64.5
54.5 12.5
54.5 13.5
54.5 19.5
54.5 20.5
54.5 31.5
54.5 38.5
54.5 39.5
54.5 53.5
54.5 64.5
55.5 14.5
55.5 19.5
55.5 32.5
55.5 37.5
55.5 38.5
55.5 54.5
56.5 7.5
56.5 32.5
56.5 45.5
56.5 49.5
57.5 7.5
57.5 8.5
57.5 43.5
57.5 44.5
57.5 50.5
57.5 59.5
57.5 60.5
57.5 61.5
58.5 8.5
58.5 9.5
58.5 22.5
58.5 23.5
58.5 27.5
58.5 28.5
58.5 42.5
58.5 43.5
59.5 22.5
59.5 28.5
59.5 29.5
60.5 21.5
60.5 29.5
