2.5 8.5
2.5 41.5
2.5 50.5
2.5 62.5
3.5 8.5
3.5 30.5
3.5 41.5
3.5 50.5
3.5 62.5
4.5 8.5
4.5 21.5
4.5 29.5
4.5 42.5
4.5 49.5
4.5 63.5
5.5 8.5
5.5 21.5
5.5 22.5
5.5 28.5
5.5 29.5
5.5 42.5
5.5 49.5
5.5 63.5
6.5 8.5
6.5 22.5
6.5 28.5
6.5 43.5
6.5 48.5
6.5 64.5
7.5 8.5
7.5 17.5
7.5 23.5
7.5 27.5
7.5 43.5
7.5 48.5
7.5 54.5
7.5 58.5
7.5 64.5
8.5 13.5
8.5 27.5
8.5 33.5
8.5 37.5
8.5 53.5
9.5 13.5
9.5 18.5
9.5 32.5
9.5 38.5
9.5 53.5
9.5 59.5
10.5 12.5
10.5 19.5
10.5 32.5
10.5 38.5
10.5 52.5
10.5 59.5
11.5 12.5
11.5 19.5
11.5 31.5
11.5 38.5
11.5 39.5
11.5 52.5
11.5 60.5
12.5 12.5
12.5 20.5
12.5 31.5
12.5 39.5
12.5 51.5
12.5 60.5
13.5 11.5
13.5 39.5
13.5 51.5
13.5 61.5
17.5 21.5
17.5 40.5
17.5 50.5
17.5 61.5
18.5 10.5
18.5 22.5
18.5 29.5
18.5 41.5
18.5 50.5
19.5 9.5
19.5 22.5
19.5 29.5
19.5 41.5
19.5 49.5
19.5 60.5
20.5 9.5
20.5 22.5
20.5 23.5
20.5 29.5
20.5 41.5
20.5 42.5
20.5 49.5
20.5 60.5
21.5 8.5
21.5 23.5
21.5 28.5
21.5 42.5
21.5 48.5
21.5 59.5
22.5 8.5
22.5 23.5
22.5 28.5
22.5 43.5
22.5 48.5
22.5 59.5
23.5 13.5
23.5 18.5
23.5 24.5
23.5 28.5
23.5 43.5
23.5 58.5
23.5 64.5
24.5 13.5
24.5 19.5
24.5 37.5
24.5 53.5
24.5 58.5
24.5 64.5
25.5 12.5
25.5 19.5
25.5 32.5
25.5 38.5
25.5 53.5
25.5 63.5
26.5 12.5
26.5 20.5
26.5 32.5
26.5 38.5
26.5 52.5
26.5 63.5
27.5 11.5
27.5 20.5
27.5 32.5
27.5 39.5
27.5 52.5
27.5 63.5
28.5 32.5
28.5 39.5
28.5 51.5
28.5 62.5
29.5 21.5
29.5 40.5
29.5 62.5
32.5 10.5
33.5 10.5
33.5 41.5
33.5 50.5
33.5 61.5
34.5 9.5
34.5 22.5
34.5 30.5
34.5 41.5
34.5 50.5
34.5 61.5
35.5 9.5
35.5 22.5
35.5 30.5
35.5 42.5
35.5 49.5
35.5 60.5
36.5 8.5
36.5 23.5
36.5 29.5
36.5 42.5
36.5 49.5
36.5 60.5
37.5 8.5
37.5 23.5
37.5 29.5
37.5 42.5
37.5 48.5
37.5 59.5
38.5 13.5
38.5 18.5
38.5 24.5
38.5 28.5
38.5 43.5
38.5 48.5
38.5 59.5
39.5 13.5
39.5 18.5
39.5 33.5
39.5 43.5
39.5 54.5
39.5 64.5
40.5 12.5
40.5 19.5
40.5 33.5
40.5 38.5
40.5 53.5
40.5 64.5
41.5 12.5
41.5 19.5
41.5 32.5
41.5 39.5
41.5 53.5
41.5 63.5
42.5 11.5
42.5 19.5
42.5 32.5
42.5 39.5
42.5 52.5
42.5 63.5
43.5 11.5
43.5 20.5
43.5 31.5
43.5 40.5
43.5 52.5
43.5 62.5
44.5 40.5
44.5 51.5
44.5 62.5
48.5 21.5
48.5 31.5
48.5 41.5
48.5 51.5
49.5 11.5
49.5 21.5
49.5 31.5
49.5 50.5
49.5 62.5
50.5 11.5
50.5 21.5
50.5 32.5
50.5 42.5
50.5 50.5
50.5 62.5
51.5 11.5
51.5 22.5
51.5 32.5
51.5 43.5
51.5 49.5
51.5 63.5
52.5 12.5
52.5 22.5
52.5 49.5
52.5 64.5
53.5 12.5
53.5 17.5
53.5 22.5
53.5 27.5
53.5 33.5
53.5 44.5
53.5 48.5
53.5 64.5
54.5 7.5
54.5 17.5
54.5 27.5
54.5 38.5
54.5 54.5
54.5 59.5
55.5 7.5
55.5 17.5
55.5 28.5
55.5 39.5
55.5 54.5
55.5 59.5
56.5 7.5
56.5 8.5
56.5 18.5
56.5 28.5
56.5 39.5
56.5 40.5
56.5 53.5
56.5 60.5
57.5 8.5
57.5 18.5
57.5 29.5
57.5 40.5
57.5 53.5
57.5 60.5
58.5 8.5
58.5 18.5
58.5 29.5
58.5 41.5
58.5 52.5
58.5 61.5
60.5 9.5
