1.5 36.5
2.5 12.5
2.5 25.5
2.5 36.5
2.5 37.5
2.5 48.5
3.5 12.5
3.5 13.5
3.5 25.5
3.5 37.5
3.5 47.5
3.5 48.5
3.5 61.5
4.5 13.5
4.5 25.5
4.5 26.5
4.5 37.5
4.5 38.5
4.5 47.5
4.5 61.5
4.5 62.5
5.5 13.5
5.5 14.5
5.5 25.5
5.5 26.5
5.5 37.5
5.5 38.5
5.5 46.5
5.5 47.5
5.5 62.5
6.5 13.5
6.5 14.5
6.5 26.5
6.5 38.5
6.5 46.5
6.5 47.5
6.5 62.5
6.5 63.5
7.5 14.5
7.5 26.5
7.5 27.5
7.5 32.5
7.5 38.5
7.5 39.5
7.5 45.5
7.5 46.5
7.5 62.5
7.5 63.5
8.5 14.5
8.5 15.5
8.5 20.5
8.5 26.5
8.5 27.5
8.5 32.5
8.5 39.5
8.5 45.5
8.5 46.5
8.5 63.5
9.5 8.5
9.5 15.5
9.5 20.5
9.5 27.5
9.5 32.5
9.5 33.5
9.5 39.5
9.5 45.5
9.5 63.5
9.5 64.5
10.5 8.5
10.5 15.5
10.5 21.5
10.5 27.5
10.5 33.5
10.5 52.5
10.5 57.5
10.5 58.5
10.5 64.5
11.5 8.5
11.5 9.5
11.5 21.5
11.5 33.5
11.5 34.5
11.5 51.5
11.5 52.5
11.5 58.5
12.5 8.5
12.5 9.5
12.5 21.5
12.5 22.5
12.5 33.5
12.5 34.5
12.5 51.5
12.5 58.5
12.5 59.5
13.5 9.5
13.5 21.5
13.5 22.5
13.5 34.5
13.5 50.5
13.5 51.5
13.5 58.5
13.5 59.5
14.5 9.5
14.5 10.5
14.5 22.5
14.5 23.5
14.5 34.5
14.5 35.5
14.5 49.5
14.5 50.5
14.5 58.5
14.5 59.5
15.5 9.5
15.5 10.5
15.5 22.5
15.5 23.5
15.5 34.5
15.5 35.5
15.5 49.5
15.5 50.5
15.5 59.5
16.5 10.5
16.5 23.5
16.5 35.5
16.5 49.5
16.5 59.5
16.5 60.5
17.5 10.5
17.5 48.5
17.5 60.5
22.5 23.5
22.5 36.5
22.5 47.5
22.5 61.5
23.5 12.5
23.5 22.5
23.5 23.5
23.5 36.5
23.5 37.5
23.5 47.5
23.5 61.5
24.5 12.5
24.5 22.5
24.5 37.5
24.5 46.5
24.5 47.5
24.5 61.5
24.5 62.5
25.5 12.5
25.5 13.5
25.5 21.5
25.5 22.5
25.5 37.5
25.5 38.5
25.5 46.5
25.5 47.5
25.5 61.5
25.5 62.5
26.5 12.5
26.5 13.5
26.5 21.5
26.5 22.5
26.5 37.5
26.5 38.5
26.5 46.5
26.5 62.5
27.5 13.5
27.5 14.5
27.5 21.5
27.5 22.5
27.5 38.5
27.5 45.5
27.5 46.5
27.5 62.5
27.5 63.5
28.5 13.5
28.5 14.5
28.5 21.5
28.5 38.5
28.5 39.5
28.5 45.5
28.5 46.5
28.5 62.5
28.5 63.5
29.5 14.5
29.5 20.5
29.5 21.5
29.5 39.5
29.5 45.5
29.5 63.5
30.5 7.5
30.5 14.5
30.5 20.5
30.5 27.5
30.5 33.5
30.5 39.5
30.5 45.5
30.5 63.5
31.5 7.5
31.5 8.5
31.5 15.5
31.5 27.5
31.5 33.5
31.5 51.5
31.5 57.5
31.5 63.5
32.5 8.5
32.5 26.5
32.5 27.5
32.5 33.5
32.5 34.5
32.5 51.5
32.5 57.5
33.5 8.5
33.5 9.5
33.5 26.5
33.5 27.5
33.5 34.5
33.5 50.5
33.5 51.5
33.5 57.5
33.5 58.5
34.5 8.5
34.5 9.5
34.5 26.5
34.5 34.5
34.5 35.5
34.5 50.5
34.5 51.5
34.5 58.5
35.5 9.5
35.5 10.5
35.5 25.5
35.5 26.5
35.5 34.5
35.5 35.5
35.5 49.5
35.5 50.5
35.5 58.5
35.5 59.5
36.5 10.5
36.5 25.5
36.5 26.5
36.5 35.5
36.5 49.5
36.5 50.5
36.5 58.5
36.5 59.5
37.5 10.5
37.5 25.5
37.5 35.5
37.5 49.5
37.5 59.5
38.5 25.5
38.5 36.5
38.5 49.5
38.5 59.5
39.5 60.5
43.5 24.5
43.5 36.5
44.5 10.5
44.5 25.5
44.5 36.5
44.5 47.5
45.5 10.5
45.5 25.5
45.5 26.5
45.5 35.5
45.5 47.5
45.5 61.5
46.5 9.5
46.5 10.5
46.5 25.5
46.5 26.5
46.5 35.5
46.5 46.5
46.5 47.5
46.5 61.5
46.5 62.5
47.5 9.5
47.5 10.5
47.5 26.5
47.5 27.5
47.5 34.5
47.5 35.5
47.5 46.5
47.5 62.5
48.5 8.5
48.5 9.5
48.5 26.5
48.5 27.5
48.5 34.5
48.5 45.5
48.5 46.5
48.5 62.5
48.5 63.5
49.5 8.5
49.5 9.5
49.5 27.5
49.5 28.5
49.5 33.5
49.5 34.5
49.5 45.5
49.5 46.5
49.5 63.5
50.5 8.5
50.5 20.5
50.5 28.5
50.5 33.5
50.5 39.5
50.5 44.5
50.5 45.5
50.5 63.5
50.5 64.5
51.5 8.5
51.5 14.5
51.5 20.5
51.5 21.5
51.5 38.5
51.5 39.5
51.5 44.5
51.5 64.5
52.5 14.5
52.5 20.5
52.5 21.5
52.5 38.5
52.5 44.5
52.5 51.5
52.5 57.5
52.5 64.5
53.5 13.5
53.5 14.5
53.5 21.5
53.5 22.5
53.5 38.5
53.5 50.5
53.5 51.5
53.5 57.5
53.5 58.5
54.5 13.5
54.5 21.5
54.5 22.5
54.5 37.5
54.5 38.5
54.5 50.5
54.5 51.5
54.5 58.5
55.5 13.5
55.5 21.5
55.5 22.5
55.5 37.5
55.5 49.5
55.5 50.5
55.5 58.5
55.5 59.5
56.5 12.5
56.5 13.5
56.5 22.5
56.5 23.5
56.5 37.5
56.5 49.5
56.5 50.5
56.5 58.5
56.5 59.5
57.5 12.5
57.5 22.5
57.5 23.5
57.5 36.5
57.5 49.5
57.5 59.5
57.5 60.5
58.5 12.5
58.5 23.5
58.5 48.5
58.5 49.5
58.5 59.5
58.5 60.5
59.5 48.5
59.5 60.5
