2.5 48.5
3.5 24.5
3.5 25.5
3.5 37.5
3.5 48.5
3.5 49.5
3.5 50.5
3.5 57.5
3.5 58.5
3.5 59.5
4.5 12.5
4.5 13.5
4.5 24.5
4.5 25.5
4.5 26.5
4.5 37.5
4.5 38.5
4.5 48.5
4.5 49.5
4.5 50.5
4.5 57.5
4.5 58.5
4.5 59.5
5.5 12.5
5.5 13.5
5.5 14.5
5.5 24.5
5.5 25.5
5.5 26.5
5.5 37.5
5.5 38.5
5.5 39.5
5.5 48.5
5.5 49.5
5.5 50.5
5.5 51.5
5.5 56.5
5.5 57.5
5.5 58.5
5.5 59.5
6.5 12.5
6.5 13.5
6.5 14.5
6.5 24.5
6.5 25.5
6.5 26.5
6.5 27.5
6.5 38.5
6.5 39.5
6.5 49.5
6.5 50.5
6.5 51.5
6.5 56.5
6.5 57.5
6.5 58.5
7.5 12.5
7.5 13.5
7.5 14.5
7.5 15.5
7.5 25.5
7.5 26.5
7.5 27.5
7.5 39.5
7.5 50.5
7.5 56.5
7.5 57.5
8.5 13.5
8.5 14.5
8.5 20.5
8.5 26.5
8.5 32.5
8.5 33.5
8.5 44.5
8.5 45.5
8.5 63.5
9.5 7.5
9.5 8.5
9.5 20.5
9.5 21.5
9.5 32.5
9.5 33.5
9.5 34.5
9.5 44.5
9.5 45.5
9.5 46.5
9.5 62.5
9.5 63.5
9.5 64.5
10.5 7.5
10.5 8.5
10.5 9.5
10.5 20.5
10.5 21.5
10.5 32.5
10.5 33.5
10.5 34.5
10.5 35.5
10.5 45.5
10.5 46.5
10.5 61.5
10.5 62.5
10.5 63.5
11.5 8.5
11.5 9.5
11.5 10.5
11.5 20.5
11.5 21.5
11.5 22.5
11.5 32.5
11.5 33.5
11.5 34.5
11.5 35.5
11.5 45.5
11.5 46.5
11.5 47.5
11.5 60.5
11.5 61.5
11.5 62.5
11.5 63.5
12.5 8.5
12.5 9.5
12.5 10.5
12.5 20.5
12.5 21.5
12.5 22.5
12.5 33.5
12.5 34.5
12.5 35.5
12.5 46.5
12.5 47.5
12.5 60.5
12.5 61.5
12.5 62.5
13.5 10.5
13.5 21.5
13.5 22.5
18.5 9.5
18.5 35.5
18.5 46.5
18.5 47.5
18.5 58.5
18.5 59.5
19.5 8.5
19.5 9.5
19.5 10.5
19.5 22.5
19.5 33.5
19.5 34.5
19.5 35.5
19.5 36.5
19.5 46.5
19.5 47.5
19.5 57.5
19.5 58.5
19.5 59.5
20.5 7.5
20.5 8.5
20.5 9.5
20.5 10.5
20.5 21.5
20.5 22.5
20.5 33.5
20.5 34.5
20.5 35.5
20.5 45.5
20.5 46.5
20.5 47.5
20.5 57.5
20.5 58.5
20.5 59.5
21.5 7.5
21.5 8.5
21.5 9.5
21.5 10.5
21.5 20.5
21.5 21.5
21.5 22.5
21.5 32.5
21.5 33.5
21.5 34.5
21.5 35.5
21.5 45.5
21.5 46.5
21.5 47.5
21.5 56.5
21.5 57.5
21.5 58.5
21.5 59.5
22.5 7.5
22.5 8.5
22.5 9.5
22.5 20.5
22.5 21.5
22.5 32.5
22.5 33.5
22.5 34.5
22.5 45.5
22.5 46.5
22.5 56.5
22.5 57.5
22.5 58.5
23.5 7.5
23.5 8.5
23.5 19.5
23.5 20.5
23.5 21.5
23.5 33.5
23.5 40.5
23.5 51.5
23.5 56.5
23.5 57.5
24.5 14.5
24.5 26.5
24.5 27.5
24.5 39.5
24.5 40.5
24.5 50.5
24.5 51.5
24.5 63.5
24.5 64.5
25.5 13.5
25.5 14.5
25.5 15.5
25.5 25.5
25.5 26.5
25.5 27.5
25.5 38.5
25.5 39.5
25.5 40.5
25.5 49.5
25.5 50.5
25.5 51.5
25.5 62.5
25.5 63.5
25.5 64.5
26.5 12.5
26.5 13.5
26.5 14.5
26.5 24.5
26.5 25.5
26.5 26.5
26.5 27.5
26.5 38.5
26.5 39.5
26.5 40.5
26.5 49.5
26.5 50.5
26.5 51.5
26.5 61.5
26.5 62.5
26.5 63.5
27.5 12.5
27.5 13.5
27.5 14.5
27.5 24.5
27.5 25.5
27.5 26.5
27.5 38.5
27.5 39.5
27.5 49.5
27.5 50.5
27.5 51.5
27.5 61.5
27.5 62.5
27.5 63.5
28.5 12.5
28.5 13.5
28.5 24.5
28.5 25.5
28.5 38.5
28.5 49.5
28.5 50.5
28.5 61.5
28.5 62.5
34.5 9.5
34.5 10.5
34.5 11.5
34.5 25.5
34.5 26.5
34.5 27.5
34.5 37.5
34.5 38.5
34.5 39.5
34.5 47.5
34.5 48.5
34.5 59.5
34.5 60.5
35.5 9.5
35.5 10.5
35.5 11.5
35.5 25.5
35.5 26.5
35.5 27.5
35.5 28.5
35.5 38.5
35.5 39.5
35.5 46.5
35.5 47.5
35.5 48.5
35.5 58.5
35.5 59.5
35.5 60.5
36.5 8.5
36.5 9.5
36.5 10.5
36.5 25.5
36.5 26.5
36.5 27.5
36.5 28.5
36.5 38.5
36.5 39.5
36.5 40.5
36.5 45.5
36.5 46.5
36.5 47.5
36.5 58.5
36.5 59.5
36.5 60.5
37.5 8.5
37.5 9.5
37.5 10.5
37.5 26.5
37.5 27.5
37.5 28.5
37.5 38.5
37.5 39.5
37.5 40.5
37.5 45.5
37.5 46.5
37.5 57.5
37.5 58.5
37.5 59.5
38.5 8.5
38.5 9.5
38.5 33.5
38.5 34.5
38.5 39.5
38.5 40.5
38.5 45.5
38.5 64.5
39.5 14.5
39.5 20.5
39.5 21.5
39.5 33.5
39.5 34.5
39.5 35.5
39.5 51.5
39.5 52.5
39.5 63.5
39.5 64.5
40.5 13.5
40.5 14.5
40.5 20.5
40.5 21.5
40.5 22.5
40.5 33.5
40.5 34.5
40.5 35.5
40.5 49.5
40.5 50.5
40.5 51.5
40.5 52.5
40.5 62.5
40.5 63.5
40.5 64.5
41.5 12.5
41.5 13.5
41.5 14.5
41.5 20.5
41.5 21.5
41.5 22.5
41.5 23.5
41.5 34.5
41.5 35.5
41.5 49.5
41.5 50.5
41.5 51.5
41.5 62.5
41.5 63.5
41.5 64.5
42.5 11.5
42.5 12.5
42.5 13.5
42.5 21.5
42.5 22.5
42.5 23.5
42.5 35.5
42.5 49.5
42.5 50.5
42.5 62.5
42.5 63.5
43.5 11.5
43.5 12.5
43.5 62.5
48.5 24.5
48.5 36.5
48.5 37.5
48.5 48.5
48.5 49.5
48.5 50.5
48.5 59.5
49.5 9.5
49.5 10.5
49.5 23.5
49.5 24.5
49.5 25.5
49.5 36.5
49.5 37.5
49.5 38.5
49.5 48.5
49.5 49.5
49.5 50.5
49.5 58.5
49.5 59.5
50.5 8.5
50.5 9.5
50.5 10.5
50.5 23.5
50.5 24.5
50.5 25.5
50.5 26.5
50.5 36.5
50.5 37.5
50.5 38.5
50.5 48.5
50.5 49.5
50.5 50.5
50.5 51.5
50.5 57.5
50.5 58.5
50.5 59.5
51.5 7.5
51.5 8.5
51.5 9.5
51.5 23.5
51.5 24.5
51.5 25.5
51.5 26.5
51.5 37.5
51.5 38.5
51.5 48.5
51.5 49.5
51.5 50.5
51.5 51.5
51.5 57.5
51.5 58.5
52.5 7.5
52.5 8.5
52.5 9.5
52.5 24.5
52.5 25.5
52.5 26.5
52.5 38.5
52.5 39.5
52.5 49.5
52.5 50.5
52.5 51.5
52.5 56.5
52.5 57.5
52.5 58.5
53.5 7.5
53.5 8.5
53.5 25.5
53.5 26.5
53.5 32.5
53.5 33.5
53.5 43.5
53.5 50.5
53.5 56.5
54.5 32.5
54.5 33.5
54.5 43.5
54.5 44.5
55.5 12.5
55.5 13.5
55.5 14.5
55.5 19.5
55.5 20.5
55.5 32.5
55.5 33.5
55.5 34.5
55.5 43.5
55.5 44.5
55.5 45.5
55.5 61.5
55.5 62.5
55.5 63.5
56.5 12.5
56.5 13.5
56.5 14.5
56.5 19.5
56.5 20.5
56.5 21.5
56.5 32.5
56.5 33.5
56.5 34.5
56.5 44.5
56.5 45.5
56.5 60.5
56.5 61.5
56.5 62.5
56.5 63.5
57.5 11.5
57.5 12.5
57.5 13.5
57.5 14.5
57.5 19.5
57.5 20.5
57.5 21.5
57.5 32.5
57.5 33.5
57.5 34.5
57.5 44.5
57.5 45.5
57.5 46.5
57.5 59.5
57.5 60.5
57.5 61.5
57.5 62.5
58.5 11.5
58.5 12.5
58.5 13.5
58.5 20.5
58.5 21.5
58.5 22.5
58.5 33.5
58.5 34.5
58.5 45.5
58.5 59.5
58.5 60.5
58.5 61.5
58.5 62.5
59.5 11.5
59.5 12.5
59.5 21.5
59.5 22.5
59.5 60.5
