3.5 12.5
3.5 23.5
3.5 49.5
3.5 59.5
4.5 13.5
4.5 22.5
4.5 23.5
4.5 37.5
4.5 49.5
4.5 50.5
4.5 58.5
4.5 59.5
5.5 13.5
5.5 14.5
5.5 21.5
5.5 22.5
5.5 37.5
5.5 38.5
5.5 50.5
5.5 51.5
5.5 58.5
6.5 14.5
6.5 20.5
6.5 21.5
6.5 38.5
6.5 51.5
6.5 57.5
7.5 38.5
8.5 8.5
8.5 9.5
8.5 27.5
8.5 44.5
8.5 63.5
9.5 9.5
9.5 10.5
9.5 26.5
9.5 27.5
9.5 33.5
9.5 44.5
9.5 45.5
9.5 62.5
10.5 9.5
10.5 10.5
10.5 25.5
10.5 26.5
10.5 33.5
10.5 34.5
10.5 45.5
10.5 46.5
10.5 61.5
10.5 62.5
11.5 10.5
11.5 11.5
11.5 25.5
11.5 34.5
11.5 45.5
11.5 46.5
11.5 61.5
12.5 11.5
12.5 34.5
12.5 35.5
12.5 46.5
12.5 47.5
17.5 22.5
17.5 61.5
18.5 12.5
18.5 13.5
18.5 22.5
18.5 34.5
18.5 61.5
19.5 13.5
19.5 21.5
19.5 33.5
19.5 34.5
19.5 48.5
19.5 49.5
19.5 61.5
19.5 62.5
20.5 13.5
20.5 14.5
20.5 21.5
20.5 33.5
20.5 49.5
20.5 50.5
20.5 62.5
21.5 14.5
21.5 20.5
21.5 32.5
21.5 33.5
21.5 49.5
21.5 50.5
22.5 26.5
22.5 32.5
22.5 50.5
22.5 57.5
23.5 25.5
23.5 26.5
23.5 57.5
24.5 8.5
24.5 25.5
24.5 39.5
24.5 44.5
24.5 57.5
25.5 8.5
25.5 9.5
25.5 24.5
25.5 25.5
25.5 38.5
25.5 39.5
25.5 45.5
25.5 57.5
25.5 58.5
26.5 9.5
26.5 10.5
26.5 24.5
26.5 37.5
26.5 38.5
26.5 45.5
26.5 46.5
26.5 58.5
27.5 10.5
27.5 24.5
27.5 36.5
27.5 37.5
27.5 46.5
28.5 36.5
28.5 47.5
33.5 10.5
33.5 22.5
33.5 60.5
34.5 9.5
34.5 10.5
34.5 21.5
34.5 22.5
34.5 36.5
34.5 37.5
34.5 49.5
34.5 60.5
34.5 61.5
35.5 9.5
35.5 21.5
35.5 37.5
35.5 38.5
35.5 49.5
35.5 61.5
36.5 8.5
36.5 20.5
36.5 21.5
36.5 38.5
36.5 39.5
36.5 50.5
36.5 61.5
36.5 62.5
37.5 8.5
37.5 20.5
37.5 39.5
37.5 50.5
37.5 62.5
38.5 14.5
38.5 45.5
39.5 13.5
39.5 14.5
39.5 26.5
39.5 32.5
39.5 45.5
39.5 56.5
40.5 13.5
40.5 25.5
40.5 32.5
40.5 33.5
40.5 45.5
40.5 46.5
40.5 56.5
40.5 57.5
41.5 12.5
41.5 13.5
41.5 24.5
41.5 25.5
41.5 33.5
41.5 34.5
41.5 46.5
41.5 57.5
41.5 58.5
42.5 12.5
42.5 24.5
42.5 34.5
42.5 46.5
42.5 47.5
42.5 58.5
43.5 23.5
43.5 59.5
49.5 10.5
49.5 22.5
49.5 36.5
49.5 48.5
49.5 58.5
49.5 59.5
50.5 10.5
50.5 21.5
50.5 22.5
50.5 36.5
50.5 37.5
50.5 49.5
50.5 57.5
50.5 58.5
51.5 10.5
51.5 21.5
51.5 36.5
51.5 37.5
51.5 49.5
51.5 50.5
51.5 57.5
52.5 9.5
52.5 10.5
52.5 20.5
52.5 21.5
52.5 37.5
52.5 50.5
52.5 56.5
52.5 57.5
53.5 9.5
53.5 20.5
53.5 38.5
53.5 56.5
54.5 9.5
54.5 44.5
54.5 63.5
55.5 14.5
55.5 26.5
55.5 32.5
55.5 44.5
55.5 45.5
55.5 62.5
55.5 63.5
56.5 14.5
56.5 25.5
56.5 26.5
56.5 33.5
56.5 44.5
56.5 45.5
56.5 61.5
56.5 62.5
57.5 13.5
57.5 14.5
57.5 25.5
57.5 33.5
57.5 45.5
57.5 61.5
58.5 13.5
58.5 24.5
58.5 34.5
58.5 46.5
58.5 60.5
59.5 13.5
