1.5 14.5
1.5 15.5
1.5 41.5
1.5 58.5
1.5 59.5
2.5 12.5
2.5 13.5
2.5 29.5
2.5 42.5
2.5 43.5
2.5 44.5
2.5 60.5
2.5 61.5
3.5 10.5
3.5 11.5
3.5 27.5
3.5 28.5
3.5 45.5
3.5 46.5
3.5 47.5
3.5 61.5
3.5 62.5
4.5 8.5
4.5 9.5
4.5 25.5
4.5 26.5
4.5 47.5
4.5 48.5
4.5 49.5
4.5 52.5
4.5 63.5
5.5 6.5
5.5 7.5
5.5 24.5
5.5 25.5
5.5 37.5
5.5 51.5
5.5 53.5
5.5 54.5
5.5 64.5
5.5 65.5
6.5 18.5
6.5 19.5
6.5 20.5
6.5 23.5
6.5 35.5
6.5 39.5
6.5 55.5
6.5 56.5
6.5 66.5
7.5 15.5
7.5 16.5
7.5 17.5
7.5 18.5
7.5 21.5
7.5 33.5
7.5 34.5
7.5 40.5
7.5 41.5
7.5 56.5
7.5 57.5
8.5 12.5
8.5 13.5
8.5 14.5
8.5 15.5
8.5 31.5
8.5 32.5
8.5 42.5
8.5 43.5
8.5 58.5
8.5 59.5
9.5 10.5
9.5 11.5
9.5 29.5
9.5 30.5
9.5 44.5
9.5 60.5
10.5 28.5
10.5 29.5
10.5 46.5
12.5 42.5
12.5 61.5
13.5 12.5
13.5 13.5
13.5 14.5
13.5 15.5
13.5 44.5
13.5 45.5
13.5 58.5
13.5 59.5
14.5 7.5
14.5 8.5
14.5 9.5
14.5 10.5
14.5 28.5
14.5 29.5
14.5 46.5
14.5 47.5
14.5 55.5
14.5 56.5
14.5 57.5
15.5 30.5
15.5 31.5
15.5 32.5
15.5 48.5
15.5 49.5
15.5 52.5
15.5 53.5
15.5 54.5
15.5 66.5
16.5 22.5
16.5 33.5
16.5 34.5
16.5 35.5
16.5 50.5
16.5 63.5
16.5 64.5
17.5 16.5
17.5 17.5
17.5 18.5
17.5 19.5
17.5 24.5
17.5 36.5
17.5 37.5
17.5 38.5
17.5 61.5
17.5 62.5
18.5 12.5
18.5 13.5
18.5 14.5
18.5 25.5
18.5 26.5
18.5 40.5
18.5 41.5
18.5 42.5
18.5 43.5
18.5 59.5
19.5 27.5
19.5 28.5
19.5 45.5
19.5 46.5
19.5 57.5
20.5 29.5
21.5 57.5
22.5 13.5
22.5 14.5
22.5 29.5
22.5 46.5
22.5 58.5
22.5 59.5
23.5 10.5
23.5 11.5
23.5 12.5
23.5 28.5
23.5 43.5
23.5 44.5
23.5 60.5
23.5 61.5
24.5 7.5
24.5 8.5
24.5 9.5
24.5 26.5
24.5 27.5
24.5 40.5
24.5 41.5
24.5 62.5
24.5 63.5
25.5 5.5
25.5 6.5
25.5 24.5
25.5 25.5
25.5 37.5
25.5 38.5
25.5 39.5
25.5 51.5
25.5 64.5
25.5 65.5
26.5 19.5
26.5 20.5
26.5 21.5
26.5 23.5
26.5 33.5
26.5 34.5
26.5 35.5
26.5 36.5
26.5 49.5
26.5 50.5
26.5 53.5
26.5 66.5
27.5 15.5
27.5 16.5
27.5 17.5
27.5 18.5
27.5 31.5
27.5 32.5
27.5 46.5
27.5 47.5
27.5 48.5
27.5 54.5
27.5 55.5
27.5 56.5
28.5 12.5
28.5 13.5
28.5 14.5
28.5 29.5
28.5 30.5
28.5 44.5
28.5 45.5
28.5 46.5
28.5 56.5
28.5 57.5
28.5 58.5
29.5 9.5
29.5 10.5
29.5 27.5
29.5 28.5
29.5 42.5
29.5 43.5
29.5 58.5
29.5 59.5
30.5 61.5
32.5 30.5
32.5 31.5
32.5 41.5
33.5 12.5
33.5 13.5
33.5 14.5
33.5 15.5
33.5 27.5
33.5 28.5
33.5 43.5
33.5 44.5
33.5 57.5
33.5 58.5
34.5 7.5
34.5 8.5
34.5 9.5
34.5 10.5
34.5 11.5
34.5 25.5
34.5 26.5
34.5 45.5
34.5 46.5
34.5 59.5
34.5 60.5
35.5 21.5
35.5 23.5
35.5 35.5
35.5 36.5
35.5 47.5
35.5 48.5
35.5 61.5
35.5 62.5
35.5 63.5
36.5 18.5
36.5 19.5
36.5 32.5
36.5 33.5
36.5 34.5
36.5 38.5
36.5 49.5
36.5 50.5
36.5 52.5
36.5 64.5
36.5 65.5
37.5 16.5
37.5 17.5
37.5 30.5
37.5 31.5
37.5 39.5
37.5 40.5
37.5 53.5
37.5 54.5
37.5 66.5
38.5 14.5
38.5 28.5
38.5 29.5
38.5 41.5
38.5 42.5
38.5 56.5
38.5 57.5
39.5 44.5
39.5 58.5
39.5 59.5
40.5 27.5
40.5 60.5
40.5 61.5
41.5 12.5
41.5 13.5
41.5 28.5
42.5 14.5
42.5 15.5
42.5 29.5
42.5 41.5
43.5 15.5
43.5 16.5
43.5 17.5
43.5 30.5
43.5 43.5
43.5 58.5
43.5 59.5
44.5 17.5
44.5 18.5
44.5 19.5
44.5 31.5
44.5 32.5
44.5 44.5
44.5 45.5
44.5 61.5
44.5 62.5
45.5 7.5
45.5 19.5
45.5 20.5
45.5 23.5
45.5 24.5
45.5 32.5
45.5 33.5
45.5 46.5
45.5 47.5
45.5 64.5
45.5 65.5
46.5 8.5
46.5 9.5
46.5 21.5
46.5 24.5
46.5 25.5
46.5 34.5
46.5 37.5
46.5 48.5
46.5 51.5
46.5 52.5
47.5 10.5
47.5 11.5
47.5 25.5
47.5 26.5
47.5 35.5
47.5 38.5
47.5 39.5
47.5 50.5
47.5 53.5
47.5 54.5
47.5 55.5
47.5 56.5
48.5 11.5
48.5 12.5
48.5 13.5
48.5 27.5
48.5 40.5
48.5 41.5
48.5 57.5
48.5 58.5
48.5 59.5
48.5 60.5
49.5 13.5
49.5 14.5
49.5 28.5
49.5 42.5
49.5 43.5
50.5 15.5
50.5 16.5
50.5 29.5
50.5 44.5
52.5 56.5
53.5 12.5
53.5 29.5
53.5 41.5
53.5 57.5
53.5 58.5
53.5 59.5
54.5 13.5
54.5 14.5
54.5 15.5
54.5 27.5
54.5 28.5
54.5 43.5
54.5 44.5
54.5 59.5
54.5 60.5
54.5 61.5
54.5 68.5
55.5 15.5
55.5 16.5
55.5 17.5
55.5 25.5
55.5 26.5
55.5 45.5
55.5 46.5
55.5 47.5
55.5 61.5
55.5 62.5
55.5 63.5
56.5 6.5
56.5 18.5
56.5 19.5
56.5 23.5
56.5 24.5
56.5 35.5
56.5 36.5
56.5 48.5
56.5 49.5
56.5 51.5
56.5 63.5
56.5 64.5
57.5 8.5
57.5 9.5
57.5 20.5
57.5 21.5
57.5 22.5
57.5 33.5
57.5 34.5
57.5 37.5
57.5 38.5
57.5 39.5
57.5 52.5
57.5 53.5
57.5 65.5
57.5 66.5
58.5 10.5
58.5 11.5
58.5 30.5
58.5 31.5
58.5 32.5
58.5 40.5
58.5 41.5
58.5 54.5
58.5 55.5
59.5 12.5
59.5 13.5
59.5 28.5
59.5 29.5
59.5 42.5
59.5 43.5
59.5 56.5
59.5 57.5
60.5 14.5
60.5 15.5
60.5 26.5
60.5 27.5
60.5 45.5
60.5 59.5
61.5 61.5
