2.5 59.5
3.5 15.5
3.5 16.5
3.5 17.5
3.5 36.5
3.5 37.5
3.5 56.5
3.5 57.5
4.5 12.5
4.5 13.5
4.5 14.5
4.5 33.5
4.5 34.5
4.5 35.5
4.5 53.5
4.5 54.5
5.5 9.5
5.5 10.5
5.5 11.5
5.5 30.5
5.5 31.5
5.5 32.5
5.5 50.5
5.5 51.5
5.5 52.5
6.5 6.5
6.5 7.5
6.5 8.5
6.5 28.5
6.5 29.5
6.5 45.5
6.5 48.5
6.5 49.5
6.5 65.5
6.5 66.5
7.5 23.5
7.5 24.5
7.5 42.5
7.5 43.5
7.5 62.5
7.5 63.5
8.5 20.5
8.5 21.5
8.5 39.5
8.5 40.5
8.5 59.5
8.5 60.5
8.5 61.5
9.5 18.5
9.5 19.5
9.5 37.5
9.5 38.5
9.5 56.5
9.5 57.5
9.5 58.5
10.5 15.5
10.5 16.5
10.5 35.5
10.5 54.5
10.5 55.5
11.5 13.5
14.5 37.5
14.5 38.5
14.5 53.5
14.5 54.5
15.5 14.5
15.5 15.5
15.5 16.5
15.5 35.5
15.5 36.5
15.5 56.5
15.5 57.5
16.5 17.5
16.5 18.5
16.5 19.5
16.5 33.5
16.5 34.5
16.5 58.5
16.5 59.5
16.5 60.5
17.5 20.5
17.5 21.5
17.5 22.5
17.5 31.5
17.5 32.5
17.5 61.5
17.5 62.5
17.5 63.5
18.5 24.5
18.5 25.5
18.5 29.5
18.5 64.5
18.5 65.5
19.5 27.5
19.5 44.5
19.5 45.5
19.5 47.5
19.5 48.5
20.5 8.5
20.5 9.5
20.5 41.5
20.5 42.5
20.5 43.5
20.5 49.5
20.5 50.5
20.5 51.5
21.5 10.5
21.5 11.5
21.5 12.5
21.5 13.5
21.5 38.5
21.5 39.5
21.5 40.5
21.5 52.5
21.5 53.5
22.5 14.5
22.5 15.5
22.5 16.5
22.5 36.5
22.5 37.5
22.5 38.5
22.5 54.5
22.5 55.5
22.5 56.5
23.5 17.5
23.5 18.5
23.5 34.5
23.5 35.5
23.5 57.5
23.5 58.5
27.5 34.5
27.5 35.5
28.5 14.5
28.5 15.5
28.5 16.5
28.5 17.5
28.5 36.5
28.5 37.5
28.5 55.5
28.5 56.5
29.5 20.5
29.5 21.5
29.5 22.5
29.5 23.5
29.5 39.5
29.5 40.5
29.5 57.5
29.5 58.5
29.5 59.5
30.5 26.5
30.5 27.5
30.5 41.5
30.5 42.5
30.5 60.5
30.5 61.5
30.5 62.5
31.5 29.5
31.5 30.5
31.5 44.5
31.5 46.5
31.5 64.5
31.5 65.5
32.5 5.5
32.5 32.5
32.5 33.5
32.5 48.5
32.5 49.5
33.5 8.5
33.5 9.5
33.5 10.5
33.5 11.5
33.5 12.5
33.5 13.5
33.5 34.5
33.5 35.5
33.5 36.5
33.5 51.5
33.5 52.5
34.5 15.5
34.5 16.5
34.5 17.5
34.5 38.5
34.5 54.5
34.5 55.5
35.5 57.5
35.5 58.5
38.5 36.5
38.5 37.5
39.5 13.5
39.5 14.5
39.5 33.5
39.5 34.5
39.5 35.5
39.5 57.5
39.5 58.5
40.5 15.5
40.5 16.5
40.5 17.5
40.5 30.5
40.5 31.5
40.5 32.5
40.5 33.5
40.5 53.5
40.5 54.5
40.5 55.5
41.5 18.5
41.5 19.5
41.5 20.5
41.5 28.5
41.5 29.5
41.5 30.5
41.5 49.5
41.5 50.5
41.5 51.5
42.5 22.5
42.5 23.5
42.5 26.5
42.5 44.5
42.5 46.5
42.5 47.5
43.5 41.5
43.5 42.5
43.5 63.5
43.5 64.5
43.5 65.5
44.5 6.5
44.5 7.5
44.5 8.5
44.5 39.5
44.5 40.5
44.5 60.5
44.5 61.5
45.5 10.5
45.5 11.5
45.5 12.5
45.5 37.5
45.5 38.5
45.5 57.5
45.5 58.5
46.5 14.5
46.5 15.5
46.5 16.5
46.5 35.5
46.5 36.5
46.5 54.5
47.5 33.5
50.5 38.5
50.5 39.5
50.5 54.5
50.5 55.5
51.5 16.5
51.5 17.5
51.5 18.5
51.5 36.5
51.5 37.5
51.5 56.5
51.5 57.5
51.5 58.5
52.5 12.5
52.5 13.5
52.5 14.5
52.5 15.5
52.5 34.5
52.5 35.5
52.5 59.5
52.5 60.5
52.5 61.5
53.5 9.5
53.5 10.5
53.5 11.5
53.5 32.5
53.5 33.5
53.5 62.5
53.5 63.5
53.5 64.5
54.5 5.5
54.5 6.5
54.5 7.5
54.5 30.5
54.5 45.5
54.5 47.5
54.5 65.5
54.5 66.5
55.5 24.5
55.5 25.5
55.5 28.5
55.5 43.5
55.5 49.5
55.5 50.5
56.5 21.5
56.5 22.5
56.5 23.5
56.5 40.5
56.5 41.5
56.5 51.5
56.5 52.5
56.5 53.5
57.5 18.5
57.5 19.5
57.5 20.5
57.5 38.5
57.5 39.5
57.5 54.5
57.5 55.5
58.5 16.5
58.5 17.5
58.5 36.5
58.5 37.5
58.5 56.5
58.5 57.5
59.5 13.5
59.5 14.5
59.5 35.5
59.5 59.5
