1.5 33.5
1.5 34.5
1.5 35.5
2.5 16.5
2.5 17.5
2.5 18.5
2.5 36.5
2.5 37.5
2.5 38.5
2.5 39.5
2.5 53.5
2.5 54.5
2.5 55.5
2.5 56.5
2.5 57.5
3.5 12.5
3.5 13.5
3.5 14.5
3.5 15.5
3.5 39.5
3.5 40.5
3.5 41.5
3.5 42.5
3.5 48.5
3.5 49.5
3.5 50.5
3.5 51.5
3.5 52.5
3.5 53.5
4.5 9.5
4.5 10.5
4.5 11.5
4.5 12.5
4.5 43.5
4.5 44.5
4.5 45.5
4.5 46.5
4.5 47.5
5.5 6.5
5.5 7.5
5.5 8.5
5.5 22.5
5.5 23.5
5.5 24.5
5.5 27.5
5.5 28.5
5.5 29.5
6.5 19.5
6.5 20.5
6.5 21.5
6.5 22.5
6.5 30.5
6.5 31.5
6.5 32.5
6.5 33.5
6.5 62.5
6.5 63.5
6.5 64.5
6.5 65.5
6.5 66.5
7.5 16.5
7.5 17.5
7.5 18.5
7.5 33.5
7.5 34.5
7.5 35.5
7.5 36.5
7.5 56.5
7.5 57.5
7.5 58.5
7.5 59.5
7.5 60.5
7.5 61.5
7.5 62.5
7.5 63.5
8.5 13.5
8.5 14.5
8.5 15.5
8.5 38.5
8.5 39.5
8.5 53.5
8.5 54.5
8.5 55.5
8.5 56.5
11.5 17.5
11.5 18.5
11.5 37.5
11.5 38.5
12.5 13.5
12.5 14.5
12.5 15.5
12.5 34.5
12.5 35.5
12.5 36.5
13.5 9.5
13.5 10.5
13.5 11.5
13.5 31.5
13.5 32.5
13.5 33.5
13.5 55.5
13.5 56.5
13.5 57.5
13.5 58.5
13.5 59.5
13.5 60.5
13.5 61.5
14.5 6.5
14.5 28.5
14.5 29.5
14.5 30.5
14.5 50.5
14.5 51.5
14.5 52.5
14.5 53.5
14.5 54.5
14.5 55.5
14.5 56.5
14.5 57.5
15.5 21.5
15.5 22.5
15.5 23.5
15.5 24.5
15.5 25.5
15.5 26.5
15.5 27.5
15.5 45.5
15.5 46.5
15.5 47.5
15.5 48.5
15.5 49.5
15.5 50.5
16.5 16.5
16.5 17.5
16.5 18.5
16.5 19.5
16.5 20.5
16.5 21.5
16.5 40.5
16.5 41.5
16.5 42.5
16.5 43.5
16.5 44.5
16.5 65.5
16.5 66.5
17.5 12.5
17.5 13.5
17.5 14.5
17.5 15.5
17.5 36.5
17.5 37.5
17.5 38.5
17.5 39.5
17.5 40.5
17.5 41.5
17.5 62.5
17.5 63.5
18.5 33.5
18.5 34.5
18.5 35.5
18.5 36.5
18.5 37.5
18.5 59.5
18.5 60.5
18.5 61.5
19.5 56.5
19.5 57.5
19.5 58.5
20.5 12.5
21.5 14.5
21.5 15.5
22.5 16.5
22.5 17.5
22.5 18.5
22.5 33.5
22.5 34.5
22.5 35.5
22.5 55.5
23.5 18.5
23.5 19.5
23.5 20.5
23.5 36.5
23.5 37.5
23.5 38.5
23.5 39.5
23.5 57.5
23.5 58.5
23.5 59.5
24.5 7.5
24.5 8.5
24.5 20.5
24.5 21.5
24.5 22.5
24.5 39.5
24.5 40.5
24.5 41.5
24.5 42.5
24.5 59.5
24.5 60.5
24.5 61.5
24.5 62.5
25.5 9.5
25.5 10.5
25.5 23.5
25.5 24.5
25.5 25.5
25.5 26.5
25.5 43.5
25.5 44.5
25.5 45.5
25.5 62.5
25.5 63.5
25.5 64.5
26.5 10.5
26.5 11.5
26.5 12.5
26.5 27.5
26.5 28.5
26.5 29.5
26.5 30.5
26.5 47.5
26.5 48.5
26.5 49.5
26.5 50.5
26.5 66.5
27.5 12.5
27.5 13.5
27.5 14.5
27.5 30.5
27.5 31.5
27.5 32.5
27.5 33.5
27.5 34.5
27.5 51.5
27.5 52.5
27.5 53.5
27.5 54.5
28.5 15.5
28.5 16.5
28.5 34.5
28.5 35.5
28.5 36.5
28.5 37.5
28.5 55.5
28.5 56.5
28.5 57.5
28.5 58.5
29.5 17.5
29.5 39.5
29.5 59.5
29.5 60.5
29.5 61.5
32.5 13.5
32.5 14.5
32.5 15.5
33.5 15.5
33.5 16.5
33.5 17.5
33.5 34.5
33.5 35.5
33.5 36.5
33.5 37.5
33.5 38.5
33.5 55.5
33.5 56.5
33.5 57.5
33.5 58.5
33.5 59.5
34.5 17.5
34.5 18.5
34.5 19.5
34.5 31.5
34.5 32.5
34.5 33.5
34.5 34.5
34.5 35.5
34.5 59.5
34.5 60.5
34.5 61.5
34.5 62.5
34.5 63.5
35.5 20.5
35.5 21.5
35.5 22.5
35.5 27.5
35.5 28.5
35.5 29.5
35.5 30.5
35.5 31.5
35.5 46.5
35.5 64.5
35.5 65.5
35.5 66.5
36.5 6.5
36.5 7.5
36.5 8.5
36.5 22.5
36.5 23.5
36.5 25.5
36.5 26.5
36.5 27.5
36.5 43.5
36.5 44.5
36.5 47.5
36.5 48.5
36.5 49.5
36.5 50.5
37.5 9.5
37.5 10.5
37.5 11.5
37.5 12.5
37.5 25.5
37.5 40.5
37.5 41.5
37.5 42.5
37.5 50.5
37.5 51.5
37.5 52.5
37.5 53.5
37.5 54.5
38.5 12.5
38.5 13.5
38.5 14.5
38.5 15.5
38.5 37.5
38.5 38.5
38.5 39.5
38.5 55.5
38.5 56.5
38.5 57.5
38.5 58.5
39.5 15.5
39.5 16.5
39.5 17.5
39.5 35.5
39.5 36.5
39.5 37.5
40.5 33.5
40.5 34.5
42.5 39.5
42.5 56.5
42.5 57.5
42.5 58.5
43.5 17.5
43.5 18.5
43.5 19.5
43.5 35.5
43.5 36.5
43.5 37.5
43.5 53.5
43.5 54.5
43.5 55.5
43.5 56.5
44.5 11.5
44.5 12.5
44.5 13.5
44.5 14.5
44.5 15.5
44.5 16.5
44.5 32.5
44.5 33.5
44.5 34.5
44.5 51.5
44.5 52.5
44.5 53.5
45.5 7.5
45.5 8.5
45.5 9.5
45.5 10.5
45.5 11.5
45.5 12.5
45.5 29.5
45.5 30.5
45.5 31.5
45.5 48.5
45.5 49.5
45.5 50.5
46.5 5.5
46.5 6.5
46.5 24.5
46.5 25.5
46.5 27.5
46.5 28.5
46.5 44.5
46.5 45.5
46.5 46.5
46.5 47.5
46.5 62.5
46.5 63.5
46.5 64.5
46.5 65.5
47.5 20.5
47.5 21.5
47.5 22.5
47.5 39.5
47.5 40.5
47.5 41.5
47.5 42.5
47.5 43.5
47.5 59.5
47.5 60.5
47.5 61.5
47.5 62.5
47.5 63.5
48.5 17.5
48.5 18.5
48.5 19.5
48.5 35.5
48.5 36.5
48.5 37.5
48.5 38.5
48.5 39.5
48.5 56.5
48.5 57.5
48.5 58.5
48.5 59.5
49.5 14.5
49.5 15.5
49.5 16.5
49.5 32.5
49.5 33.5
49.5 34.5
49.5 54.5
49.5 55.5
50.5 12.5
52.5 19.5
53.5 15.5
53.5 16.5
53.5 17.5
53.5 35.5
53.5 36.5
53.5 37.5
53.5 38.5
53.5 39.5
53.5 55.5
53.5 56.5
53.5 57.5
53.5 58.5
54.5 13.5
54.5 14.5
54.5 15.5
54.5 31.5
54.5 32.5
54.5 33.5
54.5 34.5
54.5 35.5
54.5 58.5
54.5 59.5
54.5 60.5
54.5 61.5
54.5 62.5
55.5 11.5
55.5 12.5
55.5 13.5
55.5 27.5
55.5 28.5
55.5 29.5
55.5 30.5
55.5 62.5
55.5 63.5
55.5 64.5
55.5 65.5
56.5 8.5
56.5 9.5
56.5 10.5
56.5 23.5
56.5 24.5
56.5 43.5
56.5 44.5
56.5 45.5
56.5 47.5
56.5 48.5
56.5 49.5
57.5 7.5
57.5 20.5
57.5 21.5
57.5 22.5
57.5 40.5
57.5 41.5
57.5 42.5
57.5 50.5
57.5 51.5
57.5 52.5
57.5 53.5
58.5 18.5
58.5 19.5
58.5 20.5
58.5 37.5
58.5 38.5
58.5 39.5
58.5 53.5
58.5 54.5
58.5 55.5
58.5 56.5
59.5 15.5
59.5 16.5
59.5 17.5
59.5 34.5
59.5 35.5
59.5 57.5
59.5 58.5
59.5 59.5
60.5 13.5
60.5 14.5
