1.5 12.5
1.5 60.5
2.5 11.5
2.5 36.5
2.5 48.5
2.5 61.5
3.5 11.5
3.5 24.5
3.5 37.5
3.5 48.5
3.5 61.5
4.5 10.5
4.5 11.5
4.5 25.5
4.5 37.5
4.5 38.5
4.5 47.5
4.5 62.5
5.5 10.5
5.5 25.5
5.5 38.5
5.5 47.5
5.5 62.5
6.5 9.5
6.5 10.5
6.5 26.5
6.5 39.5
6.5 46.5
6.5 63.5
7.5 9.5
7.5 27.5
7.5 31.5
7.5 40.5
7.5 46.5
7.5 52.5
7.5 56.5
7.5 63.5
8.5 9.5
8.5 19.5
8.5 32.5
8.5 41.5
8.5 45.5
8.5 52.5
8.5 57.5
9.5 14.5
9.5 19.5
9.5 20.5
9.5 33.5
9.5 51.5
9.5 57.5
10.5 20.5
10.5 34.5
10.5 50.5
10.5 58.5
11.5 13.5
11.5 21.5
11.5 35.5
11.5 50.5
11.5 58.5
12.5 21.5
12.5 22.5
12.5 36.5
12.5 49.5
12.5 59.5
13.5 12.5
13.5 22.5
13.5 37.5
13.5 49.5
14.5 23.5
17.5 37.5
17.5 49.5
17.5 60.5
18.5 22.5
18.5 36.5
18.5 49.5
18.5 61.5
19.5 9.5
19.5 21.5
19.5 22.5
19.5 35.5
19.5 50.5
19.5 62.5
20.5 20.5
20.5 21.5
20.5 34.5
20.5 35.5
20.5 50.5
20.5 63.5
21.5 8.5
21.5 19.5
21.5 20.5
21.5 34.5
21.5 50.5
21.5 55.5
21.5 63.5
22.5 18.5
22.5 28.5
22.5 33.5
22.5 41.5
22.5 45.5
22.5 51.5
22.5 56.5
22.5 64.5
23.5 7.5
23.5 13.5
23.5 17.5
23.5 27.5
23.5 32.5
23.5 40.5
23.5 51.5
23.5 57.5
23.5 65.5
24.5 12.5
24.5 26.5
24.5 40.5
24.5 46.5
24.5 57.5
24.5 58.5
25.5 12.5
25.5 25.5
25.5 26.5
25.5 39.5
25.5 58.5
25.5 59.5
26.5 11.5
26.5 24.5
26.5 25.5
26.5 38.5
26.5 47.5
26.5 59.5
26.5 60.5
27.5 10.5
27.5 23.5
27.5 24.5
27.5 37.5
27.5 60.5
28.5 10.5
28.5 23.5
28.5 48.5
28.5 61.5
31.5 10.5
31.5 48.5
31.5 61.5
32.5 24.5
32.5 37.5
32.5 47.5
32.5 60.5
33.5 9.5
33.5 23.5
33.5 38.5
33.5 47.5
33.5 59.5
33.5 60.5
34.5 9.5
34.5 22.5
34.5 38.5
34.5 46.5
34.5 58.5
34.5 59.5
35.5 8.5
35.5 21.5
35.5 22.5
35.5 39.5
35.5 46.5
35.5 58.5
36.5 8.5
36.5 20.5
36.5 21.5
36.5 39.5
36.5 40.5
36.5 52.5
36.5 57.5
37.5 8.5
37.5 20.5
37.5 28.5
37.5 32.5
37.5 40.5
37.5 45.5
37.5 52.5
37.5 56.5
37.5 64.5
38.5 7.5
38.5 14.5
38.5 19.5
38.5 27.5
38.5 33.5
38.5 41.5
38.5 51.5
38.5 64.5
39.5 7.5
39.5 14.5
39.5 18.5
39.5 27.5
39.5 33.5
39.5 50.5
39.5 51.5
39.5 63.5
40.5 13.5
40.5 26.5
40.5 34.5
40.5 50.5
40.5 62.5
41.5 12.5
41.5 13.5
41.5 25.5
41.5 34.5
41.5 35.5
41.5 49.5
41.5 62.5
42.5 12.5
42.5 25.5
42.5 35.5
42.5 49.5
42.5 61.5
43.5 11.5
43.5 24.5
43.5 36.5
43.5 48.5
43.5 61.5
44.5 11.5
44.5 23.5
44.5 36.5
46.5 49.5
47.5 49.5
47.5 61.5
48.5 11.5
48.5 36.5
48.5 49.5
49.5 11.5
49.5 12.5
49.5 24.5
49.5 35.5
49.5 50.5
49.5 62.5
50.5 12.5
50.5 25.5
50.5 34.5
50.5 50.5
50.5 63.5
51.5 13.5
51.5 26.5
51.5 33.5
51.5 50.5
51.5 56.5
51.5 63.5
52.5 13.5
52.5 14.5
52.5 27.5
52.5 33.5
52.5 40.5
52.5 44.5
52.5 50.5
52.5 57.5
52.5 64.5
53.5 14.5
53.5 20.5
53.5 32.5
53.5 39.5
53.5 51.5
53.5 57.5
54.5 7.5
54.5 15.5
54.5 21.5
54.5 31.5
54.5 39.5
54.5 45.5
54.5 51.5
54.5 57.5
54.5 58.5
55.5 8.5
55.5 15.5
55.5 21.5
55.5 38.5
55.5 45.5
55.5 58.5
56.5 8.5
56.5 22.5
56.5 38.5
56.5 46.5
56.5 58.5
57.5 9.5
57.5 22.5
57.5 23.5
57.5 37.5
57.5 46.5
57.5 59.5
58.5 10.5
58.5 23.5
58.5 37.5
58.5 46.5
58.5 59.5
59.5 11.5
59.5 24.5
59.5 36.5
59.5 47.5
60.5 47.5
