2.5 35.5
3.5 11.5
3.5 24.5
3.5 36.5
3.5 48.5
4.5 10.5
4.5 24.5
4.5 25.5
4.5 36.5
4.5 48.5
4.5 49.5
4.5 61.5
4.5 62.5
5.5 9.5
5.5 10.5
5.5 25.5
5.5 36.5
5.5 37.5
5.5 49.5
5.5 50.5
5.5 62.5
6.5 8.5
6.5 9.5
6.5 25.5
6.5 26.5
6.5 37.5
6.5 51.5
6.5 62.5
6.5 63.5
7.5 8.5
7.5 26.5
7.5 43.5
7.5 63.5
8.5 15.5
8.5 32.5
8.5 44.5
9.5 14.5
9.5 15.5
9.5 21.5
9.5 32.5
9.5 44.5
9.5 45.5
9.5 57.5
10.5 13.5
10.5 14.5
10.5 22.5
10.5 32.5
10.5 33.5
10.5 45.5
10.5 58.5
11.5 13.5
11.5 22.5
11.5 33.5
11.5 46.5
11.5 59.5
12.5 23.5
12.5 34.5
17.5 59.5
18.5 12.5
18.5 34.5
18.5 48.5
18.5 49.5
18.5 58.5
18.5 59.5
19.5 12.5
19.5 13.5
19.5 25.5
19.5 33.5
19.5 34.5
19.5 49.5
19.5 58.5
20.5 13.5
20.5 14.5
20.5 25.5
20.5 32.5
20.5 33.5
20.5 49.5
20.5 50.5
20.5 57.5
20.5 58.5
21.5 13.5
21.5 14.5
21.5 26.5
21.5 32.5
21.5 50.5
21.5 57.5
22.5 14.5
23.5 63.5
24.5 8.5
24.5 21.5
24.5 38.5
24.5 45.5
24.5 62.5
24.5 63.5
25.5 8.5
25.5 9.5
25.5 21.5
25.5 37.5
25.5 38.5
25.5 45.5
25.5 62.5
26.5 9.5
26.5 21.5
26.5 22.5
26.5 37.5
26.5 38.5
26.5 46.5
26.5 61.5
26.5 62.5
27.5 9.5
27.5 22.5
27.5 36.5
27.5 37.5
27.5 46.5
27.5 47.5
27.5 61.5
28.5 10.5
28.5 36.5
28.5 47.5
34.5 10.5
34.5 24.5
34.5 36.5
34.5 49.5
34.5 58.5
34.5 59.5
35.5 9.5
35.5 10.5
35.5 24.5
35.5 37.5
35.5 49.5
35.5 50.5
35.5 58.5
36.5 9.5
36.5 24.5
36.5 25.5
36.5 37.5
36.5 38.5
36.5 50.5
36.5 57.5
36.5 58.5
37.5 9.5
37.5 25.5
37.5 38.5
37.5 51.5
37.5 57.5
38.5 8.5
38.5 39.5
38.5 51.5
39.5 32.5
39.5 63.5
40.5 14.5
40.5 20.5
40.5 32.5
40.5 33.5
40.5 45.5
40.5 63.5
41.5 13.5
41.5 20.5
41.5 33.5
41.5 45.5
41.5 46.5
41.5 62.5
41.5 63.5
42.5 13.5
42.5 21.5
42.5 33.5
42.5 34.5
42.5 46.5
42.5 47.5
42.5 62.5
43.5 12.5
43.5 21.5
43.5 34.5
43.5 47.5
43.5 61.5
44.5 12.5
49.5 34.5
49.5 47.5
50.5 12.5
50.5 24.5
50.5 33.5
50.5 34.5
50.5 46.5
50.5 47.5
50.5 61.5
51.5 13.5
51.5 24.5
51.5 25.5
51.5 32.5
51.5 33.5
51.5 45.5
51.5 46.5
51.5 61.5
51.5 62.5
52.5 13.5
52.5 14.5
52.5 25.5
52.5 32.5
52.5 45.5
52.5 62.5
53.5 14.5
53.5 25.5
53.5 26.5
53.5 32.5
53.5 63.5
54.5 8.5
54.5 39.5
54.5 52.5
54.5 57.5
55.5 8.5
55.5 9.5
55.5 20.5
55.5 38.5
55.5 51.5
55.5 52.5
55.5 57.5
56.5 9.5
56.5 20.5
56.5 21.5
56.5 37.5
56.5 38.5
56.5 51.5
56.5 58.5
57.5 9.5
57.5 10.5
57.5 21.5
57.5 37.5
57.5 50.5
57.5 51.5
57.5 58.5
58.5 10.5
58.5 22.5
58.5 36.5
58.5 50.5
58.5 58.5
