1.5 29.5
1.5 57.5
2.5 12.5
2.5 28.5
2.5 29.5
2.5 46.5
2.5 58.5
3.5 11.5
3.5 28.5
3.5 44.5
3.5 59.5
4.5 10.5
4.5 27.5
4.5 43.5
4.5 60.5
5.5 9.5
5.5 26.5
5.5 41.5
5.5 42.5
5.5 61.5
6.5 8.5
6.5 19.5
6.5 25.5
6.5 26.5
6.5 35.5
6.5 40.5
6.5 62.5
7.5 6.5
7.5 7.5
7.5 18.5
7.5 19.5
7.5 25.5
7.5 34.5
7.5 38.5
7.5 39.5
7.5 50.5
7.5 52.5
7.5 63.5
8.5 5.5
8.5 17.5
8.5 18.5
8.5 24.5
8.5 33.5
8.5 37.5
8.5 49.5
8.5 53.5
8.5 64.5
9.5 16.5
9.5 17.5
9.5 23.5
9.5 32.5
9.5 47.5
9.5 48.5
9.5 54.5
9.5 55.5
9.5 65.5
10.5 15.5
10.5 16.5
10.5 46.5
10.5 55.5
10.5 56.5
11.5 15.5
11.5 31.5
11.5 44.5
11.5 45.5
11.5 57.5
12.5 14.5
12.5 30.5
12.5 43.5
12.5 58.5
13.5 13.5
13.5 29.5
13.5 42.5
13.5 60.5
14.5 12.5
14.5 28.5
14.5 61.5
15.5 11.5
15.5 27.5
15.5 45.5
15.5 56.5
16.5 28.5
16.5 44.5
16.5 57.5
17.5 12.5
17.5 29.5
17.5 43.5
17.5 58.5
18.5 13.5
18.5 14.5
18.5 30.5
18.5 42.5
18.5 59.5
19.5 15.5
19.5 30.5
19.5 41.5
19.5 42.5
19.5 60.5
20.5 16.5
20.5 17.5
20.5 31.5
20.5 40.5
20.5 41.5
20.5 61.5
21.5 6.5
21.5 18.5
21.5 22.5
21.5 32.5
21.5 39.5
21.5 40.5
21.5 51.5
21.5 62.5
22.5 7.5
22.5 19.5
22.5 23.5
22.5 32.5
22.5 39.5
22.5 49.5
22.5 52.5
22.5 63.5
23.5 8.5
23.5 9.5
23.5 21.5
23.5 24.5
23.5 33.5
23.5 38.5
23.5 48.5
23.5 53.5
23.5 64.5
24.5 9.5
24.5 10.5
24.5 25.5
24.5 34.5
24.5 37.5
24.5 47.5
24.5 54.5
24.5 65.5
25.5 10.5
25.5 11.5
25.5 26.5
25.5 36.5
25.5 46.5
25.5 55.5
26.5 12.5
26.5 27.5
26.5 45.5
26.5 56.5
27.5 13.5
27.5 28.5
27.5 44.5
27.5 57.5
27.5 68.5
28.5 14.5
28.5 15.5
28.5 44.5
28.5 58.5
29.5 43.5
29.5 59.5
30.5 30.5
30.5 42.5
30.5 60.5
31.5 11.5
31.5 29.5
31.5 41.5
31.5 61.5
32.5 12.5
32.5 13.5
32.5 28.5
32.5 44.5
32.5 60.5
33.5 13.5
33.5 14.5
33.5 28.5
33.5 43.5
33.5 59.5
34.5 14.5
34.5 15.5
34.5 27.5
34.5 42.5
34.5 58.5
35.5 15.5
35.5 16.5
35.5 26.5
35.5 41.5
35.5 57.5
36.5 16.5
36.5 17.5
36.5 25.5
36.5 26.5
36.5 40.5
36.5 56.5
36.5 66.5
37.5 6.5
37.5 17.5
37.5 18.5
37.5 25.5
37.5 34.5
37.5 39.5
37.5 50.5
37.5 55.5
37.5 65.5
38.5 7.5
38.5 18.5
38.5 19.5
38.5 24.5
38.5 33.5
38.5 38.5
38.5 49.5
38.5 54.5
38.5 64.5
39.5 8.5
39.5 20.5
39.5 23.5
39.5 32.5
39.5 37.5
39.5 48.5
39.5 53.5
39.5 63.5
40.5 9.5
40.5 31.5
40.5 32.5
40.5 46.5
40.5 47.5
40.5 62.5
41.5 10.5
41.5 30.5
41.5 31.5
41.5 45.5
41.5 46.5
41.5 61.5
41.5 62.5
42.5 11.5
42.5 30.5
42.5 44.5
42.5 45.5
42.5 60.5
42.5 61.5
43.5 12.5
43.5 29.5
43.5 43.5
43.5 44.5
43.5 59.5
43.5 60.5
44.5 13.5
44.5 28.5
44.5 42.5
44.5 59.5
45.5 14.5
45.5 58.5
46.5 27.5
46.5 45.5
46.5 57.5
47.5 28.5
47.5 44.5
47.5 56.5
48.5 12.5
48.5 29.5
48.5 43.5
48.5 58.5
49.5 13.5
49.5 30.5
49.5 43.5
49.5 59.5
50.5 14.5
50.5 30.5
50.5 31.5
50.5 42.5
50.5 60.5
50.5 61.5
51.5 15.5
51.5 31.5
51.5 41.5
51.5 62.5
52.5 16.5
52.5 22.5
52.5 32.5
52.5 40.5
52.5 50.5
52.5 52.5
52.5 63.5
53.5 17.5
53.5 23.5
53.5 33.5
53.5 39.5
53.5 40.5
53.5 49.5
53.5 53.5
53.5 65.5
54.5 18.5
54.5 24.5
54.5 34.5
54.5 39.5
54.5 48.5
54.5 54.5
54.5 66.5
55.5 6.5
55.5 7.5
55.5 19.5
55.5 25.5
55.5 35.5
55.5 38.5
55.5 47.5
55.5 55.5
55.5 56.5
56.5 8.5
56.5 9.5
56.5 26.5
56.5 37.5
56.5 46.5
56.5 47.5
56.5 56.5
56.5 57.5
57.5 10.5
57.5 11.5
57.5 27.5
57.5 46.5
57.5 58.5
58.5 12.5
58.5 13.5
58.5 27.5
58.5 28.5
58.5 45.5
58.5 59.5
59.5 14.5
59.5 28.5
59.5 29.5
59.5 44.5
59.5 60.5
60.5 16.5
60.5 29.5
60.5 43.5
61.5 30.5
61.5 42.5
