1.5 10.5
1.5 22.5
1.5 23.5
1.5 35.5
1.5 47.5
1.5 48.5
1.5 60.5
2.5 10.5
2.5 22.5
2.5 34.5
2.5 35.5
2.5 46.5
2.5 47.5
2.5 59.5
2.5 60.5
3.5 9.5
3.5 10.5
3.5 21.5
3.5 22.5
3.5 33.5
3.5 34.5
3.5 46.5
3.5 47.5
3.5 59.5
3.5 60.5
4.5 9.5
4.5 20.5
4.5 21.5
4.5 32.5
4.5 33.5
4.5 40.5
4.5 45.5
4.5 46.5
4.5 53.5
4.5 58.5
4.5 59.5
5.5 8.5
5.5 9.5
5.5 15.5
5.5 19.5
5.5 20.5
5.5 27.5
5.5 31.5
5.5 32.5
5.5 39.5
5.5 40.5
5.5 45.5
5.5 46.5
5.5 52.5
5.5 53.5
5.5 58.5
5.5 59.5
5.5 66.5
6.5 8.5
6.5 14.5
6.5 15.5
6.5 19.5
6.5 20.5
6.5 26.5
6.5 27.5
6.5 31.5
6.5 39.5
6.5 44.5
6.5 45.5
6.5 52.5
6.5 57.5
6.5 58.5
6.5 65.5
6.5 66.5
7.5 8.5
7.5 14.5
7.5 18.5
7.5 19.5
7.5 25.5
7.5 26.5
7.5 30.5
7.5 31.5
7.5 38.5
7.5 39.5
7.5 44.5
7.5 51.5
7.5 52.5
7.5 57.5
7.5 58.5
7.5 65.5
8.5 7.5
8.5 13.5
8.5 14.5
8.5 18.5
8.5 25.5
8.5 26.5
8.5 29.5
8.5 30.5
8.5 37.5
8.5 38.5
8.5 43.5
8.5 44.5
8.5 50.5
8.5 51.5
8.5 56.5
8.5 57.5
8.5 64.5
8.5 68.5
9.5 7.5
9.5 13.5
9.5 17.5
9.5 24.5
9.5 25.5
9.5 29.5
9.5 37.5
9.5 38.5
9.5 43.5
9.5 50.5
9.5 51.5
9.5 56.5
9.5 57.5
9.5 63.5
9.5 64.5
10.5 12.5
10.5 13.5
10.5 24.5
10.5 36.5
10.5 37.5
10.5 49.5
10.5 50.5
10.5 56.5
10.5 62.5
10.5 63.5
11.5 11.5
11.5 12.5
11.5 23.5
11.5 24.5
11.5 36.5
11.5 37.5
11.5 49.5
11.5 50.5
11.5 62.5
11.5 63.5
12.5 11.5
12.5 23.5
12.5 35.5
12.5 36.5
12.5 49.5
12.5 61.5
12.5 62.5
13.5 11.5
13.5 22.5
13.5 35.5
13.5 48.5
13.5 49.5
13.5 61.5
14.5 10.5
14.5 11.5
14.5 22.5
14.5 23.5
14.5 34.5
14.5 35.5
14.5 48.5
14.5 60.5
14.5 61.5
15.5 12.5
15.5 23.5
15.5 34.5
15.5 36.5
15.5 37.5
15.5 46.5
15.5 47.5
15.5 48.5
15.5 59.5
15.5 60.5
16.5 12.5
16.5 13.5
16.5 23.5
16.5 24.5
16.5 35.5
16.5 36.5
16.5 47.5
16.5 59.5
16.5 60.5
17.5 12.5
17.5 13.5
17.5 24.5
17.5 25.5
17.5 34.5
17.5 35.5
17.5 47.5
17.5 48.5
17.5 60.5
17.5 61.5
18.5 13.5
18.5 14.5
18.5 19.5
18.5 25.5
18.5 33.5
18.5 34.5
18.5 35.5
18.5 48.5
18.5 49.5
18.5 61.5
18.5 62.5
19.5 6.5
19.5 13.5
19.5 14.5
19.5 19.5
19.5 20.5
19.5 25.5
19.5 26.5
19.5 33.5
19.5 34.5
19.5 49.5
19.5 50.5
19.5 62.5
20.5 7.5
20.5 14.5
20.5 15.5
20.5 20.5
20.5 26.5
20.5 32.5
20.5 33.5
20.5 40.5
20.5 43.5
20.5 49.5
20.5 50.5
20.5 54.5
20.5 62.5
20.5 63.5
20.5 68.5
21.5 7.5
21.5 8.5
21.5 15.5
21.5 20.5
21.5 21.5
21.5 27.5
21.5 31.5
21.5 32.5
21.5 40.5
21.5 43.5
21.5 50.5
21.5 51.5
21.5 55.5
21.5 63.5
21.5 64.5
22.5 8.5
22.5 15.5
22.5 16.5
22.5 21.5
22.5 27.5
22.5 28.5
22.5 30.5
22.5 31.5
22.5 39.5
22.5 40.5
22.5 43.5
22.5 44.5
22.5 51.5
22.5 52.5
22.5 55.5
22.5 56.5
22.5 64.5
23.5 8.5
23.5 9.5
23.5 16.5
23.5 21.5
23.5 22.5
23.5 28.5
23.5 30.5
23.5 38.5
23.5 39.5
23.5 44.5
23.5 45.5
23.5 52.5
23.5 56.5
23.5 57.5
23.5 64.5
23.5 65.5
24.5 9.5
24.5 10.5
24.5 16.5
24.5 17.5
24.5 21.5
24.5 22.5
24.5 37.5
24.5 38.5
24.5 44.5
24.5 45.5
24.5 53.5
24.5 57.5
24.5 58.5
24.5 65.5
24.5 66.5
25.5 9.5
25.5 10.5
25.5 17.5
25.5 22.5
25.5 37.5
25.5 38.5
25.5 45.5
25.5 46.5
25.5 58.5
25.5 59.5
25.5 66.5
26.5 10.5
26.5 11.5
26.5 22.5
26.5 23.5
26.5 36.5
26.5 37.5
26.5 45.5
26.5 46.5
26.5 59.5
26.5 60.5
27.5 10.5
27.5 11.5
27.5 23.5
27.5 36.5
27.5 37.5
27.5 46.5
27.5 47.5
27.5 60.5
27.5 61.5
28.5 11.5
28.5 12.5
28.5 23.5
28.5 24.5
28.5 35.5
28.5 36.5
28.5 46.5
28.5 47.5
28.5 61.5
29.5 11.5
29.5 12.5
29.5 23.5
29.5 24.5
29.5 35.5
29.5 47.5
29.5 58.5
29.5 62.5
30.5 12.5
30.5 23.5
30.5 24.5
30.5 34.5
30.5 36.5
30.5 46.5
30.5 48.5
30.5 59.5
30.5 63.5
31.5 10.5
31.5 13.5
31.5 24.5
31.5 35.5
31.5 36.5
31.5 47.5
31.5 48.5
31.5 59.5
31.5 60.5
32.5 10.5
32.5 11.5
32.5 24.5
32.5 25.5
32.5 34.5
32.5 35.5
32.5 47.5
32.5 48.5
32.5 59.5
32.5 60.5
32.5 68.5
33.5 11.5
33.5 12.5
33.5 25.5
33.5 26.5
33.5 34.5
33.5 35.5
33.5 48.5
33.5 60.5
33.5 61.5
33.5 68.5
34.5 12.5
34.5 13.5
34.5 25.5
34.5 26.5
34.5 33.5
34.5 34.5
34.5 48.5
34.5 49.5
34.5 54.5
34.5 60.5
34.5 61.5
34.5 62.5
35.5 12.5
35.5 13.5
35.5 19.5
35.5 26.5
35.5 27.5
35.5 32.5
35.5 33.5
35.5 48.5
35.5 49.5
35.5 54.5
35.5 61.5
35.5 62.5
36.5 6.5
36.5 13.5
36.5 14.5
36.5 19.5
36.5 20.5
36.5 27.5
36.5 32.5
36.5 33.5
36.5 40.5
36.5 42.5
36.5 49.5
36.5 50.5
36.5 55.5
36.5 62.5
36.5 63.5
37.5 7.5
37.5 14.5
37.5 15.5
37.5 20.5
37.5 27.5
37.5 28.5
37.5 31.5
37.5 32.5
37.5 39.5
37.5 40.5
37.5 42.5
37.5 43.5
37.5 49.5
37.5 50.5
37.5 55.5
37.5 62.5
37.5 63.5
38.5 7.5
38.5 15.5
38.5 16.5
38.5 20.5
38.5 21.5
38.5 28.5
38.5 31.5
38.5 38.5
38.5 39.5
38.5 43.5
38.5 50.5
38.5 51.5
38.5 55.5
38.5 56.5
38.5 63.5
38.5 64.5
39.5 7.5
39.5 8.5
39.5 16.5
39.5 21.5
39.5 22.5
39.5 29.5
39.5 37.5
39.5 38.5
39.5 43.5
39.5 44.5
39.5 51.5
39.5 56.5
39.5 57.5
39.5 63.5
39.5 64.5
40.5 8.5
40.5 9.5
40.5 16.5
40.5 17.5
40.5 21.5
40.5 22.5
40.5 23.5
40.5 37.5
40.5 38.5
40.5 44.5
40.5 45.5
40.5 51.5
40.5 56.5
40.5 57.5
40.5 64.5
40.5 65.5
41.5 8.5
41.5 9.5
41.5 22.5
41.5 23.5
41.5 36.5
41.5 37.5
41.5 45.5
41.5 46.5
41.5 52.5
41.5 57.5
41.5 65.5
42.5 9.5
42.5 10.5
42.5 23.5
42.5 24.5
42.5 35.5
42.5 36.5
42.5 45.5
42.5 46.5
42.5 57.5
42.5 58.5
43.5 9.5
43.5 10.5
43.5 24.5
43.5 35.5
43.5 36.5
43.5 46.5
43.5 47.5
43.5 58.5
44.5 10.5
44.5 11.5
44.5 23.5
44.5 24.5
44.5 25.5
44.5 34.5
44.5 36.5
44.5 47.5
44.5 48.5
44.5 58.5
44.5 59.5
44.5 68.5
45.5 10.5
45.5 11.5
45.5 23.5
45.5 35.5
45.5 48.5
45.5 59.5
45.5 68.5
46.5 11.5
46.5 23.5
46.5 24.5
46.5 35.5
46.5 48.5
46.5 49.5
46.5 60.5
47.5 10.5
47.5 12.5
47.5 24.5
47.5 25.5
47.5 34.5
47.5 35.5
47.5 47.5
47.5 59.5
47.5 60.5
48.5 11.5
48.5 24.5
48.5 25.5
48.5 34.5
48.5 35.5
48.5 46.5
48.5 47.5
48.5 59.5
49.5 11.5
49.5 12.5
49.5 25.5
49.5 26.5
49.5 34.5
49.5 45.5
49.5 46.5
49.5 58.5
49.5 59.5
50.5 12.5
50.5 13.5
50.5 18.5
50.5 25.5
50.5 26.5
50.5 33.5
50.5 34.5
50.5 40.5
50.5 45.5
50.5 46.5
50.5 58.5
51.5 12.5
51.5 13.5
51.5 14.5
51.5 18.5
51.5 26.5
51.5 27.5
51.5 33.5
51.5 34.5
51.5 39.5
51.5 44.5
51.5 45.5
51.5 53.5
51.5 57.5
51.5 58.5
51.5 64.5
52.5 13.5
52.5 14.5
52.5 19.5
52.5 26.5
52.5 27.5
52.5 33.5
52.5 39.5
52.5 43.5
52.5 44.5
52.5 52.5
52.5 57.5
52.5 64.5
53.5 5.5
53.5 14.5
53.5 15.5
53.5 19.5
53.5 20.5
53.5 27.5
53.5 28.5
53.5 32.5
53.5 33.5
53.5 38.5
53.5 43.5
53.5 51.5
53.5 52.5
53.5 56.5
53.5 57.5
53.5 63.5
53.5 64.5
54.5 6.5
54.5 7.5
54.5 15.5
54.5 20.5
54.5 21.5
54.5 27.5
54.5 28.5
54.5 32.5
54.5 38.5
54.5 42.5
54.5 43.5
54.5 50.5
54.5 51.5
54.5 56.5
54.5 62.5
54.5 63.5
55.5 7.5
55.5 8.5
55.5 15.5
55.5 16.5
55.5 21.5
55.5 22.5
55.5 28.5
55.5 32.5
55.5 37.5
55.5 38.5
55.5 41.5
55.5 42.5
55.5 49.5
55.5 50.5
55.5 55.5
55.5 56.5
55.5 62.5
55.5 63.5
56.5 8.5
56.5 9.5
56.5 16.5
56.5 21.5
56.5 22.5
56.5 29.5
56.5 32.5
56.5 37.5
56.5 41.5
56.5 48.5
56.5 49.5
56.5 50.5
56.5 55.5
56.5 61.5
56.5 62.5
57.5 8.5
57.5 9.5
57.5 10.5
57.5 17.5
57.5 22.5
57.5 23.5
57.5 36.5
57.5 37.5
57.5 48.5
57.5 49.5
57.5 61.5
57.5 62.5
57.5 68.5
58.5 9.5
58.5 10.5
58.5 11.5
58.5 23.5
58.5 36.5
58.5 47.5
58.5 48.5
58.5 60.5
58.5 61.5
58.5 68.5
59.5 11.5
59.5 12.5
59.5 24.5
59.5 35.5
59.5 36.5
59.5 46.5
59.5 47.5
59.5 60.5
59.5 61.5
60.5 12.5
60.5 24.5
60.5 25.5
60.5 35.5
60.5 46.5
60.5 59.5
60.5 60.5
61.5 13.5
61.5 25.5
61.5 45.5
61.5 59.5
