1.5 8.5
1.5 9.5
1.5 10.5
1.5 20.5
1.5 21.5
1.5 31.5
1.5 41.5
1.5 51.5
1.5 52.5
1.5 53.5
1.5 60.5
1.5 61.5
2.5 8.5
2.5 9.5
2.5 10.5
2.5 11.5
2.5 19.5
2.5 20.5
2.5 30.5
2.5 31.5
2.5 40.5
2.5 41.5
2.5 51.5
2.5 52.5
2.5 53.5
2.5 59.5
2.5 60.5
3.5 9.5
3.5 10.5
3.5 11.5
3.5 12.5
3.5 18.5
3.5 19.5
3.5 20.5
3.5 29.5
3.5 30.5
3.5 39.5
3.5 40.5
3.5 52.5
3.5 53.5
3.5 54.5
3.5 59.5
3.5 60.5
4.5 10.5
4.5 11.5
4.5 12.5
4.5 13.5
4.5 18.5
4.5 19.5
4.5 28.5
4.5 29.5
4.5 30.5
4.5 38.5
4.5 39.5
4.5 40.5
4.5 52.5
4.5 53.5
4.5 54.5
4.5 58.5
4.5 59.5
4.5 60.5
4.5 64.5
5.5 5.5
5.5 11.5
5.5 12.5
5.5 13.5
5.5 17.5
5.5 18.5
5.5 19.5
5.5 24.5
5.5 25.5
5.5 28.5
5.5 29.5
5.5 33.5
5.5 34.5
5.5 38.5
5.5 39.5
5.5 45.5
5.5 46.5
5.5 47.5
5.5 53.5
5.5 54.5
5.5 55.5
5.5 58.5
5.5 59.5
5.5 63.5
5.5 64.5
5.5 68.5
6.5 5.5
6.5 6.5
6.5 12.5
6.5 13.5
6.5 14.5
6.5 17.5
6.5 18.5
6.5 23.5
6.5 24.5
6.5 25.5
6.5 27.5
6.5 28.5
6.5 33.5
6.5 34.5
6.5 37.5
6.5 38.5
6.5 39.5
6.5 44.5
6.5 45.5
6.5 47.5
6.5 48.5
6.5 53.5
6.5 54.5
6.5 55.5
6.5 58.5
6.5 63.5
6.5 64.5
7.5 5.5
7.5 6.5
7.5 7.5
7.5 13.5
7.5 14.5
7.5 16.5
7.5 17.5
7.5 22.5
7.5 23.5
7.5 24.5
7.5 27.5
7.5 28.5
7.5 32.5
7.5 33.5
7.5 37.5
7.5 38.5
7.5 43.5
7.5 44.5
7.5 47.5
7.5 48.5
7.5 49.5
7.5 54.5
7.5 55.5
7.5 58.5
7.5 62.5
7.5 63.5
8.5 6.5
8.5 7.5
8.5 8.5
8.5 16.5
8.5 21.5
8.5 22.5
8.5 23.5
8.5 26.5
8.5 32.5
8.5 33.5
8.5 36.5
8.5 37.5
8.5 42.5
8.5 43.5
8.5 44.5
8.5 48.5
8.5 49.5
8.5 50.5
8.5 61.5
8.5 62.5
8.5 63.5
9.5 7.5
9.5 8.5
9.5 9.5
9.5 20.5
9.5 21.5
9.5 22.5
9.5 31.5
9.5 32.5
9.5 33.5
9.5 36.5
9.5 37.5
9.5 41.5
9.5 42.5
9.5 43.5
9.5 48.5
9.5 49.5
9.5 50.5
9.5 61.5
9.5 62.5
10.5 8.5
10.5 9.5
10.5 19.5
10.5 20.5
10.5 21.5
10.5 31.5
10.5 32.5
10.5 41.5
10.5 42.5
10.5 43.5
10.5 49.5
10.5 50.5
10.5 51.5
10.5 61.5
10.5 62.5
11.5 9.5
11.5 10.5
11.5 19.5
11.5 20.5
11.5 31.5
11.5 32.5
11.5 40.5
11.5 41.5
11.5 42.5
11.5 50.5
11.5 51.5
11.5 60.5
11.5 61.5
12.5 10.5
12.5 19.5
12.5 30.5
12.5 31.5
12.5 40.5
12.5 41.5
12.5 51.5
12.5 52.5
12.5 60.5
12.5 61.5
13.5 8.5
13.5 9.5
13.5 19.5
13.5 20.5
13.5 21.5
13.5 30.5
13.5 31.5
13.5 40.5
13.5 52.5
13.5 60.5
13.5 61.5
14.5 9.5
14.5 10.5
14.5 20.5
14.5 21.5
14.5 22.5
14.5 30.5
14.5 31.5
14.5 42.5
14.5 51.5
14.5 52.5
14.5 60.5
14.5 61.5
15.5 9.5
15.5 10.5
15.5 11.5
15.5 20.5
15.5 21.5
15.5 22.5
15.5 23.5
15.5 29.5
15.5 30.5
15.5 31.5
15.5 41.5
15.5 42.5
15.5 50.5
15.5 51.5
15.5 59.5
15.5 60.5
15.5 61.5
16.5 10.5
16.5 11.5
16.5 12.5
16.5 15.5
16.5 21.5
16.5 22.5
16.5 23.5
16.5 29.5
16.5 30.5
16.5 39.5
16.5 40.5
16.5 41.5
16.5 49.5
16.5 50.5
16.5 51.5
16.5 55.5
16.5 59.5
16.5 60.5
17.5 5.5
17.5 10.5
17.5 11.5
17.5 12.5
17.5 15.5
17.5 16.5
17.5 22.5
17.5 23.5
17.5 24.5
17.5 28.5
17.5 29.5
17.5 30.5
17.5 38.5
17.5 39.5
17.5 40.5
17.5 46.5
17.5 49.5
17.5 50.5
17.5 54.5
17.5 55.5
17.5 58.5
17.5 59.5
17.5 60.5
17.5 64.5
17.5 65.5
18.5 5.5
18.5 6.5
18.5 11.5
18.5 12.5
18.5 13.5
18.5 16.5
18.5 17.5
18.5 23.5
18.5 24.5
18.5 25.5
18.5 28.5
18.5 29.5
18.5 35.5
18.5 36.5
18.5 38.5
18.5 39.5
18.5 40.5
18.5 45.5
18.5 46.5
18.5 48.5
18.5 49.5
18.5 50.5
18.5 54.5
18.5 55.5
18.5 58.5
18.5 59.5
18.5 64.5
18.5 68.5
19.5 6.5
19.5 7.5
19.5 12.5
19.5 13.5
19.5 16.5
19.5 17.5
19.5 18.5
19.5 24.5
19.5 25.5
19.5 27.5
19.5 28.5
19.5 33.5
19.5 34.5
19.5 35.5
19.5 37.5
19.5 38.5
19.5 44.5
19.5 45.5
19.5 46.5
19.5 48.5
19.5 49.5
19.5 53.5
19.5 54.5
19.5 58.5
19.5 59.5
19.5 63.5
19.5 64.5
20.5 6.5
20.5 7.5
20.5 8.5
20.5 13.5
20.5 17.5
20.5 18.5
20.5 19.5
20.5 27.5
20.5 32.5
20.5 33.5
20.5 34.5
20.5 37.5
20.5 43.5
20.5 44.5
20.5 45.5
20.5 48.5
20.5 53.5
20.5 54.5
20.5 57.5
20.5 58.5
20.5 62.5
20.5 63.5
21.5 7.5
21.5 8.5
21.5 9.5
21.5 18.5
21.5 19.5
21.5 20.5
21.5 31.5
21.5 32.5
21.5 33.5
21.5 42.5
21.5 43.5
21.5 44.5
21.5 52.5
21.5 53.5
21.5 54.5
21.5 62.5
21.5 63.5
22.5 8.5
22.5 9.5
22.5 19.5
22.5 20.5
22.5 21.5
22.5 30.5
22.5 31.5
22.5 32.5
22.5 42.5
22.5 43.5
22.5 52.5
22.5 53.5
22.5 61.5
22.5 62.5
23.5 9.5
23.5 10.5
23.5 20.5
23.5 21.5
23.5 30.5
23.5 31.5
23.5 41.5
23.5 42.5
23.5 52.5
23.5 53.5
23.5 61.5
24.5 9.5
24.5 19.5
24.5 30.5
24.5 31.5
24.5 41.5
24.5 42.5
24.5 52.5
24.5 60.5
24.5 61.5
25.5 8.5
25.5 9.5
25.5 19.5
25.5 20.5
25.5 30.5
25.5 31.5
25.5 32.5
25.5 42.5
25.5 43.5
25.5 52.5
25.5 61.5
25.5 62.5
26.5 8.5
26.5 9.5
26.5 19.5
26.5 20.5
26.5 21.5
26.5 31.5
26.5 32.5
26.5 33.5
26.5 42.5
26.5 43.5
26.5 52.5
26.5 53.5
26.5 61.5
26.5 62.5
26.5 63.5
27.5 8.5
27.5 9.5
27.5 20.5
27.5 21.5
27.5 22.5
27.5 32.5
27.5 33.5
27.5 42.5
27.5 43.5
27.5 44.5
27.5 52.5
27.5 53.5
27.5 62.5
27.5 63.5
27.5 64.5
28.5 7.5
28.5 8.5
28.5 9.5
28.5 21.5
28.5 22.5
28.5 23.5
28.5 27.5
28.5 32.5
28.5 33.5
28.5 34.5
28.5 38.5
28.5 43.5
28.5 44.5
28.5 48.5
28.5 49.5
28.5 53.5
28.5 54.5
28.5 63.5
28.5 64.5
29.5 7.5
29.5 8.5
29.5 9.5
29.5 13.5
29.5 15.5
29.5 16.5
29.5 21.5
29.5 22.5
29.5 23.5
29.5 27.5
29.5 28.5
29.5 33.5
29.5 34.5
29.5 35.5
29.5 38.5
29.5 39.5
29.5 43.5
29.5 44.5
29.5 45.5
29.5 48.5
29.5 49.5
29.5 53.5
29.5 54.5
29.5 56.5
29.5 57.5
29.5 58.5
29.5 64.5
29.5 65.5
30.5 7.5
30.5 8.5
30.5 13.5
30.5 15.5
30.5 16.5
30.5 17.5
30.5 22.5
30.5 23.5
30.5 24.5
30.5 27.5
30.5 28.5
30.5 29.5
30.5 34.5
30.5 35.5
30.5 38.5
30.5 39.5
30.5 44.5
30.5 45.5
30.5 48.5
30.5 49.5
30.5 53.5
30.5 54.5
30.5 57.5
30.5 58.5
30.5 59.5
30.5 65.5
30.5 66.5
31.5 7.5
31.5 8.5
31.5 12.5
31.5 13.5
31.5 16.5
31.5 17.5
31.5 18.5
31.5 23.5
31.5 24.5
31.5 25.5
31.5 28.5
31.5 29.5
31.5 35.5
31.5 36.5
31.5 39.5
31.5 40.5
31.5 44.5
31.5 45.5
31.5 48.5
31.5 49.5
31.5 50.5
31.5 54.5
31.5 58.5
31.5 59.5
31.5 60.5
31.5 66.5
32.5 7.5
32.5 8.5
32.5 12.5
32.5 13.5
32.5 17.5
32.5 18.5
32.5 24.5
32.5 25.5
32.5 28.5
32.5 29.5
32.5 30.5
32.5 36.5
32.5 39.5
32.5 40.5
32.5 45.5
32.5 49.5
32.5 50.5
32.5 59.5
32.5 60.5
32.5 61.5
33.5 7.5
33.5 11.5
33.5 12.5
33.5 17.5
33.5 18.5
33.5 19.5
33.5 29.5
33.5 30.5
33.5 31.5
33.5 39.5
33.5 40.5
33.5 41.5
33.5 49.5
33.5 50.5
33.5 60.5
33.5 61.5
33.5 62.5
34.5 7.5
34.5 11.5
34.5 12.5
34.5 18.5
34.5 19.5
34.5 20.5
34.5 30.5
34.5 31.5
34.5 40.5
34.5 41.5
34.5 49.5
34.5 50.5
34.5 61.5
34.5 62.5
34.5 63.5
35.5 11.5
35.5 12.5
35.5 19.5
35.5 20.5
35.5 30.5
35.5 31.5
35.5 32.5
35.5 41.5
35.5 50.5
35.5 63.5
36.5 11.5
36.5 19.5
36.5 20.5
36.5 21.5
36.5 31.5
36.5 32.5
36.5 40.5
36.5 41.5
36.5 42.5
36.5 50.5
36.5 51.5
36.5 59.5
36.5 60.5
37.5 10.5
37.5 11.5
37.5 20.5
37.5 21.5
37.5 30.5
37.5 31.5
37.5 32.5
37.5 40.5
37.5 41.5
37.5 42.5
37.5 50.5
37.5 51.5
37.5 60.5
37.5 61.5
38.5 10.5
38.5 19.5
38.5 20.5
38.5 30.5
38.5 31.5
38.5 32.5
38.5 41.5
38.5 42.5
38.5 49.5
38.5 50.5
38.5 60.5
38.5 61.5
38.5 62.5
39.5 10.5
39.5 11.5
39.5 19.5
39.5 20.5
39.5 21.5
39.5 31.5
39.5 32.5
39.5 41.5
39.5 42.5
39.5 49.5
39.5 50.5
39.5 61.5
39.5 62.5
39.5 63.5
40.5 11.5
40.5 20.5
40.5 21.5
40.5 22.5
40.5 31.5
40.5 32.5
40.5 33.5
40.5 37.5
40.5 42.5
40.5 43.5
40.5 48.5
40.5 49.5
40.5 53.5
40.5 54.5
40.5 56.5
40.5 61.5
40.5 62.5
40.5 63.5
40.5 64.5
41.5 11.5
41.5 12.5
41.5 20.5
41.5 21.5
41.5 22.5
41.5 26.5
41.5 32.5
41.5 33.5
41.5 34.5
41.5 37.5
41.5 38.5
41.5 42.5
41.5 43.5
41.5 48.5
41.5 49.5
41.5 53.5
41.5 54.5
41.5 56.5
41.5 57.5
41.5 62.5
41.5 63.5
41.5 64.5
42.5 6.5
42.5 12.5
42.5 13.5
42.5 16.5
42.5 21.5
42.5 22.5
42.5 23.5
42.5 26.5
42.5 27.5
42.5 32.5
42.5 33.5
42.5 34.5
42.5 37.5
42.5 38.5
42.5 39.5
42.5 43.5
42.5 44.5
42.5 47.5
42.5 48.5
42.5 52.5
42.5 53.5
42.5 56.5
42.5 57.5
42.5 58.5
42.5 63.5
42.5 64.5
42.5 65.5
43.5 6.5
43.5 7.5
43.5 8.5
43.5 12.5
43.5 13.5
43.5 16.5
43.5 17.5
43.5 22.5
43.5 23.5
43.5 24.5
43.5 27.5
43.5 28.5
43.5 33.5
43.5 34.5
43.5 35.5
43.5 38.5
43.5 39.5
43.5 44.5
43.5 47.5
43.5 52.5
43.5 53.5
43.5 57.5
43.5 58.5
43.5 64.5
43.5 65.5
44.5 7.5
44.5 8.5
44.5 9.5
44.5 13.5
44.5 14.5
44.5 16.5
44.5 17.5
44.5 18.5
44.5 23.5
44.5 24.5
44.5 27.5
44.5 28.5
44.5 29.5
44.5 34.5
44.5 35.5
44.5 38.5
44.5 39.5
44.5 40.5
44.5 44.5
44.5 45.5
44.5 46.5
44.5 47.5
44.5 51.5
44.5 52.5
44.5 53.5
44.5 57.5
44.5 58.5
44.5 59.5
44.5 65.5
44.5 66.5
45.5 8.5
45.5 9.5
45.5 14.5
45.5 17.5
45.5 18.5
45.5 19.5
45.5 24.5
45.5 28.5
45.5 29.5
45.5 30.5
45.5 35.5
45.5 39.5
45.5 40.5
45.5 51.5
45.5 52.5
45.5 58.5
45.5 59.5
45.5 60.5
46.5 9.5
46.5 10.5
46.5 18.5
46.5 19.5
46.5 28.5
46.5 29.5
46.5 30.5
46.5 39.5
46.5 40.5
46.5 41.5
46.5 51.5
46.5 52.5
46.5 59.5
46.5 60.5
47.5 10.5
47.5 11.5
47.5 19.5
47.5 20.5
47.5 29.5
47.5 30.5
47.5 31.5
47.5 40.5
47.5 41.5
47.5 50.5
47.5 51.5
47.5 59.5
47.5 60.5
48.5 11.5
48.5 20.5
48.5 21.5
48.5 30.5
48.5 31.5
48.5 41.5
48.5 50.5
48.5 51.5
48.5 60.5
48.5 61.5
48.5 68.5
49.5 10.5
49.5 11.5
49.5 21.5
49.5 31.5
49.5 40.5
49.5 41.5
49.5 50.5
49.5 51.5
49.5 59.5
49.5 61.5
49.5 68.5
50.5 9.5
50.5 10.5
50.5 20.5
50.5 21.5
50.5 29.5
50.5 30.5
50.5 40.5
50.5 41.5
50.5 50.5
50.5 51.5
50.5 60.5
50.5 61.5
51.5 8.5
51.5 9.5
51.5 10.5
51.5 19.5
51.5 20.5
51.5 30.5
51.5 31.5
51.5 40.5
51.5 41.5
51.5 42.5
51.5 49.5
51.5 50.5
51.5 51.5
51.5 60.5
51.5 61.5
52.5 8.5
52.5 9.5
52.5 10.5
52.5 19.5
52.5 20.5
52.5 30.5
52.5 31.5
52.5 32.5
52.5 41.5
52.5 42.5
52.5 43.5
52.5 48.5
52.5 49.5
52.5 50.5
52.5 61.5
52.5 62.5
53.5 7.5
53.5 8.5
53.5 9.5
53.5 14.5
53.5 18.5
53.5 19.5
53.5 20.5
53.5 31.5
53.5 32.5
53.5 33.5
53.5 37.5
53.5 41.5
53.5 42.5
53.5 43.5
53.5 48.5
53.5 49.5
53.5 61.5
53.5 62.5
53.5 63.5
54.5 7.5
54.5 8.5
54.5 13.5
54.5 14.5
54.5 18.5
54.5 19.5
54.5 24.5
54.5 25.5
54.5 26.5
54.5 32.5
54.5 33.5
54.5 34.5
54.5 37.5
54.5 38.5
54.5 42.5
54.5 43.5
54.5 44.5
54.5 47.5
54.5 48.5
54.5 49.5
54.5 54.5
54.5 55.5
54.5 56.5
54.5 57.5
54.5 62.5
54.5 63.5
54.5 64.5
55.5 6.5
55.5 7.5
55.5 13.5
55.5 14.5
55.5 18.5
55.5 19.5
55.5 23.5
55.5 26.5
55.5 27.5
55.5 33.5
55.5 34.5
55.5 37.5
55.5 38.5
55.5 43.5
55.5 44.5
55.5 47.5
55.5 48.5
55.5 53.5
55.5 54.5
55.5 57.5
55.5 58.5
55.5 63.5
55.5 64.5
56.5 6.5
56.5 7.5
56.5 12.5
56.5 13.5
56.5 14.5
56.5 17.5
56.5 18.5
56.5 22.5
56.5 23.5
56.5 26.5
56.5 27.5
56.5 28.5
56.5 34.5
56.5 35.5
56.5 38.5
56.5 39.5
56.5 44.5
56.5 46.5
56.5 47.5
56.5 52.5
56.5 53.5
56.5 54.5
56.5 57.5
56.5 58.5
56.5 59.5
56.5 64.5
56.5 65.5
57.5 11.5
57.5 12.5
57.5 13.5
57.5 17.5
57.5 18.5
57.5 22.5
57.5 23.5
57.5 27.5
57.5 28.5
57.5 29.5
57.5 35.5
57.5 38.5
57.5 39.5
57.5 40.5
57.5 51.5
57.5 52.5
57.5 53.5
57.5 58.5
57.5 59.5
57.5 60.5
57.5 68.5
58.5 11.5
58.5 12.5
58.5 13.5
58.5 17.5
58.5 21.5
58.5 22.5
58.5 27.5
58.5 28.5
58.5 29.5
58.5 30.5
58.5 39.5
58.5 40.5
58.5 51.5
58.5 52.5
58.5 58.5
58.5 59.5
58.5 60.5
58.5 68.5
59.5 11.5
59.5 12.5
59.5 21.5
59.5 22.5
59.5 28.5
59.5 29.5
59.5 30.5
59.5 31.5
59.5 40.5
59.5 41.5
59.5 50.5
59.5 51.5
59.5 52.5
59.5 59.5
59.5 60.5
59.5 61.5
60.5 10.5
60.5 11.5
60.5 12.5
60.5 21.5
60.5 29.5
60.5 30.5
60.5 31.5
60.5 40.5
60.5 41.5
60.5 49.5
60.5 50.5
60.5 51.5
60.5 60.5
60.5 61.5
61.5 10.5
61.5 11.5
61.5 20.5
61.5 21.5
61.5 30.5
61.5 31.5
61.5 41.5
61.5 49.5
61.5 50.5
61.5 61.5
