1.5 11.5
1.5 22.5
1.5 34.5
1.5 47.5
2.5 12.5
2.5 21.5
2.5 33.5
2.5 46.5
3.5 13.5
3.5 20.5
3.5 32.5
3.5 45.5
3.5 61.5
4.5 14.5
4.5 19.5
4.5 31.5
4.5 39.5
4.5 44.5
4.5 63.5
5.5 8.5
5.5 15.5
5.5 18.5
5.5 27.5
5.5 30.5
5.5 38.5
5.5 55.5
6.5 9.5
6.5 25.5
6.5 26.5
6.5 38.5
6.5 51.5
6.5 56.5
6.5 57.5
7.5 10.5
7.5 24.5
7.5 37.5
7.5 50.5
7.5 58.5
8.5 11.5
8.5 23.5
8.5 36.5
8.5 49.5
8.5 59.5
9.5 48.5
10.5 47.5
12.5 11.5
12.5 23.5
13.5 12.5
13.5 21.5
13.5 22.5
13.5 36.5
13.5 48.5
13.5 60.5
14.5 13.5
14.5 19.5
14.5 20.5
14.5 34.5
14.5 45.5
14.5 46.5
14.5 62.5
15.5 14.5
15.5 18.5
15.5 32.5
15.5 33.5
15.5 43.5
15.5 44.5
15.5 63.5
15.5 64.5
16.5 8.5
16.5 28.5
16.5 39.5
17.5 9.5
17.5 25.5
17.5 26.5
17.5 38.5
17.5 51.5
17.5 56.5
18.5 10.5
18.5 22.5
18.5 23.5
18.5 37.5
18.5 48.5
18.5 49.5
18.5 57.5
18.5 58.5
19.5 59.5
21.5 10.5
22.5 9.5
22.5 37.5
23.5 7.5
23.5 8.5
23.5 23.5
23.5 24.5
23.5 38.5
23.5 47.5
23.5 59.5
24.5 6.5
24.5 25.5
24.5 26.5
24.5 39.5
24.5 45.5
24.5 57.5
25.5 5.5
25.5 18.5
25.5 43.5
25.5 56.5
26.5 19.5
26.5 31.5
26.5 32.5
26.5 52.5
26.5 63.5
27.5 12.5
27.5 13.5
27.5 14.5
27.5 20.5
27.5 33.5
27.5 34.5
27.5 50.5
27.5 61.5
28.5 9.5
28.5 10.5
28.5 11.5
28.5 21.5
28.5 36.5
28.5 48.5
28.5 59.5
29.5 22.5
30.5 23.5
32.5 36.5
32.5 48.5
32.5 60.5
32.5 68.5
33.5 11.5
33.5 12.5
33.5 34.5
33.5 35.5
33.5 49.5
33.5 61.5
33.5 62.5
34.5 7.5
34.5 8.5
34.5 9.5
34.5 22.5
34.5 32.5
34.5 33.5
34.5 50.5
34.5 63.5
35.5 21.5
35.5 31.5
35.5 51.5
35.5 64.5
36.5 20.5
36.5 27.5
36.5 44.5
36.5 56.5
37.5 15.5
37.5 16.5
37.5 19.5
37.5 26.5
37.5 39.5
37.5 45.5
37.5 57.5
38.5 12.5
38.5 13.5
38.5 24.5
38.5 25.5
38.5 38.5
38.5 46.5
38.5 58.5
39.5 23.5
39.5 37.5
39.5 47.5
39.5 59.5
40.5 36.5
43.5 11.5
43.5 24.5
43.5 58.5
44.5 9.5
44.5 10.5
44.5 25.5
44.5 26.5
44.5 38.5
44.5 46.5
44.5 57.5
44.5 68.5
45.5 7.5
45.5 8.5
45.5 27.5
45.5 39.5
45.5 45.5
45.5 56.5
46.5 6.5
46.5 16.5
46.5 19.5
46.5 32.5
46.5 40.5
46.5 51.5
46.5 63.5
47.5 14.5
47.5 21.5
47.5 33.5
47.5 50.5
47.5 62.5
48.5 13.5
48.5 22.5
48.5 35.5
48.5 49.5
48.5 60.5
49.5 23.5
49.5 36.5
49.5 59.5
52.5 24.5
52.5 47.5
53.5 11.5
53.5 22.5
53.5 35.5
53.5 48.5
53.5 60.5
54.5 13.5
54.5 21.5
54.5 33.5
54.5 34.5
54.5 49.5
54.5 61.5
55.5 14.5
55.5 19.5
55.5 31.5
55.5 32.5
55.5 50.5
55.5 62.5
56.5 18.5
56.5 27.5
56.5 40.5
56.5 43.5
56.5 51.5
56.5 63.5
57.5 7.5
57.5 25.5
57.5 26.5
57.5 38.5
57.5 44.5
57.5 56.5
57.5 64.5
58.5 8.5
58.5 23.5
58.5 24.5
58.5 37.5
58.5 45.5
58.5 57.5
59.5 9.5
59.5 10.5
59.5 36.5
59.5 46.5
59.5 47.5
59.5 58.5
60.5 11.5
