1.5 9.5
1.5 19.5
1.5 30.5
1.5 51.5
1.5 61.5
2.5 9.5
2.5 10.5
2.5 18.5
2.5 19.5
2.5 29.5
2.5 30.5
2.5 41.5
2.5 51.5
2.5 52.5
2.5 61.5
2.5 62.5
3.5 9.5
3.5 10.5
3.5 18.5
3.5 19.5
3.5 29.5
3.5 30.5
3.5 41.5
3.5 51.5
3.5 52.5
3.5 62.5
4.5 9.5
4.5 10.5
4.5 17.5
4.5 18.5
4.5 29.5
4.5 30.5
4.5 41.5
4.5 42.5
4.5 52.5
4.5 62.5
4.5 63.5
5.5 10.5
5.5 11.5
5.5 17.5
5.5 18.5
5.5 28.5
5.5 29.5
5.5 30.5
5.5 41.5
5.5 42.5
5.5 52.5
5.5 53.5
5.5 62.5
5.5 63.5
6.5 10.5
6.5 11.5
6.5 17.5
6.5 18.5
6.5 28.5
6.5 29.5
6.5 41.5
6.5 42.5
6.5 43.5
6.5 52.5
6.5 53.5
6.5 62.5
6.5 63.5
6.5 68.5
7.5 10.5
7.5 11.5
7.5 16.5
7.5 17.5
7.5 28.5
7.5 29.5
7.5 42.5
7.5 43.5
7.5 52.5
7.5 53.5
7.5 62.5
7.5 63.5
8.5 6.5
8.5 10.5
8.5 11.5
8.5 16.5
8.5 17.5
8.5 22.5
8.5 23.5
8.5 28.5
8.5 29.5
8.5 34.5
8.5 37.5
8.5 42.5
8.5 43.5
8.5 44.5
8.5 52.5
8.5 53.5
8.5 58.5
8.5 63.5
8.5 64.5
9.5 6.5
9.5 11.5
9.5 12.5
9.5 16.5
9.5 17.5
9.5 22.5
9.5 23.5
9.5 27.5
9.5 28.5
9.5 29.5
9.5 34.5
9.5 37.5
9.5 43.5
9.5 44.5
9.5 48.5
9.5 53.5
9.5 54.5
9.5 58.5
9.5 63.5
9.5 64.5
10.5 6.5
10.5 7.5
10.5 11.5
10.5 12.5
10.5 16.5
10.5 21.5
10.5 22.5
10.5 27.5
10.5 28.5
10.5 29.5
10.5 33.5
10.5 34.5
10.5 37.5
10.5 38.5
10.5 43.5
10.5 44.5
10.5 48.5
10.5 53.5
10.5 54.5
10.5 58.5
10.5 59.5
10.5 63.5
10.5 64.5
11.5 7.5
11.5 11.5
11.5 12.5
11.5 15.5
11.5 16.5
11.5 21.5
11.5 22.5
11.5 27.5
11.5 28.5
11.5 33.5
11.5 37.5
11.5 38.5
11.5 44.5
11.5 48.5
11.5 49.5
11.5 53.5
11.5 54.5
11.5 58.5
11.5 59.5
11.5 64.5
12.5 7.5
12.5 8.5
12.5 12.5
12.5 15.5
12.5 21.5
12.5 22.5
12.5 27.5
12.5 28.5
12.5 32.5
12.5 33.5
12.5 38.5
12.5 39.5
12.5 44.5
12.5 45.5
12.5 48.5
12.5 49.5
12.5 53.5
12.5 54.5
12.5 58.5
12.5 59.5
12.5 60.5
12.5 64.5
13.5 7.5
13.5 8.5
13.5 20.5
13.5 21.5
13.5 22.5
13.5 27.5
13.5 28.5
13.5 32.5
13.5 33.5
13.5 38.5
13.5 39.5
13.5 45.5
13.5 49.5
13.5 54.5
13.5 59.5
13.5 60.5
14.5 7.5
14.5 8.5
14.5 20.5
14.5 21.5
14.5 22.5
14.5 27.5
14.5 32.5
14.5 33.5
14.5 38.5
14.5 39.5
14.5 40.5
14.5 49.5
14.5 50.5
14.5 54.5
14.5 59.5
14.5 60.5
15.5 8.5
15.5 9.5
15.5 20.5
15.5 21.5
15.5 22.5
15.5 31.5
15.5 32.5
15.5 39.5
15.5 40.5
15.5 49.5
15.5 50.5
15.5 59.5
15.5 60.5
16.5 8.5
16.5 9.5
16.5 20.5
16.5 21.5
16.5 31.5
16.5 32.5
16.5 39.5
16.5 40.5
16.5 50.5
16.5 59.5
16.5 60.5
16.5 68.5
17.5 9.5
17.5 20.5
17.5 21.5
17.5 31.5
17.5 32.5
17.5 39.5
17.5 40.5
17.5 41.5
17.5 50.5
17.5 51.5
17.5 60.5
17.5 61.5
18.5 9.5
18.5 20.5
18.5 21.5
18.5 31.5
18.5 40.5
18.5 41.5
18.5 50.5
18.5 51.5
18.5 60.5
18.5 61.5
19.5 20.5
19.5 31.5
19.5 40.5
19.5 41.5
19.5 51.5
19.5 60.5
19.5 61.5
20.5 10.5
20.5 20.5
20.5 30.5
20.5 31.5
20.5 41.5
20.5 51.5
20.5 61.5
21.5 10.5
21.5 19.5
21.5 30.5
21.5 41.5
21.5 51.5
21.5 61.5
22.5 10.5
22.5 19.5
22.5 30.5
22.5 41.5
22.5 51.5
22.5 61.5
23.5 10.5
23.5 11.5
23.5 18.5
23.5 19.5
23.5 30.5
23.5 31.5
23.5 41.5
23.5 42.5
23.5 50.5
23.5 51.5
23.5 61.5
23.5 62.5
24.5 10.5
24.5 11.5
24.5 18.5
24.5 19.5
24.5 31.5
24.5 41.5
24.5 42.5
24.5 50.5
24.5 51.5
24.5 61.5
24.5 62.5
25.5 10.5
25.5 11.5
25.5 17.5
25.5 18.5
25.5 19.5
25.5 31.5
25.5 32.5
25.5 41.5
25.5 42.5
25.5 43.5
25.5 50.5
25.5 61.5
25.5 62.5
26.5 11.5
26.5 17.5
26.5 18.5
26.5 19.5
26.5 31.5
26.5 32.5
26.5 42.5
26.5 43.5
26.5 49.5
26.5 50.5
26.5 61.5
26.5 62.5
27.5 11.5
27.5 17.5
27.5 18.5
27.5 19.5
27.5 31.5
27.5 32.5
27.5 42.5
27.5 43.5
27.5 44.5
27.5 49.5
27.5 50.5
27.5 61.5
27.5 62.5
27.5 63.5
28.5 7.5
28.5 11.5
28.5 12.5
28.5 17.5
28.5 18.5
28.5 32.5
28.5 33.5
28.5 37.5
28.5 43.5
28.5 44.5
28.5 49.5
28.5 50.5
28.5 54.5
28.5 57.5
28.5 62.5
28.5 63.5
29.5 7.5
29.5 11.5
29.5 12.5
29.5 16.5
29.5 17.5
29.5 18.5
29.5 23.5
29.5 24.5
29.5 27.5
29.5 32.5
29.5 33.5
29.5 37.5
29.5 38.5
29.5 43.5
29.5 44.5
29.5 49.5
29.5 50.5
29.5 54.5
29.5 57.5
29.5 62.5
29.5 63.5
30.5 7.5
30.5 8.5
30.5 12.5
30.5 16.5
30.5 17.5
30.5 18.5
30.5 23.5
30.5 27.5
30.5 28.5
30.5 32.5
30.5 33.5
30.5 37.5
30.5 38.5
30.5 43.5
30.5 44.5
30.5 45.5
30.5 49.5
30.5 53.5
30.5 54.5
30.5 57.5
30.5 58.5
30.5 62.5
30.5 63.5
31.5 7.5
31.5 8.5
31.5 12.5
31.5 16.5
31.5 17.5
31.5 22.5
31.5 23.5
31.5 27.5
31.5 28.5
31.5 33.5
31.5 37.5
31.5 38.5
31.5 39.5
31.5 44.5
31.5 45.5
31.5 49.5
31.5 53.5
31.5 54.5
31.5 57.5
31.5 58.5
31.5 62.5
31.5 63.5
32.5 7.5
32.5 8.5
32.5 12.5
32.5 16.5
32.5 17.5
32.5 22.5
32.5 23.5
32.5 27.5
32.5 28.5
32.5 33.5
32.5 34.5
32.5 38.5
32.5 39.5
32.5 44.5
32.5 45.5
32.5 49.5
32.5 53.5
32.5 54.5
32.5 58.5
32.5 63.5
33.5 7.5
33.5 8.5
33.5 16.5
33.5 21.5
33.5 22.5
33.5 23.5
33.5 27.5
33.5 28.5
33.5 29.5
33.5 33.5
33.5 34.5
33.5 38.5
33.5 39.5
33.5 40.5
33.5 45.5
33.5 53.5
33.5 58.5
33.5 59.5
33.5 63.5
34.5 7.5
34.5 8.5
34.5 21.5
34.5 22.5
34.5 28.5
34.5 29.5
34.5 34.5
34.5 38.5
34.5 39.5
34.5 40.5
34.5 52.5
34.5 53.5
34.5 58.5
34.5 59.5
35.5 8.5
35.5 9.5
35.5 21.5
35.5 22.5
35.5 28.5
35.5 29.5
35.5 39.5
35.5 40.5
35.5 52.5
35.5 53.5
35.5 58.5
35.5 59.5
36.5 8.5
36.5 9.5
36.5 20.5
36.5 21.5
36.5 28.5
36.5 29.5
36.5 39.5
36.5 40.5
36.5 41.5
36.5 52.5
36.5 53.5
36.5 58.5
36.5 59.5
37.5 8.5
37.5 9.5
37.5 20.5
37.5 21.5
37.5 28.5
37.5 29.5
37.5 30.5
37.5 40.5
37.5 41.5
37.5 52.5
37.5 53.5
37.5 59.5
38.5 9.5
38.5 20.5
38.5 29.5
38.5 30.5
38.5 40.5
38.5 41.5
38.5 52.5
38.5 53.5
38.5 59.5
38.5 60.5
39.5 9.5
39.5 19.5
39.5 20.5
39.5 29.5
39.5 30.5
39.5 41.5
39.5 42.5
39.5 52.5
39.5 59.5
39.5 60.5
40.5 9.5
40.5 19.5
40.5 30.5
40.5 42.5
40.5 52.5
40.5 60.5
41.5 9.5
41.5 19.5
41.5 30.5
41.5 41.5
41.5 52.5
41.5 60.5
42.5 9.5
42.5 19.5
42.5 30.5
42.5 41.5
42.5 42.5
42.5 51.5
43.5 9.5
43.5 19.5
43.5 30.5
43.5 41.5
43.5 42.5
43.5 51.5
43.5 60.5
44.5 8.5
44.5 9.5
44.5 18.5
44.5 19.5
44.5 29.5
44.5 30.5
44.5 41.5
44.5 42.5
44.5 43.5
44.5 50.5
44.5 51.5
44.5 60.5
45.5 8.5
45.5 9.5
45.5 18.5
45.5 19.5
45.5 29.5
45.5 30.5
45.5 42.5
45.5 43.5
45.5 50.5
45.5 51.5
45.5 60.5
46.5 8.5
46.5 9.5
46.5 18.5
46.5 19.5
46.5 28.5
46.5 29.5
46.5 30.5
46.5 42.5
46.5 43.5
46.5 50.5
46.5 59.5
46.5 60.5
47.5 8.5
47.5 9.5
47.5 18.5
47.5 19.5
47.5 28.5
47.5 29.5
47.5 37.5
47.5 42.5
47.5 43.5
47.5 44.5
47.5 49.5
47.5 50.5
47.5 59.5
47.5 60.5
48.5 7.5
48.5 8.5
48.5 13.5
48.5 18.5
48.5 19.5
48.5 28.5
48.5 29.5
48.5 34.5
48.5 37.5
48.5 42.5
48.5 43.5
48.5 44.5
48.5 49.5
48.5 50.5
48.5 59.5
48.5 60.5
49.5 7.5
49.5 8.5
49.5 13.5
49.5 17.5
49.5 18.5
49.5 19.5
49.5 24.5
49.5 28.5
49.5 29.5
49.5 33.5
49.5 34.5
49.5 37.5
49.5 38.5
49.5 43.5
49.5 44.5
49.5 49.5
49.5 50.5
49.5 54.5
49.5 59.5
49.5 63.5
50.5 7.5
50.5 8.5
50.5 12.5
50.5 13.5
50.5 17.5
50.5 18.5
50.5 23.5
50.5 24.5
50.5 28.5
50.5 29.5
50.5 33.5
50.5 37.5
50.5 38.5
50.5 43.5
50.5 44.5
50.5 48.5
50.5 49.5
50.5 54.5
50.5 55.5
50.5 59.5
50.5 63.5
51.5 7.5
51.5 8.5
51.5 12.5
51.5 13.5
51.5 17.5
51.5 18.5
51.5 23.5
51.5 27.5
51.5 28.5
51.5 33.5
51.5 37.5
51.5 38.5
51.5 39.5
51.5 44.5
51.5 45.5
51.5 48.5
51.5 49.5
51.5 53.5
51.5 54.5
51.5 58.5
51.5 59.5
51.5 63.5
52.5 7.5
52.5 12.5
52.5 13.5
52.5 17.5
52.5 18.5
52.5 23.5
52.5 27.5
52.5 28.5
52.5 32.5
52.5 33.5
52.5 38.5
52.5 39.5
52.5 44.5
52.5 45.5
52.5 48.5
52.5 53.5
52.5 54.5
52.5 58.5
52.5 59.5
52.5 63.5
53.5 7.5
53.5 12.5
53.5 13.5
53.5 17.5
53.5 18.5
53.5 22.5
53.5 23.5
53.5 27.5
53.5 32.5
53.5 33.5
53.5 38.5
53.5 39.5
53.5 48.5
53.5 53.5
53.5 54.5
53.5 58.5
53.5 62.5
53.5 63.5
54.5 7.5
54.5 11.5
54.5 12.5
54.5 13.5
54.5 17.5
54.5 22.5
54.5 23.5
54.5 27.5
54.5 32.5
54.5 33.5
54.5 38.5
54.5 39.5
54.5 40.5
54.5 52.5
54.5 53.5
54.5 54.5
54.5 58.5
54.5 62.5
54.5 63.5
55.5 11.5
55.5 12.5
55.5 22.5
55.5 23.5
55.5 32.5
55.5 38.5
55.5 39.5
55.5 40.5
55.5 52.5
55.5 53.5
55.5 54.5
55.5 62.5
55.5 63.5
56.5 11.5
56.5 12.5
56.5 22.5
56.5 23.5
56.5 31.5
56.5 32.5
56.5 39.5
56.5 40.5
56.5 52.5
56.5 53.5
56.5 62.5
56.5 63.5
57.5 11.5
57.5 12.5
57.5 21.5
57.5 22.5
57.5 31.5
57.5 32.5
57.5 39.5
57.5 40.5
57.5 52.5
57.5 53.5
57.5 62.5
57.5 63.5
58.5 11.5
58.5 12.5
58.5 21.5
58.5 22.5
58.5 31.5
58.5 32.5
58.5 39.5
58.5 40.5
58.5 52.5
58.5 62.5
58.5 63.5
58.5 68.5
59.5 11.5
59.5 12.5
59.5 21.5
59.5 22.5
59.5 31.5
59.5 40.5
59.5 52.5
59.5 62.5
60.5 11.5
60.5 21.5
60.5 31.5
60.5 40.5
60.5 62.5
61.5 11.5
61.5 21.5
61.5 62.5
