1.5 46.5
1.5 58.5
1.5 59.5
2.5 12.5
2.5 44.5
2.5 45.5
2.5 59.5
3.5 12.5
3.5 13.5
3.5 27.5
3.5 28.5
3.5 43.5
3.5 44.5
3.5 59.5
3.5 60.5
4.5 13.5
4.5 14.5
4.5 28.5
4.5 29.5
4.5 30.5
4.5 41.5
4.5 42.5
4.5 43.5
4.5 60.5
5.5 14.5
5.5 15.5
5.5 30.5
5.5 31.5
5.5 40.5
5.5 41.5
5.5 60.5
5.5 61.5
6.5 15.5
6.5 16.5
6.5 31.5
6.5 32.5
6.5 33.5
6.5 39.5
6.5 40.5
6.5 51.5
6.5 52.5
6.5 54.5
6.5 61.5
7.5 7.5
7.5 8.5
7.5 16.5
7.5 17.5
7.5 33.5
7.5 34.5
7.5 37.5
7.5 38.5
7.5 49.5
7.5 50.5
7.5 51.5
7.5 54.5
7.5 55.5
7.5 61.5
7.5 62.5
8.5 8.5
8.5 9.5
8.5 18.5
8.5 21.5
8.5 22.5
8.5 34.5
8.5 35.5
8.5 36.5
8.5 37.5
8.5 48.5
8.5 49.5
8.5 55.5
8.5 62.5
9.5 8.5
9.5 9.5
9.5 10.5
9.5 19.5
9.5 23.5
9.5 24.5
9.5 46.5
9.5 47.5
9.5 48.5
9.5 55.5
9.5 56.5
9.5 63.5
10.5 9.5
10.5 10.5
10.5 20.5
10.5 24.5
10.5 25.5
10.5 26.5
10.5 45.5
10.5 46.5
10.5 47.5
10.5 56.5
10.5 63.5
11.5 10.5
11.5 11.5
11.5 26.5
11.5 27.5
11.5 28.5
11.5 44.5
11.5 45.5
11.5 46.5
11.5 56.5
11.5 57.5
12.5 11.5
12.5 12.5
12.5 28.5
12.5 29.5
12.5 43.5
12.5 44.5
12.5 57.5
13.5 12.5
13.5 13.5
13.5 30.5
13.5 42.5
13.5 58.5
14.5 13.5
14.5 58.5
15.5 14.5
15.5 26.5
15.5 57.5
16.5 26.5
16.5 27.5
16.5 45.5
16.5 46.5
17.5 11.5
17.5 12.5
17.5 27.5
17.5 28.5
17.5 43.5
17.5 44.5
17.5 45.5
17.5 58.5
18.5 12.5
18.5 13.5
18.5 28.5
18.5 29.5
18.5 42.5
18.5 43.5
18.5 44.5
18.5 59.5
19.5 13.5
19.5 14.5
19.5 29.5
19.5 30.5
19.5 41.5
19.5 42.5
19.5 43.5
19.5 59.5
20.5 14.5
20.5 15.5
20.5 30.5
20.5 31.5
20.5 40.5
20.5 41.5
20.5 60.5
21.5 15.5
21.5 16.5
21.5 17.5
21.5 21.5
21.5 31.5
21.5 32.5
21.5 39.5
21.5 40.5
21.5 51.5
21.5 54.5
21.5 60.5
21.5 61.5
22.5 6.5
22.5 7.5
22.5 17.5
22.5 18.5
22.5 22.5
22.5 32.5
22.5 33.5
22.5 38.5
22.5 39.5
22.5 50.5
22.5 54.5
22.5 61.5
23.5 7.5
23.5 8.5
23.5 18.5
23.5 19.5
23.5 23.5
23.5 24.5
23.5 33.5
23.5 34.5
23.5 37.5
23.5 48.5
23.5 49.5
23.5 50.5
23.5 54.5
23.5 55.5
23.5 61.5
23.5 62.5
24.5 8.5
24.5 9.5
24.5 24.5
24.5 25.5
24.5 34.5
24.5 36.5
24.5 47.5
24.5 48.5
24.5 49.5
24.5 55.5
24.5 62.5
25.5 9.5
25.5 10.5
25.5 25.5
25.5 26.5
25.5 46.5
25.5 47.5
25.5 48.5
25.5 55.5
25.5 56.5
26.5 10.5
26.5 11.5
26.5 26.5
26.5 27.5
26.5 45.5
26.5 46.5
26.5 47.5
26.5 56.5
27.5 11.5
27.5 12.5
27.5 27.5
27.5 28.5
27.5 44.5
27.5 45.5
27.5 56.5
27.5 57.5
28.5 12.5
28.5 13.5
28.5 28.5
28.5 29.5
28.5 43.5
28.5 44.5
28.5 57.5
29.5 13.5
29.5 14.5
29.5 42.5
29.5 43.5
29.5 57.5
29.5 58.5
30.5 29.5
30.5 42.5
30.5 58.5
31.5 15.5
31.5 28.5
31.5 29.5
31.5 58.5
32.5 14.5
32.5 28.5
32.5 41.5
32.5 42.5
32.5 57.5
33.5 13.5
33.5 27.5
33.5 28.5
33.5 42.5
33.5 43.5
33.5 57.5
33.5 58.5
34.5 12.5
34.5 13.5
34.5 26.5
34.5 27.5
34.5 43.5
34.5 44.5
34.5 58.5
34.5 59.5
35.5 11.5
35.5 12.5
35.5 25.5
35.5 26.5
35.5 44.5
35.5 45.5
35.5 59.5
35.5 60.5
36.5 10.5
36.5 11.5
36.5 19.5
36.5 20.5
36.5 25.5
36.5 26.5
36.5 34.5
36.5 36.5
36.5 37.5
36.5 45.5
36.5 46.5
36.5 60.5
36.5 61.5
37.5 9.5
37.5 10.5
37.5 18.5
37.5 19.5
37.5 24.5
37.5 25.5
37.5 33.5
37.5 37.5
37.5 38.5
37.5 46.5
37.5 47.5
37.5 61.5
37.5 62.5
38.5 8.5
38.5 9.5
38.5 17.5
38.5 18.5
38.5 24.5
38.5 32.5
38.5 33.5
38.5 38.5
38.5 47.5
38.5 48.5
38.5 51.5
38.5 52.5
38.5 63.5
39.5 7.5
39.5 8.5
39.5 17.5
39.5 18.5
39.5 23.5
39.5 32.5
39.5 38.5
39.5 39.5
39.5 49.5
39.5 53.5
39.5 54.5
39.5 64.5
40.5 16.5
40.5 17.5
40.5 23.5
40.5 31.5
40.5 32.5
40.5 39.5
40.5 40.5
40.5 50.5
40.5 54.5
40.5 55.5
40.5 56.5
41.5 15.5
41.5 16.5
41.5 30.5
41.5 31.5
41.5 40.5
41.5 41.5
41.5 55.5
41.5 56.5
41.5 57.5
42.5 14.5
42.5 15.5
42.5 30.5
42.5 41.5
42.5 42.5
42.5 57.5
42.5 58.5
42.5 59.5
43.5 14.5
43.5 15.5
43.5 29.5
43.5 30.5
43.5 42.5
43.5 43.5
43.5 59.5
43.5 60.5
44.5 13.5
44.5 14.5
44.5 28.5
44.5 29.5
44.5 43.5
45.5 13.5
45.5 28.5
45.5 44.5
46.5 60.5
47.5 13.5
47.5 30.5
47.5 41.5
47.5 42.5
47.5 58.5
47.5 59.5
48.5 13.5
48.5 14.5
48.5 29.5
48.5 42.5
48.5 43.5
48.5 57.5
48.5 58.5
49.5 14.5
49.5 15.5
49.5 28.5
49.5 43.5
49.5 44.5
49.5 45.5
49.5 56.5
49.5 57.5
50.5 15.5
50.5 16.5
50.5 27.5
50.5 45.5
50.5 46.5
50.5 55.5
50.5 56.5
50.5 64.5
51.5 16.5
51.5 17.5
51.5 26.5
51.5 27.5
51.5 46.5
51.5 47.5
51.5 54.5
51.5 55.5
51.5 63.5
51.5 64.5
52.5 6.5
52.5 7.5
52.5 17.5
52.5 18.5
52.5 25.5
52.5 26.5
52.5 37.5
52.5 47.5
52.5 48.5
52.5 53.5
52.5 63.5
53.5 7.5
53.5 8.5
53.5 18.5
53.5 19.5
53.5 24.5
53.5 25.5
53.5 34.5
53.5 35.5
53.5 38.5
53.5 49.5
53.5 50.5
53.5 52.5
53.5 62.5
53.5 63.5
54.5 8.5
54.5 9.5
54.5 19.5
54.5 23.5
54.5 24.5
54.5 33.5
54.5 34.5
54.5 38.5
54.5 39.5
54.5 40.5
54.5 61.5
54.5 62.5
55.5 8.5
55.5 9.5
55.5 10.5
55.5 20.5
55.5 22.5
55.5 23.5
55.5 32.5
55.5 33.5
55.5 39.5
55.5 40.5
55.5 41.5
55.5 61.5
55.5 62.5
55.5 68.5
56.5 9.5
56.5 10.5
56.5 11.5
56.5 31.5
56.5 32.5
56.5 40.5
56.5 41.5
56.5 42.5
56.5 60.5
56.5 61.5
57.5 10.5
57.5 11.5
57.5 12.5
57.5 30.5
57.5 31.5
57.5 42.5
57.5 43.5
57.5 59.5
57.5 60.5
58.5 11.5
58.5 12.5
58.5 29.5
58.5 30.5
58.5 43.5
58.5 44.5
58.5 59.5
58.5 60.5
59.5 12.5
59.5 13.5
59.5 28.5
59.5 29.5
59.5 44.5
59.5 45.5
59.5 58.5
59.5 59.5
60.5 13.5
60.5 14.5
60.5 27.5
60.5 28.5
60.5 58.5
61.5 27.5
