3.5 10.5
3.5 24.5
3.5 35.5
3.5 47.5
3.5 59.5
4.5 10.5
4.5 24.5
4.5 34.5
4.5 47.5
5.5 9.5
5.5 10.5
5.5 25.5
5.5 34.5
5.5 46.5
5.5 58.5
6.5 9.5
6.5 10.5
6.5 25.5
6.5 33.5
6.5 46.5
6.5 58.5
7.5 9.5
7.5 25.5
7.5 26.5
7.5 33.5
7.5 46.5
7.5 58.5
8.5 8.5
8.5 9.5
8.5 26.5
8.5 32.5
8.5 45.5
8.5 46.5
8.5 57.5
9.5 8.5
9.5 26.5
9.5 39.5
9.5 45.5
9.5 57.5
10.5 8.5
10.5 20.5
10.5 31.5
10.5 38.5
10.5 39.5
10.5 45.5
10.5 51.5
10.5 57.5
11.5 14.5
11.5 20.5
11.5 38.5
11.5 51.5
11.5 57.5
11.5 63.5
12.5 14.5
12.5 20.5
12.5 37.5
12.5 38.5
12.5 51.5
12.5 56.5
12.5 63.5
13.5 13.5
13.5 20.5
13.5 21.5
13.5 37.5
13.5 38.5
13.5 50.5
13.5 56.5
13.5 62.5
13.5 63.5
14.5 13.5
14.5 21.5
14.5 37.5
14.5 50.5
14.5 62.5
15.5 13.5
15.5 21.5
15.5 36.5
15.5 37.5
15.5 50.5
15.5 62.5
16.5 12.5
16.5 21.5
16.5 36.5
16.5 50.5
16.5 61.5
16.5 62.5
17.5 12.5
17.5 49.5
17.5 61.5
18.5 49.5
18.5 61.5
19.5 49.5
19.5 60.5
22.5 35.5
23.5 23.5
23.5 35.5
24.5 10.5
24.5 23.5
24.5 24.5
24.5 34.5
25.5 10.5
25.5 24.5
25.5 34.5
25.5 47.5
25.5 61.5
26.5 10.5
26.5 24.5
26.5 25.5
26.5 33.5
26.5 34.5
26.5 47.5
26.5 61.5
27.5 9.5
27.5 25.5
27.5 33.5
27.5 46.5
27.5 62.5
28.5 9.5
28.5 25.5
28.5 32.5
28.5 33.5
28.5 46.5
28.5 62.5
29.5 9.5
29.5 26.5
29.5 32.5
29.5 40.5
29.5 45.5
29.5 46.5
29.5 62.5
29.5 63.5
30.5 9.5
30.5 26.5
30.5 32.5
30.5 40.5
30.5 45.5
30.5 63.5
31.5 8.5
31.5 14.5
31.5 20.5
31.5 39.5
31.5 45.5
31.5 51.5
31.5 63.5
32.5 8.5
32.5 14.5
32.5 20.5
32.5 38.5
32.5 39.5
32.5 51.5
32.5 56.5
32.5 64.5
33.5 14.5
33.5 21.5
33.5 38.5
33.5 50.5
33.5 57.5
33.5 64.5
34.5 13.5
34.5 14.5
34.5 21.5
34.5 37.5
34.5 38.5
34.5 50.5
34.5 57.5
35.5 13.5
35.5 21.5
35.5 22.5
35.5 37.5
35.5 49.5
35.5 58.5
36.5 13.5
36.5 22.5
36.5 49.5
36.5 58.5
37.5 13.5
37.5 22.5
37.5 36.5
37.5 48.5
37.5 59.5
38.5 13.5
38.5 23.5
38.5 48.5
38.5 59.5
39.5 60.5
43.5 35.5
43.5 47.5
44.5 25.5
44.5 35.5
44.5 47.5
45.5 11.5
45.5 25.5
45.5 34.5
45.5 35.5
45.5 46.5
45.5 59.5
46.5 11.5
46.5 25.5
46.5 26.5
46.5 34.5
46.5 46.5
46.5 59.5
47.5 10.5
47.5 26.5
47.5 34.5
47.5 46.5
47.5 58.5
47.5 59.5
48.5 10.5
48.5 26.5
48.5 27.5
48.5 34.5
48.5 45.5
48.5 46.5
48.5 58.5
49.5 9.5
49.5 27.5
49.5 33.5
49.5 45.5
49.5 58.5
50.5 9.5
50.5 27.5
50.5 33.5
50.5 45.5
50.5 51.5
50.5 57.5
51.5 8.5
51.5 15.5
51.5 28.5
51.5 39.5
51.5 51.5
51.5 57.5
52.5 8.5
52.5 15.5
52.5 21.5
52.5 39.5
52.5 51.5
52.5 63.5
53.5 14.5
53.5 21.5
53.5 22.5
53.5 39.5
53.5 50.5
53.5 63.5
54.5 13.5
54.5 14.5
54.5 22.5
54.5 38.5
54.5 50.5
54.5 62.5
54.5 63.5
55.5 13.5
55.5 22.5
55.5 23.5
55.5 38.5
55.5 50.5
55.5 62.5
56.5 13.5
56.5 23.5
56.5 38.5
56.5 49.5
56.5 62.5
57.5 12.5
57.5 23.5
57.5 24.5
57.5 49.5
57.5 61.5
58.5 24.5
58.5 37.5
58.5 49.5
58.5 61.5
