3.5 16.5
4.5 16.5
4.5 17.5
4.5 35.5
4.5 36.5
4.5 57.5
4.5 58.5
5.5 17.5
5.5 18.5
5.5 34.5
5.5 35.5
5.5 58.5
5.5 59.5
6.5 18.5
6.5 19.5
6.5 33.5
6.5 34.5
6.5 59.5
6.5 60.5
7.5 19.5
7.5 20.5
7.5 31.5
7.5 32.5
7.5 33.5
7.5 60.5
7.5 61.5
8.5 20.5
8.5 21.5
8.5 30.5
8.5 31.5
8.5 32.5
8.5 61.5
8.5 62.5
9.5 21.5
9.5 29.5
9.5 30.5
9.5 62.5
9.5 63.5
10.5 9.5
10.5 22.5
10.5 29.5
10.5 63.5
10.5 64.5
11.5 10.5
11.5 43.5
11.5 50.5
12.5 10.5
12.5 11.5
12.5 41.5
12.5 42.5
12.5 51.5
13.5 11.5
13.5 12.5
13.5 39.5
13.5 40.5
13.5 41.5
13.5 52.5
13.5 53.5
14.5 12.5
14.5 13.5
14.5 38.5
14.5 39.5
14.5 53.5
14.5 54.5
15.5 12.5
15.5 13.5
15.5 36.5
15.5 37.5
15.5 38.5
15.5 54.5
15.5 55.5
16.5 13.5
16.5 14.5
16.5 35.5
16.5 36.5
16.5 55.5
16.5 56.5
17.5 14.5
17.5 57.5
23.5 35.5
24.5 15.5
24.5 16.5
24.5 35.5
24.5 36.5
24.5 37.5
24.5 56.5
24.5 57.5
25.5 16.5
25.5 17.5
25.5 36.5
25.5 37.5
25.5 38.5
25.5 55.5
25.5 56.5
26.5 17.5
26.5 18.5
26.5 38.5
26.5 39.5
26.5 53.5
26.5 54.5
26.5 55.5
27.5 18.5
27.5 19.5
27.5 39.5
27.5 40.5
27.5 52.5
27.5 53.5
28.5 19.5
28.5 20.5
28.5 40.5
28.5 41.5
28.5 51.5
28.5 52.5
29.5 20.5
29.5 21.5
29.5 42.5
29.5 50.5
30.5 22.5
30.5 29.5
31.5 8.5
31.5 29.5
31.5 30.5
31.5 64.5
32.5 9.5
32.5 10.5
32.5 30.5
32.5 31.5
32.5 62.5
32.5 63.5
33.5 10.5
33.5 11.5
33.5 12.5
33.5 31.5
33.5 32.5
33.5 60.5
33.5 61.5
33.5 62.5
34.5 11.5
34.5 12.5
34.5 13.5
34.5 32.5
34.5 33.5
34.5 59.5
34.5 60.5
34.5 61.5
35.5 12.5
35.5 13.5
35.5 14.5
35.5 33.5
35.5 34.5
35.5 58.5
35.5 59.5
35.5 60.5
36.5 14.5
36.5 15.5
36.5 35.5
36.5 57.5
36.5 58.5
37.5 56.5
37.5 57.5
43.5 15.5
43.5 36.5
44.5 14.5
44.5 15.5
44.5 37.5
44.5 56.5
45.5 12.5
45.5 13.5
45.5 14.5
45.5 37.5
45.5 38.5
45.5 54.5
45.5 55.5
46.5 11.5
46.5 12.5
46.5 13.5
46.5 38.5
46.5 39.5
46.5 53.5
46.5 54.5
47.5 10.5
47.5 11.5
47.5 39.5
47.5 40.5
47.5 52.5
47.5 53.5
47.5 54.5
48.5 9.5
48.5 10.5
48.5 40.5
48.5 41.5
48.5 51.5
48.5 52.5
48.5 53.5
49.5 8.5
49.5 9.5
49.5 41.5
49.5 50.5
49.5 51.5
49.5 52.5
50.5 7.5
50.5 21.5
50.5 29.5
50.5 42.5
50.5 49.5
50.5 50.5
51.5 20.5
51.5 21.5
51.5 29.5
51.5 30.5
51.5 49.5
52.5 19.5
52.5 20.5
52.5 30.5
52.5 31.5
52.5 62.5
53.5 18.5
53.5 19.5
53.5 31.5
53.5 32.5
53.5 61.5
53.5 62.5
54.5 17.5
54.5 18.5
54.5 31.5
54.5 32.5
54.5 33.5
54.5 59.5
54.5 60.5
55.5 16.5
55.5 17.5
55.5 32.5
55.5 33.5
55.5 34.5
55.5 58.5
55.5 59.5
56.5 16.5
56.5 33.5
56.5 34.5
56.5 35.5
56.5 57.5
56.5 58.5
57.5 15.5
57.5 35.5
57.5 56.5
57.5 57.5
58.5 36.5
