2.5 60.5
2.5 61.5
3.5 12.5
3.5 13.5
3.5 29.5
3.5 30.5
3.5 44.5
3.5 45.5
3.5 46.5
3.5 61.5
3.5 62.5
4.5 10.5
4.5 11.5
4.5 12.5
4.5 30.5
4.5 31.5
4.5 32.5
4.5 45.5
4.5 46.5
4.5 47.5
4.5 63.5
5.5 9.5
5.5 10.5
5.5 32.5
6.5 38.5
6.5 53.5
6.5 54.5
6.5 55.5
6.5 56.5
7.5 17.5
7.5 18.5
7.5 24.5
7.5 25.5
7.5 39.5
7.5 55.5
7.5 56.5
7.5 57.5
7.5 58.5
8.5 16.5
8.5 17.5
8.5 25.5
8.5 26.5
8.5 40.5
9.5 14.5
9.5 15.5
9.5 16.5
9.5 27.5
9.5 41.5
14.5 41.5
14.5 57.5
14.5 58.5
15.5 13.5
15.5 14.5
15.5 29.5
15.5 30.5
15.5 39.5
15.5 40.5
15.5 55.5
15.5 56.5
15.5 57.5
16.5 15.5
16.5 16.5
16.5 30.5
16.5 31.5
16.5 32.5
16.5 38.5
16.5 39.5
16.5 54.5
16.5 55.5
16.5 56.5
17.5 16.5
17.5 17.5
17.5 32.5
17.5 53.5
17.5 54.5
18.5 63.5
18.5 64.5
19.5 8.5
19.5 9.5
19.5 23.5
19.5 24.5
19.5 25.5
19.5 45.5
19.5 46.5
19.5 47.5
19.5 62.5
19.5 63.5
20.5 9.5
20.5 10.5
20.5 11.5
20.5 25.5
20.5 26.5
20.5 27.5
20.5 44.5
20.5 45.5
20.5 46.5
20.5 61.5
20.5 62.5
21.5 43.5
21.5 44.5
21.5 60.5
26.5 28.5
26.5 29.5
27.5 10.5
27.5 11.5
27.5 29.5
27.5 30.5
27.5 31.5
27.5 41.5
27.5 42.5
28.5 8.5
28.5 9.5
28.5 10.5
28.5 31.5
28.5 32.5
28.5 39.5
28.5 40.5
28.5 41.5
28.5 57.5
28.5 58.5
29.5 8.5
29.5 9.5
29.5 56.5
29.5 57.5
30.5 7.5
30.5 23.5
30.5 55.5
30.5 56.5
31.5 17.5
31.5 24.5
31.5 25.5
32.5 15.5
32.5 16.5
32.5 25.5
32.5 26.5
32.5 46.5
32.5 47.5
32.5 48.5
32.5 63.5
32.5 64.5
33.5 14.5
33.5 15.5
33.5 27.5
33.5 44.5
33.5 45.5
33.5 46.5
33.5 47.5
33.5 62.5
33.5 63.5
34.5 13.5
34.5 14.5
34.5 61.5
34.5 62.5
35.5 60.5
35.5 61.5
39.5 29.5
39.5 30.5
39.5 44.5
40.5 30.5
40.5 31.5
40.5 45.5
40.5 46.5
41.5 13.5
41.5 14.5
41.5 15.5
41.5 31.5
41.5 32.5
41.5 47.5
41.5 60.5
41.5 61.5
42.5 15.5
42.5 16.5
42.5 17.5
42.5 38.5
42.5 61.5
42.5 62.5
42.5 63.5
43.5 39.5
43.5 40.5
43.5 63.5
43.5 64.5
44.5 23.5
44.5 24.5
44.5 25.5
44.5 40.5
44.5 41.5
44.5 54.5
44.5 55.5
45.5 8.5
45.5 9.5
45.5 24.5
45.5 25.5
45.5 26.5
45.5 41.5
45.5 42.5
45.5 56.5
45.5 57.5
46.5 9.5
46.5 10.5
46.5 26.5
46.5 27.5
46.5 58.5
47.5 11.5
51.5 41.5
52.5 11.5
52.5 28.5
52.5 29.5
52.5 30.5
52.5 39.5
52.5 40.5
52.5 56.5
52.5 57.5
52.5 58.5
53.5 9.5
53.5 10.5
53.5 30.5
53.5 31.5
53.5 38.5
53.5 55.5
53.5 56.5
53.5 57.5
54.5 8.5
54.5 9.5
54.5 54.5
54.5 55.5
55.5 47.5
55.5 48.5
56.5 22.5
56.5 23.5
56.5 45.5
56.5 46.5
56.5 47.5
56.5 48.5
57.5 14.5
57.5 15.5
57.5 16.5
57.5 23.5
57.5 24.5
57.5 25.5
57.5 44.5
57.5 45.5
57.5 46.5
57.5 63.5
57.5 64.5
58.5 13.5
58.5 14.5
58.5 15.5
58.5 25.5
58.5 26.5
58.5 27.5
58.5 61.5
58.5 62.5
58.5 63.5
59.5 61.5
