2.5 9.5
2.5 19.5
2.5 31.5
2.5 41.5
2.5 42.5
2.5 49.5
2.5 50.5
2.5 60.5
3.5 8.5
3.5 9.5
3.5 18.5
3.5 19.5
3.5 31.5
3.5 32.5
3.5 42.5
3.5 43.5
3.5 48.5
3.5 49.5
3.5 58.5
3.5 59.5
4.5 7.5
4.5 8.5
4.5 17.5
4.5 18.5
4.5 32.5
4.5 33.5
4.5 43.5
4.5 44.5
4.5 48.5
4.5 58.5
5.5 17.5
5.5 38.5
5.5 53.5
5.5 64.5
6.5 12.5
6.5 22.5
6.5 27.5
6.5 28.5
6.5 38.5
6.5 39.5
6.5 52.5
6.5 53.5
6.5 63.5
6.5 64.5
7.5 11.5
7.5 12.5
7.5 21.5
7.5 22.5
7.5 27.5
7.5 28.5
7.5 29.5
7.5 39.5
7.5 40.5
7.5 51.5
7.5 52.5
7.5 62.5
7.5 63.5
8.5 11.5
8.5 21.5
8.5 29.5
9.5 20.5
12.5 41.5
12.5 42.5
12.5 49.5
12.5 60.5
12.5 61.5
13.5 11.5
13.5 19.5
13.5 29.5
13.5 42.5
13.5 43.5
13.5 48.5
13.5 49.5
13.5 59.5
13.5 60.5
14.5 12.5
14.5 18.5
14.5 27.5
14.5 28.5
14.5 29.5
14.5 43.5
14.5 47.5
14.5 48.5
14.5 58.5
15.5 12.5
15.5 13.5
15.5 17.5
15.5 18.5
15.5 27.5
15.5 53.5
15.5 54.5
15.5 65.5
16.5 7.5
16.5 8.5
16.5 33.5
16.5 34.5
16.5 38.5
16.5 39.5
16.5 52.5
16.5 53.5
16.5 64.5
16.5 65.5
17.5 8.5
17.5 9.5
17.5 21.5
17.5 22.5
17.5 32.5
17.5 33.5
17.5 34.5
17.5 39.5
17.5 51.5
17.5 52.5
17.5 63.5
17.5 64.5
18.5 8.5
18.5 9.5
18.5 20.5
18.5 21.5
18.5 32.5
18.5 33.5
18.5 39.5
18.5 40.5
18.5 63.5
19.5 20.5
19.5 31.5
19.5 32.5
19.5 40.5
22.5 52.5
22.5 53.5
22.5 61.5
23.5 8.5
23.5 9.5
23.5 20.5
23.5 21.5
23.5 42.5
23.5 53.5
23.5 54.5
23.5 60.5
23.5 61.5
24.5 7.5
24.5 8.5
24.5 21.5
24.5 22.5
24.5 28.5
24.5 29.5
24.5 30.5
24.5 42.5
24.5 59.5
24.5 60.5
25.5 6.5
25.5 7.5
25.5 23.5
25.5 27.5
25.5 28.5
25.5 29.5
25.5 42.5
25.5 43.5
26.5 17.5
26.5 43.5
26.5 48.5
26.5 49.5
26.5 64.5
27.5 11.5
27.5 12.5
27.5 17.5
27.5 18.5
27.5 33.5
27.5 34.5
27.5 43.5
27.5 48.5
27.5 49.5
27.5 63.5
27.5 64.5
28.5 10.5
28.5 11.5
28.5 18.5
28.5 19.5
28.5 31.5
28.5 32.5
28.5 33.5
28.5 39.5
28.5 49.5
28.5 50.5
28.5 62.5
28.5 63.5
29.5 39.5
29.5 40.5
29.5 50.5
30.5 40.5
32.5 20.5
33.5 11.5
33.5 19.5
33.5 30.5
33.5 60.5
34.5 12.5
34.5 13.5
34.5 18.5
34.5 29.5
34.5 30.5
34.5 40.5
34.5 52.5
34.5 53.5
34.5 59.5
34.5 60.5
35.5 28.5
35.5 29.5
35.5 39.5
35.5 40.5
35.5 52.5
35.5 53.5
35.5 58.5
35.5 59.5
36.5 7.5
36.5 8.5
36.5 23.5
36.5 28.5
36.5 38.5
36.5 39.5
36.5 52.5
36.5 58.5
36.5 65.5
37.5 7.5
37.5 8.5
37.5 9.5
37.5 22.5
37.5 23.5
37.5 34.5
37.5 52.5
37.5 63.5
37.5 64.5
38.5 8.5
38.5 9.5
38.5 21.5
38.5 22.5
38.5 33.5
38.5 43.5
38.5 44.5
38.5 47.5
38.5 62.5
39.5 21.5
39.5 32.5
39.5 33.5
39.5 42.5
39.5 43.5
39.5 48.5
39.5 49.5
40.5 49.5
43.5 10.5
43.5 11.5
43.5 19.5
43.5 20.5
43.5 61.5
43.5 62.5
43.5 63.5
44.5 11.5
44.5 12.5
44.5 18.5
44.5 19.5
44.5 20.5
44.5 32.5
44.5 33.5
44.5 40.5
44.5 49.5
44.5 62.5
44.5 63.5
44.5 64.5
44.5 65.5
45.5 12.5
45.5 17.5
45.5 18.5
45.5 33.5
45.5 34.5
45.5 39.5
45.5 48.5
45.5 49.5
45.5 65.5
46.5 7.5
46.5 47.5
46.5 48.5
47.5 8.5
47.5 23.5
47.5 24.5
47.5 28.5
47.5 43.5
47.5 53.5
47.5 58.5
48.5 9.5
48.5 21.5
48.5 22.5
48.5 23.5
48.5 29.5
48.5 30.5
48.5 42.5
48.5 43.5
48.5 51.5
48.5 52.5
48.5 59.5
48.5 60.5
49.5 30.5
49.5 31.5
49.5 41.5
49.5 42.5
49.5 51.5
49.5 61.5
52.5 9.5
53.5 9.5
53.5 19.5
53.5 20.5
53.5 31.5
53.5 40.5
53.5 50.5
53.5 62.5
53.5 63.5
54.5 8.5
54.5 18.5
54.5 19.5
54.5 30.5
54.5 39.5
54.5 40.5
54.5 48.5
54.5 49.5
54.5 63.5
54.5 64.5
55.5 7.5
55.5 8.5
55.5 17.5
55.5 18.5
55.5 19.5
55.5 29.5
55.5 39.5
55.5 47.5
55.5 48.5
55.5 65.5
56.5 7.5
56.5 17.5
56.5 18.5
56.5 28.5
56.5 39.5
56.5 58.5
57.5 12.5
57.5 24.5
57.5 33.5
57.5 34.5
57.5 43.5
57.5 52.5
57.5 53.5
57.5 59.5
57.5 60.5
58.5 11.5
58.5 12.5
58.5 22.5
58.5 23.5
58.5 33.5
58.5 42.5
58.5 51.5
58.5 52.5
58.5 53.5
58.5 59.5
58.5 60.5
59.5 10.5
59.5 11.5
59.5 21.5
59.5 22.5
59.5 32.5
59.5 41.5
59.5 51.5
59.5 52.5
59.5 60.5
59.5 61.5
60.5 10.5
60.5 21.5
