4.5 9.5
4.5 22.5
4.5 46.5
4.5 58.5
5.5 9.5
5.5 22.5
5.5 37.5
5.5 58.5
6.5 21.5
6.5 37.5
6.5 45.5
6.5 58.5
7.5 8.5
7.5 21.5
7.5 37.5
7.5 58.5
8.5 8.5
8.5 20.5
8.5 21.5
8.5 44.5
8.5 58.5
9.5 14.5
9.5 20.5
9.5 38.5
9.5 44.5
9.5 51.5
10.5 20.5
10.5 27.5
10.5 38.5
10.5 51.5
10.5 57.5
10.5 63.5
11.5 13.5
11.5 27.5
11.5 32.5
11.5 38.5
11.5 50.5
11.5 57.5
11.5 63.5
12.5 13.5
12.5 26.5
12.5 50.5
13.5 13.5
13.5 26.5
13.5 33.5
13.5 49.5
13.5 50.5
13.5 62.5
14.5 33.5
14.5 49.5
14.5 62.5
15.5 12.5
15.5 25.5
15.5 49.5
15.5 62.5
16.5 12.5
16.5 25.5
16.5 34.5
16.5 48.5
17.5 34.5
17.5 48.5
22.5 11.5
23.5 11.5
23.5 23.5
23.5 48.5
24.5 34.5
24.5 62.5
25.5 10.5
25.5 22.5
25.5 34.5
25.5 49.5
25.5 62.5
26.5 10.5
26.5 22.5
26.5 34.5
26.5 49.5
27.5 10.5
27.5 49.5
27.5 50.5
28.5 9.5
28.5 21.5
28.5 50.5
28.5 63.5
29.5 9.5
29.5 21.5
29.5 28.5
29.5 33.5
29.5 50.5
29.5 63.5
30.5 9.5
30.5 15.5
30.5 33.5
30.5 38.5
30.5 51.5
31.5 15.5
31.5 27.5
31.5 38.5
31.5 43.5
31.5 51.5
31.5 58.5
32.5 27.5
32.5 38.5
32.5 58.5
33.5 14.5
33.5 26.5
33.5 44.5
33.5 58.5
34.5 14.5
34.5 26.5
34.5 44.5
34.5 58.5
35.5 13.5
35.5 37.5
35.5 45.5
35.5 59.5
36.5 13.5
36.5 25.5
36.5 37.5
36.5 45.5
36.5 59.5
37.5 37.5
37.5 59.5
38.5 46.5
38.5 59.5
43.5 25.5
44.5 13.5
44.5 35.5
45.5 13.5
45.5 26.5
45.5 35.5
45.5 47.5
46.5 13.5
46.5 26.5
46.5 61.5
47.5 26.5
47.5 34.5
47.5 46.5
47.5 61.5
48.5 14.5
48.5 27.5
48.5 34.5
48.5 46.5
49.5 14.5
49.5 27.5
49.5 45.5
49.5 62.5
50.5 20.5
50.5 33.5
50.5 45.5
50.5 62.5
51.5 39.5
51.5 63.5
52.5 9.5
52.5 15.5
52.5 21.5
52.5 44.5
52.5 51.5
52.5 56.5
52.5 63.5
53.5 9.5
53.5 21.5
53.5 38.5
54.5 9.5
54.5 21.5
54.5 38.5
54.5 50.5
54.5 57.5
55.5 10.5
55.5 22.5
55.5 37.5
56.5 10.5
56.5 22.5
56.5 37.5
56.5 49.5
56.5 58.5
57.5 10.5
57.5 49.5
57.5 58.5
58.5 36.5
58.5 59.5
