1.5 11.5
1.5 32.5
1.5 42.5
1.5 43.5
1.5 52.5
1.5 61.5
1.5 62.5
2.5 10.5
2.5 11.5
2.5 22.5
2.5 31.5
2.5 42.5
2.5 43.5
2.5 52.5
2.5 53.5
2.5 62.5
2.5 63.5
3.5 9.5
3.5 10.5
3.5 21.5
3.5 22.5
3.5 30.5
3.5 31.5
3.5 43.5
3.5 44.5
3.5 53.5
3.5 63.5
3.5 64.5
4.5 8.5
4.5 9.5
4.5 20.5
4.5 21.5
4.5 30.5
4.5 43.5
4.5 44.5
4.5 49.5
4.5 53.5
4.5 54.5
4.5 57.5
4.5 63.5
4.5 64.5
5.5 8.5
5.5 9.5
5.5 19.5
5.5 20.5
5.5 29.5
5.5 30.5
5.5 34.5
5.5 38.5
5.5 44.5
5.5 45.5
5.5 49.5
5.5 54.5
5.5 57.5
5.5 58.5
5.5 64.5
5.5 65.5
6.5 7.5
6.5 8.5
6.5 15.5
6.5 18.5
6.5 19.5
6.5 25.5
6.5 26.5
6.5 29.5
6.5 34.5
6.5 39.5
6.5 45.5
6.5 49.5
6.5 50.5
6.5 58.5
6.5 59.5
7.5 7.5
7.5 13.5
7.5 14.5
7.5 15.5
7.5 18.5
7.5 24.5
7.5 25.5
7.5 34.5
7.5 39.5
7.5 40.5
7.5 46.5
7.5 50.5
7.5 59.5
7.5 60.5
8.5 12.5
8.5 13.5
8.5 14.5
8.5 23.5
8.5 24.5
8.5 33.5
8.5 34.5
8.5 39.5
8.5 40.5
8.5 50.5
8.5 59.5
8.5 60.5
9.5 11.5
9.5 12.5
9.5 13.5
9.5 23.5
9.5 33.5
9.5 34.5
9.5 40.5
9.5 50.5
9.5 60.5
9.5 61.5
10.5 10.5
10.5 11.5
10.5 22.5
10.5 33.5
10.5 40.5
10.5 41.5
10.5 51.5
11.5 10.5
11.5 33.5
11.5 41.5
11.5 51.5
11.5 61.5
12.5 41.5
12.5 42.5
12.5 60.5
13.5 10.5
13.5 22.5
13.5 42.5
13.5 51.5
13.5 60.5
14.5 10.5
14.5 11.5
14.5 23.5
14.5 32.5
14.5 52.5
14.5 59.5
14.5 60.5
15.5 11.5
15.5 12.5
15.5 23.5
15.5 24.5
15.5 31.5
15.5 32.5
15.5 41.5
15.5 42.5
15.5 52.5
15.5 59.5
16.5 11.5
16.5 12.5
16.5 13.5
16.5 24.5
16.5 30.5
16.5 31.5
16.5 42.5
16.5 43.5
16.5 52.5
16.5 53.5
16.5 58.5
16.5 59.5
16.5 64.5
17.5 6.5
17.5 12.5
17.5 13.5
17.5 14.5
17.5 17.5
17.5 24.5
17.5 25.5
17.5 30.5
17.5 31.5
17.5 42.5
17.5 43.5
17.5 47.5
17.5 53.5
17.5 58.5
17.5 63.5
17.5 64.5
18.5 6.5
18.5 7.5
18.5 13.5
18.5 14.5
18.5 18.5
18.5 25.5
18.5 29.5
18.5 30.5
18.5 43.5
18.5 44.5
18.5 48.5
18.5 53.5
18.5 54.5
18.5 57.5
18.5 63.5
19.5 7.5
19.5 18.5
19.5 19.5
19.5 26.5
19.5 29.5
19.5 35.5
19.5 37.5
19.5 38.5
19.5 44.5
19.5 48.5
19.5 49.5
19.5 54.5
19.5 57.5
19.5 62.5
19.5 63.5
20.5 7.5
20.5 8.5
20.5 19.5
20.5 20.5
20.5 34.5
20.5 38.5
20.5 39.5
20.5 49.5
20.5 50.5
20.5 62.5
20.5 63.5
21.5 8.5
21.5 9.5
21.5 20.5
21.5 21.5
21.5 33.5
21.5 39.5
21.5 40.5
21.5 50.5
21.5 62.5
22.5 9.5
22.5 21.5
22.5 32.5
22.5 40.5
22.5 41.5
22.5 50.5
22.5 51.5
22.5 61.5
22.5 62.5
23.5 10.5
23.5 22.5
23.5 31.5
23.5 51.5
23.5 61.5
24.5 41.5
24.5 61.5
25.5 10.5
25.5 19.5
25.5 31.5
25.5 40.5
25.5 51.5
26.5 9.5
26.5 10.5
26.5 20.5
26.5 21.5
26.5 32.5
26.5 39.5
26.5 40.5
26.5 50.5
26.5 61.5
27.5 9.5
27.5 20.5
27.5 21.5
27.5 22.5
27.5 32.5
27.5 33.5
27.5 39.5
27.5 49.5
27.5 50.5
27.5 60.5
27.5 61.5
28.5 8.5
28.5 9.5
28.5 21.5
28.5 22.5
28.5 23.5
28.5 33.5
28.5 34.5
28.5 38.5
28.5 39.5
28.5 44.5
28.5 49.5
28.5 59.5
28.5 60.5
29.5 8.5
29.5 13.5
29.5 16.5
29.5 22.5
29.5 23.5
29.5 34.5
29.5 38.5
29.5 43.5
29.5 44.5
29.5 48.5
29.5 49.5
29.5 55.5
29.5 59.5
29.5 60.5
30.5 7.5
30.5 8.5
30.5 13.5
30.5 16.5
30.5 17.5
30.5 23.5
30.5 24.5
30.5 27.5
30.5 28.5
30.5 35.5
30.5 37.5
30.5 43.5
30.5 48.5
30.5 54.5
30.5 58.5
30.5 59.5
31.5 7.5
31.5 12.5
31.5 17.5
31.5 28.5
31.5 29.5
31.5 30.5
31.5 42.5
31.5 43.5
31.5 47.5
31.5 48.5
31.5 53.5
31.5 54.5
31.5 58.5
31.5 64.5
32.5 12.5
32.5 17.5
32.5 18.5
32.5 29.5
32.5 30.5
32.5 31.5
32.5 42.5
32.5 43.5
32.5 53.5
32.5 54.5
32.5 58.5
32.5 63.5
33.5 11.5
33.5 12.5
33.5 18.5
33.5 30.5
33.5 31.5
33.5 32.5
33.5 42.5
33.5 52.5
33.5 53.5
33.5 62.5
33.5 63.5
34.5 11.5
34.5 18.5
34.5 19.5
34.5 42.5
34.5 52.5
34.5 62.5
35.5 11.5
35.5 19.5
35.5 41.5
35.5 51.5
35.5 52.5
35.5 61.5
36.5 29.5
36.5 30.5
36.5 51.5
37.5 20.5
37.5 30.5
37.5 31.5
37.5 41.5
38.5 10.5
38.5 19.5
38.5 30.5
38.5 31.5
38.5 32.5
38.5 40.5
38.5 41.5
38.5 51.5
38.5 61.5
39.5 9.5
39.5 10.5
39.5 19.5
39.5 31.5
39.5 32.5
39.5 39.5
39.5 40.5
39.5 51.5
39.5 52.5
39.5 61.5
39.5 62.5
39.5 68.5
40.5 8.5
40.5 9.5
40.5 18.5
40.5 19.5
40.5 32.5
40.5 33.5
40.5 39.5
40.5 52.5
40.5 62.5
40.5 63.5
41.5 8.5
41.5 18.5
41.5 23.5
41.5 26.5
41.5 33.5
41.5 34.5
41.5 38.5
41.5 39.5
41.5 52.5
41.5 53.5
41.5 63.5
42.5 7.5
42.5 17.5
42.5 18.5
42.5 23.5
42.5 27.5
42.5 33.5
42.5 34.5
42.5 38.5
42.5 44.5
42.5 47.5
42.5 53.5
42.5 57.5
42.5 64.5
43.5 12.5
43.5 13.5
43.5 17.5
43.5 22.5
43.5 23.5
43.5 27.5
43.5 28.5
43.5 37.5
43.5 43.5
43.5 44.5
43.5 48.5
43.5 53.5
43.5 54.5
43.5 58.5
43.5 64.5
43.5 65.5
44.5 12.5
44.5 13.5
44.5 17.5
44.5 22.5
44.5 23.5
44.5 28.5
44.5 42.5
44.5 43.5
44.5 48.5
44.5 49.5
44.5 54.5
44.5 58.5
44.5 59.5
45.5 11.5
45.5 12.5
45.5 16.5
45.5 22.5
45.5 28.5
45.5 29.5
45.5 41.5
45.5 42.5
45.5 49.5
45.5 59.5
45.5 60.5
46.5 10.5
46.5 11.5
46.5 21.5
46.5 22.5
46.5 29.5
46.5 40.5
46.5 41.5
46.5 49.5
46.5 50.5
46.5 60.5
46.5 61.5
47.5 10.5
47.5 11.5
47.5 21.5
47.5 22.5
47.5 29.5
47.5 30.5
47.5 40.5
47.5 50.5
47.5 61.5
48.5 21.5
48.5 30.5
48.5 62.5
49.5 21.5
49.5 40.5
50.5 10.5
50.5 31.5
50.5 40.5
50.5 41.5
50.5 50.5
50.5 62.5
51.5 9.5
51.5 10.5
51.5 20.5
51.5 31.5
51.5 41.5
51.5 49.5
51.5 50.5
51.5 60.5
51.5 61.5
52.5 8.5
52.5 9.5
52.5 21.5
52.5 31.5
52.5 41.5
52.5 42.5
52.5 49.5
52.5 59.5
52.5 60.5
53.5 7.5
53.5 8.5
53.5 22.5
53.5 31.5
53.5 32.5
53.5 42.5
53.5 43.5
53.5 48.5
53.5 49.5
53.5 58.5
53.5 59.5
54.5 6.5
54.5 7.5
54.5 8.5
54.5 23.5
54.5 24.5
54.5 31.5
54.5 32.5
54.5 36.5
54.5 37.5
54.5 43.5
54.5 48.5
54.5 54.5
54.5 57.5
54.5 58.5
54.5 65.5
54.5 66.5
55.5 6.5
55.5 7.5
55.5 13.5
55.5 16.5
55.5 24.5
55.5 32.5
55.5 37.5
55.5 43.5
55.5 44.5
55.5 47.5
55.5 48.5
55.5 53.5
55.5 56.5
55.5 64.5
55.5 65.5
56.5 5.5
56.5 12.5
56.5 13.5
56.5 16.5
56.5 17.5
56.5 18.5
56.5 25.5
56.5 28.5
56.5 32.5
56.5 37.5
56.5 38.5
56.5 44.5
56.5 47.5
56.5 52.5
56.5 53.5
56.5 63.5
56.5 64.5
57.5 11.5
57.5 12.5
57.5 17.5
57.5 18.5
57.5 19.5
57.5 28.5
57.5 38.5
57.5 39.5
57.5 51.5
57.5 52.5
57.5 62.5
57.5 63.5
57.5 64.5
58.5 10.5
58.5 11.5
58.5 19.5
58.5 20.5
58.5 29.5
58.5 38.5
58.5 39.5
58.5 51.5
58.5 61.5
58.5 62.5
58.5 63.5
58.5 68.5
59.5 9.5
59.5 10.5
59.5 20.5
59.5 21.5
59.5 30.5
59.5 39.5
59.5 40.5
59.5 50.5
59.5 61.5
59.5 62.5
60.5 8.5
60.5 9.5
60.5 30.5
60.5 40.5
60.5 61.5
