1.5 10.5
1.5 11.5
1.5 26.5
1.5 27.5
1.5 28.5
1.5 43.5
1.5 44.5
1.5 45.5
1.5 56.5
1.5 57.5
1.5 58.5
2.5 10.5
2.5 11.5
2.5 12.5
2.5 13.5
2.5 26.5
2.5 27.5
2.5 28.5
2.5 29.5
2.5 30.5
2.5 42.5
2.5 43.5
2.5 44.5
2.5 57.5
2.5 58.5
2.5 59.5
3.5 11.5
3.5 12.5
3.5 13.5
3.5 14.5
3.5 27.5
3.5 28.5
3.5 29.5
3.5 30.5
3.5 31.5
3.5 41.5
3.5 42.5
3.5 43.5
3.5 44.5
3.5 57.5
3.5 58.5
3.5 59.5
3.5 60.5
4.5 12.5
4.5 13.5
4.5 14.5
4.5 15.5
4.5 28.5
4.5 29.5
4.5 30.5
4.5 31.5
4.5 32.5
4.5 33.5
4.5 40.5
4.5 41.5
4.5 42.5
4.5 43.5
4.5 58.5
4.5 59.5
4.5 60.5
4.5 61.5
4.5 62.5
5.5 5.5
5.5 6.5
5.5 13.5
5.5 14.5
5.5 15.5
5.5 16.5
5.5 29.5
5.5 30.5
5.5 31.5
5.5 32.5
5.5 33.5
5.5 34.5
5.5 39.5
5.5 40.5
5.5 41.5
5.5 42.5
5.5 50.5
5.5 59.5
5.5 60.5
5.5 61.5
5.5 62.5
5.5 63.5
6.5 5.5
6.5 6.5
6.5 7.5
6.5 14.5
6.5 15.5
6.5 16.5
6.5 17.5
6.5 31.5
6.5 32.5
6.5 33.5
6.5 34.5
6.5 35.5
6.5 38.5
6.5 39.5
6.5 40.5
6.5 41.5
6.5 48.5
6.5 49.5
6.5 50.5
6.5 51.5
6.5 52.5
6.5 61.5
6.5 62.5
6.5 63.5
6.5 64.5
7.5 5.5
7.5 6.5
7.5 7.5
7.5 8.5
7.5 15.5
7.5 16.5
7.5 17.5
7.5 18.5
7.5 19.5
7.5 20.5
7.5 21.5
7.5 22.5
7.5 32.5
7.5 33.5
7.5 34.5
7.5 35.5
7.5 36.5
7.5 37.5
7.5 38.5
7.5 39.5
7.5 40.5
7.5 47.5
7.5 48.5
7.5 49.5
7.5 51.5
7.5 52.5
7.5 53.5
7.5 54.5
7.5 62.5
7.5 63.5
7.5 64.5
7.5 65.5
7.5 68.5
8.5 6.5
8.5 7.5
8.5 8.5
8.5 9.5
8.5 16.5
8.5 17.5
8.5 18.5
8.5 20.5
8.5 21.5
8.5 22.5
8.5 23.5
8.5 24.5
8.5 35.5
8.5 36.5
8.5 37.5
8.5 38.5
8.5 46.5
8.5 47.5
8.5 48.5
8.5 52.5
8.5 53.5
8.5 54.5
8.5 55.5
8.5 63.5
8.5 64.5
8.5 65.5
9.5 7.5
9.5 8.5
9.5 9.5
9.5 10.5
9.5 17.5
9.5 18.5
9.5 19.5
9.5 21.5
9.5 22.5
9.5 23.5
9.5 24.5
9.5 25.5
9.5 26.5
9.5 37.5
9.5 45.5
9.5 46.5
9.5 47.5
9.5 53.5
9.5 54.5
9.5 55.5
9.5 56.5
9.5 57.5
9.5 65.5
9.5 66.5
10.5 8.5
10.5 9.5
10.5 10.5
10.5 11.5
10.5 19.5
10.5 23.5
10.5 24.5
10.5 25.5
10.5 26.5
10.5 27.5
10.5 44.5
10.5 45.5
10.5 46.5
10.5 54.5
10.5 55.5
10.5 56.5
10.5 57.5
10.5 58.5
11.5 9.5
11.5 10.5
11.5 11.5
11.5 12.5
11.5 24.5
11.5 25.5
11.5 26.5
11.5 27.5
11.5 28.5
11.5 29.5
11.5 43.5
11.5 44.5
11.5 45.5
11.5 55.5
11.5 56.5
11.5 57.5
11.5 58.5
11.5 59.5
12.5 10.5
12.5 11.5
12.5 12.5
12.5 26.5
12.5 27.5
12.5 28.5
12.5 29.5
12.5 30.5
12.5 42.5
12.5 43.5
12.5 44.5
12.5 57.5
12.5 58.5
12.5 59.5
13.5 11.5
13.5 12.5
13.5 13.5
13.5 28.5
13.5 29.5
13.5 30.5
13.5 31.5
13.5 41.5
13.5 42.5
13.5 43.5
13.5 58.5
13.5 59.5
13.5 60.5
14.5 12.5
14.5 13.5
14.5 41.5
14.5 44.5
14.5 60.5
15.5 12.5
15.5 13.5
15.5 25.5
15.5 26.5
15.5 43.5
15.5 44.5
15.5 55.5
15.5 56.5
15.5 57.5
16.5 11.5
16.5 12.5
16.5 13.5
16.5 25.5
16.5 26.5
16.5 27.5
16.5 28.5
16.5 42.5
16.5 43.5
16.5 44.5
16.5 56.5
16.5 57.5
16.5 58.5
17.5 10.5
17.5 11.5
17.5 12.5
17.5 26.5
17.5 27.5
17.5 28.5
17.5 29.5
17.5 41.5
17.5 42.5
17.5 43.5
17.5 56.5
17.5 57.5
17.5 58.5
17.5 59.5
18.5 9.5
18.5 10.5
18.5 11.5
18.5 12.5
18.5 26.5
18.5 27.5
18.5 28.5
18.5 29.5
18.5 30.5
18.5 40.5
18.5 41.5
18.5 42.5
18.5 43.5
18.5 57.5
18.5 58.5
18.5 59.5
18.5 60.5
19.5 8.5
19.5 9.5
19.5 10.5
19.5 11.5
19.5 27.5
19.5 28.5
19.5 29.5
19.5 30.5
19.5 31.5
19.5 40.5
19.5 41.5
19.5 42.5
19.5 58.5
19.5 59.5
19.5 60.5
19.5 61.5
20.5 7.5
20.5 8.5
20.5 9.5
20.5 10.5
20.5 18.5
20.5 28.5
20.5 29.5
20.5 30.5
20.5 31.5
20.5 32.5
20.5 39.5
20.5 40.5
20.5 41.5
20.5 42.5
20.5 50.5
20.5 51.5
20.5 52.5
20.5 59.5
20.5 60.5
20.5 61.5
20.5 62.5
21.5 7.5
21.5 8.5
21.5 9.5
21.5 10.5
21.5 17.5
21.5 18.5
21.5 19.5
21.5 20.5
21.5 29.5
21.5 30.5
21.5 31.5
21.5 32.5
21.5 33.5
21.5 38.5
21.5 39.5
21.5 40.5
21.5 41.5
21.5 49.5
21.5 50.5
21.5 52.5
21.5 53.5
21.5 60.5
21.5 61.5
21.5 62.5
21.5 63.5
22.5 6.5
22.5 7.5
22.5 8.5
22.5 9.5
22.5 16.5
22.5 17.5
22.5 18.5
22.5 20.5
22.5 21.5
22.5 22.5
22.5 30.5
22.5 31.5
22.5 32.5
22.5 33.5
22.5 38.5
22.5 39.5
22.5 40.5
22.5 47.5
22.5 48.5
22.5 49.5
22.5 50.5
22.5 52.5
22.5 53.5
22.5 54.5
22.5 61.5
22.5 62.5
22.5 63.5
22.5 64.5
23.5 5.5
23.5 6.5
23.5 7.5
23.5 8.5
23.5 15.5
23.5 16.5
23.5 17.5
23.5 20.5
23.5 21.5
23.5 22.5
23.5 23.5
23.5 31.5
23.5 32.5
23.5 33.5
23.5 34.5
23.5 37.5
23.5 38.5
23.5 39.5
23.5 46.5
23.5 47.5
23.5 48.5
23.5 49.5
23.5 53.5
23.5 54.5
23.5 55.5
23.5 62.5
23.5 63.5
23.5 64.5
24.5 5.5
24.5 6.5
24.5 7.5
24.5 14.5
24.5 15.5
24.5 16.5
24.5 21.5
24.5 22.5
24.5 23.5
24.5 24.5
24.5 32.5
24.5 33.5
24.5 34.5
24.5 35.5
24.5 37.5
24.5 38.5
24.5 45.5
24.5 46.5
24.5 47.5
24.5 48.5
24.5 49.5
24.5 53.5
24.5 54.5
24.5 55.5
24.5 56.5
24.5 64.5
24.5 65.5
25.5 5.5
25.5 6.5
25.5 13.5
25.5 14.5
25.5 15.5
25.5 16.5
25.5 22.5
25.5 23.5
25.5 24.5
25.5 25.5
25.5 34.5
25.5 35.5
25.5 36.5
25.5 37.5
25.5 45.5
25.5 46.5
25.5 47.5
25.5 48.5
25.5 54.5
25.5 55.5
25.5 56.5
26.5 13.5
26.5 14.5
26.5 15.5
26.5 23.5
26.5 24.5
26.5 25.5
26.5 26.5
26.5 36.5
26.5 44.5
26.5 45.5
26.5 46.5
26.5 47.5
26.5 55.5
26.5 56.5
26.5 57.5
27.5 12.5
27.5 13.5
27.5 14.5
27.5 24.5
27.5 25.5
27.5 26.5
27.5 27.5
27.5 43.5
27.5 44.5
27.5 45.5
27.5 46.5
27.5 55.5
27.5 56.5
27.5 57.5
27.5 58.5
28.5 11.5
28.5 12.5
28.5 13.5
28.5 25.5
28.5 26.5
28.5 27.5
28.5 28.5
28.5 42.5
28.5 43.5
28.5 44.5
28.5 45.5
28.5 46.5
28.5 56.5
28.5 57.5
28.5 58.5
29.5 11.5
29.5 12.5
29.5 26.5
29.5 27.5
29.5 28.5
29.5 29.5
29.5 42.5
29.5 43.5
29.5 44.5
29.5 45.5
29.5 57.5
29.5 58.5
29.5 59.5
30.5 10.5
30.5 11.5
30.5 28.5
30.5 29.5
30.5 41.5
30.5 42.5
30.5 43.5
30.5 44.5
30.5 58.5
30.5 59.5
31.5 10.5
31.5 13.5
31.5 14.5
31.5 29.5
31.5 30.5
31.5 41.5
31.5 42.5
31.5 57.5
31.5 59.5
31.5 60.5
32.5 12.5
32.5 13.5
32.5 28.5
32.5 29.5
32.5 30.5
32.5 46.5
32.5 57.5
32.5 58.5
32.5 59.5
33.5 11.5
33.5 12.5
33.5 13.5
33.5 26.5
33.5 27.5
33.5 28.5
33.5 29.5
33.5 44.5
33.5 45.5
33.5 46.5
33.5 58.5
33.5 59.5
33.5 60.5
34.5 10.5
34.5 11.5
34.5 12.5
34.5 25.5
34.5 26.5
34.5 27.5
34.5 28.5
34.5 42.5
34.5 43.5
34.5 44.5
34.5 45.5
34.5 58.5
34.5 59.5
34.5 60.5
34.5 61.5
35.5 9.5
35.5 10.5
35.5 11.5
35.5 24.5
35.5 25.5
35.5 26.5
35.5 27.5
35.5 41.5
35.5 42.5
35.5 43.5
35.5 44.5
35.5 59.5
35.5 60.5
35.5 61.5
35.5 62.5
36.5 8.5
36.5 9.5
36.5 10.5
36.5 11.5
36.5 18.5
36.5 19.5
36.5 23.5
36.5 24.5
36.5 25.5
36.5 26.5
36.5 40.5
36.5 41.5
36.5 42.5
36.5 43.5
36.5 60.5
36.5 61.5
36.5 62.5
36.5 63.5
37.5 8.5
37.5 9.5
37.5 10.5
37.5 17.5
37.5 18.5
37.5 22.5
37.5 23.5
37.5 24.5
37.5 25.5
37.5 34.5
37.5 35.5
37.5 36.5
37.5 39.5
37.5 40.5
37.5 41.5
37.5 42.5
37.5 51.5
37.5 52.5
37.5 61.5
37.5 62.5
37.5 63.5
37.5 64.5
38.5 7.5
38.5 8.5
38.5 9.5
38.5 16.5
38.5 17.5
38.5 18.5
38.5 21.5
38.5 22.5
38.5 23.5
38.5 24.5
38.5 32.5
38.5 33.5
38.5 34.5
38.5 35.5
38.5 38.5
38.5 39.5
38.5 40.5
38.5 41.5
38.5 49.5
38.5 50.5
38.5 51.5
38.5 52.5
38.5 53.5
38.5 54.5
38.5 62.5
38.5 63.5
38.5 64.5
38.5 65.5
39.5 6.5
39.5 7.5
39.5 8.5
39.5 15.5
39.5 16.5
39.5 17.5
39.5 20.5
39.5 21.5
39.5 22.5
39.5 23.5
39.5 31.5
39.5 32.5
39.5 33.5
39.5 34.5
39.5 37.5
39.5 38.5
39.5 39.5
39.5 40.5
39.5 48.5
39.5 49.5
39.5 50.5
39.5 53.5
39.5 54.5
39.5 55.5
39.5 56.5
39.5 63.5
39.5 64.5
39.5 65.5
40.5 6.5
40.5 7.5
40.5 14.5
40.5 15.5
40.5 16.5
40.5 19.5
40.5 20.5
40.5 21.5
40.5 30.5
40.5 31.5
40.5 32.5
40.5 33.5
40.5 34.5
40.5 36.5
40.5 37.5
40.5 38.5
40.5 46.5
40.5 47.5
40.5 48.5
40.5 49.5
40.5 54.5
40.5 55.5
40.5 56.5
40.5 57.5
40.5 65.5
40.5 66.5
41.5 5.5
41.5 6.5
41.5 13.5
41.5 14.5
41.5 15.5
41.5 16.5
41.5 29.5
41.5 30.5
41.5 31.5
41.5 32.5
41.5 36.5
41.5 37.5
41.5 45.5
41.5 46.5
41.5 47.5
41.5 48.5
41.5 55.5
41.5 56.5
41.5 57.5
41.5 58.5
41.5 68.5
42.5 12.5
42.5 13.5
42.5 14.5
42.5 15.5
42.5 28.5
42.5 29.5
42.5 30.5
42.5 31.5
42.5 44.5
42.5 45.5
42.5 46.5
42.5 47.5
42.5 56.5
42.5 57.5
42.5 58.5
42.5 59.5
42.5 68.5
43.5 12.5
43.5 13.5
43.5 14.5
43.5 27.5
43.5 28.5
43.5 29.5
43.5 30.5
43.5 43.5
43.5 44.5
43.5 45.5
43.5 46.5
43.5 57.5
43.5 58.5
43.5 59.5
43.5 60.5
43.5 68.5
44.5 11.5
44.5 12.5
44.5 13.5
44.5 26.5
44.5 27.5
44.5 28.5
44.5 29.5
44.5 43.5
44.5 44.5
44.5 45.5
44.5 59.5
44.5 60.5
44.5 61.5
45.5 11.5
45.5 12.5
45.5 25.5
45.5 26.5
45.5 27.5
45.5 42.5
45.5 43.5
45.5 44.5
45.5 61.5
45.5 62.5
46.5 10.5
46.5 11.5
46.5 41.5
46.5 42.5
46.5 57.5
46.5 58.5
47.5 13.5
47.5 14.5
47.5 29.5
47.5 30.5
47.5 31.5
47.5 42.5
47.5 43.5
47.5 44.5
47.5 57.5
47.5 58.5
47.5 59.5
48.5 12.5
48.5 13.5
48.5 14.5
48.5 27.5
48.5 28.5
48.5 29.5
48.5 30.5
48.5 42.5
48.5 43.5
48.5 44.5
48.5 58.5
48.5 59.5
48.5 60.5
49.5 10.5
49.5 11.5
49.5 12.5
49.5 13.5
49.5 26.5
49.5 27.5
49.5 28.5
49.5 29.5
49.5 43.5
49.5 44.5
49.5 45.5
49.5 58.5
49.5 59.5
49.5 60.5
49.5 61.5
50.5 9.5
50.5 10.5
50.5 11.5
50.5 12.5
50.5 24.5
50.5 25.5
50.5 26.5
50.5 27.5
50.5 28.5
50.5 43.5
50.5 44.5
50.5 45.5
50.5 46.5
50.5 59.5
50.5 60.5
50.5 61.5
50.5 62.5
51.5 8.5
51.5 9.5
51.5 10.5
51.5 11.5
51.5 18.5
51.5 19.5
51.5 23.5
51.5 24.5
51.5 25.5
51.5 26.5
51.5 27.5
51.5 44.5
51.5 45.5
51.5 46.5
51.5 47.5
51.5 60.5
51.5 61.5
51.5 62.5
51.5 63.5
52.5 7.5
52.5 8.5
52.5 9.5
52.5 17.5
52.5 18.5
52.5 19.5
52.5 22.5
52.5 23.5
52.5 24.5
52.5 25.5
52.5 26.5
52.5 35.5
52.5 36.5
52.5 37.5
52.5 38.5
52.5 45.5
52.5 46.5
52.5 47.5
52.5 48.5
52.5 51.5
52.5 52.5
52.5 53.5
52.5 61.5
52.5 62.5
52.5 63.5
52.5 64.5
53.5 6.5
53.5 7.5
53.5 8.5
53.5 16.5
53.5 17.5
53.5 18.5
53.5 21.5
53.5 22.5
53.5 23.5
53.5 24.5
53.5 33.5
53.5 34.5
53.5 35.5
53.5 36.5
53.5 37.5
53.5 38.5
53.5 39.5
53.5 45.5
53.5 46.5
53.5 47.5
53.5 48.5
53.5 52.5
53.5 53.5
53.5 54.5
53.5 62.5
53.5 63.5
53.5 64.5
53.5 65.5
54.5 5.5
54.5 6.5
54.5 14.5
54.5 15.5
54.5 16.5
54.5 17.5
54.5 18.5
54.5 20.5
54.5 21.5
54.5 22.5
54.5 23.5
54.5 31.5
54.5 32.5
54.5 33.5
54.5 34.5
54.5 35.5
54.5 38.5
54.5 39.5
54.5 40.5
54.5 46.5
54.5 47.5
54.5 48.5
54.5 49.5
54.5 52.5
54.5 53.5
54.5 54.5
54.5 55.5
54.5 63.5
54.5 64.5
54.5 65.5
55.5 13.5
55.5 14.5
55.5 15.5
55.5 16.5
55.5 17.5
55.5 20.5
55.5 21.5
55.5 30.5
55.5 31.5
55.5 32.5
55.5 33.5
55.5 34.5
55.5 38.5
55.5 39.5
55.5 40.5
55.5 41.5
55.5 47.5
55.5 48.5
55.5 49.5
55.5 53.5
55.5 54.5
55.5 55.5
55.5 56.5
55.5 64.5
55.5 65.5
55.5 66.5
56.5 12.5
56.5 13.5
56.5 14.5
56.5 15.5
56.5 16.5
56.5 29.5
56.5 30.5
56.5 31.5
56.5 32.5
56.5 33.5
56.5 39.5
56.5 40.5
56.5 41.5
56.5 48.5
56.5 49.5
56.5 50.5
56.5 54.5
56.5 55.5
56.5 56.5
56.5 57.5
56.5 66.5
57.5 12.5
57.5 13.5
57.5 14.5
57.5 28.5
57.5 29.5
57.5 30.5
57.5 31.5
57.5 40.5
57.5 41.5
57.5 42.5
57.5 49.5
57.5 50.5
57.5 54.5
57.5 55.5
57.5 56.5
57.5 57.5
57.5 58.5
58.5 11.5
58.5 12.5
58.5 13.5
58.5 27.5
58.5 28.5
58.5 29.5
58.5 30.5
58.5 41.5
58.5 42.5
58.5 43.5
58.5 55.5
58.5 56.5
58.5 57.5
58.5 58.5
58.5 59.5
59.5 10.5
59.5 11.5
59.5 12.5
59.5 26.5
59.5 27.5
59.5 28.5
59.5 42.5
59.5 43.5
59.5 44.5
59.5 56.5
59.5 57.5
59.5 58.5
59.5 59.5
60.5 25.5
60.5 26.5
60.5 27.5
60.5 43.5
60.5 44.5
60.5 57.5
60.5 58.5
60.5 59.5
60.5 60.5
61.5 44.5
61.5 45.5
61.5 59.5
61.5 60.5
