3.5 13.5
3.5 27.5
3.5 28.5
4.5 13.5
4.5 14.5
4.5 26.5
4.5 27.5
4.5 28.5
4.5 45.5
4.5 57.5
5.5 13.5
5.5 14.5
5.5 15.5
5.5 26.5
5.5 27.5
5.5 28.5
5.5 45.5
5.5 46.5
5.5 56.5
5.5 57.5
5.5 58.5
6.5 13.5
6.5 14.5
6.5 15.5
6.5 25.5
6.5 26.5
6.5 27.5
6.5 45.5
6.5 46.5
6.5 47.5
6.5 56.5
6.5 57.5
7.5 14.5
7.5 15.5
7.5 16.5
7.5 24.5
7.5 25.5
7.5 26.5
7.5 27.5
7.5 46.5
7.5 47.5
7.5 55.5
7.5 56.5
7.5 57.5
8.5 14.5
8.5 15.5
8.5 16.5
8.5 17.5
8.5 24.5
8.5 25.5
8.5 26.5
8.5 47.5
8.5 48.5
8.5 55.5
8.5 56.5
9.5 15.5
9.5 16.5
9.5 17.5
9.5 24.5
9.5 25.5
9.5 26.5
9.5 47.5
9.5 48.5
9.5 54.5
9.5 55.5
9.5 56.5
10.5 16.5
10.5 17.5
10.5 24.5
10.5 25.5
10.5 33.5
10.5 40.5
10.5 41.5
10.5 48.5
10.5 54.5
10.5 55.5
11.5 7.5
11.5 8.5
11.5 17.5
11.5 32.5
11.5 33.5
11.5 40.5
11.5 41.5
11.5 62.5
11.5 63.5
12.5 7.5
12.5 8.5
12.5 9.5
12.5 31.5
12.5 32.5
12.5 33.5
12.5 40.5
12.5 41.5
12.5 42.5
12.5 61.5
12.5 62.5
12.5 63.5
13.5 8.5
13.5 9.5
13.5 10.5
13.5 31.5
13.5 32.5
13.5 33.5
13.5 40.5
13.5 41.5
13.5 42.5
13.5 61.5
13.5 62.5
13.5 63.5
14.5 8.5
14.5 9.5
14.5 10.5
14.5 11.5
14.5 30.5
14.5 31.5
14.5 32.5
14.5 40.5
14.5 41.5
14.5 42.5
14.5 43.5
14.5 60.5
14.5 61.5
14.5 62.5
14.5 63.5
15.5 9.5
15.5 10.5
15.5 11.5
15.5 30.5
15.5 31.5
15.5 32.5
15.5 41.5
15.5 42.5
15.5 43.5
15.5 60.5
15.5 61.5
15.5 62.5
16.5 10.5
16.5 11.5
16.5 12.5
16.5 29.5
16.5 30.5
16.5 31.5
16.5 41.5
16.5 42.5
16.5 43.5
16.5 60.5
16.5 61.5
17.5 11.5
17.5 12.5
17.5 29.5
17.5 30.5
17.5 42.5
17.5 43.5
17.5 60.5
18.5 29.5
18.5 30.5
23.5 59.5
24.5 11.5
24.5 12.5
24.5 44.5
24.5 45.5
24.5 58.5
24.5 59.5
25.5 10.5
25.5 11.5
25.5 12.5
25.5 27.5
25.5 44.5
25.5 45.5
25.5 46.5
25.5 57.5
25.5 58.5
25.5 59.5
26.5 9.5
26.5 10.5
26.5 11.5
26.5 26.5
26.5 27.5
26.5 45.5
26.5 46.5
26.5 47.5
26.5 56.5
26.5 57.5
26.5 58.5
27.5 8.5
27.5 9.5
27.5 10.5
27.5 11.5
27.5 25.5
27.5 26.5
27.5 27.5
27.5 45.5
27.5 46.5
27.5 47.5
27.5 48.5
27.5 56.5
27.5 57.5
27.5 58.5
28.5 8.5
28.5 9.5
28.5 10.5
28.5 24.5
28.5 25.5
28.5 26.5
28.5 46.5
28.5 47.5
28.5 48.5
28.5 55.5
28.5 56.5
28.5 57.5
29.5 8.5
29.5 9.5
29.5 10.5
29.5 24.5
29.5 25.5
29.5 26.5
29.5 46.5
29.5 47.5
29.5 48.5
29.5 55.5
29.5 56.5
30.5 8.5
30.5 9.5
30.5 23.5
30.5 24.5
30.5 25.5
30.5 48.5
31.5 16.5
31.5 17.5
31.5 23.5
31.5 24.5
31.5 39.5
31.5 62.5
31.5 63.5
31.5 64.5
32.5 15.5
32.5 16.5
32.5 17.5
32.5 31.5
32.5 32.5
32.5 39.5
32.5 40.5
32.5 62.5
32.5 63.5
33.5 14.5
33.5 15.5
33.5 16.5
33.5 30.5
33.5 31.5
33.5 32.5
33.5 39.5
33.5 40.5
33.5 41.5
33.5 61.5
33.5 62.5
33.5 63.5
34.5 14.5
34.5 15.5
34.5 16.5
34.5 30.5
34.5 31.5
34.5 32.5
34.5 39.5
34.5 40.5
34.5 41.5
34.5 42.5
34.5 60.5
34.5 61.5
34.5 62.5
35.5 13.5
35.5 14.5
35.5 15.5
35.5 29.5
35.5 30.5
35.5 31.5
35.5 40.5
35.5 41.5
35.5 42.5
35.5 60.5
35.5 61.5
35.5 62.5
36.5 13.5
36.5 14.5
36.5 28.5
36.5 29.5
36.5 30.5
36.5 31.5
36.5 41.5
36.5 42.5
36.5 43.5
36.5 60.5
36.5 61.5
37.5 13.5
37.5 28.5
37.5 29.5
37.5 30.5
37.5 42.5
37.5 43.5
37.5 59.5
37.5 60.5
38.5 28.5
38.5 29.5
44.5 11.5
44.5 12.5
44.5 44.5
44.5 45.5
44.5 57.5
45.5 10.5
45.5 11.5
45.5 26.5
45.5 27.5
45.5 44.5
45.5 45.5
45.5 46.5
45.5 56.5
45.5 57.5
46.5 9.5
46.5 10.5
46.5 11.5
46.5 25.5
46.5 26.5
46.5 27.5
46.5 44.5
46.5 45.5
46.5 46.5
46.5 55.5
46.5 56.5
46.5 57.5
47.5 9.5
47.5 10.5
47.5 11.5
47.5 25.5
47.5 26.5
47.5 27.5
47.5 44.5
47.5 45.5
47.5 46.5
47.5 47.5
47.5 55.5
47.5 56.5
47.5 57.5
48.5 9.5
48.5 10.5
48.5 24.5
48.5 25.5
48.5 26.5
48.5 45.5
48.5 46.5
48.5 47.5
48.5 54.5
48.5 55.5
48.5 56.5
49.5 8.5
49.5 9.5
49.5 10.5
49.5 24.5
49.5 25.5
49.5 26.5
49.5 45.5
49.5 46.5
49.5 47.5
49.5 54.5
49.5 55.5
50.5 8.5
50.5 9.5
50.5 23.5
50.5 24.5
50.5 25.5
50.5 46.5
50.5 47.5
50.5 54.5
50.5 55.5
51.5 8.5
51.5 16.5
51.5 17.5
51.5 23.5
51.5 24.5
51.5 47.5
51.5 63.5
52.5 15.5
52.5 16.5
52.5 17.5
52.5 23.5
52.5 32.5
52.5 33.5
52.5 39.5
52.5 40.5
52.5 62.5
52.5 63.5
52.5 64.5
53.5 15.5
53.5 16.5
53.5 31.5
53.5 32.5
53.5 33.5
53.5 39.5
53.5 40.5
53.5 61.5
53.5 62.5
53.5 63.5
54.5 14.5
54.5 15.5
54.5 16.5
54.5 30.5
54.5 31.5
54.5 32.5
54.5 39.5
54.5 40.5
54.5 41.5
54.5 60.5
54.5 61.5
54.5 62.5
54.5 63.5
55.5 14.5
55.5 15.5
55.5 16.5
55.5 30.5
55.5 31.5
55.5 32.5
55.5 40.5
55.5 41.5
55.5 42.5
55.5 59.5
55.5 60.5
55.5 61.5
55.5 62.5
55.5 63.5
56.5 13.5
56.5 14.5
56.5 15.5
56.5 29.5
56.5 30.5
56.5 31.5
56.5 41.5
56.5 42.5
56.5 59.5
56.5 60.5
56.5 61.5
56.5 62.5
57.5 13.5
57.5 14.5
57.5 15.5
57.5 29.5
57.5 30.5
57.5 31.5
57.5 41.5
57.5 42.5
57.5 59.5
57.5 60.5
57.5 61.5
58.5 13.5
58.5 14.5
58.5 29.5
58.5 30.5
58.5 42.5
58.5 59.5
