2.5 12.5
2.5 44.5
2.5 58.5
3.5 11.5
3.5 12.5
3.5 28.5
3.5 29.5
3.5 44.5
3.5 45.5
3.5 46.5
3.5 57.5
3.5 58.5
4.5 10.5
4.5 11.5
4.5 29.5
4.5 30.5
4.5 45.5
4.5 46.5
4.5 47.5
4.5 56.5
4.5 57.5
5.5 9.5
5.5 10.5
5.5 29.5
5.5 30.5
5.5 31.5
5.5 46.5
5.5 47.5
5.5 48.5
5.5 55.5
5.5 56.5
5.5 57.5
6.5 8.5
6.5 9.5
6.5 30.5
6.5 31.5
6.5 32.5
6.5 47.5
6.5 48.5
6.5 55.5
6.5 56.5
7.5 8.5
7.5 31.5
7.5 32.5
7.5 33.5
7.5 49.5
7.5 54.5
7.5 55.5
7.5 63.5
8.5 16.5
8.5 17.5
8.5 23.5
8.5 33.5
8.5 39.5
8.5 40.5
8.5 62.5
8.5 63.5
9.5 15.5
9.5 16.5
9.5 17.5
9.5 23.5
9.5 24.5
9.5 39.5
9.5 40.5
9.5 41.5
9.5 61.5
9.5 62.5
10.5 14.5
10.5 15.5
10.5 16.5
10.5 24.5
10.5 25.5
10.5 40.5
10.5 41.5
10.5 42.5
10.5 60.5
10.5 61.5
11.5 14.5
11.5 15.5
11.5 25.5
11.5 26.5
11.5 41.5
11.5 42.5
11.5 43.5
11.5 59.5
11.5 60.5
12.5 13.5
12.5 14.5
12.5 26.5
12.5 27.5
12.5 43.5
12.5 44.5
12.5 59.5
13.5 27.5
17.5 59.5
18.5 12.5
18.5 28.5
18.5 43.5
18.5 44.5
18.5 59.5
18.5 60.5
19.5 11.5
19.5 12.5
19.5 27.5
19.5 28.5
19.5 44.5
19.5 45.5
19.5 60.5
19.5 61.5
20.5 10.5
20.5 11.5
20.5 26.5
20.5 27.5
20.5 44.5
20.5 45.5
20.5 46.5
20.5 47.5
20.5 60.5
20.5 61.5
21.5 9.5
21.5 10.5
21.5 26.5
21.5 27.5
21.5 45.5
21.5 46.5
21.5 47.5
21.5 61.5
21.5 62.5
22.5 8.5
22.5 9.5
22.5 25.5
22.5 26.5
22.5 47.5
22.5 48.5
22.5 62.5
23.5 25.5
23.5 33.5
23.5 38.5
23.5 48.5
23.5 54.5
23.5 55.5
24.5 17.5
24.5 18.5
24.5 19.5
24.5 32.5
24.5 33.5
24.5 38.5
24.5 39.5
24.5 54.5
24.5 55.5
25.5 16.5
25.5 17.5
25.5 18.5
25.5 32.5
25.5 39.5
25.5 40.5
25.5 55.5
25.5 56.5
26.5 15.5
26.5 16.5
26.5 17.5
26.5 31.5
26.5 32.5
26.5 40.5
26.5 41.5
26.5 55.5
26.5 56.5
26.5 57.5
27.5 14.5
27.5 15.5
27.5 16.5
27.5 30.5
27.5 31.5
27.5 41.5
27.5 42.5
27.5 56.5
27.5 57.5
28.5 30.5
28.5 42.5
28.5 43.5
28.5 57.5
33.5 14.5
33.5 30.5
33.5 42.5
33.5 43.5
33.5 57.5
34.5 14.5
34.5 15.5
34.5 16.5
34.5 30.5
34.5 31.5
34.5 41.5
34.5 42.5
34.5 56.5
34.5 57.5
35.5 15.5
35.5 16.5
35.5 17.5
35.5 31.5
35.5 32.5
35.5 40.5
35.5 41.5
35.5 55.5
35.5 56.5
36.5 16.5
36.5 17.5
36.5 18.5
36.5 32.5
36.5 33.5
36.5 39.5
36.5 40.5
36.5 54.5
36.5 55.5
36.5 56.5
37.5 8.5
37.5 17.5
37.5 18.5
37.5 33.5
37.5 38.5
37.5 39.5
37.5 54.5
37.5 55.5
38.5 9.5
38.5 18.5
38.5 19.5
38.5 48.5
38.5 53.5
38.5 54.5
38.5 62.5
39.5 9.5
39.5 10.5
39.5 24.5
39.5 25.5
39.5 26.5
39.5 46.5
39.5 47.5
39.5 48.5
39.5 61.5
39.5 62.5
40.5 10.5
40.5 11.5
40.5 25.5
40.5 26.5
40.5 27.5
40.5 45.5
40.5 46.5
40.5 47.5
40.5 60.5
40.5 61.5
41.5 11.5
41.5 12.5
41.5 26.5
41.5 27.5
41.5 28.5
41.5 44.5
41.5 45.5
41.5 46.5
41.5 59.5
41.5 60.5
41.5 61.5
42.5 12.5
42.5 27.5
42.5 28.5
42.5 43.5
42.5 44.5
42.5 59.5
42.5 60.5
43.5 58.5
48.5 11.5
48.5 12.5
48.5 28.5
48.5 44.5
48.5 58.5
49.5 10.5
49.5 11.5
49.5 12.5
49.5 28.5
49.5 29.5
49.5 30.5
49.5 44.5
49.5 45.5
49.5 46.5
49.5 56.5
49.5 57.5
50.5 10.5
50.5 11.5
50.5 29.5
50.5 30.5
50.5 31.5
50.5 45.5
50.5 46.5
50.5 55.5
50.5 56.5
51.5 9.5
51.5 10.5
51.5 30.5
51.5 31.5
51.5 46.5
51.5 47.5
51.5 54.5
51.5 55.5
52.5 8.5
52.5 9.5
52.5 31.5
52.5 32.5
52.5 47.5
52.5 48.5
52.5 54.5
53.5 8.5
53.5 32.5
53.5 33.5
53.5 39.5
53.5 62.5
53.5 63.5
54.5 16.5
54.5 17.5
54.5 22.5
54.5 23.5
54.5 39.5
54.5 40.5
54.5 61.5
54.5 62.5
54.5 63.5
55.5 15.5
55.5 16.5
55.5 23.5
55.5 24.5
55.5 40.5
55.5 41.5
55.5 60.5
55.5 61.5
55.5 62.5
56.5 14.5
56.5 15.5
56.5 24.5
56.5 25.5
56.5 26.5
56.5 40.5
56.5 41.5
56.5 42.5
56.5 59.5
56.5 60.5
56.5 61.5
57.5 13.5
57.5 14.5
57.5 25.5
57.5 26.5
57.5 27.5
57.5 41.5
57.5 42.5
57.5 58.5
57.5 59.5
57.5 60.5
58.5 13.5
58.5 26.5
58.5 27.5
58.5 42.5
58.5 43.5
59.5 28.5
