2.5 9.5
2.5 20.5
2.5 42.5
2.5 49.5
2.5 60.5
2.5 61.5
2.5 62.5
3.5 8.5
3.5 18.5
3.5 19.5
3.5 32.5
3.5 42.5
3.5 43.5
3.5 48.5
3.5 49.5
3.5 62.5
3.5 63.5
4.5 7.5
4.5 18.5
4.5 32.5
4.5 33.5
4.5 43.5
4.5 48.5
5.5 13.5
5.5 57.5
6.5 12.5
6.5 23.5
6.5 28.5
6.5 38.5
6.5 39.5
6.5 52.5
6.5 57.5
6.5 58.5
7.5 11.5
7.5 12.5
7.5 22.5
7.5 23.5
7.5 28.5
7.5 29.5
7.5 39.5
7.5 51.5
7.5 52.5
7.5 58.5
8.5 21.5
8.5 22.5
8.5 29.5
8.5 30.5
8.5 40.5
8.5 51.5
12.5 59.5
13.5 11.5
13.5 22.5
13.5 31.5
13.5 41.5
13.5 42.5
13.5 49.5
13.5 59.5
14.5 11.5
14.5 12.5
14.5 23.5
14.5 31.5
14.5 32.5
14.5 42.5
14.5 43.5
14.5 48.5
14.5 49.5
14.5 58.5
15.5 12.5
15.5 24.5
15.5 32.5
15.5 63.5
16.5 7.5
16.5 17.5
16.5 28.5
16.5 37.5
16.5 53.5
16.5 54.5
16.5 62.5
16.5 63.5
17.5 8.5
17.5 18.5
17.5 19.5
17.5 29.5
17.5 38.5
17.5 39.5
17.5 52.5
17.5 53.5
17.5 62.5
17.5 63.5
18.5 9.5
18.5 19.5
18.5 20.5
18.5 29.5
18.5 39.5
18.5 51.5
18.5 52.5
18.5 62.5
18.5 63.5
22.5 51.5
23.5 8.5
23.5 29.5
23.5 40.5
23.5 50.5
23.5 63.5
24.5 7.5
24.5 21.5
24.5 22.5
24.5 28.5
24.5 39.5
24.5 40.5
24.5 49.5
24.5 64.5
25.5 22.5
25.5 23.5
25.5 28.5
25.5 38.5
25.5 39.5
25.5 65.5
26.5 44.5
26.5 54.5
26.5 59.5
27.5 11.5
27.5 12.5
27.5 17.5
27.5 32.5
27.5 33.5
27.5 43.5
27.5 53.5
27.5 59.5
27.5 60.5
28.5 10.5
28.5 11.5
28.5 12.5
28.5 18.5
28.5 31.5
28.5 32.5
28.5 43.5
28.5 52.5
28.5 60.5
28.5 61.5
29.5 19.5
33.5 10.5
33.5 11.5
33.5 31.5
33.5 43.5
33.5 50.5
33.5 61.5
33.5 62.5
34.5 11.5
34.5 12.5
34.5 22.5
34.5 32.5
34.5 33.5
34.5 43.5
34.5 44.5
34.5 49.5
34.5 60.5
34.5 61.5
35.5 13.5
35.5 22.5
35.5 23.5
35.5 34.5
35.5 44.5
35.5 48.5
35.5 59.5
35.5 60.5
36.5 7.5
36.5 23.5
36.5 27.5
37.5 8.5
37.5 18.5
37.5 28.5
37.5 29.5
37.5 39.5
37.5 40.5
37.5 52.5
37.5 53.5
37.5 54.5
37.5 64.5
38.5 19.5
38.5 29.5
38.5 30.5
38.5 40.5
38.5 52.5
38.5 53.5
38.5 63.5
42.5 9.5
43.5 8.5
43.5 19.5
43.5 20.5
43.5 29.5
43.5 30.5
43.5 42.5
43.5 53.5
43.5 54.5
43.5 61.5
44.5 7.5
44.5 18.5
44.5 19.5
44.5 28.5
44.5 29.5
44.5 42.5
44.5 43.5
44.5 55.5
44.5 60.5
45.5 13.5
45.5 18.5
45.5 43.5
46.5 12.5
46.5 13.5
46.5 33.5
46.5 48.5
46.5 49.5
46.5 63.5
47.5 11.5
47.5 12.5
47.5 22.5
47.5 23.5
47.5 32.5
47.5 33.5
47.5 38.5
47.5 39.5
47.5 49.5
47.5 50.5
47.5 51.5
47.5 63.5
48.5 22.5
48.5 31.5
48.5 32.5
48.5 39.5
48.5 51.5
48.5 62.5
49.5 40.5
52.5 11.5
52.5 63.5
53.5 11.5
53.5 12.5
53.5 22.5
53.5 31.5
53.5 52.5
53.5 53.5
53.5 64.5
54.5 12.5
54.5 13.5
54.5 22.5
54.5 32.5
54.5 39.5
54.5 52.5
54.5 53.5
55.5 12.5
55.5 13.5
55.5 22.5
55.5 33.5
55.5 38.5
55.5 53.5
55.5 54.5
56.5 7.5
56.5 27.5
56.5 54.5
56.5 60.5
57.5 8.5
57.5 18.5
57.5 27.5
57.5 28.5
57.5 43.5
57.5 48.5
57.5 60.5
57.5 61.5
58.5 8.5
58.5 9.5
58.5 18.5
58.5 28.5
58.5 29.5
58.5 41.5
58.5 42.5
58.5 43.5
58.5 49.5
58.5 60.5
58.5 61.5
59.5 9.5
59.5 18.5
59.5 29.5
59.5 41.5
59.5 50.5
59.5 61.5
