2.5 35.5
3.5 12.5
3.5 25.5
3.5 36.5
3.5 46.5
3.5 59.5
4.5 13.5
4.5 26.5
4.5 37.5
4.5 44.5
4.5 45.5
4.5 58.5
5.5 14.5
5.5 26.5
5.5 27.5
5.5 38.5
5.5 43.5
5.5 57.5
5.5 58.5
6.5 7.5
6.5 15.5
6.5 57.5
7.5 8.5
7.5 20.5
7.5 32.5
7.5 51.5
7.5 64.5
8.5 8.5
8.5 9.5
8.5 21.5
8.5 33.5
8.5 49.5
8.5 50.5
8.5 63.5
9.5 9.5
9.5 22.5
9.5 34.5
9.5 48.5
9.5 49.5
9.5 62.5
10.5 10.5
10.5 23.5
10.5 61.5
14.5 34.5
15.5 10.5
15.5 22.5
15.5 47.5
16.5 9.5
16.5 21.5
16.5 33.5
16.5 45.5
16.5 46.5
16.5 61.5
16.5 62.5
17.5 8.5
17.5 9.5
17.5 20.5
17.5 32.5
17.5 44.5
17.5 45.5
17.5 63.5
18.5 8.5
18.5 19.5
18.5 32.5
18.5 43.5
19.5 14.5
19.5 27.5
19.5 38.5
19.5 56.5
20.5 13.5
20.5 25.5
20.5 26.5
20.5 37.5
20.5 51.5
20.5 57.5
20.5 58.5
21.5 12.5
21.5 13.5
21.5 25.5
21.5 36.5
21.5 37.5
21.5 49.5
21.5 50.5
21.5 58.5
21.5 59.5
22.5 12.5
22.5 24.5
22.5 36.5
22.5 49.5
22.5 59.5
27.5 12.5
27.5 23.5
27.5 60.5
27.5 61.5
28.5 13.5
28.5 21.5
28.5 22.5
28.5 34.5
28.5 35.5
28.5 46.5
28.5 47.5
28.5 61.5
28.5 62.5
29.5 14.5
29.5 20.5
29.5 21.5
29.5 34.5
29.5 45.5
29.5 46.5
29.5 62.5
29.5 63.5
30.5 19.5
30.5 33.5
30.5 44.5
31.5 8.5
31.5 32.5
32.5 9.5
32.5 26.5
32.5 27.5
32.5 38.5
32.5 39.5
32.5 51.5
32.5 56.5
32.5 57.5
33.5 10.5
33.5 25.5
33.5 26.5
33.5 37.5
33.5 38.5
33.5 50.5
33.5 57.5
33.5 58.5
34.5 24.5
34.5 37.5
34.5 49.5
34.5 58.5
34.5 59.5
39.5 12.5
39.5 37.5
39.5 47.5
39.5 60.5
40.5 13.5
40.5 22.5
40.5 23.5
40.5 38.5
40.5 39.5
40.5 46.5
40.5 47.5
40.5 61.5
40.5 62.5
41.5 14.5
41.5 21.5
41.5 22.5
41.5 39.5
41.5 40.5
41.5 45.5
41.5 46.5
41.5 62.5
41.5 63.5
42.5 15.5
42.5 20.5
43.5 8.5
44.5 9.5
44.5 27.5
44.5 32.5
44.5 33.5
44.5 51.5
44.5 56.5
44.5 57.5
45.5 10.5
45.5 26.5
45.5 33.5
45.5 34.5
45.5 35.5
45.5 50.5
45.5 57.5
45.5 58.5
46.5 11.5
46.5 25.5
46.5 35.5
46.5 36.5
46.5 49.5
46.5 59.5
47.5 24.5
51.5 12.5
51.5 24.5
51.5 35.5
52.5 12.5
52.5 13.5
52.5 25.5
52.5 33.5
52.5 34.5
52.5 47.5
52.5 61.5
52.5 62.5
53.5 13.5
53.5 14.5
53.5 26.5
53.5 32.5
53.5 46.5
53.5 47.5
53.5 62.5
53.5 63.5
54.5 15.5
54.5 31.5
54.5 46.5
55.5 20.5
55.5 39.5
55.5 45.5
56.5 8.5
56.5 21.5
56.5 38.5
56.5 39.5
56.5 45.5
56.5 56.5
57.5 9.5
57.5 22.5
57.5 37.5
57.5 38.5
57.5 51.5
57.5 57.5
57.5 58.5
58.5 10.5
58.5 23.5
58.5 37.5
58.5 50.5
58.5 59.5
59.5 10.5
59.5 36.5
59.5 49.5
