1.5 9.5
1.5 21.5
1.5 30.5
1.5 40.5
1.5 51.5
1.5 60.5
2.5 20.5
2.5 31.5
2.5 41.5
2.5 50.5
2.5 61.5
3.5 8.5
3.5 19.5
3.5 20.5
3.5 31.5
3.5 42.5
3.5 49.5
3.5 62.5
4.5 8.5
4.5 18.5
4.5 19.5
4.5 24.5
4.5 32.5
4.5 42.5
4.5 49.5
4.5 56.5
4.5 63.5
5.5 7.5
5.5 17.5
5.5 18.5
5.5 24.5
5.5 26.5
5.5 32.5
5.5 33.5
5.5 37.5
5.5 43.5
5.5 48.5
5.5 54.5
5.5 57.5
5.5 64.5
6.5 7.5
6.5 14.5
6.5 17.5
6.5 23.5
6.5 27.5
6.5 33.5
6.5 38.5
6.5 47.5
6.5 53.5
6.5 57.5
6.5 65.5
7.5 6.5
7.5 13.5
7.5 16.5
7.5 23.5
7.5 28.5
7.5 34.5
7.5 38.5
7.5 44.5
7.5 53.5
7.5 58.5
7.5 66.5
8.5 6.5
8.5 12.5
8.5 15.5
8.5 22.5
8.5 28.5
8.5 39.5
8.5 45.5
8.5 46.5
8.5 52.5
8.5 59.5
9.5 11.5
9.5 22.5
9.5 29.5
9.5 39.5
9.5 52.5
9.5 59.5
9.5 60.5
10.5 10.5
10.5 21.5
10.5 29.5
10.5 40.5
10.5 51.5
10.5 60.5
11.5 9.5
11.5 21.5
11.5 30.5
11.5 40.5
11.5 51.5
11.5 61.5
12.5 9.5
12.5 31.5
12.5 41.5
12.5 50.5
12.5 62.5
13.5 10.5
13.5 21.5
13.5 52.5
13.5 62.5
14.5 10.5
14.5 11.5
14.5 21.5
14.5 30.5
14.5 40.5
14.5 51.5
14.5 61.5
15.5 11.5
15.5 31.5
15.5 41.5
15.5 50.5
15.5 60.5
15.5 65.5
16.5 12.5
16.5 17.5
16.5 22.5
16.5 32.5
16.5 42.5
16.5 49.5
16.5 59.5
17.5 12.5
17.5 13.5
17.5 22.5
17.5 26.5
17.5 32.5
17.5 36.5
17.5 42.5
17.5 43.5
17.5 48.5
17.5 56.5
17.5 59.5
17.5 64.5
18.5 5.5
18.5 13.5
18.5 18.5
18.5 23.5
18.5 27.5
18.5 33.5
18.5 37.5
18.5 43.5
18.5 47.5
18.5 55.5
18.5 58.5
18.5 63.5
18.5 64.5
19.5 6.5
19.5 14.5
19.5 18.5
19.5 23.5
19.5 27.5
19.5 28.5
19.5 34.5
19.5 37.5
19.5 38.5
19.5 44.5
19.5 46.5
19.5 53.5
19.5 54.5
19.5 57.5
19.5 63.5
20.5 7.5
20.5 15.5
20.5 19.5
20.5 28.5
20.5 38.5
20.5 52.5
20.5 53.5
20.5 62.5
20.5 63.5
21.5 7.5
21.5 8.5
21.5 19.5
21.5 24.5
21.5 28.5
21.5 29.5
21.5 39.5
21.5 51.5
21.5 62.5
22.5 8.5
22.5 9.5
22.5 19.5
22.5 29.5
22.5 40.5
22.5 50.5
22.5 62.5
23.5 9.5
23.5 10.5
23.5 20.5
23.5 30.5
23.5 49.5
23.5 61.5
24.5 10.5
24.5 20.5
24.5 40.5
24.5 50.5
24.5 62.5
25.5 11.5
25.5 29.5
25.5 40.5
25.5 50.5
25.5 61.5
26.5 10.5
26.5 20.5
26.5 30.5
26.5 39.5
26.5 51.5
26.5 60.5
27.5 9.5
27.5 10.5
27.5 20.5
27.5 31.5
27.5 39.5
27.5 51.5
27.5 52.5
27.5 59.5
28.5 8.5
28.5 9.5
28.5 19.5
28.5 31.5
28.5 32.5
28.5 38.5
28.5 44.5
28.5 46.5
28.5 52.5
28.5 58.5
28.5 59.5
29.5 7.5
29.5 8.5
29.5 19.5
29.5 23.5
29.5 25.5
29.5 32.5
29.5 38.5
29.5 46.5
29.5 52.5
29.5 53.5
29.5 58.5
30.5 6.5
30.5 7.5
30.5 15.5
30.5 18.5
30.5 23.5
30.5 26.5
30.5 33.5
30.5 37.5
30.5 43.5
30.5 47.5
30.5 53.5
30.5 57.5
31.5 6.5
31.5 14.5
31.5 18.5
31.5 26.5
31.5 33.5
31.5 34.5
31.5 37.5
31.5 42.5
31.5 48.5
31.5 54.5
31.5 56.5
31.5 64.5
31.5 65.5
31.5 66.5
32.5 5.5
32.5 13.5
32.5 17.5
32.5 22.5
32.5 27.5
32.5 34.5
32.5 42.5
32.5 48.5
32.5 62.5
32.5 63.5
32.5 64.5
33.5 12.5
33.5 22.5
33.5 27.5
33.5 28.5
33.5 41.5
33.5 49.5
33.5 60.5
33.5 61.5
33.5 62.5
34.5 11.5
34.5 28.5
34.5 29.5
34.5 41.5
34.5 49.5
34.5 59.5
34.5 60.5
35.5 10.5
35.5 21.5
35.5 29.5
35.5 40.5
35.5 50.5
36.5 9.5
36.5 21.5
36.5 30.5
36.5 40.5
36.5 50.5
37.5 9.5
37.5 30.5
37.5 41.5
37.5 63.5
38.5 10.5
38.5 31.5
38.5 40.5
38.5 49.5
38.5 62.5
38.5 63.5
39.5 10.5
39.5 11.5
39.5 20.5
39.5 29.5
39.5 40.5
39.5 49.5
39.5 60.5
39.5 61.5
39.5 62.5
40.5 11.5
40.5 12.5
40.5 19.5
40.5 30.5
40.5 39.5
40.5 54.5
40.5 59.5
40.5 60.5
40.5 61.5
41.5 12.5
41.5 19.5
41.5 31.5
41.5 32.5
41.5 38.5
41.5 44.5
41.5 48.5
41.5 54.5
41.5 58.5
41.5 59.5
42.5 5.5
42.5 12.5
42.5 13.5
42.5 18.5
42.5 32.5
42.5 33.5
42.5 38.5
42.5 44.5
42.5 48.5
42.5 53.5
42.5 57.5
42.5 58.5
42.5 66.5
43.5 6.5
43.5 13.5
43.5 18.5
43.5 25.5
43.5 33.5
43.5 34.5
43.5 37.5
43.5 43.5
43.5 53.5
43.5 56.5
43.5 57.5
43.5 65.5
44.5 7.5
44.5 14.5
44.5 17.5
44.5 23.5
44.5 26.5
44.5 35.5
44.5 42.5
44.5 43.5
44.5 47.5
44.5 52.5
44.5 53.5
44.5 64.5
45.5 7.5
45.5 8.5
45.5 15.5
45.5 17.5
45.5 22.5
45.5 27.5
45.5 42.5
45.5 52.5
45.5 63.5
45.5 64.5
46.5 8.5
46.5 21.5
46.5 28.5
46.5 29.5
46.5 42.5
46.5 52.5
46.5 63.5
47.5 9.5
47.5 20.5
47.5 21.5
47.5 29.5
47.5 30.5
47.5 41.5
47.5 51.5
47.5 62.5
48.5 10.5
48.5 20.5
48.5 31.5
48.5 41.5
48.5 51.5
48.5 61.5
48.5 62.5
49.5 10.5
49.5 19.5
49.5 40.5
49.5 62.5
50.5 8.5
50.5 11.5
50.5 31.5
50.5 41.5
50.5 52.5
50.5 63.5
51.5 9.5
51.5 20.5
51.5 30.5
51.5 41.5
51.5 52.5
51.5 63.5
52.5 10.5
52.5 19.5
52.5 29.5
52.5 30.5
52.5 40.5
52.5 52.5
52.5 63.5
52.5 64.5
53.5 11.5
53.5 18.5
53.5 29.5
53.5 39.5
53.5 40.5
53.5 52.5
53.5 57.5
53.5 64.5
54.5 5.5
54.5 12.5
54.5 17.5
54.5 24.5
54.5 28.5
54.5 35.5
54.5 39.5
54.5 45.5
54.5 47.5
54.5 52.5
54.5 53.5
54.5 58.5
54.5 64.5
54.5 65.5
55.5 6.5
55.5 13.5
55.5 17.5
55.5 23.5
55.5 28.5
55.5 34.5
55.5 38.5
55.5 39.5
55.5 53.5
55.5 58.5
55.5 59.5
55.5 65.5
56.5 7.5
56.5 14.5
56.5 16.5
56.5 22.5
56.5 23.5
56.5 27.5
56.5 33.5
56.5 34.5
56.5 38.5
56.5 44.5
56.5 48.5
56.5 53.5
56.5 59.5
56.5 68.5
57.5 7.5
57.5 8.5
57.5 22.5
57.5 33.5
57.5 43.5
57.5 53.5
57.5 59.5
57.5 60.5
58.5 8.5
58.5 9.5
58.5 21.5
58.5 22.5
58.5 32.5
58.5 33.5
58.5 42.5
58.5 49.5
58.5 59.5
58.5 60.5
59.5 9.5
59.5 10.5
59.5 20.5
59.5 21.5
59.5 32.5
59.5 42.5
59.5 60.5
60.5 10.5
60.5 20.5
60.5 31.5
60.5 41.5
60.5 50.5
60.5 61.5
61.5 11.5
61.5 61.5
