3.5 13.5
3.5 42.5
3.5 57.5
3.5 58.5
4.5 14.5
4.5 15.5
4.5 28.5
4.5 29.5
4.5 40.5
4.5 41.5
4.5 55.5
4.5 56.5
4.5 57.5
5.5 16.5
5.5 30.5
5.5 31.5
5.5 39.5
5.5 40.5
5.5 54.5
5.5 55.5
6.5 8.5
6.5 31.5
6.5 32.5
6.5 38.5
7.5 8.5
7.5 9.5
7.5 22.5
7.5 23.5
7.5 47.5
7.5 48.5
7.5 63.5
7.5 64.5
8.5 10.5
8.5 24.5
8.5 25.5
8.5 45.5
8.5 46.5
8.5 47.5
8.5 61.5
8.5 62.5
8.5 63.5
9.5 11.5
9.5 26.5
9.5 27.5
9.5 44.5
9.5 45.5
9.5 60.5
9.5 61.5
10.5 59.5
10.5 60.5
15.5 13.5
15.5 14.5
15.5 25.5
15.5 26.5
15.5 27.5
15.5 42.5
15.5 43.5
15.5 58.5
15.5 59.5
16.5 14.5
16.5 15.5
16.5 24.5
16.5 25.5
16.5 40.5
16.5 41.5
16.5 56.5
16.5 57.5
16.5 58.5
17.5 16.5
17.5 23.5
17.5 24.5
17.5 39.5
17.5 55.5
17.5 56.5
18.5 17.5
19.5 8.5
19.5 9.5
19.5 32.5
19.5 47.5
19.5 48.5
20.5 9.5
20.5 10.5
20.5 30.5
20.5 31.5
20.5 45.5
20.5 46.5
20.5 62.5
20.5 63.5
20.5 64.5
21.5 11.5
21.5 12.5
21.5 29.5
21.5 44.5
21.5 60.5
21.5 61.5
21.5 62.5
22.5 59.5
26.5 43.5
27.5 11.5
27.5 12.5
27.5 28.5
27.5 29.5
27.5 30.5
27.5 44.5
27.5 45.5
27.5 59.5
28.5 9.5
28.5 10.5
28.5 11.5
28.5 30.5
28.5 31.5
28.5 45.5
28.5 46.5
28.5 60.5
28.5 61.5
29.5 8.5
29.5 9.5
29.5 32.5
29.5 33.5
29.5 47.5
29.5 61.5
29.5 62.5
30.5 38.5
30.5 62.5
30.5 63.5
31.5 17.5
31.5 23.5
31.5 24.5
31.5 39.5
31.5 40.5
31.5 53.5
31.5 64.5
32.5 15.5
32.5 16.5
32.5 24.5
32.5 25.5
32.5 40.5
32.5 41.5
32.5 54.5
32.5 55.5
33.5 14.5
33.5 15.5
33.5 26.5
33.5 27.5
33.5 41.5
33.5 42.5
33.5 55.5
33.5 56.5
34.5 13.5
34.5 57.5
39.5 12.5
39.5 13.5
39.5 28.5
39.5 29.5
39.5 41.5
39.5 42.5
40.5 13.5
40.5 14.5
40.5 15.5
40.5 29.5
40.5 30.5
40.5 40.5
40.5 41.5
40.5 57.5
40.5 58.5
41.5 15.5
41.5 16.5
41.5 31.5
41.5 32.5
41.5 39.5
41.5 40.5
41.5 54.5
41.5 55.5
41.5 56.5
41.5 57.5
42.5 32.5
42.5 33.5
42.5 38.5
42.5 39.5
42.5 53.5
42.5 54.5
43.5 9.5
43.5 22.5
43.5 48.5
44.5 9.5
44.5 10.5
44.5 23.5
44.5 24.5
44.5 25.5
44.5 46.5
44.5 47.5
44.5 63.5
44.5 64.5
45.5 11.5
45.5 25.5
45.5 26.5
45.5 45.5
45.5 46.5
45.5 61.5
45.5 62.5
46.5 12.5
46.5 27.5
46.5 44.5
46.5 60.5
51.5 14.5
51.5 15.5
51.5 44.5
51.5 60.5
52.5 15.5
52.5 16.5
52.5 25.5
52.5 26.5
52.5 27.5
52.5 41.5
52.5 42.5
52.5 43.5
52.5 61.5
52.5 62.5
53.5 17.5
53.5 23.5
53.5 24.5
53.5 25.5
53.5 40.5
53.5 41.5
53.5 62.5
53.5 63.5
54.5 18.5
54.5 64.5
55.5 8.5
55.5 9.5
55.5 10.5
55.5 33.5
55.5 48.5
55.5 54.5
56.5 10.5
56.5 11.5
56.5 12.5
56.5 31.5
56.5 32.5
56.5 46.5
56.5 47.5
56.5 55.5
56.5 56.5
57.5 13.5
57.5 14.5
57.5 30.5
57.5 31.5
57.5 45.5
57.5 57.5
57.5 58.5
58.5 59.5
