2.5 10.5
2.5 41.5
3.5 32.5
3.5 60.5
4.5 9.5
4.5 22.5
4.5 32.5
4.5 40.5
4.5 53.5
5.5 9.5
5.5 33.5
5.5 53.5
5.5 59.5
6.5 8.5
6.5 23.5
6.5 34.5
6.5 39.5
6.5 59.5
7.5 8.5
7.5 48.5
7.5 54.5
8.5 14.5
8.5 28.5
8.5 43.5
8.5 48.5
8.5 58.5
8.5 63.5
9.5 19.5
9.5 29.5
9.5 43.5
10.5 13.5
10.5 19.5
10.5 30.5
10.5 49.5
10.5 62.5
11.5 12.5
11.5 20.5
11.5 30.5
11.5 42.5
11.5 49.5
11.5 62.5
12.5 12.5
12.5 20.5
12.5 31.5
12.5 49.5
12.5 61.5
13.5 11.5
17.5 32.5
18.5 10.5
18.5 32.5
18.5 61.5
19.5 9.5
19.5 20.5
19.5 32.5
19.5 39.5
19.5 61.5
20.5 9.5
20.5 32.5
20.5 51.5
20.5 61.5
21.5 8.5
21.5 19.5
21.5 32.5
21.5 38.5
22.5 19.5
22.5 38.5
22.5 52.5
23.5 24.5
23.5 28.5
24.5 13.5
24.5 28.5
24.5 47.5
24.5 57.5
25.5 13.5
25.5 23.5
25.5 42.5
26.5 12.5
26.5 23.5
26.5 29.5
26.5 41.5
26.5 48.5
26.5 58.5
27.5 29.5
27.5 41.5
27.5 58.5
28.5 22.5
28.5 49.5
29.5 40.5
33.5 10.5
34.5 9.5
34.5 22.5
34.5 58.5
35.5 9.5
35.5 29.5
35.5 39.5
35.5 49.5
35.5 58.5
36.5 8.5
36.5 23.5
36.5 29.5
36.5 39.5
36.5 49.5
36.5 58.5
37.5 8.5
37.5 23.5
37.5 38.5
38.5 7.5
38.5 28.5
38.5 53.5
38.5 62.5
39.5 13.5
39.5 24.5
39.5 44.5
39.5 53.5
39.5 62.5
40.5 13.5
40.5 19.5
40.5 32.5
40.5 43.5
40.5 53.5
40.5 62.5
41.5 12.5
41.5 19.5
41.5 32.5
41.5 43.5
41.5 62.5
42.5 42.5
42.5 62.5
43.5 11.5
43.5 20.5
43.5 31.5
43.5 62.5
48.5 42.5
48.5 53.5
48.5 61.5
49.5 9.5
49.5 30.5
49.5 43.5
49.5 61.5
50.5 9.5
50.5 19.5
50.5 30.5
50.5 43.5
50.5 54.5
51.5 8.5
51.5 18.5
51.5 29.5
51.5 43.5
51.5 54.5
51.5 60.5
52.5 8.5
52.5 29.5
52.5 44.5
52.5 60.5
53.5 13.5
53.5 17.5
53.5 28.5
53.5 44.5
54.5 23.5
54.5 28.5
54.5 34.5
54.5 39.5
54.5 50.5
55.5 12.5
55.5 22.5
55.5 39.5
55.5 50.5
55.5 64.5
56.5 22.5
56.5 33.5
56.5 40.5
56.5 51.5
56.5 64.5
57.5 11.5
57.5 21.5
57.5 33.5
57.5 40.5
57.5 51.5
57.5 63.5
58.5 21.5
58.5 32.5
