3.5 22.5
3.5 58.5
3.5 59.5
4.5 14.5
4.5 21.5
4.5 22.5
4.5 34.5
4.5 35.5
4.5 49.5
4.5 57.5
4.5 58.5
5.5 14.5
5.5 15.5
5.5 21.5
5.5 33.5
5.5 34.5
5.5 49.5
5.5 56.5
5.5 57.5
6.5 15.5
6.5 21.5
6.5 32.5
6.5 33.5
6.5 50.5
6.5 56.5
7.5 15.5
7.5 31.5
7.5 32.5
7.5 50.5
8.5 25.5
8.5 26.5
8.5 45.5
8.5 62.5
9.5 10.5
9.5 25.5
9.5 39.5
9.5 45.5
9.5 61.5
9.5 62.5
10.5 10.5
10.5 11.5
10.5 24.5
10.5 25.5
10.5 38.5
10.5 39.5
10.5 45.5
10.5 46.5
10.5 60.5
10.5 61.5
10.5 62.5
11.5 10.5
11.5 11.5
11.5 24.5
11.5 37.5
11.5 38.5
11.5 46.5
11.5 60.5
11.5 61.5
12.5 11.5
12.5 24.5
12.5 36.5
12.5 37.5
12.5 46.5
12.5 60.5
17.5 24.5
17.5 48.5
18.5 13.5
18.5 24.5
18.5 25.5
18.5 34.5
18.5 35.5
18.5 49.5
18.5 58.5
19.5 13.5
19.5 25.5
19.5 33.5
19.5 34.5
19.5 49.5
19.5 50.5
19.5 57.5
19.5 58.5
20.5 13.5
20.5 14.5
20.5 25.5
20.5 26.5
20.5 33.5
20.5 34.5
20.5 50.5
20.5 57.5
20.5 58.5
21.5 13.5
21.5 14.5
21.5 26.5
21.5 32.5
21.5 33.5
21.5 50.5
21.5 51.5
21.5 57.5
21.5 58.5
22.5 14.5
22.5 32.5
22.5 51.5
22.5 57.5
23.5 14.5
23.5 20.5
23.5 39.5
24.5 8.5
24.5 20.5
24.5 21.5
24.5 38.5
24.5 39.5
24.5 45.5
24.5 63.5
25.5 8.5
25.5 9.5
25.5 21.5
25.5 37.5
25.5 38.5
25.5 45.5
25.5 46.5
25.5 63.5
26.5 8.5
26.5 9.5
26.5 21.5
26.5 22.5
26.5 37.5
26.5 38.5
26.5 46.5
26.5 47.5
26.5 62.5
26.5 63.5
27.5 9.5
27.5 22.5
27.5 36.5
27.5 37.5
27.5 46.5
27.5 47.5
27.5 62.5
28.5 9.5
28.5 10.5
28.5 22.5
28.5 36.5
28.5 47.5
28.5 48.5
29.5 10.5
33.5 60.5
34.5 22.5
34.5 34.5
34.5 49.5
34.5 59.5
34.5 60.5
35.5 10.5
35.5 21.5
35.5 22.5
35.5 33.5
35.5 34.5
35.5 49.5
35.5 50.5
35.5 59.5
36.5 9.5
36.5 10.5
36.5 20.5
36.5 21.5
36.5 33.5
36.5 34.5
36.5 50.5
36.5 51.5
36.5 58.5
37.5 9.5
37.5 10.5
37.5 20.5
37.5 33.5
37.5 51.5
37.5 52.5
37.5 57.5
38.5 9.5
38.5 27.5
38.5 32.5
38.5 64.5
39.5 9.5
39.5 15.5
39.5 26.5
39.5 44.5
39.5 63.5
39.5 64.5
40.5 14.5
40.5 25.5
40.5 26.5
40.5 38.5
40.5 44.5
40.5 45.5
40.5 62.5
40.5 63.5
41.5 14.5
41.5 25.5
41.5 26.5
41.5 37.5
41.5 38.5
41.5 45.5
41.5 46.5
41.5 62.5
41.5 63.5
42.5 13.5
42.5 14.5
42.5 25.5
42.5 37.5
42.5 46.5
42.5 47.5
42.5 61.5
42.5 62.5
43.5 13.5
43.5 36.5
48.5 48.5
48.5 60.5
49.5 13.5
49.5 24.5
49.5 34.5
49.5 48.5
49.5 49.5
49.5 59.5
49.5 60.5
50.5 14.5
50.5 25.5
50.5 33.5
50.5 34.5
50.5 49.5
50.5 50.5
50.5 58.5
50.5 59.5
51.5 14.5
51.5 25.5
51.5 26.5
51.5 33.5
51.5 50.5
51.5 51.5
51.5 58.5
51.5 59.5
52.5 14.5
52.5 15.5
52.5 26.5
52.5 32.5
52.5 50.5
52.5 51.5
52.5 57.5
52.5 58.5
53.5 15.5
53.5 26.5
53.5 32.5
54.5 20.5
54.5 21.5
54.5 38.5
54.5 44.5
54.5 64.5
55.5 9.5
55.5 21.5
55.5 37.5
55.5 38.5
55.5 44.5
55.5 45.5
55.5 63.5
56.5 9.5
56.5 10.5
56.5 21.5
56.5 36.5
56.5 37.5
56.5 45.5
56.5 46.5
56.5 62.5
56.5 63.5
57.5 10.5
57.5 11.5
57.5 22.5
57.5 36.5
57.5 37.5
57.5 45.5
57.5 46.5
57.5 61.5
57.5 62.5
58.5 10.5
58.5 11.5
58.5 22.5
58.5 36.5
58.5 46.5
58.5 47.5
58.5 61.5
59.5 11.5
59.5 35.5
59.5 47.5
