1.5 17.5
1.5 18.5
1.5 37.5
2.5 15.5
2.5 16.5
2.5 17.5
2.5 35.5
2.5 36.5
2.5 37.5
2.5 56.5
2.5 57.5
2.5 58.5
3.5 13.5
3.5 14.5
3.5 15.5
3.5 16.5
3.5 34.5
3.5 35.5
3.5 36.5
3.5 53.5
3.5 54.5
3.5 55.5
3.5 56.5
4.5 12.5
4.5 13.5
4.5 14.5
4.5 15.5
4.5 33.5
4.5 34.5
4.5 35.5
4.5 51.5
4.5 52.5
4.5 53.5
4.5 54.5
5.5 10.5
5.5 11.5
5.5 12.5
5.5 13.5
5.5 32.5
5.5 33.5
5.5 34.5
5.5 49.5
5.5 50.5
5.5 51.5
5.5 52.5
6.5 9.5
6.5 10.5
6.5 11.5
6.5 31.5
6.5 32.5
6.5 33.5
6.5 44.5
6.5 47.5
6.5 48.5
6.5 49.5
7.5 7.5
7.5 8.5
7.5 9.5
7.5 24.5
7.5 25.5
7.5 26.5
7.5 30.5
7.5 31.5
7.5 32.5
7.5 42.5
7.5 43.5
7.5 65.5
8.5 22.5
8.5 23.5
8.5 24.5
8.5 25.5
8.5 29.5
8.5 30.5
8.5 41.5
8.5 42.5
8.5 61.5
8.5 62.5
8.5 63.5
8.5 64.5
8.5 65.5
9.5 19.5
9.5 20.5
9.5 21.5
9.5 22.5
9.5 23.5
9.5 28.5
9.5 29.5
9.5 39.5
9.5 40.5
9.5 41.5
9.5 59.5
9.5 60.5
9.5 61.5
9.5 62.5
9.5 63.5
9.5 64.5
10.5 18.5
10.5 19.5
10.5 20.5
10.5 21.5
10.5 22.5
10.5 38.5
10.5 39.5
10.5 40.5
10.5 57.5
10.5 58.5
10.5 59.5
10.5 60.5
10.5 61.5
10.5 62.5
11.5 16.5
11.5 17.5
11.5 18.5
11.5 19.5
11.5 20.5
11.5 37.5
11.5 38.5
11.5 55.5
11.5 56.5
11.5 57.5
11.5 58.5
11.5 59.5
11.5 60.5
12.5 15.5
12.5 16.5
12.5 17.5
12.5 18.5
12.5 36.5
12.5 37.5
12.5 54.5
12.5 55.5
12.5 56.5
12.5 57.5
13.5 14.5
13.5 15.5
13.5 35.5
17.5 13.5
17.5 14.5
17.5 35.5
17.5 36.5
17.5 37.5
18.5 14.5
18.5 15.5
18.5 16.5
18.5 36.5
18.5 37.5
18.5 38.5
18.5 39.5
18.5 56.5
18.5 57.5
18.5 58.5
18.5 59.5
19.5 15.5
19.5 16.5
19.5 17.5
19.5 18.5
19.5 38.5
19.5 39.5
19.5 40.5
19.5 53.5
19.5 54.5
19.5 55.5
19.5 56.5
19.5 57.5
19.5 58.5
20.5 17.5
20.5 18.5
20.5 19.5
20.5 20.5
20.5 39.5
20.5 40.5
20.5 41.5
20.5 42.5
20.5 51.5
20.5 52.5
20.5 53.5
20.5 54.5
20.5 55.5
20.5 56.5
20.5 57.5
21.5 6.5
21.5 19.5
21.5 20.5
21.5 21.5
21.5 22.5
21.5 40.5
21.5 41.5
21.5 42.5
21.5 43.5
21.5 49.5
21.5 50.5
21.5 51.5
21.5 52.5
21.5 53.5
21.5 54.5
22.5 7.5
22.5 8.5
22.5 20.5
22.5 21.5
22.5 22.5
22.5 23.5
22.5 42.5
22.5 43.5
22.5 44.5
22.5 48.5
22.5 49.5
22.5 50.5
22.5 51.5
22.5 52.5
23.5 8.5
23.5 9.5
23.5 10.5
23.5 23.5
23.5 24.5
23.5 27.5
23.5 44.5
23.5 45.5
23.5 64.5
23.5 65.5
24.5 9.5
24.5 10.5
24.5 11.5
24.5 12.5
24.5 28.5
24.5 29.5
24.5 30.5
24.5 31.5
24.5 62.5
24.5 63.5
24.5 64.5
25.5 11.5
25.5 12.5
25.5 13.5
25.5 29.5
25.5 30.5
25.5 31.5
25.5 32.5
25.5 33.5
25.5 34.5
25.5 61.5
25.5 62.5
25.5 63.5
26.5 12.5
26.5 13.5
26.5 14.5
26.5 15.5
26.5 31.5
26.5 32.5
26.5 33.5
26.5 34.5
26.5 35.5
26.5 36.5
26.5 59.5
26.5 60.5
26.5 61.5
27.5 14.5
27.5 15.5
27.5 16.5
27.5 34.5
27.5 35.5
27.5 36.5
27.5 37.5
27.5 38.5
27.5 57.5
27.5 58.5
27.5 59.5
27.5 60.5
28.5 16.5
28.5 17.5
28.5 37.5
28.5 38.5
28.5 39.5
28.5 56.5
28.5 57.5
28.5 58.5
29.5 55.5
29.5 56.5
32.5 15.5
32.5 16.5
32.5 55.5
33.5 14.5
33.5 15.5
33.5 16.5
33.5 33.5
33.5 34.5
33.5 35.5
33.5 56.5
33.5 57.5
34.5 12.5
34.5 13.5
34.5 14.5
34.5 15.5
34.5 34.5
34.5 35.5
34.5 36.5
34.5 37.5
34.5 38.5
34.5 57.5
34.5 58.5
35.5 11.5
35.5 12.5
35.5 13.5
35.5 14.5
35.5 36.5
35.5 37.5
35.5 38.5
35.5 39.5
35.5 40.5
35.5 58.5
35.5 59.5
35.5 60.5
36.5 10.5
36.5 11.5
36.5 12.5
36.5 13.5
36.5 38.5
36.5 39.5
36.5 40.5
36.5 41.5
36.5 42.5
36.5 59.5
36.5 60.5
36.5 61.5
37.5 8.5
37.5 9.5
37.5 10.5
37.5 11.5
37.5 40.5
37.5 41.5
37.5 42.5
37.5 43.5
37.5 44.5
37.5 60.5
37.5 61.5
37.5 62.5
38.5 7.5
38.5 8.5
38.5 9.5
38.5 10.5
38.5 22.5
38.5 23.5
38.5 26.5
38.5 27.5
38.5 28.5
38.5 43.5
38.5 44.5
38.5 45.5
38.5 47.5
38.5 48.5
38.5 49.5
38.5 62.5
38.5 63.5
39.5 7.5
39.5 8.5
39.5 21.5
39.5 22.5
39.5 27.5
39.5 28.5
39.5 29.5
39.5 30.5
39.5 49.5
39.5 50.5
39.5 51.5
39.5 63.5
39.5 64.5
40.5 19.5
40.5 20.5
40.5 21.5
40.5 28.5
40.5 29.5
40.5 30.5
40.5 31.5
40.5 50.5
40.5 51.5
40.5 52.5
40.5 53.5
41.5 18.5
41.5 19.5
41.5 20.5
41.5 30.5
41.5 31.5
41.5 32.5
41.5 33.5
41.5 51.5
41.5 52.5
41.5 53.5
41.5 54.5
41.5 55.5
42.5 17.5
42.5 18.5
42.5 19.5
42.5 31.5
42.5 32.5
42.5 33.5
42.5 34.5
42.5 53.5
42.5 54.5
42.5 55.5
42.5 56.5
43.5 16.5
43.5 17.5
43.5 18.5
43.5 33.5
43.5 34.5
43.5 35.5
43.5 36.5
43.5 55.5
43.5 56.5
43.5 57.5
43.5 58.5
44.5 14.5
44.5 15.5
44.5 16.5
44.5 35.5
44.5 36.5
45.5 14.5
45.5 15.5
48.5 36.5
48.5 37.5
48.5 56.5
48.5 57.5
48.5 58.5
49.5 16.5
49.5 17.5
49.5 34.5
49.5 35.5
49.5 36.5
49.5 54.5
49.5 55.5
49.5 56.5
49.5 57.5
50.5 14.5
50.5 15.5
50.5 16.5
50.5 32.5
50.5 33.5
50.5 34.5
50.5 52.5
50.5 53.5
50.5 54.5
50.5 55.5
51.5 12.5
51.5 13.5
51.5 14.5
51.5 15.5
51.5 30.5
51.5 31.5
51.5 32.5
51.5 50.5
51.5 51.5
51.5 52.5
51.5 53.5
52.5 10.5
52.5 11.5
52.5 12.5
52.5 13.5
52.5 28.5
52.5 29.5
52.5 30.5
52.5 48.5
52.5 49.5
52.5 50.5
52.5 51.5
53.5 8.5
53.5 9.5
53.5 10.5
53.5 11.5
53.5 23.5
53.5 24.5
53.5 27.5
53.5 28.5
53.5 41.5
53.5 42.5
53.5 43.5
53.5 44.5
53.5 47.5
53.5 48.5
53.5 49.5
54.5 7.5
54.5 8.5
54.5 9.5
54.5 21.5
54.5 22.5
54.5 23.5
54.5 39.5
54.5 40.5
54.5 41.5
54.5 42.5
54.5 62.5
54.5 63.5
54.5 64.5
54.5 65.5
55.5 19.5
55.5 20.5
55.5 21.5
55.5 37.5
55.5 38.5
55.5 39.5
55.5 40.5
55.5 41.5
55.5 60.5
55.5 61.5
55.5 62.5
55.5 63.5
56.5 17.5
56.5 18.5
56.5 19.5
56.5 36.5
56.5 37.5
56.5 38.5
56.5 39.5
56.5 58.5
56.5 59.5
56.5 60.5
56.5 61.5
56.5 62.5
57.5 15.5
57.5 16.5
57.5 17.5
57.5 34.5
57.5 35.5
57.5 36.5
57.5 37.5
57.5 56.5
57.5 57.5
57.5 58.5
57.5 59.5
57.5 60.5
58.5 13.5
58.5 14.5
58.5 15.5
58.5 55.5
58.5 56.5
58.5 57.5
58.5 58.5
59.5 54.5
59.5 55.5
59.5 56.5
