1.5 12.5
1.5 23.5
1.5 36.5
2.5 13.5
2.5 14.5
2.5 22.5
2.5 34.5
2.5 35.5
2.5 60.5
3.5 15.5
3.5 21.5
3.5 22.5
3.5 28.5
3.5 32.5
3.5 33.5
3.5 48.5
3.5 49.5
3.5 61.5
3.5 62.5
4.5 16.5
4.5 17.5
4.5 21.5
4.5 27.5
4.5 31.5
4.5 32.5
4.5 45.5
4.5 46.5
4.5 47.5
4.5 62.5
4.5 63.5
5.5 8.5
5.5 18.5
5.5 20.5
5.5 26.5
5.5 30.5
5.5 41.5
5.5 43.5
5.5 44.5
5.5 54.5
5.5 56.5
5.5 64.5
6.5 9.5
6.5 10.5
6.5 25.5
6.5 26.5
6.5 39.5
6.5 40.5
6.5 52.5
6.5 57.5
6.5 65.5
7.5 10.5
7.5 11.5
7.5 25.5
7.5 36.5
7.5 37.5
7.5 38.5
7.5 50.5
7.5 51.5
7.5 59.5
8.5 12.5
8.5 13.5
8.5 24.5
8.5 34.5
8.5 35.5
8.5 49.5
8.5 60.5
8.5 61.5
8.5 68.5
9.5 14.5
9.5 23.5
9.5 62.5
11.5 47.5
11.5 59.5
12.5 10.5
12.5 11.5
12.5 25.5
12.5 36.5
12.5 37.5
12.5 48.5
12.5 49.5
12.5 60.5
13.5 13.5
13.5 14.5
13.5 15.5
13.5 26.5
13.5 33.5
13.5 34.5
13.5 35.5
13.5 50.5
13.5 61.5
13.5 62.5
14.5 17.5
14.5 18.5
14.5 27.5
14.5 31.5
14.5 32.5
14.5 33.5
14.5 44.5
14.5 51.5
14.5 52.5
14.5 55.5
14.5 62.5
14.5 63.5
15.5 7.5
15.5 20.5
15.5 28.5
15.5 30.5
15.5 43.5
15.5 45.5
15.5 53.5
15.5 56.5
15.5 64.5
16.5 8.5
16.5 9.5
16.5 21.5
16.5 22.5
16.5 40.5
16.5 41.5
16.5 42.5
16.5 46.5
16.5 57.5
16.5 65.5
17.5 9.5
17.5 10.5
17.5 23.5
17.5 24.5
17.5 38.5
17.5 39.5
17.5 40.5
17.5 46.5
17.5 58.5
18.5 11.5
18.5 36.5
18.5 37.5
18.5 38.5
18.5 47.5
18.5 59.5
19.5 12.5
19.5 35.5
19.5 48.5
19.5 60.5
20.5 25.5
21.5 11.5
21.5 23.5
21.5 24.5
21.5 48.5
21.5 59.5
21.5 68.5
22.5 12.5
22.5 21.5
22.5 22.5
22.5 36.5
22.5 49.5
22.5 58.5
23.5 13.5
23.5 19.5
23.5 20.5
23.5 37.5
23.5 38.5
23.5 49.5
23.5 57.5
24.5 14.5
24.5 18.5
24.5 28.5
24.5 39.5
24.5 49.5
24.5 56.5
25.5 15.5
25.5 27.5
25.5 31.5
25.5 40.5
25.5 41.5
25.5 50.5
25.5 55.5
25.5 65.5
26.5 7.5
26.5 8.5
26.5 25.5
26.5 26.5
26.5 32.5
26.5 33.5
26.5 42.5
26.5 50.5
26.5 54.5
26.5 63.5
26.5 64.5
27.5 9.5
27.5 10.5
27.5 24.5
27.5 25.5
27.5 33.5
27.5 34.5
27.5 45.5
27.5 53.5
27.5 61.5
27.5 62.5
28.5 12.5
28.5 23.5
28.5 35.5
28.5 36.5
28.5 46.5
28.5 60.5
28.5 61.5
29.5 21.5
29.5 37.5
29.5 47.5
29.5 58.5
29.5 59.5
30.5 9.5
30.5 48.5
30.5 57.5
31.5 10.5
31.5 24.5
32.5 11.5
32.5 12.5
32.5 22.5
32.5 23.5
32.5 34.5
32.5 47.5
33.5 12.5
33.5 13.5
33.5 21.5
33.5 35.5
33.5 36.5
33.5 48.5
33.5 58.5
33.5 59.5
34.5 6.5
34.5 14.5
34.5 19.5
34.5 20.5
34.5 37.5
34.5 38.5
34.5 49.5
34.5 60.5
34.5 61.5
34.5 62.5
35.5 7.5
35.5 15.5
35.5 18.5
35.5 27.5
35.5 29.5
35.5 38.5
35.5 39.5
35.5 43.5
35.5 49.5
35.5 63.5
35.5 64.5
36.5 8.5
36.5 17.5
36.5 26.5
36.5 30.5
36.5 31.5
36.5 40.5
36.5 44.5
36.5 50.5
36.5 53.5
36.5 66.5
37.5 9.5
37.5 10.5
37.5 24.5
37.5 25.5
37.5 32.5
37.5 45.5
37.5 51.5
37.5 55.5
37.5 56.5
38.5 10.5
38.5 11.5
38.5 23.5
38.5 33.5
38.5 34.5
38.5 45.5
38.5 46.5
38.5 57.5
38.5 58.5
39.5 12.5
39.5 22.5
39.5 35.5
39.5 46.5
39.5 59.5
39.5 60.5
40.5 36.5
40.5 47.5
41.5 10.5
41.5 24.5
41.5 48.5
42.5 11.5
42.5 23.5
43.5 12.5
43.5 21.5
43.5 22.5
43.5 36.5
43.5 47.5
43.5 59.5
43.5 60.5
44.5 13.5
44.5 14.5
44.5 20.5
44.5 21.5
44.5 33.5
44.5 34.5
44.5 45.5
44.5 57.5
44.5 58.5
45.5 5.5
45.5 15.5
45.5 19.5
45.5 20.5
45.5 28.5
45.5 31.5
45.5 32.5
45.5 42.5
45.5 44.5
45.5 55.5
46.5 6.5
46.5 7.5
46.5 16.5
46.5 18.5
46.5 27.5
46.5 29.5
46.5 40.5
46.5 51.5
46.5 52.5
46.5 53.5
46.5 65.5
47.5 7.5
47.5 8.5
47.5 9.5
47.5 25.5
47.5 26.5
47.5 38.5
47.5 39.5
47.5 48.5
47.5 49.5
47.5 50.5
47.5 63.5
47.5 64.5
48.5 9.5
48.5 10.5
48.5 24.5
48.5 36.5
48.5 37.5
48.5 62.5
48.5 63.5
49.5 11.5
49.5 12.5
49.5 23.5
49.5 61.5
50.5 13.5
51.5 35.5
51.5 48.5
52.5 13.5
52.5 23.5
52.5 36.5
52.5 37.5
52.5 49.5
52.5 50.5
52.5 60.5
53.5 10.5
53.5 11.5
53.5 24.5
53.5 38.5
53.5 50.5
53.5 51.5
53.5 61.5
54.5 8.5
54.5 9.5
54.5 25.5
54.5 39.5
54.5 40.5
54.5 44.5
54.5 52.5
54.5 53.5
54.5 55.5
54.5 62.5
55.5 6.5
55.5 7.5
55.5 17.5
55.5 26.5
55.5 27.5
55.5 41.5
55.5 45.5
55.5 54.5
55.5 56.5
55.5 63.5
55.5 64.5
56.5 5.5
56.5 15.5
56.5 16.5
56.5 19.5
56.5 27.5
56.5 28.5
56.5 31.5
56.5 32.5
56.5 42.5
56.5 46.5
56.5 57.5
56.5 58.5
56.5 65.5
57.5 13.5
57.5 14.5
57.5 20.5
57.5 29.5
57.5 33.5
57.5 34.5
57.5 47.5
57.5 58.5
57.5 59.5
57.5 66.5
58.5 12.5
58.5 21.5
58.5 22.5
58.5 34.5
58.5 35.5
58.5 48.5
58.5 60.5
59.5 10.5
59.5 11.5
59.5 22.5
59.5 23.5
59.5 36.5
59.5 37.5
59.5 49.5
59.5 61.5
60.5 24.5
60.5 38.5
61.5 25.5
