2.5 11.5
2.5 12.5
2.5 13.5
2.5 27.5
3.5 9.5
3.5 10.5
3.5 11.5
3.5 12.5
3.5 25.5
3.5 26.5
3.5 27.5
3.5 42.5
3.5 43.5
3.5 44.5
3.5 45.5
3.5 59.5
3.5 60.5
4.5 8.5
4.5 9.5
4.5 10.5
4.5 11.5
4.5 24.5
4.5 25.5
4.5 26.5
4.5 44.5
4.5 45.5
4.5 46.5
4.5 47.5
4.5 60.5
4.5 61.5
5.5 8.5
5.5 9.5
5.5 23.5
5.5 24.5
5.5 25.5
5.5 46.5
5.5 47.5
5.5 48.5
5.5 49.5
5.5 61.5
5.5 62.5
6.5 18.5
6.5 23.5
6.5 62.5
6.5 63.5
7.5 15.5
7.5 16.5
7.5 17.5
7.5 18.5
7.5 31.5
7.5 32.5
7.5 33.5
7.5 38.5
7.5 39.5
7.5 40.5
7.5 54.5
7.5 55.5
7.5 56.5
8.5 14.5
8.5 15.5
8.5 16.5
8.5 17.5
8.5 29.5
8.5 30.5
8.5 31.5
8.5 32.5
8.5 33.5
8.5 39.5
8.5 40.5
8.5 41.5
8.5 55.5
8.5 56.5
8.5 57.5
9.5 13.5
9.5 14.5
9.5 15.5
9.5 28.5
9.5 29.5
9.5 30.5
9.5 31.5
9.5 32.5
9.5 40.5
9.5 41.5
9.5 42.5
9.5 57.5
9.5 58.5
10.5 28.5
10.5 29.5
10.5 30.5
10.5 42.5
10.5 43.5
14.5 13.5
14.5 14.5
14.5 56.5
14.5 57.5
14.5 58.5
15.5 14.5
15.5 15.5
15.5 16.5
15.5 27.5
15.5 28.5
15.5 29.5
15.5 44.5
15.5 45.5
15.5 55.5
15.5 56.5
15.5 57.5
16.5 15.5
16.5 16.5
16.5 17.5
16.5 25.5
16.5 26.5
16.5 27.5
16.5 28.5
16.5 44.5
16.5 45.5
16.5 46.5
16.5 54.5
16.5 55.5
16.5 56.5
17.5 16.5
17.5 17.5
17.5 18.5
17.5 23.5
17.5 24.5
17.5 25.5
17.5 26.5
17.5 27.5
17.5 45.5
17.5 46.5
17.5 47.5
17.5 53.5
17.5 54.5
17.5 55.5
18.5 8.5
18.5 46.5
18.5 47.5
18.5 48.5
18.5 53.5
18.5 54.5
19.5 8.5
19.5 9.5
19.5 10.5
19.5 11.5
19.5 32.5
19.5 33.5
19.5 34.5
19.5 38.5
19.5 39.5
19.5 63.5
19.5 64.5
20.5 9.5
20.5 10.5
20.5 11.5
20.5 12.5
20.5 30.5
20.5 31.5
20.5 32.5
20.5 33.5
20.5 39.5
20.5 40.5
20.5 41.5
20.5 60.5
20.5 61.5
20.5 62.5
20.5 63.5
20.5 64.5
21.5 10.5
21.5 11.5
21.5 12.5
21.5 13.5
21.5 29.5
21.5 30.5
21.5 31.5
21.5 40.5
21.5 41.5
21.5 42.5
21.5 59.5
21.5 60.5
21.5 61.5
21.5 62.5
21.5 63.5
22.5 12.5
22.5 13.5
22.5 41.5
22.5 42.5
22.5 43.5
22.5 58.5
22.5 59.5
22.5 60.5
22.5 61.5
23.5 59.5
26.5 27.5
26.5 28.5
27.5 12.5
27.5 13.5
27.5 14.5
27.5 25.5
27.5 26.5
27.5 27.5
27.5 42.5
27.5 43.5
28.5 13.5
28.5 14.5
28.5 15.5
28.5 16.5
28.5 24.5
28.5 25.5
28.5 26.5
28.5 27.5
28.5 41.5
28.5 42.5
28.5 43.5
28.5 56.5
28.5 57.5
28.5 58.5
28.5 59.5
28.5 60.5
29.5 14.5
29.5 15.5
29.5 16.5
29.5 17.5
29.5 23.5
29.5 24.5
29.5 25.5
29.5 26.5
29.5 40.5
29.5 41.5
29.5 42.5
29.5 54.5
29.5 55.5
29.5 56.5
29.5 57.5
29.5 58.5
30.5 15.5
30.5 16.5
30.5 17.5
30.5 23.5
30.5 24.5
30.5 39.5
30.5 40.5
30.5 41.5
30.5 53.5
30.5 54.5
30.5 55.5
30.5 56.5
31.5 7.5
31.5 8.5
31.5 33.5
31.5 39.5
31.5 40.5
32.5 8.5
32.5 9.5
32.5 31.5
32.5 32.5
32.5 33.5
32.5 39.5
32.5 47.5
32.5 48.5
32.5 62.5
32.5 63.5
32.5 64.5
33.5 9.5
33.5 10.5
33.5 11.5
33.5 29.5
33.5 30.5
33.5 31.5
33.5 32.5
33.5 33.5
33.5 46.5
33.5 47.5
33.5 60.5
33.5 61.5
33.5 62.5
33.5 63.5
34.5 10.5
34.5 11.5
34.5 12.5
34.5 28.5
34.5 29.5
34.5 30.5
34.5 31.5
34.5 32.5
34.5 45.5
34.5 46.5
34.5 59.5
34.5 60.5
34.5 61.5
34.5 62.5
35.5 28.5
35.5 29.5
35.5 30.5
35.5 44.5
35.5 45.5
39.5 11.5
39.5 12.5
39.5 58.5
39.5 59.5
40.5 9.5
40.5 10.5
40.5 11.5
40.5 12.5
40.5 44.5
40.5 45.5
40.5 46.5
40.5 56.5
40.5 57.5
40.5 58.5
41.5 7.5
41.5 8.5
41.5 9.5
41.5 10.5
41.5 25.5
41.5 26.5
41.5 27.5
41.5 28.5
41.5 29.5
41.5 45.5
41.5 46.5
41.5 47.5
41.5 48.5
41.5 55.5
41.5 56.5
41.5 57.5
41.5 58.5
42.5 7.5
42.5 8.5
42.5 9.5
42.5 23.5
42.5 24.5
42.5 25.5
42.5 26.5
42.5 27.5
42.5 28.5
42.5 46.5
42.5 47.5
42.5 48.5
42.5 49.5
42.5 54.5
42.5 55.5
42.5 56.5
43.5 23.5
43.5 24.5
43.5 25.5
43.5 47.5
43.5 48.5
43.5 49.5
43.5 54.5
44.5 15.5
44.5 16.5
44.5 17.5
44.5 18.5
44.5 33.5
44.5 62.5
44.5 63.5
44.5 64.5
45.5 13.5
45.5 14.5
45.5 15.5
45.5 16.5
45.5 17.5
45.5 31.5
45.5 32.5
45.5 33.5
45.5 38.5
45.5 39.5
45.5 40.5
45.5 41.5
45.5 61.5
45.5 62.5
45.5 63.5
46.5 12.5
46.5 13.5
46.5 14.5
46.5 15.5
46.5 29.5
46.5 30.5
46.5 31.5
46.5 39.5
46.5 40.5
46.5 41.5
46.5 42.5
46.5 43.5
46.5 60.5
46.5 61.5
46.5 62.5
47.5 28.5
47.5 29.5
47.5 30.5
47.5 41.5
47.5 42.5
47.5 43.5
47.5 44.5
47.5 59.5
47.5 60.5
47.5 61.5
51.5 11.5
51.5 12.5
51.5 13.5
52.5 10.5
52.5 11.5
52.5 12.5
52.5 13.5
52.5 26.5
52.5 27.5
52.5 28.5
52.5 42.5
52.5 43.5
52.5 58.5
52.5 59.5
53.5 8.5
53.5 9.5
53.5 10.5
53.5 11.5
53.5 25.5
53.5 26.5
53.5 27.5
53.5 40.5
53.5 41.5
53.5 42.5
53.5 43.5
53.5 56.5
53.5 57.5
53.5 58.5
53.5 59.5
54.5 8.5
54.5 9.5
54.5 25.5
54.5 26.5
54.5 38.5
54.5 39.5
54.5 40.5
54.5 41.5
54.5 42.5
54.5 55.5
54.5 56.5
54.5 57.5
54.5 58.5
55.5 19.5
55.5 24.5
55.5 25.5
55.5 37.5
55.5 38.5
55.5 39.5
55.5 40.5
55.5 54.5
55.5 55.5
55.5 56.5
56.5 16.5
56.5 17.5
56.5 18.5
56.5 19.5
56.5 32.5
56.5 48.5
56.5 49.5
56.5 64.5
56.5 65.5
57.5 15.5
57.5 16.5
57.5 17.5
57.5 18.5
57.5 30.5
57.5 31.5
57.5 32.5
57.5 46.5
57.5 47.5
57.5 48.5
57.5 49.5
57.5 62.5
57.5 63.5
57.5 64.5
58.5 14.5
58.5 15.5
58.5 16.5
58.5 17.5
58.5 30.5
58.5 31.5
58.5 45.5
58.5 46.5
58.5 47.5
58.5 48.5
58.5 60.5
58.5 61.5
58.5 62.5
58.5 63.5
59.5 29.5
59.5 30.5
59.5 31.5
59.5 44.5
59.5 45.5
59.5 46.5
59.5 60.5
59.5 61.5
60.5 29.5
60.5 44.5
