1.5 51.5
1.5 61.5
2.5 9.5
2.5 41.5
3.5 31.5
3.5 62.5
4.5 8.5
4.5 19.5
4.5 40.5
4.5 52.5
5.5 19.5
5.5 32.5
5.5 39.5
5.5 52.5
5.5 63.5
6.5 7.5
6.5 18.5
7.5 18.5
7.5 27.5
7.5 33.5
7.5 38.5
7.5 53.5
7.5 57.5
7.5 64.5
8.5 6.5
8.5 13.5
8.5 23.5
8.5 37.5
8.5 44.5
8.5 58.5
9.5 12.5
9.5 23.5
9.5 28.5
9.5 43.5
9.5 49.5
9.5 58.5
10.5 12.5
10.5 43.5
10.5 49.5
10.5 59.5
11.5 11.5
11.5 22.5
11.5 29.5
11.5 42.5
11.5 59.5
12.5 11.5
12.5 22.5
12.5 29.5
12.5 41.5
12.5 50.5
12.5 60.5
13.5 10.5
13.5 41.5
13.5 50.5
13.5 60.5
14.5 21.5
14.5 30.5
16.5 40.5
17.5 21.5
17.5 31.5
18.5 31.5
18.5 41.5
18.5 60.5
19.5 11.5
19.5 20.5
19.5 41.5
19.5 52.5
20.5 12.5
20.5 32.5
20.5 42.5
20.5 59.5
21.5 12.5
21.5 19.5
21.5 32.5
21.5 42.5
21.5 53.5
22.5 6.5
22.5 13.5
22.5 32.5
22.5 37.5
22.5 43.5
22.5 58.5
23.5 18.5
23.5 24.5
23.5 37.5
23.5 43.5
23.5 48.5
23.5 54.5
23.5 63.5
24.5 7.5
24.5 23.5
24.5 28.5
24.5 48.5
25.5 8.5
25.5 23.5
25.5 28.5
25.5 38.5
25.5 49.5
25.5 62.5
26.5 8.5
26.5 22.5
26.5 38.5
26.5 49.5
27.5 9.5
27.5 29.5
27.5 50.5
27.5 61.5
28.5 21.5
28.5 39.5
28.5 50.5
29.5 30.5
31.5 50.5
32.5 10.5
32.5 20.5
32.5 30.5
33.5 39.5
33.5 51.5
33.5 59.5
34.5 11.5
34.5 19.5
34.5 29.5
34.5 39.5
34.5 59.5
35.5 11.5
35.5 19.5
35.5 29.5
35.5 52.5
36.5 12.5
36.5 18.5
37.5 5.5
37.5 12.5
37.5 18.5
37.5 28.5
37.5 38.5
37.5 53.5
37.5 58.5
38.5 6.5
38.5 17.5
38.5 23.5
38.5 28.5
38.5 38.5
38.5 48.5
38.5 63.5
39.5 13.5
39.5 23.5
39.5 33.5
39.5 43.5
39.5 54.5
39.5 63.5
40.5 7.5
40.5 22.5
40.5 43.5
40.5 49.5
40.5 63.5
41.5 8.5
41.5 22.5
41.5 32.5
41.5 43.5
42.5 32.5
42.5 43.5
42.5 50.5
42.5 62.5
43.5 9.5
43.5 21.5
43.5 62.5
44.5 31.5
44.5 51.5
44.5 62.5
45.5 20.5
45.5 31.5
45.5 42.5
46.5 8.5
47.5 8.5
48.5 8.5
48.5 20.5
48.5 31.5
48.5 62.5
49.5 8.5
49.5 42.5
49.5 62.5
50.5 19.5
50.5 32.5
50.5 53.5
50.5 63.5
51.5 7.5
51.5 33.5
51.5 43.5
51.5 53.5
51.5 63.5
52.5 7.5
52.5 18.5
52.5 33.5
52.5 38.5
52.5 43.5
52.5 64.5
53.5 7.5
53.5 18.5
53.5 34.5
53.5 44.5
53.5 54.5
54.5 12.5
54.5 17.5
54.5 24.5
54.5 28.5
54.5 44.5
54.5 65.5
55.5 12.5
55.5 17.5
55.5 29.5
55.5 35.5
55.5 39.5
55.5 49.5
55.5 59.5
56.5 23.5
56.5 29.5
56.5 55.5
57.5 11.5
57.5 22.5
57.5 30.5
57.5 40.5
57.5 50.5
57.5 60.5
58.5 11.5
58.5 22.5
58.5 40.5
59.5 11.5
59.5 21.5
59.5 31.5
59.5 51.5
59.5 61.5
