2.5 13.5
2.5 14.5
2.5 15.5
2.5 16.5
2.5 36.5
2.5 55.5
2.5 56.5
2.5 57.5
2.5 58.5
2.5 59.5
2.5 60.5
3.5 11.5
3.5 12.5
3.5 13.5
3.5 14.5
3.5 32.5
3.5 33.5
3.5 34.5
3.5 35.5
3.5 58.5
3.5 59.5
3.5 60.5
3.5 61.5
3.5 62.5
3.5 63.5
4.5 9.5
4.5 10.5
4.5 11.5
4.5 29.5
4.5 30.5
4.5 31.5
4.5 32.5
6.5 20.5
6.5 21.5
6.5 22.5
6.5 23.5
6.5 42.5
6.5 43.5
6.5 49.5
6.5 50.5
6.5 51.5
6.5 52.5
7.5 17.5
7.5 18.5
7.5 19.5
7.5 20.5
7.5 21.5
7.5 39.5
7.5 40.5
7.5 41.5
7.5 52.5
7.5 53.5
7.5 54.5
8.5 15.5
8.5 16.5
8.5 17.5
8.5 37.5
8.5 38.5
8.5 39.5
8.5 56.5
12.5 55.5
12.5 56.5
13.5 16.5
13.5 17.5
13.5 18.5
13.5 36.5
13.5 37.5
13.5 38.5
13.5 57.5
13.5 58.5
13.5 59.5
13.5 60.5
14.5 19.5
14.5 20.5
14.5 21.5
14.5 22.5
14.5 38.5
14.5 39.5
14.5 40.5
14.5 41.5
14.5 60.5
14.5 61.5
14.5 62.5
15.5 23.5
15.5 24.5
15.5 42.5
15.5 43.5
16.5 9.5
16.5 10.5
16.5 11.5
16.5 29.5
16.5 30.5
16.5 48.5
16.5 49.5
16.5 50.5
17.5 12.5
17.5 13.5
17.5 14.5
17.5 31.5
17.5 32.5
17.5 33.5
17.5 34.5
17.5 51.5
17.5 52.5
17.5 53.5
17.5 54.5
17.5 55.5
18.5 16.5
18.5 17.5
18.5 34.5
18.5 35.5
18.5 36.5
18.5 56.5
18.5 57.5
22.5 15.5
23.5 16.5
23.5 17.5
23.5 18.5
23.5 36.5
23.5 37.5
23.5 53.5
23.5 54.5
23.5 55.5
24.5 18.5
24.5 19.5
24.5 20.5
24.5 21.5
24.5 38.5
24.5 39.5
24.5 40.5
24.5 50.5
24.5 51.5
24.5 52.5
24.5 53.5
25.5 21.5
25.5 22.5
25.5 40.5
25.5 41.5
25.5 42.5
25.5 48.5
25.5 49.5
25.5 50.5
26.5 9.5
26.5 10.5
26.5 11.5
26.5 61.5
26.5 62.5
26.5 63.5
27.5 11.5
27.5 12.5
27.5 13.5
27.5 29.5
27.5 30.5
27.5 31.5
27.5 32.5
27.5 58.5
27.5 59.5
27.5 60.5
27.5 61.5
28.5 14.5
28.5 15.5
28.5 31.5
28.5 32.5
28.5 33.5
28.5 34.5
28.5 35.5
28.5 56.5
28.5 57.5
28.5 58.5
29.5 35.5
29.5 36.5
33.5 10.5
33.5 11.5
33.5 12.5
33.5 13.5
33.5 14.5
33.5 15.5
33.5 54.5
33.5 55.5
33.5 56.5
34.5 8.5
34.5 9.5
34.5 10.5
34.5 31.5
34.5 32.5
34.5 33.5
34.5 34.5
34.5 51.5
34.5 52.5
34.5 53.5
35.5 28.5
35.5 29.5
35.5 30.5
35.5 31.5
35.5 49.5
35.5 50.5
36.5 21.5
36.5 22.5
36.5 23.5
36.5 62.5
36.5 63.5
36.5 64.5
37.5 16.5
37.5 17.5
37.5 18.5
37.5 19.5
37.5 20.5
37.5 38.5
37.5 39.5
37.5 40.5
37.5 41.5
37.5 58.5
37.5 59.5
37.5 60.5
37.5 61.5
37.5 62.5
38.5 36.5
38.5 37.5
38.5 38.5
38.5 56.5
38.5 57.5
38.5 58.5
38.5 59.5
42.5 16.5
42.5 17.5
43.5 18.5
43.5 19.5
43.5 20.5
43.5 33.5
43.5 34.5
43.5 35.5
43.5 56.5
43.5 57.5
43.5 58.5
44.5 21.5
44.5 22.5
44.5 30.5
44.5 31.5
44.5 32.5
44.5 52.5
44.5 53.5
44.5 54.5
44.5 55.5
45.5 8.5
45.5 49.5
45.5 50.5
45.5 51.5
46.5 9.5
46.5 10.5
46.5 11.5
46.5 12.5
46.5 42.5
46.5 43.5
47.5 12.5
47.5 13.5
47.5 14.5
47.5 15.5
47.5 38.5
47.5 39.5
47.5 40.5
47.5 41.5
47.5 61.5
47.5 62.5
47.5 63.5
47.5 64.5
48.5 16.5
48.5 35.5
48.5 36.5
48.5 37.5
48.5 58.5
48.5 59.5
48.5 60.5
48.5 61.5
53.5 15.5
53.5 16.5
53.5 17.5
53.5 18.5
53.5 36.5
53.5 37.5
53.5 38.5
53.5 39.5
53.5 56.5
53.5 57.5
54.5 18.5
54.5 19.5
54.5 20.5
54.5 21.5
54.5 22.5
54.5 39.5
54.5 40.5
54.5 41.5
54.5 42.5
54.5 57.5
54.5 58.5
54.5 59.5
54.5 60.5
54.5 61.5
55.5 60.5
55.5 61.5
55.5 62.5
55.5 63.5
56.5 7.5
56.5 8.5
56.5 29.5
56.5 30.5
56.5 31.5
56.5 32.5
56.5 48.5
56.5 49.5
57.5 9.5
57.5 10.5
57.5 11.5
57.5 12.5
57.5 13.5
57.5 32.5
57.5 33.5
57.5 34.5
57.5 50.5
57.5 51.5
57.5 52.5
57.5 53.5
58.5 13.5
58.5 14.5
58.5 15.5
58.5 35.5
58.5 36.5
58.5 53.5
58.5 54.5
58.5 55.5
