1.5 23.5
1.5 35.5
1.5 36.5
1.5 47.5
1.5 48.5
1.5 60.5
2.5 11.5
2.5 12.5
2.5 24.5
2.5 35.5
2.5 36.5
2.5 47.5
2.5 59.5
3.5 10.5
3.5 11.5
3.5 24.5
3.5 25.5
3.5 34.5
3.5 35.5
3.5 46.5
3.5 47.5
3.5 58.5
3.5 59.5
4.5 9.5
4.5 10.5
4.5 11.5
4.5 25.5
4.5 26.5
4.5 34.5
4.5 35.5
4.5 46.5
4.5 57.5
4.5 58.5
5.5 9.5
5.5 10.5
5.5 26.5
5.5 27.5
5.5 33.5
5.5 34.5
5.5 41.5
5.5 45.5
5.5 46.5
5.5 52.5
5.5 57.5
5.5 58.5
6.5 8.5
6.5 9.5
6.5 26.5
6.5 27.5
6.5 33.5
6.5 34.5
6.5 40.5
6.5 45.5
6.5 52.5
6.5 56.5
6.5 57.5
6.5 64.5
7.5 7.5
7.5 8.5
7.5 16.5
7.5 19.5
7.5 27.5
7.5 28.5
7.5 33.5
7.5 39.5
7.5 40.5
7.5 44.5
7.5 45.5
7.5 51.5
7.5 56.5
7.5 63.5
7.5 64.5
8.5 7.5
8.5 15.5
8.5 16.5
8.5 19.5
8.5 20.5
8.5 28.5
8.5 29.5
8.5 32.5
8.5 33.5
8.5 39.5
8.5 40.5
8.5 44.5
8.5 50.5
8.5 51.5
8.5 55.5
8.5 56.5
8.5 63.5
9.5 6.5
9.5 14.5
9.5 15.5
9.5 20.5
9.5 21.5
9.5 29.5
9.5 32.5
9.5 38.5
9.5 39.5
9.5 50.5
9.5 55.5
9.5 62.5
9.5 63.5
10.5 13.5
10.5 14.5
10.5 21.5
10.5 22.5
10.5 38.5
10.5 39.5
10.5 49.5
10.5 50.5
10.5 61.5
10.5 62.5
11.5 12.5
11.5 13.5
11.5 22.5
11.5 23.5
11.5 38.5
11.5 49.5
11.5 61.5
11.5 62.5
12.5 11.5
12.5 12.5
12.5 13.5
12.5 23.5
12.5 24.5
12.5 37.5
12.5 38.5
12.5 48.5
12.5 49.5
12.5 60.5
12.5 61.5
13.5 11.5
13.5 12.5
13.5 24.5
13.5 25.5
13.5 37.5
13.5 48.5
13.5 60.5
14.5 10.5
14.5 11.5
14.5 25.5
14.5 59.5
14.5 60.5
16.5 12.5
16.5 37.5
16.5 48.5
16.5 59.5
17.5 11.5
17.5 12.5
17.5 23.5
17.5 24.5
17.5 37.5
17.5 47.5
17.5 48.5
17.5 60.5
18.5 10.5
18.5 11.5
18.5 24.5
18.5 25.5
18.5 37.5
18.5 38.5
18.5 47.5
18.5 60.5
18.5 61.5
19.5 9.5
19.5 10.5
19.5 11.5
19.5 24.5
19.5 25.5
19.5 26.5
19.5 38.5
19.5 46.5
19.5 47.5
19.5 61.5
20.5 9.5
20.5 10.5
20.5 25.5
20.5 26.5
20.5 27.5
20.5 38.5
20.5 39.5
20.5 45.5
20.5 46.5
20.5 61.5
20.5 62.5
21.5 8.5
21.5 9.5
21.5 19.5
21.5 26.5
21.5 27.5
21.5 28.5
21.5 32.5
21.5 38.5
21.5 39.5
21.5 45.5
21.5 52.5
21.5 61.5
21.5 62.5
22.5 7.5
22.5 8.5
22.5 16.5
22.5 20.5
22.5 27.5
22.5 28.5
22.5 32.5
22.5 33.5
22.5 39.5
22.5 44.5
22.5 45.5
22.5 51.5
22.5 52.5
22.5 56.5
22.5 62.5
22.5 63.5
23.5 7.5
23.5 8.5
23.5 15.5
23.5 16.5
23.5 20.5
23.5 21.5
23.5 28.5
23.5 29.5
23.5 33.5
23.5 39.5
23.5 40.5
23.5 44.5
23.5 51.5
23.5 56.5
23.5 57.5
23.5 63.5
24.5 14.5
24.5 15.5
24.5 21.5
24.5 33.5
24.5 34.5
24.5 40.5
24.5 43.5
24.5 50.5
24.5 51.5
24.5 56.5
24.5 57.5
24.5 63.5
24.5 64.5
25.5 14.5
25.5 15.5
25.5 21.5
25.5 22.5
25.5 34.5
25.5 49.5
25.5 50.5
25.5 51.5
25.5 57.5
25.5 64.5
26.5 13.5
26.5 14.5
26.5 22.5
26.5 23.5
26.5 34.5
26.5 35.5
26.5 49.5
26.5 50.5
26.5 57.5
26.5 58.5
27.5 13.5
27.5 14.5
27.5 22.5
27.5 23.5
27.5 35.5
27.5 48.5
27.5 49.5
27.5 58.5
28.5 12.5
28.5 13.5
28.5 23.5
28.5 24.5
28.5 35.5
28.5 36.5
28.5 48.5
28.5 49.5
28.5 58.5
28.5 59.5
29.5 12.5
29.5 24.5
29.5 36.5
29.5 48.5
29.5 59.5
30.5 47.5
30.5 59.5
31.5 12.5
31.5 24.5
31.5 35.5
32.5 12.5
32.5 13.5
32.5 24.5
32.5 25.5
32.5 35.5
32.5 47.5
32.5 60.5
33.5 13.5
33.5 25.5
33.5 34.5
33.5 35.5
33.5 47.5
33.5 48.5
33.5 59.5
33.5 60.5
33.5 68.5
34.5 13.5
34.5 14.5
34.5 25.5
34.5 26.5
34.5 34.5
34.5 35.5
34.5 48.5
34.5 49.5
34.5 59.5
35.5 7.5
35.5 13.5
35.5 14.5
35.5 26.5
35.5 33.5
35.5 34.5
35.5 49.5
35.5 50.5
35.5 58.5
35.5 59.5
36.5 7.5
36.5 8.5
36.5 14.5
36.5 15.5
36.5 26.5
36.5 27.5
36.5 33.5
36.5 34.5
36.5 40.5
36.5 50.5
36.5 51.5
36.5 57.5
36.5 58.5
37.5 8.5
37.5 15.5
37.5 20.5
37.5 27.5
37.5 32.5
37.5 33.5
37.5 40.5
37.5 44.5
37.5 51.5
37.5 52.5
37.5 57.5
37.5 63.5
38.5 8.5
38.5 9.5
38.5 15.5
38.5 16.5
38.5 20.5
38.5 21.5
38.5 27.5
38.5 28.5
38.5 32.5
38.5 33.5
38.5 39.5
38.5 40.5
38.5 44.5
38.5 45.5
38.5 52.5
38.5 56.5
38.5 63.5
39.5 8.5
39.5 9.5
39.5 16.5
39.5 20.5
39.5 21.5
39.5 28.5
39.5 32.5
39.5 39.5
39.5 45.5
39.5 53.5
39.5 56.5
39.5 62.5
39.5 63.5
40.5 9.5
40.5 10.5
40.5 21.5
40.5 22.5
40.5 38.5
40.5 39.5
40.5 45.5
40.5 46.5
40.5 62.5
41.5 9.5
41.5 10.5
41.5 22.5
41.5 23.5
41.5 38.5
41.5 39.5
41.5 46.5
41.5 47.5
41.5 61.5
41.5 62.5
42.5 10.5
42.5 11.5
42.5 22.5
42.5 23.5
42.5 37.5
42.5 38.5
42.5 46.5
42.5 47.5
42.5 61.5
42.5 62.5
43.5 10.5
43.5 11.5
43.5 23.5
43.5 24.5
43.5 37.5
43.5 38.5
43.5 47.5
43.5 48.5
43.5 60.5
43.5 61.5
44.5 11.5
44.5 24.5
44.5 37.5
44.5 48.5
44.5 60.5
44.5 61.5
45.5 25.5
45.5 37.5
45.5 48.5
45.5 60.5
45.5 68.5
47.5 11.5
47.5 23.5
47.5 48.5
47.5 60.5
48.5 10.5
48.5 11.5
48.5 23.5
48.5 24.5
48.5 36.5
48.5 37.5
48.5 49.5
48.5 59.5
48.5 60.5
49.5 9.5
49.5 10.5
49.5 24.5
49.5 25.5
49.5 35.5
49.5 36.5
49.5 49.5
49.5 50.5
49.5 59.5
49.5 60.5
50.5 9.5
50.5 10.5
50.5 25.5
50.5 26.5
50.5 34.5
50.5 35.5
50.5 36.5
50.5 50.5
50.5 51.5
50.5 58.5
50.5 59.5
51.5 8.5
51.5 9.5
51.5 25.5
51.5 26.5
51.5 34.5
51.5 35.5
51.5 50.5
51.5 51.5
51.5 58.5
51.5 59.5
52.5 8.5
52.5 9.5
52.5 16.5
52.5 19.5
52.5 26.5
52.5 27.5
52.5 33.5
52.5 34.5
52.5 51.5
52.5 52.5
52.5 57.5
52.5 58.5
53.5 7.5
53.5 8.5
53.5 15.5
53.5 19.5
53.5 20.5
53.5 27.5
53.5 28.5
53.5 32.5
53.5 33.5
53.5 41.5
53.5 44.5
53.5 51.5
53.5 52.5
53.5 57.5
53.5 58.5
53.5 64.5
54.5 7.5
54.5 14.5
54.5 15.5
54.5 19.5
54.5 20.5
54.5 27.5
54.5 28.5
54.5 31.5
54.5 32.5
54.5 40.5
54.5 41.5
54.5 44.5
54.5 45.5
54.5 52.5
54.5 53.5
54.5 57.5
54.5 63.5
55.5 7.5
55.5 13.5
55.5 14.5
55.5 20.5
55.5 21.5
55.5 31.5
55.5 39.5
55.5 40.5
55.5 45.5
55.5 46.5
55.5 53.5
55.5 62.5
55.5 63.5
56.5 13.5
56.5 14.5
56.5 21.5
56.5 22.5
56.5 38.5
56.5 39.5
56.5 46.5
56.5 47.5
56.5 62.5
57.5 12.5
57.5 13.5
57.5 21.5
57.5 22.5
57.5 37.5
57.5 38.5
57.5 46.5
57.5 47.5
57.5 48.5
57.5 61.5
57.5 62.5
58.5 12.5
58.5 22.5
58.5 23.5
58.5 36.5
58.5 37.5
58.5 47.5
58.5 48.5
58.5 60.5
58.5 61.5
59.5 11.5
59.5 12.5
59.5 23.5
59.5 35.5
59.5 36.5
59.5 48.5
59.5 49.5
59.5 60.5
60.5 11.5
60.5 23.5
60.5 34.5
60.5 50.5
