1.5 56.5
2.5 14.5
2.5 42.5
2.5 58.5
2.5 59.5
3.5 11.5
3.5 12.5
3.5 13.5
3.5 28.5
3.5 44.5
3.5 45.5
3.5 61.5
3.5 62.5
4.5 9.5
4.5 10.5
4.5 30.5
4.5 31.5
4.5 46.5
4.5 47.5
4.5 64.5
5.5 7.5
5.5 8.5
5.5 32.5
5.5 33.5
5.5 49.5
5.5 51.5
5.5 52.5
5.5 53.5
6.5 5.5
6.5 6.5
6.5 19.5
6.5 20.5
6.5 22.5
6.5 23.5
6.5 35.5
6.5 37.5
6.5 38.5
6.5 55.5
6.5 56.5
7.5 17.5
7.5 18.5
7.5 24.5
7.5 25.5
7.5 40.5
7.5 41.5
7.5 58.5
7.5 59.5
8.5 15.5
8.5 16.5
8.5 26.5
8.5 27.5
8.5 42.5
8.5 43.5
9.5 13.5
9.5 14.5
9.5 28.5
9.5 29.5
9.5 45.5
10.5 11.5
10.5 60.5
11.5 9.5
11.5 45.5
11.5 58.5
12.5 27.5
12.5 43.5
12.5 56.5
12.5 57.5
13.5 29.5
13.5 41.5
13.5 42.5
13.5 54.5
13.5 55.5
14.5 11.5
14.5 12.5
14.5 13.5
14.5 14.5
14.5 31.5
14.5 40.5
14.5 53.5
14.5 63.5
15.5 17.5
15.5 18.5
15.5 19.5
15.5 33.5
15.5 38.5
15.5 48.5
15.5 49.5
15.5 51.5
15.5 62.5
16.5 22.5
16.5 23.5
16.5 35.5
16.5 36.5
16.5 46.5
16.5 47.5
16.5 60.5
16.5 61.5
17.5 7.5
17.5 8.5
17.5 25.5
17.5 26.5
17.5 45.5
17.5 59.5
18.5 10.5
18.5 11.5
18.5 28.5
18.5 29.5
18.5 43.5
18.5 58.5
19.5 13.5
19.5 32.5
19.5 41.5
19.5 57.5
21.5 14.5
21.5 46.5
22.5 13.5
22.5 29.5
22.5 30.5
22.5 44.5
22.5 58.5
23.5 11.5
23.5 26.5
23.5 27.5
23.5 42.5
23.5 43.5
23.5 57.5
24.5 9.5
24.5 10.5
24.5 20.5
24.5 23.5
24.5 24.5
24.5 41.5
24.5 55.5
24.5 56.5
25.5 8.5
25.5 18.5
25.5 20.5
25.5 21.5
25.5 36.5
25.5 37.5
25.5 39.5
25.5 50.5
25.5 54.5
25.5 66.5
26.5 6.5
26.5 17.5
26.5 34.5
26.5 37.5
26.5 48.5
26.5 49.5
26.5 53.5
26.5 64.5
27.5 15.5
27.5 31.5
27.5 32.5
27.5 47.5
27.5 62.5
28.5 14.5
28.5 28.5
28.5 29.5
28.5 45.5
28.5 46.5
28.5 59.5
28.5 60.5
29.5 12.5
29.5 26.5
29.5 27.5
29.5 44.5
29.5 57.5
29.5 58.5
30.5 11.5
30.5 42.5
32.5 11.5
32.5 26.5
33.5 14.5
33.5 15.5
33.5 28.5
33.5 29.5
33.5 43.5
33.5 56.5
33.5 57.5
34.5 17.5
34.5 18.5
34.5 20.5
34.5 30.5
34.5 31.5
34.5 45.5
34.5 59.5
34.5 60.5
35.5 20.5
35.5 22.5
35.5 32.5
35.5 33.5
35.5 46.5
35.5 62.5
35.5 63.5
36.5 5.5
36.5 6.5
36.5 7.5
36.5 23.5
36.5 24.5
36.5 35.5
36.5 37.5
36.5 48.5
36.5 65.5
36.5 66.5
37.5 9.5
37.5 10.5
37.5 11.5
37.5 25.5
37.5 38.5
37.5 39.5
37.5 49.5
37.5 52.5
37.5 53.5
38.5 14.5
38.5 15.5
38.5 27.5
38.5 40.5
38.5 41.5
38.5 51.5
38.5 54.5
38.5 55.5
39.5 29.5
39.5 42.5
39.5 43.5
39.5 56.5
39.5 57.5
40.5 45.5
40.5 58.5
40.5 59.5
41.5 9.5
41.5 30.5
41.5 60.5
42.5 11.5
42.5 12.5
42.5 27.5
42.5 28.5
43.5 13.5
43.5 14.5
43.5 25.5
43.5 26.5
43.5 61.5
44.5 16.5
44.5 23.5
44.5 24.5
44.5 43.5
44.5 44.5
44.5 58.5
44.5 59.5
45.5 5.5
45.5 18.5
45.5 19.5
45.5 21.5
45.5 40.5
45.5 41.5
45.5 56.5
46.5 7.5
46.5 37.5
46.5 38.5
46.5 52.5
46.5 53.5
46.5 54.5
46.5 64.5
47.5 9.5
47.5 32.5
47.5 33.5
47.5 34.5
47.5 35.5
47.5 50.5
47.5 51.5
47.5 62.5
48.5 11.5
48.5 12.5
48.5 29.5
48.5 30.5
48.5 31.5
48.5 47.5
48.5 48.5
48.5 60.5
49.5 13.5
49.5 14.5
49.5 26.5
49.5 27.5
49.5 45.5
49.5 46.5
49.5 58.5
50.5 43.5
52.5 14.5
52.5 58.5
53.5 11.5
53.5 12.5
53.5 31.5
53.5 42.5
53.5 59.5
53.5 60.5
54.5 9.5
54.5 26.5
54.5 27.5
54.5 28.5
54.5 45.5
54.5 46.5
54.5 61.5
55.5 7.5
55.5 20.5
55.5 22.5
55.5 23.5
55.5 24.5
55.5 48.5
55.5 49.5
55.5 50.5
55.5 52.5
55.5 63.5
56.5 17.5
56.5 18.5
56.5 35.5
56.5 36.5
56.5 37.5
56.5 53.5
56.5 54.5
56.5 65.5
57.5 14.5
57.5 15.5
57.5 32.5
57.5 33.5
57.5 40.5
57.5 41.5
57.5 56.5
58.5 12.5
58.5 29.5
58.5 30.5
58.5 43.5
58.5 44.5
58.5 58.5
59.5 10.5
59.5 26.5
59.5 47.5
59.5 59.5
60.5 61.5
