2.5 37.5
2.5 46.5
2.5 47.5
2.5 58.5
2.5 59.5
3.5 12.5
3.5 13.5
3.5 24.5
3.5 25.5
3.5 26.5
3.5 37.5
3.5 38.5
3.5 45.5
3.5 46.5
3.5 47.5
3.5 58.5
3.5 59.5
4.5 12.5
4.5 13.5
4.5 14.5
4.5 24.5
4.5 25.5
4.5 26.5
4.5 27.5
4.5 37.5
4.5 38.5
4.5 39.5
4.5 45.5
4.5 46.5
4.5 57.5
4.5 58.5
4.5 59.5
5.5 13.5
5.5 14.5
5.5 25.5
5.5 26.5
5.5 27.5
5.5 38.5
5.5 39.5
5.5 44.5
5.5 45.5
5.5 57.5
5.5 58.5
6.5 14.5
6.5 26.5
6.5 27.5
6.5 51.5
7.5 8.5
7.5 9.5
7.5 19.5
7.5 20.5
7.5 21.5
7.5 33.5
7.5 34.5
7.5 50.5
7.5 51.5
7.5 52.5
7.5 62.5
7.5 63.5
7.5 64.5
8.5 8.5
8.5 9.5
8.5 10.5
8.5 20.5
8.5 21.5
8.5 22.5
8.5 33.5
8.5 34.5
8.5 35.5
8.5 49.5
8.5 50.5
8.5 51.5
8.5 52.5
8.5 62.5
8.5 63.5
8.5 64.5
9.5 9.5
9.5 10.5
9.5 20.5
9.5 21.5
9.5 22.5
9.5 23.5
9.5 34.5
9.5 35.5
9.5 49.5
9.5 50.5
9.5 51.5
9.5 61.5
9.5 62.5
9.5 63.5
10.5 22.5
10.5 23.5
10.5 35.5
10.5 49.5
10.5 61.5
10.5 62.5
10.5 63.5
11.5 62.5
15.5 8.5
15.5 9.5
15.5 10.5
15.5 23.5
15.5 24.5
15.5 25.5
15.5 36.5
15.5 37.5
15.5 49.5
15.5 50.5
16.5 7.5
16.5 8.5
16.5 9.5
16.5 24.5
16.5 25.5
16.5 26.5
16.5 27.5
16.5 36.5
16.5 37.5
16.5 38.5
16.5 49.5
16.5 50.5
16.5 51.5
16.5 59.5
16.5 60.5
17.5 7.5
17.5 8.5
17.5 26.5
17.5 27.5
17.5 37.5
17.5 38.5
17.5 50.5
17.5 51.5
17.5 52.5
17.5 58.5
17.5 59.5
17.5 60.5
18.5 7.5
18.5 37.5
18.5 38.5
18.5 51.5
18.5 52.5
18.5 57.5
18.5 58.5
18.5 59.5
19.5 13.5
19.5 14.5
19.5 20.5
19.5 21.5
19.5 22.5
19.5 32.5
19.5 33.5
19.5 44.5
19.5 45.5
19.5 57.5
19.5 58.5
20.5 11.5
20.5 12.5
20.5 13.5
20.5 14.5
20.5 21.5
20.5 22.5
20.5 23.5
20.5 32.5
20.5 33.5
20.5 34.5
20.5 44.5
20.5 45.5
20.5 46.5
20.5 63.5
20.5 64.5
21.5 11.5
21.5 12.5
21.5 13.5
21.5 14.5
21.5 22.5
21.5 23.5
21.5 33.5
21.5 34.5
21.5 44.5
21.5 45.5
21.5 46.5
21.5 47.5
21.5 61.5
21.5 62.5
21.5 63.5
22.5 11.5
22.5 12.5
22.5 45.5
22.5 46.5
22.5 47.5
22.5 61.5
22.5 62.5
26.5 25.5
27.5 11.5
27.5 12.5
27.5 25.5
27.5 26.5
27.5 33.5
27.5 34.5
27.5 46.5
27.5 60.5
27.5 61.5
27.5 62.5
28.5 11.5
28.5 12.5
28.5 13.5
28.5 14.5
28.5 25.5
28.5 26.5
28.5 27.5
28.5 32.5
28.5 33.5
28.5 34.5
28.5 44.5
28.5 45.5
28.5 46.5
28.5 47.5
28.5 61.5
28.5 62.5
28.5 63.5
29.5 12.5
29.5 13.5
29.5 14.5
29.5 15.5
29.5 26.5
29.5 27.5
29.5 32.5
29.5 33.5
29.5 34.5
29.5 44.5
29.5 45.5
29.5 46.5
29.5 61.5
29.5 62.5
29.5 63.5
30.5 13.5
30.5 14.5
30.5 15.5
30.5 27.5
30.5 32.5
30.5 33.5
30.5 43.5
30.5 44.5
30.5 45.5
31.5 7.5
31.5 21.5
31.5 38.5
31.5 50.5
31.5 51.5
31.5 56.5
31.5 57.5
31.5 58.5
32.5 6.5
32.5 7.5
32.5 8.5
32.5 9.5
32.5 21.5
32.5 22.5
32.5 23.5
32.5 37.5
32.5 38.5
32.5 49.5
32.5 50.5
32.5 51.5
32.5 57.5
32.5 58.5
33.5 7.5
33.5 8.5
33.5 9.5
33.5 10.5
33.5 21.5
33.5 22.5
33.5 23.5
33.5 36.5
33.5 37.5
33.5 38.5
33.5 48.5
33.5 49.5
33.5 50.5
33.5 57.5
33.5 58.5
33.5 59.5
34.5 8.5
34.5 9.5
34.5 10.5
34.5 22.5
34.5 23.5
34.5 24.5
34.5 36.5
34.5 37.5
34.5 48.5
34.5 49.5
35.5 10.5
38.5 60.5
39.5 22.5
39.5 23.5
39.5 35.5
39.5 48.5
39.5 49.5
39.5 50.5
39.5 60.5
39.5 61.5
39.5 62.5
40.5 11.5
40.5 12.5
40.5 13.5
40.5 14.5
40.5 21.5
40.5 22.5
40.5 23.5
40.5 34.5
40.5 35.5
40.5 49.5
40.5 50.5
40.5 51.5
40.5 61.5
40.5 62.5
41.5 12.5
41.5 13.5
41.5 14.5
41.5 15.5
41.5 20.5
41.5 21.5
41.5 22.5
41.5 33.5
41.5 34.5
41.5 35.5
41.5 49.5
41.5 50.5
41.5 51.5
41.5 61.5
41.5 62.5
41.5 63.5
42.5 13.5
42.5 14.5
42.5 15.5
42.5 20.5
42.5 33.5
42.5 34.5
42.5 51.5
43.5 27.5
43.5 33.5
43.5 44.5
43.5 45.5
43.5 56.5
43.5 57.5
43.5 58.5
44.5 7.5
44.5 8.5
44.5 9.5
44.5 25.5
44.5 26.5
44.5 27.5
44.5 38.5
44.5 39.5
44.5 44.5
44.5 45.5
44.5 46.5
44.5 57.5
44.5 58.5
44.5 59.5
45.5 7.5
45.5 8.5
45.5 9.5
45.5 10.5
45.5 24.5
45.5 25.5
45.5 26.5
45.5 27.5
45.5 37.5
45.5 38.5
45.5 39.5
45.5 45.5
45.5 46.5
45.5 47.5
45.5 57.5
45.5 58.5
45.5 59.5
46.5 8.5
46.5 9.5
46.5 10.5
46.5 24.5
46.5 25.5
46.5 26.5
46.5 37.5
46.5 38.5
46.5 45.5
46.5 46.5
46.5 47.5
46.5 59.5
47.5 37.5
47.5 38.5
51.5 23.5
51.5 58.5
51.5 59.5
52.5 12.5
52.5 13.5
52.5 14.5
52.5 21.5
52.5 22.5
52.5 23.5
52.5 48.5
52.5 49.5
52.5 50.5
52.5 57.5
52.5 58.5
52.5 59.5
53.5 12.5
53.5 13.5
53.5 14.5
53.5 15.5
53.5 21.5
53.5 22.5
53.5 23.5
53.5 34.5
53.5 35.5
53.5 49.5
53.5 50.5
53.5 51.5
53.5 57.5
53.5 58.5
54.5 13.5
54.5 14.5
54.5 15.5
54.5 20.5
54.5 21.5
54.5 22.5
54.5 33.5
54.5 34.5
54.5 35.5
54.5 50.5
54.5 51.5
54.5 57.5
55.5 32.5
55.5 33.5
55.5 34.5
55.5 63.5
56.5 7.5
56.5 8.5
56.5 27.5
56.5 32.5
56.5 33.5
56.5 62.5
56.5 63.5
56.5 64.5
57.5 7.5
57.5 8.5
57.5 9.5
57.5 10.5
57.5 26.5
57.5 27.5
57.5 38.5
57.5 39.5
57.5 45.5
57.5 46.5
57.5 47.5
57.5 61.5
57.5 62.5
57.5 63.5
58.5 8.5
58.5 9.5
58.5 10.5
58.5 11.5
58.5 25.5
58.5 26.5
58.5 27.5
58.5 37.5
58.5 38.5
58.5 39.5
58.5 45.5
58.5 46.5
58.5 47.5
58.5 48.5
58.5 61.5
58.5 62.5
58.5 63.5
59.5 9.5
59.5 10.5
59.5 11.5
59.5 25.5
59.5 26.5
59.5 36.5
59.5 37.5
59.5 38.5
59.5 39.5
59.5 46.5
59.5 47.5
59.5 48.5
60.5 36.5
60.5 37.5
