2.5 12.5
2.5 23.5
2.5 36.5
3.5 12.5
3.5 13.5
3.5 22.5
3.5 35.5
3.5 47.5
4.5 13.5
4.5 14.5
4.5 21.5
4.5 22.5
4.5 34.5
4.5 35.5
4.5 47.5
4.5 58.5
5.5 13.5
5.5 14.5
5.5 21.5
5.5 33.5
5.5 34.5
5.5 46.5
5.5 47.5
5.5 57.5
5.5 58.5
6.5 14.5
6.5 15.5
6.5 21.5
6.5 33.5
6.5 46.5
6.5 57.5
6.5 58.5
7.5 46.5
7.5 56.5
7.5 57.5
8.5 8.5
8.5 26.5
8.5 27.5
8.5 40.5
8.5 51.5
9.5 8.5
9.5 9.5
9.5 26.5
9.5 39.5
9.5 40.5
9.5 50.5
9.5 51.5
10.5 9.5
10.5 10.5
10.5 25.5
10.5 26.5
10.5 39.5
10.5 50.5
10.5 62.5
10.5 63.5
11.5 10.5
11.5 25.5
11.5 38.5
11.5 39.5
11.5 50.5
11.5 62.5
11.5 63.5
12.5 38.5
12.5 50.5
12.5 61.5
12.5 62.5
13.5 61.5
18.5 12.5
18.5 25.5
19.5 12.5
19.5 13.5
19.5 25.5
19.5 37.5
19.5 38.5
19.5 50.5
19.5 59.5
20.5 13.5
20.5 14.5
20.5 25.5
20.5 26.5
20.5 38.5
20.5 39.5
20.5 50.5
20.5 58.5
20.5 59.5
21.5 13.5
21.5 14.5
21.5 26.5
21.5 27.5
21.5 38.5
21.5 39.5
21.5 50.5
21.5 51.5
21.5 57.5
21.5 58.5
22.5 14.5
22.5 27.5
22.5 39.5
22.5 51.5
22.5 56.5
22.5 57.5
23.5 7.5
23.5 20.5
24.5 8.5
24.5 21.5
24.5 33.5
24.5 45.5
24.5 46.5
24.5 63.5
25.5 8.5
25.5 9.5
25.5 21.5
25.5 22.5
25.5 33.5
25.5 34.5
25.5 46.5
25.5 62.5
25.5 63.5
26.5 9.5
26.5 10.5
26.5 21.5
26.5 22.5
26.5 34.5
26.5 46.5
26.5 61.5
26.5 62.5
26.5 63.5
27.5 10.5
27.5 22.5
27.5 34.5
27.5 46.5
27.5 61.5
27.5 62.5
28.5 61.5
33.5 11.5
34.5 11.5
34.5 12.5
34.5 22.5
34.5 36.5
34.5 46.5
35.5 12.5
35.5 13.5
35.5 21.5
35.5 22.5
35.5 37.5
35.5 45.5
35.5 58.5
35.5 59.5
36.5 13.5
36.5 20.5
36.5 21.5
36.5 37.5
36.5 38.5
36.5 44.5
36.5 45.5
36.5 57.5
36.5 58.5
37.5 14.5
37.5 20.5
37.5 38.5
37.5 44.5
37.5 57.5
37.5 58.5
38.5 7.5
38.5 56.5
38.5 57.5
39.5 7.5
39.5 8.5
39.5 26.5
39.5 32.5
39.5 50.5
40.5 8.5
40.5 25.5
40.5 26.5
40.5 32.5
40.5 33.5
40.5 49.5
40.5 50.5
40.5 63.5
41.5 8.5
41.5 9.5
41.5 25.5
41.5 33.5
41.5 34.5
41.5 48.5
41.5 49.5
41.5 62.5
41.5 63.5
42.5 9.5
42.5 24.5
42.5 25.5
42.5 33.5
42.5 34.5
42.5 48.5
42.5 49.5
42.5 62.5
43.5 24.5
43.5 34.5
43.5 48.5
43.5 61.5
43.5 62.5
49.5 11.5
49.5 22.5
49.5 47.5
50.5 12.5
50.5 21.5
50.5 34.5
50.5 46.5
50.5 47.5
50.5 59.5
51.5 12.5
51.5 13.5
51.5 20.5
51.5 21.5
51.5 33.5
51.5 34.5
51.5 45.5
51.5 46.5
51.5 58.5
52.5 13.5
52.5 20.5
52.5 33.5
52.5 45.5
52.5 46.5
52.5 57.5
52.5 58.5
53.5 33.5
53.5 45.5
53.5 57.5
54.5 8.5
54.5 39.5
54.5 51.5
55.5 8.5
55.5 9.5
55.5 26.5
55.5 27.5
55.5 38.5
55.5 39.5
55.5 51.5
55.5 64.5
56.5 9.5
56.5 25.5
56.5 26.5
56.5 38.5
56.5 39.5
56.5 50.5
56.5 63.5
57.5 10.5
57.5 24.5
57.5 25.5
57.5 38.5
57.5 50.5
57.5 62.5
57.5 63.5
58.5 10.5
58.5 24.5
58.5 37.5
58.5 49.5
58.5 50.5
58.5 61.5
58.5 62.5
59.5 61.5
