1.5 15.5
1.5 29.5
1.5 45.5
1.5 58.5
2.5 14.5
2.5 28.5
2.5 44.5
2.5 57.5
2.5 58.5
3.5 12.5
3.5 13.5
3.5 27.5
3.5 42.5
3.5 43.5
3.5 57.5
3.5 64.5
4.5 11.5
4.5 12.5
4.5 26.5
4.5 27.5
4.5 41.5
4.5 42.5
4.5 52.5
4.5 56.5
4.5 64.5
5.5 10.5
5.5 11.5
5.5 26.5
5.5 36.5
5.5 40.5
5.5 41.5
5.5 51.5
5.5 55.5
5.5 63.5
6.5 9.5
6.5 10.5
6.5 25.5
6.5 35.5
6.5 39.5
6.5 40.5
6.5 50.5
6.5 54.5
6.5 55.5
6.5 63.5
7.5 8.5
7.5 9.5
7.5 20.5
7.5 24.5
7.5 34.5
7.5 38.5
7.5 39.5
7.5 49.5
7.5 54.5
7.5 62.5
8.5 8.5
8.5 19.5
8.5 23.5
8.5 24.5
8.5 33.5
8.5 37.5
8.5 38.5
8.5 48.5
8.5 53.5
8.5 62.5
9.5 7.5
9.5 18.5
9.5 23.5
9.5 32.5
9.5 33.5
9.5 36.5
9.5 47.5
9.5 48.5
9.5 52.5
9.5 61.5
10.5 6.5
10.5 16.5
10.5 17.5
10.5 22.5
10.5 31.5
10.5 32.5
10.5 35.5
10.5 46.5
10.5 47.5
10.5 61.5
11.5 15.5
11.5 16.5
11.5 21.5
11.5 30.5
11.5 31.5
11.5 46.5
11.5 60.5
12.5 14.5
12.5 15.5
12.5 29.5
12.5 30.5
12.5 45.5
12.5 60.5
13.5 13.5
13.5 28.5
13.5 29.5
13.5 43.5
13.5 44.5
13.5 59.5
14.5 12.5
14.5 28.5
14.5 43.5
14.5 57.5
14.5 59.5
15.5 11.5
15.5 27.5
15.5 42.5
15.5 44.5
15.5 58.5
16.5 10.5
16.5 26.5
16.5 44.5
16.5 45.5
16.5 58.5
17.5 11.5
17.5 27.5
17.5 45.5
17.5 59.5
18.5 12.5
18.5 13.5
18.5 28.5
18.5 29.5
18.5 46.5
18.5 59.5
19.5 13.5
19.5 14.5
19.5 29.5
19.5 30.5
19.5 37.5
19.5 46.5
19.5 53.5
19.5 60.5
20.5 5.5
20.5 14.5
20.5 15.5
20.5 30.5
20.5 31.5
20.5 38.5
20.5 47.5
20.5 53.5
20.5 60.5
20.5 61.5
21.5 6.5
21.5 16.5
21.5 19.5
21.5 32.5
21.5 33.5
21.5 38.5
21.5 47.5
21.5 48.5
21.5 54.5
21.5 61.5
22.5 7.5
22.5 17.5
22.5 20.5
22.5 33.5
22.5 34.5
22.5 39.5
22.5 48.5
22.5 54.5
22.5 62.5
23.5 8.5
23.5 18.5
23.5 21.5
23.5 22.5
23.5 34.5
23.5 35.5
23.5 40.5
23.5 48.5
23.5 49.5
23.5 54.5
23.5 55.5
23.5 62.5
24.5 9.5
24.5 19.5
24.5 23.5
24.5 24.5
24.5 36.5
24.5 40.5
24.5 41.5
24.5 49.5
24.5 55.5
24.5 63.5
25.5 10.5
25.5 20.5
25.5 24.5
25.5 25.5
25.5 37.5
25.5 41.5
25.5 50.5
25.5 55.5
25.5 64.5
26.5 11.5
26.5 26.5
26.5 27.5
26.5 42.5
26.5 50.5
26.5 56.5
27.5 12.5
27.5 27.5
27.5 28.5
27.5 42.5
27.5 43.5
27.5 56.5
28.5 13.5
28.5 29.5
28.5 43.5
28.5 57.5
29.5 14.5
29.5 15.5
29.5 30.5
29.5 31.5
29.5 44.5
29.5 57.5
30.5 14.5
30.5 25.5
30.5 32.5
30.5 41.5
30.5 45.5
30.5 55.5
30.5 57.5
31.5 13.5
31.5 26.5
31.5 42.5
31.5 45.5
31.5 56.5
31.5 58.5
32.5 12.5
32.5 26.5
32.5 27.5
32.5 42.5
32.5 46.5
32.5 56.5
32.5 58.5
33.5 11.5
33.5 12.5
33.5 27.5
33.5 28.5
33.5 43.5
33.5 57.5
34.5 10.5
34.5 11.5
34.5 28.5
34.5 29.5
34.5 44.5
34.5 58.5
35.5 9.5
35.5 10.5
35.5 21.5
35.5 29.5
35.5 35.5
35.5 44.5
35.5 59.5
36.5 8.5
36.5 9.5
36.5 20.5
36.5 29.5
36.5 30.5
36.5 36.5
36.5 45.5
36.5 60.5
37.5 8.5
37.5 19.5
37.5 22.5
37.5 30.5
37.5 31.5
37.5 36.5
37.5 37.5
37.5 45.5
37.5 46.5
37.5 50.5
37.5 61.5
38.5 7.5
38.5 18.5
38.5 23.5
38.5 31.5
38.5 32.5
38.5 37.5
38.5 46.5
38.5 51.5
38.5 62.5
39.5 6.5
39.5 17.5
39.5 18.5
39.5 23.5
39.5 32.5
39.5 38.5
39.5 47.5
39.5 52.5
39.5 62.5
39.5 63.5
40.5 5.5
40.5 16.5
40.5 17.5
40.5 24.5
40.5 33.5
40.5 38.5
40.5 39.5
40.5 48.5
40.5 53.5
40.5 54.5
40.5 63.5
41.5 15.5
41.5 16.5
41.5 25.5
41.5 34.5
41.5 39.5
41.5 48.5
41.5 54.5
41.5 55.5
41.5 64.5
42.5 14.5
42.5 15.5
42.5 25.5
42.5 39.5
42.5 40.5
42.5 49.5
42.5 55.5
42.5 56.5
42.5 65.5
43.5 13.5
43.5 26.5
43.5 40.5
43.5 41.5
43.5 56.5
43.5 57.5
43.5 68.5
44.5 12.5
44.5 41.5
44.5 57.5
44.5 58.5
45.5 11.5
45.5 27.5
45.5 42.5
45.5 59.5
46.5 10.5
46.5 28.5
46.5 42.5
46.5 60.5
47.5 17.5
47.5 43.5
47.5 44.5
47.5 61.5
48.5 15.5
48.5 16.5
48.5 28.5
48.5 29.5
48.5 43.5
48.5 60.5
49.5 13.5
49.5 14.5
49.5 27.5
49.5 42.5
49.5 58.5
49.5 59.5
50.5 12.5
50.5 13.5
50.5 27.5
50.5 41.5
50.5 57.5
50.5 58.5
51.5 11.5
51.5 12.5
51.5 26.5
51.5 34.5
51.5 40.5
51.5 55.5
51.5 56.5
51.5 66.5
52.5 9.5
52.5 10.5
52.5 22.5
52.5 25.5
52.5 33.5
52.5 39.5
52.5 54.5
52.5 55.5
52.5 65.5
53.5 8.5
53.5 9.5
53.5 21.5
53.5 25.5
53.5 33.5
53.5 38.5
53.5 48.5
53.5 49.5
53.5 53.5
53.5 54.5
53.5 64.5
54.5 7.5
54.5 19.5
54.5 20.5
54.5 24.5
54.5 32.5
54.5 37.5
54.5 47.5
54.5 48.5
54.5 52.5
54.5 63.5
55.5 5.5
55.5 6.5
55.5 18.5
55.5 23.5
55.5 31.5
55.5 36.5
55.5 46.5
55.5 47.5
55.5 50.5
55.5 51.5
55.5 62.5
56.5 17.5
56.5 30.5
56.5 31.5
56.5 35.5
56.5 45.5
56.5 46.5
56.5 49.5
56.5 61.5
56.5 68.5
57.5 15.5
57.5 16.5
57.5 22.5
57.5 29.5
57.5 30.5
57.5 34.5
57.5 44.5
57.5 45.5
57.5 59.5
57.5 60.5
58.5 14.5
58.5 15.5
58.5 29.5
58.5 44.5
58.5 58.5
58.5 59.5
59.5 13.5
59.5 28.5
59.5 43.5
59.5 57.5
59.5 58.5
60.5 12.5
60.5 27.5
60.5 42.5
60.5 56.5
61.5 11.5
61.5 41.5
