1.5 21.5
1.5 40.5
1.5 62.5
2.5 11.5
2.5 21.5
2.5 29.5
2.5 40.5
2.5 52.5
2.5 61.5
3.5 22.5
3.5 29.5
3.5 39.5
3.5 52.5
3.5 61.5
4.5 12.5
4.5 22.5
4.5 39.5
4.5 47.5
4.5 53.5
4.5 60.5
5.5 12.5
5.5 17.5
5.5 23.5
5.5 38.5
5.5 45.5
5.5 53.5
5.5 66.5
6.5 6.5
6.5 13.5
6.5 23.5
6.5 38.5
6.5 48.5
6.5 54.5
6.5 59.5
7.5 13.5
7.5 18.5
7.5 24.5
7.5 28.5
7.5 32.5
7.5 37.5
7.5 44.5
7.5 54.5
7.5 58.5
7.5 65.5
7.5 68.5
8.5 7.5
8.5 18.5
8.5 24.5
8.5 28.5
8.5 32.5
8.5 37.5
8.5 49.5
8.5 58.5
8.5 64.5
9.5 8.5
9.5 14.5
9.5 19.5
9.5 25.5
9.5 32.5
9.5 43.5
9.5 49.5
9.5 55.5
9.5 57.5
9.5 64.5
10.5 8.5
10.5 14.5
10.5 19.5
10.5 25.5
10.5 32.5
10.5 36.5
10.5 50.5
10.5 63.5
11.5 9.5
11.5 32.5
11.5 42.5
11.5 50.5
12.5 9.5
12.5 15.5
12.5 20.5
12.5 27.5
12.5 51.5
12.5 62.5
13.5 10.5
13.5 40.5
13.5 41.5
13.5 50.5
14.5 12.5
14.5 20.5
14.5 21.5
14.5 52.5
14.5 61.5
14.5 62.5
15.5 11.5
15.5 31.5
15.5 40.5
15.5 51.5
15.5 60.5
16.5 11.5
16.5 21.5
16.5 22.5
16.5 31.5
16.5 41.5
16.5 51.5
16.5 61.5
17.5 10.5
17.5 12.5
17.5 21.5
17.5 31.5
18.5 9.5
18.5 32.5
18.5 42.5
18.5 46.5
18.5 52.5
18.5 60.5
19.5 9.5
19.5 22.5
19.5 37.5
19.5 42.5
19.5 52.5
20.5 8.5
20.5 15.5
20.5 22.5
20.5 33.5
20.5 43.5
20.5 47.5
20.5 53.5
20.5 59.5
20.5 65.5
21.5 7.5
21.5 14.5
21.5 16.5
21.5 28.5
21.5 33.5
21.5 43.5
21.5 53.5
21.5 65.5
22.5 7.5
22.5 23.5
22.5 28.5
22.5 38.5
22.5 48.5
22.5 58.5
22.5 64.5
23.5 6.5
23.5 13.5
23.5 17.5
23.5 23.5
23.5 34.5
23.5 44.5
23.5 48.5
23.5 54.5
23.5 64.5
24.5 5.5
24.5 12.5
24.5 17.5
24.5 29.5
24.5 39.5
24.5 44.5
24.5 54.5
24.5 57.5
24.5 63.5
25.5 12.5
25.5 18.5
25.5 24.5
25.5 29.5
25.5 35.5
25.5 39.5
25.5 49.5
25.5 63.5
26.5 11.5
26.5 18.5
26.5 24.5
26.5 29.5
26.5 40.5
26.5 45.5
26.5 55.5
26.5 56.5
26.5 62.5
27.5 19.5
27.5 40.5
27.5 50.5
27.5 62.5
28.5 10.5
28.5 19.5
28.5 25.5
28.5 30.5
28.5 50.5
28.5 61.5
29.5 9.5
29.5 10.5
29.5 20.5
29.5 30.5
29.5 41.5
29.5 42.5
29.5 50.5
29.5 60.5
29.5 61.5
30.5 20.5
30.5 29.5
30.5 50.5
30.5 51.5
30.5 60.5
31.5 8.5
31.5 9.5
31.5 21.5
31.5 31.5
31.5 41.5
31.5 42.5
31.5 60.5
32.5 9.5
32.5 20.5
32.5 21.5
32.5 30.5
32.5 31.5
32.5 41.5
32.5 51.5
32.5 52.5
32.5 61.5
33.5 20.5
33.5 31.5
33.5 40.5
33.5 45.5
33.5 51.5
33.5 55.5
33.5 61.5
34.5 8.5
34.5 15.5
34.5 19.5
34.5 32.5
34.5 40.5
34.5 62.5
35.5 8.5
35.5 19.5
35.5 25.5
35.5 26.5
35.5 32.5
35.5 62.5
36.5 7.5
36.5 14.5
36.5 18.5
36.5 26.5
36.5 33.5
36.5 39.5
36.5 44.5
36.5 47.5
36.5 52.5
36.5 56.5
36.5 62.5
37.5 7.5
37.5 13.5
37.5 18.5
37.5 27.5
37.5 34.5
37.5 52.5
37.5 63.5
38.5 13.5
38.5 17.5
38.5 24.5
38.5 34.5
38.5 38.5
38.5 43.5
38.5 57.5
38.5 63.5
38.5 68.5
39.5 6.5
39.5 12.5
39.5 17.5
39.5 23.5
39.5 35.5
39.5 43.5
39.5 48.5
39.5 57.5
40.5 6.5
40.5 23.5
40.5 29.5
40.5 37.5
40.5 48.5
40.5 53.5
40.5 64.5
41.5 11.5
41.5 16.5
41.5 22.5
41.5 30.5
41.5 42.5
41.5 58.5
41.5 64.5
42.5 21.5
42.5 31.5
42.5 42.5
43.5 10.5
43.5 20.5
43.5 21.5
43.5 32.5
43.5 49.5
43.5 59.5
43.5 65.5
44.5 20.5
44.5 31.5
44.5 41.5
44.5 49.5
44.5 59.5
44.5 60.5
45.5 9.5
45.5 21.5
45.5 31.5
45.5 41.5
45.5 50.5
46.5 10.5
46.5 21.5
46.5 50.5
46.5 60.5
47.5 10.5
47.5 32.5
47.5 50.5
47.5 59.5
48.5 22.5
48.5 40.5
48.5 59.5
48.5 68.5
49.5 11.5
49.5 16.5
49.5 22.5
49.5 27.5
49.5 33.5
49.5 40.5
49.5 49.5
49.5 59.5
50.5 5.5
50.5 11.5
50.5 16.5
50.5 27.5
50.5 33.5
50.5 49.5
50.5 53.5
50.5 65.5
51.5 11.5
51.5 23.5
51.5 39.5
51.5 53.5
51.5 58.5
52.5 17.5
52.5 23.5
52.5 28.5
52.5 34.5
52.5 39.5
52.5 44.5
52.5 53.5
52.5 58.5
53.5 6.5
53.5 12.5
53.5 17.5
53.5 28.5
53.5 34.5
53.5 44.5
53.5 48.5
53.5 58.5
53.5 64.5
54.5 12.5
54.5 18.5
54.5 24.5
54.5 29.5
54.5 38.5
54.5 48.5
55.5 7.5
55.5 18.5
55.5 24.5
55.5 29.5
55.5 35.5
55.5 38.5
55.5 43.5
55.5 57.5
55.5 63.5
56.5 18.5
56.5 43.5
56.5 52.5
56.5 57.5
56.5 63.5
57.5 8.5
57.5 13.5
57.5 19.5
57.5 30.5
57.5 42.5
57.5 47.5
57.5 52.5
57.5 57.5
58.5 8.5
58.5 19.5
58.5 30.5
58.5 42.5
58.5 52.5
58.5 62.5
59.5 42.5
59.5 62.5
60.5 9.5
60.5 20.5
60.5 31.5
60.5 41.5
60.5 61.5
61.5 20.5
61.5 31.5
61.5 41.5
61.5 61.5
