1.5 35.5
1.5 47.5
1.5 62.5
2.5 12.5
2.5 24.5
2.5 36.5
2.5 37.5
2.5 46.5
2.5 59.5
2.5 60.5
3.5 13.5
3.5 21.5
3.5 22.5
3.5 38.5
3.5 46.5
3.5 57.5
3.5 58.5
4.5 14.5
4.5 19.5
4.5 20.5
4.5 39.5
4.5 40.5
4.5 45.5
4.5 55.5
4.5 56.5
4.5 66.5
5.5 8.5
5.5 16.5
5.5 17.5
5.5 27.5
5.5 41.5
5.5 44.5
5.5 51.5
5.5 53.5
5.5 65.5
6.5 10.5
6.5 11.5
6.5 26.5
6.5 29.5
6.5 30.5
6.5 50.5
6.5 63.5
7.5 12.5
7.5 13.5
7.5 24.5
7.5 25.5
7.5 31.5
7.5 32.5
7.5 33.5
7.5 34.5
7.5 49.5
7.5 62.5
8.5 23.5
8.5 24.5
8.5 34.5
8.5 35.5
8.5 36.5
8.5 48.5
8.5 60.5
9.5 22.5
9.5 38.5
9.5 59.5
10.5 11.5
10.5 12.5
11.5 10.5
11.5 11.5
11.5 22.5
11.5 48.5
12.5 9.5
12.5 10.5
12.5 22.5
12.5 38.5
12.5 49.5
12.5 60.5
13.5 8.5
13.5 9.5
13.5 21.5
13.5 35.5
13.5 36.5
13.5 50.5
13.5 59.5
14.5 7.5
14.5 8.5
14.5 17.5
14.5 21.5
14.5 33.5
14.5 34.5
14.5 51.5
14.5 57.5
14.5 58.5
15.5 6.5
15.5 7.5
15.5 16.5
15.5 21.5
15.5 31.5
15.5 32.5
15.5 42.5
15.5 44.5
15.5 52.5
15.5 56.5
15.5 65.5
16.5 14.5
16.5 15.5
16.5 20.5
16.5 29.5
16.5 40.5
16.5 41.5
16.5 45.5
16.5 64.5
17.5 13.5
17.5 14.5
17.5 26.5
17.5 39.5
17.5 46.5
17.5 47.5
17.5 62.5
17.5 63.5
18.5 12.5
18.5 13.5
18.5 24.5
18.5 25.5
18.5 37.5
18.5 38.5
18.5 47.5
18.5 48.5
18.5 61.5
19.5 11.5
19.5 23.5
19.5 36.5
19.5 49.5
19.5 60.5
20.5 50.5
22.5 11.5
22.5 24.5
22.5 59.5
22.5 60.5
23.5 12.5
23.5 13.5
23.5 25.5
23.5 36.5
23.5 48.5
23.5 49.5
23.5 61.5
24.5 14.5
24.5 26.5
24.5 33.5
24.5 34.5
24.5 49.5
24.5 50.5
24.5 62.5
25.5 7.5
25.5 15.5
25.5 16.5
25.5 27.5
25.5 31.5
25.5 32.5
25.5 50.5
25.5 55.5
25.5 63.5
26.5 8.5
26.5 17.5
26.5 20.5
26.5 30.5
26.5 41.5
26.5 42.5
26.5 51.5
26.5 56.5
26.5 64.5
27.5 9.5
27.5 10.5
27.5 21.5
27.5 22.5
27.5 39.5
27.5 40.5
27.5 52.5
27.5 57.5
28.5 11.5
28.5 23.5
28.5 37.5
28.5 38.5
28.5 46.5
28.5 53.5
28.5 57.5
29.5 12.5
29.5 24.5
29.5 35.5
29.5 47.5
29.5 58.5
30.5 48.5
30.5 59.5
31.5 59.5
32.5 11.5
32.5 22.5
32.5 35.5
32.5 60.5
33.5 12.5
33.5 23.5
33.5 24.5
33.5 36.5
33.5 48.5
33.5 59.5
34.5 6.5
34.5 13.5
34.5 25.5
34.5 37.5
34.5 38.5
34.5 47.5
34.5 57.5
35.5 7.5
35.5 14.5
35.5 17.5
35.5 27.5
35.5 29.5
35.5 39.5
35.5 46.5
35.5 56.5
35.5 64.5
36.5 8.5
36.5 18.5
36.5 19.5
36.5 31.5
36.5 40.5
36.5 44.5
36.5 45.5
36.5 53.5
36.5 55.5
36.5 63.5
37.5 8.5
37.5 9.5
37.5 20.5
37.5 32.5
37.5 33.5
37.5 42.5
37.5 43.5
37.5 51.5
37.5 61.5
37.5 62.5
38.5 9.5
38.5 21.5
38.5 22.5
38.5 34.5
38.5 35.5
38.5 49.5
38.5 50.5
38.5 60.5
38.5 61.5
39.5 10.5
39.5 23.5
39.5 36.5
39.5 48.5
39.5 59.5
40.5 11.5
40.5 58.5
42.5 11.5
42.5 22.5
42.5 47.5
42.5 61.5
43.5 9.5
43.5 21.5
43.5 35.5
43.5 36.5
43.5 37.5
43.5 48.5
43.5 49.5
43.5 59.5
43.5 60.5
44.5 8.5
44.5 19.5
44.5 20.5
44.5 32.5
44.5 33.5
44.5 34.5
44.5 49.5
44.5 50.5
44.5 58.5
44.5 59.5
45.5 7.5
45.5 16.5
45.5 18.5
45.5 27.5
45.5 28.5
45.5 30.5
45.5 31.5
45.5 51.5
45.5 57.5
46.5 14.5
46.5 17.5
46.5 26.5
46.5 40.5
46.5 43.5
46.5 52.5
46.5 56.5
46.5 64.5
47.5 12.5
47.5 13.5
47.5 25.5
47.5 39.5
47.5 44.5
47.5 45.5
47.5 63.5
48.5 10.5
48.5 11.5
48.5 23.5
48.5 24.5
48.5 37.5
48.5 46.5
48.5 61.5
48.5 62.5
49.5 9.5
49.5 22.5
49.5 36.5
49.5 48.5
49.5 60.5
50.5 34.5
50.5 59.5
52.5 10.5
52.5 11.5
52.5 23.5
52.5 35.5
52.5 59.5
53.5 12.5
53.5 13.5
53.5 24.5
53.5 25.5
53.5 36.5
53.5 47.5
53.5 48.5
53.5 61.5
54.5 15.5
54.5 26.5
54.5 27.5
54.5 37.5
54.5 45.5
54.5 46.5
54.5 62.5
54.5 63.5
55.5 6.5
55.5 7.5
55.5 17.5
55.5 19.5
55.5 28.5
55.5 31.5
55.5 38.5
55.5 39.5
55.5 43.5
55.5 44.5
55.5 65.5
56.5 8.5
56.5 20.5
56.5 21.5
56.5 32.5
56.5 40.5
56.5 42.5
56.5 54.5
56.5 55.5
57.5 9.5
57.5 10.5
57.5 22.5
57.5 33.5
57.5 51.5
57.5 52.5
57.5 57.5
57.5 58.5
58.5 10.5
58.5 11.5
58.5 24.5
58.5 34.5
58.5 35.5
58.5 49.5
58.5 50.5
58.5 59.5
58.5 60.5
59.5 12.5
59.5 36.5
59.5 47.5
59.5 48.5
59.5 61.5
60.5 45.5
