3.5 22.5
4.5 8.5
4.5 22.5
4.5 37.5
4.5 47.5
4.5 59.5
5.5 8.5
5.5 21.5
5.5 37.5
5.5 47.5
5.5 59.5
6.5 8.5
6.5 21.5
6.5 38.5
6.5 46.5
6.5 58.5
7.5 7.5
7.5 20.5
7.5 21.5
7.5 38.5
7.5 46.5
7.5 58.5
8.5 7.5
8.5 20.5
8.5 39.5
8.5 58.5
9.5 7.5
9.5 20.5
9.5 39.5
9.5 45.5
9.5 57.5
10.5 13.5
10.5 63.5
11.5 13.5
11.5 33.5
11.5 51.5
11.5 63.5
12.5 13.5
12.5 26.5
12.5 33.5
12.5 51.5
12.5 63.5
13.5 12.5
13.5 26.5
13.5 34.5
13.5 50.5
13.5 62.5
14.5 12.5
14.5 26.5
14.5 34.5
14.5 50.5
14.5 62.5
15.5 12.5
15.5 25.5
15.5 34.5
16.5 25.5
16.5 35.5
16.5 49.5
16.5 61.5
17.5 25.5
17.5 35.5
23.5 10.5
23.5 61.5
24.5 10.5
24.5 23.5
24.5 37.5
24.5 47.5
25.5 9.5
25.5 23.5
25.5 47.5
25.5 62.5
26.5 9.5
26.5 23.5
26.5 38.5
26.5 46.5
26.5 62.5
27.5 9.5
27.5 22.5
27.5 38.5
27.5 46.5
27.5 63.5
28.5 22.5
28.5 38.5
28.5 45.5
28.5 63.5
29.5 8.5
29.5 22.5
29.5 39.5
29.5 45.5
29.5 63.5
30.5 8.5
30.5 15.5
30.5 22.5
30.5 39.5
31.5 15.5
31.5 50.5
31.5 57.5
32.5 14.5
32.5 15.5
32.5 33.5
32.5 50.5
32.5 57.5
33.5 14.5
33.5 27.5
33.5 33.5
33.5 57.5
33.5 58.5
34.5 14.5
34.5 27.5
34.5 34.5
34.5 49.5
34.5 58.5
35.5 13.5
35.5 14.5
35.5 27.5
35.5 34.5
35.5 49.5
35.5 58.5
36.5 13.5
36.5 26.5
36.5 35.5
36.5 58.5
37.5 13.5
37.5 26.5
37.5 35.5
37.5 48.5
37.5 59.5
38.5 59.5
45.5 13.5
45.5 26.5
45.5 35.5
45.5 46.5
45.5 59.5
46.5 13.5
46.5 26.5
46.5 35.5
46.5 46.5
46.5 58.5
47.5 13.5
47.5 14.5
47.5 27.5
47.5 34.5
47.5 46.5
47.5 58.5
48.5 14.5
48.5 27.5
48.5 34.5
48.5 46.5
48.5 57.5
49.5 14.5
49.5 34.5
49.5 46.5
49.5 57.5
50.5 14.5
50.5 28.5
50.5 40.5
50.5 56.5
50.5 57.5
51.5 15.5
51.5 40.5
51.5 56.5
52.5 8.5
52.5 22.5
52.5 39.5
52.5 50.5
53.5 9.5
53.5 22.5
53.5 39.5
53.5 50.5
53.5 63.5
54.5 9.5
54.5 22.5
54.5 39.5
54.5 50.5
54.5 62.5
54.5 63.5
55.5 9.5
55.5 22.5
55.5 23.5
55.5 39.5
55.5 50.5
55.5 62.5
56.5 10.5
56.5 23.5
56.5 38.5
56.5 62.5
57.5 10.5
57.5 23.5
57.5 38.5
57.5 61.5
58.5 49.5
58.5 61.5
