2.5 35.5
2.5 53.5
2.5 54.5
3.5 35.5
3.5 36.5
3.5 37.5
3.5 51.5
3.5 52.5
3.5 53.5
3.5 54.5
4.5 12.5
4.5 13.5
4.5 14.5
4.5 15.5
4.5 36.5
4.5 37.5
4.5 38.5
4.5 39.5
4.5 50.5
4.5 51.5
4.5 52.5
4.5 53.5
5.5 10.5
5.5 11.5
5.5 12.5
5.5 13.5
5.5 14.5
5.5 37.5
5.5 38.5
5.5 39.5
5.5 40.5
5.5 49.5
5.5 50.5
5.5 51.5
5.5 52.5
6.5 9.5
6.5 10.5
6.5 11.5
6.5 12.5
6.5 39.5
6.5 40.5
6.5 41.5
6.5 48.5
6.5 49.5
6.5 50.5
7.5 9.5
8.5 61.5
9.5 21.5
9.5 22.5
9.5 29.5
9.5 59.5
9.5 60.5
9.5 61.5
10.5 18.5
10.5 19.5
10.5 20.5
10.5 21.5
10.5 29.5
10.5 30.5
10.5 31.5
10.5 57.5
10.5 58.5
10.5 59.5
10.5 60.5
11.5 17.5
11.5 18.5
11.5 19.5
11.5 20.5
11.5 30.5
11.5 31.5
11.5 32.5
11.5 33.5
11.5 56.5
11.5 57.5
11.5 58.5
12.5 16.5
12.5 17.5
12.5 18.5
12.5 31.5
12.5 32.5
12.5 33.5
12.5 34.5
12.5 55.5
12.5 56.5
13.5 33.5
13.5 34.5
13.5 35.5
19.5 14.5
19.5 15.5
19.5 35.5
19.5 52.5
19.5 53.5
19.5 54.5
20.5 11.5
20.5 12.5
20.5 13.5
20.5 14.5
20.5 15.5
20.5 35.5
20.5 36.5
20.5 37.5
20.5 38.5
20.5 50.5
20.5 51.5
20.5 52.5
20.5 53.5
21.5 10.5
21.5 11.5
21.5 12.5
21.5 13.5
21.5 37.5
21.5 38.5
21.5 39.5
21.5 40.5
21.5 49.5
21.5 50.5
21.5 51.5
21.5 52.5
22.5 9.5
22.5 10.5
22.5 11.5
22.5 38.5
22.5 39.5
22.5 40.5
22.5 41.5
22.5 48.5
22.5 49.5
24.5 59.5
24.5 60.5
24.5 61.5
24.5 62.5
25.5 20.5
25.5 21.5
25.5 22.5
25.5 29.5
25.5 30.5
25.5 31.5
25.5 57.5
25.5 58.5
25.5 59.5
25.5 60.5
25.5 61.5
26.5 18.5
26.5 19.5
26.5 20.5
26.5 21.5
26.5 30.5
26.5 31.5
26.5 32.5
26.5 33.5
26.5 56.5
26.5 57.5
26.5 58.5
26.5 59.5
27.5 16.5
27.5 17.5
27.5 18.5
27.5 19.5
27.5 32.5
27.5 33.5
27.5 34.5
27.5 55.5
27.5 56.5
27.5 57.5
28.5 15.5
28.5 16.5
28.5 17.5
28.5 34.5
28.5 35.5
34.5 14.5
34.5 15.5
34.5 34.5
34.5 35.5
34.5 53.5
34.5 54.5
34.5 55.5
34.5 56.5
35.5 11.5
35.5 12.5
35.5 13.5
35.5 14.5
35.5 32.5
35.5 33.5
35.5 34.5
35.5 51.5
35.5 52.5
35.5 53.5
35.5 54.5
36.5 9.5
36.5 10.5
36.5 11.5
36.5 12.5
36.5 13.5
36.5 31.5
36.5 32.5
36.5 33.5
36.5 50.5
36.5 51.5
36.5 52.5
36.5 53.5
37.5 8.5
37.5 9.5
37.5 10.5
37.5 11.5
37.5 30.5
37.5 31.5
37.5 49.5
37.5 50.5
38.5 29.5
38.5 42.5
39.5 21.5
39.5 22.5
39.5 40.5
39.5 41.5
39.5 42.5
39.5 61.5
39.5 62.5
40.5 18.5
40.5 19.5
40.5 20.5
40.5 21.5
40.5 38.5
40.5 39.5
40.5 40.5
40.5 41.5
40.5 59.5
40.5 60.5
40.5 61.5
41.5 16.5
41.5 17.5
41.5 18.5
41.5 19.5
41.5 20.5
41.5 37.5
41.5 38.5
41.5 39.5
41.5 58.5
41.5 59.5
41.5 60.5
42.5 15.5
42.5 16.5
42.5 17.5
42.5 36.5
42.5 37.5
42.5 57.5
42.5 58.5
49.5 13.5
49.5 14.5
49.5 15.5
49.5 34.5
49.5 35.5
49.5 36.5
49.5 57.5
49.5 58.5
50.5 11.5
50.5 12.5
50.5 13.5
50.5 14.5
50.5 33.5
50.5 34.5
50.5 35.5
50.5 57.5
50.5 58.5
50.5 59.5
51.5 10.5
51.5 11.5
51.5 12.5
51.5 13.5
51.5 31.5
51.5 32.5
51.5 33.5
51.5 34.5
51.5 58.5
51.5 59.5
51.5 60.5
52.5 9.5
52.5 10.5
52.5 11.5
52.5 30.5
52.5 31.5
52.5 32.5
52.5 60.5
52.5 61.5
53.5 8.5
53.5 9.5
53.5 30.5
53.5 61.5
53.5 62.5
54.5 42.5
54.5 43.5
54.5 50.5
55.5 20.5
55.5 21.5
55.5 22.5
55.5 40.5
55.5 41.5
55.5 42.5
55.5 50.5
55.5 51.5
55.5 52.5
56.5 18.5
56.5 19.5
56.5 20.5
56.5 21.5
56.5 39.5
56.5 40.5
56.5 41.5
56.5 51.5
56.5 52.5
56.5 53.5
56.5 54.5
57.5 16.5
57.5 17.5
57.5 18.5
57.5 19.5
57.5 38.5
57.5 39.5
57.5 40.5
57.5 52.5
57.5 53.5
57.5 54.5
57.5 55.5
58.5 15.5
58.5 16.5
58.5 17.5
58.5 18.5
58.5 37.5
58.5 38.5
58.5 39.5
58.5 53.5
58.5 54.5
58.5 55.5
59.5 15.5
59.5 37.5
59.5 55.5
59.5 56.5
