1.5 35.5
1.5 46.5
1.5 47.5
1.5 59.5
1.5 60.5
2.5 10.5
2.5 11.5
2.5 12.5
2.5 19.5
2.5 20.5
2.5 21.5
2.5 22.5
2.5 23.5
2.5 24.5
2.5 34.5
2.5 35.5
2.5 45.5
2.5 46.5
2.5 47.5
2.5 60.5
2.5 61.5
2.5 62.5
3.5 12.5
3.5 13.5
3.5 14.5
3.5 18.5
3.5 19.5
3.5 20.5
3.5 21.5
3.5 22.5
3.5 32.5
3.5 33.5
3.5 34.5
3.5 44.5
3.5 45.5
3.5 46.5
3.5 61.5
3.5 62.5
3.5 63.5
3.5 64.5
4.5 15.5
4.5 31.5
4.5 32.5
4.5 33.5
4.5 43.5
4.5 44.5
4.5 45.5
4.5 51.5
4.5 52.5
4.5 54.5
4.5 55.5
4.5 63.5
4.5 64.5
4.5 65.5
5.5 26.5
5.5 27.5
5.5 28.5
5.5 31.5
5.5 38.5
5.5 39.5
5.5 42.5
5.5 43.5
5.5 44.5
5.5 50.5
5.5 51.5
5.5 55.5
5.5 56.5
5.5 57.5
6.5 7.5
6.5 8.5
6.5 9.5
6.5 10.5
6.5 23.5
6.5 24.5
6.5 25.5
6.5 26.5
6.5 27.5
6.5 37.5
6.5 38.5
6.5 39.5
6.5 42.5
6.5 49.5
6.5 50.5
6.5 51.5
6.5 56.5
6.5 57.5
6.5 58.5
7.5 7.5
7.5 8.5
7.5 9.5
7.5 10.5
7.5 11.5
7.5 12.5
7.5 23.5
7.5 24.5
7.5 36.5
7.5 37.5
7.5 38.5
7.5 48.5
7.5 49.5
7.5 50.5
7.5 58.5
7.5 59.5
8.5 35.5
8.5 36.5
8.5 37.5
8.5 48.5
8.5 49.5
8.5 59.5
8.5 60.5
9.5 35.5
9.5 47.5
9.5 48.5
10.5 23.5
10.5 24.5
11.5 11.5
11.5 12.5
11.5 22.5
11.5 23.5
11.5 24.5
11.5 59.5
11.5 60.5
12.5 11.5
12.5 12.5
12.5 13.5
12.5 21.5
12.5 22.5
12.5 23.5
12.5 35.5
12.5 36.5
12.5 37.5
12.5 47.5
12.5 48.5
12.5 59.5
12.5 60.5
12.5 61.5
13.5 12.5
13.5 13.5
13.5 14.5
13.5 20.5
13.5 21.5
13.5 22.5
13.5 34.5
13.5 35.5
13.5 36.5
13.5 48.5
13.5 49.5
13.5 60.5
13.5 61.5
13.5 62.5
14.5 13.5
14.5 14.5
14.5 15.5
14.5 19.5
14.5 20.5
14.5 21.5
14.5 33.5
14.5 34.5
14.5 35.5
14.5 49.5
14.5 50.5
14.5 51.5
14.5 61.5
14.5 62.5
15.5 14.5
15.5 15.5
15.5 19.5
15.5 28.5
15.5 29.5
15.5 32.5
15.5 33.5
15.5 34.5
15.5 50.5
15.5 51.5
15.5 52.5
15.5 55.5
15.5 62.5
15.5 63.5
16.5 6.5
16.5 7.5
16.5 26.5
16.5 27.5
16.5 28.5
16.5 29.5
16.5 32.5
16.5 33.5
16.5 39.5
16.5 40.5
16.5 43.5
16.5 44.5
16.5 51.5
16.5 52.5
16.5 55.5
16.5 56.5
16.5 63.5
17.5 7.5
17.5 8.5
17.5 9.5
17.5 24.5
17.5 25.5
17.5 26.5
17.5 27.5
17.5 28.5
17.5 38.5
17.5 39.5
17.5 44.5
17.5 45.5
17.5 46.5
17.5 56.5
17.5 57.5
18.5 8.5
18.5 9.5
18.5 10.5
18.5 23.5
18.5 24.5
18.5 25.5
18.5 26.5
18.5 37.5
18.5 38.5
18.5 46.5
18.5 47.5
18.5 57.5
18.5 58.5
19.5 9.5
19.5 10.5
19.5 11.5
19.5 23.5
19.5 24.5
19.5 36.5
19.5 37.5
19.5 47.5
19.5 48.5
19.5 58.5
19.5 59.5
20.5 11.5
20.5 59.5
22.5 36.5
22.5 37.5
22.5 47.5
22.5 48.5
23.5 10.5
23.5 11.5
23.5 23.5
23.5 24.5
23.5 25.5
23.5 37.5
23.5 38.5
23.5 46.5
23.5 47.5
23.5 48.5
23.5 59.5
23.5 60.5
24.5 11.5
24.5 12.5
24.5 13.5
24.5 24.5
24.5 25.5
24.5 26.5
24.5 27.5
24.5 38.5
24.5 39.5
24.5 44.5
24.5 45.5
24.5 46.5
24.5 47.5
24.5 57.5
24.5 58.5
24.5 59.5
25.5 12.5
25.5 13.5
25.5 14.5
25.5 15.5
25.5 26.5
25.5 27.5
25.5 28.5
25.5 39.5
25.5 40.5
25.5 43.5
25.5 44.5
25.5 45.5
25.5 56.5
25.5 57.5
25.5 58.5
26.5 14.5
26.5 15.5
26.5 18.5
26.5 19.5
26.5 20.5
26.5 27.5
26.5 28.5
26.5 29.5
26.5 32.5
26.5 33.5
26.5 41.5
26.5 51.5
26.5 52.5
26.5 53.5
26.5 55.5
26.5 56.5
26.5 57.5
26.5 63.5
27.5 5.5
27.5 6.5
27.5 7.5
27.5 8.5
27.5 19.5
27.5 20.5
27.5 21.5
27.5 32.5
27.5 33.5
27.5 34.5
27.5 35.5
27.5 49.5
27.5 50.5
27.5 51.5
27.5 52.5
27.5 62.5
27.5 63.5
28.5 7.5
28.5 8.5
28.5 9.5
28.5 10.5
28.5 21.5
28.5 22.5
28.5 23.5
28.5 34.5
28.5 35.5
28.5 36.5
28.5 48.5
28.5 49.5
28.5 50.5
28.5 61.5
28.5 62.5
29.5 10.5
29.5 11.5
29.5 22.5
29.5 23.5
29.5 24.5
29.5 35.5
29.5 36.5
29.5 37.5
29.5 47.5
29.5 48.5
29.5 49.5
29.5 60.5
29.5 61.5
30.5 59.5
30.5 60.5
32.5 10.5
32.5 11.5
32.5 35.5
32.5 36.5
32.5 49.5
33.5 7.5
33.5 8.5
33.5 9.5
33.5 10.5
33.5 11.5
33.5 22.5
33.5 23.5
33.5 24.5
33.5 36.5
33.5 37.5
33.5 38.5
33.5 46.5
33.5 47.5
33.5 48.5
33.5 49.5
33.5 59.5
33.5 60.5
34.5 6.5
34.5 7.5
34.5 8.5
34.5 9.5
34.5 20.5
34.5 21.5
34.5 22.5
34.5 23.5
34.5 37.5
34.5 38.5
34.5 39.5
34.5 40.5
34.5 45.5
34.5 46.5
34.5 47.5
34.5 58.5
34.5 59.5
34.5 60.5
35.5 5.5
35.5 6.5
35.5 7.5
35.5 16.5
35.5 19.5
35.5 20.5
35.5 21.5
35.5 28.5
35.5 39.5
35.5 40.5
35.5 41.5
35.5 44.5
35.5 45.5
35.5 57.5
35.5 58.5
35.5 59.5
36.5 13.5
36.5 14.5
36.5 15.5
36.5 16.5
36.5 26.5
36.5 27.5
36.5 31.5
36.5 32.5
36.5 33.5
36.5 52.5
36.5 53.5
36.5 54.5
36.5 57.5
36.5 64.5
36.5 65.5
37.5 12.5
37.5 13.5
37.5 14.5
37.5 25.5
37.5 26.5
37.5 33.5
37.5 34.5
37.5 35.5
37.5 36.5
37.5 50.5
37.5 51.5
37.5 52.5
37.5 53.5
37.5 63.5
37.5 64.5
38.5 11.5
38.5 12.5
38.5 13.5
38.5 24.5
38.5 35.5
38.5 36.5
38.5 37.5
38.5 49.5
38.5 50.5
38.5 51.5
38.5 62.5
38.5 63.5
39.5 61.5
39.5 62.5
41.5 23.5
41.5 24.5
41.5 37.5
42.5 11.5
42.5 12.5
42.5 24.5
42.5 25.5
42.5 35.5
42.5 36.5
42.5 37.5
42.5 48.5
42.5 49.5
42.5 50.5
42.5 61.5
42.5 62.5
43.5 11.5
43.5 12.5
43.5 13.5
43.5 24.5
43.5 25.5
43.5 26.5
43.5 33.5
43.5 34.5
43.5 35.5
43.5 36.5
43.5 49.5
43.5 50.5
43.5 51.5
43.5 52.5
43.5 62.5
43.5 63.5
44.5 12.5
44.5 13.5
44.5 14.5
44.5 25.5
44.5 26.5
44.5 27.5
44.5 32.5
44.5 33.5
44.5 34.5
44.5 35.5
44.5 51.5
44.5 52.5
44.5 53.5
44.5 63.5
44.5 64.5
44.5 65.5
45.5 6.5
45.5 7.5
45.5 13.5
45.5 14.5
45.5 15.5
45.5 26.5
45.5 27.5
45.5 31.5
45.5 32.5
45.5 33.5
45.5 41.5
45.5 44.5
45.5 45.5
45.5 56.5
45.5 57.5
45.5 65.5
45.5 66.5
46.5 7.5
46.5 8.5
46.5 15.5
46.5 16.5
46.5 19.5
46.5 20.5
46.5 27.5
46.5 28.5
46.5 31.5
46.5 40.5
46.5 41.5
46.5 45.5
46.5 46.5
46.5 57.5
46.5 58.5
46.5 59.5
46.5 60.5
47.5 8.5
47.5 9.5
47.5 20.5
47.5 21.5
47.5 22.5
47.5 38.5
47.5 39.5
47.5 40.5
47.5 45.5
47.5 46.5
47.5 47.5
47.5 59.5
47.5 60.5
47.5 61.5
47.5 62.5
48.5 9.5
48.5 10.5
48.5 21.5
48.5 22.5
48.5 23.5
48.5 37.5
48.5 38.5
48.5 39.5
48.5 46.5
48.5 47.5
48.5 48.5
49.5 10.5
49.5 11.5
49.5 22.5
49.5 23.5
49.5 24.5
49.5 36.5
49.5 37.5
49.5 38.5
49.5 48.5
50.5 24.5
50.5 36.5
50.5 37.5
51.5 60.5
51.5 61.5
52.5 11.5
52.5 48.5
52.5 49.5
52.5 58.5
52.5 59.5
52.5 60.5
53.5 9.5
53.5 10.5
53.5 24.5
53.5 25.5
53.5 35.5
53.5 36.5
53.5 37.5
53.5 48.5
53.5 49.5
53.5 50.5
53.5 57.5
53.5 58.5
53.5 59.5
54.5 7.5
54.5 8.5
54.5 9.5
54.5 21.5
54.5 22.5
54.5 23.5
54.5 24.5
54.5 36.5
54.5 37.5
54.5 38.5
54.5 39.5
54.5 50.5
54.5 51.5
54.5 52.5
54.5 56.5
54.5 57.5
54.5 58.5
54.5 64.5
55.5 6.5
55.5 7.5
55.5 8.5
55.5 19.5
55.5 20.5
55.5 21.5
55.5 22.5
55.5 38.5
55.5 39.5
55.5 40.5
55.5 51.5
55.5 52.5
55.5 53.5
55.5 63.5
55.5 64.5
56.5 5.5
56.5 6.5
56.5 15.5
56.5 16.5
56.5 18.5
56.5 19.5
56.5 28.5
56.5 29.5
56.5 32.5
56.5 33.5
56.5 44.5
56.5 45.5
56.5 46.5
56.5 62.5
56.5 63.5
57.5 12.5
57.5 13.5
57.5 14.5
57.5 15.5
57.5 26.5
57.5 27.5
57.5 28.5
57.5 33.5
57.5 34.5
57.5 35.5
57.5 45.5
57.5 46.5
57.5 47.5
57.5 48.5
57.5 61.5
57.5 62.5
58.5 10.5
58.5 11.5
58.5 12.5
58.5 13.5
58.5 24.5
58.5 25.5
58.5 26.5
58.5 34.5
58.5 35.5
58.5 36.5
58.5 47.5
58.5 48.5
58.5 49.5
58.5 60.5
58.5 61.5
59.5 9.5
59.5 10.5
59.5 11.5
59.5 23.5
59.5 24.5
59.5 37.5
59.5 60.5
