1.5 18.5
1.5 37.5
1.5 59.5
1.5 60.5
2.5 16.5
2.5 17.5
2.5 35.5
2.5 36.5
2.5 57.5
2.5 58.5
2.5 59.5
3.5 15.5
3.5 16.5
3.5 33.5
3.5 34.5
3.5 35.5
3.5 55.5
3.5 56.5
3.5 57.5
4.5 13.5
4.5 14.5
4.5 32.5
4.5 33.5
4.5 46.5
4.5 53.5
4.5 54.5
4.5 55.5
5.5 11.5
5.5 12.5
5.5 30.5
5.5 31.5
5.5 44.5
5.5 45.5
5.5 51.5
5.5 52.5
5.5 53.5
6.5 10.5
6.5 11.5
6.5 25.5
6.5 26.5
6.5 29.5
6.5 30.5
6.5 43.5
6.5 44.5
6.5 49.5
6.5 50.5
6.5 51.5
7.5 8.5
7.5 9.5
7.5 23.5
7.5 24.5
7.5 27.5
7.5 28.5
7.5 42.5
7.5 43.5
7.5 47.5
7.5 48.5
7.5 49.5
7.5 65.5
7.5 66.5
8.5 7.5
8.5 21.5
8.5 22.5
8.5 23.5
8.5 26.5
8.5 40.5
8.5 41.5
8.5 42.5
8.5 46.5
8.5 47.5
8.5 64.5
8.5 65.5
9.5 5.5
9.5 19.5
9.5 20.5
9.5 21.5
9.5 39.5
9.5 40.5
9.5 62.5
9.5 63.5
10.5 17.5
10.5 18.5
10.5 19.5
10.5 38.5
10.5 39.5
10.5 60.5
10.5 61.5
11.5 15.5
11.5 16.5
11.5 17.5
11.5 37.5
11.5 38.5
11.5 58.5
11.5 59.5
11.5 60.5
12.5 14.5
12.5 15.5
12.5 35.5
12.5 36.5
12.5 57.5
12.5 58.5
13.5 12.5
13.5 13.5
13.5 34.5
13.5 35.5
13.5 55.5
13.5 56.5
14.5 33.5
14.5 54.5
15.5 52.5
16.5 13.5
16.5 34.5
17.5 14.5
17.5 15.5
17.5 35.5
17.5 59.5
18.5 15.5
18.5 16.5
18.5 17.5
18.5 36.5
18.5 37.5
18.5 57.5
18.5 58.5
19.5 17.5
19.5 18.5
19.5 19.5
19.5 37.5
19.5 38.5
19.5 55.5
19.5 56.5
20.5 19.5
20.5 20.5
20.5 39.5
20.5 40.5
20.5 53.5
20.5 54.5
20.5 55.5
21.5 5.5
21.5 6.5
21.5 20.5
21.5 21.5
21.5 22.5
21.5 26.5
21.5 40.5
21.5 41.5
21.5 51.5
21.5 52.5
21.5 53.5
22.5 7.5
22.5 22.5
22.5 23.5
22.5 24.5
22.5 27.5
22.5 28.5
22.5 41.5
22.5 42.5
22.5 50.5
22.5 51.5
22.5 66.5
23.5 8.5
23.5 9.5
23.5 24.5
23.5 25.5
23.5 28.5
23.5 29.5
23.5 30.5
23.5 43.5
23.5 48.5
23.5 49.5
23.5 64.5
23.5 65.5
24.5 9.5
24.5 10.5
24.5 11.5
24.5 26.5
24.5 30.5
24.5 31.5
24.5 44.5
24.5 45.5
24.5 47.5
24.5 48.5
24.5 62.5
24.5 63.5
25.5 11.5
25.5 12.5
25.5 31.5
25.5 32.5
25.5 33.5
25.5 45.5
25.5 46.5
25.5 60.5
25.5 61.5
26.5 13.5
26.5 14.5
26.5 33.5
26.5 34.5
26.5 58.5
26.5 59.5
27.5 14.5
27.5 15.5
27.5 34.5
27.5 35.5
27.5 36.5
27.5 56.5
27.5 57.5
27.5 58.5
28.5 16.5
28.5 17.5
28.5 36.5
28.5 37.5
28.5 54.5
28.5 55.5
29.5 18.5
29.5 38.5
29.5 39.5
29.5 53.5
31.5 18.5
32.5 16.5
32.5 17.5
32.5 40.5
32.5 59.5
33.5 15.5
33.5 16.5
33.5 37.5
33.5 38.5
33.5 57.5
33.5 58.5
34.5 13.5
34.5 14.5
34.5 15.5
34.5 35.5
34.5 36.5
34.5 37.5
34.5 55.5
34.5 56.5
35.5 12.5
35.5 13.5
35.5 33.5
35.5 34.5
35.5 35.5
35.5 53.5
35.5 54.5
35.5 55.5
35.5 68.5
36.5 11.5
36.5 12.5
36.5 31.5
36.5 32.5
36.5 33.5
36.5 52.5
36.5 53.5
36.5 66.5
36.5 68.5
37.5 9.5
37.5 10.5
37.5 11.5
37.5 25.5
37.5 29.5
37.5 30.5
37.5 31.5
37.5 47.5
37.5 50.5
37.5 51.5
37.5 65.5
38.5 8.5
38.5 9.5
38.5 23.5
38.5 24.5
38.5 27.5
38.5 28.5
38.5 29.5
38.5 45.5
38.5 48.5
38.5 49.5
38.5 50.5
38.5 63.5
38.5 64.5
39.5 7.5
39.5 8.5
39.5 22.5
39.5 23.5
39.5 26.5
39.5 42.5
39.5 43.5
39.5 44.5
39.5 47.5
39.5 48.5
39.5 61.5
39.5 62.5
39.5 63.5
40.5 6.5
40.5 20.5
40.5 21.5
40.5 40.5
40.5 41.5
40.5 42.5
40.5 60.5
40.5 61.5
41.5 5.5
41.5 18.5
41.5 19.5
41.5 20.5
41.5 39.5
41.5 40.5
41.5 59.5
41.5 60.5
42.5 17.5
42.5 18.5
42.5 37.5
42.5 38.5
42.5 57.5
42.5 58.5
43.5 15.5
43.5 16.5
43.5 17.5
43.5 35.5
43.5 36.5
43.5 56.5
43.5 57.5
44.5 14.5
44.5 15.5
44.5 34.5
44.5 55.5
45.5 13.5
45.5 53.5
46.5 53.5
47.5 33.5
47.5 54.5
47.5 55.5
48.5 34.5
48.5 35.5
48.5 55.5
48.5 56.5
49.5 12.5
49.5 13.5
49.5 14.5
49.5 36.5
49.5 37.5
49.5 57.5
49.5 58.5
50.5 15.5
50.5 16.5
50.5 17.5
50.5 37.5
50.5 38.5
50.5 39.5
50.5 58.5
50.5 59.5
51.5 17.5
51.5 18.5
51.5 19.5
51.5 20.5
51.5 39.5
51.5 40.5
51.5 41.5
51.5 59.5
51.5 60.5
52.5 20.5
52.5 21.5
52.5 22.5
52.5 26.5
52.5 27.5
52.5 41.5
52.5 42.5
52.5 43.5
52.5 46.5
52.5 60.5
52.5 61.5
52.5 62.5
53.5 5.5
53.5 23.5
53.5 24.5
53.5 25.5
53.5 28.5
53.5 43.5
53.5 44.5
53.5 47.5
53.5 48.5
53.5 62.5
53.5 63.5
54.5 7.5
54.5 8.5
54.5 26.5
54.5 27.5
54.5 29.5
54.5 30.5
54.5 45.5
54.5 46.5
54.5 48.5
54.5 49.5
54.5 50.5
54.5 63.5
54.5 64.5
55.5 9.5
55.5 10.5
55.5 31.5
55.5 32.5
55.5 50.5
55.5 51.5
55.5 65.5
56.5 11.5
56.5 12.5
56.5 32.5
56.5 33.5
56.5 34.5
56.5 52.5
56.5 53.5
57.5 13.5
57.5 14.5
57.5 15.5
57.5 34.5
57.5 35.5
57.5 53.5
57.5 54.5
57.5 55.5
58.5 15.5
58.5 16.5
58.5 17.5
58.5 36.5
58.5 37.5
58.5 55.5
58.5 56.5
59.5 18.5
59.5 37.5
59.5 38.5
59.5 57.5
59.5 58.5
60.5 59.5
