4.5 11.5
4.5 12.5
4.5 21.5
4.5 22.5
4.5 23.5
4.5 37.5
4.5 47.5
4.5 62.5
5.5 11.5
5.5 12.5
5.5 21.5
5.5 22.5
5.5 23.5
5.5 37.5
5.5 38.5
5.5 46.5
5.5 47.5
5.5 61.5
5.5 62.5
5.5 63.5
6.5 12.5
6.5 13.5
6.5 20.5
6.5 21.5
6.5 22.5
6.5 37.5
6.5 38.5
6.5 45.5
6.5 46.5
6.5 47.5
6.5 62.5
6.5 63.5
7.5 12.5
7.5 13.5
7.5 19.5
7.5 20.5
7.5 21.5
7.5 22.5
7.5 37.5
7.5 38.5
7.5 39.5
7.5 45.5
7.5 46.5
7.5 47.5
7.5 62.5
7.5 63.5
7.5 64.5
8.5 12.5
8.5 13.5
8.5 19.5
8.5 20.5
8.5 21.5
8.5 37.5
8.5 38.5
8.5 39.5
8.5 44.5
8.5 45.5
8.5 46.5
8.5 62.5
8.5 63.5
8.5 64.5
9.5 13.5
9.5 19.5
9.5 38.5
9.5 39.5
9.5 44.5
9.5 45.5
9.5 46.5
9.5 63.5
9.5 64.5
10.5 7.5
10.5 8.5
10.5 26.5
10.5 27.5
10.5 38.5
10.5 39.5
10.5 44.5
10.5 45.5
10.5 64.5
11.5 7.5
11.5 8.5
11.5 9.5
11.5 25.5
11.5 26.5
11.5 27.5
11.5 33.5
11.5 44.5
11.5 45.5
11.5 52.5
11.5 58.5
12.5 8.5
12.5 9.5
12.5 25.5
12.5 26.5
12.5 27.5
12.5 32.5
12.5 33.5
12.5 34.5
12.5 51.5
12.5 52.5
12.5 58.5
12.5 59.5
13.5 8.5
13.5 9.5
13.5 24.5
13.5 25.5
13.5 26.5
13.5 33.5
13.5 34.5
13.5 50.5
13.5 51.5
13.5 52.5
13.5 58.5
13.5 59.5
13.5 60.5
14.5 8.5
14.5 9.5
14.5 10.5
14.5 24.5
14.5 25.5
14.5 26.5
14.5 33.5
14.5 34.5
14.5 49.5
14.5 50.5
14.5 51.5
14.5 58.5
14.5 59.5
14.5 60.5
15.5 9.5
15.5 10.5
15.5 23.5
15.5 24.5
15.5 25.5
15.5 33.5
15.5 34.5
15.5 35.5
15.5 49.5
15.5 50.5
15.5 51.5
15.5 59.5
15.5 60.5
16.5 24.5
16.5 33.5
16.5 34.5
16.5 35.5
16.5 49.5
16.5 50.5
16.5 59.5
16.5 60.5
16.5 61.5
17.5 34.5
17.5 35.5
17.5 49.5
17.5 61.5
23.5 9.5
23.5 10.5
24.5 8.5
24.5 9.5
24.5 10.5
24.5 21.5
24.5 22.5
24.5 49.5
24.5 62.5
25.5 8.5
25.5 9.5
25.5 20.5
25.5 21.5
25.5 22.5
25.5 36.5
25.5 48.5
25.5 49.5
25.5 50.5
25.5 62.5
25.5 63.5
26.5 8.5
26.5 9.5
26.5 20.5
26.5 21.5
26.5 22.5
26.5 36.5
26.5 37.5
26.5 48.5
26.5 49.5
26.5 50.5
26.5 62.5
26.5 63.5
27.5 7.5
27.5 8.5
27.5 9.5
27.5 20.5
27.5 21.5
27.5 22.5
27.5 36.5
27.5 37.5
27.5 38.5
27.5 48.5
27.5 49.5
27.5 50.5
27.5 51.5
27.5 62.5
27.5 63.5
27.5 64.5
28.5 7.5
28.5 8.5
28.5 20.5
28.5 21.5
28.5 22.5
28.5 36.5
28.5 37.5
28.5 38.5
28.5 49.5
28.5 50.5
28.5 51.5
28.5 62.5
28.5 63.5
28.5 64.5
29.5 7.5
29.5 8.5
29.5 20.5
29.5 21.5
29.5 37.5
29.5 38.5
29.5 49.5
29.5 50.5
29.5 51.5
29.5 63.5
29.5 64.5
30.5 13.5
30.5 14.5
30.5 20.5
30.5 21.5
30.5 37.5
30.5 38.5
30.5 50.5
30.5 51.5
30.5 57.5
30.5 63.5
30.5 64.5
31.5 13.5
31.5 14.5
31.5 26.5
31.5 31.5
31.5 32.5
31.5 38.5
31.5 44.5
31.5 57.5
31.5 58.5
32.5 12.5
32.5 13.5
32.5 14.5
32.5 25.5
32.5 26.5
32.5 31.5
32.5 32.5
32.5 33.5
32.5 44.5
32.5 45.5
32.5 56.5
32.5 57.5
32.5 58.5
33.5 12.5
33.5 13.5
33.5 14.5
33.5 25.5
33.5 26.5
33.5 31.5
33.5 32.5
33.5 33.5
33.5 44.5
33.5 45.5
33.5 57.5
33.5 58.5
34.5 12.5
34.5 13.5
34.5 14.5
34.5 24.5
34.5 25.5
34.5 32.5
34.5 33.5
34.5 34.5
34.5 44.5
34.5 45.5
34.5 46.5
34.5 57.5
34.5 58.5
34.5 59.5
35.5 12.5
35.5 13.5
35.5 14.5
35.5 24.5
35.5 25.5
35.5 32.5
35.5 33.5
35.5 34.5
35.5 45.5
35.5 46.5
35.5 57.5
35.5 58.5
35.5 59.5
36.5 12.5
36.5 13.5
36.5 24.5
36.5 33.5
36.5 34.5
36.5 45.5
36.5 46.5
36.5 58.5
36.5 59.5
37.5 12.5
37.5 24.5
37.5 34.5
37.5 46.5
37.5 58.5
37.5 59.5
44.5 12.5
44.5 13.5
44.5 22.5
44.5 33.5
44.5 34.5
44.5 46.5
44.5 59.5
44.5 60.5
45.5 12.5
45.5 13.5
45.5 14.5
45.5 21.5
45.5 22.5
45.5 33.5
45.5 34.5
45.5 45.5
45.5 46.5
45.5 59.5
45.5 60.5
45.5 61.5
46.5 12.5
46.5 13.5
46.5 14.5
46.5 21.5
46.5 22.5
46.5 32.5
46.5 33.5
46.5 34.5
46.5 45.5
46.5 46.5
46.5 59.5
46.5 60.5
46.5 61.5
47.5 13.5
47.5 14.5
47.5 15.5
47.5 20.5
47.5 21.5
47.5 32.5
47.5 33.5
47.5 34.5
47.5 45.5
47.5 46.5
47.5 60.5
47.5 61.5
48.5 13.5
48.5 14.5
48.5 15.5
48.5 20.5
48.5 21.5
48.5 32.5
48.5 33.5
48.5 34.5
48.5 44.5
48.5 45.5
48.5 46.5
48.5 60.5
48.5 61.5
48.5 62.5
49.5 14.5
49.5 15.5
49.5 20.5
49.5 32.5
49.5 33.5
49.5 44.5
49.5 45.5
49.5 60.5
49.5 61.5
49.5 62.5
50.5 15.5
50.5 26.5
50.5 32.5
50.5 33.5
50.5 44.5
50.5 45.5
50.5 61.5
50.5 62.5
51.5 8.5
51.5 25.5
51.5 26.5
51.5 32.5
51.5 38.5
51.5 39.5
51.5 50.5
51.5 51.5
51.5 56.5
52.5 8.5
52.5 9.5
52.5 24.5
52.5 25.5
52.5 26.5
52.5 38.5
52.5 39.5
52.5 50.5
52.5 51.5
52.5 56.5
52.5 57.5
53.5 8.5
53.5 9.5
53.5 10.5
53.5 24.5
53.5 25.5
53.5 26.5
53.5 37.5
53.5 38.5
53.5 39.5
53.5 49.5
53.5 50.5
53.5 51.5
53.5 56.5
53.5 57.5
54.5 8.5
54.5 9.5
54.5 10.5
54.5 24.5
54.5 25.5
54.5 26.5
54.5 37.5
54.5 38.5
54.5 39.5
54.5 49.5
54.5 50.5
54.5 51.5
54.5 57.5
54.5 58.5
55.5 9.5
55.5 10.5
55.5 24.5
55.5 25.5
55.5 26.5
55.5 37.5
55.5 38.5
55.5 49.5
55.5 50.5
55.5 51.5
55.5 57.5
55.5 58.5
56.5 9.5
56.5 10.5
56.5 24.5
56.5 25.5
56.5 37.5
56.5 38.5
56.5 49.5
56.5 50.5
56.5 57.5
56.5 58.5
57.5 10.5
57.5 24.5
57.5 37.5
57.5 49.5
57.5 50.5
57.5 58.5
