3.5 22.5
4.5 12.5
4.5 22.5
4.5 35.5
4.5 49.5
5.5 12.5
5.5 13.5
5.5 21.5
5.5 22.5
5.5 34.5
5.5 35.5
5.5 49.5
5.5 50.5
5.5 60.5
6.5 12.5
6.5 13.5
6.5 20.5
6.5 21.5
6.5 34.5
6.5 35.5
6.5 50.5
6.5 59.5
6.5 60.5
7.5 13.5
7.5 20.5
7.5 34.5
7.5 50.5
7.5 51.5
7.5 59.5
7.5 60.5
8.5 13.5
8.5 14.5
8.5 20.5
8.5 34.5
8.5 50.5
8.5 51.5
8.5 59.5
8.5 60.5
9.5 33.5
9.5 34.5
9.5 51.5
9.5 58.5
9.5 59.5
10.5 8.5
10.5 26.5
10.5 27.5
10.5 33.5
10.5 52.5
10.5 58.5
11.5 8.5
11.5 26.5
11.5 27.5
11.5 39.5
11.5 65.5
12.5 8.5
12.5 9.5
12.5 25.5
12.5 26.5
12.5 39.5
12.5 45.5
12.5 65.5
13.5 9.5
13.5 25.5
13.5 26.5
13.5 38.5
13.5 39.5
13.5 45.5
13.5 46.5
13.5 64.5
14.5 9.5
14.5 24.5
14.5 25.5
14.5 38.5
14.5 39.5
14.5 46.5
14.5 47.5
14.5 63.5
14.5 64.5
15.5 10.5
15.5 24.5
15.5 38.5
15.5 46.5
15.5 47.5
15.5 63.5
16.5 38.5
16.5 47.5
16.5 63.5
17.5 48.5
17.5 62.5
22.5 24.5
23.5 12.5
23.5 24.5
23.5 25.5
24.5 12.5
24.5 25.5
24.5 62.5
25.5 12.5
25.5 25.5
25.5 26.5
25.5 35.5
25.5 48.5
25.5 62.5
26.5 12.5
26.5 13.5
26.5 26.5
26.5 34.5
26.5 35.5
26.5 47.5
26.5 62.5
26.5 63.5
27.5 13.5
27.5 26.5
27.5 27.5
27.5 34.5
27.5 35.5
27.5 46.5
27.5 47.5
27.5 62.5
27.5 63.5
28.5 13.5
28.5 27.5
28.5 34.5
28.5 46.5
28.5 63.5
29.5 13.5
29.5 19.5
29.5 33.5
29.5 45.5
29.5 46.5
29.5 63.5
30.5 8.5
30.5 19.5
30.5 20.5
30.5 45.5
31.5 8.5
31.5 20.5
31.5 39.5
31.5 52.5
32.5 9.5
32.5 20.5
32.5 21.5
32.5 38.5
32.5 39.5
32.5 51.5
32.5 52.5
32.5 58.5
33.5 9.5
33.5 20.5
33.5 21.5
33.5 38.5
33.5 51.5
33.5 58.5
34.5 9.5
34.5 21.5
34.5 37.5
34.5 38.5
34.5 50.5
34.5 51.5
34.5 58.5
34.5 59.5
35.5 9.5
35.5 10.5
35.5 21.5
35.5 22.5
35.5 37.5
35.5 50.5
35.5 51.5
35.5 58.5
35.5 59.5
36.5 10.5
36.5 22.5
36.5 50.5
36.5 59.5
37.5 49.5
37.5 50.5
37.5 59.5
43.5 35.5
44.5 10.5
44.5 22.5
44.5 34.5
44.5 35.5
45.5 10.5
45.5 22.5
45.5 34.5
45.5 47.5
46.5 9.5
46.5 10.5
46.5 22.5
46.5 34.5
46.5 46.5
46.5 47.5
46.5 61.5
47.5 9.5
47.5 21.5
47.5 22.5
47.5 33.5
47.5 34.5
47.5 46.5
47.5 47.5
47.5 61.5
47.5 62.5
48.5 9.5
48.5 21.5
48.5 22.5
48.5 33.5
48.5 34.5
48.5 46.5
48.5 47.5
48.5 62.5
49.5 9.5
49.5 21.5
49.5 33.5
49.5 45.5
49.5 46.5
49.5 62.5
50.5 21.5
50.5 33.5
50.5 45.5
50.5 46.5
50.5 62.5
51.5 15.5
51.5 27.5
51.5 39.5
51.5 45.5
51.5 62.5
51.5 63.5
52.5 14.5
52.5 15.5
52.5 27.5
52.5 38.5
52.5 39.5
52.5 63.5
53.5 14.5
53.5 15.5
53.5 27.5
53.5 38.5
53.5 52.5
54.5 14.5
54.5 26.5
54.5 27.5
54.5 38.5
54.5 51.5
54.5 58.5
55.5 13.5
55.5 14.5
55.5 26.5
55.5 27.5
55.5 38.5
55.5 50.5
55.5 51.5
55.5 58.5
56.5 13.5
56.5 14.5
56.5 26.5
56.5 37.5
56.5 38.5
56.5 50.5
56.5 51.5
56.5 58.5
56.5 59.5
57.5 13.5
57.5 26.5
57.5 37.5
57.5 50.5
57.5 59.5
58.5 49.5
58.5 59.5
