1.5 14.5
2.5 11.5
2.5 12.5
2.5 28.5
2.5 29.5
2.5 30.5
2.5 44.5
2.5 45.5
2.5 46.5
2.5 56.5
2.5 57.5
3.5 8.5
3.5 9.5
3.5 10.5
3.5 29.5
3.5 30.5
3.5 31.5
3.5 32.5
3.5 46.5
3.5 47.5
3.5 48.5
3.5 54.5
3.5 55.5
3.5 56.5
4.5 7.5
4.5 32.5
4.5 33.5
4.5 34.5
4.5 49.5
4.5 53.5
5.5 17.5
5.5 18.5
5.5 19.5
5.5 20.5
5.5 24.5
5.5 37.5
5.5 38.5
5.5 39.5
5.5 61.5
5.5 62.5
5.5 63.5
6.5 14.5
6.5 15.5
6.5 16.5
6.5 17.5
6.5 18.5
6.5 25.5
6.5 26.5
6.5 39.5
6.5 40.5
6.5 41.5
6.5 42.5
6.5 43.5
6.5 59.5
6.5 60.5
6.5 61.5
7.5 12.5
7.5 13.5
7.5 14.5
7.5 26.5
7.5 27.5
7.5 57.5
7.5 58.5
8.5 28.5
11.5 12.5
11.5 28.5
11.5 41.5
11.5 42.5
11.5 43.5
11.5 58.5
12.5 13.5
12.5 14.5
12.5 15.5
12.5 30.5
12.5 31.5
12.5 39.5
12.5 40.5
12.5 41.5
12.5 56.5
12.5 57.5
12.5 58.5
13.5 15.5
13.5 16.5
13.5 17.5
13.5 18.5
13.5 31.5
13.5 32.5
13.5 37.5
13.5 38.5
13.5 55.5
13.5 56.5
14.5 18.5
14.5 19.5
14.5 54.5
14.5 55.5
15.5 7.5
15.5 8.5
15.5 9.5
15.5 23.5
15.5 24.5
15.5 25.5
15.5 26.5
15.5 46.5
15.5 47.5
15.5 48.5
15.5 49.5
15.5 53.5
15.5 64.5
16.5 9.5
16.5 10.5
16.5 25.5
16.5 26.5
16.5 27.5
16.5 28.5
16.5 29.5
16.5 43.5
16.5 44.5
16.5 45.5
16.5 46.5
16.5 47.5
16.5 62.5
16.5 63.5
17.5 10.5
17.5 11.5
17.5 12.5
17.5 60.5
17.5 61.5
17.5 62.5
18.5 12.5
18.5 13.5
18.5 59.5
18.5 60.5
21.5 27.5
21.5 28.5
21.5 44.5
22.5 13.5
22.5 14.5
22.5 28.5
22.5 29.5
22.5 30.5
22.5 45.5
22.5 46.5
23.5 14.5
23.5 15.5
23.5 30.5
23.5 31.5
23.5 32.5
23.5 47.5
23.5 48.5
23.5 60.5
23.5 61.5
23.5 62.5
23.5 63.5
24.5 15.5
24.5 16.5
24.5 17.5
24.5 32.5
24.5 33.5
24.5 37.5
24.5 38.5
24.5 49.5
24.5 50.5
24.5 62.5
24.5 63.5
24.5 64.5
24.5 65.5
25.5 17.5
25.5 18.5
25.5 23.5
25.5 38.5
25.5 39.5
25.5 40.5
25.5 41.5
25.5 54.5
26.5 7.5
26.5 8.5
26.5 19.5
26.5 24.5
26.5 25.5
26.5 40.5
26.5 41.5
26.5 42.5
26.5 43.5
26.5 55.5
26.5 56.5
26.5 57.5
27.5 9.5
27.5 10.5
27.5 11.5
27.5 25.5
27.5 26.5
27.5 42.5
27.5 43.5
27.5 44.5
27.5 58.5
27.5 59.5
28.5 11.5
28.5 12.5
28.5 13.5
28.5 26.5
28.5 27.5
29.5 13.5
29.5 14.5
29.5 28.5
31.5 59.5
31.5 60.5
32.5 42.5
32.5 43.5
32.5 58.5
32.5 59.5
33.5 14.5
33.5 28.5
33.5 29.5
33.5 40.5
33.5 41.5
33.5 57.5
33.5 58.5
34.5 10.5
34.5 11.5
34.5 12.5
34.5 13.5
34.5 29.5
34.5 30.5
34.5 31.5
34.5 38.5
34.5 39.5
34.5 40.5
34.5 56.5
34.5 57.5
35.5 7.5
35.5 8.5
35.5 9.5
35.5 10.5
35.5 31.5
35.5 32.5
35.5 33.5
35.5 37.5
35.5 55.5
35.5 56.5
36.5 47.5
36.5 48.5
36.5 49.5
36.5 50.5
36.5 54.5
36.5 63.5
36.5 64.5
37.5 18.5
37.5 19.5
37.5 20.5
37.5 24.5
37.5 25.5
37.5 44.5
37.5 45.5
37.5 46.5
37.5 47.5
37.5 48.5
37.5 62.5
37.5 63.5
38.5 15.5
38.5 16.5
38.5 17.5
38.5 18.5
38.5 19.5
38.5 25.5
38.5 26.5
38.5 27.5
38.5 43.5
38.5 44.5
38.5 45.5
38.5 46.5
38.5 61.5
38.5 62.5
39.5 14.5
39.5 15.5
39.5 16.5
39.5 27.5
39.5 28.5
39.5 60.5
39.5 61.5
40.5 59.5
43.5 13.5
43.5 14.5
43.5 28.5
43.5 29.5
44.5 15.5
44.5 16.5
44.5 29.5
44.5 30.5
44.5 31.5
44.5 32.5
44.5 38.5
44.5 39.5
44.5 40.5
44.5 41.5
44.5 42.5
44.5 43.5
44.5 44.5
44.5 60.5
44.5 61.5
44.5 62.5
45.5 17.5
45.5 18.5
45.5 32.5
45.5 33.5
45.5 62.5
45.5 63.5
45.5 64.5
46.5 8.5
46.5 19.5
47.5 9.5
47.5 10.5
47.5 11.5
47.5 23.5
47.5 24.5
47.5 25.5
47.5 48.5
47.5 49.5
47.5 50.5
47.5 54.5
47.5 55.5
48.5 10.5
48.5 11.5
48.5 12.5
48.5 26.5
48.5 27.5
48.5 28.5
48.5 29.5
48.5 45.5
48.5 46.5
48.5 47.5
48.5 48.5
48.5 56.5
48.5 57.5
48.5 58.5
49.5 12.5
49.5 13.5
49.5 59.5
49.5 60.5
52.5 27.5
52.5 28.5
53.5 28.5
53.5 29.5
53.5 30.5
53.5 44.5
53.5 45.5
53.5 58.5
53.5 59.5
54.5 12.5
54.5 13.5
54.5 14.5
54.5 15.5
54.5 30.5
54.5 31.5
54.5 32.5
54.5 45.5
54.5 46.5
54.5 47.5
54.5 60.5
54.5 61.5
54.5 62.5
55.5 14.5
55.5 15.5
55.5 16.5
55.5 17.5
55.5 33.5
55.5 47.5
55.5 48.5
55.5 62.5
55.5 63.5
56.5 17.5
56.5 18.5
56.5 22.5
56.5 23.5
56.5 38.5
56.5 39.5
56.5 49.5
57.5 23.5
57.5 24.5
57.5 25.5
57.5 39.5
57.5 40.5
57.5 41.5
57.5 53.5
57.5 54.5
57.5 55.5
58.5 7.5
58.5 8.5
58.5 9.5
58.5 10.5
58.5 25.5
58.5 26.5
58.5 27.5
58.5 41.5
58.5 42.5
58.5 55.5
58.5 56.5
58.5 57.5
59.5 10.5
59.5 11.5
59.5 12.5
59.5 28.5
59.5 43.5
59.5 58.5
59.5 59.5
