2.5 22.5
2.5 35.5
2.5 36.5
2.5 47.5
3.5 11.5
3.5 20.5
3.5 21.5
3.5 34.5
3.5 35.5
3.5 48.5
3.5 49.5
3.5 57.5
3.5 58.5
3.5 59.5
4.5 11.5
4.5 12.5
4.5 13.5
4.5 19.5
4.5 20.5
4.5 33.5
4.5 34.5
4.5 49.5
4.5 50.5
4.5 55.5
4.5 56.5
4.5 57.5
5.5 13.5
5.5 14.5
5.5 44.5
6.5 25.5
6.5 26.5
6.5 27.5
6.5 39.5
6.5 40.5
6.5 45.5
7.5 8.5
7.5 9.5
7.5 23.5
7.5 24.5
7.5 25.5
7.5 26.5
7.5 38.5
7.5 39.5
7.5 46.5
7.5 60.5
7.5 61.5
7.5 62.5
7.5 63.5
8.5 9.5
8.5 10.5
8.5 37.5
8.5 59.5
8.5 60.5
11.5 47.5
12.5 37.5
12.5 46.5
13.5 11.5
13.5 12.5
13.5 21.5
13.5 22.5
13.5 23.5
13.5 38.5
13.5 39.5
13.5 45.5
13.5 46.5
13.5 57.5
13.5 58.5
13.5 59.5
13.5 60.5
14.5 12.5
14.5 13.5
14.5 19.5
14.5 20.5
14.5 21.5
14.5 22.5
14.5 38.5
14.5 39.5
14.5 44.5
14.5 45.5
14.5 56.5
14.5 57.5
14.5 58.5
15.5 13.5
15.5 14.5
15.5 18.5
15.5 19.5
15.5 20.5
15.5 40.5
15.5 44.5
15.5 51.5
15.5 55.5
15.5 56.5
16.5 28.5
16.5 33.5
16.5 49.5
16.5 50.5
16.5 64.5
17.5 7.5
17.5 8.5
17.5 26.5
17.5 27.5
17.5 28.5
17.5 34.5
17.5 35.5
17.5 49.5
17.5 50.5
17.5 62.5
17.5 63.5
18.5 8.5
18.5 9.5
18.5 24.5
18.5 25.5
18.5 26.5
18.5 35.5
18.5 36.5
18.5 48.5
18.5 49.5
18.5 61.5
18.5 62.5
19.5 10.5
19.5 23.5
19.5 24.5
19.5 36.5
19.5 60.5
23.5 10.5
23.5 23.5
23.5 24.5
23.5 36.5
23.5 37.5
23.5 38.5
23.5 45.5
23.5 46.5
23.5 47.5
23.5 59.5
23.5 60.5
24.5 8.5
24.5 9.5
24.5 21.5
24.5 22.5
24.5 23.5
24.5 38.5
24.5 39.5
24.5 44.5
24.5 45.5
24.5 58.5
24.5 59.5
25.5 7.5
25.5 8.5
25.5 20.5
25.5 21.5
25.5 22.5
25.5 57.5
25.5 58.5
26.5 28.5
26.5 33.5
26.5 34.5
26.5 51.5
26.5 52.5
26.5 64.5
27.5 14.5
27.5 15.5
27.5 26.5
27.5 27.5
27.5 34.5
27.5 35.5
27.5 48.5
27.5 49.5
27.5 50.5
27.5 51.5
27.5 63.5
27.5 64.5
28.5 12.5
28.5 13.5
28.5 14.5
28.5 25.5
28.5 26.5
28.5 62.5
28.5 63.5
29.5 11.5
29.5 12.5
29.5 24.5
29.5 61.5
31.5 36.5
32.5 36.5
32.5 37.5
32.5 48.5
33.5 12.5
33.5 24.5
33.5 25.5
33.5 37.5
33.5 48.5
33.5 49.5
33.5 50.5
33.5 62.5
33.5 63.5
34.5 12.5
34.5 13.5
34.5 14.5
34.5 25.5
34.5 26.5
34.5 37.5
34.5 38.5
34.5 49.5
34.5 50.5
34.5 51.5
34.5 64.5
34.5 65.5
35.5 14.5
35.5 15.5
35.5 26.5
35.5 27.5
35.5 38.5
35.5 43.5
35.5 51.5
35.5 52.5
36.5 32.5
36.5 43.5
36.5 44.5
36.5 57.5
36.5 58.5
36.5 59.5
37.5 8.5
37.5 9.5
37.5 20.5
37.5 21.5
37.5 32.5
37.5 33.5
37.5 44.5
37.5 45.5
37.5 57.5
37.5 58.5
37.5 59.5
37.5 60.5
38.5 9.5
38.5 10.5
38.5 21.5
38.5 22.5
38.5 33.5
38.5 34.5
38.5 45.5
38.5 46.5
39.5 11.5
39.5 23.5
39.5 35.5
42.5 60.5
42.5 61.5
42.5 62.5
43.5 11.5
43.5 23.5
43.5 34.5
43.5 35.5
43.5 46.5
43.5 47.5
43.5 62.5
43.5 63.5
43.5 64.5
44.5 10.5
44.5 11.5
44.5 22.5
44.5 33.5
44.5 34.5
44.5 44.5
44.5 45.5
44.5 46.5
44.5 64.5
44.5 65.5
45.5 9.5
45.5 10.5
45.5 21.5
45.5 22.5
45.5 32.5
45.5 33.5
45.5 43.5
45.5 44.5
46.5 8.5
46.5 9.5
46.5 20.5
46.5 39.5
46.5 56.5
47.5 15.5
47.5 16.5
47.5 27.5
47.5 28.5
47.5 38.5
47.5 49.5
47.5 50.5
47.5 51.5
47.5 56.5
47.5 57.5
47.5 58.5
47.5 59.5
48.5 14.5
48.5 15.5
48.5 25.5
48.5 26.5
48.5 27.5
48.5 37.5
48.5 48.5
48.5 49.5
48.5 58.5
48.5 59.5
48.5 60.5
48.5 61.5
49.5 13.5
49.5 14.5
49.5 25.5
49.5 37.5
49.5 47.5
49.5 48.5
50.5 13.5
53.5 37.5
53.5 47.5
53.5 60.5
53.5 61.5
53.5 62.5
54.5 13.5
54.5 14.5
54.5 25.5
54.5 26.5
54.5 37.5
54.5 38.5
54.5 45.5
54.5 46.5
54.5 61.5
54.5 62.5
54.5 63.5
54.5 64.5
55.5 14.5
55.5 15.5
55.5 26.5
55.5 27.5
55.5 28.5
55.5 38.5
55.5 44.5
55.5 45.5
55.5 63.5
55.5 64.5
55.5 65.5
56.5 16.5
56.5 28.5
56.5 29.5
56.5 39.5
56.5 43.5
56.5 44.5
56.5 56.5
57.5 8.5
57.5 20.5
57.5 21.5
57.5 34.5
57.5 50.5
57.5 51.5
57.5 52.5
57.5 57.5
57.5 58.5
58.5 9.5
58.5 10.5
58.5 11.5
58.5 21.5
58.5 22.5
58.5 23.5
58.5 34.5
58.5 35.5
58.5 49.5
58.5 50.5
58.5 58.5
58.5 59.5
59.5 11.5
59.5 23.5
59.5 24.5
59.5 35.5
59.5 48.5
59.5 60.5
60.5 36.5
