3.5 10.5
3.5 11.5
3.5 22.5
3.5 23.5
3.5 35.5
3.5 49.5
4.5 9.5
4.5 10.5
4.5 21.5
4.5 22.5
4.5 23.5
4.5 34.5
4.5 35.5
4.5 49.5
4.5 50.5
4.5 61.5
4.5 62.5
5.5 8.5
5.5 9.5
5.5 10.5
5.5 21.5
5.5 22.5
5.5 34.5
5.5 35.5
5.5 49.5
5.5 50.5
5.5 51.5
5.5 62.5
5.5 63.5
6.5 8.5
6.5 9.5
6.5 20.5
6.5 21.5
6.5 33.5
6.5 34.5
6.5 50.5
6.5 51.5
6.5 63.5
6.5 64.5
7.5 7.5
7.5 8.5
7.5 20.5
7.5 21.5
7.5 33.5
7.5 34.5
7.5 51.5
7.5 52.5
7.5 64.5
8.5 14.5
8.5 15.5
8.5 27.5
8.5 33.5
8.5 39.5
8.5 44.5
8.5 45.5
8.5 51.5
8.5 52.5
8.5 57.5
9.5 13.5
9.5 14.5
9.5 26.5
9.5 27.5
9.5 38.5
9.5 39.5
9.5 44.5
9.5 45.5
9.5 57.5
9.5 58.5
10.5 12.5
10.5 13.5
10.5 14.5
10.5 25.5
10.5 26.5
10.5 27.5
10.5 38.5
10.5 39.5
10.5 45.5
10.5 46.5
10.5 57.5
10.5 58.5
10.5 59.5
11.5 12.5
11.5 13.5
11.5 25.5
11.5 26.5
11.5 27.5
11.5 37.5
11.5 38.5
11.5 45.5
11.5 46.5
11.5 47.5
11.5 58.5
11.5 59.5
12.5 12.5
12.5 24.5
12.5 25.5
12.5 26.5
12.5 37.5
12.5 38.5
12.5 46.5
12.5 47.5
12.5 59.5
13.5 24.5
13.5 25.5
13.5 37.5
13.5 46.5
13.5 47.5
18.5 10.5
18.5 61.5
19.5 9.5
19.5 10.5
19.5 22.5
19.5 23.5
19.5 24.5
19.5 36.5
19.5 37.5
19.5 48.5
19.5 49.5
19.5 61.5
19.5 62.5
20.5 8.5
20.5 9.5
20.5 10.5
20.5 21.5
20.5 22.5
20.5 23.5
20.5 37.5
20.5 48.5
20.5 49.5
20.5 50.5
20.5 61.5
20.5 62.5
20.5 63.5
21.5 8.5
21.5 9.5
21.5 20.5
21.5 21.5
21.5 22.5
21.5 37.5
21.5 38.5
21.5 49.5
21.5 50.5
21.5 51.5
21.5 62.5
21.5 63.5
22.5 8.5
22.5 20.5
22.5 21.5
22.5 37.5
22.5 38.5
22.5 50.5
22.5 51.5
22.5 62.5
22.5 63.5
23.5 14.5
23.5 38.5
23.5 51.5
23.5 52.5
23.5 63.5
24.5 13.5
24.5 14.5
24.5 26.5
24.5 27.5
24.5 32.5
24.5 33.5
24.5 43.5
24.5 44.5
24.5 57.5
25.5 12.5
25.5 13.5
25.5 14.5
25.5 25.5
25.5 26.5
25.5 27.5
25.5 32.5
25.5 33.5
25.5 43.5
25.5 44.5
25.5 45.5
25.5 57.5
25.5 58.5
26.5 12.5
26.5 13.5
26.5 24.5
26.5 25.5
26.5 26.5
26.5 32.5
26.5 33.5
26.5 34.5
26.5 44.5
26.5 45.5
26.5 46.5
26.5 57.5
26.5 58.5
26.5 59.5
27.5 11.5
27.5 12.5
27.5 24.5
27.5 25.5
27.5 33.5
27.5 34.5
27.5 45.5
27.5 46.5
27.5 47.5
27.5 58.5
27.5 59.5
28.5 24.5
28.5 33.5
28.5 34.5
28.5 46.5
28.5 47.5
28.5 59.5
33.5 10.5
33.5 22.5
34.5 9.5
34.5 10.5
34.5 21.5
34.5 22.5
34.5 33.5
34.5 34.5
34.5 47.5
34.5 48.5
34.5 49.5
34.5 59.5
35.5 8.5
35.5 9.5
35.5 10.5
35.5 20.5
35.5 21.5
35.5 22.5
35.5 33.5
35.5 34.5
35.5 48.5
35.5 49.5
35.5 50.5
35.5 58.5
35.5 59.5
36.5 8.5
36.5 9.5
36.5 20.5
36.5 21.5
36.5 32.5
36.5 33.5
36.5 49.5
36.5 50.5
36.5 51.5
36.5 57.5
36.5 58.5
37.5 8.5
37.5 20.5
37.5 21.5
37.5 32.5
37.5 33.5
37.5 50.5
37.5 51.5
37.5 57.5
38.5 14.5
38.5 19.5
38.5 20.5
38.5 32.5
38.5 38.5
38.5 43.5
38.5 63.5
38.5 64.5
39.5 13.5
39.5 14.5
39.5 37.5
39.5 38.5
39.5 43.5
39.5 44.5
39.5 62.5
39.5 63.5
39.5 64.5
40.5 12.5
40.5 13.5
40.5 14.5
40.5 25.5
40.5 26.5
40.5 37.5
40.5 43.5
40.5 44.5
40.5 45.5
40.5 61.5
40.5 62.5
40.5 63.5
41.5 12.5
41.5 13.5
41.5 25.5
41.5 26.5
41.5 36.5
41.5 37.5
41.5 44.5
41.5 45.5
41.5 46.5
41.5 61.5
41.5 62.5
41.5 63.5
42.5 12.5
42.5 13.5
42.5 24.5
42.5 25.5
42.5 26.5
42.5 36.5
42.5 37.5
42.5 45.5
42.5 46.5
42.5 61.5
42.5 62.5
43.5 12.5
43.5 24.5
43.5 25.5
43.5 36.5
44.5 24.5
48.5 46.5
48.5 61.5
49.5 9.5
49.5 10.5
49.5 24.5
49.5 36.5
49.5 45.5
49.5 46.5
49.5 61.5
49.5 62.5
50.5 8.5
50.5 9.5
50.5 10.5
50.5 24.5
50.5 25.5
50.5 36.5
50.5 37.5
50.5 44.5
50.5 45.5
50.5 46.5
50.5 61.5
50.5 62.5
50.5 63.5
51.5 8.5
51.5 9.5
51.5 25.5
51.5 26.5
51.5 36.5
51.5 37.5
51.5 43.5
51.5 44.5
51.5 45.5
51.5 62.5
51.5 63.5
51.5 64.5
52.5 7.5
52.5 8.5
52.5 25.5
52.5 26.5
52.5 27.5
52.5 37.5
52.5 38.5
52.5 43.5
52.5 44.5
52.5 63.5
52.5 64.5
53.5 7.5
53.5 26.5
53.5 27.5
53.5 32.5
53.5 37.5
53.5 38.5
53.5 43.5
53.5 64.5
54.5 14.5
54.5 20.5
54.5 32.5
54.5 33.5
54.5 50.5
54.5 51.5
54.5 57.5
55.5 13.5
55.5 14.5
55.5 20.5
55.5 21.5
55.5 32.5
55.5 33.5
55.5 49.5
55.5 50.5
55.5 51.5
55.5 57.5
55.5 58.5
56.5 12.5
56.5 13.5
56.5 14.5
56.5 20.5
56.5 21.5
56.5 22.5
56.5 33.5
56.5 34.5
56.5 48.5
56.5 49.5
56.5 50.5
56.5 57.5
56.5 58.5
56.5 59.5
57.5 11.5
57.5 12.5
57.5 13.5
57.5 21.5
57.5 22.5
57.5 33.5
57.5 34.5
57.5 48.5
57.5 49.5
57.5 50.5
57.5 57.5
57.5 58.5
57.5 59.5
58.5 11.5
58.5 12.5
58.5 22.5
58.5 23.5
58.5 34.5
58.5 48.5
58.5 49.5
58.5 58.5
58.5 59.5
59.5 23.5
59.5 48.5
59.5 59.5
