2.5 13.5
2.5 14.5
3.5 10.5
3.5 11.5
3.5 12.5
3.5 34.5
3.5 35.5
3.5 36.5
3.5 37.5
4.5 8.5
4.5 9.5
4.5 10.5
4.5 29.5
4.5 30.5
4.5 31.5
4.5 32.5
4.5 33.5
4.5 34.5
4.5 57.5
4.5 58.5
4.5 59.5
4.5 60.5
5.5 7.5
5.5 23.5
5.5 62.5
5.5 63.5
5.5 64.5
6.5 19.5
6.5 20.5
6.5 21.5
7.5 17.5
7.5 18.5
7.5 19.5
8.5 15.5
8.5 16.5
8.5 40.5
8.5 41.5
8.5 42.5
8.5 48.5
8.5 49.5
8.5 50.5
8.5 51.5
8.5 52.5
8.5 53.5
9.5 37.5
9.5 38.5
9.5 39.5
9.5 53.5
9.5 54.5
9.5 55.5
9.5 56.5
9.5 57.5
10.5 35.5
14.5 15.5
14.5 16.5
14.5 17.5
15.5 17.5
15.5 18.5
15.5 19.5
15.5 34.5
15.5 35.5
15.5 56.5
15.5 57.5
15.5 58.5
15.5 59.5
15.5 60.5
16.5 20.5
16.5 21.5
16.5 31.5
16.5 32.5
16.5 33.5
16.5 60.5
16.5 61.5
16.5 62.5
16.5 63.5
17.5 23.5
17.5 28.5
17.5 29.5
17.5 30.5
18.5 7.5
18.5 8.5
19.5 9.5
19.5 10.5
19.5 11.5
19.5 42.5
19.5 47.5
19.5 48.5
19.5 49.5
20.5 11.5
20.5 12.5
20.5 13.5
20.5 14.5
20.5 39.5
20.5 40.5
20.5 41.5
20.5 50.5
20.5 51.5
20.5 52.5
20.5 53.5
20.5 54.5
21.5 14.5
21.5 15.5
21.5 36.5
21.5 37.5
21.5 38.5
21.5 55.5
21.5 56.5
21.5 57.5
22.5 34.5
26.5 55.5
26.5 56.5
27.5 14.5
27.5 15.5
27.5 34.5
27.5 35.5
27.5 52.5
27.5 53.5
27.5 54.5
28.5 11.5
28.5 12.5
28.5 13.5
28.5 31.5
28.5 32.5
28.5 33.5
28.5 50.5
28.5 51.5
29.5 9.5
29.5 10.5
29.5 11.5
29.5 29.5
29.5 30.5
29.5 31.5
29.5 48.5
29.5 49.5
30.5 8.5
30.5 23.5
30.5 63.5
30.5 64.5
31.5 21.5
31.5 22.5
31.5 40.5
31.5 41.5
31.5 60.5
31.5 61.5
31.5 62.5
32.5 19.5
32.5 20.5
32.5 37.5
32.5 38.5
32.5 39.5
32.5 57.5
32.5 58.5
32.5 59.5
32.5 60.5
33.5 17.5
33.5 18.5
33.5 35.5
33.5 36.5
33.5 55.5
33.5 56.5
33.5 57.5
34.5 15.5
34.5 16.5
38.5 35.5
38.5 36.5
38.5 55.5
39.5 16.5
39.5 17.5
39.5 18.5
39.5 32.5
39.5 33.5
39.5 34.5
39.5 57.5
39.5 58.5
40.5 19.5
40.5 20.5
40.5 30.5
40.5 31.5
40.5 59.5
40.5 60.5
41.5 22.5
41.5 23.5
41.5 28.5
41.5 61.5
41.5 62.5
41.5 63.5
42.5 43.5
42.5 48.5
42.5 64.5
43.5 9.5
43.5 10.5
43.5 11.5
43.5 40.5
43.5 41.5
43.5 42.5
43.5 49.5
43.5 50.5
43.5 51.5
44.5 12.5
44.5 13.5
44.5 14.5
44.5 15.5
44.5 37.5
44.5 38.5
44.5 39.5
44.5 40.5
44.5 51.5
44.5 52.5
44.5 53.5
45.5 36.5
45.5 37.5
45.5 53.5
45.5 54.5
45.5 55.5
46.5 56.5
46.5 57.5
50.5 15.5
50.5 16.5
50.5 17.5
51.5 18.5
51.5 19.5
51.5 20.5
51.5 34.5
51.5 35.5
51.5 36.5
51.5 37.5
52.5 21.5
52.5 22.5
52.5 23.5
52.5 31.5
52.5 32.5
52.5 33.5
52.5 34.5
52.5 56.5
52.5 57.5
53.5 58.5
53.5 59.5
53.5 60.5
54.5 60.5
54.5 61.5
54.5 62.5
55.5 8.5
55.5 9.5
55.5 10.5
55.5 11.5
55.5 42.5
55.5 43.5
55.5 63.5
55.5 64.5
56.5 11.5
56.5 12.5
56.5 13.5
56.5 14.5
56.5 39.5
56.5 40.5
56.5 41.5
56.5 49.5
56.5 50.5
57.5 14.5
57.5 15.5
57.5 16.5
57.5 36.5
57.5 37.5
57.5 38.5
57.5 51.5
57.5 52.5
57.5 53.5
58.5 53.5
58.5 54.5
58.5 55.5
59.5 56.5
