1.5 11.5
1.5 23.5
1.5 35.5
1.5 36.5
1.5 59.5
2.5 9.5
2.5 10.5
2.5 22.5
2.5 23.5
2.5 34.5
2.5 47.5
2.5 48.5
2.5 49.5
2.5 60.5
3.5 8.5
3.5 9.5
3.5 21.5
3.5 22.5
3.5 32.5
3.5 33.5
3.5 45.5
3.5 46.5
3.5 47.5
3.5 61.5
4.5 7.5
4.5 8.5
4.5 20.5
4.5 21.5
4.5 31.5
4.5 32.5
4.5 39.5
4.5 40.5
4.5 43.5
4.5 44.5
4.5 45.5
4.5 62.5
5.5 6.5
5.5 15.5
5.5 16.5
5.5 20.5
5.5 28.5
5.5 30.5
5.5 38.5
5.5 39.5
5.5 42.5
5.5 43.5
5.5 63.5
6.5 13.5
6.5 14.5
6.5 15.5
6.5 19.5
6.5 26.5
6.5 27.5
6.5 37.5
6.5 38.5
6.5 53.5
6.5 54.5
6.5 56.5
6.5 64.5
7.5 12.5
7.5 13.5
7.5 14.5
7.5 25.5
7.5 26.5
7.5 36.5
7.5 37.5
7.5 51.5
7.5 52.5
7.5 57.5
8.5 11.5
8.5 12.5
8.5 24.5
8.5 25.5
8.5 35.5
8.5 48.5
8.5 49.5
8.5 50.5
8.5 58.5
8.5 59.5
9.5 10.5
9.5 11.5
9.5 23.5
9.5 34.5
9.5 47.5
9.5 48.5
9.5 59.5
9.5 60.5
9.5 68.5
10.5 22.5
10.5 61.5
11.5 36.5
12.5 23.5
12.5 34.5
12.5 35.5
12.5 62.5
13.5 10.5
13.5 11.5
13.5 12.5
13.5 24.5
13.5 25.5
13.5 33.5
13.5 34.5
13.5 48.5
13.5 49.5
13.5 50.5
13.5 60.5
14.5 7.5
14.5 8.5
14.5 9.5
14.5 10.5
14.5 25.5
14.5 26.5
14.5 27.5
14.5 32.5
14.5 33.5
14.5 46.5
14.5 47.5
14.5 48.5
14.5 58.5
14.5 59.5
15.5 5.5
15.5 6.5
15.5 27.5
15.5 28.5
15.5 31.5
15.5 42.5
15.5 44.5
15.5 45.5
15.5 46.5
15.5 56.5
15.5 57.5
16.5 16.5
16.5 18.5
16.5 39.5
16.5 40.5
16.5 41.5
16.5 43.5
16.5 53.5
16.5 55.5
16.5 64.5
16.5 65.5
17.5 13.5
17.5 14.5
17.5 20.5
17.5 21.5
17.5 37.5
17.5 38.5
17.5 39.5
17.5 51.5
17.5 52.5
17.5 62.5
17.5 63.5
17.5 64.5
18.5 11.5
18.5 12.5
18.5 22.5
18.5 23.5
18.5 35.5
18.5 36.5
18.5 37.5
18.5 50.5
18.5 61.5
18.5 62.5
19.5 10.5
19.5 24.5
19.5 34.5
19.5 49.5
19.5 59.5
19.5 60.5
21.5 12.5
22.5 11.5
22.5 23.5
22.5 35.5
22.5 49.5
22.5 50.5
22.5 60.5
23.5 10.5
23.5 21.5
23.5 22.5
23.5 36.5
23.5 37.5
23.5 50.5
23.5 51.5
23.5 61.5
23.5 62.5
24.5 8.5
24.5 9.5
24.5 19.5
24.5 20.5
24.5 37.5
24.5 38.5
24.5 39.5
24.5 51.5
24.5 56.5
24.5 63.5
25.5 7.5
25.5 8.5
25.5 15.5
25.5 18.5
25.5 27.5
25.5 28.5
25.5 30.5
25.5 39.5
25.5 40.5
25.5 52.5
25.5 57.5
25.5 65.5
26.5 14.5
26.5 25.5
26.5 26.5
26.5 31.5
26.5 32.5
26.5 41.5
26.5 44.5
26.5 53.5
26.5 58.5
27.5 13.5
27.5 24.5
27.5 25.5
27.5 32.5
27.5 33.5
27.5 45.5
27.5 46.5
27.5 54.5
27.5 58.5
27.5 59.5
28.5 12.5
28.5 22.5
28.5 23.5
28.5 34.5
28.5 35.5
28.5 46.5
28.5 47.5
28.5 59.5
28.5 60.5
29.5 35.5
29.5 36.5
29.5 48.5
29.5 49.5
29.5 60.5
30.5 37.5
30.5 49.5
30.5 50.5
31.5 11.5
31.5 24.5
31.5 59.5
32.5 12.5
32.5 13.5
32.5 22.5
32.5 23.5
32.5 34.5
32.5 60.5
33.5 13.5
33.5 14.5
33.5 21.5
33.5 22.5
33.5 35.5
33.5 36.5
33.5 46.5
33.5 47.5
33.5 61.5
34.5 14.5
34.5 15.5
34.5 19.5
34.5 20.5
34.5 21.5
34.5 37.5
34.5 38.5
34.5 48.5
34.5 49.5
34.5 50.5
34.5 62.5
35.5 7.5
35.5 8.5
35.5 16.5
35.5 18.5
35.5 19.5
35.5 28.5
35.5 30.5
35.5 38.5
35.5 39.5
35.5 50.5
35.5 51.5
35.5 52.5
35.5 63.5
36.5 9.5
36.5 26.5
36.5 27.5
36.5 31.5
36.5 32.5
36.5 41.5
36.5 43.5
36.5 54.5
36.5 55.5
36.5 64.5
37.5 10.5
37.5 11.5
37.5 25.5
37.5 26.5
37.5 32.5
37.5 33.5
37.5 44.5
37.5 45.5
37.5 56.5
37.5 57.5
37.5 58.5
38.5 12.5
38.5 24.5
38.5 25.5
38.5 34.5
38.5 46.5
38.5 58.5
38.5 59.5
38.5 60.5
39.5 23.5
39.5 35.5
39.5 36.5
39.5 47.5
41.5 13.5
41.5 47.5
42.5 12.5
42.5 24.5
42.5 36.5
42.5 46.5
42.5 58.5
42.5 59.5
43.5 11.5
43.5 23.5
43.5 34.5
43.5 35.5
43.5 45.5
43.5 57.5
43.5 58.5
44.5 10.5
44.5 22.5
44.5 33.5
44.5 34.5
44.5 44.5
44.5 56.5
44.5 57.5
45.5 9.5
45.5 17.5
45.5 21.5
45.5 29.5
45.5 32.5
45.5 39.5
45.5 43.5
45.5 51.5
45.5 55.5
45.5 56.5
45.5 64.5
46.5 8.5
46.5 16.5
46.5 20.5
46.5 28.5
46.5 31.5
46.5 38.5
46.5 42.5
46.5 50.5
46.5 54.5
46.5 55.5
46.5 63.5
47.5 7.5
47.5 15.5
47.5 26.5
47.5 27.5
47.5 37.5
47.5 49.5
47.5 50.5
47.5 61.5
47.5 62.5
48.5 14.5
48.5 25.5
48.5 26.5
48.5 36.5
48.5 47.5
48.5 48.5
48.5 60.5
48.5 61.5
49.5 13.5
49.5 24.5
49.5 35.5
49.5 47.5
49.5 59.5
49.5 60.5
50.5 12.5
50.5 23.5
50.5 46.5
50.5 58.5
50.5 59.5
51.5 11.5
52.5 35.5
53.5 24.5
53.5 25.5
53.5 33.5
53.5 34.5
53.5 48.5
53.5 60.5
54.5 12.5
54.5 13.5
54.5 14.5
54.5 26.5
54.5 27.5
54.5 32.5
54.5 46.5
54.5 47.5
54.5 58.5
54.5 59.5
55.5 14.5
55.5 15.5
55.5 16.5
55.5 30.5
55.5 44.5
55.5 45.5
55.5 46.5
55.5 57.5
55.5 58.5
55.5 65.5
56.5 19.5
56.5 20.5
56.5 40.5
56.5 43.5
56.5 44.5
56.5 56.5
56.5 57.5
56.5 64.5
57.5 7.5
57.5 8.5
57.5 21.5
57.5 22.5
57.5 36.5
57.5 37.5
57.5 38.5
57.5 39.5
57.5 42.5
57.5 52.5
57.5 53.5
57.5 55.5
57.5 63.5
58.5 9.5
58.5 10.5
58.5 23.5
58.5 24.5
58.5 33.5
58.5 34.5
58.5 35.5
58.5 36.5
58.5 50.5
58.5 51.5
58.5 62.5
59.5 10.5
59.5 11.5
59.5 49.5
59.5 50.5
59.5 61.5
60.5 12.5
60.5 47.5
60.5 48.5
60.5 60.5
61.5 59.5
