1.5 29.5
2.5 14.5
2.5 29.5
2.5 30.5
3.5 14.5
3.5 15.5
3.5 16.5
3.5 30.5
3.5 31.5
3.5 41.5
3.5 42.5
3.5 43.5
4.5 15.5
4.5 16.5
4.5 17.5
4.5 30.5
4.5 31.5
4.5 39.5
4.5 40.5
4.5 41.5
4.5 42.5
4.5 60.5
4.5 61.5
5.5 15.5
5.5 16.5
5.5 17.5
5.5 31.5
5.5 32.5
5.5 38.5
5.5 39.5
5.5 40.5
5.5 41.5
5.5 60.5
5.5 61.5
5.5 62.5
6.5 16.5
6.5 17.5
6.5 18.5
6.5 39.5
6.5 61.5
6.5 62.5
6.5 63.5
7.5 18.5
7.5 25.5
7.5 62.5
7.5 63.5
8.5 25.5
8.5 26.5
8.5 48.5
9.5 9.5
9.5 10.5
9.5 25.5
9.5 26.5
9.5 27.5
9.5 46.5
9.5 47.5
9.5 48.5
9.5 55.5
9.5 56.5
10.5 9.5
10.5 10.5
10.5 11.5
10.5 26.5
10.5 27.5
10.5 45.5
10.5 46.5
10.5 47.5
10.5 55.5
10.5 56.5
10.5 57.5
11.5 10.5
11.5 11.5
11.5 12.5
11.5 27.5
11.5 28.5
11.5 44.5
11.5 45.5
11.5 46.5
11.5 56.5
11.5 57.5
11.5 58.5
12.5 11.5
12.5 12.5
12.5 13.5
12.5 57.5
12.5 58.5
13.5 12.5
13.5 13.5
18.5 30.5
18.5 41.5
18.5 42.5
18.5 43.5
18.5 59.5
18.5 60.5
19.5 30.5
19.5 31.5
19.5 40.5
19.5 41.5
19.5 42.5
19.5 59.5
19.5 60.5
19.5 61.5
20.5 14.5
20.5 15.5
20.5 16.5
20.5 31.5
20.5 32.5
20.5 40.5
20.5 41.5
20.5 42.5
20.5 60.5
20.5 61.5
20.5 62.5
21.5 15.5
21.5 16.5
21.5 17.5
21.5 31.5
21.5 32.5
21.5 33.5
21.5 39.5
21.5 40.5
21.5 41.5
21.5 61.5
21.5 62.5
21.5 63.5
22.5 16.5
22.5 17.5
22.5 18.5
22.5 33.5
22.5 54.5
23.5 17.5
23.5 18.5
23.5 47.5
23.5 48.5
23.5 54.5
23.5 55.5
24.5 9.5
24.5 24.5
24.5 25.5
24.5 46.5
24.5 47.5
24.5 48.5
24.5 55.5
24.5 56.5
25.5 9.5
25.5 10.5
25.5 11.5
25.5 25.5
25.5 26.5
25.5 27.5
25.5 45.5
25.5 46.5
25.5 47.5
25.5 56.5
25.5 57.5
26.5 10.5
26.5 11.5
26.5 12.5
26.5 26.5
26.5 27.5
26.5 28.5
26.5 45.5
26.5 46.5
26.5 57.5
27.5 11.5
27.5 12.5
27.5 27.5
27.5 28.5
32.5 59.5
33.5 12.5
33.5 45.5
33.5 59.5
33.5 60.5
34.5 10.5
34.5 11.5
34.5 12.5
34.5 27.5
34.5 28.5
34.5 45.5
34.5 46.5
34.5 60.5
34.5 61.5
35.5 9.5
35.5 10.5
35.5 11.5
35.5 25.5
35.5 26.5
35.5 27.5
35.5 45.5
35.5 46.5
35.5 47.5
35.5 60.5
35.5 61.5
35.5 62.5
36.5 9.5
36.5 10.5
36.5 25.5
36.5 26.5
36.5 27.5
36.5 46.5
36.5 47.5
36.5 61.5
36.5 62.5
37.5 8.5
37.5 9.5
37.5 24.5
37.5 25.5
37.5 46.5
37.5 47.5
37.5 62.5
38.5 8.5
39.5 16.5
39.5 17.5
39.5 32.5
39.5 33.5
39.5 40.5
39.5 54.5
39.5 55.5
40.5 15.5
40.5 16.5
40.5 17.5
40.5 31.5
40.5 32.5
40.5 33.5
40.5 40.5
40.5 41.5
40.5 54.5
40.5 55.5
40.5 56.5
41.5 14.5
41.5 15.5
41.5 16.5
41.5 30.5
41.5 31.5
41.5 32.5
41.5 41.5
41.5 42.5
41.5 55.5
41.5 56.5
41.5 57.5
42.5 13.5
42.5 14.5
42.5 15.5
42.5 30.5
42.5 31.5
42.5 41.5
42.5 42.5
42.5 43.5
42.5 56.5
42.5 57.5
43.5 13.5
43.5 42.5
43.5 43.5
43.5 57.5
43.5 58.5
49.5 13.5
49.5 14.5
49.5 29.5
49.5 30.5
49.5 44.5
50.5 13.5
50.5 14.5
50.5 15.5
50.5 30.5
50.5 31.5
50.5 44.5
50.5 45.5
50.5 59.5
50.5 60.5
51.5 14.5
51.5 15.5
51.5 16.5
51.5 30.5
51.5 31.5
51.5 32.5
51.5 45.5
51.5 46.5
51.5 59.5
51.5 60.5
51.5 61.5
52.5 15.5
52.5 16.5
52.5 17.5
52.5 31.5
52.5 32.5
52.5 33.5
52.5 45.5
52.5 46.5
52.5 47.5
52.5 60.5
52.5 61.5
52.5 62.5
53.5 17.5
53.5 32.5
53.5 33.5
53.5 46.5
53.5 47.5
53.5 61.5
53.5 62.5
54.5 23.5
54.5 24.5
54.5 47.5
55.5 8.5
55.5 9.5
55.5 24.5
55.5 25.5
55.5 39.5
55.5 40.5
55.5 53.5
55.5 54.5
56.5 8.5
56.5 9.5
56.5 10.5
56.5 24.5
56.5 25.5
56.5 26.5
56.5 40.5
56.5 41.5
56.5 54.5
56.5 55.5
57.5 9.5
57.5 10.5
57.5 11.5
57.5 25.5
57.5 26.5
57.5 27.5
57.5 40.5
57.5 41.5
57.5 42.5
57.5 54.5
57.5 55.5
57.5 56.5
58.5 10.5
58.5 11.5
58.5 26.5
58.5 27.5
58.5 41.5
58.5 42.5
58.5 55.5
58.5 56.5
58.5 57.5
59.5 42.5
59.5 57.5
