1.5 13.5
1.5 14.5
1.5 30.5
1.5 60.5
2.5 11.5
2.5 12.5
2.5 13.5
2.5 27.5
2.5 28.5
2.5 29.5
2.5 41.5
2.5 42.5
2.5 43.5
2.5 44.5
2.5 58.5
2.5 59.5
3.5 10.5
3.5 11.5
3.5 12.5
3.5 25.5
3.5 26.5
3.5 27.5
3.5 28.5
3.5 43.5
3.5 44.5
3.5 45.5
3.5 46.5
3.5 47.5
3.5 56.5
3.5 57.5
3.5 58.5
4.5 9.5
4.5 10.5
4.5 11.5
4.5 23.5
4.5 24.5
4.5 25.5
4.5 26.5
4.5 45.5
4.5 46.5
4.5 47.5
4.5 48.5
4.5 49.5
4.5 55.5
4.5 56.5
5.5 8.5
5.5 9.5
5.5 10.5
5.5 18.5
5.5 19.5
5.5 21.5
5.5 22.5
5.5 23.5
5.5 24.5
5.5 38.5
5.5 48.5
5.5 49.5
5.5 50.5
5.5 51.5
5.5 54.5
5.5 55.5
6.5 7.5
6.5 8.5
6.5 9.5
6.5 17.5
6.5 18.5
6.5 20.5
6.5 21.5
6.5 22.5
6.5 33.5
6.5 34.5
6.5 35.5
6.5 36.5
6.5 38.5
6.5 39.5
6.5 40.5
6.5 53.5
7.5 7.5
7.5 16.5
7.5 17.5
7.5 31.5
7.5 32.5
7.5 33.5
7.5 34.5
7.5 35.5
7.5 39.5
7.5 40.5
7.5 41.5
7.5 52.5
7.5 63.5
7.5 64.5
7.5 65.5
8.5 14.5
8.5 15.5
8.5 16.5
8.5 29.5
8.5 30.5
8.5 31.5
8.5 32.5
8.5 33.5
8.5 40.5
8.5 41.5
8.5 42.5
8.5 59.5
8.5 60.5
8.5 61.5
8.5 62.5
8.5 63.5
8.5 64.5
8.5 65.5
9.5 13.5
9.5 14.5
9.5 15.5
9.5 27.5
9.5 28.5
9.5 29.5
9.5 30.5
9.5 31.5
9.5 41.5
9.5 42.5
9.5 43.5
9.5 56.5
9.5 57.5
9.5 58.5
9.5 59.5
9.5 60.5
9.5 61.5
9.5 62.5
9.5 63.5
10.5 13.5
10.5 14.5
10.5 26.5
10.5 27.5
10.5 28.5
10.5 42.5
10.5 43.5
10.5 55.5
10.5 56.5
10.5 57.5
10.5 58.5
10.5 59.5
10.5 60.5
11.5 12.5
11.5 44.5
13.5 13.5
13.5 26.5
13.5 42.5
13.5 43.5
14.5 13.5
14.5 14.5
14.5 26.5
14.5 27.5
14.5 28.5
14.5 43.5
14.5 44.5
15.5 14.5
15.5 15.5
15.5 28.5
15.5 29.5
15.5 30.5
15.5 44.5
15.5 45.5
15.5 58.5
15.5 59.5
15.5 60.5
15.5 61.5
16.5 15.5
16.5 16.5
16.5 29.5
16.5 30.5
16.5 31.5
16.5 32.5
16.5 45.5
16.5 46.5
16.5 54.5
16.5 55.5
16.5 56.5
16.5 57.5
16.5 58.5
16.5 59.5
16.5 60.5
17.5 15.5
17.5 16.5
17.5 17.5
17.5 21.5
17.5 31.5
17.5 32.5
17.5 33.5
17.5 46.5
17.5 47.5
17.5 52.5
17.5 53.5
17.5 54.5
17.5 55.5
17.5 56.5
17.5 57.5
18.5 7.5
18.5 16.5
18.5 17.5
18.5 18.5
18.5 21.5
18.5 22.5
18.5 23.5
18.5 33.5
18.5 34.5
18.5 35.5
18.5 37.5
18.5 38.5
18.5 47.5
18.5 48.5
18.5 50.5
18.5 51.5
18.5 52.5
18.5 53.5
18.5 54.5
19.5 7.5
19.5 8.5
19.5 9.5
19.5 17.5
19.5 18.5
19.5 22.5
19.5 23.5
19.5 24.5
19.5 35.5
19.5 36.5
19.5 38.5
19.5 39.5
19.5 40.5
19.5 48.5
19.5 49.5
19.5 66.5
20.5 8.5
20.5 9.5
20.5 10.5
20.5 18.5
20.5 19.5
20.5 23.5
20.5 24.5
20.5 25.5
20.5 26.5
20.5 39.5
20.5 40.5
20.5 41.5
20.5 42.5
20.5 63.5
20.5 64.5
20.5 65.5
20.5 66.5
21.5 9.5
21.5 10.5
21.5 11.5
21.5 12.5
21.5 19.5
21.5 24.5
21.5 25.5
21.5 26.5
21.5 27.5
21.5 41.5
21.5 42.5
21.5 43.5
21.5 60.5
21.5 61.5
21.5 62.5
21.5 63.5
21.5 64.5
22.5 10.5
22.5 11.5
22.5 12.5
22.5 13.5
22.5 26.5
22.5 27.5
22.5 28.5
22.5 42.5
22.5 43.5
22.5 44.5
22.5 45.5
22.5 58.5
22.5 59.5
22.5 60.5
22.5 61.5
23.5 12.5
23.5 13.5
23.5 14.5
23.5 27.5
23.5 28.5
23.5 29.5
23.5 44.5
23.5 45.5
23.5 57.5
23.5 58.5
24.5 13.5
24.5 14.5
24.5 15.5
24.5 29.5
24.5 30.5
25.5 15.5
26.5 41.5
26.5 42.5
26.5 43.5
26.5 57.5
26.5 58.5
27.5 10.5
27.5 11.5
27.5 26.5
27.5 27.5
27.5 28.5
27.5 42.5
27.5 43.5
27.5 44.5
27.5 45.5
27.5 58.5
27.5 59.5
27.5 60.5
28.5 11.5
28.5 12.5
28.5 13.5
28.5 14.5
28.5 27.5
28.5 28.5
28.5 29.5
28.5 30.5
28.5 44.5
28.5 45.5
28.5 46.5
28.5 47.5
28.5 59.5
28.5 60.5
28.5 61.5
28.5 62.5
29.5 13.5
29.5 14.5
29.5 15.5
29.5 29.5
29.5 30.5
29.5 31.5
29.5 32.5
29.5 46.5
29.5 47.5
29.5 48.5
29.5 61.5
29.5 62.5
29.5 63.5
29.5 64.5
30.5 15.5
30.5 16.5
30.5 17.5
30.5 31.5
30.5 32.5
30.5 33.5
30.5 34.5
30.5 37.5
30.5 38.5
30.5 48.5
30.5 49.5
30.5 51.5
30.5 52.5
30.5 53.5
30.5 62.5
30.5 63.5
30.5 64.5
30.5 65.5
31.5 5.5
31.5 6.5
31.5 7.5
31.5 17.5
31.5 18.5
31.5 19.5
31.5 20.5
31.5 21.5
31.5 33.5
31.5 34.5
31.5 35.5
31.5 38.5
31.5 39.5
31.5 40.5
31.5 52.5
31.5 53.5
31.5 54.5
31.5 55.5
31.5 65.5
31.5 66.5
32.5 6.5
32.5 7.5
32.5 8.5
32.5 9.5
32.5 19.5
32.5 20.5
32.5 21.5
32.5 22.5
32.5 23.5
32.5 24.5
32.5 39.5
32.5 40.5
32.5 41.5
32.5 54.5
32.5 55.5
32.5 56.5
33.5 8.5
33.5 9.5
33.5 10.5
33.5 11.5
33.5 23.5
33.5 24.5
33.5 25.5
33.5 26.5
33.5 27.5
33.5 40.5
33.5 41.5
33.5 42.5
33.5 55.5
33.5 56.5
33.5 57.5
33.5 58.5
34.5 10.5
34.5 11.5
34.5 12.5
34.5 25.5
34.5 26.5
34.5 27.5
34.5 28.5
34.5 29.5
34.5 42.5
34.5 43.5
34.5 57.5
34.5 58.5
34.5 59.5
35.5 12.5
35.5 13.5
35.5 28.5
35.5 29.5
35.5 30.5
35.5 44.5
35.5 60.5
37.5 42.5
38.5 13.5
38.5 14.5
38.5 30.5
38.5 42.5
38.5 43.5
38.5 44.5
38.5 58.5
38.5 59.5
38.5 60.5
39.5 11.5
39.5 12.5
39.5 13.5
39.5 27.5
39.5 28.5
39.5 29.5
39.5 30.5
39.5 43.5
39.5 44.5
39.5 45.5
39.5 56.5
39.5 57.5
39.5 58.5
39.5 59.5
40.5 10.5
40.5 11.5
40.5 12.5
40.5 25.5
40.5 26.5
40.5 27.5
40.5 28.5
40.5 44.5
40.5 45.5
40.5 46.5
40.5 54.5
40.5 55.5
40.5 56.5
40.5 57.5
41.5 8.5
41.5 9.5
41.5 10.5
41.5 11.5
41.5 24.5
41.5 25.5
41.5 26.5
41.5 27.5
41.5 45.5
41.5 46.5
41.5 47.5
41.5 52.5
41.5 53.5
41.5 54.5
41.5 55.5
41.5 56.5
42.5 7.5
42.5 8.5
42.5 9.5
42.5 19.5
42.5 20.5
42.5 22.5
42.5 23.5
42.5 24.5
42.5 25.5
42.5 35.5
42.5 37.5
42.5 47.5
42.5 48.5
42.5 51.5
42.5 52.5
42.5 53.5
42.5 54.5
42.5 64.5
42.5 65.5
42.5 66.5
43.5 6.5
43.5 7.5
43.5 8.5
43.5 17.5
43.5 18.5
43.5 19.5
43.5 21.5
43.5 22.5
43.5 23.5
43.5 33.5
43.5 34.5
43.5 37.5
43.5 38.5
43.5 39.5
43.5 48.5
43.5 49.5
43.5 51.5
43.5 62.5
43.5 63.5
43.5 64.5
43.5 65.5
44.5 5.5
44.5 6.5
44.5 15.5
44.5 16.5
44.5 17.5
44.5 18.5
44.5 31.5
44.5 32.5
44.5 33.5
44.5 39.5
44.5 40.5
44.5 41.5
44.5 61.5
44.5 62.5
44.5 63.5
45.5 14.5
45.5 15.5
45.5 16.5
45.5 17.5
45.5 30.5
45.5 31.5
45.5 32.5
45.5 40.5
45.5 41.5
45.5 42.5
45.5 43.5
45.5 59.5
45.5 60.5
45.5 61.5
45.5 62.5
46.5 13.5
46.5 14.5
46.5 15.5
46.5 29.5
46.5 30.5
46.5 42.5
46.5 43.5
46.5 44.5
46.5 58.5
46.5 59.5
46.5 60.5
47.5 11.5
47.5 12.5
47.5 13.5
47.5 27.5
47.5 28.5
47.5 29.5
47.5 44.5
47.5 45.5
47.5 57.5
47.5 58.5
48.5 10.5
48.5 11.5
48.5 27.5
50.5 26.5
50.5 27.5
50.5 44.5
50.5 45.5
50.5 60.5
50.5 61.5
51.5 11.5
51.5 12.5
51.5 27.5
51.5 28.5
51.5 29.5
51.5 42.5
51.5 43.5
51.5 44.5
51.5 58.5
51.5 59.5
51.5 60.5
52.5 12.5
52.5 13.5
52.5 14.5
52.5 15.5
52.5 28.5
52.5 29.5
52.5 30.5
52.5 31.5
52.5 41.5
52.5 42.5
52.5 43.5
52.5 56.5
52.5 57.5
52.5 58.5
52.5 59.5
53.5 14.5
53.5 15.5
53.5 16.5
53.5 17.5
53.5 18.5
53.5 30.5
53.5 31.5
53.5 32.5
53.5 39.5
53.5 40.5
53.5 41.5
53.5 55.5
53.5 56.5
53.5 57.5
54.5 5.5
54.5 6.5
54.5 17.5
54.5 18.5
54.5 19.5
54.5 20.5
54.5 21.5
54.5 22.5
54.5 31.5
54.5 32.5
54.5 33.5
54.5 38.5
54.5 39.5
54.5 40.5
54.5 50.5
54.5 51.5
54.5 53.5
54.5 54.5
54.5 55.5
54.5 56.5
54.5 65.5
54.5 66.5
55.5 6.5
55.5 7.5
55.5 8.5
55.5 9.5
55.5 22.5
55.5 23.5
55.5 24.5
55.5 33.5
55.5 34.5
55.5 37.5
55.5 38.5
55.5 48.5
55.5 49.5
55.5 50.5
55.5 52.5
55.5 53.5
55.5 54.5
55.5 63.5
55.5 64.5
55.5 65.5
56.5 8.5
56.5 9.5
56.5 10.5
56.5 11.5
56.5 24.5
56.5 25.5
56.5 26.5
56.5 35.5
56.5 36.5
56.5 46.5
56.5 47.5
56.5 48.5
56.5 49.5
56.5 62.5
56.5 63.5
56.5 64.5
57.5 10.5
57.5 11.5
57.5 12.5
57.5 13.5
57.5 25.5
57.5 26.5
57.5 27.5
57.5 28.5
57.5 44.5
57.5 45.5
57.5 46.5
57.5 47.5
57.5 60.5
57.5 61.5
57.5 62.5
57.5 63.5
58.5 13.5
58.5 14.5
58.5 27.5
58.5 28.5
58.5 29.5
58.5 43.5
58.5 44.5
58.5 45.5
58.5 59.5
58.5 60.5
58.5 61.5
59.5 29.5
59.5 30.5
59.5 42.5
59.5 43.5
59.5 58.5
59.5 59.5
59.5 60.5
60.5 58.5
