2.5 11.5
2.5 12.5
3.5 10.5
3.5 11.5
3.5 12.5
3.5 26.5
3.5 27.5
3.5 28.5
3.5 44.5
3.5 45.5
3.5 59.5
3.5 60.5
3.5 61.5
4.5 10.5
4.5 11.5
4.5 12.5
4.5 25.5
4.5 26.5
4.5 27.5
4.5 28.5
4.5 44.5
4.5 45.5
4.5 46.5
4.5 59.5
4.5 60.5
4.5 61.5
4.5 62.5
5.5 9.5
5.5 10.5
5.5 11.5
5.5 12.5
5.5 25.5
5.5 26.5
5.5 27.5
5.5 28.5
5.5 44.5
5.5 45.5
5.5 46.5
5.5 47.5
5.5 59.5
5.5 60.5
5.5 61.5
5.5 62.5
6.5 8.5
6.5 9.5
6.5 10.5
6.5 11.5
6.5 24.5
6.5 25.5
6.5 26.5
6.5 27.5
6.5 28.5
6.5 44.5
6.5 45.5
6.5 46.5
6.5 47.5
6.5 48.5
6.5 60.5
6.5 61.5
6.5 62.5
6.5 63.5
7.5 8.5
7.5 9.5
7.5 10.5
7.5 11.5
7.5 24.5
7.5 25.5
7.5 26.5
7.5 27.5
7.5 28.5
7.5 44.5
7.5 45.5
7.5 46.5
7.5 47.5
7.5 48.5
7.5 60.5
7.5 61.5
7.5 62.5
7.5 63.5
8.5 8.5
8.5 9.5
8.5 10.5
8.5 23.5
8.5 24.5
8.5 25.5
8.5 26.5
8.5 27.5
8.5 45.5
8.5 46.5
8.5 47.5
8.5 48.5
8.5 61.5
8.5 62.5
8.5 63.5
8.5 64.5
9.5 8.5
9.5 9.5
9.5 17.5
9.5 23.5
9.5 24.5
9.5 25.5
9.5 26.5
9.5 27.5
9.5 39.5
9.5 46.5
9.5 47.5
9.5 48.5
9.5 49.5
9.5 61.5
9.5 62.5
9.5 63.5
9.5 64.5
10.5 8.5
10.5 15.5
10.5 16.5
10.5 17.5
10.5 18.5
10.5 23.5
10.5 24.5
10.5 25.5
10.5 26.5
10.5 32.5
10.5 33.5
10.5 38.5
10.5 39.5
10.5 40.5
10.5 47.5
10.5 48.5
10.5 54.5
10.5 55.5
10.5 56.5
10.5 62.5
10.5 63.5
10.5 64.5
11.5 14.5
11.5 15.5
11.5 16.5
11.5 17.5
11.5 18.5
11.5 24.5
11.5 25.5
11.5 31.5
11.5 32.5
11.5 33.5
11.5 38.5
11.5 39.5
11.5 40.5
11.5 41.5
11.5 54.5
11.5 55.5
11.5 56.5
11.5 57.5
11.5 63.5
11.5 64.5
12.5 13.5
12.5 14.5
12.5 15.5
12.5 16.5
12.5 17.5
12.5 18.5
12.5 30.5
12.5 31.5
12.5 32.5
12.5 33.5
12.5 38.5
12.5 39.5
12.5 40.5
12.5 41.5
12.5 42.5
12.5 54.5
12.5 55.5
12.5 56.5
12.5 57.5
12.5 58.5
13.5 13.5
13.5 14.5
13.5 15.5
13.5 16.5
13.5 17.5
13.5 30.5
13.5 31.5
13.5 32.5
13.5 33.5
13.5 39.5
13.5 40.5
13.5 41.5
13.5 42.5
13.5 54.5
13.5 55.5
13.5 56.5
13.5 57.5
13.5 58.5
14.5 13.5
14.5 14.5
14.5 15.5
14.5 16.5
14.5 17.5
14.5 29.5
14.5 30.5
14.5 31.5
14.5 32.5
14.5 39.5
14.5 40.5
14.5 41.5
14.5 42.5
14.5 55.5
14.5 56.5
14.5 57.5
14.5 58.5
14.5 59.5
15.5 12.5
15.5 13.5
15.5 14.5
15.5 15.5
15.5 16.5
15.5 29.5
15.5 30.5
15.5 31.5
15.5 32.5
15.5 40.5
15.5 41.5
15.5 42.5
15.5 43.5
15.5 55.5
15.5 56.5
15.5 57.5
15.5 58.5
15.5 59.5
16.5 12.5
16.5 13.5
16.5 14.5
16.5 15.5
16.5 16.5
16.5 29.5
16.5 30.5
16.5 31.5
16.5 40.5
16.5 41.5
16.5 42.5
16.5 43.5
16.5 56.5
16.5 57.5
16.5 58.5
16.5 59.5
17.5 13.5
17.5 14.5
17.5 15.5
17.5 29.5
17.5 30.5
17.5 31.5
17.5 41.5
17.5 42.5
17.5 57.5
17.5 58.5
17.5 59.5
18.5 29.5
23.5 11.5
23.5 12.5
23.5 13.5
23.5 29.5
23.5 43.5
23.5 44.5
23.5 56.5
23.5 57.5
23.5 58.5
24.5 10.5
24.5 11.5
24.5 12.5
24.5 13.5
24.5 29.5
24.5 30.5
24.5 43.5
24.5 44.5
24.5 45.5
24.5 55.5
24.5 56.5
24.5 57.5
24.5 58.5
25.5 9.5
25.5 10.5
25.5 11.5
25.5 12.5
25.5 13.5
25.5 29.5
25.5 30.5
25.5 31.5
25.5 43.5
25.5 44.5
25.5 45.5
25.5 46.5
25.5 54.5
25.5 55.5
25.5 56.5
25.5 57.5
25.5 58.5
26.5 8.5
26.5 9.5
26.5 10.5
26.5 11.5
26.5 12.5
26.5 13.5
26.5 29.5
26.5 30.5
26.5 31.5
26.5 32.5
26.5 43.5
26.5 44.5
26.5 45.5
26.5 46.5
26.5 54.5
26.5 55.5
26.5 56.5
26.5 57.5
26.5 58.5
27.5 8.5
27.5 9.5
27.5 10.5
27.5 11.5
27.5 12.5
27.5 29.5
27.5 30.5
27.5 31.5
27.5 32.5
27.5 43.5
27.5 44.5
27.5 45.5
27.5 46.5
27.5 47.5
27.5 53.5
27.5 54.5
27.5 55.5
27.5 56.5
27.5 57.5
28.5 7.5
28.5 8.5
28.5 9.5
28.5 10.5
28.5 11.5
28.5 12.5
28.5 30.5
28.5 31.5
28.5 32.5
28.5 33.5
28.5 44.5
28.5 45.5
28.5 46.5
28.5 47.5
28.5 53.5
28.5 54.5
28.5 55.5
28.5 56.5
28.5 57.5
29.5 7.5
29.5 8.5
29.5 9.5
29.5 10.5
29.5 11.5
29.5 30.5
29.5 31.5
29.5 32.5
29.5 33.5
29.5 44.5
29.5 45.5
29.5 46.5
29.5 47.5
29.5 53.5
29.5 54.5
29.5 55.5
29.5 56.5
30.5 8.5
30.5 9.5
30.5 10.5
30.5 17.5
30.5 23.5
30.5 24.5
30.5 31.5
30.5 32.5
30.5 33.5
30.5 38.5
30.5 39.5
30.5 45.5
30.5 46.5
30.5 47.5
30.5 53.5
30.5 54.5
30.5 55.5
30.5 62.5
30.5 63.5
31.5 15.5
31.5 16.5
31.5 17.5
31.5 23.5
31.5 24.5
31.5 25.5
31.5 32.5
31.5 33.5
31.5 38.5
31.5 39.5
31.5 40.5
31.5 46.5
31.5 47.5
31.5 53.5
31.5 54.5
31.5 61.5
31.5 62.5
31.5 63.5
31.5 64.5
32.5 15.5
32.5 16.5
32.5 17.5
32.5 23.5
32.5 24.5
32.5 25.5
32.5 26.5
32.5 38.5
32.5 39.5
32.5 40.5
32.5 41.5
32.5 60.5
32.5 61.5
32.5 62.5
32.5 63.5
33.5 14.5
33.5 15.5
33.5 16.5
33.5 17.5
33.5 23.5
33.5 24.5
33.5 25.5
33.5 26.5
33.5 27.5
33.5 38.5
33.5 39.5
33.5 40.5
33.5 41.5
33.5 59.5
33.5 60.5
33.5 61.5
33.5 62.5
33.5 63.5
34.5 13.5
34.5 14.5
34.5 15.5
34.5 16.5
34.5 23.5
34.5 24.5
34.5 25.5
34.5 26.5
34.5 27.5
34.5 39.5
34.5 40.5
34.5 41.5
34.5 42.5
34.5 59.5
34.5 60.5
34.5 61.5
34.5 62.5
34.5 63.5
35.5 13.5
35.5 14.5
35.5 15.5
35.5 16.5
35.5 23.5
35.5 24.5
35.5 25.5
35.5 26.5
35.5 27.5
35.5 28.5
35.5 39.5
35.5 40.5
35.5 41.5
35.5 42.5
35.5 58.5
35.5 59.5
35.5 60.5
35.5 61.5
35.5 62.5
36.5 12.5
36.5 13.5
36.5 14.5
36.5 15.5
36.5 24.5
36.5 25.5
36.5 26.5
36.5 27.5
36.5 28.5
36.5 40.5
36.5 41.5
36.5 42.5
36.5 58.5
36.5 59.5
36.5 60.5
36.5 61.5
37.5 12.5
37.5 13.5
37.5 14.5
37.5 25.5
37.5 26.5
37.5 27.5
37.5 41.5
37.5 42.5
37.5 58.5
37.5 59.5
37.5 60.5
38.5 58.5
38.5 59.5
43.5 10.5
43.5 11.5
43.5 27.5
43.5 28.5
43.5 41.5
43.5 42.5
44.5 9.5
44.5 10.5
44.5 11.5
44.5 26.5
44.5 27.5
44.5 28.5
44.5 29.5
44.5 30.5
44.5 40.5
44.5 41.5
44.5 42.5
44.5 56.5
44.5 57.5
44.5 58.5
45.5 8.5
45.5 9.5
45.5 10.5
45.5 11.5
45.5 26.5
45.5 27.5
45.5 28.5
45.5 29.5
45.5 30.5
45.5 39.5
45.5 40.5
45.5 41.5
45.5 42.5
45.5 55.5
45.5 56.5
45.5 57.5
45.5 58.5
46.5 8.5
46.5 9.5
46.5 10.5
46.5 11.5
46.5 27.5
46.5 28.5
46.5 29.5
46.5 30.5
46.5 31.5
46.5 38.5
46.5 39.5
46.5 40.5
46.5 41.5
46.5 42.5
46.5 54.5
46.5 55.5
46.5 56.5
46.5 57.5
46.5 58.5
47.5 7.5
47.5 8.5
47.5 9.5
47.5 10.5
47.5 27.5
47.5 28.5
47.5 29.5
47.5 30.5
47.5 31.5
47.5 32.5
47.5 38.5
47.5 39.5
47.5 40.5
47.5 41.5
47.5 54.5
47.5 55.5
47.5 56.5
47.5 57.5
47.5 58.5
48.5 7.5
48.5 8.5
48.5 9.5
48.5 10.5
48.5 28.5
48.5 29.5
48.5 30.5
48.5 31.5
48.5 32.5
48.5 37.5
48.5 38.5
48.5 39.5
48.5 40.5
48.5 41.5
48.5 53.5
48.5 54.5
48.5 55.5
48.5 56.5
48.5 57.5
49.5 7.5
49.5 8.5
49.5 9.5
49.5 29.5
49.5 30.5
49.5 31.5
49.5 32.5
49.5 37.5
49.5 38.5
49.5 39.5
49.5 40.5
49.5 53.5
49.5 54.5
49.5 55.5
49.5 56.5
49.5 57.5
50.5 7.5
50.5 8.5
50.5 15.5
50.5 16.5
50.5 22.5
50.5 23.5
50.5 30.5
50.5 31.5
50.5 32.5
50.5 37.5
50.5 38.5
50.5 39.5
50.5 45.5
50.5 46.5
50.5 47.5
50.5 48.5
50.5 53.5
50.5 54.5
50.5 55.5
50.5 56.5
50.5 62.5
50.5 63.5
51.5 14.5
51.5 15.5
51.5 16.5
51.5 17.5
51.5 22.5
51.5 23.5
51.5 24.5
51.5 44.5
51.5 45.5
51.5 46.5
51.5 47.5
51.5 48.5
51.5 54.5
51.5 55.5
51.5 61.5
51.5 62.5
51.5 63.5
52.5 13.5
52.5 14.5
52.5 15.5
52.5 16.5
52.5 17.5
52.5 22.5
52.5 23.5
52.5 24.5
52.5 25.5
52.5 44.5
52.5 45.5
52.5 46.5
52.5 47.5
52.5 48.5
52.5 60.5
52.5 61.5
52.5 62.5
52.5 63.5
53.5 12.5
53.5 13.5
53.5 14.5
53.5 15.5
53.5 16.5
53.5 22.5
53.5 23.5
53.5 24.5
53.5 25.5
53.5 26.5
53.5 43.5
53.5 44.5
53.5 45.5
53.5 46.5
53.5 47.5
53.5 60.5
53.5 61.5
53.5 62.5
53.5 63.5
54.5 12.5
54.5 13.5
54.5 14.5
54.5 15.5
54.5 16.5
54.5 23.5
54.5 24.5
54.5 25.5
54.5 26.5
54.5 43.5
54.5 44.5
54.5 45.5
54.5 46.5
54.5 47.5
54.5 59.5
54.5 60.5
54.5 61.5
54.5 62.5
54.5 63.5
55.5 12.5
55.5 13.5
55.5 14.5
55.5 15.5
55.5 16.5
55.5 23.5
55.5 24.5
55.5 25.5
55.5 26.5
55.5 27.5
55.5 42.5
55.5 43.5
55.5 44.5
55.5 45.5
55.5 46.5
55.5 59.5
55.5 60.5
55.5 61.5
55.5 62.5
56.5 12.5
56.5 13.5
56.5 14.5
56.5 15.5
56.5 24.5
56.5 25.5
56.5 26.5
56.5 27.5
56.5 42.5
56.5 43.5
56.5 44.5
56.5 45.5
56.5 59.5
56.5 60.5
56.5 61.5
56.5 62.5
57.5 12.5
57.5 13.5
57.5 14.5
57.5 25.5
57.5 26.5
57.5 27.5
57.5 43.5
57.5 44.5
57.5 59.5
57.5 60.5
57.5 61.5
