2.5 10.5
2.5 11.5
2.5 12.5
2.5 13.5
2.5 25.5
2.5 26.5
2.5 27.5
2.5 28.5
2.5 43.5
2.5 44.5
2.5 45.5
2.5 59.5
2.5 60.5
2.5 61.5
3.5 9.5
3.5 10.5
3.5 11.5
3.5 12.5
3.5 24.5
3.5 25.5
3.5 26.5
3.5 27.5
3.5 44.5
3.5 45.5
3.5 46.5
3.5 47.5
3.5 59.5
3.5 60.5
3.5 61.5
3.5 62.5
3.5 63.5
4.5 9.5
4.5 24.5
4.5 25.5
4.5 46.5
4.5 47.5
4.5 48.5
4.5 60.5
4.5 61.5
4.5 62.5
4.5 63.5
5.5 16.5
5.5 17.5
5.5 18.5
5.5 54.5
6.5 14.5
6.5 15.5
6.5 16.5
6.5 17.5
6.5 30.5
6.5 31.5
6.5 32.5
6.5 33.5
6.5 39.5
6.5 40.5
6.5 41.5
6.5 42.5
6.5 54.5
6.5 55.5
6.5 56.5
7.5 14.5
7.5 15.5
7.5 29.5
7.5 30.5
7.5 31.5
7.5 32.5
7.5 33.5
7.5 40.5
7.5 41.5
7.5 42.5
7.5 43.5
7.5 56.5
7.5 57.5
7.5 58.5
8.5 29.5
8.5 30.5
8.5 31.5
8.5 42.5
12.5 10.5
12.5 11.5
12.5 12.5
12.5 13.5
12.5 29.5
12.5 44.5
12.5 45.5
12.5 56.5
12.5 57.5
12.5 58.5
13.5 9.5
13.5 10.5
13.5 11.5
13.5 12.5
13.5 29.5
13.5 30.5
13.5 31.5
13.5 32.5
13.5 44.5
13.5 45.5
13.5 46.5
13.5 47.5
13.5 54.5
13.5 55.5
13.5 56.5
13.5 57.5
13.5 58.5
14.5 8.5
14.5 9.5
14.5 10.5
14.5 31.5
14.5 32.5
14.5 33.5
14.5 45.5
14.5 46.5
14.5 47.5
14.5 48.5
14.5 54.5
14.5 55.5
14.5 56.5
14.5 57.5
15.5 47.5
15.5 48.5
16.5 16.5
16.5 17.5
16.5 24.5
16.5 25.5
16.5 26.5
16.5 39.5
16.5 40.5
16.5 61.5
16.5 62.5
16.5 63.5
17.5 14.5
17.5 15.5
17.5 16.5
17.5 17.5
17.5 18.5
17.5 24.5
17.5 25.5
17.5 26.5
17.5 27.5
17.5 28.5
17.5 40.5
17.5 41.5
17.5 42.5
17.5 60.5
17.5 61.5
17.5 62.5
18.5 13.5
18.5 14.5
18.5 15.5
18.5 16.5
18.5 17.5
18.5 25.5
18.5 26.5
18.5 27.5
18.5 28.5
18.5 42.5
18.5 43.5
18.5 59.5
18.5 60.5
19.5 13.5
19.5 14.5
19.5 15.5
22.5 40.5
22.5 41.5
22.5 42.5
22.5 43.5
22.5 59.5
22.5 60.5
22.5 61.5
23.5 9.5
23.5 10.5
23.5 11.5
23.5 12.5
23.5 29.5
23.5 30.5
23.5 31.5
23.5 32.5
23.5 33.5
23.5 39.5
23.5 40.5
23.5 41.5
23.5 42.5
23.5 43.5
23.5 60.5
23.5 61.5
23.5 62.5
23.5 63.5
23.5 64.5
24.5 8.5
24.5 9.5
24.5 10.5
24.5 11.5
24.5 12.5
24.5 29.5
24.5 30.5
24.5 31.5
24.5 32.5
24.5 33.5
24.5 39.5
24.5 40.5
24.5 62.5
24.5 63.5
24.5 64.5
26.5 16.5
26.5 17.5
26.5 18.5
26.5 46.5
26.5 47.5
26.5 48.5
26.5 55.5
26.5 56.5
26.5 57.5
27.5 13.5
27.5 14.5
27.5 15.5
27.5 16.5
27.5 17.5
27.5 24.5
27.5 25.5
27.5 26.5
27.5 27.5
27.5 28.5
27.5 44.5
27.5 45.5
27.5 46.5
27.5 47.5
27.5 48.5
27.5 55.5
27.5 56.5
27.5 57.5
27.5 58.5
27.5 59.5
28.5 44.5
28.5 45.5
28.5 46.5
28.5 47.5
28.5 57.5
28.5 58.5
28.5 59.5
31.5 11.5
31.5 12.5
31.5 13.5
32.5 9.5
32.5 10.5
32.5 11.5
32.5 12.5
32.5 29.5
32.5 30.5
32.5 31.5
32.5 44.5
32.5 45.5
32.5 61.5
32.5 62.5
33.5 8.5
33.5 9.5
33.5 10.5
33.5 11.5
33.5 12.5
33.5 29.5
33.5 30.5
33.5 31.5
33.5 32.5
33.5 45.5
33.5 46.5
33.5 47.5
33.5 60.5
33.5 61.5
33.5 62.5
33.5 63.5
33.5 64.5
34.5 8.5
34.5 9.5
34.5 10.5
34.5 30.5
34.5 31.5
34.5 32.5
34.5 33.5
34.5 47.5
34.5 48.5
34.5 60.5
34.5 61.5
34.5 62.5
34.5 63.5
34.5 64.5
35.5 17.5
35.5 32.5
35.5 39.5
35.5 40.5
36.5 15.5
36.5 16.5
36.5 17.5
36.5 23.5
36.5 24.5
36.5 25.5
36.5 38.5
36.5 39.5
36.5 40.5
36.5 41.5
36.5 42.5
36.5 54.5
36.5 55.5
36.5 56.5
37.5 14.5
37.5 15.5
37.5 16.5
37.5 24.5
37.5 25.5
37.5 26.5
37.5 39.5
37.5 40.5
37.5 41.5
37.5 42.5
37.5 43.5
37.5 55.5
37.5 56.5
37.5 57.5
37.5 58.5
38.5 13.5
38.5 14.5
38.5 15.5
38.5 25.5
38.5 26.5
38.5 27.5
38.5 41.5
38.5 42.5
39.5 27.5
42.5 42.5
42.5 56.5
42.5 57.5
42.5 58.5
43.5 11.5
43.5 12.5
43.5 13.5
43.5 27.5
43.5 40.5
43.5 41.5
43.5 42.5
43.5 55.5
43.5 56.5
43.5 57.5
43.5 58.5
44.5 9.5
44.5 10.5
44.5 11.5
44.5 12.5
44.5 24.5
44.5 25.5
44.5 26.5
44.5 27.5
44.5 28.5
44.5 38.5
44.5 39.5
44.5 40.5
44.5 54.5
44.5 55.5
44.5 56.5
45.5 9.5
45.5 10.5
45.5 11.5
45.5 24.5
45.5 25.5
45.5 26.5
45.5 46.5
45.5 47.5
45.5 48.5
46.5 17.5
46.5 18.5
46.5 32.5
46.5 44.5
46.5 45.5
46.5 46.5
46.5 47.5
46.5 48.5
46.5 61.5
46.5 62.5
46.5 63.5
47.5 15.5
47.5 16.5
47.5 17.5
47.5 18.5
47.5 30.5
47.5 31.5
47.5 32.5
47.5 44.5
47.5 45.5
47.5 46.5
47.5 47.5
47.5 60.5
47.5 61.5
47.5 62.5
48.5 14.5
48.5 15.5
48.5 16.5
48.5 17.5
48.5 29.5
48.5 30.5
48.5 59.5
48.5 60.5
48.5 61.5
52.5 44.5
52.5 45.5
53.5 14.5
53.5 15.5
53.5 16.5
53.5 29.5
53.5 30.5
53.5 31.5
53.5 44.5
53.5 45.5
53.5 46.5
53.5 47.5
53.5 57.5
53.5 58.5
54.5 14.5
54.5 15.5
54.5 16.5
54.5 17.5
54.5 30.5
54.5 31.5
54.5 32.5
54.5 45.5
54.5 46.5
54.5 47.5
54.5 48.5
54.5 55.5
54.5 56.5
54.5 57.5
54.5 58.5
55.5 16.5
55.5 17.5
55.5 18.5
55.5 31.5
55.5 32.5
55.5 33.5
55.5 48.5
55.5 49.5
55.5 54.5
55.5 55.5
55.5 56.5
56.5 9.5
56.5 10.5
56.5 11.5
56.5 32.5
56.5 33.5
56.5 39.5
56.5 40.5
56.5 63.5
57.5 10.5
57.5 11.5
57.5 12.5
57.5 24.5
57.5 25.5
57.5 26.5
57.5 39.5
57.5 40.5
57.5 41.5
57.5 42.5
57.5 60.5
57.5 61.5
57.5 62.5
57.5 63.5
57.5 64.5
58.5 12.5
58.5 13.5
58.5 24.5
58.5 25.5
58.5 26.5
58.5 27.5
58.5 28.5
58.5 40.5
58.5 41.5
58.5 42.5
58.5 43.5
58.5 59.5
58.5 60.5
58.5 61.5
58.5 62.5
59.5 26.5
59.5 27.5
59.5 28.5
59.5 41.5
59.5 42.5
59.5 43.5
