1.5 15.5
2.5 16.5
2.5 17.5
2.5 18.5
2.5 19.5
3.5 18.5
3.5 19.5
3.5 20.5
3.5 21.5
3.5 33.5
3.5 34.5
3.5 35.5
3.5 36.5
3.5 56.5
4.5 21.5
4.5 22.5
4.5 23.5
4.5 30.5
4.5 31.5
4.5 32.5
4.5 33.5
4.5 53.5
4.5 54.5
4.5 55.5
5.5 28.5
5.5 29.5
5.5 51.5
5.5 52.5
5.5 53.5
6.5 8.5
6.5 9.5
6.5 10.5
6.5 11.5
6.5 49.5
6.5 50.5
7.5 10.5
7.5 11.5
7.5 12.5
7.5 13.5
7.5 48.5
7.5 63.5
7.5 64.5
8.5 13.5
8.5 14.5
8.5 15.5
8.5 39.5
8.5 40.5
8.5 41.5
8.5 42.5
8.5 60.5
8.5 61.5
8.5 62.5
8.5 63.5
9.5 35.5
9.5 36.5
9.5 37.5
9.5 38.5
9.5 39.5
9.5 57.5
9.5 58.5
9.5 59.5
9.5 60.5
10.5 55.5
10.5 56.5
10.5 57.5
14.5 13.5
14.5 14.5
14.5 15.5
15.5 11.5
15.5 12.5
15.5 13.5
15.5 34.5
15.5 35.5
15.5 36.5
15.5 55.5
15.5 56.5
16.5 8.5
16.5 9.5
16.5 10.5
16.5 11.5
16.5 30.5
16.5 31.5
16.5 32.5
16.5 33.5
16.5 34.5
16.5 57.5
16.5 58.5
16.5 59.5
16.5 60.5
17.5 7.5
17.5 8.5
17.5 28.5
17.5 29.5
17.5 30.5
17.5 31.5
17.5 60.5
17.5 61.5
17.5 62.5
17.5 63.5
18.5 22.5
18.5 23.5
18.5 65.5
19.5 19.5
19.5 20.5
19.5 21.5
19.5 22.5
19.5 41.5
19.5 42.5
19.5 49.5
19.5 50.5
19.5 51.5
20.5 17.5
20.5 18.5
20.5 19.5
20.5 38.5
20.5 39.5
20.5 40.5
20.5 51.5
20.5 52.5
20.5 53.5
20.5 54.5
21.5 15.5
21.5 16.5
21.5 17.5
21.5 36.5
21.5 37.5
21.5 38.5
21.5 55.5
21.5 56.5
22.5 35.5
26.5 15.5
26.5 35.5
26.5 55.5
26.5 56.5
26.5 57.5
27.5 16.5
27.5 17.5
27.5 18.5
27.5 36.5
27.5 37.5
27.5 38.5
27.5 52.5
27.5 53.5
27.5 54.5
27.5 55.5
28.5 19.5
28.5 20.5
28.5 21.5
28.5 38.5
28.5 39.5
28.5 40.5
28.5 50.5
28.5 51.5
28.5 52.5
29.5 22.5
29.5 23.5
29.5 40.5
29.5 41.5
29.5 42.5
29.5 48.5
29.5 49.5
30.5 28.5
31.5 9.5
31.5 10.5
31.5 11.5
31.5 30.5
31.5 31.5
31.5 61.5
31.5 62.5
31.5 63.5
32.5 11.5
32.5 12.5
32.5 13.5
32.5 14.5
32.5 32.5
32.5 33.5
32.5 34.5
32.5 58.5
32.5 59.5
32.5 60.5
32.5 61.5
33.5 14.5
33.5 15.5
33.5 16.5
33.5 35.5
33.5 36.5
33.5 56.5
33.5 57.5
33.5 58.5
33.5 59.5
34.5 55.5
38.5 35.5
38.5 36.5
39.5 15.5
39.5 16.5
39.5 17.5
39.5 36.5
39.5 37.5
39.5 38.5
39.5 56.5
39.5 57.5
40.5 17.5
40.5 18.5
40.5 19.5
40.5 20.5
40.5 38.5
40.5 39.5
40.5 40.5
40.5 52.5
40.5 53.5
40.5 54.5
40.5 55.5
41.5 19.5
41.5 20.5
41.5 21.5
41.5 22.5
41.5 40.5
41.5 41.5
41.5 42.5
41.5 49.5
41.5 50.5
41.5 51.5
41.5 52.5
42.5 27.5
42.5 28.5
42.5 43.5
42.5 48.5
43.5 28.5
43.5 29.5
43.5 30.5
44.5 8.5
44.5 30.5
44.5 31.5
44.5 32.5
44.5 33.5
44.5 61.5
44.5 62.5
44.5 63.5
44.5 64.5
45.5 9.5
45.5 10.5
45.5 11.5
45.5 12.5
45.5 33.5
45.5 34.5
45.5 35.5
45.5 58.5
45.5 59.5
45.5 60.5
45.5 61.5
46.5 12.5
46.5 13.5
46.5 14.5
46.5 15.5
46.5 36.5
46.5 55.5
46.5 56.5
46.5 57.5
46.5 58.5
51.5 35.5
51.5 36.5
52.5 13.5
52.5 14.5
52.5 15.5
52.5 32.5
52.5 33.5
52.5 34.5
52.5 54.5
52.5 55.5
52.5 56.5
53.5 15.5
53.5 16.5
53.5 17.5
53.5 18.5
53.5 19.5
53.5 29.5
53.5 30.5
53.5 31.5
53.5 32.5
53.5 51.5
53.5 52.5
53.5 53.5
53.5 54.5
54.5 18.5
54.5 19.5
54.5 20.5
54.5 21.5
54.5 27.5
54.5 28.5
54.5 29.5
54.5 49.5
54.5 50.5
54.5 51.5
55.5 42.5
55.5 43.5
56.5 39.5
56.5 40.5
56.5 41.5
56.5 62.5
56.5 63.5
56.5 64.5
57.5 7.5
57.5 8.5
57.5 9.5
57.5 10.5
57.5 37.5
57.5 38.5
57.5 39.5
57.5 59.5
57.5 60.5
57.5 61.5
57.5 62.5
58.5 10.5
58.5 11.5
58.5 12.5
58.5 13.5
58.5 35.5
58.5 36.5
58.5 57.5
58.5 58.5
58.5 59.5
59.5 14.5
59.5 15.5
59.5 55.5
59.5 56.5
