2.5 31.5
2.5 32.5
2.5 41.5
3.5 9.5
3.5 10.5
3.5 21.5
3.5 22.5
3.5 31.5
3.5 32.5
3.5 33.5
3.5 40.5
3.5 41.5
3.5 52.5
3.5 53.5
3.5 62.5
4.5 8.5
4.5 9.5
4.5 10.5
4.5 21.5
4.5 22.5
4.5 32.5
4.5 33.5
4.5 39.5
4.5 40.5
4.5 41.5
4.5 52.5
4.5 53.5
4.5 54.5
4.5 62.5
4.5 63.5
5.5 7.5
5.5 8.5
5.5 9.5
5.5 10.5
5.5 21.5
5.5 22.5
5.5 23.5
5.5 32.5
5.5 33.5
5.5 34.5
5.5 39.5
5.5 40.5
5.5 52.5
5.5 53.5
5.5 54.5
5.5 62.5
5.5 63.5
6.5 7.5
6.5 8.5
6.5 9.5
6.5 22.5
6.5 23.5
6.5 33.5
6.5 34.5
6.5 38.5
6.5 39.5
6.5 40.5
6.5 53.5
6.5 54.5
6.5 55.5
6.5 63.5
6.5 64.5
7.5 7.5
7.5 8.5
7.5 9.5
7.5 22.5
7.5 23.5
7.5 28.5
7.5 34.5
7.5 38.5
7.5 39.5
7.5 53.5
7.5 54.5
7.5 55.5
7.5 63.5
7.5 64.5
8.5 7.5
8.5 8.5
8.5 14.5
8.5 22.5
8.5 23.5
8.5 28.5
8.5 29.5
8.5 43.5
8.5 44.5
8.5 49.5
8.5 54.5
8.5 55.5
8.5 59.5
8.5 64.5
9.5 13.5
9.5 14.5
9.5 18.5
9.5 19.5
9.5 28.5
9.5 29.5
9.5 30.5
9.5 43.5
9.5 44.5
9.5 45.5
9.5 49.5
9.5 50.5
9.5 59.5
9.5 60.5
10.5 12.5
10.5 13.5
10.5 14.5
10.5 19.5
10.5 28.5
10.5 29.5
10.5 30.5
10.5 42.5
10.5 43.5
10.5 44.5
10.5 45.5
10.5 49.5
10.5 50.5
10.5 51.5
10.5 59.5
10.5 60.5
10.5 61.5
11.5 11.5
11.5 12.5
11.5 13.5
11.5 19.5
11.5 20.5
11.5 28.5
11.5 29.5
11.5 30.5
11.5 42.5
11.5 43.5
11.5 44.5
11.5 49.5
11.5 50.5
11.5 51.5
11.5 59.5
11.5 60.5
11.5 61.5
12.5 11.5
12.5 12.5
12.5 13.5
12.5 19.5
12.5 20.5
12.5 29.5
12.5 30.5
12.5 42.5
12.5 43.5
12.5 44.5
12.5 50.5
12.5 51.5
12.5 60.5
12.5 61.5
13.5 11.5
13.5 12.5
13.5 20.5
13.5 30.5
13.5 42.5
13.5 43.5
13.5 44.5
13.5 50.5
13.5 51.5
13.5 60.5
13.5 61.5
14.5 51.5
18.5 11.5
18.5 12.5
18.5 20.5
18.5 31.5
18.5 32.5
18.5 42.5
18.5 62.5
19.5 11.5
19.5 12.5
19.5 13.5
19.5 19.5
19.5 20.5
19.5 31.5
19.5 32.5
19.5 42.5
19.5 43.5
19.5 53.5
19.5 62.5
19.5 63.5
20.5 11.5
20.5 12.5
20.5 13.5
20.5 14.5
20.5 19.5
20.5 20.5
20.5 31.5
20.5 32.5
20.5 33.5
20.5 42.5
20.5 43.5
20.5 53.5
20.5 54.5
20.5 62.5
20.5 63.5
21.5 12.5
21.5 13.5
21.5 14.5
21.5 19.5
21.5 20.5
21.5 31.5
21.5 32.5
21.5 33.5
21.5 42.5
21.5 43.5
21.5 44.5
21.5 53.5
21.5 54.5
21.5 62.5
21.5 63.5
21.5 64.5
22.5 13.5
22.5 14.5
22.5 19.5
22.5 31.5
22.5 32.5
22.5 33.5
22.5 43.5
22.5 44.5
22.5 53.5
22.5 54.5
22.5 63.5
22.5 64.5
23.5 6.5
23.5 7.5
23.5 23.5
23.5 27.5
23.5 32.5
23.5 33.5
23.5 37.5
23.5 38.5
23.5 43.5
23.5 44.5
23.5 53.5
23.5 54.5
23.5 63.5
23.5 64.5
24.5 6.5
24.5 7.5
24.5 8.5
24.5 9.5
24.5 22.5
24.5 23.5
24.5 27.5
24.5 28.5
24.5 37.5
24.5 38.5
24.5 39.5
24.5 49.5
24.5 54.5
24.5 58.5
24.5 59.5
24.5 64.5
25.5 6.5
25.5 7.5
25.5 8.5
25.5 9.5
25.5 22.5
25.5 23.5
25.5 27.5
25.5 28.5
25.5 37.5
25.5 38.5
25.5 39.5
25.5 48.5
25.5 49.5
25.5 50.5
25.5 59.5
25.5 60.5
26.5 7.5
26.5 8.5
26.5 9.5
26.5 10.5
26.5 22.5
26.5 23.5
26.5 28.5
26.5 29.5
26.5 38.5
26.5 39.5
26.5 40.5
26.5 49.5
26.5 50.5
26.5 59.5
26.5 60.5
27.5 8.5
27.5 9.5
27.5 10.5
27.5 22.5
27.5 28.5
27.5 29.5
27.5 38.5
27.5 39.5
27.5 40.5
27.5 49.5
27.5 50.5
27.5 51.5
27.5 59.5
27.5 60.5
27.5 61.5
28.5 29.5
28.5 39.5
28.5 49.5
28.5 50.5
28.5 51.5
28.5 60.5
28.5 61.5
32.5 10.5
32.5 22.5
33.5 10.5
33.5 11.5
33.5 12.5
33.5 22.5
33.5 29.5
33.5 39.5
33.5 50.5
34.5 10.5
34.5 11.5
34.5 12.5
34.5 22.5
34.5 23.5
34.5 28.5
34.5 29.5
34.5 38.5
34.5 39.5
34.5 40.5
34.5 49.5
34.5 50.5
34.5 60.5
34.5 61.5
35.5 10.5
35.5 11.5
35.5 12.5
35.5 13.5
35.5 22.5
35.5 23.5
35.5 28.5
35.5 29.5
35.5 37.5
35.5 38.5
35.5 39.5
35.5 48.5
35.5 49.5
35.5 50.5
35.5 59.5
35.5 60.5
35.5 61.5
36.5 10.5
36.5 11.5
36.5 12.5
36.5 13.5
36.5 22.5
36.5 23.5
36.5 28.5
36.5 29.5
36.5 37.5
36.5 38.5
36.5 39.5
36.5 48.5
36.5 49.5
36.5 59.5
36.5 60.5
37.5 11.5
37.5 12.5
37.5 13.5
37.5 23.5
37.5 24.5
37.5 27.5
37.5 28.5
37.5 37.5
37.5 38.5
37.5 43.5
37.5 47.5
37.5 48.5
37.5 59.5
37.5 60.5
38.5 6.5
38.5 12.5
38.5 13.5
38.5 18.5
38.5 19.5
38.5 27.5
38.5 28.5
38.5 32.5
38.5 33.5
38.5 42.5
38.5 43.5
38.5 53.5
38.5 54.5
38.5 59.5
38.5 64.5
39.5 6.5
39.5 7.5
39.5 18.5
39.5 19.5
39.5 32.5
39.5 33.5
39.5 42.5
39.5 43.5
39.5 52.5
39.5 53.5
39.5 54.5
39.5 63.5
39.5 64.5
40.5 6.5
40.5 7.5
40.5 8.5
40.5 18.5
40.5 19.5
40.5 20.5
40.5 31.5
40.5 32.5
40.5 33.5
40.5 41.5
40.5 42.5
40.5 43.5
40.5 52.5
40.5 53.5
40.5 54.5
40.5 63.5
40.5 64.5
41.5 7.5
41.5 8.5
41.5 18.5
41.5 19.5
41.5 20.5
41.5 31.5
41.5 32.5
41.5 41.5
41.5 42.5
41.5 51.5
41.5 52.5
41.5 53.5
41.5 62.5
41.5 63.5
42.5 7.5
42.5 8.5
42.5 9.5
42.5 18.5
42.5 19.5
42.5 20.5
42.5 31.5
42.5 32.5
42.5 41.5
42.5 52.5
42.5 62.5
42.5 63.5
43.5 8.5
43.5 9.5
43.5 19.5
43.5 20.5
43.5 31.5
43.5 62.5
44.5 9.5
44.5 20.5
47.5 41.5
47.5 42.5
47.5 50.5
47.5 51.5
48.5 31.5
48.5 32.5
48.5 41.5
48.5 42.5
48.5 49.5
48.5 50.5
48.5 51.5
48.5 62.5
48.5 63.5
49.5 9.5
49.5 10.5
49.5 20.5
49.5 21.5
49.5 31.5
49.5 32.5
49.5 41.5
49.5 42.5
49.5 43.5
49.5 49.5
49.5 50.5
49.5 51.5
49.5 62.5
49.5 63.5
50.5 8.5
50.5 9.5
50.5 10.5
50.5 20.5
50.5 21.5
50.5 22.5
50.5 31.5
50.5 32.5
50.5 33.5
50.5 41.5
50.5 42.5
50.5 43.5
50.5 48.5
50.5 49.5
50.5 50.5
50.5 62.5
50.5 63.5
50.5 64.5
51.5 8.5
51.5 9.5
51.5 10.5
51.5 21.5
51.5 22.5
51.5 31.5
51.5 32.5
51.5 33.5
51.5 42.5
51.5 43.5
51.5 48.5
51.5 49.5
51.5 50.5
51.5 63.5
51.5 64.5
52.5 8.5
52.5 9.5
52.5 21.5
52.5 22.5
52.5 23.5
52.5 32.5
52.5 33.5
52.5 42.5
52.5 43.5
52.5 48.5
52.5 49.5
52.5 63.5
52.5 64.5
53.5 8.5
53.5 9.5
53.5 22.5
53.5 23.5
53.5 32.5
53.5 33.5
53.5 37.5
53.5 38.5
53.5 43.5
53.5 48.5
53.5 54.5
53.5 59.5
53.5 64.5
54.5 8.5
54.5 13.5
54.5 17.5
54.5 23.5
54.5 27.5
54.5 28.5
54.5 33.5
54.5 37.5
54.5 38.5
54.5 39.5
54.5 53.5
54.5 54.5
54.5 55.5
54.5 59.5
54.5 60.5
55.5 12.5
55.5 13.5
55.5 17.5
55.5 18.5
55.5 27.5
55.5 28.5
55.5 29.5
55.5 37.5
55.5 38.5
55.5 39.5
55.5 52.5
55.5 53.5
55.5 54.5
55.5 59.5
55.5 60.5
55.5 61.5
56.5 12.5
56.5 13.5
56.5 17.5
56.5 18.5
56.5 19.5
56.5 27.5
56.5 28.5
56.5 29.5
56.5 38.5
56.5 39.5
56.5 52.5
56.5 53.5
56.5 54.5
56.5 59.5
56.5 60.5
56.5 61.5
57.5 11.5
57.5 12.5
57.5 13.5
57.5 17.5
57.5 18.5
57.5 19.5
57.5 28.5
57.5 29.5
57.5 38.5
57.5 39.5
57.5 51.5
57.5 52.5
57.5 53.5
57.5 60.5
57.5 61.5
58.5 11.5
58.5 12.5
58.5 18.5
58.5 19.5
58.5 28.5
58.5 29.5
58.5 30.5
58.5 38.5
58.5 39.5
58.5 40.5
58.5 51.5
58.5 52.5
58.5 53.5
58.5 60.5
58.5 61.5
59.5 11.5
59.5 12.5
59.5 19.5
59.5 29.5
59.5 39.5
59.5 51.5
59.5 52.5
59.5 61.5
