1.5 12.5
1.5 13.5
1.5 26.5
1.5 27.5
1.5 28.5
1.5 42.5
1.5 43.5
1.5 44.5
2.5 9.5
2.5 10.5
2.5 11.5
2.5 12.5
2.5 24.5
2.5 25.5
2.5 26.5
2.5 27.5
2.5 28.5
2.5 39.5
2.5 40.5
2.5 41.5
2.5 42.5
2.5 43.5
2.5 56.5
2.5 57.5
2.5 58.5
3.5 7.5
3.5 8.5
3.5 9.5
3.5 10.5
3.5 23.5
3.5 24.5
3.5 25.5
3.5 26.5
3.5 38.5
3.5 39.5
3.5 40.5
3.5 41.5
3.5 42.5
3.5 54.5
3.5 55.5
3.5 56.5
3.5 57.5
4.5 6.5
4.5 7.5
4.5 8.5
4.5 17.5
4.5 18.5
4.5 23.5
4.5 32.5
4.5 33.5
4.5 34.5
4.5 38.5
4.5 53.5
4.5 54.5
4.5 55.5
4.5 56.5
5.5 14.5
5.5 15.5
5.5 16.5
5.5 17.5
5.5 18.5
5.5 30.5
5.5 31.5
5.5 32.5
5.5 33.5
5.5 46.5
5.5 47.5
5.5 48.5
5.5 49.5
5.5 62.5
5.5 63.5
5.5 64.5
6.5 12.5
6.5 13.5
6.5 14.5
6.5 15.5
6.5 16.5
6.5 29.5
6.5 30.5
6.5 31.5
6.5 32.5
6.5 44.5
6.5 45.5
6.5 46.5
6.5 47.5
6.5 48.5
6.5 60.5
6.5 61.5
6.5 62.5
6.5 63.5
7.5 12.5
7.5 13.5
7.5 14.5
7.5 28.5
7.5 29.5
7.5 30.5
7.5 43.5
7.5 44.5
7.5 45.5
7.5 46.5
7.5 58.5
7.5 59.5
7.5 60.5
7.5 61.5
7.5 62.5
8.5 58.5
8.5 59.5
11.5 12.5
11.5 13.5
11.5 28.5
11.5 29.5
11.5 43.5
11.5 44.5
12.5 12.5
12.5 13.5
12.5 14.5
12.5 15.5
12.5 28.5
12.5 29.5
12.5 30.5
12.5 31.5
12.5 41.5
12.5 42.5
12.5 43.5
12.5 44.5
12.5 57.5
12.5 58.5
12.5 59.5
13.5 13.5
13.5 14.5
13.5 15.5
13.5 16.5
13.5 29.5
13.5 30.5
13.5 31.5
13.5 32.5
13.5 39.5
13.5 40.5
13.5 41.5
13.5 42.5
13.5 43.5
13.5 56.5
13.5 57.5
13.5 58.5
13.5 59.5
14.5 14.5
14.5 15.5
14.5 16.5
14.5 17.5
14.5 30.5
14.5 31.5
14.5 32.5
14.5 33.5
14.5 38.5
14.5 39.5
14.5 40.5
14.5 41.5
14.5 55.5
14.5 56.5
14.5 57.5
14.5 58.5
15.5 6.5
15.5 7.5
15.5 8.5
15.5 16.5
15.5 17.5
15.5 18.5
15.5 32.5
15.5 33.5
15.5 34.5
15.5 38.5
15.5 39.5
15.5 54.5
15.5 55.5
15.5 56.5
16.5 7.5
16.5 8.5
16.5 9.5
16.5 22.5
16.5 23.5
16.5 24.5
16.5 25.5
16.5 47.5
16.5 48.5
16.5 49.5
16.5 54.5
16.5 55.5
16.5 63.5
16.5 64.5
17.5 8.5
17.5 9.5
17.5 10.5
17.5 22.5
17.5 23.5
17.5 24.5
17.5 25.5
17.5 26.5
17.5 45.5
17.5 46.5
17.5 47.5
17.5 48.5
17.5 49.5
17.5 61.5
17.5 62.5
17.5 63.5
17.5 64.5
18.5 9.5
18.5 10.5
18.5 11.5
18.5 24.5
18.5 25.5
18.5 26.5
18.5 27.5
18.5 43.5
18.5 44.5
18.5 45.5
18.5 46.5
18.5 47.5
18.5 60.5
18.5 61.5
18.5 62.5
18.5 63.5
19.5 10.5
19.5 11.5
19.5 12.5
19.5 26.5
19.5 27.5
19.5 28.5
19.5 42.5
19.5 43.5
19.5 44.5
19.5 45.5
19.5 46.5
19.5 59.5
19.5 60.5
19.5 61.5
20.5 59.5
20.5 60.5
23.5 10.5
23.5 11.5
23.5 12.5
23.5 27.5
23.5 42.5
24.5 8.5
24.5 9.5
24.5 10.5
24.5 11.5
24.5 12.5
24.5 24.5
24.5 25.5
24.5 26.5
24.5 27.5
24.5 42.5
24.5 43.5
24.5 44.5
24.5 45.5
24.5 46.5
24.5 59.5
24.5 60.5
24.5 61.5
24.5 62.5
25.5 7.5
25.5 8.5
25.5 9.5
25.5 10.5
25.5 22.5
25.5 23.5
25.5 24.5
25.5 25.5
25.5 26.5
25.5 44.5
25.5 45.5
25.5 46.5
25.5 47.5
25.5 48.5
25.5 61.5
25.5 62.5
25.5 63.5
25.5 64.5
26.5 21.5
26.5 22.5
26.5 23.5
26.5 48.5
27.5 14.5
27.5 15.5
27.5 16.5
27.5 17.5
27.5 18.5
27.5 30.5
27.5 31.5
27.5 32.5
27.5 33.5
27.5 37.5
27.5 38.5
27.5 39.5
27.5 40.5
27.5 53.5
27.5 54.5
27.5 55.5
27.5 56.5
27.5 57.5
27.5 58.5
28.5 13.5
28.5 14.5
28.5 15.5
28.5 16.5
28.5 17.5
28.5 29.5
28.5 30.5
28.5 31.5
28.5 32.5
28.5 38.5
28.5 39.5
28.5 40.5
28.5 41.5
28.5 42.5
28.5 55.5
28.5 56.5
28.5 57.5
28.5 58.5
28.5 59.5
28.5 60.5
29.5 14.5
29.5 28.5
29.5 29.5
29.5 30.5
29.5 31.5
29.5 40.5
29.5 41.5
29.5 42.5
30.5 28.5
32.5 13.5
32.5 14.5
32.5 58.5
32.5 59.5
33.5 14.5
33.5 15.5
33.5 16.5
33.5 28.5
33.5 41.5
33.5 42.5
33.5 43.5
33.5 55.5
33.5 56.5
33.5 57.5
33.5 58.5
33.5 59.5
34.5 15.5
34.5 16.5
34.5 17.5
34.5 18.5
34.5 24.5
34.5 25.5
34.5 26.5
34.5 27.5
34.5 28.5
34.5 39.5
34.5 40.5
34.5 41.5
34.5 53.5
34.5 54.5
34.5 55.5
34.5 56.5
34.5 57.5
34.5 58.5
35.5 17.5
35.5 18.5
35.5 19.5
35.5 23.5
35.5 24.5
35.5 25.5
35.5 26.5
35.5 38.5
35.5 39.5
35.5 40.5
35.5 52.5
35.5 53.5
35.5 54.5
35.5 55.5
35.5 56.5
36.5 8.5
36.5 9.5
36.5 10.5
36.5 11.5
36.5 12.5
36.5 33.5
36.5 34.5
36.5 45.5
36.5 46.5
36.5 47.5
36.5 48.5
36.5 62.5
36.5 63.5
36.5 64.5
36.5 65.5
37.5 9.5
37.5 10.5
37.5 11.5
37.5 12.5
37.5 13.5
37.5 30.5
37.5 31.5
37.5 32.5
37.5 33.5
37.5 43.5
37.5 44.5
37.5 45.5
37.5 46.5
37.5 47.5
37.5 48.5
37.5 61.5
37.5 62.5
37.5 63.5
37.5 64.5
38.5 11.5
38.5 12.5
38.5 13.5
38.5 14.5
38.5 28.5
38.5 29.5
38.5 30.5
38.5 31.5
38.5 42.5
38.5 43.5
38.5 44.5
38.5 45.5
38.5 46.5
38.5 59.5
38.5 60.5
38.5 61.5
38.5 62.5
38.5 63.5
39.5 58.5
39.5 59.5
39.5 60.5
39.5 61.5
42.5 13.5
42.5 14.5
42.5 27.5
42.5 28.5
42.5 29.5
42.5 43.5
42.5 44.5
43.5 10.5
43.5 11.5
43.5 12.5
43.5 13.5
43.5 25.5
43.5 26.5
43.5 27.5
43.5 28.5
43.5 44.5
43.5 45.5
43.5 46.5
43.5 57.5
43.5 58.5
43.5 59.5
44.5 9.5
44.5 10.5
44.5 11.5
44.5 12.5
44.5 24.5
44.5 25.5
44.5 26.5
44.5 27.5
44.5 46.5
44.5 47.5
44.5 48.5
44.5 54.5
44.5 55.5
44.5 56.5
44.5 57.5
44.5 58.5
45.5 8.5
45.5 9.5
45.5 10.5
45.5 11.5
45.5 23.5
45.5 24.5
45.5 25.5
45.5 33.5
45.5 37.5
45.5 38.5
45.5 39.5
45.5 48.5
45.5 49.5
45.5 53.5
45.5 54.5
45.5 55.5
46.5 7.5
46.5 8.5
46.5 9.5
46.5 17.5
46.5 18.5
46.5 19.5
46.5 31.5
46.5 32.5
46.5 33.5
46.5 38.5
46.5 39.5
46.5 40.5
46.5 41.5
46.5 42.5
47.5 15.5
47.5 16.5
47.5 17.5
47.5 18.5
47.5 19.5
47.5 30.5
47.5 31.5
47.5 32.5
47.5 39.5
47.5 40.5
47.5 41.5
47.5 42.5
47.5 43.5
47.5 59.5
47.5 60.5
47.5 61.5
47.5 62.5
47.5 63.5
47.5 64.5
47.5 65.5
48.5 14.5
48.5 15.5
48.5 16.5
48.5 17.5
48.5 29.5
48.5 30.5
48.5 31.5
48.5 41.5
48.5 42.5
48.5 43.5
48.5 58.5
48.5 59.5
48.5 60.5
48.5 61.5
48.5 62.5
48.5 63.5
49.5 13.5
49.5 14.5
49.5 15.5
49.5 16.5
49.5 28.5
49.5 29.5
52.5 41.5
52.5 42.5
52.5 43.5
52.5 58.5
52.5 59.5
53.5 14.5
53.5 29.5
53.5 30.5
53.5 31.5
53.5 39.5
53.5 40.5
53.5 41.5
53.5 42.5
53.5 59.5
53.5 60.5
53.5 61.5
54.5 13.5
54.5 14.5
54.5 15.5
54.5 16.5
54.5 17.5
54.5 18.5
54.5 30.5
54.5 31.5
54.5 32.5
54.5 38.5
54.5 39.5
54.5 40.5
54.5 41.5
54.5 60.5
54.5 61.5
54.5 62.5
54.5 63.5
55.5 15.5
55.5 16.5
55.5 17.5
55.5 18.5
55.5 19.5
55.5 31.5
55.5 32.5
55.5 33.5
55.5 37.5
55.5 38.5
55.5 39.5
55.5 47.5
55.5 48.5
55.5 49.5
55.5 53.5
55.5 54.5
55.5 62.5
55.5 63.5
55.5 64.5
56.5 18.5
56.5 19.5
56.5 23.5
56.5 24.5
56.5 25.5
56.5 45.5
56.5 46.5
56.5 47.5
56.5 48.5
56.5 53.5
56.5 54.5
56.5 55.5
56.5 56.5
57.5 7.5
57.5 8.5
57.5 9.5
57.5 10.5
57.5 11.5
57.5 24.5
57.5 25.5
57.5 26.5
57.5 27.5
57.5 28.5
57.5 44.5
57.5 45.5
57.5 46.5
57.5 47.5
57.5 54.5
57.5 55.5
57.5 56.5
57.5 57.5
58.5 9.5
58.5 10.5
58.5 11.5
58.5 12.5
58.5 13.5
58.5 26.5
58.5 27.5
58.5 28.5
58.5 29.5
58.5 43.5
58.5 44.5
58.5 45.5
58.5 46.5
58.5 56.5
58.5 57.5
58.5 58.5
59.5 11.5
59.5 12.5
59.5 13.5
59.5 14.5
59.5 58.5
