1.5 13.5
1.5 29.5
2.5 13.5
2.5 14.5
2.5 29.5
2.5 30.5
2.5 43.5
3.5 13.5
3.5 14.5
3.5 30.5
3.5 42.5
3.5 57.5
4.5 14.5
4.5 15.5
4.5 30.5
4.5 31.5
4.5 41.5
4.5 42.5
4.5 56.5
4.5 57.5
5.5 14.5
5.5 15.5
5.5 16.5
5.5 30.5
5.5 31.5
5.5 41.5
5.5 42.5
5.5 56.5
5.5 57.5
6.5 15.5
6.5 16.5
6.5 31.5
6.5 32.5
6.5 40.5
6.5 41.5
6.5 55.5
6.5 56.5
7.5 15.5
7.5 16.5
7.5 17.5
7.5 31.5
7.5 32.5
7.5 40.5
7.5 41.5
7.5 55.5
7.5 56.5
8.5 16.5
8.5 17.5
8.5 24.5
8.5 32.5
8.5 39.5
8.5 40.5
8.5 55.5
8.5 56.5
9.5 7.5
9.5 16.5
9.5 17.5
9.5 24.5
9.5 32.5
9.5 33.5
9.5 39.5
9.5 40.5
9.5 48.5
9.5 54.5
9.5 55.5
9.5 63.5
10.5 7.5
10.5 8.5
10.5 17.5
10.5 18.5
10.5 24.5
10.5 25.5
10.5 33.5
10.5 39.5
10.5 47.5
10.5 48.5
10.5 54.5
10.5 63.5
11.5 8.5
11.5 9.5
11.5 18.5
11.5 24.5
11.5 25.5
11.5 33.5
11.5 38.5
11.5 46.5
11.5 47.5
11.5 54.5
11.5 62.5
11.5 63.5
12.5 8.5
12.5 9.5
12.5 25.5
12.5 26.5
12.5 46.5
12.5 47.5
12.5 62.5
12.5 63.5
13.5 9.5
13.5 10.5
13.5 25.5
13.5 26.5
13.5 45.5
13.5 46.5
13.5 61.5
13.5 62.5
14.5 10.5
14.5 11.5
14.5 25.5
14.5 26.5
14.5 27.5
14.5 45.5
14.5 46.5
14.5 61.5
14.5 62.5
15.5 10.5
15.5 11.5
15.5 26.5
15.5 27.5
15.5 44.5
15.5 45.5
15.5 61.5
15.5 62.5
16.5 11.5
16.5 12.5
16.5 26.5
16.5 27.5
16.5 44.5
16.5 45.5
16.5 60.5
16.5 61.5
17.5 12.5
17.5 27.5
17.5 43.5
17.5 44.5
17.5 60.5
17.5 61.5
18.5 27.5
18.5 43.5
18.5 44.5
18.5 60.5
19.5 60.5
22.5 12.5
23.5 11.5
23.5 12.5
23.5 27.5
23.5 43.5
24.5 11.5
24.5 12.5
24.5 27.5
24.5 43.5
24.5 44.5
24.5 59.5
25.5 10.5
25.5 11.5
25.5 26.5
25.5 27.5
25.5 44.5
25.5 45.5
25.5 58.5
25.5 59.5
26.5 10.5
26.5 11.5
26.5 25.5
26.5 26.5
26.5 44.5
26.5 45.5
26.5 57.5
26.5 58.5
27.5 9.5
27.5 10.5
27.5 11.5
27.5 25.5
27.5 26.5
27.5 45.5
27.5 46.5
27.5 56.5
27.5 57.5
28.5 9.5
28.5 10.5
28.5 24.5
28.5 25.5
28.5 45.5
28.5 46.5
28.5 47.5
28.5 55.5
28.5 56.5
29.5 9.5
29.5 10.5
29.5 24.5
29.5 25.5
29.5 38.5
29.5 46.5
29.5 47.5
29.5 54.5
29.5 55.5
30.5 9.5
30.5 17.5
30.5 24.5
30.5 33.5
30.5 34.5
30.5 39.5
30.5 47.5
30.5 48.5
30.5 53.5
30.5 54.5
31.5 8.5
31.5 9.5
31.5 17.5
31.5 23.5
31.5 24.5
31.5 32.5
31.5 33.5
31.5 39.5
31.5 40.5
31.5 48.5
31.5 53.5
31.5 64.5
32.5 8.5
32.5 16.5
32.5 17.5
32.5 23.5
32.5 32.5
32.5 33.5
32.5 40.5
32.5 63.5
32.5 64.5
33.5 16.5
33.5 31.5
33.5 32.5
33.5 40.5
33.5 41.5
33.5 62.5
33.5 63.5
34.5 15.5
34.5 16.5
34.5 30.5
34.5 31.5
34.5 32.5
34.5 41.5
34.5 61.5
34.5 62.5
35.5 15.5
35.5 16.5
35.5 30.5
35.5 31.5
35.5 41.5
35.5 42.5
35.5 60.5
35.5 61.5
35.5 62.5
36.5 14.5
36.5 15.5
36.5 29.5
36.5 30.5
36.5 42.5
36.5 59.5
36.5 60.5
36.5 61.5
37.5 14.5
37.5 15.5
37.5 29.5
37.5 30.5
37.5 43.5
37.5 58.5
37.5 59.5
37.5 60.5
38.5 14.5
38.5 28.5
38.5 29.5
38.5 58.5
39.5 14.5
39.5 28.5
42.5 44.5
43.5 29.5
43.5 44.5
43.5 58.5
44.5 13.5
44.5 29.5
44.5 44.5
44.5 45.5
44.5 57.5
44.5 58.5
45.5 12.5
45.5 13.5
45.5 29.5
45.5 30.5
45.5 44.5
45.5 45.5
45.5 56.5
45.5 57.5
46.5 11.5
46.5 12.5
46.5 29.5
46.5 30.5
46.5 31.5
46.5 45.5
46.5 55.5
46.5 56.5
46.5 57.5
47.5 11.5
47.5 12.5
47.5 30.5
47.5 31.5
47.5 45.5
47.5 46.5
47.5 55.5
47.5 56.5
48.5 10.5
48.5 11.5
48.5 30.5
48.5 31.5
48.5 32.5
48.5 45.5
48.5 46.5
48.5 54.5
48.5 55.5
48.5 56.5
49.5 10.5
49.5 31.5
49.5 32.5
49.5 39.5
49.5 46.5
49.5 53.5
49.5 54.5
49.5 55.5
50.5 9.5
50.5 10.5
50.5 31.5
50.5 32.5
50.5 39.5
50.5 46.5
50.5 47.5
50.5 53.5
50.5 54.5
51.5 9.5
51.5 17.5
51.5 18.5
51.5 23.5
51.5 32.5
51.5 33.5
51.5 39.5
51.5 40.5
51.5 47.5
51.5 52.5
51.5 53.5
51.5 63.5
51.5 64.5
52.5 8.5
52.5 17.5
52.5 18.5
52.5 23.5
52.5 24.5
52.5 32.5
52.5 33.5
52.5 40.5
52.5 47.5
52.5 52.5
52.5 62.5
52.5 63.5
53.5 16.5
53.5 17.5
53.5 24.5
53.5 25.5
53.5 33.5
53.5 40.5
53.5 41.5
53.5 62.5
53.5 63.5
54.5 15.5
54.5 16.5
54.5 17.5
54.5 24.5
54.5 25.5
54.5 40.5
54.5 41.5
54.5 61.5
54.5 62.5
55.5 15.5
55.5 16.5
55.5 25.5
55.5 26.5
55.5 40.5
55.5 41.5
55.5 60.5
55.5 61.5
56.5 14.5
56.5 15.5
56.5 16.5
56.5 26.5
56.5 41.5
56.5 59.5
56.5 60.5
56.5 61.5
57.5 14.5
57.5 15.5
57.5 26.5
57.5 27.5
57.5 41.5
57.5 42.5
57.5 59.5
57.5 60.5
58.5 14.5
58.5 27.5
58.5 41.5
58.5 42.5
58.5 58.5
58.5 59.5
59.5 28.5
59.5 42.5
59.5 58.5
