1.5 11.5
1.5 51.5
2.5 10.5
2.5 20.5
2.5 51.5
2.5 52.5
2.5 61.5
2.5 62.5
3.5 10.5
3.5 19.5
3.5 31.5
3.5 42.5
3.5 52.5
3.5 61.5
4.5 9.5
4.5 10.5
4.5 19.5
4.5 31.5
4.5 32.5
4.5 42.5
4.5 43.5
4.5 52.5
4.5 53.5
4.5 60.5
4.5 61.5
5.5 9.5
5.5 18.5
5.5 19.5
5.5 32.5
5.5 33.5
5.5 43.5
5.5 52.5
5.5 53.5
5.5 59.5
5.5 60.5
6.5 8.5
6.5 9.5
6.5 18.5
6.5 32.5
6.5 33.5
6.5 43.5
6.5 53.5
6.5 59.5
6.5 60.5
7.5 8.5
7.5 13.5
7.5 18.5
7.5 27.5
7.5 33.5
7.5 34.5
7.5 38.5
7.5 43.5
7.5 44.5
7.5 48.5
7.5 53.5
7.5 54.5
7.5 59.5
8.5 13.5
8.5 18.5
8.5 23.5
8.5 27.5
8.5 34.5
8.5 38.5
8.5 39.5
8.5 44.5
8.5 48.5
8.5 54.5
8.5 58.5
8.5 65.5
9.5 12.5
9.5 13.5
9.5 17.5
9.5 22.5
9.5 23.5
9.5 28.5
9.5 39.5
9.5 49.5
9.5 64.5
9.5 65.5
10.5 12.5
10.5 22.5
10.5 28.5
10.5 39.5
10.5 40.5
10.5 49.5
10.5 63.5
10.5 64.5
11.5 12.5
11.5 21.5
11.5 22.5
11.5 28.5
11.5 29.5
11.5 40.5
11.5 49.5
11.5 50.5
11.5 63.5
12.5 11.5
12.5 12.5
12.5 21.5
12.5 22.5
12.5 29.5
12.5 40.5
12.5 41.5
12.5 50.5
12.5 62.5
12.5 63.5
13.5 11.5
13.5 21.5
13.5 29.5
13.5 30.5
13.5 41.5
13.5 50.5
13.5 62.5
14.5 21.5
14.5 30.5
14.5 61.5
15.5 20.5
17.5 11.5
17.5 41.5
17.5 51.5
18.5 11.5
18.5 31.5
18.5 41.5
18.5 42.5
18.5 52.5
18.5 61.5
19.5 11.5
19.5 12.5
19.5 20.5
19.5 31.5
19.5 42.5
19.5 52.5
19.5 60.5
19.5 61.5
20.5 12.5
20.5 20.5
20.5 21.5
20.5 31.5
20.5 32.5
20.5 42.5
20.5 43.5
20.5 52.5
20.5 53.5
20.5 59.5
20.5 60.5
21.5 8.5
21.5 12.5
21.5 21.5
21.5 31.5
21.5 32.5
21.5 42.5
21.5 43.5
21.5 53.5
21.5 59.5
21.5 60.5
22.5 8.5
22.5 13.5
22.5 16.5
22.5 21.5
22.5 22.5
22.5 32.5
22.5 37.5
22.5 43.5
22.5 53.5
22.5 54.5
22.5 59.5
23.5 9.5
23.5 13.5
23.5 17.5
23.5 22.5
23.5 32.5
23.5 37.5
23.5 38.5
23.5 43.5
23.5 44.5
23.5 48.5
23.5 54.5
23.5 58.5
23.5 65.5
24.5 9.5
24.5 17.5
24.5 22.5
24.5 26.5
24.5 32.5
24.5 33.5
24.5 38.5
24.5 44.5
24.5 48.5
24.5 49.5
24.5 58.5
24.5 64.5
25.5 9.5
25.5 17.5
25.5 27.5
25.5 33.5
25.5 38.5
25.5 39.5
25.5 49.5
25.5 63.5
25.5 64.5
26.5 9.5
26.5 18.5
26.5 27.5
26.5 28.5
26.5 38.5
26.5 39.5
26.5 49.5
26.5 50.5
26.5 63.5
27.5 10.5
27.5 18.5
27.5 28.5
27.5 39.5
27.5 50.5
27.5 62.5
27.5 63.5
28.5 10.5
28.5 28.5
28.5 29.5
28.5 39.5
28.5 50.5
28.5 62.5
29.5 10.5
29.5 29.5
29.5 39.5
29.5 51.5
32.5 11.5
32.5 18.5
32.5 51.5
33.5 11.5
33.5 18.5
33.5 28.5
33.5 40.5
33.5 50.5
33.5 51.5
33.5 61.5
34.5 12.5
34.5 18.5
34.5 27.5
34.5 28.5
34.5 39.5
34.5 40.5
34.5 50.5
34.5 60.5
34.5 61.5
35.5 12.5
35.5 17.5
35.5 18.5
35.5 27.5
35.5 28.5
35.5 39.5
35.5 49.5
35.5 50.5
35.5 60.5
36.5 12.5
36.5 13.5
36.5 17.5
36.5 27.5
36.5 38.5
36.5 39.5
36.5 49.5
36.5 50.5
36.5 59.5
36.5 60.5
37.5 13.5
37.5 17.5
37.5 26.5
37.5 27.5
37.5 38.5
37.5 44.5
37.5 49.5
37.5 59.5
38.5 8.5
38.5 13.5
38.5 17.5
38.5 21.5
38.5 26.5
38.5 27.5
38.5 38.5
38.5 44.5
38.5 48.5
38.5 49.5
38.5 54.5
38.5 59.5
39.5 8.5
39.5 21.5
39.5 26.5
39.5 33.5
39.5 43.5
39.5 44.5
39.5 48.5
39.5 54.5
39.5 58.5
39.5 64.5
40.5 8.5
40.5 9.5
40.5 21.5
40.5 32.5
40.5 33.5
40.5 43.5
40.5 53.5
40.5 54.5
40.5 63.5
40.5 64.5
41.5 9.5
41.5 21.5
41.5 31.5
41.5 32.5
41.5 42.5
41.5 43.5
41.5 53.5
41.5 63.5
42.5 9.5
42.5 10.5
42.5 20.5
42.5 21.5
42.5 31.5
42.5 32.5
42.5 42.5
42.5 43.5
42.5 53.5
42.5 63.5
43.5 9.5
43.5 10.5
43.5 20.5
43.5 30.5
43.5 31.5
43.5 42.5
43.5 52.5
43.5 62.5
43.5 63.5
44.5 10.5
44.5 20.5
44.5 30.5
44.5 42.5
44.5 52.5
44.5 62.5
45.5 62.5
47.5 10.5
48.5 10.5
48.5 11.5
48.5 19.5
48.5 30.5
48.5 31.5
48.5 41.5
48.5 52.5
49.5 11.5
49.5 18.5
49.5 19.5
49.5 31.5
49.5 32.5
49.5 40.5
49.5 41.5
49.5 52.5
50.5 11.5
50.5 12.5
50.5 18.5
50.5 31.5
50.5 32.5
50.5 40.5
50.5 52.5
50.5 60.5
51.5 11.5
51.5 12.5
51.5 17.5
51.5 18.5
51.5 32.5
51.5 33.5
51.5 39.5
51.5 40.5
51.5 52.5
51.5 53.5
51.5 59.5
51.5 60.5
52.5 12.5
52.5 17.5
52.5 33.5
52.5 34.5
52.5 39.5
52.5 53.5
52.5 59.5
53.5 6.5
53.5 13.5
53.5 23.5
53.5 27.5
53.5 34.5
53.5 39.5
53.5 44.5
53.5 48.5
53.5 53.5
53.5 58.5
53.5 59.5
54.5 6.5
54.5 7.5
54.5 22.5
54.5 23.5
54.5 28.5
54.5 44.5
54.5 49.5
54.5 58.5
55.5 6.5
55.5 7.5
55.5 22.5
55.5 23.5
55.5 28.5
55.5 29.5
55.5 43.5
55.5 44.5
55.5 49.5
55.5 54.5
55.5 63.5
56.5 7.5
56.5 8.5
56.5 21.5
56.5 22.5
56.5 29.5
56.5 30.5
56.5 43.5
56.5 49.5
56.5 63.5
57.5 7.5
57.5 8.5
57.5 21.5
57.5 22.5
57.5 30.5
57.5 42.5
57.5 43.5
57.5 49.5
57.5 50.5
57.5 62.5
57.5 63.5
58.5 8.5
58.5 21.5
58.5 30.5
58.5 31.5
58.5 42.5
58.5 50.5
58.5 61.5
58.5 62.5
59.5 31.5
59.5 42.5
59.5 50.5
59.5 61.5
60.5 50.5
60.5 61.5
61.5 60.5
