1.5 19.5
1.5 30.5
1.5 40.5
2.5 9.5
2.5 30.5
2.5 31.5
2.5 39.5
2.5 61.5
3.5 20.5
3.5 31.5
3.5 32.5
3.5 39.5
3.5 50.5
3.5 62.5
4.5 8.5
4.5 32.5
4.5 38.5
4.5 51.5
4.5 63.5
5.5 21.5
5.5 26.5
5.5 33.5
5.5 37.5
5.5 52.5
5.5 64.5
6.5 7.5
6.5 27.5
6.5 34.5
6.5 37.5
6.5 43.5
6.5 65.5
7.5 16.5
7.5 22.5
7.5 27.5
7.5 42.5
7.5 47.5
7.5 57.5
8.5 12.5
8.5 17.5
8.5 28.5
8.5 42.5
8.5 48.5
8.5 58.5
8.5 59.5
9.5 11.5
9.5 41.5
9.5 42.5
9.5 59.5
9.5 60.5
10.5 11.5
10.5 18.5
10.5 29.5
10.5 41.5
10.5 49.5
10.5 60.5
10.5 61.5
11.5 10.5
11.5 19.5
11.5 50.5
12.5 10.5
14.5 30.5
14.5 40.5
14.5 62.5
15.5 31.5
15.5 40.5
15.5 51.5
15.5 61.5
16.5 9.5
16.5 20.5
16.5 32.5
16.5 39.5
16.5 52.5
16.5 60.5
17.5 9.5
17.5 21.5
17.5 32.5
17.5 38.5
17.5 52.5
17.5 59.5
18.5 8.5
18.5 22.5
18.5 33.5
18.5 38.5
18.5 53.5
18.5 58.5
19.5 8.5
19.5 14.5
19.5 17.5
19.5 27.5
19.5 34.5
19.5 37.5
19.5 47.5
19.5 54.5
19.5 58.5
19.5 65.5
20.5 13.5
20.5 18.5
20.5 28.5
20.5 43.5
20.5 48.5
20.5 64.5
21.5 12.5
21.5 29.5
21.5 42.5
21.5 49.5
21.5 63.5
22.5 30.5
22.5 41.5
22.5 50.5
22.5 63.5
23.5 40.5
23.5 62.5
25.5 11.5
25.5 40.5
26.5 19.5
26.5 30.5
26.5 51.5
26.5 68.5
27.5 12.5
27.5 19.5
27.5 29.5
27.5 41.5
27.5 50.5
27.5 61.5
28.5 12.5
28.5 18.5
28.5 29.5
28.5 42.5
28.5 49.5
28.5 60.5
29.5 13.5
29.5 18.5
29.5 28.5
29.5 37.5
29.5 43.5
29.5 48.5
29.5 59.5
30.5 7.5
30.5 13.5
30.5 23.5
30.5 27.5
30.5 34.5
30.5 38.5
30.5 64.5
31.5 8.5
31.5 17.5
31.5 27.5
31.5 33.5
31.5 38.5
31.5 53.5
31.5 63.5
32.5 8.5
32.5 22.5
32.5 33.5
32.5 39.5
32.5 52.5
33.5 8.5
33.5 9.5
33.5 21.5
33.5 32.5
33.5 39.5
33.5 51.5
34.5 9.5
34.5 21.5
34.5 40.5
35.5 31.5
36.5 10.5
36.5 20.5
36.5 51.5
37.5 60.5
38.5 21.5
38.5 30.5
38.5 41.5
38.5 52.5
38.5 60.5
39.5 20.5
39.5 31.5
39.5 41.5
39.5 53.5
40.5 9.5
40.5 19.5
40.5 32.5
40.5 42.5
40.5 54.5
40.5 59.5
41.5 8.5
41.5 19.5
41.5 32.5
41.5 42.5
41.5 47.5
41.5 54.5
41.5 59.5
42.5 7.5
42.5 14.5
42.5 18.5
42.5 24.5
42.5 27.5
42.5 33.5
42.5 43.5
42.5 48.5
42.5 55.5
42.5 63.5
43.5 6.5
43.5 13.5
43.5 17.5
43.5 28.5
43.5 34.5
43.5 37.5
43.5 43.5
43.5 48.5
43.5 63.5
44.5 13.5
44.5 23.5
44.5 28.5
44.5 38.5
44.5 49.5
45.5 12.5
45.5 22.5
45.5 29.5
45.5 39.5
45.5 50.5
45.5 62.5
46.5 11.5
46.5 29.5
47.5 21.5
47.5 30.5
47.5 40.5
47.5 61.5
48.5 10.5
48.5 20.5
49.5 40.5
50.5 11.5
50.5 40.5
50.5 51.5
50.5 61.5
51.5 10.5
51.5 20.5
51.5 30.5
51.5 50.5
52.5 9.5
52.5 19.5
52.5 29.5
52.5 39.5
52.5 49.5
52.5 60.5
53.5 8.5
53.5 19.5
53.5 29.5
53.5 39.5
53.5 48.5
53.5 55.5
54.5 8.5
54.5 14.5
54.5 18.5
54.5 28.5
54.5 34.5
54.5 39.5
54.5 47.5
54.5 54.5
54.5 59.5
55.5 13.5
55.5 24.5
55.5 28.5
55.5 34.5
55.5 43.5
55.5 54.5
55.5 64.5
56.5 13.5
56.5 17.5
56.5 23.5
56.5 33.5
56.5 43.5
56.5 53.5
56.5 58.5
56.5 63.5
57.5 12.5
57.5 23.5
57.5 33.5
57.5 52.5
57.5 63.5
58.5 11.5
58.5 22.5
58.5 42.5
58.5 52.5
58.5 62.5
59.5 21.5
59.5 32.5
59.5 51.5
60.5 61.5
