1.5 13.5
1.5 28.5
1.5 42.5
1.5 43.5
1.5 59.5
1.5 60.5
2.5 13.5
2.5 27.5
2.5 42.5
2.5 43.5
2.5 44.5
2.5 58.5
2.5 59.5
3.5 12.5
3.5 13.5
3.5 26.5
3.5 27.5
3.5 43.5
3.5 44.5
3.5 45.5
3.5 57.5
3.5 58.5
3.5 59.5
4.5 11.5
4.5 12.5
4.5 26.5
4.5 27.5
4.5 43.5
4.5 44.5
4.5 45.5
4.5 46.5
4.5 57.5
4.5 58.5
5.5 10.5
5.5 11.5
5.5 12.5
5.5 25.5
5.5 26.5
5.5 27.5
5.5 44.5
5.5 45.5
5.5 46.5
5.5 47.5
5.5 56.5
5.5 57.5
5.5 58.5
6.5 10.5
6.5 11.5
6.5 25.5
6.5 26.5
6.5 45.5
6.5 46.5
6.5 47.5
6.5 55.5
6.5 56.5
6.5 57.5
7.5 9.5
7.5 10.5
7.5 11.5
7.5 24.5
7.5 25.5
7.5 26.5
7.5 33.5
7.5 36.5
7.5 46.5
7.5 47.5
7.5 48.5
7.5 55.5
7.5 56.5
7.5 57.5
8.5 9.5
8.5 10.5
8.5 19.5
8.5 24.5
8.5 25.5
8.5 32.5
8.5 33.5
8.5 37.5
8.5 47.5
8.5 48.5
8.5 49.5
8.5 54.5
8.5 55.5
8.5 56.5
8.5 64.5
9.5 8.5
9.5 9.5
9.5 18.5
9.5 19.5
9.5 24.5
9.5 25.5
9.5 32.5
9.5 33.5
9.5 37.5
9.5 38.5
9.5 47.5
9.5 48.5
9.5 49.5
9.5 54.5
9.5 55.5
9.5 63.5
9.5 64.5
10.5 8.5
10.5 9.5
10.5 17.5
10.5 18.5
10.5 23.5
10.5 24.5
10.5 31.5
10.5 32.5
10.5 38.5
10.5 39.5
10.5 49.5
10.5 50.5
10.5 54.5
10.5 55.5
10.5 62.5
10.5 63.5
10.5 64.5
11.5 7.5
11.5 8.5
11.5 16.5
11.5 17.5
11.5 18.5
11.5 23.5
11.5 24.5
11.5 31.5
11.5 32.5
11.5 38.5
11.5 39.5
11.5 40.5
11.5 50.5
11.5 53.5
11.5 54.5
11.5 62.5
11.5 63.5
12.5 7.5
12.5 15.5
12.5 16.5
12.5 17.5
12.5 23.5
12.5 30.5
12.5 31.5
12.5 32.5
12.5 39.5
12.5 40.5
12.5 41.5
12.5 61.5
12.5 62.5
12.5 63.5
13.5 14.5
13.5 15.5
13.5 16.5
13.5 17.5
13.5 30.5
13.5 31.5
13.5 40.5
13.5 41.5
13.5 42.5
13.5 61.5
13.5 62.5
14.5 14.5
14.5 15.5
14.5 16.5
14.5 29.5
14.5 30.5
14.5 31.5
14.5 41.5
14.5 42.5
14.5 43.5
14.5 60.5
14.5 61.5
14.5 62.5
15.5 13.5
15.5 14.5
15.5 15.5
15.5 29.5
15.5 30.5
15.5 42.5
15.5 43.5
15.5 60.5
15.5 61.5
16.5 12.5
16.5 13.5
16.5 14.5
16.5 29.5
16.5 30.5
16.5 43.5
16.5 44.5
16.5 59.5
16.5 60.5
17.5 12.5
17.5 13.5
17.5 28.5
17.5 29.5
17.5 44.5
17.5 45.5
17.5 59.5
17.5 60.5
18.5 12.5
18.5 28.5
18.5 29.5
18.5 45.5
18.5 58.5
18.5 59.5
19.5 11.5
19.5 28.5
19.5 58.5
20.5 28.5
20.5 44.5
20.5 59.5
21.5 12.5
21.5 28.5
21.5 29.5
21.5 44.5
21.5 45.5
21.5 58.5
22.5 12.5
22.5 13.5
22.5 28.5
22.5 29.5
22.5 44.5
22.5 45.5
22.5 57.5
22.5 58.5
23.5 12.5
23.5 13.5
23.5 14.5
23.5 29.5
23.5 30.5
23.5 44.5
23.5 45.5
23.5 57.5
23.5 58.5
24.5 13.5
24.5 14.5
24.5 15.5
24.5 29.5
24.5 30.5
24.5 31.5
24.5 44.5
24.5 45.5
24.5 46.5
24.5 56.5
24.5 57.5
25.5 13.5
25.5 14.5
25.5 15.5
25.5 30.5
25.5 31.5
25.5 45.5
25.5 46.5
25.5 56.5
25.5 57.5
26.5 14.5
26.5 15.5
26.5 16.5
26.5 30.5
26.5 31.5
26.5 32.5
26.5 45.5
26.5 46.5
26.5 47.5
26.5 55.5
26.5 56.5
26.5 57.5
27.5 14.5
27.5 15.5
27.5 16.5
27.5 17.5
27.5 24.5
27.5 30.5
27.5 31.5
27.5 32.5
27.5 37.5
27.5 45.5
27.5 46.5
27.5 47.5
27.5 55.5
27.5 56.5
28.5 6.5
28.5 15.5
28.5 16.5
28.5 17.5
28.5 24.5
28.5 31.5
28.5 32.5
28.5 37.5
28.5 38.5
28.5 46.5
28.5 47.5
28.5 54.5
28.5 55.5
28.5 56.5
29.5 7.5
29.5 16.5
29.5 17.5
29.5 18.5
29.5 24.5
29.5 25.5
29.5 32.5
29.5 33.5
29.5 38.5
29.5 39.5
29.5 46.5
29.5 47.5
29.5 54.5
29.5 55.5
29.5 63.5
29.5 64.5
30.5 7.5
30.5 8.5
30.5 16.5
30.5 17.5
30.5 18.5
30.5 24.5
30.5 25.5
30.5 32.5
30.5 33.5
30.5 38.5
30.5 39.5
30.5 46.5
30.5 47.5
30.5 48.5
30.5 53.5
30.5 54.5
30.5 62.5
30.5 63.5
30.5 64.5
31.5 7.5
31.5 8.5
31.5 9.5
31.5 17.5
31.5 18.5
31.5 19.5
31.5 24.5
31.5 25.5
31.5 26.5
31.5 33.5
31.5 38.5
31.5 39.5
31.5 40.5
31.5 47.5
31.5 48.5
31.5 53.5
31.5 54.5
31.5 62.5
31.5 63.5
32.5 8.5
32.5 9.5
32.5 18.5
32.5 19.5
32.5 25.5
32.5 26.5
32.5 39.5
32.5 40.5
32.5 47.5
32.5 48.5
32.5 53.5
32.5 61.5
32.5 62.5
32.5 63.5
33.5 8.5
33.5 9.5
33.5 10.5
33.5 18.5
33.5 19.5
33.5 25.5
33.5 26.5
33.5 39.5
33.5 40.5
33.5 41.5
33.5 48.5
33.5 52.5
33.5 60.5
33.5 61.5
33.5 62.5
34.5 9.5
34.5 10.5
34.5 11.5
34.5 25.5
34.5 26.5
34.5 27.5
34.5 40.5
34.5 41.5
34.5 59.5
34.5 60.5
34.5 61.5
34.5 62.5
35.5 9.5
35.5 10.5
35.5 11.5
35.5 25.5
35.5 26.5
35.5 27.5
35.5 40.5
35.5 41.5
35.5 42.5
35.5 59.5
35.5 60.5
35.5 61.5
36.5 10.5
36.5 11.5
36.5 12.5
36.5 26.5
36.5 27.5
36.5 41.5
36.5 42.5
36.5 58.5
36.5 59.5
36.5 60.5
37.5 10.5
37.5 11.5
37.5 12.5
37.5 26.5
37.5 27.5
37.5 41.5
37.5 42.5
37.5 58.5
37.5 59.5
38.5 11.5
38.5 12.5
38.5 13.5
38.5 27.5
38.5 42.5
38.5 43.5
38.5 57.5
38.5 58.5
38.5 59.5
38.5 68.5
39.5 12.5
39.5 13.5
39.5 27.5
39.5 28.5
39.5 43.5
39.5 57.5
39.5 58.5
39.5 68.5
40.5 12.5
40.5 13.5
40.5 42.5
40.5 57.5
41.5 13.5
41.5 14.5
41.5 28.5
41.5 42.5
42.5 14.5
42.5 28.5
42.5 29.5
42.5 41.5
42.5 42.5
42.5 57.5
43.5 12.5
43.5 28.5
43.5 29.5
43.5 41.5
43.5 42.5
43.5 57.5
43.5 58.5
43.5 59.5
44.5 12.5
44.5 13.5
44.5 29.5
44.5 30.5
44.5 40.5
44.5 41.5
44.5 42.5
44.5 58.5
44.5 59.5
45.5 13.5
45.5 14.5
45.5 29.5
45.5 30.5
45.5 40.5
45.5 41.5
45.5 58.5
45.5 59.5
45.5 60.5
46.5 13.5
46.5 14.5
46.5 15.5
46.5 29.5
46.5 30.5
46.5 31.5
46.5 39.5
46.5 40.5
46.5 41.5
46.5 59.5
46.5 60.5
46.5 61.5
47.5 14.5
47.5 15.5
47.5 30.5
47.5 31.5
47.5 39.5
47.5 40.5
47.5 41.5
47.5 60.5
47.5 61.5
47.5 62.5
48.5 14.5
48.5 15.5
48.5 16.5
48.5 30.5
48.5 31.5
48.5 32.5
48.5 39.5
48.5 40.5
48.5 52.5
48.5 60.5
48.5 61.5
48.5 62.5
48.5 63.5
49.5 15.5
49.5 16.5
49.5 17.5
49.5 23.5
49.5 31.5
49.5 32.5
49.5 38.5
49.5 39.5
49.5 40.5
49.5 48.5
49.5 52.5
49.5 53.5
49.5 61.5
49.5 62.5
49.5 63.5
50.5 6.5
50.5 15.5
50.5 16.5
50.5 17.5
50.5 23.5
50.5 24.5
50.5 32.5
50.5 33.5
50.5 38.5
50.5 39.5
50.5 47.5
50.5 48.5
50.5 53.5
50.5 54.5
50.5 62.5
50.5 63.5
50.5 64.5
51.5 6.5
51.5 7.5
51.5 16.5
51.5 17.5
51.5 18.5
51.5 23.5
51.5 24.5
51.5 25.5
51.5 32.5
51.5 33.5
51.5 38.5
51.5 39.5
51.5 46.5
51.5 47.5
51.5 48.5
51.5 53.5
51.5 54.5
51.5 63.5
51.5 64.5
52.5 7.5
52.5 8.5
52.5 17.5
52.5 18.5
52.5 24.5
52.5 25.5
52.5 33.5
52.5 38.5
52.5 46.5
52.5 47.5
52.5 54.5
52.5 55.5
52.5 64.5
52.5 65.5
53.5 7.5
53.5 8.5
53.5 9.5
53.5 18.5
53.5 19.5
53.5 24.5
53.5 25.5
53.5 26.5
53.5 38.5
53.5 45.5
53.5 46.5
53.5 47.5
53.5 54.5
53.5 55.5
53.5 56.5
54.5 8.5
54.5 9.5
54.5 10.5
54.5 18.5
54.5 19.5
54.5 25.5
54.5 26.5
54.5 27.5
54.5 45.5
54.5 46.5
54.5 55.5
54.5 56.5
54.5 57.5
55.5 9.5
55.5 10.5
55.5 11.5
55.5 25.5
55.5 26.5
55.5 27.5
55.5 44.5
55.5 45.5
55.5 46.5
55.5 56.5
55.5 57.5
56.5 9.5
56.5 10.5
56.5 11.5
56.5 26.5
56.5 27.5
56.5 28.5
56.5 44.5
56.5 45.5
56.5 57.5
56.5 58.5
56.5 68.5
57.5 10.5
57.5 11.5
57.5 12.5
57.5 27.5
57.5 28.5
57.5 43.5
57.5 44.5
57.5 45.5
57.5 57.5
57.5 58.5
57.5 68.5
58.5 11.5
58.5 12.5
58.5 13.5
58.5 27.5
58.5 28.5
58.5 29.5
58.5 43.5
58.5 44.5
58.5 58.5
58.5 59.5
59.5 12.5
59.5 13.5
59.5 28.5
59.5 29.5
59.5 43.5
59.5 59.5
60.5 13.5
60.5 14.5
60.5 29.5
61.5 14.5
