1.5 8.5
1.5 30.5
1.5 51.5
1.5 62.5
2.5 8.5
2.5 19.5
2.5 31.5
2.5 41.5
2.5 51.5
2.5 62.5
3.5 7.5
3.5 20.5
3.5 31.5
3.5 42.5
3.5 50.5
3.5 63.5
4.5 7.5
4.5 20.5
4.5 21.5
4.5 31.5
4.5 42.5
4.5 49.5
4.5 63.5
5.5 7.5
5.5 21.5
5.5 32.5
5.5 43.5
5.5 49.5
5.5 64.5
6.5 6.5
6.5 22.5
6.5 32.5
6.5 37.5
6.5 43.5
6.5 48.5
6.5 64.5
7.5 6.5
7.5 12.5
7.5 16.5
7.5 22.5
7.5 27.5
7.5 32.5
7.5 37.5
7.5 54.5
7.5 59.5
7.5 64.5
8.5 12.5
8.5 23.5
8.5 27.5
8.5 38.5
8.5 53.5
8.5 59.5
9.5 11.5
9.5 17.5
9.5 28.5
9.5 38.5
9.5 53.5
9.5 59.5
10.5 11.5
10.5 18.5
10.5 28.5
10.5 39.5
10.5 52.5
10.5 60.5
11.5 10.5
11.5 19.5
11.5 39.5
11.5 52.5
11.5 60.5
12.5 19.5
12.5 29.5
12.5 51.5
13.5 9.5
13.5 20.5
13.5 61.5
16.5 9.5
16.5 29.5
16.5 40.5
17.5 9.5
17.5 19.5
17.5 29.5
17.5 39.5
17.5 50.5
17.5 62.5
18.5 8.5
18.5 19.5
18.5 39.5
18.5 49.5
18.5 62.5
19.5 8.5
19.5 18.5
19.5 28.5
19.5 39.5
19.5 49.5
19.5 63.5
20.5 8.5
20.5 18.5
20.5 28.5
20.5 38.5
20.5 48.5
20.5 63.5
21.5 7.5
21.5 17.5
21.5 23.5
21.5 33.5
21.5 38.5
21.5 43.5
21.5 48.5
21.5 64.5
22.5 7.5
22.5 12.5
22.5 17.5
22.5 27.5
22.5 33.5
22.5 38.5
22.5 43.5
22.5 47.5
22.5 54.5
22.5 58.5
22.5 64.5
23.5 12.5
23.5 22.5
23.5 27.5
23.5 32.5
23.5 37.5
23.5 47.5
23.5 53.5
23.5 59.5
23.5 65.5
24.5 12.5
24.5 22.5
24.5 32.5
24.5 42.5
24.5 53.5
24.5 59.5
25.5 11.5
25.5 21.5
25.5 32.5
25.5 42.5
25.5 52.5
25.5 60.5
26.5 11.5
26.5 21.5
26.5 31.5
26.5 52.5
26.5 60.5
27.5 21.5
27.5 31.5
27.5 41.5
27.5 51.5
27.5 61.5
28.5 10.5
28.5 20.5
28.5 31.5
28.5 41.5
28.5 61.5
29.5 50.5
29.5 62.5
32.5 9.5
33.5 9.5
33.5 19.5
33.5 30.5
33.5 41.5
33.5 50.5
33.5 62.5
34.5 9.5
34.5 18.5
34.5 30.5
34.5 49.5
34.5 62.5
35.5 8.5
35.5 18.5
35.5 29.5
35.5 42.5
35.5 49.5
35.5 62.5
35.5 63.5
36.5 8.5
36.5 17.5
36.5 29.5
36.5 48.5
36.5 63.5
37.5 8.5
37.5 16.5
37.5 24.5
37.5 28.5
37.5 29.5
37.5 34.5
37.5 43.5
37.5 48.5
37.5 54.5
37.5 63.5
38.5 12.5
38.5 16.5
38.5 23.5
38.5 28.5
38.5 38.5
38.5 47.5
38.5 58.5
38.5 64.5
39.5 22.5
39.5 23.5
39.5 33.5
39.5 38.5
39.5 44.5
39.5 47.5
39.5 53.5
39.5 58.5
39.5 64.5
40.5 11.5
40.5 22.5
40.5 33.5
40.5 39.5
40.5 52.5
40.5 59.5
41.5 21.5
41.5 32.5
41.5 39.5
41.5 52.5
41.5 59.5
42.5 10.5
42.5 20.5
42.5 21.5
42.5 32.5
42.5 40.5
43.5 20.5
43.5 40.5
43.5 51.5
43.5 60.5
44.5 31.5
46.5 10.5
46.5 51.5
46.5 60.5
47.5 10.5
47.5 20.5
47.5 60.5
48.5 11.5
48.5 19.5
48.5 20.5
48.5 30.5
48.5 41.5
48.5 50.5
48.5 60.5
49.5 11.5
49.5 19.5
49.5 42.5
49.5 50.5
49.5 60.5
50.5 12.5
50.5 18.5
50.5 19.5
50.5 29.5
50.5 42.5
50.5 49.5
50.5 60.5
51.5 12.5
51.5 18.5
51.5 28.5
51.5 43.5
51.5 49.5
51.5 55.5
51.5 60.5
52.5 17.5
52.5 18.5
52.5 24.5
52.5 28.5
52.5 43.5
52.5 60.5
53.5 8.5
53.5 13.5
53.5 17.5
53.5 27.5
53.5 33.5
53.5 37.5
53.5 44.5
53.5 48.5
53.5 54.5
54.5 8.5
54.5 23.5
54.5 27.5
54.5 32.5
54.5 38.5
54.5 54.5
54.5 63.5
55.5 8.5
55.5 22.5
55.5 32.5
55.5 38.5
55.5 54.5
55.5 63.5
56.5 9.5
56.5 22.5
56.5 32.5
56.5 39.5
56.5 53.5
56.5 54.5
56.5 63.5
57.5 9.5
57.5 21.5
57.5 31.5
57.5 39.5
57.5 53.5
58.5 31.5
58.5 40.5
58.5 53.5
59.5 10.5
59.5 20.5
59.5 31.5
59.5 40.5
60.5 30.5
