2.5 22.5
2.5 29.5
2.5 41.5
2.5 52.5
3.5 12.5
3.5 43.5
4.5 13.5
4.5 28.5
4.5 53.5
4.5 63.5
6.5 18.5
6.5 33.5
6.5 49.5
6.5 58.5
7.5 8.5
7.5 19.5
7.5 39.5
7.5 59.5
8.5 9.5
8.5 20.5
8.5 32.5
8.5 40.5
8.5 50.5
8.5 59.5
9.5 9.5
9.5 32.5
12.5 42.5
13.5 21.5
13.5 31.5
13.5 42.5
13.5 59.5
14.5 10.5
14.5 22.5
14.5 32.5
14.5 43.5
14.5 58.5
15.5 11.5
15.5 33.5
15.5 43.5
15.5 57.5
16.5 27.5
16.5 53.5
16.5 63.5
17.5 17.5
17.5 28.5
17.5 38.5
17.5 51.5
17.5 62.5
18.5 18.5
18.5 62.5
22.5 39.5
22.5 50.5
23.5 9.5
23.5 28.5
23.5 38.5
23.5 49.5
23.5 60.5
24.5 8.5
24.5 18.5
24.5 27.5
24.5 37.5
24.5 48.5
25.5 7.5
25.5 17.5
25.5 43.5
25.5 59.5
26.5 22.5
26.5 32.5
26.5 42.5
26.5 58.5
27.5 12.5
27.5 31.5
27.5 41.5
28.5 11.5
28.5 52.5
28.5 62.5
29.5 61.5
32.5 40.5
33.5 21.5
33.5 32.5
33.5 39.5
33.5 50.5
34.5 9.5
34.5 22.5
34.5 33.5
34.5 49.5
34.5 62.5
35.5 8.5
35.5 48.5
36.5 17.5
36.5 27.5
37.5 29.5
37.5 53.5
37.5 58.5
38.5 12.5
38.5 18.5
38.5 52.5
38.5 59.5
39.5 60.5
43.5 19.5
43.5 29.5
44.5 9.5
44.5 18.5
44.5 59.5
45.5 8.5
45.5 58.5
47.5 13.5
47.5 22.5
47.5 33.5
47.5 39.5
47.5 52.5
47.5 63.5
48.5 11.5
48.5 32.5
48.5 40.5
48.5 62.5
52.5 22.5
52.5 41.5
53.5 12.5
53.5 23.5
53.5 30.5
53.5 42.5
53.5 49.5
53.5 61.5
54.5 13.5
54.5 24.5
54.5 29.5
54.5 60.5
55.5 14.5
55.5 59.5
56.5 8.5
56.5 19.5
56.5 38.5
56.5 54.5
56.5 65.5
57.5 9.5
57.5 20.5
57.5 39.5
57.5 40.5
57.5 53.5
57.5 64.5
58.5 10.5
58.5 21.5
58.5 52.5
58.5 64.5
59.5 63.5
