3.5 15.5
3.5 35.5
4.5 16.5
4.5 17.5
4.5 33.5
4.5 34.5
4.5 56.5
4.5 57.5
5.5 18.5
5.5 19.5
5.5 32.5
5.5 33.5
5.5 54.5
5.5 55.5
5.5 56.5
6.5 19.5
6.5 20.5
6.5 21.5
6.5 31.5
6.5 52.5
6.5 53.5
6.5 54.5
7.5 21.5
7.5 22.5
7.5 29.5
7.5 30.5
7.5 51.5
7.5 52.5
8.5 8.5
8.5 50.5
9.5 9.5
9.5 10.5
9.5 43.5
9.5 64.5
10.5 10.5
10.5 11.5
10.5 40.5
10.5 41.5
10.5 42.5
10.5 62.5
10.5 63.5
11.5 12.5
11.5 13.5
11.5 38.5
11.5 39.5
11.5 40.5
11.5 61.5
11.5 62.5
12.5 13.5
12.5 14.5
12.5 36.5
12.5 37.5
12.5 38.5
12.5 60.5
13.5 35.5
13.5 58.5
13.5 59.5
19.5 15.5
20.5 16.5
20.5 17.5
20.5 37.5
20.5 38.5
20.5 58.5
21.5 17.5
21.5 18.5
21.5 39.5
21.5 40.5
21.5 59.5
21.5 60.5
21.5 61.5
22.5 19.5
22.5 20.5
22.5 41.5
22.5 42.5
22.5 61.5
22.5 62.5
22.5 63.5
23.5 20.5
23.5 21.5
23.5 44.5
23.5 64.5
25.5 9.5
25.5 10.5
25.5 29.5
25.5 30.5
25.5 31.5
25.5 52.5
25.5 53.5
26.5 11.5
26.5 31.5
26.5 32.5
26.5 33.5
26.5 53.5
26.5 54.5
26.5 55.5
27.5 12.5
27.5 13.5
27.5 34.5
27.5 35.5
27.5 56.5
27.5 57.5
28.5 13.5
28.5 14.5
29.5 15.5
33.5 57.5
34.5 35.5
34.5 58.5
34.5 59.5
35.5 14.5
35.5 15.5
35.5 37.5
35.5 38.5
35.5 39.5
35.5 60.5
35.5 61.5
36.5 13.5
36.5 39.5
36.5 40.5
36.5 41.5
36.5 62.5
36.5 63.5
37.5 11.5
37.5 12.5
37.5 42.5
37.5 43.5
38.5 10.5
38.5 50.5
39.5 52.5
39.5 53.5
40.5 21.5
40.5 28.5
40.5 29.5
40.5 53.5
40.5 54.5
41.5 19.5
41.5 20.5
41.5 30.5
41.5 31.5
41.5 32.5
41.5 55.5
41.5 56.5
42.5 17.5
42.5 18.5
42.5 19.5
42.5 32.5
42.5 33.5
42.5 34.5
43.5 16.5
43.5 17.5
43.5 35.5
43.5 36.5
44.5 15.5
48.5 57.5
49.5 57.5
49.5 58.5
49.5 59.5
50.5 16.5
50.5 36.5
50.5 59.5
50.5 60.5
51.5 17.5
51.5 18.5
51.5 37.5
51.5 38.5
51.5 39.5
51.5 60.5
51.5 61.5
52.5 19.5
52.5 39.5
52.5 40.5
52.5 41.5
52.5 42.5
52.5 62.5
53.5 20.5
53.5 21.5
53.5 42.5
53.5 43.5
54.5 50.5
54.5 51.5
55.5 9.5
55.5 28.5
55.5 51.5
55.5 52.5
56.5 10.5
56.5 11.5
56.5 30.5
56.5 31.5
56.5 53.5
56.5 54.5
57.5 12.5
57.5 13.5
57.5 32.5
57.5 33.5
57.5 54.5
57.5 55.5
58.5 14.5
58.5 35.5
