2.5 12.5
2.5 13.5
2.5 14.5
2.5 15.5
2.5 35.5
2.5 56.5
2.5 57.5
2.5 58.5
3.5 10.5
3.5 11.5
3.5 12.5
3.5 13.5
3.5 36.5
3.5 37.5
3.5 38.5
3.5 57.5
3.5 58.5
3.5 59.5
3.5 60.5
3.5 61.5
4.5 8.5
4.5 9.5
4.5 10.5
4.5 37.5
4.5 38.5
4.5 39.5
4.5 40.5
4.5 59.5
4.5 60.5
4.5 61.5
4.5 62.5
4.5 63.5
5.5 39.5
5.5 40.5
5.5 41.5
5.5 42.5
5.5 62.5
5.5 63.5
5.5 64.5
6.5 42.5
6.5 43.5
7.5 19.5
7.5 20.5
7.5 21.5
7.5 22.5
7.5 28.5
7.5 29.5
7.5 49.5
7.5 50.5
7.5 51.5
8.5 16.5
8.5 17.5
8.5 18.5
8.5 19.5
8.5 20.5
8.5 21.5
8.5 29.5
8.5 30.5
8.5 31.5
8.5 32.5
8.5 50.5
8.5 51.5
8.5 52.5
8.5 53.5
8.5 54.5
9.5 14.5
9.5 15.5
9.5 16.5
9.5 17.5
9.5 18.5
9.5 19.5
9.5 30.5
9.5 31.5
9.5 32.5
9.5 33.5
9.5 52.5
9.5 53.5
9.5 54.5
9.5 55.5
9.5 56.5
10.5 32.5
10.5 33.5
10.5 34.5
10.5 35.5
10.5 56.5
11.5 34.5
11.5 35.5
15.5 11.5
15.5 12.5
15.5 13.5
15.5 55.5
15.5 56.5
16.5 7.5
16.5 8.5
16.5 9.5
16.5 10.5
16.5 11.5
16.5 12.5
16.5 13.5
16.5 14.5
16.5 15.5
16.5 33.5
16.5 34.5
16.5 35.5
16.5 56.5
16.5 57.5
16.5 58.5
16.5 59.5
16.5 60.5
17.5 30.5
17.5 31.5
17.5 32.5
17.5 58.5
17.5 59.5
17.5 60.5
17.5 61.5
17.5 62.5
18.5 28.5
18.5 29.5
19.5 21.5
19.5 22.5
20.5 16.5
20.5 17.5
20.5 18.5
20.5 19.5
20.5 20.5
20.5 38.5
20.5 39.5
20.5 40.5
20.5 41.5
20.5 42.5
20.5 48.5
20.5 49.5
20.5 50.5
20.5 51.5
21.5 15.5
21.5 35.5
21.5 36.5
21.5 37.5
21.5 38.5
21.5 39.5
21.5 40.5
21.5 49.5
21.5 50.5
21.5 51.5
21.5 52.5
21.5 53.5
21.5 54.5
22.5 34.5
22.5 35.5
22.5 36.5
22.5 37.5
22.5 51.5
22.5 52.5
22.5 53.5
22.5 54.5
22.5 55.5
25.5 15.5
26.5 13.5
26.5 14.5
26.5 15.5
27.5 11.5
27.5 12.5
27.5 13.5
27.5 14.5
27.5 55.5
27.5 56.5
28.5 9.5
28.5 10.5
28.5 11.5
28.5 12.5
28.5 29.5
28.5 30.5
28.5 31.5
28.5 32.5
28.5 33.5
28.5 34.5
28.5 35.5
28.5 52.5
28.5 53.5
28.5 54.5
29.5 8.5
29.5 9.5
29.5 10.5
29.5 28.5
29.5 29.5
29.5 30.5
29.5 31.5
29.5 32.5
29.5 50.5
29.5 51.5
29.5 52.5
30.5 21.5
30.5 22.5
30.5 48.5
30.5 49.5
31.5 18.5
31.5 19.5
31.5 20.5
31.5 21.5
31.5 61.5
31.5 62.5
31.5 63.5
32.5 16.5
32.5 17.5
32.5 18.5
32.5 19.5
32.5 38.5
32.5 39.5
32.5 40.5
32.5 41.5
32.5 42.5
32.5 58.5
32.5 59.5
32.5 60.5
32.5 61.5
32.5 62.5
33.5 15.5
33.5 16.5
33.5 17.5
33.5 36.5
33.5 37.5
33.5 38.5
33.5 56.5
33.5 57.5
33.5 58.5
33.5 59.5
33.5 60.5
34.5 56.5
38.5 36.5
38.5 37.5
39.5 15.5
39.5 16.5
39.5 17.5
39.5 18.5
39.5 36.5
39.5 37.5
39.5 38.5
39.5 39.5
39.5 40.5
39.5 56.5
40.5 16.5
40.5 17.5
40.5 18.5
40.5 19.5
40.5 20.5
40.5 38.5
40.5 39.5
40.5 40.5
40.5 41.5
40.5 57.5
40.5 58.5
40.5 59.5
41.5 18.5
41.5 19.5
41.5 20.5
41.5 21.5
41.5 22.5
41.5 40.5
41.5 41.5
41.5 42.5
41.5 58.5
41.5 59.5
41.5 60.5
42.5 21.5
42.5 22.5
42.5 23.5
42.5 60.5
42.5 61.5
42.5 62.5
43.5 8.5
43.5 9.5
43.5 29.5
43.5 30.5
43.5 31.5
43.5 49.5
43.5 50.5
43.5 51.5
44.5 9.5
44.5 10.5
44.5 11.5
44.5 12.5
44.5 30.5
44.5 31.5
44.5 32.5
44.5 33.5
44.5 50.5
44.5 51.5
44.5 52.5
44.5 53.5
45.5 11.5
45.5 12.5
45.5 13.5
45.5 14.5
45.5 32.5
45.5 33.5
45.5 34.5
45.5 35.5
45.5 52.5
45.5 53.5
45.5 54.5
46.5 14.5
46.5 15.5
46.5 16.5
46.5 34.5
46.5 35.5
46.5 36.5
46.5 54.5
46.5 55.5
51.5 15.5
51.5 16.5
51.5 55.5
52.5 16.5
52.5 17.5
52.5 18.5
52.5 19.5
52.5 32.5
52.5 33.5
52.5 34.5
52.5 35.5
52.5 51.5
52.5 52.5
52.5 53.5
52.5 54.5
52.5 55.5
53.5 18.5
53.5 19.5
53.5 20.5
53.5 21.5
53.5 30.5
53.5 31.5
53.5 32.5
53.5 33.5
53.5 49.5
53.5 50.5
53.5 51.5
53.5 52.5
54.5 20.5
54.5 21.5
54.5 22.5
54.5 29.5
54.5 30.5
54.5 31.5
55.5 8.5
55.5 9.5
55.5 40.5
55.5 41.5
55.5 42.5
56.5 9.5
56.5 10.5
56.5 11.5
56.5 12.5
56.5 38.5
56.5 39.5
56.5 40.5
56.5 41.5
56.5 58.5
56.5 59.5
56.5 60.5
56.5 61.5
56.5 62.5
56.5 63.5
57.5 11.5
57.5 12.5
57.5 13.5
57.5 14.5
57.5 36.5
57.5 37.5
57.5 38.5
57.5 56.5
57.5 57.5
57.5 58.5
57.5 59.5
57.5 60.5
58.5 13.5
58.5 14.5
58.5 15.5
