4.5 12.5
5.5 12.5
5.5 25.5
5.5 37.5
5.5 46.5
5.5 60.5
6.5 13.5
6.5 25.5
6.5 26.5
6.5 37.5
6.5 45.5
6.5 61.5
7.5 13.5
7.5 26.5
7.5 37.5
7.5 45.5
7.5 61.5
8.5 14.5
8.5 26.5
8.5 38.5
8.5 45.5
8.5 61.5
9.5 14.5
9.5 27.5
9.5 38.5
9.5 44.5
9.5 61.5
10.5 27.5
10.5 44.5
11.5 8.5
11.5 33.5
11.5 50.5
12.5 8.5
12.5 21.5
12.5 33.5
12.5 50.5
12.5 56.5
13.5 8.5
13.5 9.5
13.5 21.5
13.5 33.5
13.5 49.5
13.5 56.5
14.5 9.5
14.5 22.5
14.5 34.5
14.5 49.5
14.5 57.5
15.5 9.5
15.5 22.5
15.5 34.5
15.5 48.5
15.5 57.5
16.5 10.5
16.5 48.5
17.5 10.5
23.5 48.5
24.5 10.5
24.5 22.5
24.5 34.5
25.5 10.5
25.5 22.5
25.5 34.5
25.5 49.5
25.5 57.5
26.5 10.5
26.5 22.5
26.5 34.5
26.5 49.5
26.5 57.5
27.5 9.5
27.5 21.5
27.5 22.5
27.5 33.5
27.5 49.5
27.5 50.5
27.5 57.5
28.5 9.5
28.5 21.5
28.5 33.5
28.5 50.5
28.5 57.5
29.5 21.5
29.5 50.5
30.5 8.5
30.5 15.5
30.5 27.5
30.5 32.5
31.5 38.5
31.5 62.5
32.5 14.5
32.5 26.5
32.5 44.5
32.5 62.5
33.5 14.5
33.5 26.5
33.5 37.5
33.5 44.5
33.5 62.5
34.5 14.5
34.5 26.5
34.5 37.5
34.5 45.5
34.5 62.5
35.5 13.5
35.5 25.5
35.5 37.5
35.5 45.5
35.5 61.5
35.5 62.5
36.5 13.5
36.5 25.5
36.5 36.5
36.5 45.5
36.5 46.5
36.5 61.5
37.5 36.5
37.5 46.5
37.5 61.5
38.5 46.5
38.5 61.5
44.5 13.5
45.5 13.5
45.5 60.5
46.5 14.5
46.5 22.5
46.5 34.5
46.5 48.5
46.5 60.5
47.5 14.5
47.5 22.5
47.5 33.5
47.5 49.5
47.5 59.5
48.5 14.5
48.5 21.5
48.5 33.5
48.5 50.5
48.5 59.5
49.5 14.5
49.5 21.5
49.5 33.5
49.5 50.5
49.5 58.5
50.5 15.5
50.5 21.5
50.5 51.5
50.5 58.5
51.5 15.5
51.5 32.5
52.5 9.5
52.5 26.5
52.5 32.5
52.5 44.5
52.5 64.5
53.5 9.5
53.5 26.5
53.5 38.5
53.5 45.5
53.5 64.5
54.5 9.5
54.5 26.5
54.5 38.5
54.5 45.5
54.5 63.5
55.5 9.5
55.5 10.5
55.5 25.5
55.5 37.5
55.5 46.5
55.5 63.5
56.5 10.5
56.5 25.5
56.5 37.5
56.5 46.5
56.5 62.5
56.5 63.5
57.5 10.5
57.5 37.5
57.5 47.5
57.5 62.5
58.5 10.5
58.5 24.5
58.5 36.5
