3.5 27.5
3.5 42.5
4.5 13.5
4.5 14.5
4.5 26.5
4.5 27.5
4.5 42.5
4.5 56.5
5.5 14.5
5.5 26.5
5.5 27.5
5.5 41.5
5.5 42.5
5.5 56.5
6.5 14.5
6.5 15.5
6.5 25.5
6.5 26.5
6.5 41.5
6.5 42.5
6.5 55.5
6.5 56.5
7.5 15.5
7.5 16.5
7.5 24.5
7.5 25.5
7.5 26.5
7.5 40.5
7.5 41.5
7.5 42.5
7.5 55.5
7.5 56.5
8.5 15.5
8.5 16.5
8.5 24.5
8.5 25.5
8.5 40.5
8.5 41.5
8.5 54.5
8.5 55.5
9.5 16.5
9.5 17.5
9.5 24.5
9.5 40.5
9.5 41.5
9.5 54.5
9.5 55.5
10.5 17.5
10.5 23.5
10.5 24.5
10.5 33.5
10.5 40.5
10.5 54.5
11.5 8.5
11.5 9.5
11.5 32.5
11.5 33.5
11.5 47.5
11.5 54.5
11.5 62.5
11.5 63.5
12.5 8.5
12.5 9.5
12.5 10.5
12.5 31.5
12.5 32.5
12.5 33.5
12.5 47.5
12.5 61.5
12.5 62.5
13.5 9.5
13.5 10.5
13.5 31.5
13.5 32.5
13.5 46.5
13.5 47.5
13.5 61.5
13.5 62.5
14.5 9.5
14.5 10.5
14.5 11.5
14.5 30.5
14.5 31.5
14.5 32.5
14.5 46.5
14.5 47.5
14.5 60.5
14.5 61.5
14.5 62.5
15.5 10.5
15.5 11.5
15.5 30.5
15.5 31.5
15.5 46.5
15.5 60.5
15.5 61.5
16.5 11.5
16.5 12.5
16.5 30.5
16.5 31.5
16.5 45.5
16.5 46.5
16.5 59.5
16.5 60.5
16.5 61.5
17.5 12.5
17.5 30.5
17.5 45.5
17.5 46.5
17.5 59.5
17.5 60.5
18.5 45.5
18.5 59.5
24.5 13.5
24.5 14.5
24.5 30.5
25.5 13.5
25.5 14.5
25.5 15.5
25.5 30.5
25.5 31.5
25.5 44.5
25.5 45.5
25.5 60.5
26.5 14.5
26.5 15.5
26.5 30.5
26.5 31.5
26.5 45.5
26.5 60.5
26.5 61.5
27.5 14.5
27.5 15.5
27.5 16.5
27.5 30.5
27.5 31.5
27.5 32.5
27.5 45.5
27.5 46.5
27.5 60.5
27.5 61.5
27.5 62.5
28.5 15.5
28.5 16.5
28.5 31.5
28.5 32.5
28.5 46.5
28.5 61.5
28.5 62.5
28.5 63.5
29.5 16.5
29.5 17.5
29.5 32.5
29.5 33.5
29.5 46.5
29.5 47.5
29.5 61.5
29.5 62.5
29.5 63.5
30.5 16.5
30.5 17.5
30.5 32.5
30.5 33.5
30.5 47.5
30.5 62.5
30.5 63.5
31.5 8.5
31.5 24.5
31.5 33.5
31.5 40.5
31.5 47.5
31.5 63.5
32.5 8.5
32.5 9.5
32.5 24.5
32.5 25.5
32.5 40.5
32.5 41.5
32.5 53.5
32.5 54.5
33.5 9.5
33.5 10.5
33.5 25.5
33.5 26.5
33.5 40.5
33.5 41.5
33.5 54.5
33.5 55.5
34.5 9.5
34.5 10.5
34.5 11.5
34.5 25.5
34.5 26.5
34.5 40.5
34.5 41.5
34.5 42.5
34.5 54.5
34.5 55.5
34.5 56.5
35.5 10.5
35.5 11.5
35.5 25.5
35.5 26.5
35.5 27.5
35.5 41.5
35.5 42.5
35.5 55.5
35.5 56.5
35.5 57.5
36.5 10.5
36.5 11.5
36.5 12.5
36.5 26.5
36.5 27.5
36.5 41.5
36.5 42.5
36.5 56.5
36.5 57.5
37.5 11.5
37.5 12.5
37.5 27.5
37.5 42.5
37.5 57.5
37.5 58.5
38.5 12.5
38.5 28.5
38.5 42.5
44.5 44.5
44.5 57.5
44.5 58.5
45.5 14.5
45.5 27.5
45.5 28.5
45.5 44.5
45.5 45.5
45.5 56.5
45.5 57.5
45.5 58.5
46.5 14.5
46.5 15.5
46.5 26.5
46.5 27.5
46.5 45.5
46.5 46.5
46.5 56.5
46.5 57.5
47.5 15.5
47.5 16.5
47.5 26.5
47.5 27.5
47.5 45.5
47.5 46.5
47.5 55.5
47.5 56.5
47.5 57.5
48.5 15.5
48.5 16.5
48.5 17.5
48.5 25.5
48.5 26.5
48.5 27.5
48.5 46.5
48.5 47.5
48.5 55.5
48.5 56.5
49.5 16.5
49.5 17.5
49.5 25.5
49.5 26.5
49.5 47.5
49.5 54.5
49.5 55.5
50.5 17.5
50.5 18.5
50.5 24.5
50.5 25.5
50.5 48.5
50.5 54.5
51.5 8.5
51.5 18.5
51.5 24.5
51.5 39.5
51.5 63.5
51.5 64.5
52.5 8.5
52.5 9.5
52.5 32.5
52.5 33.5
52.5 39.5
52.5 40.5
52.5 62.5
52.5 63.5
52.5 64.5
53.5 9.5
53.5 10.5
53.5 32.5
53.5 33.5
53.5 40.5
53.5 41.5
53.5 62.5
53.5 63.5
54.5 9.5
54.5 10.5
54.5 11.5
54.5 31.5
54.5 32.5
54.5 40.5
54.5 41.5
54.5 42.5
54.5 61.5
54.5 62.5
54.5 63.5
55.5 10.5
55.5 11.5
55.5 30.5
55.5 31.5
55.5 32.5
55.5 41.5
55.5 42.5
55.5 61.5
55.5 62.5
56.5 10.5
56.5 11.5
56.5 12.5
56.5 30.5
56.5 31.5
56.5 41.5
56.5 42.5
56.5 43.5
56.5 60.5
56.5 61.5
57.5 11.5
57.5 12.5
57.5 30.5
57.5 31.5
57.5 42.5
57.5 43.5
57.5 60.5
58.5 12.5
58.5 30.5
58.5 43.5
