1.5 10.5
1.5 21.5
1.5 30.5
1.5 40.5
1.5 49.5
2.5 11.5
2.5 21.5
2.5 30.5
2.5 49.5
2.5 60.5
3.5 11.5
3.5 21.5
3.5 30.5
3.5 41.5
3.5 48.5
3.5 49.5
3.5 60.5
4.5 11.5
4.5 17.5
4.5 22.5
4.5 29.5
4.5 41.5
4.5 48.5
4.5 61.5
5.5 5.5
5.5 11.5
5.5 12.5
5.5 17.5
5.5 22.5
5.5 29.5
5.5 35.5
5.5 41.5
5.5 48.5
5.5 54.5
5.5 61.5
6.5 5.5
6.5 12.5
6.5 17.5
6.5 22.5
6.5 29.5
6.5 41.5
6.5 48.5
6.5 54.5
6.5 56.5
6.5 61.5
6.5 62.5
7.5 6.5
7.5 12.5
7.5 22.5
7.5 28.5
7.5 29.5
7.5 34.5
7.5 37.5
7.5 41.5
7.5 47.5
7.5 48.5
7.5 53.5
7.5 56.5
7.5 62.5
7.5 68.5
8.5 6.5
8.5 12.5
8.5 18.5
8.5 23.5
8.5 28.5
8.5 34.5
8.5 37.5
8.5 42.5
8.5 47.5
8.5 53.5
8.5 57.5
8.5 62.5
9.5 6.5
9.5 12.5
9.5 13.5
9.5 18.5
9.5 23.5
9.5 28.5
9.5 34.5
9.5 37.5
9.5 42.5
9.5 47.5
9.5 53.5
9.5 57.5
9.5 63.5
10.5 6.5
10.5 7.5
10.5 13.5
10.5 18.5
10.5 23.5
10.5 28.5
10.5 33.5
10.5 42.5
10.5 47.5
10.5 53.5
10.5 57.5
10.5 63.5
11.5 7.5
11.5 13.5
11.5 18.5
11.5 23.5
11.5 27.5
11.5 33.5
11.5 38.5
11.5 42.5
11.5 46.5
11.5 47.5
11.5 52.5
11.5 58.5
11.5 63.5
12.5 7.5
12.5 13.5
12.5 18.5
12.5 24.5
12.5 27.5
12.5 33.5
12.5 38.5
12.5 42.5
12.5 46.5
12.5 52.5
12.5 58.5
12.5 64.5
13.5 7.5
13.5 8.5
13.5 13.5
13.5 19.5
13.5 24.5
13.5 27.5
13.5 32.5
13.5 38.5
13.5 46.5
13.5 52.5
13.5 58.5
13.5 64.5
14.5 8.5
14.5 14.5
14.5 19.5
14.5 24.5
14.5 32.5
14.5 39.5
14.5 43.5
14.5 46.5
14.5 51.5
14.5 52.5
14.5 59.5
15.5 8.5
15.5 14.5
15.5 19.5
15.5 26.5
15.5 31.5
15.5 32.5
15.5 39.5
15.5 43.5
15.5 51.5
15.5 59.5
15.5 65.5
16.5 8.5
16.5 14.5
16.5 19.5
16.5 31.5
16.5 39.5
16.5 43.5
16.5 51.5
16.5 59.5
17.5 9.5
17.5 19.5
17.5 31.5
17.5 39.5
17.5 45.5
17.5 51.5
17.5 60.5
18.5 9.5
18.5 20.5
18.5 31.5
18.5 40.5
18.5 50.5
18.5 60.5
18.5 68.5
19.5 8.5
19.5 9.5
19.5 20.5
19.5 21.5
19.5 30.5
19.5 40.5
19.5 50.5
19.5 60.5
20.5 8.5
20.5 9.5
20.5 20.5
20.5 21.5
20.5 30.5
20.5 40.5
20.5 50.5
20.5 61.5
21.5 9.5
21.5 10.5
21.5 20.5
21.5 30.5
21.5 40.5
21.5 50.5
21.5 61.5
22.5 9.5
22.5 10.5
22.5 20.5
22.5 31.5
22.5 40.5
22.5 49.5
22.5 50.5
22.5 61.5
23.5 9.5
23.5 19.5
23.5 31.5
23.5 39.5
23.5 41.5
23.5 49.5
23.5 50.5
23.5 61.5
23.5 62.5
24.5 10.5
24.5 19.5
24.5 24.5
24.5 31.5
24.5 39.5
24.5 49.5
24.5 50.5
24.5 61.5
25.5 10.5
25.5 19.5
25.5 24.5
25.5 32.5
25.5 39.5
25.5 44.5
25.5 49.5
25.5 60.5
25.5 61.5
26.5 5.5
26.5 10.5
26.5 11.5
26.5 18.5
26.5 24.5
26.5 27.5
26.5 32.5
26.5 39.5
26.5 44.5
26.5 49.5
26.5 55.5
26.5 60.5
27.5 5.5
27.5 11.5
27.5 18.5
27.5 23.5
27.5 27.5
27.5 32.5
27.5 38.5
27.5 49.5
27.5 55.5
27.5 60.5
27.5 65.5
28.5 11.5
28.5 17.5
28.5 23.5
28.5 27.5
28.5 32.5
28.5 33.5
28.5 38.5
28.5 43.5
28.5 49.5
28.5 55.5
28.5 60.5
28.5 65.5
29.5 6.5
29.5 11.5
29.5 12.5
29.5 17.5
29.5 23.5
29.5 28.5
29.5 33.5
29.5 38.5
29.5 43.5
29.5 48.5
29.5 49.5
29.5 54.5
29.5 55.5
29.5 60.5
29.5 65.5
30.5 6.5
30.5 12.5
30.5 17.5
30.5 22.5
30.5 23.5
30.5 28.5
30.5 33.5
30.5 38.5
30.5 43.5
30.5 48.5
30.5 54.5
30.5 60.5
30.5 65.5
31.5 6.5
31.5 12.5
31.5 16.5
31.5 22.5
31.5 23.5
31.5 28.5
31.5 33.5
31.5 37.5
31.5 43.5
31.5 48.5
31.5 54.5
31.5 60.5
31.5 65.5
32.5 7.5
32.5 13.5
32.5 16.5
32.5 22.5
32.5 28.5
32.5 34.5
32.5 37.5
32.5 42.5
32.5 48.5
32.5 54.5
32.5 60.5
32.5 65.5
33.5 7.5
33.5 13.5
33.5 15.5
33.5 22.5
33.5 29.5
33.5 34.5
33.5 37.5
33.5 42.5
33.5 47.5
33.5 54.5
33.5 59.5
33.5 64.5
34.5 7.5
34.5 13.5
34.5 15.5
34.5 21.5
34.5 22.5
34.5 29.5
34.5 37.5
34.5 42.5
34.5 47.5
34.5 53.5
34.5 54.5
34.5 59.5
34.5 64.5
35.5 8.5
35.5 21.5
35.5 22.5
35.5 29.5
35.5 42.5
35.5 47.5
35.5 53.5
35.5 54.5
35.5 59.5
35.5 64.5
36.5 8.5
36.5 21.5
36.5 29.5
36.5 35.5
36.5 41.5
36.5 42.5
36.5 53.5
36.5 54.5
36.5 59.5
36.5 64.5
37.5 8.5
37.5 21.5
37.5 30.5
37.5 41.5
37.5 53.5
37.5 64.5
37.5 68.5
38.5 8.5
38.5 9.5
38.5 20.5
38.5 21.5
38.5 30.5
38.5 41.5
38.5 42.5
38.5 53.5
38.5 54.5
38.5 64.5
39.5 9.5
39.5 20.5
39.5 30.5
39.5 41.5
39.5 53.5
39.5 63.5
40.5 9.5
40.5 20.5
40.5 30.5
40.5 41.5
40.5 53.5
40.5 63.5
41.5 9.5
41.5 20.5
41.5 31.5
41.5 40.5
41.5 41.5
41.5 53.5
41.5 63.5
42.5 9.5
42.5 10.5
42.5 20.5
42.5 31.5
42.5 40.5
42.5 41.5
42.5 52.5
42.5 53.5
42.5 63.5
43.5 10.5
43.5 19.5
43.5 31.5
43.5 40.5
43.5 52.5
43.5 63.5
44.5 10.5
44.5 19.5
44.5 31.5
44.5 40.5
44.5 52.5
44.5 63.5
45.5 10.5
45.5 19.5
45.5 32.5
45.5 40.5
45.5 51.5
45.5 52.5
45.5 64.5
46.5 11.5
46.5 18.5
46.5 19.5
46.5 32.5
46.5 39.5
46.5 40.5
46.5 45.5
46.5 51.5
46.5 64.5
46.5 68.5
47.5 6.5
47.5 11.5
47.5 18.5
47.5 25.5
47.5 27.5
47.5 32.5
47.5 39.5
47.5 45.5
47.5 51.5
47.5 57.5
47.5 64.5
48.5 11.5
48.5 18.5
48.5 27.5
48.5 33.5
48.5 39.5
48.5 45.5
48.5 50.5
48.5 51.5
48.5 57.5
48.5 64.5
49.5 7.5
49.5 12.5
49.5 18.5
49.5 24.5
49.5 27.5
49.5 33.5
49.5 39.5
49.5 44.5
49.5 50.5
49.5 56.5
49.5 64.5
50.5 7.5
50.5 12.5
50.5 17.5
50.5 18.5
50.5 24.5
50.5 28.5
50.5 33.5
50.5 38.5
50.5 44.5
50.5 50.5
50.5 56.5
50.5 60.5
50.5 64.5
51.5 12.5
51.5 17.5
51.5 23.5
51.5 28.5
51.5 33.5
51.5 38.5
51.5 44.5
51.5 49.5
51.5 50.5
51.5 60.5
51.5 64.5
52.5 8.5
52.5 17.5
52.5 23.5
52.5 28.5
52.5 34.5
52.5 38.5
52.5 44.5
52.5 49.5
52.5 55.5
52.5 60.5
52.5 64.5
53.5 8.5
53.5 13.5
53.5 17.5
53.5 23.5
53.5 28.5
53.5 29.5
53.5 34.5
53.5 43.5
53.5 49.5
53.5 55.5
53.5 60.5
53.5 64.5
54.5 9.5
54.5 13.5
54.5 16.5
54.5 22.5
54.5 29.5
54.5 34.5
54.5 37.5
54.5 43.5
54.5 49.5
54.5 54.5
54.5 60.5
55.5 9.5
55.5 16.5
55.5 22.5
55.5 29.5
55.5 37.5
55.5 43.5
55.5 48.5
55.5 54.5
55.5 60.5
56.5 9.5
56.5 16.5
56.5 21.5
56.5 22.5
56.5 29.5
56.5 30.5
56.5 35.5
56.5 42.5
56.5 43.5
56.5 48.5
56.5 53.5
56.5 60.5
56.5 68.5
57.5 10.5
57.5 21.5
57.5 30.5
57.5 42.5
57.5 53.5
57.5 60.5
58.5 10.5
58.5 21.5
58.5 30.5
58.5 42.5
58.5 53.5
58.5 60.5
59.5 20.5
59.5 30.5
59.5 42.5
59.5 52.5
59.5 60.5
60.5 11.5
60.5 20.5
60.5 31.5
60.5 41.5
60.5 52.5
60.5 60.5
61.5 11.5
61.5 31.5
61.5 41.5
61.5 51.5
