1.5 12.5
1.5 28.5
1.5 29.5
1.5 45.5
2.5 13.5
2.5 14.5
2.5 29.5
2.5 30.5
2.5 43.5
2.5 44.5
2.5 58.5
3.5 14.5
3.5 15.5
3.5 31.5
3.5 32.5
3.5 41.5
3.5 42.5
3.5 56.5
3.5 57.5
4.5 15.5
4.5 16.5
4.5 32.5
4.5 33.5
4.5 40.5
4.5 41.5
4.5 55.5
5.5 7.5
5.5 17.5
5.5 18.5
5.5 22.5
5.5 34.5
5.5 38.5
5.5 39.5
5.5 53.5
5.5 65.5
6.5 8.5
6.5 18.5
6.5 19.5
6.5 23.5
6.5 24.5
6.5 48.5
6.5 49.5
6.5 62.5
6.5 63.5
6.5 64.5
7.5 9.5
7.5 10.5
7.5 24.5
7.5 25.5
7.5 46.5
7.5 47.5
7.5 60.5
7.5 61.5
7.5 62.5
8.5 11.5
8.5 12.5
8.5 26.5
8.5 27.5
8.5 45.5
8.5 58.5
8.5 59.5
9.5 13.5
9.5 27.5
9.5 28.5
9.5 43.5
10.5 29.5
13.5 10.5
13.5 11.5
13.5 12.5
13.5 13.5
13.5 43.5
13.5 44.5
13.5 60.5
13.5 61.5
14.5 6.5
14.5 7.5
14.5 8.5
14.5 9.5
14.5 28.5
14.5 41.5
14.5 62.5
14.5 63.5
14.5 64.5
15.5 25.5
15.5 26.5
15.5 39.5
15.5 66.5
16.5 23.5
16.5 24.5
16.5 34.5
16.5 35.5
16.5 49.5
16.5 50.5
16.5 53.5
16.5 54.5
17.5 16.5
17.5 17.5
17.5 18.5
17.5 19.5
17.5 32.5
17.5 33.5
17.5 46.5
17.5 47.5
17.5 48.5
17.5 56.5
17.5 57.5
18.5 11.5
18.5 12.5
18.5 13.5
18.5 14.5
18.5 30.5
18.5 44.5
18.5 45.5
18.5 58.5
18.5 59.5
19.5 28.5
23.5 10.5
23.5 11.5
23.5 12.5
23.5 13.5
23.5 14.5
23.5 29.5
23.5 30.5
23.5 43.5
23.5 44.5
23.5 59.5
23.5 60.5
23.5 61.5
24.5 6.5
24.5 7.5
24.5 8.5
24.5 9.5
24.5 31.5
24.5 32.5
24.5 41.5
24.5 42.5
24.5 62.5
24.5 63.5
24.5 64.5
24.5 68.5
25.5 33.5
25.5 34.5
25.5 39.5
25.5 40.5
26.5 18.5
26.5 19.5
26.5 38.5
26.5 54.5
26.5 55.5
27.5 16.5
27.5 17.5
27.5 23.5
27.5 24.5
27.5 48.5
27.5 49.5
27.5 50.5
27.5 56.5
27.5 57.5
28.5 14.5
28.5 15.5
28.5 25.5
28.5 26.5
28.5 27.5
28.5 46.5
28.5 47.5
28.5 58.5
28.5 59.5
29.5 13.5
29.5 28.5
29.5 29.5
29.5 43.5
29.5 44.5
32.5 14.5
32.5 59.5
32.5 60.5
33.5 12.5
33.5 13.5
33.5 27.5
33.5 61.5
33.5 62.5
34.5 9.5
34.5 10.5
34.5 29.5
34.5 30.5
34.5 31.5
34.5 44.5
34.5 45.5
34.5 46.5
34.5 63.5
34.5 64.5
35.5 8.5
35.5 33.5
35.5 34.5
35.5 47.5
35.5 48.5
35.5 49.5
36.5 22.5
36.5 37.5
36.5 38.5
37.5 16.5
37.5 17.5
37.5 18.5
37.5 24.5
37.5 25.5
37.5 39.5
37.5 40.5
37.5 53.5
37.5 54.5
37.5 55.5
37.5 56.5
37.5 57.5
37.5 58.5
37.5 59.5
38.5 13.5
38.5 14.5
38.5 15.5
38.5 26.5
38.5 27.5
38.5 41.5
38.5 42.5
39.5 29.5
39.5 43.5
42.5 13.5
42.5 27.5
42.5 58.5
42.5 59.5
43.5 14.5
43.5 15.5
43.5 28.5
43.5 29.5
43.5 30.5
43.5 41.5
43.5 42.5
43.5 56.5
43.5 57.5
44.5 16.5
44.5 30.5
44.5 31.5
44.5 32.5
44.5 38.5
44.5 39.5
44.5 40.5
44.5 54.5
44.5 55.5
45.5 8.5
45.5 18.5
45.5 33.5
45.5 36.5
45.5 37.5
45.5 52.5
45.5 65.5
46.5 9.5
46.5 10.5
46.5 20.5
46.5 22.5
46.5 48.5
46.5 49.5
46.5 62.5
46.5 63.5
46.5 64.5
47.5 10.5
47.5 11.5
47.5 24.5
47.5 25.5
47.5 45.5
47.5 46.5
47.5 60.5
47.5 61.5
47.5 62.5
48.5 12.5
48.5 13.5
48.5 26.5
48.5 27.5
48.5 28.5
48.5 42.5
48.5 43.5
48.5 59.5
48.5 60.5
49.5 14.5
52.5 43.5
52.5 44.5
53.5 13.5
53.5 28.5
53.5 29.5
53.5 41.5
53.5 42.5
53.5 59.5
53.5 60.5
54.5 14.5
54.5 15.5
54.5 30.5
54.5 31.5
54.5 39.5
54.5 40.5
54.5 56.5
54.5 57.5
54.5 58.5
55.5 16.5
55.5 32.5
55.5 33.5
55.5 37.5
55.5 38.5
55.5 54.5
55.5 55.5
55.5 56.5
56.5 17.5
56.5 18.5
56.5 21.5
56.5 48.5
56.5 49.5
56.5 52.5
56.5 53.5
57.5 7.5
57.5 8.5
57.5 19.5
57.5 23.5
57.5 24.5
57.5 46.5
57.5 47.5
57.5 65.5
58.5 9.5
58.5 10.5
58.5 25.5
58.5 26.5
58.5 44.5
58.5 45.5
58.5 62.5
58.5 63.5
59.5 11.5
59.5 12.5
59.5 27.5
59.5 28.5
59.5 43.5
59.5 60.5
59.5 61.5
60.5 13.5
60.5 58.5
