1.5 12.5
1.5 27.5
1.5 44.5
1.5 58.5
2.5 12.5
2.5 13.5
2.5 26.5
2.5 27.5
2.5 43.5
2.5 44.5
2.5 59.5
3.5 13.5
3.5 25.5
3.5 26.5
3.5 42.5
3.5 43.5
3.5 59.5
3.5 60.5
4.5 14.5
4.5 25.5
4.5 41.5
4.5 42.5
4.5 60.5
4.5 61.5
5.5 14.5
5.5 15.5
5.5 24.5
5.5 25.5
5.5 40.5
5.5 41.5
5.5 61.5
6.5 15.5
6.5 16.5
6.5 23.5
6.5 24.5
6.5 33.5
6.5 39.5
6.5 40.5
6.5 61.5
6.5 62.5
7.5 6.5
7.5 16.5
7.5 23.5
7.5 32.5
7.5 38.5
7.5 39.5
7.5 49.5
7.5 52.5
7.5 62.5
7.5 63.5
8.5 6.5
8.5 7.5
8.5 17.5
8.5 22.5
8.5 31.5
8.5 32.5
8.5 37.5
8.5 38.5
8.5 48.5
8.5 53.5
8.5 63.5
9.5 7.5
9.5 8.5
9.5 18.5
9.5 22.5
9.5 30.5
9.5 31.5
9.5 36.5
9.5 37.5
9.5 47.5
9.5 54.5
9.5 55.5
9.5 64.5
10.5 8.5
10.5 9.5
10.5 21.5
10.5 30.5
10.5 46.5
10.5 55.5
10.5 56.5
11.5 9.5
11.5 10.5
11.5 29.5
11.5 30.5
11.5 45.5
11.5 56.5
11.5 57.5
12.5 10.5
12.5 11.5
12.5 29.5
12.5 44.5
12.5 57.5
12.5 58.5
13.5 11.5
13.5 12.5
13.5 28.5
13.5 43.5
13.5 59.5
14.5 13.5
14.5 27.5
14.5 42.5
14.5 60.5
15.5 14.5
15.5 27.5
17.5 14.5
17.5 42.5
17.5 57.5
18.5 13.5
18.5 27.5
18.5 43.5
18.5 58.5
19.5 12.5
19.5 28.5
19.5 43.5
19.5 44.5
19.5 59.5
19.5 60.5
20.5 11.5
20.5 12.5
20.5 29.5
20.5 30.5
20.5 44.5
20.5 45.5
20.5 61.5
20.5 62.5
21.5 10.5
21.5 11.5
21.5 30.5
21.5 31.5
21.5 45.5
21.5 62.5
21.5 63.5
22.5 9.5
22.5 10.5
22.5 31.5
22.5 32.5
22.5 37.5
22.5 46.5
22.5 51.5
22.5 52.5
22.5 64.5
23.5 8.5
23.5 9.5
23.5 18.5
23.5 22.5
23.5 32.5
23.5 33.5
23.5 38.5
23.5 46.5
23.5 47.5
23.5 52.5
23.5 53.5
23.5 66.5
24.5 7.5
24.5 8.5
24.5 18.5
24.5 22.5
24.5 23.5
24.5 34.5
24.5 38.5
24.5 39.5
24.5 47.5
24.5 48.5
24.5 53.5
24.5 54.5
24.5 55.5
25.5 6.5
25.5 17.5
25.5 23.5
25.5 24.5
25.5 35.5
25.5 39.5
25.5 40.5
25.5 48.5
25.5 55.5
25.5 56.5
25.5 68.5
26.5 16.5
26.5 25.5
26.5 40.5
26.5 56.5
26.5 57.5
27.5 15.5
27.5 16.5
27.5 26.5
27.5 27.5
27.5 41.5
27.5 57.5
27.5 58.5
27.5 59.5
28.5 14.5
28.5 15.5
28.5 27.5
28.5 28.5
28.5 42.5
28.5 59.5
28.5 60.5
29.5 14.5
29.5 28.5
29.5 29.5
29.5 43.5
30.5 13.5
30.5 29.5
30.5 44.5
32.5 44.5
32.5 56.5
32.5 57.5
33.5 12.5
33.5 26.5
33.5 43.5
33.5 58.5
33.5 59.5
34.5 13.5
34.5 27.5
34.5 28.5
34.5 42.5
34.5 59.5
34.5 60.5
35.5 14.5
35.5 29.5
35.5 30.5
35.5 41.5
35.5 60.5
35.5 61.5
35.5 62.5
36.5 15.5
36.5 30.5
36.5 31.5
36.5 40.5
36.5 62.5
36.5 63.5
37.5 16.5
37.5 32.5
37.5 33.5
37.5 39.5
37.5 64.5
37.5 65.5
38.5 7.5
38.5 17.5
38.5 21.5
38.5 33.5
38.5 34.5
38.5 38.5
38.5 48.5
38.5 52.5
38.5 66.5
39.5 8.5
39.5 9.5
39.5 18.5
39.5 22.5
39.5 23.5
39.5 35.5
39.5 37.5
39.5 47.5
39.5 53.5
39.5 54.5
40.5 9.5
40.5 10.5
40.5 19.5
40.5 24.5
40.5 45.5
40.5 46.5
40.5 54.5
40.5 55.5
41.5 10.5
41.5 11.5
41.5 25.5
41.5 26.5
41.5 44.5
41.5 45.5
41.5 56.5
41.5 57.5
42.5 11.5
42.5 26.5
42.5 27.5
42.5 43.5
42.5 44.5
42.5 57.5
42.5 58.5
43.5 12.5
43.5 28.5
43.5 42.5
43.5 43.5
43.5 59.5
44.5 13.5
44.5 29.5
44.5 41.5
45.5 14.5
47.5 27.5
47.5 43.5
47.5 57.5
48.5 12.5
48.5 28.5
48.5 42.5
48.5 43.5
48.5 58.5
48.5 59.5
49.5 12.5
49.5 13.5
49.5 29.5
49.5 41.5
49.5 42.5
49.5 59.5
49.5 60.5
50.5 13.5
50.5 14.5
50.5 29.5
50.5 30.5
50.5 41.5
50.5 60.5
50.5 61.5
51.5 14.5
51.5 15.5
51.5 30.5
51.5 31.5
51.5 40.5
51.5 62.5
51.5 63.5
52.5 15.5
52.5 16.5
52.5 31.5
52.5 32.5
52.5 39.5
52.5 40.5
52.5 63.5
52.5 64.5
53.5 5.5
53.5 16.5
53.5 17.5
53.5 22.5
53.5 32.5
53.5 38.5
53.5 39.5
53.5 49.5
53.5 53.5
53.5 54.5
53.5 64.5
53.5 65.5
54.5 6.5
54.5 7.5
54.5 17.5
54.5 18.5
54.5 23.5
54.5 33.5
54.5 37.5
54.5 38.5
54.5 48.5
54.5 49.5
54.5 54.5
54.5 55.5
55.5 7.5
55.5 8.5
55.5 18.5
55.5 23.5
55.5 24.5
55.5 34.5
55.5 37.5
55.5 47.5
55.5 48.5
55.5 55.5
55.5 56.5
56.5 8.5
56.5 9.5
56.5 24.5
56.5 25.5
56.5 46.5
56.5 47.5
56.5 56.5
56.5 57.5
57.5 10.5
57.5 25.5
57.5 26.5
57.5 45.5
57.5 46.5
57.5 57.5
58.5 11.5
58.5 12.5
58.5 26.5
58.5 27.5
58.5 44.5
58.5 45.5
58.5 58.5
59.5 12.5
59.5 13.5
59.5 28.5
59.5 43.5
59.5 44.5
59.5 59.5
60.5 29.5
60.5 42.5
60.5 60.5
