2.5 59.5
3.5 45.5
3.5 46.5
3.5 60.5
3.5 61.5
4.5 16.5
4.5 31.5
4.5 43.5
4.5 44.5
4.5 62.5
4.5 63.5
5.5 12.5
5.5 13.5
5.5 28.5
5.5 29.5
5.5 41.5
5.5 42.5
5.5 64.5
5.5 65.5
6.5 9.5
6.5 10.5
6.5 11.5
6.5 25.5
6.5 26.5
6.5 27.5
6.5 39.5
6.5 40.5
6.5 51.5
6.5 52.5
6.5 53.5
6.5 66.5
6.5 67.5
7.5 7.5
7.5 8.5
7.5 22.5
7.5 23.5
7.5 24.5
7.5 36.5
7.5 37.5
7.5 38.5
7.5 49.5
7.5 50.5
7.5 54.5
7.5 55.5
8.5 18.5
8.5 19.5
8.5 20.5
8.5 21.5
8.5 33.5
8.5 34.5
8.5 47.5
8.5 48.5
8.5 49.5
8.5 56.5
8.5 57.5
8.5 58.5
9.5 15.5
9.5 16.5
9.5 17.5
9.5 31.5
9.5 32.5
9.5 46.5
9.5 47.5
9.5 58.5
9.5 59.5
9.5 60.5
10.5 12.5
10.5 13.5
10.5 14.5
10.5 29.5
10.5 44.5
10.5 45.5
10.5 60.5
10.5 61.5
10.5 62.5
11.5 43.5
11.5 63.5
13.5 11.5
13.5 27.5
13.5 41.5
14.5 13.5
14.5 14.5
14.5 29.5
14.5 43.5
15.5 16.5
15.5 17.5
15.5 30.5
15.5 31.5
15.5 45.5
15.5 58.5
15.5 59.5
15.5 60.5
15.5 61.5
15.5 62.5
16.5 6.5
16.5 18.5
16.5 19.5
16.5 21.5
16.5 32.5
16.5 46.5
16.5 47.5
16.5 64.5
16.5 65.5
16.5 66.5
16.5 67.5
17.5 8.5
17.5 21.5
17.5 23.5
17.5 33.5
17.5 34.5
17.5 37.5
17.5 48.5
17.5 49.5
18.5 10.5
18.5 11.5
18.5 24.5
18.5 25.5
18.5 35.5
18.5 38.5
18.5 39.5
18.5 51.5
18.5 52.5
18.5 53.5
19.5 12.5
19.5 13.5
19.5 26.5
19.5 27.5
19.5 40.5
19.5 41.5
19.5 42.5
19.5 55.5
19.5 56.5
19.5 57.5
20.5 14.5
20.5 15.5
20.5 28.5
20.5 42.5
20.5 43.5
20.5 44.5
20.5 59.5
20.5 60.5
20.5 61.5
21.5 29.5
21.5 30.5
21.5 45.5
23.5 15.5
23.5 57.5
24.5 13.5
24.5 14.5
24.5 30.5
24.5 46.5
24.5 59.5
25.5 12.5
25.5 13.5
25.5 28.5
25.5 29.5
25.5 43.5
25.5 44.5
25.5 61.5
25.5 62.5
26.5 11.5
26.5 26.5
26.5 27.5
26.5 40.5
26.5 41.5
26.5 62.5
26.5 63.5
27.5 9.5
27.5 10.5
27.5 20.5
27.5 24.5
27.5 25.5
27.5 36.5
27.5 38.5
27.5 39.5
27.5 51.5
27.5 64.5
27.5 65.5
28.5 8.5
28.5 9.5
28.5 19.5
28.5 23.5
28.5 34.5
28.5 36.5
28.5 48.5
28.5 49.5
28.5 53.5
28.5 54.5
28.5 67.5
29.5 7.5
29.5 17.5
29.5 18.5
29.5 21.5
29.5 32.5
29.5 33.5
29.5 46.5
29.5 47.5
29.5 55.5
29.5 56.5
30.5 16.5
30.5 17.5
30.5 30.5
30.5 31.5
30.5 44.5
30.5 45.5
30.5 57.5
30.5 58.5
30.5 59.5
31.5 15.5
31.5 28.5
31.5 29.5
31.5 42.5
31.5 60.5
31.5 61.5
32.5 14.5
32.5 27.5
32.5 63.5
33.5 12.5
34.5 44.5
34.5 45.5
35.5 11.5
35.5 28.5
35.5 29.5
35.5 30.5
35.5 41.5
35.5 42.5
35.5 60.5
35.5 61.5
36.5 13.5
36.5 14.5
36.5 33.5
36.5 34.5
36.5 35.5
36.5 38.5
36.5 39.5
36.5 56.5
36.5 57.5
36.5 58.5
37.5 16.5
37.5 17.5
37.5 53.5
37.5 54.5
37.5 55.5
38.5 7.5
38.5 18.5
38.5 19.5
38.5 21.5
38.5 48.5
38.5 49.5
38.5 50.5
38.5 51.5
38.5 66.5
38.5 67.5
39.5 9.5
39.5 10.5
39.5 21.5
39.5 24.5
39.5 25.5
39.5 26.5
39.5 27.5
39.5 44.5
39.5 45.5
39.5 46.5
39.5 63.5
39.5 64.5
40.5 11.5
40.5 12.5
40.5 30.5
40.5 31.5
40.5 41.5
40.5 61.5
40.5 62.5
41.5 14.5
41.5 15.5
41.5 58.5
41.5 59.5
43.5 45.5
43.5 46.5
44.5 15.5
44.5 27.5
44.5 28.5
44.5 29.5
44.5 43.5
44.5 44.5
44.5 62.5
45.5 12.5
45.5 13.5
45.5 30.5
45.5 31.5
45.5 41.5
45.5 42.5
45.5 60.5
46.5 10.5
46.5 11.5
46.5 32.5
46.5 33.5
46.5 34.5
46.5 39.5
46.5 40.5
46.5 57.5
46.5 58.5
47.5 7.5
47.5 8.5
47.5 22.5
47.5 35.5
47.5 36.5
47.5 37.5
47.5 38.5
47.5 55.5
47.5 56.5
47.5 57.5
48.5 19.5
48.5 20.5
48.5 23.5
48.5 24.5
48.5 50.5
48.5 51.5
48.5 54.5
48.5 66.5
49.5 15.5
49.5 16.5
49.5 17.5
49.5 25.5
49.5 26.5
49.5 47.5
49.5 48.5
49.5 49.5
49.5 52.5
49.5 64.5
50.5 13.5
50.5 14.5
50.5 27.5
50.5 28.5
50.5 45.5
50.5 46.5
50.5 62.5
50.5 63.5
51.5 29.5
51.5 30.5
51.5 42.5
51.5 43.5
51.5 44.5
51.5 60.5
51.5 61.5
52.5 58.5
52.5 59.5
53.5 12.5
53.5 26.5
54.5 13.5
54.5 14.5
54.5 28.5
55.5 15.5
55.5 16.5
55.5 29.5
55.5 30.5
55.5 46.5
55.5 47.5
55.5 60.5
56.5 6.5
56.5 17.5
56.5 31.5
56.5 42.5
56.5 43.5
56.5 44.5
56.5 57.5
56.5 58.5
57.5 8.5
57.5 19.5
57.5 21.5
57.5 33.5
57.5 39.5
57.5 40.5
57.5 41.5
57.5 53.5
57.5 54.5
57.5 55.5
57.5 66.5
58.5 9.5
58.5 10.5
58.5 21.5
58.5 23.5
58.5 24.5
58.5 34.5
58.5 35.5
58.5 37.5
58.5 38.5
58.5 50.5
58.5 51.5
58.5 52.5
58.5 63.5
58.5 64.5
59.5 10.5
59.5 11.5
59.5 25.5
59.5 26.5
59.5 36.5
59.5 48.5
59.5 60.5
59.5 61.5
60.5 12.5
60.5 13.5
60.5 27.5
60.5 28.5
60.5 45.5
60.5 46.5
60.5 58.5
61.5 13.5
61.5 14.5
61.5 29.5
61.5 30.5
61.5 43.5
62.5 15.5
62.5 32.5
