2.5 51.5
3.5 42.5
3.5 51.5
3.5 61.5
4.5 23.5
4.5 32.5
4.5 42.5
4.5 50.5
4.5 51.5
4.5 61.5
5.5 11.5
5.5 23.5
5.5 31.5
5.5 43.5
5.5 50.5
5.5 60.5
6.5 10.5
6.5 24.5
6.5 31.5
6.5 43.5
6.5 50.5
6.5 60.5
7.5 9.5
7.5 24.5
7.5 25.5
7.5 30.5
7.5 43.5
7.5 44.5
7.5 49.5
7.5 60.5
7.5 65.5
8.5 8.5
8.5 9.5
8.5 25.5
8.5 44.5
8.5 49.5
8.5 55.5
8.5 59.5
8.5 65.5
9.5 14.5
9.5 15.5
9.5 19.5
9.5 35.5
9.5 39.5
9.5 44.5
9.5 54.5
9.5 64.5
10.5 14.5
10.5 20.5
10.5 34.5
10.5 40.5
10.5 54.5
10.5 64.5
11.5 13.5
11.5 20.5
11.5 21.5
11.5 33.5
11.5 40.5
11.5 41.5
11.5 53.5
11.5 54.5
11.5 63.5
12.5 12.5
12.5 13.5
12.5 21.5
12.5 32.5
12.5 41.5
12.5 53.5
12.5 63.5
13.5 12.5
13.5 21.5
13.5 42.5
13.5 53.5
16.5 32.5
16.5 33.5
17.5 11.5
17.5 22.5
17.5 33.5
17.5 41.5
17.5 42.5
17.5 53.5
17.5 62.5
18.5 10.5
18.5 11.5
18.5 23.5
18.5 34.5
18.5 40.5
18.5 41.5
18.5 54.5
18.5 61.5
19.5 9.5
19.5 10.5
19.5 23.5
19.5 24.5
19.5 34.5
19.5 39.5
19.5 40.5
19.5 55.5
19.5 61.5
20.5 9.5
20.5 24.5
20.5 29.5
20.5 35.5
20.5 39.5
20.5 56.5
20.5 60.5
21.5 8.5
21.5 9.5
21.5 29.5
21.5 30.5
21.5 46.5
21.5 49.5
21.5 65.5
22.5 8.5
22.5 14.5
22.5 19.5
22.5 30.5
22.5 44.5
22.5 45.5
22.5 50.5
22.5 51.5
22.5 64.5
23.5 13.5
23.5 14.5
23.5 20.5
23.5 30.5
23.5 31.5
23.5 43.5
23.5 44.5
23.5 51.5
23.5 52.5
23.5 63.5
24.5 12.5
24.5 13.5
24.5 21.5
24.5 31.5
24.5 42.5
24.5 53.5
27.5 31.5
28.5 12.5
28.5 21.5
28.5 32.5
28.5 42.5
28.5 53.5
28.5 62.5
29.5 11.5
29.5 20.5
29.5 32.5
29.5 41.5
29.5 54.5
29.5 61.5
30.5 10.5
30.5 20.5
30.5 33.5
30.5 40.5
30.5 41.5
30.5 54.5
30.5 55.5
30.5 61.5
31.5 9.5
31.5 10.5
31.5 15.5
31.5 19.5
31.5 33.5
31.5 34.5
31.5 40.5
31.5 55.5
31.5 60.5
32.5 19.5
32.5 24.5
32.5 34.5
32.5 39.5
32.5 40.5
32.5 46.5
32.5 49.5
32.5 55.5
32.5 60.5
32.5 65.5
33.5 14.5
33.5 28.5
33.5 35.5
33.5 39.5
33.5 45.5
33.5 50.5
33.5 56.5
33.5 65.5
34.5 14.5
34.5 23.5
34.5 28.5
34.5 29.5
34.5 44.5
34.5 45.5
34.5 50.5
34.5 64.5
35.5 13.5
35.5 23.5
35.5 29.5
35.5 44.5
35.5 51.5
35.5 64.5
36.5 13.5
36.5 22.5
36.5 29.5
36.5 30.5
36.5 43.5
36.5 52.5
36.5 63.5
37.5 22.5
37.5 30.5
37.5 31.5
37.5 42.5
37.5 63.5
38.5 21.5
38.5 31.5
40.5 11.5
41.5 11.5
41.5 43.5
41.5 51.5
41.5 52.5
42.5 10.5
42.5 20.5
42.5 31.5
42.5 43.5
42.5 44.5
42.5 51.5
42.5 61.5
42.5 62.5
43.5 10.5
43.5 19.5
43.5 30.5
43.5 31.5
43.5 44.5
43.5 45.5
43.5 50.5
43.5 61.5
44.5 9.5
44.5 19.5
44.5 29.5
44.5 30.5
44.5 45.5
44.5 49.5
44.5 60.5
45.5 9.5
45.5 14.5
45.5 18.5
45.5 28.5
45.5 35.5
45.5 39.5
45.5 40.5
45.5 55.5
45.5 59.5
46.5 13.5
46.5 24.5
46.5 34.5
46.5 35.5
46.5 40.5
46.5 41.5
46.5 54.5
46.5 64.5
47.5 13.5
47.5 23.5
47.5 33.5
47.5 34.5
47.5 41.5
47.5 42.5
47.5 53.5
47.5 54.5
47.5 64.5
48.5 12.5
48.5 22.5
48.5 32.5
48.5 33.5
48.5 53.5
48.5 63.5
49.5 12.5
49.5 21.5
49.5 62.5
49.5 63.5
50.5 62.5
52.5 32.5
52.5 43.5
52.5 52.5
53.5 21.5
53.5 33.5
53.5 43.5
53.5 44.5
53.5 53.5
54.5 10.5
54.5 22.5
54.5 23.5
54.5 33.5
54.5 34.5
54.5 44.5
54.5 54.5
54.5 60.5
55.5 9.5
55.5 23.5
55.5 24.5
55.5 34.5
55.5 44.5
55.5 45.5
55.5 49.5
55.5 54.5
55.5 59.5
55.5 60.5
56.5 9.5
56.5 29.5
56.5 35.5
56.5 39.5
56.5 45.5
56.5 50.5
56.5 55.5
56.5 58.5
57.5 8.5
57.5 18.5
57.5 29.5
57.5 30.5
57.5 40.5
57.5 50.5
58.5 8.5
58.5 14.5
58.5 19.5
58.5 30.5
58.5 40.5
58.5 41.5
58.5 50.5
58.5 63.5
58.5 64.5
59.5 13.5
59.5 20.5
59.5 31.5
59.5 41.5
59.5 51.5
59.5 62.5
59.5 63.5
60.5 12.5
60.5 13.5
60.5 21.5
60.5 42.5
60.5 51.5
61.5 12.5
62.5 11.5
