3.5 20.5
3.5 32.5
3.5 41.5
4.5 11.5
4.5 20.5
4.5 32.5
4.5 62.5
5.5 40.5
5.5 52.5
6.5 12.5
6.5 19.5
6.5 33.5
6.5 40.5
6.5 63.5
7.5 19.5
7.5 25.5
7.5 33.5
7.5 51.5
7.5 63.5
8.5 7.5
8.5 13.5
8.5 18.5
8.5 28.5
8.5 33.5
8.5 39.5
8.5 51.5
8.5 64.5
9.5 18.5
9.5 24.5
9.5 45.5
9.5 50.5
9.5 64.5
10.5 8.5
10.5 24.5
10.5 29.5
10.5 34.5
10.5 38.5
10.5 50.5
10.5 56.5
11.5 17.5
11.5 29.5
11.5 34.5
11.5 38.5
11.5 44.5
11.5 49.5
11.5 60.5
11.5 65.5
12.5 9.5
12.5 23.5
12.5 55.5
13.5 23.5
13.5 30.5
13.5 43.5
13.5 61.5
14.5 10.5
14.5 54.5
14.5 61.5
15.5 22.5
15.5 31.5
15.5 42.5
15.5 62.5
16.5 11.5
16.5 53.5
16.5 62.5
17.5 41.5
18.5 11.5
18.5 22.5
18.5 62.5
19.5 22.5
19.5 31.5
19.5 42.5
19.5 53.5
20.5 10.5
20.5 63.5
21.5 10.5
21.5 21.5
21.5 41.5
21.5 52.5
22.5 9.5
22.5 21.5
22.5 30.5
22.5 40.5
22.5 64.5
23.5 9.5
23.5 16.5
23.5 20.5
23.5 40.5
23.5 47.5
23.5 51.5
24.5 9.5
24.5 20.5
24.5 34.5
24.5 39.5
24.5 56.5
24.5 59.5
24.5 65.5
25.5 8.5
25.5 15.5
25.5 25.5
25.5 29.5
25.5 46.5
25.5 50.5
26.5 8.5
26.5 19.5
26.5 38.5
26.5 45.5
26.5 55.5
26.5 60.5
26.5 66.5
27.5 14.5
27.5 24.5
27.5 33.5
27.5 44.5
27.5 49.5
28.5 14.5
28.5 24.5
28.5 33.5
28.5 44.5
28.5 54.5
28.5 61.5
29.5 13.5
29.5 43.5
29.5 54.5
30.5 13.5
30.5 23.5
30.5 32.5
30.5 42.5
30.5 62.5
31.5 12.5
31.5 32.5
31.5 53.5
32.5 12.5
32.5 41.5
32.5 63.5
34.5 12.5
34.5 23.5
34.5 42.5
35.5 31.5
35.5 43.5
35.5 52.5
35.5 63.5
36.5 13.5
36.5 43.5
37.5 13.5
37.5 24.5
37.5 30.5
37.5 44.5
37.5 51.5
37.5 64.5
38.5 44.5
38.5 51.5
39.5 14.5
39.5 29.5
39.5 45.5
39.5 56.5
39.5 59.5
39.5 65.5
40.5 14.5
40.5 20.5
40.5 25.5
40.5 29.5
40.5 34.5
40.5 38.5
40.5 45.5
40.5 50.5
41.5 8.5
41.5 20.5
41.5 39.5
41.5 46.5
41.5 50.5
41.5 55.5
41.5 60.5
41.5 66.5
42.5 9.5
42.5 15.5
42.5 20.5
42.5 33.5
42.5 39.5
42.5 55.5
43.5 15.5
43.5 33.5
43.5 40.5
43.5 61.5
44.5 10.5
44.5 40.5
44.5 54.5
45.5 21.5
45.5 32.5
45.5 41.5
45.5 54.5
45.5 62.5
46.5 11.5
46.5 21.5
46.5 53.5
47.5 12.5
47.5 42.5
47.5 53.5
47.5 63.5
49.5 11.5
49.5 31.5
49.5 41.5
49.5 63.5
50.5 22.5
50.5 53.5
50.5 63.5
51.5 10.5
51.5 30.5
51.5 42.5
51.5 53.5
52.5 10.5
52.5 23.5
52.5 30.5
52.5 43.5
53.5 9.5
53.5 43.5
53.5 64.5
54.5 9.5
54.5 24.5
54.5 29.5
54.5 34.5
54.5 44.5
54.5 54.5
54.5 64.5
55.5 8.5
55.5 14.5
55.5 18.5
55.5 34.5
55.5 49.5
55.5 54.5
55.5 64.5
56.5 8.5
56.5 14.5
56.5 25.5
56.5 38.5
56.5 45.5
56.5 54.5
56.5 59.5
57.5 13.5
57.5 19.5
57.5 33.5
57.5 39.5
57.5 59.5
57.5 65.5
58.5 33.5
58.5 39.5
58.5 50.5
58.5 65.5
59.5 12.5
59.5 20.5
59.5 40.5
59.5 50.5
59.5 60.5
60.5 32.5
60.5 40.5
60.5 60.5
61.5 11.5
61.5 21.5
61.5 41.5
61.5 60.5
62.5 51.5
