4.5 13.5
4.5 14.5
4.5 15.5
5.5 10.5
5.5 11.5
5.5 12.5
5.5 13.5
5.5 31.5
5.5 32.5
5.5 33.5
5.5 34.5
5.5 53.5
5.5 54.5
5.5 55.5
6.5 50.5
6.5 51.5
6.5 52.5
8.5 20.5
8.5 21.5
8.5 22.5
8.5 41.5
8.5 42.5
8.5 61.5
8.5 62.5
8.5 63.5
9.5 18.5
9.5 19.5
9.5 38.5
9.5 39.5
9.5 40.5
9.5 58.5
9.5 59.5
9.5 60.5
15.5 18.5
15.5 19.5
15.5 37.5
15.5 38.5
15.5 58.5
15.5 59.5
15.5 60.5
15.5 61.5
16.5 20.5
16.5 21.5
16.5 22.5
16.5 39.5
16.5 40.5
17.5 23.5
17.5 41.5
17.5 42.5
19.5 10.5
19.5 11.5
19.5 12.5
19.5 31.5
19.5 32.5
19.5 33.5
19.5 51.5
19.5 52.5
19.5 53.5
19.5 54.5
20.5 13.5
20.5 14.5
20.5 15.5
20.5 33.5
20.5 34.5
20.5 35.5
25.5 55.5
25.5 56.5
26.5 13.5
26.5 14.5
26.5 15.5
26.5 35.5
26.5 36.5
26.5 53.5
26.5 54.5
27.5 10.5
27.5 11.5
27.5 12.5
27.5 32.5
27.5 33.5
27.5 34.5
27.5 51.5
27.5 52.5
28.5 31.5
28.5 62.5
28.5 63.5
29.5 60.5
29.5 61.5
29.5 62.5
30.5 19.5
30.5 20.5
30.5 21.5
30.5 22.5
30.5 40.5
30.5 41.5
30.5 42.5
30.5 58.5
30.5 59.5
31.5 17.5
31.5 18.5
31.5 38.5
31.5 39.5
36.5 18.5
36.5 19.5
36.5 58.5
36.5 59.5
36.5 60.5
37.5 21.5
37.5 22.5
37.5 40.5
37.5 41.5
37.5 42.5
37.5 60.5
37.5 61.5
37.5 62.5
37.5 63.5
39.5 10.5
39.5 11.5
39.5 12.5
39.5 30.5
39.5 31.5
40.5 13.5
40.5 14.5
40.5 15.5
40.5 33.5
40.5 34.5
40.5 35.5
40.5 52.5
40.5 53.5
41.5 54.5
41.5 55.5
41.5 56.5
45.5 16.5
45.5 17.5
45.5 18.5
45.5 34.5
45.5 35.5
46.5 19.5
46.5 20.5
46.5 21.5
46.5 30.5
46.5 31.5
46.5 32.5
46.5 58.5
46.5 59.5
47.5 61.5
47.5 62.5
49.5 10.5
49.5 11.5
49.5 12.5
49.5 39.5
49.5 40.5
49.5 41.5
49.5 42.5
49.5 51.5
49.5 52.5
49.5 53.5
50.5 13.5
50.5 14.5
50.5 15.5
50.5 37.5
50.5 54.5
50.5 55.5
50.5 56.5
56.5 18.5
56.5 19.5
56.5 20.5
56.5 31.5
56.5 32.5
56.5 33.5
56.5 34.5
56.5 35.5
56.5 54.5
56.5 55.5
57.5 21.5
57.5 22.5
57.5 23.5
57.5 52.5
57.5 53.5
59.5 62.5
59.5 63.5
60.5 11.5
60.5 12.5
60.5 13.5
60.5 40.5
60.5 41.5
60.5 42.5
60.5 59.5
60.5 60.5
60.5 61.5
61.5 15.5
61.5 16.5
61.5 38.5
61.5 58.5
