2.5 38.5
2.5 60.5
2.5 61.5
3.5 13.5
3.5 37.5
3.5 58.5
3.5 59.5
3.5 60.5
4.5 14.5
4.5 15.5
4.5 36.5
4.5 56.5
4.5 57.5
4.5 58.5
5.5 15.5
5.5 16.5
5.5 35.5
5.5 36.5
5.5 54.5
5.5 55.5
5.5 56.5
5.5 57.5
6.5 16.5
6.5 17.5
6.5 18.5
6.5 34.5
6.5 35.5
6.5 53.5
6.5 54.5
6.5 55.5
7.5 18.5
7.5 19.5
7.5 33.5
7.5 34.5
7.5 46.5
7.5 51.5
7.5 52.5
7.5 53.5
7.5 67.5
8.5 19.5
8.5 20.5
8.5 21.5
8.5 32.5
8.5 33.5
8.5 45.5
8.5 49.5
8.5 50.5
8.5 51.5
8.5 66.5
8.5 67.5
9.5 6.5
9.5 21.5
9.5 22.5
9.5 31.5
9.5 32.5
9.5 43.5
9.5 44.5
9.5 48.5
9.5 49.5
9.5 50.5
9.5 64.5
9.5 65.5
10.5 6.5
10.5 7.5
10.5 8.5
10.5 22.5
10.5 23.5
10.5 30.5
10.5 31.5
10.5 42.5
10.5 43.5
10.5 46.5
10.5 47.5
10.5 48.5
10.5 63.5
10.5 64.5
11.5 8.5
11.5 9.5
11.5 23.5
11.5 24.5
11.5 25.5
11.5 29.5
11.5 30.5
11.5 41.5
11.5 42.5
11.5 45.5
11.5 46.5
11.5 61.5
11.5 62.5
11.5 63.5
12.5 9.5
12.5 10.5
12.5 11.5
12.5 25.5
12.5 26.5
12.5 28.5
12.5 29.5
12.5 40.5
12.5 41.5
12.5 60.5
12.5 61.5
13.5 11.5
13.5 12.5
13.5 13.5
13.5 27.5
13.5 28.5
13.5 39.5
13.5 40.5
13.5 58.5
13.5 59.5
13.5 60.5
14.5 12.5
14.5 13.5
14.5 14.5
14.5 27.5
14.5 28.5
14.5 38.5
14.5 39.5
14.5 57.5
14.5 58.5
15.5 14.5
15.5 15.5
15.5 16.5
15.5 36.5
15.5 37.5
15.5 38.5
15.5 56.5
15.5 57.5
16.5 15.5
16.5 16.5
16.5 17.5
16.5 35.5
16.5 36.5
16.5 54.5
16.5 55.5
17.5 17.5
17.5 18.5
17.5 34.5
17.5 35.5
17.5 53.5
17.5 54.5
18.5 19.5
18.5 20.5
18.5 33.5
18.5 34.5
18.5 52.5
19.5 20.5
19.5 21.5
19.5 53.5
19.5 54.5
20.5 32.5
20.5 33.5
20.5 55.5
20.5 56.5
20.5 57.5
21.5 11.5
21.5 12.5
21.5 34.5
21.5 35.5
21.5 36.5
21.5 57.5
21.5 58.5
21.5 59.5
22.5 13.5
22.5 14.5
22.5 15.5
22.5 36.5
22.5 37.5
22.5 38.5
22.5 39.5
22.5 59.5
22.5 60.5
22.5 61.5
23.5 15.5
23.5 16.5
23.5 17.5
23.5 18.5
23.5 39.5
23.5 40.5
23.5 41.5
23.5 45.5
23.5 61.5
23.5 62.5
23.5 63.5
24.5 18.5
24.5 19.5
24.5 20.5
24.5 41.5
24.5 42.5
24.5 43.5
24.5 44.5
24.5 47.5
24.5 48.5
24.5 63.5
24.5 64.5
24.5 65.5
25.5 20.5
25.5 21.5
25.5 22.5
25.5 44.5
25.5 45.5
25.5 46.5
25.5 48.5
25.5 49.5
25.5 50.5
25.5 65.5
25.5 66.5
26.5 6.5
26.5 7.5
26.5 22.5
26.5 23.5
26.5 24.5
26.5 26.5
26.5 27.5
26.5 28.5
26.5 47.5
26.5 48.5
26.5 50.5
26.5 51.5
26.5 52.5
26.5 67.5
27.5 8.5
27.5 9.5
27.5 25.5
27.5 26.5
27.5 28.5
27.5 29.5
27.5 30.5
27.5 31.5
27.5 52.5
27.5 53.5
27.5 54.5
28.5 9.5
28.5 10.5
28.5 11.5
28.5 28.5
28.5 31.5
28.5 32.5
28.5 33.5
28.5 34.5
28.5 54.5
28.5 55.5
29.5 11.5
29.5 12.5
29.5 13.5
29.5 33.5
29.5 34.5
29.5 35.5
29.5 36.5
29.5 56.5
29.5 57.5
30.5 13.5
30.5 14.5
30.5 15.5
30.5 36.5
30.5 37.5
30.5 38.5
30.5 39.5
30.5 58.5
30.5 59.5
31.5 15.5
31.5 16.5
31.5 17.5
31.5 39.5
31.5 40.5
31.5 41.5
31.5 60.5
32.5 17.5
32.5 18.5
32.5 19.5
32.5 51.5
33.5 20.5
33.5 41.5
33.5 53.5
34.5 39.5
34.5 54.5
34.5 55.5
35.5 12.5
35.5 13.5
35.5 37.5
35.5 38.5
35.5 56.5
35.5 57.5
36.5 14.5
36.5 15.5
36.5 16.5
36.5 35.5
36.5 36.5
36.5 57.5
36.5 58.5
36.5 59.5
37.5 16.5
37.5 17.5
37.5 18.5
37.5 33.5
37.5 34.5
37.5 35.5
37.5 59.5
37.5 60.5
37.5 61.5
38.5 18.5
38.5 19.5
38.5 20.5
38.5 31.5
38.5 32.5
38.5 33.5
38.5 44.5
38.5 45.5
38.5 46.5
38.5 61.5
38.5 62.5
39.5 20.5
39.5 21.5
39.5 22.5
39.5 30.5
39.5 31.5
39.5 44.5
39.5 45.5
39.5 46.5
39.5 47.5
39.5 63.5
39.5 64.5
40.5 6.5
40.5 22.5
40.5 23.5
40.5 24.5
40.5 28.5
40.5 29.5
40.5 42.5
40.5 43.5
40.5 44.5
40.5 48.5
40.5 49.5
40.5 50.5
40.5 65.5
40.5 66.5
41.5 7.5
41.5 8.5
41.5 9.5
41.5 25.5
41.5 26.5
41.5 27.5
41.5 41.5
41.5 42.5
41.5 49.5
41.5 50.5
41.5 51.5
41.5 52.5
41.5 67.5
42.5 9.5
42.5 10.5
42.5 11.5
42.5 25.5
42.5 27.5
42.5 28.5
42.5 39.5
42.5 40.5
42.5 41.5
42.5 51.5
42.5 52.5
42.5 53.5
42.5 54.5
43.5 12.5
43.5 13.5
43.5 14.5
43.5 38.5
43.5 39.5
43.5 53.5
43.5 54.5
43.5 55.5
43.5 56.5
44.5 14.5
44.5 15.5
44.5 16.5
44.5 37.5
44.5 38.5
44.5 55.5
44.5 56.5
44.5 57.5
45.5 16.5
45.5 17.5
45.5 18.5
45.5 35.5
45.5 36.5
45.5 57.5
45.5 58.5
45.5 59.5
46.5 19.5
46.5 20.5
46.5 34.5
46.5 35.5
46.5 60.5
46.5 61.5
47.5 22.5
47.5 33.5
47.5 61.5
48.5 11.5
48.5 41.5
48.5 60.5
49.5 13.5
49.5 14.5
49.5 39.5
49.5 40.5
49.5 58.5
49.5 59.5
50.5 14.5
50.5 15.5
50.5 16.5
50.5 37.5
50.5 38.5
50.5 57.5
50.5 58.5
51.5 16.5
51.5 17.5
51.5 18.5
51.5 35.5
51.5 36.5
51.5 37.5
51.5 55.5
51.5 56.5
52.5 18.5
52.5 19.5
52.5 20.5
52.5 34.5
52.5 35.5
52.5 54.5
52.5 55.5
53.5 20.5
53.5 21.5
53.5 22.5
53.5 32.5
53.5 33.5
53.5 34.5
53.5 52.5
53.5 53.5
53.5 54.5
53.5 67.5
54.5 21.5
54.5 22.5
54.5 23.5
54.5 31.5
54.5 32.5
54.5 47.5
54.5 51.5
54.5 52.5
54.5 66.5
54.5 67.5
55.5 6.5
55.5 7.5
55.5 23.5
55.5 24.5
55.5 25.5
55.5 29.5
55.5 30.5
55.5 31.5
55.5 45.5
55.5 46.5
55.5 50.5
55.5 51.5
55.5 64.5
55.5 65.5
55.5 66.5
56.5 7.5
56.5 8.5
56.5 9.5
56.5 10.5
56.5 25.5
56.5 26.5
56.5 27.5
56.5 28.5
56.5 29.5
56.5 43.5
56.5 44.5
56.5 45.5
56.5 48.5
56.5 49.5
56.5 50.5
56.5 63.5
56.5 64.5
57.5 10.5
57.5 11.5
57.5 12.5
57.5 27.5
57.5 28.5
57.5 42.5
57.5 43.5
57.5 47.5
57.5 48.5
57.5 61.5
57.5 62.5
57.5 63.5
58.5 12.5
58.5 13.5
58.5 14.5
58.5 40.5
58.5 41.5
58.5 42.5
58.5 46.5
58.5 47.5
58.5 60.5
58.5 61.5
58.5 62.5
59.5 14.5
59.5 15.5
59.5 16.5
59.5 38.5
59.5 39.5
59.5 40.5
59.5 45.5
59.5 59.5
59.5 60.5
60.5 17.5
60.5 18.5
60.5 19.5
60.5 37.5
60.5 38.5
60.5 39.5
60.5 57.5
60.5 58.5
60.5 59.5
61.5 19.5
61.5 20.5
61.5 21.5
61.5 36.5
61.5 37.5
61.5 56.5
61.5 57.5
62.5 22.5
62.5 34.5
62.5 35.5
62.5 55.5
62.5 56.5
63.5 33.5
63.5 54.5
