2.5 28.5
3.5 45.5
3.5 60.5
4.5 14.5
4.5 29.5
4.5 44.5
5.5 15.5
5.5 29.5
5.5 44.5
5.5 61.5
6.5 15.5
6.5 30.5
6.5 43.5
6.5 62.5
7.5 16.5
7.5 30.5
7.5 42.5
7.5 62.5
8.5 16.5
8.5 31.5
8.5 41.5
8.5 42.5
8.5 63.5
9.5 16.5
9.5 31.5
9.5 41.5
9.5 63.5
10.5 9.5
10.5 17.5
10.5 23.5
10.5 31.5
10.5 32.5
10.5 40.5
10.5 56.5
10.5 64.5
11.5 17.5
11.5 23.5
11.5 32.5
11.5 39.5
11.5 40.5
11.5 50.5
11.5 56.5
11.5 64.5
12.5 10.5
12.5 18.5
12.5 24.5
12.5 32.5
12.5 39.5
12.5 49.5
12.5 56.5
12.5 57.5
12.5 65.5
13.5 10.5
13.5 18.5
13.5 24.5
13.5 33.5
13.5 38.5
13.5 49.5
13.5 57.5
14.5 11.5
14.5 19.5
14.5 25.5
14.5 33.5
14.5 48.5
14.5 57.5
15.5 11.5
15.5 25.5
15.5 47.5
15.5 48.5
15.5 57.5
15.5 58.5
16.5 11.5
16.5 26.5
16.5 47.5
16.5 58.5
17.5 12.5
17.5 26.5
17.5 46.5
17.5 58.5
18.5 12.5
18.5 27.5
18.5 46.5
18.5 58.5
19.5 13.5
19.5 27.5
19.5 45.5
19.5 59.5
20.5 13.5
20.5 28.5
20.5 44.5
20.5 45.5
20.5 59.5
21.5 13.5
21.5 28.5
21.5 44.5
21.5 59.5
22.5 43.5
25.5 13.5
25.5 28.5
25.5 44.5
25.5 60.5
26.5 14.5
26.5 27.5
26.5 44.5
26.5 61.5
27.5 15.5
27.5 27.5
27.5 43.5
27.5 61.5
28.5 15.5
28.5 26.5
28.5 27.5
28.5 42.5
28.5 61.5
28.5 62.5
29.5 16.5
29.5 26.5
29.5 42.5
29.5 62.5
30.5 16.5
30.5 17.5
30.5 26.5
30.5 41.5
30.5 62.5
31.5 17.5
31.5 25.5
31.5 33.5
31.5 40.5
31.5 41.5
31.5 63.5
32.5 8.5
32.5 18.5
32.5 25.5
32.5 33.5
32.5 40.5
32.5 63.5
33.5 9.5
33.5 18.5
33.5 24.5
33.5 32.5
33.5 39.5
33.5 50.5
33.5 54.5
33.5 64.5
34.5 10.5
34.5 19.5
34.5 32.5
34.5 39.5
34.5 49.5
34.5 55.5
34.5 64.5
35.5 10.5
35.5 11.5
35.5 23.5
35.5 31.5
35.5 38.5
35.5 48.5
35.5 56.5
36.5 11.5
36.5 31.5
36.5 47.5
36.5 48.5
36.5 56.5
36.5 65.5
37.5 12.5
37.5 30.5
37.5 31.5
37.5 46.5
37.5 47.5
37.5 57.5
38.5 13.5
38.5 30.5
38.5 46.5
38.5 58.5
39.5 13.5
39.5 30.5
39.5 45.5
39.5 58.5
40.5 14.5
40.5 29.5
40.5 44.5
40.5 59.5
41.5 15.5
41.5 29.5
41.5 60.5
43.5 13.5
44.5 13.5
44.5 29.5
45.5 14.5
45.5 45.5
45.5 59.5
46.5 14.5
46.5 28.5
46.5 44.5
46.5 60.5
47.5 15.5
47.5 27.5
47.5 43.5
47.5 44.5
47.5 60.5
48.5 15.5
48.5 27.5
48.5 43.5
48.5 61.5
49.5 15.5
49.5 16.5
49.5 26.5
49.5 42.5
49.5 62.5
50.5 16.5
50.5 25.5
50.5 26.5
50.5 42.5
50.5 62.5
51.5 16.5
51.5 17.5
51.5 25.5
51.5 41.5
51.5 50.5
51.5 55.5
51.5 63.5
52.5 9.5
52.5 17.5
52.5 24.5
52.5 35.5
52.5 40.5
52.5 41.5
52.5 55.5
52.5 64.5
53.5 17.5
53.5 24.5
53.5 34.5
53.5 40.5
53.5 49.5
53.5 56.5
53.5 64.5
54.5 10.5
54.5 18.5
54.5 23.5
54.5 33.5
54.5 39.5
54.5 49.5
54.5 56.5
54.5 65.5
55.5 10.5
55.5 18.5
55.5 32.5
55.5 48.5
55.5 57.5
56.5 11.5
56.5 31.5
56.5 32.5
56.5 48.5
56.5 57.5
57.5 11.5
57.5 30.5
57.5 31.5
57.5 48.5
57.5 57.5
57.5 58.5
58.5 12.5
58.5 30.5
58.5 47.5
58.5 58.5
59.5 12.5
59.5 29.5
59.5 47.5
59.5 58.5
60.5 28.5
60.5 46.5
60.5 59.5
61.5 13.5
61.5 46.5
61.5 59.5
62.5 46.5
62.5 60.5
63.5 60.5
