2.5 10.5
2.5 22.5
2.5 61.5
3.5 10.5
3.5 11.5
3.5 21.5
3.5 40.5
3.5 52.5
3.5 61.5
3.5 62.5
4.5 11.5
4.5 12.5
4.5 20.5
4.5 21.5
4.5 32.5
4.5 41.5
4.5 42.5
4.5 51.5
4.5 52.5
4.5 62.5
4.5 63.5
5.5 12.5
5.5 13.5
5.5 20.5
5.5 21.5
5.5 31.5
5.5 42.5
5.5 43.5
5.5 50.5
5.5 51.5
5.5 56.5
5.5 62.5
5.5 63.5
6.5 7.5
6.5 13.5
6.5 14.5
6.5 19.5
6.5 20.5
6.5 30.5
6.5 31.5
6.5 43.5
6.5 44.5
6.5 50.5
6.5 51.5
6.5 63.5
6.5 64.5
7.5 8.5
7.5 14.5
7.5 15.5
7.5 19.5
7.5 25.5
7.5 29.5
7.5 30.5
7.5 35.5
7.5 44.5
7.5 49.5
7.5 50.5
7.5 55.5
7.5 58.5
7.5 63.5
7.5 64.5
8.5 8.5
8.5 9.5
8.5 15.5
8.5 18.5
8.5 19.5
8.5 24.5
8.5 25.5
8.5 28.5
8.5 29.5
8.5 34.5
8.5 35.5
8.5 37.5
8.5 38.5
8.5 45.5
8.5 48.5
8.5 49.5
8.5 54.5
8.5 55.5
8.5 58.5
8.5 59.5
8.5 64.5
8.5 65.5
9.5 9.5
9.5 10.5
9.5 16.5
9.5 18.5
9.5 23.5
9.5 24.5
9.5 27.5
9.5 28.5
9.5 34.5
9.5 38.5
9.5 39.5
9.5 46.5
9.5 48.5
9.5 54.5
9.5 59.5
9.5 65.5
10.5 10.5
10.5 23.5
10.5 27.5
10.5 33.5
10.5 34.5
10.5 39.5
10.5 40.5
10.5 47.5
10.5 53.5
10.5 54.5
10.5 59.5
10.5 60.5
10.5 65.5
10.5 66.5
11.5 11.5
11.5 22.5
11.5 23.5
11.5 32.5
11.5 33.5
11.5 40.5
11.5 41.5
11.5 53.5
11.5 60.5
12.5 12.5
12.5 21.5
12.5 22.5
12.5 32.5
12.5 41.5
12.5 42.5
12.5 52.5
12.5 53.5
12.5 60.5
12.5 61.5
13.5 12.5
13.5 13.5
13.5 21.5
13.5 31.5
13.5 32.5
13.5 42.5
13.5 43.5
13.5 52.5
13.5 61.5
14.5 12.5
14.5 22.5
14.5 31.5
14.5 43.5
14.5 44.5
14.5 53.5
14.5 61.5
15.5 12.5
15.5 13.5
15.5 21.5
15.5 22.5
15.5 30.5
15.5 40.5
15.5 52.5
15.5 61.5
16.5 13.5
16.5 21.5
16.5 31.5
16.5 41.5
16.5 42.5
16.5 51.5
16.5 52.5
16.5 60.5
16.5 61.5
17.5 13.5
17.5 14.5
17.5 20.5
17.5 21.5
17.5 30.5
17.5 31.5
17.5 42.5
17.5 43.5
17.5 51.5
17.5 60.5
18.5 14.5
18.5 19.5
18.5 20.5
18.5 26.5
18.5 29.5
18.5 30.5
18.5 43.5
18.5 44.5
18.5 45.5
18.5 50.5
18.5 51.5
18.5 56.5
18.5 59.5
18.5 60.5
19.5 9.5
19.5 14.5
19.5 15.5
19.5 19.5
19.5 25.5
19.5 29.5
19.5 30.5
19.5 35.5
19.5 44.5
19.5 45.5
19.5 46.5
19.5 50.5
19.5 55.5
19.5 59.5
19.5 60.5
19.5 65.5
19.5 66.5
20.5 9.5
20.5 10.5
20.5 15.5
20.5 18.5
20.5 19.5
20.5 24.5
20.5 25.5
20.5 28.5
20.5 29.5
20.5 34.5
20.5 36.5
20.5 37.5
20.5 45.5
20.5 46.5
20.5 47.5
20.5 49.5
20.5 54.5
20.5 55.5
20.5 59.5
20.5 65.5
21.5 9.5
21.5 10.5
21.5 18.5
21.5 23.5
21.5 24.5
21.5 28.5
21.5 33.5
21.5 37.5
21.5 38.5
21.5 39.5
21.5 47.5
21.5 48.5
21.5 49.5
21.5 54.5
21.5 55.5
21.5 59.5
21.5 64.5
21.5 65.5
22.5 10.5
22.5 11.5
22.5 16.5
22.5 23.5
22.5 24.5
22.5 28.5
22.5 32.5
22.5 33.5
22.5 38.5
22.5 39.5
22.5 40.5
22.5 53.5
22.5 54.5
22.5 58.5
22.5 63.5
22.5 64.5
23.5 10.5
23.5 11.5
23.5 22.5
23.5 23.5
23.5 32.5
23.5 40.5
23.5 41.5
23.5 42.5
23.5 53.5
23.5 54.5
23.5 63.5
23.5 64.5
24.5 11.5
24.5 12.5
24.5 22.5
24.5 31.5
24.5 42.5
24.5 43.5
24.5 53.5
24.5 62.5
24.5 63.5
25.5 11.5
25.5 12.5
25.5 21.5
25.5 31.5
25.5 52.5
25.5 62.5
26.5 12.5
26.5 21.5
26.5 30.5
26.5 40.5
26.5 52.5
26.5 62.5
27.5 11.5
27.5 21.5
27.5 22.5
27.5 31.5
27.5 40.5
27.5 41.5
27.5 52.5
27.5 62.5
28.5 11.5
28.5 12.5
28.5 22.5
28.5 31.5
28.5 32.5
28.5 41.5
28.5 42.5
28.5 52.5
28.5 53.5
28.5 62.5
28.5 63.5
29.5 12.5
29.5 13.5
29.5 22.5
29.5 23.5
29.5 32.5
29.5 41.5
29.5 42.5
29.5 53.5
29.5 63.5
29.5 64.5
30.5 12.5
30.5 13.5
30.5 17.5
30.5 23.5
30.5 27.5
30.5 32.5
30.5 33.5
30.5 36.5
30.5 41.5
30.5 42.5
30.5 43.5
30.5 47.5
30.5 48.5
30.5 53.5
30.5 54.5
30.5 64.5
30.5 65.5
31.5 7.5
31.5 13.5
31.5 14.5
31.5 18.5
31.5 23.5
31.5 24.5
31.5 27.5
31.5 28.5
31.5 33.5
31.5 37.5
31.5 42.5
31.5 43.5
31.5 48.5
31.5 54.5
31.5 55.5
31.5 57.5
31.5 58.5
31.5 65.5
31.5 66.5
32.5 7.5
32.5 8.5
32.5 14.5
32.5 18.5
32.5 19.5
32.5 24.5
32.5 28.5
32.5 29.5
32.5 34.5
32.5 37.5
32.5 42.5
32.5 43.5
32.5 44.5
32.5 48.5
32.5 49.5
32.5 55.5
32.5 58.5
32.5 59.5
32.5 65.5
32.5 66.5
33.5 8.5
33.5 9.5
33.5 14.5
33.5 15.5
33.5 18.5
33.5 19.5
33.5 24.5
33.5 25.5
33.5 28.5
33.5 29.5
33.5 34.5
33.5 38.5
33.5 43.5
33.5 44.5
33.5 48.5
33.5 49.5
33.5 55.5
33.5 59.5
33.5 60.5
33.5 66.5
33.5 67.5
34.5 8.5
34.5 9.5
34.5 15.5
34.5 19.5
34.5 20.5
34.5 25.5
34.5 29.5
34.5 30.5
34.5 35.5
34.5 38.5
34.5 44.5
34.5 48.5
34.5 49.5
34.5 50.5
34.5 56.5
34.5 60.5
34.5 61.5
34.5 67.5
35.5 9.5
35.5 10.5
35.5 19.5
35.5 20.5
35.5 29.5
35.5 30.5
35.5 39.5
35.5 49.5
35.5 50.5
35.5 60.5
35.5 61.5
35.5 62.5
36.5 10.5
36.5 11.5
36.5 20.5
36.5 21.5
36.5 30.5
36.5 31.5
36.5 39.5
36.5 49.5
36.5 50.5
36.5 61.5
36.5 62.5
37.5 11.5
37.5 21.5
37.5 31.5
37.5 40.5
37.5 50.5
37.5 51.5
37.5 62.5
37.5 63.5
38.5 11.5
38.5 21.5
38.5 32.5
38.5 40.5
38.5 50.5
38.5 51.5
38.5 64.5
39.5 10.5
39.5 11.5
39.5 21.5
39.5 32.5
39.5 40.5
39.5 51.5
39.5 61.5
40.5 10.5
40.5 20.5
40.5 21.5
40.5 31.5
40.5 32.5
40.5 40.5
40.5 50.5
40.5 51.5
40.5 61.5
40.5 62.5
41.5 9.5
41.5 10.5
41.5 20.5
41.5 30.5
41.5 31.5
41.5 39.5
41.5 40.5
41.5 49.5
41.5 50.5
41.5 62.5
41.5 63.5
42.5 9.5
42.5 10.5
42.5 15.5
42.5 19.5
42.5 20.5
42.5 30.5
42.5 31.5
42.5 39.5
42.5 49.5
42.5 50.5
42.5 63.5
42.5 64.5
43.5 9.5
43.5 10.5
43.5 15.5
43.5 19.5
43.5 20.5
43.5 29.5
43.5 30.5
43.5 35.5
43.5 39.5
43.5 48.5
43.5 49.5
43.5 55.5
43.5 57.5
43.5 58.5
43.5 64.5
43.5 65.5
44.5 9.5
44.5 14.5
44.5 15.5
44.5 19.5
44.5 20.5
44.5 25.5
44.5 29.5
44.5 30.5
44.5 35.5
44.5 39.5
44.5 43.5
44.5 47.5
44.5 48.5
44.5 49.5
44.5 54.5
44.5 55.5
44.5 58.5
44.5 59.5
44.5 65.5
44.5 66.5
45.5 8.5
45.5 9.5
45.5 14.5
45.5 19.5
45.5 24.5
45.5 25.5
45.5 28.5
45.5 29.5
45.5 34.5
45.5 35.5
45.5 38.5
45.5 43.5
45.5 47.5
45.5 48.5
45.5 54.5
45.5 58.5
45.5 59.5
45.5 66.5
45.5 67.5
46.5 8.5
46.5 13.5
46.5 14.5
46.5 19.5
46.5 24.5
46.5 28.5
46.5 34.5
46.5 38.5
46.5 42.5
46.5 43.5
46.5 46.5
46.5 47.5
46.5 53.5
46.5 54.5
46.5 59.5
46.5 60.5
46.5 67.5
47.5 13.5
47.5 14.5
47.5 18.5
47.5 23.5
47.5 24.5
47.5 33.5
47.5 34.5
47.5 38.5
47.5 42.5
47.5 43.5
47.5 46.5
47.5 53.5
47.5 54.5
47.5 60.5
47.5 61.5
48.5 13.5
48.5 14.5
48.5 18.5
48.5 23.5
48.5 24.5
48.5 33.5
48.5 34.5
48.5 42.5
48.5 43.5
48.5 52.5
48.5 53.5
48.5 61.5
48.5 62.5
49.5 13.5
49.5 23.5
49.5 33.5
49.5 42.5
49.5 52.5
49.5 53.5
49.5 61.5
49.5 62.5
50.5 13.5
50.5 22.5
50.5 23.5
50.5 32.5
50.5 42.5
50.5 52.5
50.5 62.5
50.5 63.5
51.5 13.5
51.5 22.5
51.5 32.5
51.5 41.5
51.5 42.5
51.5 51.5
51.5 63.5
51.5 64.5
52.5 12.5
52.5 22.5
52.5 33.5
52.5 41.5
52.5 51.5
52.5 63.5
53.5 12.5
53.5 13.5
53.5 22.5
53.5 23.5
53.5 31.5
53.5 32.5
53.5 42.5
53.5 51.5
53.5 52.5
53.5 62.5
54.5 13.5
54.5 23.5
54.5 24.5
54.5 30.5
54.5 31.5
54.5 42.5
54.5 43.5
54.5 52.5
54.5 53.5
54.5 61.5
54.5 62.5
55.5 8.5
55.5 13.5
55.5 14.5
55.5 23.5
55.5 24.5
55.5 30.5
55.5 43.5
55.5 53.5
55.5 54.5
55.5 60.5
55.5 61.5
55.5 66.5
56.5 8.5
56.5 9.5
56.5 14.5
56.5 17.5
56.5 18.5
56.5 24.5
56.5 25.5
56.5 29.5
56.5 36.5
56.5 38.5
56.5 43.5
56.5 44.5
56.5 47.5
56.5 48.5
56.5 54.5
56.5 59.5
56.5 60.5
56.5 65.5
56.5 66.5
57.5 9.5
57.5 14.5
57.5 15.5
57.5 18.5
57.5 19.5
57.5 25.5
57.5 28.5
57.5 35.5
57.5 38.5
57.5 39.5
57.5 44.5
57.5 48.5
57.5 49.5
57.5 54.5
57.5 55.5
57.5 58.5
57.5 59.5
57.5 65.5
57.5 66.5
58.5 9.5
58.5 10.5
58.5 15.5
58.5 18.5
58.5 19.5
58.5 20.5
58.5 26.5
58.5 27.5
58.5 34.5
58.5 35.5
58.5 39.5
58.5 44.5
58.5 45.5
58.5 48.5
58.5 49.5
58.5 55.5
58.5 56.5
58.5 58.5
58.5 64.5
58.5 65.5
59.5 9.5
59.5 10.5
59.5 19.5
59.5 20.5
59.5 33.5
59.5 34.5
59.5 39.5
59.5 40.5
59.5 45.5
59.5 49.5
59.5 50.5
59.5 64.5
59.5 65.5
60.5 10.5
60.5 20.5
60.5 21.5
60.5 32.5
60.5 33.5
60.5 40.5
60.5 50.5
60.5 51.5
60.5 63.5
60.5 64.5
61.5 10.5
61.5 11.5
61.5 21.5
61.5 22.5
61.5 31.5
61.5 32.5
61.5 40.5
61.5 41.5
61.5 51.5
61.5 62.5
61.5 63.5
62.5 11.5
62.5 22.5
62.5 31.5
62.5 41.5
62.5 51.5
62.5 52.5
62.5 62.5
62.5 63.5
63.5 42.5
63.5 52.5
63.5 62.5
