4.5 14.5
5.5 14.5
5.5 15.5
5.5 28.5
5.5 60.5
6.5 15.5
6.5 16.5
6.5 27.5
6.5 28.5
6.5 44.5
6.5 60.5
6.5 61.5
7.5 15.5
7.5 16.5
7.5 17.5
7.5 27.5
7.5 28.5
7.5 44.5
7.5 45.5
7.5 61.5
7.5 62.5
8.5 16.5
8.5 17.5
8.5 26.5
8.5 27.5
8.5 45.5
8.5 46.5
8.5 61.5
8.5 62.5
9.5 17.5
9.5 18.5
9.5 26.5
9.5 27.5
9.5 45.5
9.5 46.5
9.5 62.5
9.5 63.5
10.5 17.5
10.5 18.5
10.5 26.5
10.5 45.5
10.5 46.5
10.5 47.5
10.5 62.5
10.5 63.5
11.5 18.5
11.5 19.5
11.5 25.5
11.5 26.5
11.5 46.5
11.5 47.5
11.5 63.5
11.5 64.5
12.5 9.5
12.5 25.5
12.5 47.5
12.5 55.5
12.5 64.5
13.5 9.5
13.5 10.5
13.5 33.5
13.5 47.5
13.5 48.5
13.5 55.5
13.5 56.5
14.5 10.5
14.5 11.5
14.5 32.5
14.5 33.5
14.5 39.5
14.5 55.5
14.5 56.5
15.5 10.5
15.5 11.5
15.5 12.5
15.5 32.5
15.5 33.5
15.5 39.5
15.5 40.5
15.5 56.5
15.5 57.5
16.5 11.5
16.5 12.5
16.5 31.5
16.5 32.5
16.5 40.5
16.5 41.5
16.5 56.5
16.5 57.5
17.5 12.5
17.5 13.5
17.5 31.5
17.5 32.5
17.5 40.5
17.5 41.5
17.5 57.5
18.5 13.5
18.5 30.5
18.5 31.5
18.5 41.5
18.5 42.5
18.5 57.5
18.5 58.5
19.5 30.5
19.5 42.5
19.5 58.5
20.5 30.5
20.5 43.5
25.5 13.5
26.5 12.5
26.5 13.5
26.5 28.5
26.5 58.5
27.5 11.5
27.5 12.5
27.5 28.5
27.5 43.5
27.5 57.5
27.5 58.5
28.5 11.5
28.5 12.5
28.5 27.5
28.5 28.5
28.5 42.5
28.5 43.5
28.5 57.5
29.5 10.5
29.5 11.5
29.5 27.5
29.5 28.5
29.5 41.5
29.5 42.5
29.5 56.5
29.5 57.5
30.5 10.5
30.5 11.5
30.5 26.5
30.5 27.5
30.5 41.5
30.5 42.5
30.5 55.5
30.5 56.5
31.5 9.5
31.5 10.5
31.5 19.5
31.5 26.5
31.5 27.5
31.5 40.5
31.5 41.5
31.5 55.5
31.5 56.5
32.5 9.5
32.5 18.5
32.5 19.5
32.5 26.5
32.5 40.5
32.5 55.5
32.5 64.5
33.5 18.5
33.5 34.5
33.5 48.5
33.5 54.5
33.5 55.5
33.5 63.5
33.5 64.5
34.5 17.5
34.5 18.5
34.5 33.5
34.5 47.5
34.5 48.5
34.5 63.5
35.5 17.5
35.5 18.5
35.5 32.5
35.5 33.5
35.5 46.5
35.5 47.5
35.5 62.5
35.5 63.5
36.5 16.5
36.5 17.5
36.5 32.5
36.5 46.5
36.5 47.5
36.5 61.5
36.5 62.5
36.5 63.5
37.5 16.5
37.5 17.5
37.5 31.5
37.5 32.5
37.5 46.5
37.5 61.5
37.5 62.5
38.5 15.5
38.5 16.5
38.5 31.5
38.5 45.5
38.5 46.5
38.5 61.5
38.5 62.5
39.5 15.5
39.5 30.5
39.5 45.5
39.5 60.5
39.5 61.5
40.5 45.5
40.5 60.5
45.5 30.5
46.5 15.5
46.5 31.5
46.5 43.5
46.5 44.5
46.5 60.5
47.5 15.5
47.5 16.5
47.5 31.5
47.5 32.5
47.5 43.5
47.5 60.5
47.5 61.5
48.5 15.5
48.5 16.5
48.5 31.5
48.5 32.5
48.5 42.5
48.5 43.5
48.5 60.5
48.5 61.5
49.5 16.5
49.5 17.5
49.5 32.5
49.5 33.5
49.5 42.5
49.5 43.5
49.5 61.5
49.5 62.5
50.5 17.5
50.5 18.5
50.5 32.5
50.5 33.5
50.5 41.5
50.5 42.5
50.5 61.5
50.5 62.5
50.5 63.5
51.5 17.5
51.5 18.5
51.5 33.5
51.5 34.5
51.5 41.5
51.5 62.5
51.5 63.5
52.5 18.5
52.5 25.5
52.5 34.5
52.5 40.5
52.5 41.5
52.5 63.5
53.5 10.5
53.5 19.5
53.5 25.5
53.5 26.5
53.5 40.5
53.5 48.5
53.5 54.5
53.5 63.5
53.5 64.5
54.5 10.5
54.5 25.5
54.5 26.5
54.5 47.5
54.5 48.5
54.5 54.5
54.5 55.5
55.5 10.5
55.5 11.5
55.5 26.5
55.5 27.5
55.5 47.5
55.5 55.5
55.5 56.5
56.5 11.5
56.5 12.5
56.5 26.5
56.5 27.5
56.5 28.5
56.5 46.5
56.5 47.5
56.5 55.5
56.5 56.5
57.5 11.5
57.5 12.5
57.5 27.5
57.5 28.5
57.5 46.5
57.5 56.5
57.5 57.5
58.5 12.5
58.5 28.5
58.5 45.5
58.5 46.5
58.5 57.5
59.5 12.5
59.5 13.5
59.5 28.5
59.5 29.5
59.5 45.5
59.5 57.5
59.5 58.5
60.5 13.5
60.5 29.5
60.5 58.5
