3.5 13.5
3.5 14.5
3.5 15.5
3.5 16.5
3.5 30.5
3.5 31.5
3.5 32.5
3.5 46.5
3.5 61.5
3.5 62.5
4.5 11.5
4.5 12.5
4.5 13.5
4.5 14.5
4.5 15.5
4.5 28.5
4.5 29.5
4.5 30.5
4.5 44.5
4.5 45.5
4.5 59.5
4.5 60.5
4.5 61.5
5.5 9.5
5.5 10.5
5.5 11.5
5.5 12.5
5.5 13.5
5.5 26.5
5.5 27.5
5.5 28.5
5.5 29.5
5.5 42.5
5.5 43.5
5.5 44.5
5.5 57.5
5.5 58.5
5.5 59.5
6.5 7.5
6.5 8.5
6.5 9.5
6.5 10.5
6.5 21.5
6.5 22.5
6.5 24.5
6.5 25.5
6.5 26.5
6.5 27.5
6.5 41.5
6.5 42.5
6.5 43.5
6.5 55.5
6.5 56.5
6.5 57.5
6.5 66.5
6.5 67.5
7.5 18.5
7.5 19.5
7.5 20.5
7.5 21.5
7.5 23.5
7.5 24.5
7.5 25.5
7.5 35.5
7.5 36.5
7.5 37.5
7.5 40.5
7.5 41.5
7.5 42.5
7.5 53.5
7.5 54.5
7.5 55.5
7.5 64.5
7.5 65.5
7.5 66.5
8.5 16.5
8.5 17.5
8.5 18.5
8.5 19.5
8.5 22.5
8.5 33.5
8.5 34.5
8.5 35.5
8.5 36.5
8.5 39.5
8.5 40.5
8.5 41.5
8.5 50.5
8.5 51.5
8.5 52.5
8.5 62.5
8.5 63.5
8.5 64.5
9.5 15.5
9.5 16.5
9.5 17.5
9.5 18.5
9.5 31.5
9.5 32.5
9.5 33.5
9.5 34.5
9.5 38.5
9.5 39.5
9.5 47.5
9.5 48.5
9.5 49.5
9.5 50.5
9.5 60.5
9.5 61.5
9.5 62.5
9.5 63.5
10.5 13.5
10.5 14.5
10.5 15.5
10.5 30.5
10.5 31.5
10.5 32.5
10.5 33.5
10.5 46.5
10.5 47.5
10.5 48.5
10.5 59.5
10.5 60.5
10.5 61.5
11.5 12.5
11.5 13.5
11.5 28.5
11.5 29.5
11.5 30.5
11.5 31.5
11.5 44.5
11.5 45.5
11.5 46.5
11.5 58.5
12.5 27.5
12.5 28.5
12.5 29.5
12.5 42.5
12.5 43.5
12.5 44.5
13.5 16.5
13.5 17.5
13.5 58.5
13.5 59.5
14.5 13.5
14.5 14.5
14.5 15.5
14.5 16.5
14.5 27.5
14.5 59.5
14.5 60.5
14.5 61.5
14.5 62.5
15.5 11.5
15.5 12.5
15.5 13.5
15.5 14.5
15.5 28.5
15.5 29.5
15.5 30.5
15.5 42.5
15.5 43.5
15.5 44.5
15.5 61.5
15.5 62.5
15.5 63.5
15.5 64.5
15.5 65.5
16.5 9.5
16.5 10.5
16.5 11.5
16.5 12.5
16.5 30.5
16.5 31.5
16.5 32.5
16.5 43.5
16.5 44.5
16.5 45.5
16.5 46.5
16.5 47.5
16.5 48.5
16.5 63.5
16.5 64.5
16.5 65.5
16.5 66.5
17.5 7.5
17.5 8.5
17.5 9.5
17.5 19.5
17.5 20.5
17.5 21.5
17.5 22.5
17.5 23.5
17.5 32.5
17.5 33.5
17.5 34.5
17.5 45.5
17.5 46.5
17.5 47.5
17.5 48.5
17.5 49.5
17.5 50.5
17.5 51.5
17.5 52.5
17.5 53.5
17.5 66.5
17.5 67.5
18.5 17.5
18.5 18.5
18.5 19.5
18.5 20.5
18.5 23.5
18.5 24.5
18.5 25.5
18.5 26.5
18.5 34.5
18.5 35.5
18.5 36.5
18.5 49.5
18.5 50.5
18.5 51.5
18.5 52.5
18.5 53.5
18.5 54.5
18.5 55.5
18.5 56.5
18.5 57.5
19.5 15.5
19.5 16.5
19.5 17.5
19.5 18.5
19.5 25.5
19.5 26.5
19.5 27.5
19.5 28.5
19.5 36.5
19.5 38.5
19.5 39.5
19.5 40.5
19.5 55.5
19.5 56.5
19.5 57.5
19.5 58.5
19.5 59.5
20.5 13.5
20.5 14.5
20.5 15.5
20.5 27.5
20.5 28.5
20.5 29.5
20.5 40.5
20.5 41.5
20.5 42.5
20.5 57.5
20.5 58.5
20.5 59.5
20.5 60.5
20.5 61.5
21.5 12.5
21.5 29.5
21.5 30.5
21.5 31.5
21.5 42.5
21.5 43.5
21.5 44.5
21.5 45.5
21.5 60.5
21.5 61.5
21.5 62.5
22.5 45.5
22.5 46.5
23.5 13.5
23.5 14.5
24.5 14.5
24.5 15.5
24.5 16.5
24.5 29.5
24.5 30.5
24.5 31.5
24.5 46.5
24.5 60.5
24.5 61.5
25.5 15.5
25.5 16.5
25.5 17.5
25.5 27.5
25.5 28.5
25.5 29.5
25.5 42.5
25.5 43.5
25.5 44.5
25.5 45.5
25.5 57.5
25.5 58.5
25.5 59.5
26.5 17.5
26.5 18.5
26.5 19.5
26.5 25.5
26.5 26.5
26.5 27.5
26.5 28.5
26.5 39.5
26.5 40.5
26.5 41.5
26.5 42.5
26.5 43.5
26.5 54.5
26.5 55.5
26.5 56.5
26.5 57.5
27.5 6.5
27.5 7.5
27.5 18.5
27.5 19.5
27.5 20.5
27.5 23.5
27.5 24.5
27.5 25.5
27.5 26.5
27.5 34.5
27.5 35.5
27.5 37.5
27.5 38.5
27.5 39.5
27.5 40.5
27.5 51.5
27.5 52.5
27.5 53.5
27.5 54.5
27.5 64.5
27.5 65.5
27.5 66.5
27.5 67.5
28.5 6.5
28.5 7.5
28.5 8.5
28.5 9.5
28.5 10.5
28.5 11.5
28.5 20.5
28.5 21.5
28.5 22.5
28.5 23.5
28.5 32.5
28.5 33.5
28.5 34.5
28.5 47.5
28.5 48.5
28.5 49.5
28.5 50.5
28.5 62.5
28.5 63.5
28.5 64.5
28.5 65.5
29.5 8.5
29.5 9.5
29.5 10.5
29.5 11.5
29.5 12.5
29.5 13.5
29.5 30.5
29.5 31.5
29.5 32.5
29.5 44.5
29.5 45.5
29.5 46.5
29.5 47.5
29.5 48.5
29.5 59.5
29.5 60.5
29.5 61.5
29.5 62.5
29.5 63.5
30.5 10.5
30.5 11.5
30.5 12.5
30.5 13.5
30.5 14.5
30.5 15.5
30.5 29.5
30.5 30.5
30.5 31.5
30.5 42.5
30.5 43.5
30.5 44.5
30.5 58.5
30.5 59.5
30.5 60.5
31.5 13.5
31.5 14.5
31.5 15.5
31.5 16.5
31.5 17.5
31.5 28.5
31.5 29.5
33.5 27.5
33.5 41.5
33.5 42.5
33.5 43.5
33.5 44.5
33.5 60.5
33.5 61.5
33.5 62.5
34.5 28.5
34.5 29.5
34.5 30.5
34.5 31.5
34.5 43.5
34.5 44.5
34.5 45.5
34.5 46.5
34.5 47.5
34.5 48.5
34.5 57.5
34.5 58.5
34.5 59.5
34.5 60.5
35.5 12.5
35.5 13.5
35.5 14.5
35.5 15.5
35.5 16.5
35.5 30.5
35.5 31.5
35.5 32.5
35.5 33.5
35.5 46.5
35.5 47.5
35.5 48.5
35.5 49.5
35.5 50.5
35.5 51.5
35.5 54.5
35.5 55.5
35.5 56.5
35.5 57.5
35.5 58.5
36.5 9.5
36.5 10.5
36.5 11.5
36.5 12.5
36.5 13.5
36.5 14.5
36.5 32.5
36.5 33.5
36.5 34.5
36.5 35.5
36.5 38.5
36.5 39.5
36.5 52.5
36.5 53.5
36.5 54.5
37.5 6.5
37.5 7.5
37.5 8.5
37.5 9.5
37.5 10.5
37.5 21.5
37.5 35.5
37.5 36.5
37.5 37.5
37.5 39.5
37.5 40.5
37.5 41.5
38.5 18.5
38.5 19.5
38.5 20.5
38.5 22.5
38.5 23.5
38.5 24.5
38.5 25.5
38.5 26.5
38.5 27.5
38.5 41.5
38.5 42.5
38.5 43.5
38.5 61.5
38.5 62.5
38.5 63.5
38.5 64.5
38.5 65.5
38.5 66.5
38.5 67.5
39.5 16.5
39.5 17.5
39.5 18.5
39.5 19.5
39.5 24.5
39.5 25.5
39.5 26.5
39.5 27.5
39.5 28.5
39.5 29.5
39.5 30.5
39.5 43.5
39.5 44.5
39.5 45.5
39.5 57.5
39.5 58.5
39.5 59.5
39.5 60.5
39.5 61.5
39.5 62.5
39.5 63.5
39.5 64.5
39.5 65.5
39.5 66.5
40.5 14.5
40.5 15.5
40.5 16.5
40.5 17.5
40.5 28.5
40.5 29.5
40.5 30.5
40.5 31.5
40.5 32.5
40.5 58.5
40.5 59.5
40.5 60.5
41.5 13.5
41.5 14.5
41.5 43.5
42.5 43.5
42.5 44.5
43.5 44.5
43.5 45.5
43.5 46.5
44.5 13.5
44.5 14.5
44.5 15.5
44.5 16.5
44.5 26.5
44.5 27.5
44.5 28.5
44.5 29.5
44.5 45.5
44.5 46.5
44.5 47.5
44.5 60.5
44.5 61.5
44.5 62.5
45.5 11.5
45.5 12.5
45.5 13.5
45.5 14.5
45.5 28.5
45.5 29.5
45.5 30.5
45.5 31.5
45.5 32.5
45.5 46.5
45.5 47.5
45.5 48.5
45.5 55.5
45.5 56.5
45.5 57.5
45.5 58.5
45.5 59.5
45.5 60.5
45.5 61.5
45.5 62.5
46.5 8.5
46.5 9.5
46.5 10.5
46.5 11.5
46.5 30.5
46.5 31.5
46.5 32.5
46.5 33.5
46.5 34.5
46.5 35.5
46.5 38.5
46.5 47.5
46.5 48.5
46.5 49.5
46.5 52.5
46.5 53.5
46.5 54.5
46.5 55.5
46.5 56.5
46.5 57.5
46.5 58.5
46.5 59.5
46.5 60.5
47.5 7.5
47.5 8.5
47.5 21.5
47.5 22.5
47.5 33.5
47.5 34.5
47.5 35.5
47.5 36.5
47.5 37.5
47.5 38.5
47.5 39.5
47.5 40.5
47.5 49.5
47.5 50.5
47.5 51.5
47.5 52.5
47.5 53.5
47.5 54.5
47.5 55.5
47.5 56.5
48.5 17.5
48.5 18.5
48.5 19.5
48.5 20.5
48.5 21.5
48.5 23.5
48.5 24.5
48.5 39.5
48.5 40.5
48.5 41.5
48.5 42.5
48.5 50.5
48.5 51.5
48.5 67.5
49.5 14.5
49.5 15.5
49.5 16.5
49.5 17.5
49.5 18.5
49.5 24.5
49.5 25.5
49.5 26.5
49.5 27.5
49.5 41.5
49.5 42.5
49.5 43.5
49.5 44.5
49.5 64.5
49.5 65.5
49.5 66.5
50.5 12.5
50.5 13.5
50.5 14.5
50.5 15.5
50.5 26.5
50.5 27.5
50.5 28.5
50.5 29.5
50.5 42.5
50.5 43.5
50.5 44.5
50.5 45.5
50.5 61.5
50.5 62.5
50.5 63.5
50.5 64.5
51.5 28.5
51.5 29.5
51.5 30.5
51.5 44.5
51.5 45.5
51.5 46.5
51.5 59.5
51.5 60.5
51.5 61.5
51.5 62.5
52.5 31.5
52.5 46.5
52.5 47.5
52.5 58.5
52.5 59.5
53.5 12.5
53.5 13.5
53.5 14.5
54.5 14.5
54.5 15.5
54.5 16.5
54.5 30.5
54.5 31.5
54.5 42.5
54.5 43.5
55.5 15.5
55.5 16.5
55.5 17.5
55.5 27.5
55.5 28.5
55.5 29.5
55.5 30.5
55.5 43.5
55.5 44.5
55.5 45.5
55.5 60.5
55.5 61.5
55.5 62.5
56.5 7.5
56.5 8.5
56.5 16.5
56.5 17.5
56.5 18.5
56.5 19.5
56.5 25.5
56.5 26.5
56.5 27.5
56.5 28.5
56.5 44.5
56.5 45.5
56.5 46.5
56.5 47.5
56.5 57.5
56.5 58.5
56.5 59.5
56.5 60.5
57.5 8.5
57.5 9.5
57.5 10.5
57.5 18.5
57.5 19.5
57.5 20.5
57.5 23.5
57.5 24.5
57.5 25.5
57.5 26.5
57.5 46.5
57.5 47.5
57.5 48.5
57.5 49.5
57.5 56.5
57.5 57.5
57.5 58.5
57.5 59.5
58.5 9.5
58.5 10.5
58.5 11.5
58.5 12.5
58.5 20.5
58.5 21.5
58.5 22.5
58.5 23.5
58.5 35.5
58.5 36.5
58.5 37.5
58.5 38.5
58.5 48.5
58.5 49.5
58.5 50.5
58.5 51.5
58.5 54.5
58.5 55.5
58.5 56.5
58.5 57.5
58.5 66.5
58.5 67.5
59.5 11.5
59.5 12.5
59.5 13.5
59.5 32.5
59.5 33.5
59.5 34.5
59.5 35.5
59.5 36.5
59.5 38.5
59.5 39.5
59.5 40.5
59.5 50.5
59.5 51.5
59.5 52.5
59.5 53.5
59.5 54.5
59.5 63.5
59.5 64.5
59.5 65.5
60.5 12.5
60.5 13.5
60.5 14.5
60.5 29.5
60.5 30.5
60.5 31.5
60.5 32.5
60.5 33.5
60.5 34.5
60.5 39.5
60.5 40.5
60.5 41.5
60.5 42.5
60.5 61.5
60.5 62.5
60.5 63.5
60.5 64.5
61.5 14.5
61.5 15.5
61.5 27.5
61.5 28.5
61.5 29.5
61.5 30.5
61.5 31.5
61.5 41.5
61.5 42.5
61.5 43.5
61.5 44.5
61.5 60.5
61.5 61.5
61.5 62.5
62.5 26.5
62.5 27.5
62.5 28.5
62.5 43.5
62.5 44.5
62.5 45.5
62.5 46.5
62.5 58.5
62.5 59.5
63.5 45.5
63.5 46.5
63.5 47.5
