4.5 22.5
4.5 30.5
4.5 41.5
4.5 42.5
4.5 50.5
4.5 51.5
4.5 62.5
4.5 63.5
5.5 11.5
5.5 12.5
5.5 22.5
5.5 23.5
5.5 29.5
5.5 30.5
5.5 42.5
5.5 43.5
5.5 50.5
5.5 51.5
5.5 62.5
5.5 63.5
5.5 64.5
6.5 11.5
6.5 12.5
6.5 13.5
6.5 22.5
6.5 23.5
6.5 29.5
6.5 30.5
6.5 42.5
6.5 43.5
6.5 44.5
6.5 50.5
6.5 51.5
6.5 62.5
6.5 63.5
6.5 64.5
7.5 11.5
7.5 12.5
7.5 13.5
7.5 22.5
7.5 23.5
7.5 28.5
7.5 29.5
7.5 42.5
7.5 43.5
7.5 44.5
7.5 49.5
7.5 50.5
7.5 63.5
7.5 64.5
7.5 65.5
8.5 12.5
8.5 13.5
8.5 22.5
8.5 23.5
8.5 24.5
8.5 28.5
8.5 29.5
8.5 43.5
8.5 44.5
8.5 49.5
8.5 50.5
8.5 63.5
8.5 64.5
8.5 65.5
9.5 13.5
9.5 18.5
9.5 23.5
9.5 24.5
9.5 28.5
9.5 44.5
9.5 45.5
9.5 49.5
9.5 50.5
9.5 54.5
9.5 58.5
9.5 64.5
9.5 65.5
10.5 8.5
10.5 9.5
10.5 18.5
10.5 19.5
10.5 24.5
10.5 28.5
10.5 33.5
10.5 38.5
10.5 39.5
10.5 54.5
10.5 59.5
11.5 8.5
11.5 9.5
11.5 18.5
11.5 19.5
11.5 32.5
11.5 33.5
11.5 34.5
11.5 38.5
11.5 39.5
11.5 40.5
11.5 53.5
11.5 54.5
11.5 59.5
11.5 60.5
12.5 9.5
12.5 10.5
12.5 18.5
12.5 19.5
12.5 20.5
12.5 32.5
12.5 33.5
12.5 39.5
12.5 40.5
12.5 53.5
12.5 54.5
12.5 59.5
12.5 60.5
13.5 9.5
13.5 10.5
13.5 19.5
13.5 20.5
13.5 32.5
13.5 33.5
13.5 39.5
13.5 40.5
13.5 41.5
13.5 53.5
13.5 60.5
13.5 61.5
14.5 10.5
14.5 20.5
14.5 31.5
14.5 32.5
14.5 33.5
14.5 40.5
14.5 41.5
14.5 52.5
14.5 53.5
14.5 60.5
14.5 61.5
15.5 31.5
15.5 32.5
15.5 40.5
15.5 41.5
16.5 32.5
16.5 41.5
19.5 12.5
19.5 20.5
19.5 61.5
20.5 12.5
20.5 19.5
20.5 20.5
20.5 53.5
20.5 60.5
20.5 61.5
21.5 12.5
21.5 13.5
21.5 18.5
21.5 19.5
21.5 20.5
21.5 31.5
21.5 32.5
21.5 42.5
21.5 43.5
21.5 53.5
21.5 54.5
21.5 60.5
21.5 61.5
22.5 12.5
22.5 13.5
22.5 18.5
22.5 19.5
22.5 32.5
22.5 33.5
22.5 43.5
22.5 44.5
22.5 53.5
22.5 54.5
22.5 60.5
22.5 61.5
23.5 13.5
23.5 18.5
23.5 19.5
23.5 32.5
23.5 33.5
23.5 34.5
23.5 43.5
23.5 44.5
23.5 53.5
23.5 54.5
23.5 55.5
23.5 59.5
23.5 60.5
24.5 9.5
24.5 13.5
24.5 18.5
24.5 33.5
24.5 34.5
24.5 35.5
24.5 43.5
24.5 44.5
24.5 45.5
24.5 54.5
24.5 55.5
24.5 59.5
24.5 60.5
25.5 9.5
25.5 18.5
25.5 28.5
25.5 29.5
25.5 35.5
25.5 39.5
25.5 44.5
25.5 45.5
25.5 49.5
25.5 55.5
25.5 59.5
25.5 64.5
25.5 65.5
26.5 9.5
26.5 10.5
26.5 23.5
26.5 24.5
26.5 28.5
26.5 29.5
26.5 30.5
26.5 39.5
26.5 40.5
26.5 49.5
26.5 50.5
26.5 64.5
26.5 65.5
27.5 9.5
27.5 10.5
27.5 22.5
27.5 23.5
27.5 24.5
27.5 29.5
27.5 30.5
27.5 39.5
27.5 40.5
27.5 49.5
27.5 50.5
27.5 51.5
27.5 63.5
27.5 64.5
28.5 9.5
28.5 10.5
28.5 22.5
28.5 23.5
28.5 29.5
28.5 30.5
28.5 31.5
28.5 40.5
28.5 41.5
28.5 50.5
28.5 51.5
28.5 63.5
28.5 64.5
29.5 10.5
29.5 21.5
29.5 22.5
29.5 23.5
29.5 30.5
29.5 31.5
29.5 41.5
29.5 51.5
29.5 52.5
29.5 63.5
30.5 21.5
30.5 22.5
30.5 31.5
30.5 51.5
30.5 52.5
30.5 63.5
34.5 42.5
35.5 12.5
35.5 20.5
35.5 21.5
35.5 32.5
35.5 33.5
35.5 42.5
35.5 43.5
35.5 51.5
35.5 52.5
35.5 63.5
36.5 12.5
36.5 13.5
36.5 19.5
36.5 20.5
36.5 21.5
36.5 32.5
36.5 33.5
36.5 43.5
36.5 44.5
36.5 50.5
36.5 51.5
36.5 52.5
36.5 63.5
36.5 64.5
37.5 12.5
37.5 13.5
37.5 19.5
37.5 20.5
37.5 21.5
37.5 32.5
37.5 33.5
37.5 43.5
37.5 44.5
37.5 50.5
37.5 51.5
37.5 63.5
37.5 64.5
38.5 13.5
38.5 18.5
38.5 19.5
38.5 20.5
38.5 32.5
38.5 33.5
38.5 34.5
38.5 43.5
38.5 44.5
38.5 49.5
38.5 50.5
38.5 51.5
38.5 63.5
38.5 64.5
38.5 65.5
39.5 13.5
39.5 14.5
39.5 18.5
39.5 19.5
39.5 33.5
39.5 34.5
39.5 44.5
39.5 45.5
39.5 49.5
39.5 50.5
39.5 51.5
39.5 64.5
39.5 65.5
40.5 9.5
40.5 14.5
40.5 18.5
40.5 19.5
40.5 33.5
40.5 34.5
40.5 38.5
40.5 39.5
40.5 45.5
40.5 49.5
40.5 50.5
40.5 64.5
40.5 65.5
41.5 9.5
41.5 10.5
41.5 23.5
41.5 24.5
41.5 28.5
41.5 29.5
41.5 38.5
41.5 39.5
41.5 40.5
41.5 55.5
41.5 56.5
41.5 60.5
42.5 9.5
42.5 10.5
42.5 23.5
42.5 24.5
42.5 29.5
42.5 39.5
42.5 40.5
42.5 41.5
42.5 54.5
42.5 55.5
42.5 60.5
42.5 61.5
43.5 9.5
43.5 10.5
43.5 22.5
43.5 23.5
43.5 24.5
43.5 29.5
43.5 30.5
43.5 39.5
43.5 40.5
43.5 41.5
43.5 54.5
43.5 55.5
43.5 60.5
43.5 61.5
44.5 10.5
44.5 11.5
44.5 22.5
44.5 23.5
44.5 29.5
44.5 30.5
44.5 40.5
44.5 41.5
44.5 53.5
44.5 54.5
44.5 55.5
44.5 61.5
45.5 10.5
45.5 11.5
45.5 22.5
45.5 30.5
45.5 40.5
45.5 41.5
45.5 53.5
45.5 54.5
45.5 61.5
45.5 62.5
46.5 53.5
46.5 54.5
46.5 62.5
50.5 21.5
50.5 22.5
50.5 30.5
50.5 41.5
51.5 12.5
51.5 22.5
51.5 23.5
51.5 29.5
51.5 30.5
51.5 40.5
51.5 41.5
51.5 53.5
51.5 54.5
51.5 62.5
52.5 12.5
52.5 13.5
52.5 22.5
52.5 23.5
52.5 29.5
52.5 30.5
52.5 40.5
52.5 41.5
52.5 53.5
52.5 54.5
52.5 55.5
52.5 61.5
52.5 62.5
53.5 12.5
53.5 13.5
53.5 22.5
53.5 23.5
53.5 28.5
53.5 29.5
53.5 39.5
53.5 40.5
53.5 41.5
53.5 54.5
53.5 55.5
53.5 61.5
54.5 12.5
54.5 13.5
54.5 23.5
54.5 24.5
54.5 28.5
54.5 29.5
54.5 39.5
54.5 40.5
54.5 41.5
54.5 54.5
54.5 55.5
54.5 56.5
54.5 60.5
54.5 61.5
55.5 12.5
55.5 13.5
55.5 18.5
55.5 23.5
55.5 24.5
55.5 28.5
55.5 34.5
55.5 39.5
55.5 40.5
55.5 45.5
55.5 49.5
55.5 55.5
55.5 56.5
55.5 60.5
55.5 61.5
56.5 13.5
56.5 18.5
56.5 19.5
56.5 33.5
56.5 34.5
56.5 44.5
56.5 45.5
56.5 49.5
56.5 50.5
56.5 56.5
56.5 60.5
56.5 64.5
56.5 65.5
57.5 8.5
57.5 18.5
57.5 19.5
57.5 32.5
57.5 33.5
57.5 34.5
57.5 44.5
57.5 45.5
57.5 49.5
57.5 50.5
57.5 51.5
57.5 64.5
57.5 65.5
58.5 8.5
58.5 9.5
58.5 18.5
58.5 19.5
58.5 20.5
58.5 32.5
58.5 33.5
58.5 34.5
58.5 43.5
58.5 44.5
58.5 49.5
58.5 50.5
58.5 51.5
58.5 63.5
58.5 64.5
59.5 8.5
59.5 9.5
59.5 18.5
59.5 19.5
59.5 20.5
59.5 32.5
59.5 33.5
59.5 43.5
59.5 44.5
59.5 50.5
59.5 51.5
59.5 52.5
59.5 63.5
59.5 64.5
60.5 8.5
60.5 9.5
60.5 10.5
60.5 19.5
60.5 20.5
60.5 32.5
60.5 33.5
60.5 43.5
60.5 51.5
60.5 52.5
60.5 63.5
60.5 64.5
61.5 9.5
61.5 10.5
61.5 20.5
61.5 43.5
61.5 52.5
61.5 63.5
62.5 10.5
