5.5 9.5
5.5 10.5
5.5 32.5
5.5 33.5
5.5 40.5
5.5 41.5
5.5 63.5
5.5 64.5
6.5 9.5
6.5 10.5
6.5 18.5
6.5 19.5
6.5 20.5
6.5 32.5
6.5 33.5
6.5 34.5
6.5 39.5
6.5 40.5
6.5 41.5
6.5 42.5
6.5 53.5
6.5 54.5
6.5 62.5
6.5 63.5
6.5 64.5
7.5 8.5
7.5 9.5
7.5 10.5
7.5 18.5
7.5 19.5
7.5 20.5
7.5 32.5
7.5 33.5
7.5 34.5
7.5 39.5
7.5 40.5
7.5 41.5
7.5 42.5
7.5 53.5
7.5 54.5
7.5 55.5
7.5 63.5
7.5 64.5
7.5 65.5
8.5 8.5
8.5 9.5
8.5 10.5
8.5 17.5
8.5 18.5
8.5 19.5
8.5 20.5
8.5 33.5
8.5 34.5
8.5 35.5
8.5 39.5
8.5 40.5
8.5 41.5
8.5 53.5
8.5 54.5
8.5 55.5
8.5 63.5
8.5 64.5
8.5 65.5
9.5 9.5
9.5 18.5
9.5 19.5
9.5 33.5
9.5 34.5
9.5 35.5
9.5 39.5
9.5 40.5
9.5 41.5
9.5 54.5
9.5 55.5
9.5 64.5
10.5 13.5
10.5 60.5
11.5 12.5
11.5 13.5
11.5 22.5
11.5 23.5
11.5 24.5
11.5 29.5
11.5 30.5
11.5 45.5
11.5 50.5
11.5 51.5
11.5 60.5
11.5 61.5
12.5 12.5
12.5 13.5
12.5 22.5
12.5 23.5
12.5 24.5
12.5 28.5
12.5 29.5
12.5 30.5
12.5 31.5
12.5 44.5
12.5 45.5
12.5 50.5
12.5 51.5
12.5 52.5
12.5 60.5
12.5 61.5
13.5 11.5
13.5 12.5
13.5 13.5
13.5 21.5
13.5 22.5
13.5 23.5
13.5 24.5
13.5 29.5
13.5 30.5
13.5 31.5
13.5 43.5
13.5 44.5
13.5 45.5
13.5 50.5
13.5 51.5
13.5 52.5
13.5 60.5
13.5 61.5
13.5 62.5
14.5 11.5
14.5 12.5
14.5 21.5
14.5 22.5
14.5 23.5
14.5 29.5
14.5 30.5
14.5 31.5
14.5 43.5
14.5 44.5
14.5 45.5
14.5 50.5
14.5 51.5
14.5 52.5
14.5 61.5
14.5 62.5
15.5 22.5
15.5 30.5
15.5 31.5
15.5 43.5
15.5 44.5
15.5 45.5
15.5 51.5
15.5 52.5
20.5 10.5
20.5 63.5
21.5 9.5
21.5 10.5
21.5 19.5
21.5 20.5
21.5 32.5
21.5 33.5
21.5 43.5
21.5 53.5
21.5 54.5
21.5 55.5
21.5 63.5
21.5 64.5
22.5 8.5
22.5 9.5
22.5 10.5
22.5 18.5
22.5 19.5
22.5 20.5
22.5 32.5
22.5 33.5
22.5 34.5
22.5 43.5
22.5 44.5
22.5 53.5
22.5 54.5
22.5 55.5
22.5 63.5
22.5 64.5
23.5 8.5
23.5 9.5
23.5 10.5
23.5 18.5
23.5 19.5
23.5 20.5
23.5 32.5
23.5 33.5
23.5 34.5
23.5 43.5
23.5 44.5
23.5 45.5
23.5 53.5
23.5 54.5
23.5 55.5
23.5 63.5
23.5 64.5
23.5 65.5
24.5 8.5
24.5 9.5
24.5 18.5
24.5 19.5
24.5 20.5
24.5 32.5
24.5 33.5
24.5 34.5
24.5 35.5
24.5 43.5
24.5 44.5
24.5 45.5
24.5 53.5
24.5 54.5
24.5 55.5
24.5 64.5
24.5 65.5
25.5 13.5
25.5 19.5
25.5 33.5
25.5 34.5
25.5 44.5
25.5 54.5
25.5 55.5
25.5 60.5
26.5 12.5
26.5 13.5
26.5 14.5
26.5 23.5
26.5 24.5
26.5 28.5
26.5 29.5
26.5 39.5
26.5 40.5
26.5 49.5
26.5 50.5
26.5 59.5
26.5 60.5
26.5 61.5
27.5 11.5
27.5 12.5
27.5 13.5
27.5 14.5
27.5 22.5
27.5 23.5
27.5 24.5
27.5 28.5
27.5 29.5
27.5 30.5
27.5 39.5
27.5 40.5
27.5 41.5
27.5 49.5
27.5 50.5
27.5 51.5
27.5 59.5
27.5 60.5
27.5 61.5
28.5 11.5
28.5 12.5
28.5 13.5
28.5 22.5
28.5 23.5
28.5 24.5
28.5 28.5
28.5 29.5
28.5 30.5
28.5 31.5
28.5 39.5
28.5 40.5
28.5 41.5
28.5 49.5
28.5 50.5
28.5 51.5
28.5 59.5
28.5 60.5
28.5 61.5
28.5 62.5
29.5 11.5
29.5 12.5
29.5 13.5
29.5 22.5
29.5 23.5
29.5 29.5
29.5 30.5
29.5 31.5
29.5 39.5
29.5 40.5
29.5 41.5
29.5 49.5
29.5 50.5
29.5 51.5
29.5 60.5
29.5 61.5
30.5 22.5
30.5 23.5
30.5 29.5
30.5 30.5
30.5 50.5
30.5 51.5
30.5 61.5
35.5 10.5
35.5 42.5
36.5 9.5
36.5 10.5
36.5 11.5
36.5 20.5
36.5 21.5
36.5 32.5
36.5 33.5
36.5 42.5
36.5 43.5
36.5 49.5
36.5 50.5
36.5 51.5
36.5 60.5
36.5 61.5
37.5 9.5
37.5 10.5
37.5 11.5
37.5 19.5
37.5 20.5
37.5 21.5
37.5 31.5
37.5 32.5
37.5 33.5
37.5 42.5
37.5 43.5
37.5 44.5
37.5 49.5
37.5 50.5
37.5 51.5
37.5 59.5
37.5 60.5
37.5 61.5
38.5 9.5
38.5 10.5
38.5 11.5
38.5 19.5
38.5 20.5
38.5 21.5
38.5 31.5
38.5 32.5
38.5 33.5
38.5 34.5
38.5 42.5
38.5 43.5
38.5 44.5
38.5 48.5
38.5 49.5
38.5 50.5
38.5 51.5
38.5 59.5
38.5 60.5
38.5 61.5
39.5 9.5
39.5 10.5
39.5 19.5
39.5 20.5
39.5 32.5
39.5 33.5
39.5 34.5
39.5 43.5
39.5 44.5
39.5 49.5
39.5 50.5
39.5 51.5
39.5 59.5
39.5 60.5
40.5 9.5
40.5 19.5
40.5 33.5
40.5 34.5
40.5 44.5
40.5 49.5
40.5 50.5
40.5 59.5
41.5 13.5
41.5 14.5
41.5 15.5
41.5 23.5
41.5 24.5
41.5 29.5
41.5 38.5
41.5 39.5
41.5 40.5
41.5 54.5
41.5 63.5
41.5 64.5
41.5 65.5
42.5 13.5
42.5 14.5
42.5 15.5
42.5 22.5
42.5 23.5
42.5 24.5
42.5 28.5
42.5 29.5
42.5 30.5
42.5 38.5
42.5 39.5
42.5 40.5
42.5 41.5
42.5 53.5
42.5 54.5
42.5 55.5
42.5 63.5
42.5 64.5
42.5 65.5
43.5 12.5
43.5 13.5
43.5 14.5
43.5 22.5
43.5 23.5
43.5 24.5
43.5 28.5
43.5 29.5
43.5 30.5
43.5 38.5
43.5 39.5
43.5 40.5
43.5 41.5
43.5 52.5
43.5 53.5
43.5 54.5
43.5 62.5
43.5 63.5
43.5 64.5
43.5 65.5
44.5 12.5
44.5 13.5
44.5 14.5
44.5 22.5
44.5 23.5
44.5 24.5
44.5 29.5
44.5 30.5
44.5 39.5
44.5 40.5
44.5 41.5
44.5 52.5
44.5 53.5
44.5 54.5
44.5 62.5
44.5 63.5
44.5 64.5
45.5 22.5
45.5 23.5
45.5 29.5
45.5 30.5
45.5 40.5
45.5 41.5
45.5 52.5
45.5 53.5
45.5 63.5
50.5 13.5
51.5 12.5
51.5 13.5
51.5 14.5
51.5 20.5
51.5 21.5
51.5 32.5
51.5 40.5
51.5 41.5
51.5 53.5
51.5 62.5
51.5 63.5
52.5 12.5
52.5 13.5
52.5 14.5
52.5 19.5
52.5 20.5
52.5 21.5
52.5 32.5
52.5 33.5
52.5 39.5
52.5 40.5
52.5 41.5
52.5 52.5
52.5 53.5
52.5 54.5
52.5 62.5
52.5 63.5
52.5 64.5
53.5 13.5
53.5 14.5
53.5 15.5
53.5 19.5
53.5 20.5
53.5 21.5
53.5 32.5
53.5 33.5
53.5 34.5
53.5 38.5
53.5 39.5
53.5 40.5
53.5 41.5
53.5 52.5
53.5 53.5
53.5 54.5
53.5 62.5
53.5 63.5
53.5 64.5
53.5 65.5
54.5 13.5
54.5 14.5
54.5 15.5
54.5 19.5
54.5 20.5
54.5 32.5
54.5 33.5
54.5 34.5
54.5 38.5
54.5 39.5
54.5 40.5
54.5 41.5
54.5 53.5
54.5 54.5
54.5 55.5
54.5 62.5
54.5 63.5
54.5 64.5
54.5 65.5
55.5 14.5
55.5 19.5
55.5 33.5
55.5 34.5
55.5 39.5
55.5 40.5
55.5 53.5
55.5 54.5
55.5 63.5
55.5 64.5
55.5 65.5
56.5 9.5
56.5 10.5
56.5 24.5
56.5 29.5
56.5 44.5
56.5 45.5
56.5 59.5
56.5 64.5
57.5 9.5
57.5 10.5
57.5 11.5
57.5 23.5
57.5 24.5
57.5 25.5
57.5 29.5
57.5 30.5
57.5 43.5
57.5 44.5
57.5 45.5
57.5 49.5
57.5 50.5
57.5 51.5
57.5 58.5
57.5 59.5
57.5 60.5
58.5 9.5
58.5 10.5
58.5 11.5
58.5 22.5
58.5 23.5
58.5 24.5
58.5 25.5
58.5 29.5
58.5 30.5
58.5 31.5
58.5 42.5
58.5 43.5
58.5 44.5
58.5 45.5
58.5 49.5
58.5 50.5
58.5 51.5
58.5 59.5
58.5 60.5
59.5 9.5
59.5 10.5
59.5 11.5
59.5 22.5
59.5 23.5
59.5 24.5
59.5 25.5
59.5 30.5
59.5 31.5
59.5 42.5
59.5 43.5
59.5 44.5
59.5 45.5
59.5 50.5
59.5 51.5
59.5 59.5
59.5 60.5
59.5 61.5
60.5 10.5
60.5 11.5
60.5 22.5
60.5 23.5
60.5 24.5
60.5 30.5
60.5 31.5
60.5 42.5
60.5 43.5
60.5 44.5
60.5 50.5
60.5 51.5
60.5 59.5
60.5 60.5
60.5 61.5
61.5 51.5
61.5 60.5
