2.5 12.5
2.5 13.5
2.5 29.5
2.5 56.5
3.5 13.5
3.5 14.5
3.5 28.5
3.5 29.5
3.5 45.5
3.5 46.5
3.5 57.5
3.5 58.5
4.5 14.5
4.5 15.5
4.5 27.5
4.5 28.5
4.5 44.5
4.5 45.5
4.5 59.5
4.5 60.5
5.5 15.5
5.5 16.5
5.5 26.5
5.5 27.5
5.5 42.5
5.5 43.5
5.5 44.5
5.5 60.5
5.5 61.5
6.5 6.5
6.5 16.5
6.5 17.5
6.5 18.5
6.5 25.5
6.5 26.5
6.5 40.5
6.5 41.5
6.5 42.5
6.5 51.5
6.5 52.5
6.5 62.5
6.5 63.5
7.5 7.5
7.5 17.5
7.5 18.5
7.5 19.5
7.5 24.5
7.5 25.5
7.5 37.5
7.5 39.5
7.5 40.5
7.5 50.5
7.5 51.5
7.5 52.5
7.5 53.5
7.5 63.5
7.5 64.5
7.5 65.5
8.5 8.5
8.5 9.5
8.5 18.5
8.5 19.5
8.5 20.5
8.5 23.5
8.5 24.5
8.5 34.5
8.5 35.5
8.5 36.5
8.5 37.5
8.5 38.5
8.5 39.5
8.5 49.5
8.5 50.5
8.5 53.5
8.5 54.5
8.5 65.5
8.5 66.5
9.5 9.5
9.5 10.5
9.5 20.5
9.5 21.5
9.5 23.5
9.5 33.5
9.5 34.5
9.5 36.5
9.5 37.5
9.5 48.5
9.5 49.5
9.5 54.5
9.5 55.5
9.5 56.5
9.5 67.5
10.5 10.5
10.5 11.5
10.5 21.5
10.5 22.5
10.5 31.5
10.5 32.5
10.5 33.5
10.5 35.5
10.5 47.5
10.5 48.5
10.5 56.5
10.5 57.5
11.5 11.5
11.5 12.5
11.5 21.5
11.5 29.5
11.5 30.5
11.5 31.5
11.5 46.5
11.5 47.5
11.5 57.5
11.5 58.5
11.5 59.5
12.5 12.5
12.5 13.5
12.5 14.5
12.5 28.5
12.5 29.5
12.5 45.5
12.5 46.5
12.5 58.5
12.5 59.5
12.5 60.5
13.5 14.5
13.5 15.5
13.5 26.5
13.5 27.5
13.5 28.5
13.5 44.5
13.5 45.5
13.5 60.5
13.5 61.5
14.5 15.5
14.5 16.5
14.5 25.5
14.5 43.5
14.5 62.5
15.5 16.5
15.5 17.5
15.5 41.5
15.5 42.5
15.5 63.5
16.5 15.5
16.5 16.5
16.5 25.5
16.5 26.5
16.5 27.5
16.5 42.5
16.5 43.5
16.5 61.5
16.5 62.5
17.5 13.5
17.5 14.5
17.5 27.5
17.5 28.5
17.5 29.5
17.5 44.5
17.5 45.5
17.5 59.5
17.5 60.5
18.5 12.5
18.5 13.5
18.5 29.5
18.5 30.5
18.5 31.5
18.5 45.5
18.5 46.5
18.5 57.5
18.5 58.5
18.5 59.5
19.5 10.5
19.5 11.5
19.5 12.5
19.5 21.5
19.5 31.5
19.5 32.5
19.5 33.5
19.5 35.5
19.5 47.5
19.5 48.5
19.5 56.5
19.5 57.5
19.5 67.5
20.5 9.5
20.5 10.5
20.5 20.5
20.5 21.5
20.5 33.5
20.5 34.5
20.5 35.5
20.5 37.5
20.5 38.5
20.5 49.5
20.5 50.5
20.5 54.5
20.5 55.5
20.5 66.5
20.5 67.5
21.5 8.5
21.5 9.5
21.5 18.5
21.5 19.5
21.5 22.5
21.5 23.5
21.5 35.5
21.5 36.5
21.5 38.5
21.5 39.5
21.5 40.5
21.5 50.5
21.5 51.5
21.5 53.5
21.5 64.5
21.5 65.5
21.5 66.5
22.5 6.5
22.5 7.5
22.5 17.5
22.5 18.5
22.5 23.5
22.5 24.5
22.5 25.5
22.5 37.5
22.5 38.5
22.5 40.5
22.5 41.5
22.5 42.5
22.5 51.5
22.5 52.5
22.5 63.5
22.5 64.5
22.5 65.5
23.5 16.5
23.5 17.5
23.5 25.5
23.5 26.5
23.5 27.5
23.5 42.5
23.5 43.5
23.5 44.5
23.5 61.5
23.5 62.5
23.5 63.5
24.5 15.5
24.5 16.5
24.5 27.5
24.5 28.5
24.5 44.5
24.5 45.5
24.5 46.5
24.5 60.5
24.5 61.5
24.5 62.5
25.5 14.5
25.5 15.5
25.5 28.5
25.5 29.5
25.5 30.5
25.5 46.5
25.5 47.5
25.5 59.5
25.5 60.5
25.5 61.5
26.5 13.5
26.5 30.5
26.5 31.5
26.5 58.5
26.5 59.5
27.5 11.5
27.5 12.5
27.5 32.5
27.5 41.5
27.5 57.5
27.5 58.5
28.5 12.5
28.5 13.5
28.5 30.5
28.5 31.5
28.5 42.5
28.5 43.5
29.5 14.5
29.5 15.5
29.5 28.5
29.5 29.5
29.5 44.5
29.5 45.5
29.5 63.5
29.5 64.5
30.5 15.5
30.5 16.5
30.5 26.5
30.5 27.5
30.5 28.5
30.5 45.5
30.5 46.5
30.5 47.5
30.5 59.5
30.5 60.5
30.5 61.5
30.5 62.5
31.5 6.5
31.5 17.5
31.5 18.5
31.5 25.5
31.5 26.5
31.5 36.5
31.5 47.5
31.5 48.5
31.5 49.5
31.5 57.5
31.5 58.5
31.5 59.5
31.5 60.5
32.5 7.5
32.5 8.5
32.5 18.5
32.5 19.5
32.5 23.5
32.5 24.5
32.5 34.5
32.5 35.5
32.5 36.5
32.5 37.5
32.5 49.5
32.5 50.5
32.5 54.5
32.5 55.5
32.5 56.5
32.5 57.5
32.5 58.5
33.5 9.5
33.5 10.5
33.5 11.5
33.5 20.5
33.5 21.5
33.5 22.5
33.5 33.5
33.5 34.5
33.5 37.5
33.5 38.5
33.5 39.5
33.5 50.5
33.5 51.5
33.5 52.5
33.5 53.5
33.5 54.5
33.5 55.5
33.5 67.5
34.5 11.5
34.5 12.5
34.5 13.5
34.5 20.5
34.5 22.5
34.5 31.5
34.5 32.5
34.5 33.5
34.5 38.5
34.5 39.5
34.5 40.5
34.5 52.5
34.5 53.5
34.5 64.5
34.5 65.5
35.5 13.5
35.5 14.5
35.5 15.5
35.5 30.5
35.5 31.5
35.5 32.5
35.5 40.5
35.5 41.5
35.5 42.5
35.5 62.5
35.5 63.5
36.5 15.5
36.5 16.5
36.5 29.5
36.5 30.5
36.5 42.5
36.5 43.5
36.5 44.5
36.5 60.5
36.5 61.5
37.5 17.5
37.5 18.5
37.5 27.5
37.5 28.5
37.5 29.5
37.5 44.5
37.5 45.5
37.5 59.5
38.5 16.5
38.5 26.5
38.5 27.5
38.5 31.5
38.5 46.5
38.5 47.5
38.5 57.5
39.5 15.5
39.5 30.5
39.5 48.5
39.5 57.5
40.5 13.5
40.5 14.5
40.5 15.5
40.5 29.5
40.5 30.5
40.5 58.5
40.5 59.5
41.5 12.5
41.5 13.5
41.5 28.5
41.5 29.5
41.5 41.5
41.5 42.5
41.5 59.5
41.5 60.5
42.5 11.5
42.5 12.5
42.5 28.5
42.5 29.5
42.5 43.5
42.5 44.5
42.5 45.5
42.5 60.5
42.5 61.5
43.5 10.5
43.5 11.5
43.5 22.5
43.5 23.5
43.5 27.5
43.5 28.5
43.5 44.5
43.5 45.5
43.5 46.5
43.5 47.5
43.5 51.5
43.5 61.5
43.5 62.5
43.5 63.5
44.5 9.5
44.5 10.5
44.5 21.5
44.5 22.5
44.5 26.5
44.5 27.5
44.5 35.5
44.5 36.5
44.5 46.5
44.5 47.5
44.5 48.5
44.5 49.5
44.5 52.5
44.5 53.5
44.5 63.5
44.5 64.5
45.5 8.5
45.5 9.5
45.5 19.5
45.5 20.5
45.5 21.5
45.5 25.5
45.5 26.5
45.5 35.5
45.5 36.5
45.5 37.5
45.5 48.5
45.5 49.5
45.5 50.5
45.5 53.5
45.5 54.5
45.5 64.5
45.5 65.5
46.5 7.5
46.5 8.5
46.5 18.5
46.5 19.5
46.5 20.5
46.5 25.5
46.5 26.5
46.5 34.5
46.5 37.5
46.5 38.5
46.5 39.5
46.5 51.5
46.5 52.5
46.5 54.5
46.5 55.5
46.5 56.5
46.5 66.5
47.5 6.5
47.5 17.5
47.5 18.5
47.5 19.5
47.5 24.5
47.5 25.5
47.5 32.5
47.5 33.5
47.5 39.5
47.5 40.5
47.5 41.5
47.5 56.5
47.5 57.5
48.5 16.5
48.5 17.5
48.5 18.5
48.5 23.5
48.5 24.5
48.5 31.5
48.5 32.5
48.5 41.5
48.5 42.5
48.5 57.5
48.5 58.5
48.5 59.5
49.5 15.5
49.5 16.5
49.5 23.5
49.5 30.5
49.5 31.5
49.5 43.5
49.5 44.5
49.5 59.5
49.5 60.5
50.5 14.5
50.5 15.5
50.5 29.5
50.5 30.5
50.5 45.5
50.5 46.5
50.5 60.5
50.5 61.5
51.5 13.5
51.5 14.5
51.5 28.5
51.5 29.5
51.5 47.5
51.5 62.5
52.5 12.5
52.5 27.5
52.5 61.5
52.5 62.5
53.5 11.5
53.5 27.5
53.5 28.5
53.5 45.5
53.5 46.5
53.5 47.5
53.5 59.5
53.5 60.5
54.5 11.5
54.5 12.5
54.5 29.5
54.5 30.5
54.5 43.5
54.5 44.5
54.5 45.5
54.5 57.5
54.5 58.5
54.5 59.5
55.5 13.5
55.5 14.5
55.5 30.5
55.5 31.5
55.5 32.5
55.5 41.5
55.5 42.5
55.5 43.5
55.5 44.5
55.5 55.5
55.5 56.5
55.5 57.5
55.5 66.5
55.5 67.5
56.5 15.5
56.5 16.5
56.5 17.5
56.5 32.5
56.5 33.5
56.5 34.5
56.5 39.5
56.5 40.5
56.5 41.5
56.5 52.5
56.5 54.5
56.5 55.5
56.5 65.5
57.5 6.5
57.5 7.5
57.5 17.5
57.5 18.5
57.5 34.5
57.5 35.5
57.5 37.5
57.5 38.5
57.5 39.5
57.5 50.5
57.5 51.5
57.5 52.5
57.5 53.5
57.5 63.5
57.5 64.5
58.5 7.5
58.5 8.5
58.5 19.5
58.5 20.5
58.5 21.5
58.5 36.5
58.5 37.5
58.5 48.5
58.5 49.5
58.5 50.5
58.5 62.5
58.5 63.5
59.5 9.5
59.5 10.5
59.5 21.5
59.5 22.5
59.5 23.5
59.5 24.5
59.5 25.5
59.5 26.5
59.5 38.5
59.5 47.5
59.5 48.5
59.5 60.5
59.5 61.5
59.5 62.5
60.5 10.5
60.5 11.5
60.5 12.5
60.5 23.5
60.5 26.5
60.5 27.5
60.5 28.5
60.5 29.5
60.5 45.5
60.5 46.5
60.5 47.5
60.5 59.5
60.5 60.5
61.5 12.5
61.5 13.5
61.5 29.5
61.5 30.5
61.5 31.5
61.5 32.5
61.5 33.5
61.5 44.5
61.5 45.5
61.5 58.5
61.5 59.5
62.5 13.5
62.5 14.5
62.5 15.5
62.5 33.5
62.5 34.5
62.5 35.5
62.5 43.5
62.5 57.5
63.5 15.5
63.5 16.5
