4.5 37.5
4.5 38.5
4.5 47.5
4.5 48.5
4.5 62.5
5.5 26.5
5.5 37.5
5.5 38.5
5.5 39.5
5.5 47.5
5.5 48.5
5.5 61.5
5.5 62.5
5.5 63.5
6.5 13.5
6.5 14.5
6.5 26.5
6.5 27.5
6.5 38.5
6.5 39.5
6.5 40.5
6.5 46.5
6.5 47.5
6.5 48.5
6.5 62.5
6.5 63.5
7.5 13.5
7.5 14.5
7.5 15.5
7.5 26.5
7.5 27.5
7.5 28.5
7.5 38.5
7.5 39.5
7.5 40.5
7.5 46.5
7.5 47.5
7.5 62.5
7.5 63.5
7.5 64.5
8.5 14.5
8.5 15.5
8.5 16.5
8.5 26.5
8.5 27.5
8.5 28.5
8.5 39.5
8.5 40.5
8.5 45.5
8.5 46.5
8.5 63.5
8.5 64.5
9.5 14.5
9.5 15.5
9.5 16.5
9.5 27.5
9.5 28.5
9.5 33.5
9.5 52.5
9.5 64.5
10.5 9.5
10.5 15.5
10.5 16.5
10.5 28.5
10.5 33.5
10.5 34.5
10.5 51.5
10.5 52.5
10.5 57.5
10.5 58.5
11.5 9.5
11.5 10.5
11.5 22.5
11.5 33.5
11.5 34.5
11.5 35.5
11.5 50.5
11.5 51.5
11.5 52.5
11.5 57.5
11.5 58.5
11.5 59.5
12.5 9.5
12.5 10.5
12.5 11.5
12.5 22.5
12.5 23.5
12.5 34.5
12.5 35.5
12.5 36.5
12.5 50.5
12.5 51.5
12.5 52.5
12.5 58.5
12.5 59.5
12.5 60.5
13.5 9.5
13.5 10.5
13.5 11.5
13.5 22.5
13.5 23.5
13.5 24.5
13.5 35.5
13.5 36.5
13.5 49.5
13.5 50.5
13.5 51.5
13.5 58.5
13.5 59.5
13.5 60.5
14.5 10.5
14.5 11.5
14.5 23.5
14.5 24.5
14.5 36.5
14.5 49.5
14.5 50.5
14.5 59.5
14.5 60.5
15.5 11.5
15.5 12.5
15.5 24.5
15.5 60.5
19.5 36.5
20.5 25.5
20.5 26.5
20.5 35.5
20.5 36.5
20.5 49.5
20.5 50.5
21.5 11.5
21.5 25.5
21.5 26.5
21.5 27.5
21.5 34.5
21.5 35.5
21.5 36.5
21.5 49.5
21.5 50.5
21.5 61.5
21.5 62.5
22.5 10.5
22.5 11.5
22.5 26.5
22.5 27.5
22.5 28.5
22.5 34.5
22.5 35.5
22.5 50.5
22.5 51.5
22.5 61.5
22.5 62.5
22.5 63.5
23.5 9.5
23.5 10.5
23.5 26.5
23.5 27.5
23.5 28.5
23.5 33.5
23.5 34.5
23.5 50.5
23.5 51.5
23.5 52.5
23.5 62.5
23.5 63.5
23.5 64.5
24.5 8.5
24.5 9.5
24.5 10.5
24.5 27.5
24.5 28.5
24.5 51.5
24.5 52.5
24.5 63.5
24.5 64.5
25.5 8.5
25.5 9.5
25.5 39.5
25.5 40.5
25.5 45.5
25.5 46.5
25.5 64.5
26.5 22.5
26.5 38.5
26.5 39.5
26.5 40.5
26.5 45.5
26.5 46.5
26.5 47.5
26.5 57.5
26.5 58.5
27.5 14.5
27.5 15.5
27.5 16.5
27.5 22.5
27.5 23.5
27.5 38.5
27.5 39.5
27.5 45.5
27.5 46.5
27.5 47.5
27.5 57.5
27.5 58.5
27.5 59.5
28.5 13.5
28.5 14.5
28.5 15.5
28.5 16.5
28.5 22.5
28.5 23.5
28.5 24.5
28.5 37.5
28.5 38.5
28.5 39.5
28.5 46.5
28.5 47.5
28.5 58.5
28.5 59.5
28.5 60.5
29.5 12.5
29.5 13.5
29.5 14.5
29.5 15.5
29.5 23.5
29.5 24.5
29.5 37.5
29.5 38.5
29.5 46.5
29.5 47.5
29.5 48.5
29.5 59.5
29.5 60.5
30.5 12.5
30.5 13.5
30.5 14.5
30.5 15.5
30.5 23.5
30.5 24.5
30.5 47.5
31.5 12.5
31.5 13.5
31.5 14.5
35.5 36.5
35.5 49.5
35.5 59.5
35.5 60.5
36.5 26.5
36.5 27.5
36.5 35.5
36.5 36.5
36.5 49.5
36.5 50.5
36.5 58.5
36.5 59.5
36.5 60.5
37.5 10.5
37.5 11.5
37.5 12.5
37.5 26.5
37.5 27.5
37.5 28.5
37.5 34.5
37.5 35.5
37.5 36.5
37.5 49.5
37.5 50.5
37.5 51.5
37.5 57.5
37.5 58.5
37.5 59.5
38.5 9.5
38.5 10.5
38.5 11.5
38.5 12.5
38.5 26.5
38.5 27.5
38.5 28.5
38.5 34.5
38.5 35.5
38.5 36.5
38.5 49.5
38.5 50.5
38.5 51.5
38.5 57.5
38.5 58.5
38.5 59.5
39.5 8.5
39.5 9.5
39.5 10.5
39.5 11.5
39.5 27.5
39.5 28.5
39.5 34.5
39.5 35.5
39.5 50.5
39.5 51.5
39.5 57.5
39.5 58.5
40.5 8.5
40.5 9.5
40.5 10.5
40.5 27.5
40.5 28.5
40.5 33.5
40.5 34.5
40.5 35.5
40.5 50.5
40.5 51.5
40.5 57.5
41.5 28.5
41.5 34.5
41.5 63.5
41.5 64.5
42.5 15.5
42.5 16.5
42.5 17.5
42.5 22.5
42.5 39.5
42.5 40.5
42.5 41.5
42.5 46.5
42.5 62.5
42.5 63.5
42.5 64.5
43.5 14.5
43.5 15.5
43.5 16.5
43.5 22.5
43.5 23.5
43.5 39.5
43.5 40.5
43.5 46.5
43.5 47.5
43.5 62.5
43.5 63.5
43.5 64.5
44.5 13.5
44.5 14.5
44.5 15.5
44.5 22.5
44.5 23.5
44.5 24.5
44.5 38.5
44.5 39.5
44.5 40.5
44.5 47.5
44.5 48.5
44.5 61.5
44.5 62.5
44.5 63.5
45.5 13.5
45.5 14.5
45.5 23.5
45.5 24.5
45.5 38.5
45.5 39.5
45.5 47.5
45.5 48.5
45.5 61.5
45.5 62.5
46.5 24.5
46.5 38.5
46.5 48.5
50.5 12.5
51.5 10.5
51.5 11.5
51.5 12.5
51.5 24.5
51.5 50.5
51.5 60.5
51.5 61.5
52.5 10.5
52.5 11.5
52.5 12.5
52.5 23.5
52.5 24.5
52.5 38.5
52.5 39.5
52.5 50.5
52.5 51.5
52.5 59.5
52.5 60.5
52.5 61.5
53.5 9.5
53.5 10.5
53.5 11.5
53.5 22.5
53.5 23.5
53.5 24.5
53.5 38.5
53.5 39.5
53.5 40.5
53.5 50.5
53.5 51.5
53.5 52.5
53.5 58.5
53.5 59.5
53.5 60.5
54.5 9.5
54.5 10.5
54.5 11.5
54.5 22.5
54.5 23.5
54.5 24.5
54.5 38.5
54.5 39.5
54.5 40.5
54.5 51.5
54.5 52.5
54.5 57.5
54.5 58.5
54.5 59.5
55.5 9.5
55.5 10.5
55.5 21.5
55.5 22.5
55.5 23.5
55.5 39.5
55.5 40.5
55.5 52.5
55.5 57.5
55.5 58.5
56.5 15.5
56.5 16.5
56.5 22.5
56.5 39.5
56.5 40.5
56.5 46.5
56.5 47.5
56.5 64.5
56.5 65.5
57.5 15.5
57.5 16.5
57.5 27.5
57.5 28.5
57.5 33.5
57.5 34.5
57.5 46.5
57.5 47.5
57.5 48.5
57.5 63.5
57.5 64.5
57.5 65.5
58.5 14.5
58.5 15.5
58.5 16.5
58.5 26.5
58.5 27.5
58.5 28.5
58.5 33.5
58.5 34.5
58.5 35.5
58.5 46.5
58.5 47.5
58.5 48.5
58.5 63.5
58.5 64.5
59.5 14.5
59.5 15.5
59.5 26.5
59.5 27.5
59.5 34.5
59.5 35.5
59.5 46.5
59.5 47.5
59.5 48.5
59.5 62.5
59.5 63.5
59.5 64.5
60.5 13.5
60.5 14.5
60.5 15.5
60.5 25.5
60.5 26.5
60.5 27.5
60.5 34.5
60.5 35.5
60.5 36.5
60.5 47.5
60.5 48.5
60.5 49.5
60.5 62.5
60.5 63.5
61.5 14.5
61.5 25.5
61.5 26.5
61.5 35.5
61.5 36.5
61.5 48.5
