4.5 15.5
4.5 16.5
4.5 17.5
4.5 18.5
4.5 19.5
4.5 36.5
4.5 37.5
4.5 38.5
4.5 39.5
4.5 54.5
4.5 55.5
4.5 56.5
4.5 57.5
5.5 17.5
5.5 18.5
5.5 19.5
5.5 20.5
5.5 21.5
5.5 22.5
5.5 30.5
5.5 31.5
5.5 32.5
5.5 33.5
5.5 34.5
5.5 35.5
5.5 36.5
5.5 37.5
5.5 55.5
5.5 56.5
5.5 57.5
5.5 58.5
5.5 59.5
5.5 60.5
5.5 61.5
5.5 62.5
5.5 63.5
6.5 20.5
6.5 21.5
6.5 22.5
6.5 23.5
6.5 24.5
6.5 27.5
6.5 28.5
6.5 29.5
6.5 30.5
6.5 31.5
6.5 32.5
6.5 33.5
6.5 59.5
6.5 60.5
6.5 61.5
6.5 62.5
6.5 63.5
6.5 64.5
6.5 65.5
6.5 66.5
7.5 65.5
7.5 66.5
7.5 67.5
8.5 7.5
8.5 8.5
8.5 9.5
8.5 10.5
8.5 11.5
8.5 12.5
8.5 13.5
8.5 14.5
8.5 15.5
8.5 39.5
8.5 40.5
8.5 41.5
8.5 42.5
8.5 43.5
8.5 44.5
8.5 45.5
8.5 46.5
8.5 47.5
8.5 48.5
8.5 49.5
8.5 50.5
8.5 51.5
8.5 52.5
9.5 10.5
9.5 11.5
9.5 12.5
9.5 13.5
9.5 14.5
9.5 15.5
9.5 16.5
9.5 17.5
9.5 18.5
9.5 35.5
9.5 36.5
9.5 37.5
9.5 38.5
9.5 39.5
9.5 40.5
9.5 41.5
9.5 42.5
9.5 49.5
9.5 50.5
9.5 51.5
9.5 52.5
9.5 53.5
9.5 54.5
9.5 55.5
9.5 56.5
9.5 57.5
10.5 16.5
10.5 17.5
10.5 18.5
10.5 33.5
10.5 34.5
10.5 35.5
10.5 36.5
10.5 37.5
10.5 38.5
10.5 54.5
10.5 55.5
10.5 56.5
10.5 57.5
10.5 58.5
10.5 59.5
10.5 60.5
14.5 13.5
14.5 14.5
14.5 15.5
14.5 16.5
14.5 17.5
14.5 18.5
14.5 33.5
14.5 34.5
14.5 35.5
14.5 36.5
14.5 37.5
14.5 38.5
14.5 54.5
14.5 55.5
14.5 56.5
14.5 57.5
14.5 58.5
15.5 15.5
15.5 16.5
15.5 17.5
15.5 18.5
15.5 19.5
15.5 20.5
15.5 21.5
15.5 22.5
15.5 29.5
15.5 30.5
15.5 31.5
15.5 32.5
15.5 33.5
15.5 34.5
15.5 35.5
15.5 36.5
15.5 55.5
15.5 56.5
15.5 57.5
15.5 58.5
15.5 59.5
15.5 60.5
15.5 61.5
15.5 62.5
16.5 18.5
16.5 19.5
16.5 20.5
16.5 21.5
16.5 22.5
16.5 23.5
16.5 24.5
16.5 27.5
16.5 28.5
16.5 29.5
16.5 30.5
16.5 31.5
16.5 32.5
16.5 33.5
16.5 58.5
16.5 59.5
16.5 60.5
16.5 61.5
16.5 62.5
16.5 63.5
16.5 64.5
16.5 65.5
17.5 23.5
17.5 24.5
17.5 25.5
17.5 26.5
17.5 27.5
17.5 28.5
17.5 44.5
17.5 45.5
17.5 61.5
17.5 62.5
17.5 63.5
17.5 64.5
17.5 65.5
17.5 66.5
17.5 67.5
18.5 6.5
18.5 7.5
18.5 8.5
18.5 9.5
18.5 10.5
18.5 11.5
18.5 39.5
18.5 40.5
18.5 41.5
18.5 42.5
18.5 43.5
18.5 44.5
18.5 47.5
18.5 48.5
18.5 49.5
18.5 50.5
18.5 51.5
18.5 67.5
19.5 9.5
19.5 10.5
19.5 11.5
19.5 12.5
19.5 13.5
19.5 14.5
19.5 36.5
19.5 37.5
19.5 38.5
19.5 39.5
19.5 40.5
19.5 41.5
19.5 49.5
19.5 50.5
19.5 51.5
19.5 52.5
19.5 53.5
19.5 54.5
20.5 12.5
20.5 13.5
20.5 14.5
20.5 15.5
20.5 16.5
20.5 17.5
20.5 34.5
20.5 35.5
20.5 36.5
20.5 37.5
20.5 38.5
20.5 52.5
20.5 53.5
20.5 54.5
20.5 55.5
20.5 56.5
20.5 57.5
21.5 17.5
21.5 18.5
21.5 33.5
21.5 55.5
21.5 56.5
21.5 57.5
21.5 58.5
21.5 59.5
21.5 60.5
24.5 15.5
24.5 16.5
24.5 17.5
24.5 18.5
24.5 35.5
24.5 36.5
24.5 37.5
24.5 38.5
25.5 11.5
25.5 12.5
25.5 13.5
25.5 14.5
25.5 15.5
25.5 16.5
25.5 30.5
25.5 31.5
25.5 32.5
25.5 33.5
25.5 34.5
25.5 35.5
25.5 36.5
25.5 37.5
25.5 54.5
25.5 55.5
25.5 56.5
25.5 57.5
25.5 58.5
25.5 59.5
25.5 60.5
26.5 8.5
26.5 9.5
26.5 10.5
26.5 11.5
26.5 12.5
26.5 13.5
26.5 28.5
26.5 29.5
26.5 30.5
26.5 31.5
26.5 32.5
26.5 33.5
26.5 49.5
26.5 50.5
26.5 51.5
26.5 52.5
26.5 53.5
26.5 54.5
26.5 55.5
26.5 56.5
26.5 57.5
26.5 58.5
27.5 6.5
27.5 7.5
27.5 8.5
27.5 9.5
27.5 21.5
27.5 22.5
27.5 23.5
27.5 24.5
27.5 25.5
27.5 26.5
27.5 27.5
27.5 28.5
27.5 45.5
27.5 46.5
27.5 47.5
27.5 48.5
27.5 49.5
27.5 50.5
27.5 51.5
27.5 52.5
27.5 53.5
28.5 18.5
28.5 19.5
28.5 20.5
28.5 21.5
28.5 22.5
28.5 23.5
28.5 24.5
28.5 39.5
28.5 40.5
28.5 41.5
28.5 42.5
28.5 43.5
28.5 44.5
28.5 45.5
28.5 63.5
28.5 64.5
28.5 65.5
28.5 66.5
28.5 67.5
29.5 15.5
29.5 16.5
29.5 17.5
29.5 18.5
29.5 19.5
29.5 20.5
29.5 36.5
29.5 37.5
29.5 38.5
29.5 39.5
29.5 40.5
29.5 41.5
29.5 42.5
29.5 59.5
29.5 60.5
29.5 61.5
29.5 62.5
29.5 63.5
29.5 64.5
30.5 13.5
30.5 14.5
30.5 15.5
30.5 16.5
30.5 34.5
30.5 35.5
30.5 36.5
30.5 37.5
30.5 38.5
30.5 56.5
30.5 57.5
30.5 58.5
30.5 59.5
30.5 60.5
33.5 13.5
33.5 14.5
33.5 15.5
33.5 34.5
33.5 35.5
34.5 14.5
34.5 15.5
34.5 16.5
34.5 17.5
34.5 18.5
34.5 19.5
34.5 35.5
34.5 36.5
34.5 37.5
34.5 38.5
34.5 39.5
34.5 55.5
34.5 56.5
34.5 57.5
34.5 58.5
34.5 59.5
34.5 60.5
34.5 61.5
35.5 16.5
35.5 17.5
35.5 18.5
35.5 19.5
35.5 20.5
35.5 21.5
35.5 22.5
35.5 37.5
35.5 38.5
35.5 39.5
35.5 40.5
35.5 41.5
35.5 42.5
35.5 58.5
35.5 59.5
35.5 60.5
35.5 61.5
35.5 62.5
35.5 63.5
35.5 64.5
35.5 65.5
36.5 19.5
36.5 20.5
36.5 21.5
36.5 22.5
36.5 23.5
36.5 24.5
36.5 39.5
36.5 40.5
36.5 41.5
36.5 42.5
36.5 43.5
36.5 44.5
36.5 62.5
36.5 63.5
36.5 64.5
36.5 65.5
36.5 66.5
36.5 67.5
37.5 7.5
37.5 8.5
37.5 9.5
37.5 22.5
37.5 23.5
37.5 24.5
37.5 25.5
37.5 26.5
37.5 27.5
37.5 28.5
37.5 29.5
37.5 30.5
37.5 41.5
37.5 42.5
37.5 43.5
37.5 44.5
37.5 45.5
37.5 46.5
38.5 8.5
38.5 9.5
38.5 10.5
38.5 11.5
38.5 12.5
38.5 29.5
38.5 30.5
38.5 31.5
38.5 32.5
38.5 33.5
38.5 45.5
38.5 46.5
38.5 47.5
38.5 48.5
38.5 49.5
38.5 50.5
38.5 51.5
38.5 52.5
38.5 53.5
38.5 54.5
38.5 55.5
39.5 10.5
39.5 11.5
39.5 12.5
39.5 13.5
39.5 14.5
39.5 15.5
39.5 30.5
39.5 31.5
39.5 32.5
39.5 33.5
39.5 34.5
39.5 35.5
39.5 50.5
39.5 51.5
39.5 52.5
39.5 53.5
39.5 54.5
39.5 55.5
39.5 56.5
39.5 57.5
39.5 58.5
40.5 12.5
40.5 13.5
40.5 14.5
40.5 15.5
40.5 16.5
40.5 17.5
40.5 33.5
40.5 34.5
40.5 35.5
40.5 36.5
40.5 37.5
40.5 54.5
40.5 55.5
40.5 56.5
40.5 57.5
40.5 58.5
40.5 59.5
41.5 15.5
41.5 16.5
41.5 17.5
41.5 18.5
41.5 19.5
41.5 35.5
41.5 36.5
41.5 37.5
41.5 38.5
41.5 39.5
42.5 18.5
42.5 19.5
42.5 39.5
43.5 59.5
44.5 56.5
44.5 57.5
44.5 58.5
45.5 14.5
45.5 15.5
45.5 16.5
45.5 17.5
45.5 18.5
45.5 34.5
45.5 35.5
45.5 36.5
45.5 37.5
45.5 38.5
45.5 54.5
45.5 55.5
45.5 56.5
45.5 57.5
46.5 16.5
46.5 17.5
46.5 18.5
46.5 19.5
46.5 20.5
46.5 21.5
46.5 22.5
46.5 23.5
46.5 30.5
46.5 31.5
46.5 32.5
46.5 33.5
46.5 34.5
46.5 35.5
46.5 52.5
46.5 53.5
46.5 54.5
46.5 55.5
47.5 21.5
47.5 22.5
47.5 23.5
47.5 24.5
47.5 25.5
47.5 27.5
47.5 28.5
47.5 29.5
47.5 30.5
47.5 31.5
47.5 50.5
47.5 51.5
47.5 52.5
47.5 53.5
47.5 63.5
47.5 64.5
47.5 65.5
47.5 66.5
48.5 8.5
48.5 9.5
48.5 10.5
48.5 11.5
48.5 12.5
48.5 49.5
48.5 50.5
48.5 51.5
48.5 61.5
48.5 62.5
48.5 63.5
48.5 64.5
48.5 65.5
49.5 12.5
49.5 13.5
49.5 14.5
49.5 15.5
49.5 16.5
49.5 37.5
49.5 38.5
49.5 39.5
49.5 40.5
49.5 41.5
49.5 42.5
49.5 43.5
49.5 44.5
49.5 45.5
49.5 46.5
49.5 48.5
49.5 58.5
49.5 59.5
49.5 60.5
49.5 61.5
49.5 62.5
49.5 63.5
50.5 16.5
50.5 17.5
50.5 18.5
50.5 19.5
50.5 34.5
50.5 35.5
50.5 36.5
50.5 37.5
50.5 38.5
50.5 39.5
50.5 40.5
50.5 41.5
50.5 42.5
50.5 43.5
50.5 57.5
50.5 58.5
50.5 59.5
50.5 60.5
50.5 61.5
51.5 55.5
51.5 56.5
51.5 57.5
51.5 58.5
51.5 59.5
52.5 55.5
53.5 13.5
53.5 14.5
53.5 15.5
53.5 16.5
54.5 15.5
54.5 16.5
54.5 17.5
54.5 18.5
54.5 19.5
55.5 17.5
55.5 18.5
55.5 19.5
55.5 20.5
55.5 21.5
55.5 33.5
55.5 34.5
55.5 35.5
55.5 36.5
55.5 37.5
55.5 38.5
55.5 39.5
55.5 40.5
55.5 55.5
55.5 56.5
55.5 57.5
55.5 58.5
56.5 19.5
56.5 20.5
56.5 21.5
56.5 22.5
56.5 23.5
56.5 29.5
56.5 30.5
56.5 31.5
56.5 32.5
56.5 33.5
56.5 34.5
56.5 35.5
56.5 36.5
56.5 37.5
56.5 57.5
56.5 58.5
56.5 59.5
56.5 60.5
56.5 61.5
56.5 62.5
57.5 6.5
57.5 7.5
57.5 21.5
57.5 22.5
57.5 23.5
57.5 24.5
57.5 26.5
57.5 27.5
57.5 28.5
57.5 29.5
57.5 30.5
57.5 31.5
57.5 32.5
57.5 33.5
57.5 59.5
57.5 60.5
57.5 61.5
57.5 62.5
57.5 63.5
57.5 64.5
57.5 65.5
58.5 6.5
58.5 7.5
58.5 8.5
58.5 9.5
58.5 10.5
58.5 11.5
58.5 25.5
58.5 63.5
58.5 64.5
58.5 65.5
58.5 66.5
58.5 67.5
59.5 7.5
59.5 8.5
59.5 9.5
59.5 10.5
59.5 11.5
59.5 12.5
59.5 13.5
59.5 14.5
59.5 41.5
59.5 42.5
59.5 43.5
59.5 44.5
59.5 45.5
59.5 46.5
59.5 47.5
59.5 49.5
59.5 50.5
59.5 51.5
59.5 52.5
59.5 53.5
59.5 54.5
60.5 10.5
60.5 11.5
60.5 12.5
60.5 13.5
60.5 14.5
60.5 15.5
60.5 16.5
60.5 37.5
60.5 38.5
60.5 39.5
60.5 40.5
60.5 41.5
60.5 42.5
60.5 43.5
60.5 44.5
60.5 52.5
60.5 53.5
60.5 54.5
60.5 55.5
60.5 56.5
60.5 57.5
61.5 13.5
61.5 14.5
61.5 15.5
61.5 16.5
61.5 17.5
61.5 18.5
61.5 34.5
61.5 35.5
61.5 36.5
61.5 37.5
61.5 38.5
61.5 39.5
61.5 40.5
61.5 55.5
61.5 56.5
61.5 57.5
61.5 58.5
61.5 59.5
62.5 59.5
62.5 60.5
62.5 61.5
