3.5 9.5
3.5 10.5
3.5 11.5
3.5 12.5
4.5 8.5
4.5 9.5
4.5 10.5
4.5 11.5
4.5 12.5
4.5 22.5
4.5 23.5
4.5 24.5
4.5 34.5
4.5 35.5
5.5 7.5
5.5 8.5
5.5 9.5
5.5 10.5
5.5 11.5
5.5 12.5
5.5 22.5
5.5 23.5
5.5 24.5
5.5 33.5
5.5 34.5
5.5 35.5
5.5 36.5
5.5 45.5
5.5 46.5
5.5 47.5
5.5 48.5
5.5 61.5
5.5 62.5
5.5 63.5
5.5 64.5
6.5 6.5
6.5 7.5
6.5 8.5
6.5 9.5
6.5 10.5
6.5 11.5
6.5 21.5
6.5 22.5
6.5 23.5
6.5 24.5
6.5 32.5
6.5 33.5
6.5 34.5
6.5 35.5
6.5 36.5
6.5 45.5
6.5 46.5
6.5 47.5
6.5 48.5
6.5 49.5
6.5 61.5
6.5 62.5
6.5 63.5
6.5 64.5
6.5 65.5
7.5 7.5
7.5 8.5
7.5 9.5
7.5 10.5
7.5 15.5
7.5 16.5
7.5 21.5
7.5 22.5
7.5 23.5
7.5 24.5
7.5 32.5
7.5 33.5
7.5 34.5
7.5 35.5
7.5 45.5
7.5 46.5
7.5 47.5
7.5 48.5
7.5 49.5
7.5 62.5
7.5 63.5
7.5 64.5
7.5 65.5
8.5 13.5
8.5 14.5
8.5 15.5
8.5 16.5
8.5 17.5
8.5 21.5
8.5 22.5
8.5 23.5
8.5 27.5
8.5 28.5
8.5 33.5
8.5 38.5
8.5 39.5
8.5 40.5
8.5 45.5
8.5 46.5
8.5 47.5
8.5 48.5
8.5 57.5
8.5 58.5
8.5 63.5
8.5 64.5
8.5 65.5
9.5 12.5
9.5 13.5
9.5 14.5
9.5 15.5
9.5 16.5
9.5 17.5
9.5 26.5
9.5 27.5
9.5 28.5
9.5 37.5
9.5 38.5
9.5 39.5
9.5 40.5
9.5 41.5
9.5 45.5
9.5 46.5
9.5 47.5
9.5 51.5
9.5 52.5
9.5 56.5
9.5 57.5
9.5 58.5
9.5 59.5
9.5 60.5
10.5 11.5
10.5 12.5
10.5 13.5
10.5 14.5
10.5 15.5
10.5 16.5
10.5 17.5
10.5 25.5
10.5 26.5
10.5 27.5
10.5 28.5
10.5 37.5
10.5 38.5
10.5 39.5
10.5 40.5
10.5 41.5
10.5 50.5
10.5 51.5
10.5 52.5
10.5 56.5
10.5 57.5
10.5 58.5
10.5 59.5
10.5 60.5
10.5 61.5
11.5 11.5
11.5 12.5
11.5 13.5
11.5 14.5
11.5 15.5
11.5 16.5
11.5 25.5
11.5 26.5
11.5 27.5
11.5 28.5
11.5 37.5
11.5 38.5
11.5 39.5
11.5 40.5
11.5 41.5
11.5 49.5
11.5 50.5
11.5 51.5
11.5 52.5
11.5 56.5
11.5 57.5
11.5 58.5
11.5 59.5
11.5 60.5
11.5 61.5
12.5 12.5
12.5 13.5
12.5 14.5
12.5 15.5
12.5 25.5
12.5 26.5
12.5 27.5
12.5 38.5
12.5 39.5
12.5 40.5
12.5 49.5
12.5 50.5
12.5 51.5
12.5 57.5
12.5 58.5
12.5 59.5
12.5 60.5
12.5 61.5
13.5 49.5
13.5 50.5
16.5 9.5
16.5 10.5
16.5 11.5
16.5 25.5
16.5 26.5
16.5 27.5
16.5 38.5
16.5 39.5
16.5 61.5
16.5 62.5
16.5 63.5
17.5 7.5
17.5 8.5
17.5 9.5
17.5 10.5
17.5 11.5
17.5 12.5
17.5 25.5
17.5 26.5
17.5 27.5
17.5 28.5
17.5 37.5
17.5 38.5
17.5 39.5
17.5 40.5
17.5 49.5
17.5 50.5
17.5 51.5
17.5 60.5
17.5 61.5
17.5 62.5
17.5 63.5
17.5 64.5
18.5 7.5
18.5 8.5
18.5 9.5
18.5 10.5
18.5 11.5
18.5 12.5
18.5 25.5
18.5 26.5
18.5 27.5
18.5 28.5
18.5 29.5
18.5 37.5
18.5 38.5
18.5 39.5
18.5 40.5
18.5 41.5
18.5 49.5
18.5 50.5
18.5 51.5
18.5 52.5
18.5 60.5
18.5 61.5
18.5 62.5
18.5 63.5
18.5 64.5
18.5 65.5
19.5 7.5
19.5 8.5
19.5 9.5
19.5 10.5
19.5 11.5
19.5 12.5
19.5 25.5
19.5 26.5
19.5 27.5
19.5 28.5
19.5 37.5
19.5 38.5
19.5 39.5
19.5 40.5
19.5 41.5
19.5 50.5
19.5 51.5
19.5 52.5
19.5 60.5
19.5 61.5
19.5 62.5
19.5 63.5
19.5 64.5
19.5 65.5
20.5 7.5
20.5 8.5
20.5 9.5
20.5 10.5
20.5 11.5
20.5 26.5
20.5 27.5
20.5 28.5
20.5 32.5
20.5 33.5
20.5 34.5
20.5 35.5
20.5 38.5
20.5 39.5
20.5 40.5
20.5 41.5
20.5 50.5
20.5 51.5
20.5 52.5
20.5 61.5
20.5 62.5
20.5 63.5
20.5 64.5
20.5 65.5
21.5 8.5
21.5 9.5
21.5 15.5
21.5 16.5
21.5 22.5
21.5 23.5
21.5 32.5
21.5 33.5
21.5 34.5
21.5 35.5
21.5 36.5
21.5 40.5
21.5 46.5
21.5 47.5
21.5 48.5
21.5 52.5
21.5 56.5
21.5 57.5
21.5 58.5
21.5 63.5
22.5 13.5
22.5 14.5
22.5 15.5
22.5 16.5
22.5 17.5
22.5 21.5
22.5 22.5
22.5 23.5
22.5 24.5
22.5 32.5
22.5 33.5
22.5 34.5
22.5 35.5
22.5 36.5
22.5 45.5
22.5 46.5
22.5 47.5
22.5 48.5
22.5 49.5
22.5 56.5
22.5 57.5
22.5 58.5
22.5 59.5
23.5 12.5
23.5 13.5
23.5 14.5
23.5 15.5
23.5 16.5
23.5 17.5
23.5 21.5
23.5 22.5
23.5 23.5
23.5 24.5
23.5 33.5
23.5 34.5
23.5 35.5
23.5 36.5
23.5 45.5
23.5 46.5
23.5 47.5
23.5 48.5
23.5 49.5
23.5 57.5
23.5 58.5
23.5 59.5
23.5 60.5
24.5 12.5
24.5 13.5
24.5 14.5
24.5 15.5
24.5 16.5
24.5 17.5
24.5 22.5
24.5 23.5
24.5 24.5
24.5 25.5
24.5 34.5
24.5 35.5
24.5 36.5
24.5 46.5
24.5 47.5
24.5 48.5
24.5 49.5
24.5 58.5
24.5 59.5
24.5 60.5
25.5 12.5
25.5 13.5
25.5 14.5
25.5 15.5
25.5 16.5
25.5 23.5
25.5 24.5
25.5 47.5
25.5 48.5
25.5 59.5
25.5 60.5
26.5 13.5
26.5 14.5
26.5 15.5
28.5 35.5
29.5 10.5
29.5 11.5
29.5 12.5
29.5 26.5
29.5 27.5
29.5 33.5
29.5 34.5
29.5 35.5
29.5 36.5
29.5 46.5
29.5 47.5
29.5 48.5
29.5 61.5
29.5 62.5
29.5 63.5
30.5 9.5
30.5 10.5
30.5 11.5
30.5 12.5
30.5 13.5
30.5 25.5
30.5 26.5
30.5 27.5
30.5 28.5
30.5 33.5
30.5 34.5
30.5 35.5
30.5 36.5
30.5 45.5
30.5 46.5
30.5 47.5
30.5 48.5
30.5 49.5
30.5 61.5
30.5 62.5
30.5 63.5
30.5 64.5
31.5 8.5
31.5 9.5
31.5 10.5
31.5 11.5
31.5 12.5
31.5 13.5
31.5 26.5
31.5 27.5
31.5 28.5
31.5 29.5
31.5 32.5
31.5 33.5
31.5 34.5
31.5 35.5
31.5 36.5
31.5 44.5
31.5 45.5
31.5 46.5
31.5 47.5
31.5 48.5
31.5 61.5
31.5 62.5
31.5 63.5
31.5 64.5
32.5 8.5
32.5 9.5
32.5 10.5
32.5 11.5
32.5 12.5
32.5 26.5
32.5 27.5
32.5 28.5
32.5 29.5
32.5 33.5
32.5 34.5
32.5 35.5
32.5 36.5
32.5 44.5
32.5 45.5
32.5 46.5
32.5 47.5
32.5 48.5
32.5 62.5
32.5 63.5
32.5 64.5
33.5 9.5
33.5 10.5
33.5 11.5
33.5 15.5
33.5 16.5
33.5 23.5
33.5 27.5
33.5 28.5
33.5 34.5
33.5 38.5
33.5 39.5
33.5 40.5
33.5 45.5
33.5 46.5
33.5 47.5
33.5 51.5
33.5 52.5
33.5 53.5
33.5 58.5
33.5 59.5
33.5 63.5
34.5 14.5
34.5 15.5
34.5 16.5
34.5 17.5
34.5 21.5
34.5 22.5
34.5 23.5
34.5 24.5
34.5 25.5
34.5 37.5
34.5 38.5
34.5 39.5
34.5 40.5
34.5 50.5
34.5 51.5
34.5 52.5
34.5 53.5
34.5 57.5
34.5 58.5
34.5 59.5
34.5 60.5
35.5 13.5
35.5 14.5
35.5 15.5
35.5 16.5
35.5 17.5
35.5 21.5
35.5 22.5
35.5 23.5
35.5 24.5
35.5 25.5
35.5 37.5
35.5 38.5
35.5 39.5
35.5 40.5
35.5 49.5
35.5 50.5
35.5 51.5
35.5 52.5
35.5 53.5
35.5 57.5
35.5 58.5
35.5 59.5
35.5 60.5
35.5 61.5
36.5 13.5
36.5 14.5
36.5 15.5
36.5 16.5
36.5 21.5
36.5 22.5
36.5 23.5
36.5 24.5
36.5 25.5
36.5 37.5
36.5 38.5
36.5 39.5
36.5 40.5
36.5 49.5
36.5 50.5
36.5 51.5
36.5 52.5
36.5 53.5
36.5 58.5
36.5 59.5
36.5 60.5
36.5 61.5
37.5 13.5
37.5 14.5
37.5 22.5
37.5 23.5
37.5 24.5
37.5 25.5
37.5 37.5
37.5 38.5
37.5 39.5
37.5 49.5
37.5 50.5
37.5 51.5
37.5 52.5
37.5 59.5
37.5 60.5
37.5 61.5
38.5 50.5
38.5 51.5
41.5 9.5
41.5 10.5
41.5 11.5
41.5 12.5
41.5 25.5
41.5 26.5
41.5 27.5
41.5 37.5
41.5 38.5
41.5 39.5
41.5 50.5
41.5 62.5
41.5 63.5
42.5 8.5
42.5 9.5
42.5 10.5
42.5 11.5
42.5 12.5
42.5 24.5
42.5 25.5
42.5 26.5
42.5 27.5
42.5 28.5
42.5 37.5
42.5 38.5
42.5 39.5
42.5 40.5
42.5 49.5
42.5 50.5
42.5 51.5
42.5 52.5
42.5 61.5
42.5 62.5
42.5 63.5
42.5 64.5
43.5 8.5
43.5 9.5
43.5 10.5
43.5 11.5
43.5 12.5
43.5 24.5
43.5 25.5
43.5 26.5
43.5 27.5
43.5 28.5
43.5 29.5
43.5 37.5
43.5 38.5
43.5 39.5
43.5 40.5
43.5 49.5
43.5 50.5
43.5 51.5
43.5 52.5
43.5 53.5
43.5 62.5
43.5 63.5
43.5 64.5
43.5 65.5
44.5 8.5
44.5 9.5
44.5 10.5
44.5 11.5
44.5 25.5
44.5 26.5
44.5 27.5
44.5 28.5
44.5 29.5
44.5 38.5
44.5 39.5
44.5 40.5
44.5 50.5
44.5 51.5
44.5 52.5
44.5 53.5
44.5 62.5
44.5 63.5
44.5 64.5
44.5 65.5
45.5 8.5
45.5 9.5
45.5 10.5
45.5 15.5
45.5 21.5
45.5 26.5
45.5 27.5
45.5 28.5
45.5 33.5
45.5 34.5
45.5 35.5
45.5 39.5
45.5 40.5
45.5 44.5
45.5 45.5
45.5 46.5
45.5 47.5
45.5 58.5
45.5 59.5
45.5 60.5
45.5 64.5
46.5 13.5
46.5 14.5
46.5 15.5
46.5 16.5
46.5 20.5
46.5 21.5
46.5 22.5
46.5 23.5
46.5 33.5
46.5 34.5
46.5 35.5
46.5 36.5
46.5 44.5
46.5 45.5
46.5 46.5
46.5 47.5
46.5 48.5
46.5 57.5
46.5 58.5
46.5 59.5
46.5 60.5
46.5 61.5
47.5 12.5
47.5 13.5
47.5 14.5
47.5 15.5
47.5 16.5
47.5 20.5
47.5 21.5
47.5 22.5
47.5 23.5
47.5 24.5
47.5 33.5
47.5 34.5
47.5 35.5
47.5 36.5
47.5 45.5
47.5 46.5
47.5 47.5
47.5 48.5
47.5 58.5
47.5 59.5
47.5 60.5
47.5 61.5
48.5 12.5
48.5 13.5
48.5 14.5
48.5 15.5
48.5 16.5
48.5 21.5
48.5 22.5
48.5 23.5
48.5 24.5
48.5 33.5
48.5 34.5
48.5 35.5
48.5 36.5
48.5 46.5
48.5 47.5
48.5 48.5
48.5 59.5
48.5 60.5
48.5 61.5
49.5 12.5
49.5 13.5
49.5 14.5
49.5 15.5
49.5 21.5
49.5 22.5
49.5 23.5
49.5 24.5
49.5 34.5
49.5 35.5
49.5 36.5
50.5 13.5
50.5 14.5
50.5 23.5
52.5 46.5
52.5 47.5
52.5 48.5
52.5 61.5
52.5 62.5
52.5 63.5
53.5 11.5
53.5 36.5
53.5 37.5
53.5 38.5
53.5 39.5
53.5 45.5
53.5 46.5
53.5 47.5
53.5 48.5
53.5 60.5
53.5 61.5
53.5 62.5
53.5 63.5
53.5 64.5
54.5 9.5
54.5 10.5
54.5 11.5
54.5 12.5
54.5 13.5
54.5 25.5
54.5 26.5
54.5 27.5
54.5 36.5
54.5 37.5
54.5 38.5
54.5 39.5
54.5 40.5
54.5 45.5
54.5 46.5
54.5 47.5
54.5 48.5
54.5 60.5
54.5 61.5
54.5 62.5
54.5 63.5
54.5 64.5
55.5 9.5
55.5 10.5
55.5 11.5
55.5 12.5
55.5 13.5
55.5 24.5
55.5 25.5
55.5 26.5
55.5 27.5
55.5 28.5
55.5 36.5
55.5 37.5
55.5 38.5
55.5 39.5
55.5 40.5
55.5 44.5
55.5 45.5
55.5 46.5
55.5 47.5
55.5 48.5
55.5 61.5
55.5 62.5
55.5 63.5
55.5 64.5
56.5 9.5
56.5 10.5
56.5 11.5
56.5 12.5
56.5 25.5
56.5 26.5
56.5 27.5
56.5 28.5
56.5 37.5
56.5 38.5
56.5 39.5
56.5 40.5
56.5 45.5
56.5 46.5
56.5 47.5
56.5 51.5
56.5 52.5
56.5 57.5
56.5 58.5
56.5 61.5
56.5 62.5
56.5 63.5
56.5 64.5
57.5 10.5
57.5 11.5
57.5 15.5
57.5 16.5
57.5 25.5
57.5 26.5
57.5 27.5
57.5 28.5
57.5 33.5
57.5 34.5
57.5 39.5
57.5 40.5
57.5 49.5
57.5 50.5
57.5 51.5
57.5 52.5
57.5 56.5
57.5 57.5
57.5 58.5
57.5 59.5
58.5 14.5
58.5 15.5
58.5 16.5
58.5 17.5
58.5 21.5
58.5 22.5
58.5 23.5
58.5 26.5
58.5 27.5
58.5 32.5
58.5 33.5
58.5 34.5
58.5 35.5
58.5 36.5
58.5 49.5
58.5 50.5
58.5 51.5
58.5 52.5
58.5 56.5
58.5 57.5
58.5 58.5
58.5 59.5
59.5 13.5
59.5 14.5
59.5 15.5
59.5 16.5
59.5 17.5
59.5 20.5
59.5 21.5
59.5 22.5
59.5 23.5
59.5 24.5
59.5 32.5
59.5 33.5
59.5 34.5
59.5 35.5
59.5 36.5
59.5 49.5
59.5 50.5
59.5 51.5
59.5 52.5
59.5 56.5
59.5 57.5
59.5 58.5
59.5 59.5
59.5 60.5
60.5 13.5
60.5 14.5
60.5 15.5
60.5 16.5
60.5 21.5
60.5 22.5
60.5 23.5
60.5 24.5
60.5 32.5
60.5 33.5
60.5 34.5
60.5 35.5
60.5 36.5
60.5 49.5
60.5 50.5
60.5 51.5
60.5 52.5
60.5 57.5
60.5 58.5
60.5 59.5
60.5 60.5
61.5 14.5
61.5 15.5
61.5 21.5
61.5 22.5
61.5 23.5
61.5 24.5
61.5 33.5
61.5 34.5
61.5 35.5
61.5 36.5
61.5 49.5
61.5 50.5
61.5 58.5
61.5 59.5
62.5 23.5
