4.5 20.5
4.5 42.5
4.5 62.5
5.5 12.5
5.5 20.5
5.5 51.5
5.5 61.5
6.5 32.5
6.5 43.5
6.5 51.5
6.5 61.5
7.5 13.5
7.5 19.5
7.5 33.5
7.5 43.5
7.5 50.5
7.5 60.5
8.5 13.5
8.5 44.5
8.5 50.5
9.5 18.5
9.5 24.5
9.5 28.5
9.5 34.5
9.5 38.5
9.5 44.5
9.5 49.5
9.5 59.5
9.5 65.5
10.5 9.5
10.5 14.5
10.5 18.5
10.5 29.5
10.5 49.5
10.5 55.5
10.5 65.5
11.5 9.5
11.5 23.5
11.5 29.5
11.5 39.5
11.5 54.5
11.5 64.5
12.5 23.5
12.5 40.5
12.5 64.5
13.5 10.5
13.5 23.5
13.5 30.5
13.5 53.5
13.5 64.5
14.5 10.5
14.5 22.5
14.5 41.5
14.5 64.5
15.5 22.5
15.5 31.5
16.5 11.5
16.5 63.5
18.5 41.5
19.5 32.5
20.5 21.5
20.5 40.5
20.5 51.5
20.5 62.5
21.5 12.5
21.5 21.5
21.5 40.5
21.5 63.5
22.5 20.5
22.5 33.5
22.5 39.5
22.5 50.5
22.5 64.5
23.5 13.5
23.5 19.5
23.5 33.5
23.5 39.5
23.5 50.5
23.5 64.5
24.5 19.5
24.5 33.5
24.5 38.5
24.5 49.5
24.5 59.5
24.5 65.5
25.5 8.5
25.5 14.5
25.5 44.5
25.5 49.5
26.5 9.5
26.5 24.5
26.5 29.5
26.5 44.5
26.5 54.5
26.5 60.5
27.5 9.5
27.5 43.5
27.5 54.5
27.5 60.5
28.5 10.5
28.5 23.5
28.5 30.5
28.5 43.5
29.5 10.5
29.5 22.5
29.5 30.5
29.5 42.5
29.5 53.5
29.5 61.5
30.5 42.5
30.5 53.5
30.5 61.5
35.5 22.5
35.5 41.5
35.5 62.5
36.5 10.5
36.5 30.5
36.5 53.5
37.5 10.5
37.5 23.5
37.5 40.5
37.5 61.5
38.5 9.5
38.5 29.5
38.5 40.5
38.5 54.5
38.5 61.5
39.5 9.5
39.5 24.5
39.5 29.5
39.5 34.5
39.5 39.5
39.5 55.5
39.5 60.5
40.5 14.5
40.5 19.5
40.5 34.5
40.5 39.5
40.5 60.5
40.5 65.5
41.5 14.5
41.5 19.5
41.5 44.5
41.5 49.5
41.5 65.5
42.5 20.5
42.5 33.5
42.5 50.5
43.5 13.5
43.5 20.5
43.5 33.5
43.5 43.5
43.5 50.5
43.5 51.5
43.5 64.5
44.5 13.5
44.5 33.5
44.5 43.5
44.5 51.5
44.5 64.5
45.5 21.5
45.5 42.5
45.5 52.5
46.5 42.5
50.5 12.5
50.5 22.5
50.5 41.5
50.5 52.5
51.5 33.5
51.5 53.5
51.5 64.5
52.5 13.5
52.5 23.5
52.5 40.5
52.5 53.5
52.5 64.5
53.5 13.5
53.5 23.5
53.5 34.5
53.5 54.5
54.5 39.5
54.5 54.5
54.5 55.5
54.5 65.5
55.5 24.5
55.5 29.5
55.5 35.5
55.5 39.5
55.5 55.5
55.5 65.5
56.5 14.5
56.5 18.5
56.5 43.5
56.5 48.5
57.5 10.5
57.5 19.5
57.5 30.5
57.5 43.5
57.5 49.5
57.5 61.5
58.5 10.5
58.5 19.5
58.5 30.5
58.5 61.5
59.5 31.5
59.5 42.5
59.5 50.5
59.5 61.5
60.5 20.5
60.5 31.5
60.5 51.5
