3.5 11.5
3.5 12.5
3.5 24.5
3.5 34.5
3.5 48.5
4.5 13.5
4.5 23.5
4.5 35.5
4.5 36.5
4.5 47.5
4.5 61.5
5.5 14.5
5.5 15.5
5.5 22.5
5.5 37.5
5.5 38.5
5.5 46.5
5.5 60.5
6.5 7.5
6.5 16.5
6.5 21.5
6.5 40.5
6.5 45.5
6.5 58.5
7.5 8.5
7.5 17.5
7.5 20.5
7.5 28.5
7.5 31.5
7.5 42.5
7.5 56.5
7.5 57.5
7.5 65.5
8.5 26.5
8.5 33.5
8.5 55.5
8.5 64.5
9.5 25.5
9.5 35.5
9.5 50.5
9.5 51.5
9.5 62.5
10.5 12.5
10.5 23.5
10.5 37.5
10.5 47.5
10.5 48.5
10.5 61.5
11.5 13.5
12.5 37.5
13.5 11.5
13.5 24.5
13.5 36.5
14.5 13.5
14.5 22.5
14.5 35.5
14.5 49.5
14.5 61.5
15.5 14.5
15.5 20.5
15.5 34.5
15.5 48.5
15.5 62.5
15.5 63.5
16.5 28.5
16.5 33.5
16.5 47.5
16.5 64.5
17.5 8.5
17.5 27.5
17.5 32.5
17.5 46.5
17.5 66.5
18.5 9.5
18.5 10.5
18.5 25.5
18.5 26.5
18.5 31.5
18.5 41.5
18.5 45.5
18.5 57.5
19.5 11.5
19.5 24.5
19.5 39.5
19.5 40.5
19.5 52.5
19.5 59.5
20.5 12.5
20.5 23.5
20.5 38.5
20.5 51.5
20.5 61.5
21.5 22.5
21.5 36.5
21.5 37.5
21.5 50.5
22.5 35.5
22.5 49.5
23.5 11.5
24.5 12.5
24.5 22.5
24.5 23.5
24.5 61.5
25.5 12.5
25.5 13.5
25.5 21.5
25.5 22.5
25.5 50.5
25.5 62.5
26.5 13.5
26.5 14.5
26.5 20.5
26.5 37.5
26.5 38.5
26.5 51.5
26.5 63.5
27.5 14.5
27.5 19.5
27.5 32.5
27.5 33.5
27.5 53.5
27.5 64.5
28.5 8.5
28.5 18.5
28.5 43.5
28.5 54.5
28.5 65.5
29.5 9.5
29.5 27.5
29.5 28.5
29.5 41.5
29.5 46.5
30.5 10.5
30.5 24.5
30.5 25.5
30.5 39.5
30.5 48.5
31.5 11.5
31.5 37.5
31.5 50.5
31.5 60.5
33.5 37.5
34.5 22.5
34.5 38.5
34.5 49.5
34.5 60.5
35.5 11.5
35.5 25.5
35.5 26.5
35.5 27.5
35.5 39.5
35.5 50.5
35.5 61.5
36.5 10.5
36.5 29.5
36.5 30.5
36.5 31.5
36.5 33.5
36.5 39.5
36.5 51.5
36.5 62.5
37.5 9.5
37.5 34.5
37.5 40.5
37.5 52.5
37.5 63.5
38.5 8.5
38.5 16.5
38.5 19.5
38.5 20.5
38.5 41.5
38.5 44.5
38.5 53.5
38.5 57.5
38.5 64.5
39.5 15.5
39.5 21.5
39.5 22.5
39.5 35.5
39.5 45.5
39.5 54.5
39.5 58.5
40.5 14.5
40.5 23.5
40.5 36.5
40.5 46.5
40.5 47.5
40.5 59.5
41.5 13.5
41.5 25.5
41.5 48.5
41.5 60.5
42.5 12.5
42.5 49.5
42.5 61.5
43.5 36.5
43.5 62.5
44.5 24.5
45.5 25.5
45.5 35.5
46.5 12.5
46.5 26.5
46.5 27.5
46.5 34.5
46.5 46.5
46.5 47.5
46.5 48.5
46.5 61.5
46.5 62.5
47.5 10.5
47.5 28.5
47.5 34.5
47.5 43.5
47.5 44.5
47.5 63.5
47.5 64.5
48.5 8.5
48.5 29.5
48.5 33.5
48.5 65.5
48.5 66.5
49.5 16.5
49.5 17.5
49.5 21.5
49.5 30.5
49.5 39.5
49.5 52.5
49.5 55.5
49.5 56.5
50.5 14.5
50.5 15.5
50.5 22.5
50.5 38.5
50.5 50.5
50.5 58.5
50.5 59.5
51.5 12.5
51.5 13.5
51.5 24.5
51.5 37.5
51.5 48.5
51.5 61.5
51.5 62.5
52.5 11.5
52.5 25.5
52.5 36.5
53.5 27.5
54.5 36.5
54.5 49.5
55.5 11.5
55.5 37.5
55.5 47.5
55.5 48.5
55.5 60.5
56.5 13.5
56.5 25.5
56.5 38.5
56.5 46.5
56.5 61.5
56.5 62.5
57.5 14.5
57.5 15.5
57.5 27.5
57.5 39.5
57.5 45.5
57.5 63.5
58.5 16.5
58.5 18.5
58.5 29.5
58.5 31.5
58.5 40.5
58.5 44.5
58.5 53.5
58.5 55.5
58.5 64.5
59.5 9.5
59.5 20.5
59.5 33.5
59.5 51.5
59.5 56.5
59.5 66.5
60.5 10.5
60.5 22.5
60.5 23.5
60.5 34.5
60.5 35.5
60.5 50.5
60.5 57.5
60.5 67.5
61.5 11.5
61.5 24.5
61.5 25.5
61.5 36.5
61.5 48.5
61.5 49.5
61.5 59.5
62.5 47.5
62.5 60.5
63.5 61.5
