4.5 57.5
5.5 36.5
5.5 37.5
5.5 55.5
5.5 56.5
5.5 57.5
6.5 15.5
6.5 16.5
6.5 34.5
6.5 35.5
6.5 36.5
6.5 53.5
6.5 54.5
6.5 55.5
7.5 13.5
7.5 14.5
7.5 15.5
7.5 32.5
7.5 33.5
7.5 34.5
7.5 51.5
7.5 52.5
7.5 53.5
7.5 54.5
8.5 11.5
8.5 12.5
8.5 13.5
8.5 14.5
8.5 30.5
8.5 31.5
8.5 32.5
8.5 50.5
8.5 51.5
8.5 52.5
9.5 10.5
9.5 11.5
9.5 29.5
9.5 30.5
9.5 49.5
9.5 50.5
10.5 23.5
10.5 42.5
10.5 43.5
10.5 44.5
10.5 63.5
10.5 64.5
11.5 20.5
11.5 21.5
11.5 22.5
11.5 40.5
11.5 41.5
11.5 42.5
11.5 61.5
11.5 62.5
11.5 63.5
12.5 18.5
12.5 19.5
12.5 20.5
12.5 21.5
12.5 38.5
12.5 39.5
12.5 40.5
12.5 41.5
12.5 59.5
12.5 60.5
12.5 61.5
12.5 62.5
13.5 17.5
13.5 18.5
13.5 19.5
13.5 36.5
13.5 37.5
13.5 38.5
13.5 39.5
13.5 58.5
13.5 59.5
13.5 60.5
13.5 61.5
14.5 16.5
14.5 17.5
14.5 36.5
14.5 57.5
14.5 58.5
14.5 59.5
15.5 56.5
15.5 57.5
19.5 16.5
20.5 17.5
20.5 18.5
20.5 36.5
20.5 37.5
20.5 38.5
21.5 17.5
21.5 18.5
21.5 19.5
21.5 38.5
21.5 39.5
21.5 40.5
21.5 56.5
21.5 57.5
21.5 58.5
22.5 18.5
22.5 19.5
22.5 20.5
22.5 21.5
22.5 39.5
22.5 40.5
22.5 41.5
22.5 42.5
22.5 53.5
22.5 54.5
22.5 55.5
22.5 56.5
22.5 57.5
23.5 20.5
23.5 21.5
23.5 22.5
23.5 41.5
23.5 42.5
23.5 43.5
23.5 51.5
23.5 52.5
23.5 53.5
23.5 54.5
23.5 55.5
24.5 21.5
24.5 22.5
24.5 43.5
24.5 44.5
24.5 50.5
24.5 51.5
24.5 52.5
24.5 53.5
25.5 9.5
25.5 10.5
25.5 23.5
25.5 29.5
25.5 30.5
26.5 10.5
26.5 11.5
26.5 12.5
26.5 29.5
26.5 30.5
26.5 31.5
26.5 32.5
26.5 64.5
26.5 65.5
27.5 11.5
27.5 12.5
27.5 13.5
27.5 14.5
27.5 31.5
27.5 32.5
27.5 33.5
27.5 34.5
27.5 61.5
27.5 62.5
27.5 63.5
27.5 64.5
28.5 12.5
28.5 13.5
28.5 14.5
28.5 15.5
28.5 33.5
28.5 34.5
28.5 35.5
28.5 36.5
28.5 59.5
28.5 60.5
28.5 61.5
28.5 62.5
29.5 14.5
29.5 15.5
29.5 16.5
29.5 35.5
29.5 36.5
29.5 37.5
29.5 57.5
29.5 58.5
29.5 59.5
29.5 60.5
30.5 16.5
35.5 57.5
35.5 58.5
36.5 14.5
36.5 15.5
36.5 16.5
36.5 36.5
36.5 37.5
36.5 38.5
36.5 39.5
36.5 58.5
36.5 59.5
36.5 60.5
37.5 12.5
37.5 13.5
37.5 14.5
37.5 15.5
37.5 37.5
37.5 38.5
37.5 39.5
37.5 40.5
37.5 41.5
37.5 59.5
37.5 60.5
37.5 61.5
37.5 62.5
38.5 10.5
38.5 11.5
38.5 12.5
38.5 13.5
38.5 39.5
38.5 40.5
38.5 41.5
38.5 42.5
38.5 43.5
38.5 60.5
38.5 61.5
38.5 62.5
38.5 63.5
39.5 9.5
39.5 10.5
39.5 11.5
39.5 12.5
39.5 42.5
39.5 43.5
39.5 44.5
39.5 62.5
39.5 63.5
39.5 64.5
40.5 8.5
40.5 9.5
40.5 10.5
40.5 50.5
40.5 51.5
40.5 64.5
41.5 21.5
41.5 22.5
41.5 28.5
41.5 29.5
41.5 30.5
41.5 51.5
41.5 52.5
41.5 53.5
42.5 19.5
42.5 20.5
42.5 21.5
42.5 30.5
42.5 31.5
42.5 32.5
42.5 33.5
42.5 52.5
42.5 53.5
42.5 54.5
43.5 18.5
43.5 19.5
43.5 20.5
43.5 31.5
43.5 32.5
43.5 33.5
43.5 34.5
43.5 35.5
43.5 53.5
43.5 54.5
43.5 55.5
43.5 56.5
44.5 17.5
44.5 18.5
44.5 34.5
44.5 35.5
44.5 36.5
44.5 55.5
44.5 56.5
44.5 57.5
45.5 15.5
45.5 16.5
45.5 17.5
45.5 37.5
45.5 57.5
51.5 15.5
51.5 16.5
51.5 35.5
51.5 36.5
51.5 37.5
51.5 55.5
51.5 56.5
51.5 57.5
52.5 13.5
52.5 14.5
52.5 15.5
52.5 33.5
52.5 34.5
52.5 35.5
52.5 36.5
52.5 53.5
52.5 54.5
52.5 55.5
52.5 56.5
53.5 11.5
53.5 12.5
53.5 13.5
53.5 31.5
53.5 32.5
53.5 33.5
53.5 34.5
53.5 52.5
53.5 53.5
53.5 54.5
54.5 10.5
54.5 11.5
54.5 12.5
54.5 30.5
54.5 31.5
54.5 32.5
54.5 50.5
54.5 51.5
54.5 52.5
55.5 9.5
55.5 10.5
55.5 29.5
55.5 30.5
55.5 44.5
55.5 45.5
56.5 21.5
56.5 22.5
56.5 23.5
56.5 42.5
56.5 43.5
56.5 44.5
56.5 62.5
56.5 63.5
57.5 19.5
57.5 20.5
57.5 21.5
57.5 22.5
57.5 40.5
57.5 41.5
57.5 42.5
57.5 60.5
57.5 61.5
57.5 62.5
58.5 17.5
58.5 18.5
58.5 19.5
58.5 20.5
58.5 38.5
58.5 39.5
58.5 40.5
58.5 41.5
58.5 59.5
58.5 60.5
58.5 61.5
59.5 16.5
59.5 17.5
59.5 18.5
59.5 19.5
59.5 37.5
59.5 38.5
59.5 39.5
59.5 57.5
59.5 58.5
59.5 59.5
59.5 60.5
60.5 15.5
60.5 16.5
60.5 17.5
60.5 36.5
60.5 37.5
60.5 56.5
60.5 57.5
60.5 58.5
