4.5 16.5
4.5 17.5
4.5 59.5
5.5 14.5
5.5 15.5
5.5 37.5
5.5 38.5
5.5 39.5
5.5 57.5
5.5 58.5
6.5 12.5
6.5 13.5
6.5 14.5
6.5 33.5
6.5 34.5
6.5 35.5
6.5 36.5
6.5 55.5
6.5 56.5
7.5 11.5
7.5 12.5
7.5 30.5
7.5 31.5
7.5 32.5
7.5 33.5
7.5 53.5
7.5 54.5
8.5 9.5
8.5 10.5
8.5 25.5
8.5 27.5
8.5 28.5
8.5 29.5
8.5 51.5
8.5 52.5
9.5 8.5
9.5 9.5
9.5 23.5
9.5 24.5
9.5 46.5
9.5 50.5
9.5 51.5
9.5 66.5
10.5 6.5
10.5 7.5
10.5 21.5
10.5 22.5
10.5 43.5
10.5 44.5
10.5 45.5
10.5 48.5
10.5 63.5
10.5 64.5
10.5 65.5
11.5 19.5
11.5 20.5
11.5 21.5
11.5 41.5
11.5 42.5
11.5 43.5
11.5 61.5
11.5 62.5
11.5 63.5
12.5 17.5
12.5 18.5
12.5 19.5
12.5 39.5
12.5 40.5
12.5 59.5
12.5 60.5
12.5 61.5
13.5 15.5
13.5 16.5
13.5 37.5
13.5 38.5
13.5 57.5
13.5 58.5
13.5 59.5
14.5 14.5
14.5 35.5
14.5 56.5
14.5 57.5
17.5 35.5
18.5 36.5
19.5 15.5
19.5 16.5
19.5 37.5
19.5 56.5
20.5 16.5
20.5 17.5
20.5 18.5
20.5 19.5
20.5 38.5
20.5 39.5
20.5 57.5
20.5 58.5
21.5 18.5
21.5 19.5
21.5 20.5
21.5 21.5
21.5 39.5
21.5 40.5
21.5 58.5
21.5 59.5
21.5 60.5
22.5 21.5
22.5 22.5
22.5 23.5
22.5 28.5
22.5 40.5
22.5 41.5
22.5 60.5
22.5 61.5
22.5 62.5
23.5 23.5
23.5 24.5
23.5 25.5
23.5 29.5
23.5 41.5
23.5 42.5
23.5 62.5
23.5 63.5
24.5 6.5
24.5 26.5
24.5 30.5
24.5 42.5
24.5 43.5
24.5 47.5
24.5 64.5
24.5 65.5
25.5 7.5
25.5 8.5
25.5 9.5
25.5 31.5
25.5 32.5
25.5 44.5
25.5 48.5
25.5 49.5
25.5 66.5
26.5 9.5
26.5 10.5
26.5 11.5
26.5 32.5
26.5 33.5
26.5 45.5
26.5 50.5
26.5 51.5
26.5 52.5
27.5 11.5
27.5 12.5
27.5 13.5
27.5 33.5
27.5 34.5
27.5 51.5
27.5 52.5
27.5 53.5
28.5 13.5
28.5 14.5
28.5 15.5
28.5 34.5
28.5 35.5
28.5 53.5
28.5 54.5
28.5 55.5
29.5 16.5
29.5 17.5
29.5 35.5
29.5 36.5
29.5 55.5
29.5 56.5
29.5 57.5
30.5 37.5
30.5 57.5
30.5 58.5
31.5 38.5
34.5 17.5
34.5 18.5
34.5 37.5
35.5 15.5
35.5 16.5
35.5 36.5
35.5 58.5
35.5 59.5
36.5 13.5
36.5 14.5
36.5 34.5
36.5 35.5
36.5 56.5
36.5 57.5
37.5 11.5
37.5 12.5
37.5 13.5
37.5 33.5
37.5 34.5
37.5 54.5
37.5 55.5
38.5 9.5
38.5 10.5
38.5 11.5
38.5 31.5
38.5 32.5
38.5 33.5
38.5 51.5
38.5 52.5
38.5 53.5
38.5 54.5
39.5 7.5
39.5 8.5
39.5 26.5
39.5 30.5
39.5 31.5
39.5 50.5
39.5 51.5
40.5 6.5
40.5 23.5
40.5 24.5
40.5 25.5
40.5 29.5
40.5 30.5
40.5 44.5
40.5 48.5
40.5 49.5
40.5 65.5
40.5 66.5
41.5 21.5
41.5 22.5
41.5 23.5
41.5 28.5
41.5 42.5
41.5 43.5
41.5 63.5
41.5 64.5
41.5 65.5
42.5 19.5
42.5 20.5
42.5 21.5
42.5 41.5
42.5 42.5
42.5 61.5
42.5 62.5
42.5 63.5
43.5 18.5
43.5 19.5
43.5 20.5
43.5 39.5
43.5 40.5
43.5 59.5
43.5 60.5
43.5 61.5
44.5 16.5
44.5 17.5
44.5 18.5
44.5 38.5
44.5 39.5
44.5 57.5
44.5 58.5
44.5 59.5
45.5 14.5
45.5 15.5
45.5 36.5
45.5 37.5
45.5 56.5
45.5 57.5
46.5 35.5
46.5 36.5
46.5 54.5
50.5 15.5
50.5 35.5
50.5 36.5
50.5 55.5
50.5 56.5
51.5 16.5
51.5 17.5
51.5 37.5
51.5 57.5
51.5 58.5
52.5 17.5
52.5 18.5
52.5 19.5
52.5 38.5
52.5 39.5
52.5 58.5
52.5 59.5
52.5 60.5
53.5 19.5
53.5 20.5
53.5 39.5
53.5 40.5
53.5 60.5
53.5 61.5
53.5 62.5
54.5 20.5
54.5 21.5
54.5 22.5
54.5 40.5
54.5 41.5
54.5 42.5
54.5 62.5
54.5 63.5
54.5 64.5
55.5 7.5
55.5 22.5
55.5 23.5
55.5 42.5
55.5 43.5
55.5 47.5
55.5 64.5
55.5 65.5
55.5 66.5
56.5 8.5
56.5 9.5
56.5 24.5
56.5 25.5
56.5 29.5
56.5 43.5
56.5 44.5
56.5 49.5
56.5 50.5
56.5 67.5
57.5 9.5
57.5 10.5
57.5 11.5
57.5 26.5
57.5 30.5
57.5 31.5
57.5 45.5
57.5 50.5
57.5 51.5
57.5 52.5
58.5 11.5
58.5 12.5
58.5 31.5
58.5 32.5
58.5 33.5
58.5 52.5
58.5 53.5
58.5 54.5
59.5 13.5
59.5 14.5
59.5 33.5
59.5 34.5
59.5 54.5
59.5 55.5
60.5 14.5
60.5 15.5
60.5 35.5
60.5 36.5
60.5 56.5
60.5 57.5
61.5 16.5
61.5 17.5
61.5 36.5
61.5 37.5
61.5 58.5
61.5 59.5
62.5 18.5
62.5 38.5
