12.5 5.5
13.5 5.5
21.5 5.5
32.5 5.5
40.5 5.5
54.5 5.5
64.5 5.5
13.5 6.5
20.5 6.5
33.5 6.5
40.5 6.5
54.5 6.5
14.5 7.5
19.5 7.5
34.5 7.5
39.5 7.5
49.5 7.5
55.5 7.5
8.5 8.5
18.5 8.5
34.5 8.5
45.5 8.5
8.5 9.5
9.5 9.5
24.5 9.5
29.5 9.5
44.5 9.5
50.5 9.5
60.5 9.5
9.5 10.5
23.5 10.5
29.5 10.5
44.5 10.5
51.5 10.5
61.5 10.5
10.5 11.5
22.5 11.5
30.5 11.5
43.5 11.5
51.5 11.5
61.5 11.5
10.5 12.5
31.5 12.5
43.5 12.5
52.5 12.5
62.5 12.5
11.5 16.5
21.5 16.5
53.5 16.5
12.5 17.5
20.5 17.5
32.5 17.5
43.5 17.5
61.5 17.5
13.5 18.5
19.5 18.5
20.5 18.5
33.5 18.5
44.5 18.5
54.5 18.5
60.5 18.5
14.5 19.5
19.5 19.5
34.5 19.5
44.5 19.5
60.5 19.5
35.5 20.5
45.5 20.5
55.5 20.5
24.5 21.5
29.5 21.5
39.5 21.5
50.5 21.5
59.5 21.5
10.5 22.5
24.5 22.5
29.5 22.5
40.5 22.5
50.5 22.5
64.5 22.5
11.5 23.5
23.5 23.5
30.5 23.5
40.5 23.5
51.5 23.5
63.5 23.5
30.5 24.5
41.5 24.5
22.5 25.5
31.5 25.5
42.5 25.5
52.5 25.5
12.5 28.5
63.5 28.5
13.5 29.5
21.5 29.5
32.5 29.5
41.5 29.5
63.5 29.5
13.5 30.5
20.5 30.5
33.5 30.5
40.5 30.5
41.5 30.5
53.5 30.5
64.5 30.5
14.5 31.5
19.5 31.5
33.5 31.5
34.5 31.5
40.5 31.5
54.5 31.5
14.5 32.5
19.5 32.5
34.5 32.5
39.5 32.5
55.5 32.5
9.5 33.5
18.5 33.5
35.5 33.5
45.5 33.5
49.5 33.5
56.5 33.5
60.5 33.5
9.5 34.5
28.5 34.5
29.5 34.5
44.5 34.5
50.5 34.5
60.5 34.5
10.5 35.5
23.5 35.5
29.5 35.5
30.5 35.5
43.5 35.5
50.5 35.5
51.5 35.5
61.5 35.5
22.5 36.5
30.5 36.5
31.5 36.5
43.5 36.5
51.5 36.5
62.5 36.5
42.5 37.5
52.5 37.5
10.5 41.5
20.5 41.5
31.5 41.5
42.5 41.5
53.5 41.5
9.5 42.5
20.5 42.5
32.5 42.5
43.5 42.5
53.5 42.5
54.5 42.5
62.5 42.5
9.5 43.5
20.5 43.5
33.5 43.5
43.5 43.5
55.5 43.5
61.5 43.5
8.5 44.5
19.5 44.5
33.5 44.5
34.5 44.5
44.5 44.5
56.5 44.5
60.5 44.5
14.5 45.5
19.5 45.5
28.5 45.5
34.5 45.5
38.5 45.5
49.5 45.5
13.5 46.5
14.5 46.5
24.5 46.5
29.5 46.5
39.5 46.5
49.5 46.5
50.5 46.5
13.5 47.5
24.5 47.5
29.5 47.5
40.5 47.5
50.5 47.5
51.5 47.5
12.5 48.5
23.5 48.5
30.5 48.5
40.5 48.5
51.5 48.5
64.5 48.5
23.5 49.5
41.5 49.5
31.5 50.5
12.5 53.5
41.5 53.5
53.5 53.5
11.5 54.5
22.5 54.5
32.5 54.5
39.5 54.5
40.5 54.5
53.5 54.5
62.5 54.5
10.5 55.5
21.5 55.5
38.5 55.5
39.5 55.5
54.5 55.5
61.5 55.5
9.5 56.5
20.5 56.5
33.5 56.5
37.5 56.5
54.5 56.5
61.5 56.5
8.5 57.5
29.5 57.5
55.5 57.5
60.5 57.5
15.5 58.5
25.5 58.5
44.5 58.5
49.5 58.5
14.5 59.5
24.5 59.5
43.5 59.5
50.5 59.5
13.5 60.5
24.5 60.5
30.5 60.5
41.5 60.5
42.5 60.5
50.5 60.5
64.5 60.5
12.5 61.5
23.5 61.5
30.5 61.5
51.5 61.5
63.5 61.5
52.5 62.5
