11.5 5.5
12.5 5.5
13.5 5.5
10.5 6.5
11.5 6.5
12.5 6.5
13.5 6.5
14.5 6.5
26.5 6.5
27.5 6.5
28.5 6.5
41.5 6.5
42.5 6.5
43.5 6.5
60.5 6.5
61.5 6.5
62.5 6.5
9.5 7.5
10.5 7.5
11.5 7.5
12.5 7.5
13.5 7.5
14.5 7.5
25.5 7.5
26.5 7.5
27.5 7.5
28.5 7.5
40.5 7.5
41.5 7.5
42.5 7.5
43.5 7.5
44.5 7.5
60.5 7.5
61.5 7.5
62.5 7.5
63.5 7.5
9.5 8.5
10.5 8.5
11.5 8.5
12.5 8.5
13.5 8.5
14.5 8.5
25.5 8.5
26.5 8.5
27.5 8.5
28.5 8.5
39.5 8.5
40.5 8.5
41.5 8.5
42.5 8.5
43.5 8.5
44.5 8.5
60.5 8.5
61.5 8.5
62.5 8.5
63.5 8.5
64.5 8.5
9.5 9.5
10.5 9.5
11.5 9.5
12.5 9.5
13.5 9.5
24.5 9.5
25.5 9.5
26.5 9.5
27.5 9.5
28.5 9.5
39.5 9.5
40.5 9.5
41.5 9.5
42.5 9.5
43.5 9.5
44.5 9.5
60.5 9.5
61.5 9.5
62.5 9.5
63.5 9.5
64.5 9.5
9.5 10.5
10.5 10.5
11.5 10.5
12.5 10.5
13.5 10.5
24.5 10.5
25.5 10.5
26.5 10.5
27.5 10.5
28.5 10.5
39.5 10.5
40.5 10.5
41.5 10.5
42.5 10.5
43.5 10.5
60.5 10.5
61.5 10.5
62.5 10.5
63.5 10.5
64.5 10.5
9.5 11.5
10.5 11.5
11.5 11.5
12.5 11.5
24.5 11.5
25.5 11.5
26.5 11.5
27.5 11.5
39.5 11.5
40.5 11.5
41.5 11.5
42.5 11.5
43.5 11.5
61.5 11.5
62.5 11.5
63.5 11.5
64.5 11.5
17.5 12.5
18.5 12.5
19.5 12.5
24.5 12.5
25.5 12.5
26.5 12.5
32.5 12.5
39.5 12.5
40.5 12.5
41.5 12.5
42.5 12.5
61.5 12.5
62.5 12.5
63.5 12.5
64.5 12.5
16.5 13.5
17.5 13.5
18.5 13.5
19.5 13.5
30.5 13.5
31.5 13.5
32.5 13.5
33.5 13.5
47.5 13.5
48.5 13.5
49.5 13.5
55.5 13.5
56.5 13.5
63.5 13.5
15.5 14.5
16.5 14.5
17.5 14.5
18.5 14.5
19.5 14.5
30.5 14.5
31.5 14.5
32.5 14.5
33.5 14.5
46.5 14.5
47.5 14.5
48.5 14.5
49.5 14.5
55.5 14.5
56.5 14.5
57.5 14.5
58.5 14.5
15.5 15.5
16.5 15.5
17.5 15.5
18.5 15.5
19.5 15.5
29.5 15.5
30.5 15.5
31.5 15.5
32.5 15.5
33.5 15.5
45.5 15.5
46.5 15.5
47.5 15.5
48.5 15.5
49.5 15.5
55.5 15.5
56.5 15.5
57.5 15.5
58.5 15.5
14.5 16.5
15.5 16.5
16.5 16.5
17.5 16.5
18.5 16.5
29.5 16.5
30.5 16.5
31.5 16.5
32.5 16.5
33.5 16.5
45.5 16.5
46.5 16.5
47.5 16.5
48.5 16.5
49.5 16.5
55.5 16.5
56.5 16.5
57.5 16.5
58.5 16.5
59.5 16.5
14.5 17.5
15.5 17.5
16.5 17.5
17.5 17.5
18.5 17.5
29.5 17.5
30.5 17.5
31.5 17.5
32.5 17.5
44.5 17.5
45.5 17.5
46.5 17.5
47.5 17.5
48.5 17.5
55.5 17.5
56.5 17.5
57.5 17.5
58.5 17.5
59.5 17.5
14.5 18.5
15.5 18.5
16.5 18.5
17.5 18.5
29.5 18.5
30.5 18.5
31.5 18.5
32.5 18.5
44.5 18.5
45.5 18.5
46.5 18.5
47.5 18.5
48.5 18.5
56.5 18.5
57.5 18.5
58.5 18.5
59.5 18.5
15.5 19.5
29.5 19.5
30.5 19.5
45.5 19.5
46.5 19.5
57.5 19.5
58.5 19.5
59.5 19.5
58.5 20.5
12.5 25.5
13.5 25.5
10.5 26.5
11.5 26.5
12.5 26.5
13.5 26.5
26.5 26.5
27.5 26.5
28.5 26.5
29.5 26.5
42.5 26.5
43.5 26.5
44.5 26.5
58.5 26.5
10.5 27.5
11.5 27.5
12.5 27.5
13.5 27.5
26.5 27.5
27.5 27.5
28.5 27.5
29.5 27.5
41.5 27.5
42.5 27.5
43.5 27.5
44.5 27.5
57.5 27.5
58.5 27.5
59.5 27.5
9.5 28.5
10.5 28.5
11.5 28.5
12.5 28.5
13.5 28.5
25.5 28.5
26.5 28.5
27.5 28.5
28.5 28.5
29.5 28.5
40.5 28.5
41.5 28.5
42.5 28.5
43.5 28.5
44.5 28.5
56.5 28.5
57.5 28.5
58.5 28.5
59.5 28.5
60.5 28.5
9.5 29.5
10.5 29.5
11.5 29.5
12.5 29.5
13.5 29.5
25.5 29.5
26.5 29.5
27.5 29.5
28.5 29.5
29.5 29.5
40.5 29.5
41.5 29.5
42.5 29.5
43.5 29.5
44.5 29.5
55.5 29.5
56.5 29.5
57.5 29.5
58.5 29.5
59.5 29.5
60.5 29.5
8.5 30.5
9.5 30.5
10.5 30.5
11.5 30.5
12.5 30.5
24.5 30.5
25.5 30.5
26.5 30.5
27.5 30.5
28.5 30.5
40.5 30.5
41.5 30.5
42.5 30.5
43.5 30.5
44.5 30.5
55.5 30.5
56.5 30.5
57.5 30.5
58.5 30.5
59.5 30.5
9.5 31.5
10.5 31.5
11.5 31.5
24.5 31.5
25.5 31.5
26.5 31.5
27.5 31.5
28.5 31.5
40.5 31.5
41.5 31.5
42.5 31.5
43.5 31.5
55.5 31.5
56.5 31.5
57.5 31.5
58.5 31.5
59.5 31.5
16.5 32.5
17.5 32.5
18.5 32.5
25.5 32.5
26.5 32.5
27.5 32.5
33.5 32.5
34.5 32.5
40.5 32.5
41.5 32.5
42.5 32.5
55.5 32.5
56.5 32.5
57.5 32.5
58.5 32.5
15.5 33.5
16.5 33.5
17.5 33.5
18.5 33.5
19.5 33.5
31.5 33.5
32.5 33.5
33.5 33.5
34.5 33.5
47.5 33.5
48.5 33.5
49.5 33.5
50.5 33.5
56.5 33.5
57.5 33.5
63.5 33.5
64.5 33.5
14.5 34.5
15.5 34.5
16.5 34.5
17.5 34.5
18.5 34.5
19.5 34.5
31.5 34.5
32.5 34.5
33.5 34.5
34.5 34.5
46.5 34.5
47.5 34.5
48.5 34.5
49.5 34.5
50.5 34.5
62.5 34.5
63.5 34.5
64.5 34.5
14.5 35.5
15.5 35.5
16.5 35.5
17.5 35.5
18.5 35.5
19.5 35.5
30.5 35.5
31.5 35.5
32.5 35.5
33.5 35.5
34.5 35.5
46.5 35.5
47.5 35.5
48.5 35.5
49.5 35.5
50.5 35.5
61.5 35.5
62.5 35.5
63.5 35.5
64.5 35.5
14.5 36.5
15.5 36.5
16.5 36.5
17.5 36.5
18.5 36.5
30.5 36.5
31.5 36.5
32.5 36.5
33.5 36.5
34.5 36.5
45.5 36.5
46.5 36.5
47.5 36.5
48.5 36.5
49.5 36.5
50.5 36.5
61.5 36.5
62.5 36.5
63.5 36.5
64.5 36.5
14.5 37.5
15.5 37.5
16.5 37.5
17.5 37.5
18.5 37.5
30.5 37.5
31.5 37.5
32.5 37.5
33.5 37.5
34.5 37.5
45.5 37.5
46.5 37.5
47.5 37.5
48.5 37.5
49.5 37.5
60.5 37.5
61.5 37.5
62.5 37.5
63.5 37.5
64.5 37.5
14.5 38.5
15.5 38.5
16.5 38.5
17.5 38.5
30.5 38.5
31.5 38.5
32.5 38.5
33.5 38.5
45.5 38.5
46.5 38.5
47.5 38.5
48.5 38.5
49.5 38.5
60.5 38.5
61.5 38.5
62.5 38.5
63.5 38.5
30.5 39.5
31.5 39.5
32.5 39.5
46.5 39.5
47.5 39.5
48.5 39.5
60.5 39.5
61.5 39.5
62.5 39.5
63.5 39.5
61.5 40.5
11.5 45.5
12.5 45.5
13.5 45.5
10.5 46.5
11.5 46.5
12.5 46.5
13.5 46.5
30.5 46.5
31.5 46.5
32.5 46.5
46.5 46.5
47.5 46.5
61.5 46.5
9.5 47.5
10.5 47.5
11.5 47.5
12.5 47.5
13.5 47.5
14.5 47.5
29.5 47.5
30.5 47.5
31.5 47.5
32.5 47.5
33.5 47.5
45.5 47.5
46.5 47.5
47.5 47.5
48.5 47.5
61.5 47.5
62.5 47.5
63.5 47.5
9.5 48.5
10.5 48.5
11.5 48.5
12.5 48.5
13.5 48.5
29.5 48.5
30.5 48.5
31.5 48.5
32.5 48.5
33.5 48.5
45.5 48.5
46.5 48.5
47.5 48.5
48.5 48.5
49.5 48.5
60.5 48.5
61.5 48.5
62.5 48.5
63.5 48.5
8.5 49.5
9.5 49.5
10.5 49.5
11.5 49.5
12.5 49.5
13.5 49.5
29.5 49.5
30.5 49.5
31.5 49.5
32.5 49.5
33.5 49.5
34.5 49.5
45.5 49.5
46.5 49.5
47.5 49.5
48.5 49.5
49.5 49.5
61.5 49.5
62.5 49.5
63.5 49.5
64.5 49.5
8.5 50.5
9.5 50.5
10.5 50.5
11.5 50.5
12.5 50.5
13.5 50.5
30.5 50.5
31.5 50.5
32.5 50.5
33.5 50.5
34.5 50.5
45.5 50.5
46.5 50.5
47.5 50.5
48.5 50.5
49.5 50.5
50.5 50.5
61.5 50.5
62.5 50.5
63.5 50.5
64.5 50.5
8.5 51.5
9.5 51.5
10.5 51.5
11.5 51.5
12.5 51.5
30.5 51.5
31.5 51.5
32.5 51.5
33.5 51.5
34.5 51.5
46.5 51.5
47.5 51.5
48.5 51.5
49.5 51.5
50.5 51.5
61.5 51.5
62.5 51.5
63.5 51.5
64.5 51.5
9.5 52.5
10.5 52.5
11.5 52.5
31.5 52.5
32.5 52.5
33.5 52.5
34.5 52.5
40.5 52.5
47.5 52.5
48.5 52.5
49.5 52.5
62.5 52.5
63.5 52.5
64.5 52.5
16.5 53.5
17.5 53.5
18.5 53.5
19.5 53.5
25.5 53.5
26.5 53.5
27.5 53.5
39.5 53.5
40.5 53.5
41.5 53.5
42.5 53.5
55.5 53.5
56.5 53.5
57.5 53.5
63.5 53.5
64.5 53.5
15.5 54.5
16.5 54.5
17.5 54.5
18.5 54.5
19.5 54.5
25.5 54.5
26.5 54.5
27.5 54.5
39.5 54.5
40.5 54.5
41.5 54.5
42.5 54.5
43.5 54.5
55.5 54.5
56.5 54.5
57.5 54.5
58.5 54.5
15.5 55.5
16.5 55.5
17.5 55.5
18.5 55.5
19.5 55.5
25.5 55.5
26.5 55.5
27.5 55.5
28.5 55.5
39.5 55.5
40.5 55.5
41.5 55.5
42.5 55.5
43.5 55.5
55.5 55.5
56.5 55.5
57.5 55.5
58.5 55.5
59.5 55.5
14.5 56.5
15.5 56.5
16.5 56.5
17.5 56.5
18.5 56.5
19.5 56.5
25.5 56.5
26.5 56.5
27.5 56.5
28.5 56.5
39.5 56.5
40.5 56.5
41.5 56.5
42.5 56.5
43.5 56.5
44.5 56.5
55.5 56.5
56.5 56.5
57.5 56.5
58.5 56.5
59.5 56.5
14.5 57.5
15.5 57.5
16.5 57.5
17.5 57.5
18.5 57.5
19.5 57.5
25.5 57.5
26.5 57.5
27.5 57.5
28.5 57.5
39.5 57.5
40.5 57.5
41.5 57.5
42.5 57.5
43.5 57.5
44.5 57.5
55.5 57.5
56.5 57.5
57.5 57.5
58.5 57.5
59.5 57.5
60.5 57.5
14.5 58.5
15.5 58.5
16.5 58.5
17.5 58.5
18.5 58.5
26.5 58.5
27.5 58.5
28.5 58.5
29.5 58.5
40.5 58.5
41.5 58.5
42.5 58.5
43.5 58.5
56.5 58.5
57.5 58.5
58.5 58.5
59.5 58.5
60.5 58.5
14.5 59.5
15.5 59.5
16.5 59.5
17.5 59.5
27.5 59.5
28.5 59.5
41.5 59.5
42.5 59.5
43.5 59.5
57.5 59.5
58.5 59.5
59.5 59.5
