12.5 5.5
13.5 5.5
14.5 5.5
27.5 5.5
43.5 5.5
44.5 5.5
60.5 5.5
61.5 5.5
11.5 6.5
12.5 6.5
13.5 6.5
21.5 6.5
26.5 6.5
44.5 6.5
45.5 6.5
46.5 6.5
61.5 6.5
62.5 6.5
10.5 7.5
11.5 7.5
20.5 7.5
25.5 7.5
35.5 7.5
36.5 7.5
46.5 7.5
47.5 7.5
48.5 7.5
52.5 7.5
62.5 7.5
63.5 7.5
64.5 7.5
9.5 8.5
10.5 8.5
19.5 8.5
24.5 8.5
34.5 8.5
35.5 8.5
36.5 8.5
37.5 8.5
48.5 8.5
49.5 8.5
53.5 8.5
64.5 8.5
8.5 9.5
9.5 9.5
18.5 9.5
19.5 9.5
23.5 9.5
33.5 9.5
34.5 9.5
37.5 9.5
38.5 9.5
50.5 9.5
51.5 9.5
54.5 9.5
55.5 9.5
7.5 10.5
8.5 10.5
17.5 10.5
18.5 10.5
22.5 10.5
32.5 10.5
33.5 10.5
38.5 10.5
39.5 10.5
51.5 10.5
52.5 10.5
55.5 10.5
56.5 10.5
6.5 11.5
16.5 11.5
17.5 11.5
21.5 11.5
31.5 11.5
32.5 11.5
39.5 11.5
40.5 11.5
56.5 11.5
57.5 11.5
15.5 12.5
16.5 12.5
29.5 12.5
30.5 12.5
31.5 12.5
40.5 12.5
41.5 12.5
42.5 12.5
57.5 12.5
58.5 12.5
59.5 12.5
15.5 13.5
28.5 13.5
29.5 13.5
30.5 13.5
42.5 13.5
43.5 13.5
59.5 13.5
60.5 13.5
14.5 14.5
27.5 14.5
28.5 14.5
29.5 14.5
43.5 14.5
44.5 14.5
60.5 14.5
61.5 14.5
13.5 15.5
26.5 15.5
27.5 15.5
44.5 15.5
45.5 15.5
62.5 15.5
12.5 16.5
25.5 16.5
26.5 16.5
45.5 16.5
46.5 16.5
57.5 16.5
63.5 16.5
11.5 17.5
13.5 17.5
31.5 17.5
42.5 17.5
47.5 17.5
58.5 17.5
14.5 18.5
29.5 18.5
30.5 18.5
42.5 18.5
43.5 18.5
58.5 18.5
59.5 18.5
14.5 19.5
15.5 19.5
28.5 19.5
29.5 19.5
43.5 19.5
44.5 19.5
59.5 19.5
60.5 19.5
15.5 20.5
27.5 20.5
28.5 20.5
29.5 20.5
44.5 20.5
45.5 20.5
60.5 20.5
61.5 20.5
15.5 21.5
16.5 21.5
26.5 21.5
27.5 21.5
28.5 21.5
45.5 21.5
46.5 21.5
51.5 21.5
61.5 21.5
62.5 21.5
6.5 22.5
16.5 22.5
17.5 22.5
26.5 22.5
27.5 22.5
36.5 22.5
46.5 22.5
47.5 22.5
52.5 22.5
62.5 22.5
63.5 22.5
6.5 23.5
7.5 23.5
17.5 23.5
25.5 23.5
26.5 23.5
36.5 23.5
37.5 23.5
47.5 23.5
48.5 23.5
53.5 23.5
54.5 23.5
63.5 23.5
64.5 23.5
7.5 24.5
8.5 24.5
17.5 24.5
18.5 24.5
24.5 24.5
25.5 24.5
35.5 24.5
38.5 24.5
48.5 24.5
49.5 24.5
54.5 24.5
55.5 24.5
64.5 24.5
8.5 25.5
9.5 25.5
18.5 25.5
19.5 25.5
23.5 25.5
24.5 25.5
34.5 25.5
35.5 25.5
39.5 25.5
49.5 25.5
55.5 25.5
56.5 25.5
9.5 26.5
10.5 26.5
19.5 26.5
22.5 26.5
23.5 26.5
33.5 26.5
40.5 26.5
41.5 26.5
50.5 26.5
55.5 26.5
56.5 26.5
57.5 26.5
10.5 27.5
11.5 27.5
20.5 27.5
22.5 27.5
32.5 27.5
41.5 27.5
42.5 27.5
51.5 27.5
56.5 27.5
57.5 27.5
11.5 28.5
12.5 28.5
20.5 28.5
21.5 28.5
31.5 28.5
42.5 28.5
43.5 28.5
57.5 28.5
58.5 28.5
12.5 29.5
13.5 29.5
21.5 29.5
29.5 29.5
30.5 29.5
43.5 29.5
44.5 29.5
58.5 29.5
59.5 29.5
13.5 30.5
14.5 30.5
28.5 30.5
29.5 30.5
44.5 30.5
45.5 30.5
59.5 30.5
60.5 30.5
14.5 31.5
15.5 31.5
27.5 31.5
28.5 31.5
46.5 31.5
60.5 31.5
61.5 31.5
15.5 32.5
16.5 32.5
27.5 32.5
45.5 32.5
47.5 32.5
61.5 32.5
62.5 32.5
16.5 33.5
27.5 33.5
28.5 33.5
44.5 33.5
45.5 33.5
60.5 33.5
61.5 33.5
15.5 34.5
16.5 34.5
28.5 34.5
29.5 34.5
43.5 34.5
44.5 34.5
59.5 34.5
60.5 34.5
13.5 35.5
14.5 35.5
15.5 35.5
29.5 35.5
30.5 35.5
43.5 35.5
58.5 35.5
59.5 35.5
12.5 36.5
13.5 36.5
30.5 36.5
31.5 36.5
42.5 36.5
43.5 36.5
58.5 36.5
10.5 37.5
11.5 37.5
12.5 37.5
31.5 37.5
32.5 37.5
41.5 37.5
42.5 37.5
52.5 37.5
57.5 37.5
58.5 37.5
8.5 38.5
9.5 38.5
10.5 38.5
21.5 38.5
22.5 38.5
32.5 38.5
33.5 38.5
40.5 38.5
41.5 38.5
51.5 38.5
56.5 38.5
57.5 38.5
7.5 39.5
8.5 39.5
20.5 39.5
21.5 39.5
22.5 39.5
23.5 39.5
33.5 39.5
34.5 39.5
40.5 39.5
50.5 39.5
55.5 39.5
56.5 39.5
6.5 40.5
7.5 40.5
18.5 40.5
19.5 40.5
23.5 40.5
24.5 40.5
34.5 40.5
35.5 40.5
39.5 40.5
49.5 40.5
50.5 40.5
54.5 40.5
55.5 40.5
64.5 40.5
17.5 41.5
18.5 41.5
24.5 41.5
25.5 41.5
35.5 41.5
36.5 41.5
38.5 41.5
39.5 41.5
48.5 41.5
49.5 41.5
53.5 41.5
54.5 41.5
63.5 41.5
64.5 41.5
16.5 42.5
17.5 42.5
25.5 42.5
26.5 42.5
36.5 42.5
37.5 42.5
38.5 42.5
47.5 42.5
48.5 42.5
53.5 42.5
62.5 42.5
63.5 42.5
14.5 43.5
15.5 43.5
27.5 43.5
28.5 43.5
46.5 43.5
47.5 43.5
52.5 43.5
62.5 43.5
13.5 44.5
14.5 44.5
28.5 44.5
29.5 44.5
45.5 44.5
46.5 44.5
61.5 44.5
62.5 44.5
12.5 45.5
29.5 45.5
30.5 45.5
44.5 45.5
45.5 45.5
60.5 45.5
61.5 45.5
10.5 46.5
11.5 46.5
30.5 46.5
31.5 46.5
43.5 46.5
44.5 46.5
59.5 46.5
60.5 46.5
10.5 47.5
11.5 47.5
32.5 47.5
41.5 47.5
43.5 47.5
59.5 47.5
11.5 48.5
12.5 48.5
31.5 48.5
42.5 48.5
58.5 48.5
12.5 49.5
13.5 49.5
29.5 49.5
30.5 49.5
43.5 49.5
58.5 49.5
59.5 49.5
14.5 50.5
15.5 50.5
28.5 50.5
29.5 50.5
44.5 50.5
59.5 50.5
60.5 50.5
15.5 51.5
16.5 51.5
27.5 51.5
28.5 51.5
45.5 51.5
46.5 51.5
60.5 51.5
61.5 51.5
6.5 52.5
16.5 52.5
17.5 52.5
25.5 52.5
26.5 52.5
27.5 52.5
46.5 52.5
47.5 52.5
61.5 52.5
62.5 52.5
7.5 53.5
17.5 53.5
18.5 53.5
24.5 53.5
25.5 53.5
36.5 53.5
37.5 53.5
38.5 53.5
47.5 53.5
48.5 53.5
62.5 53.5
63.5 53.5
7.5 54.5
8.5 54.5
18.5 54.5
19.5 54.5
23.5 54.5
24.5 54.5
35.5 54.5
38.5 54.5
39.5 54.5
48.5 54.5
49.5 54.5
52.5 54.5
53.5 54.5
63.5 54.5
64.5 54.5
8.5 55.5
9.5 55.5
20.5 55.5
22.5 55.5
23.5 55.5
33.5 55.5
34.5 55.5
39.5 55.5
40.5 55.5
49.5 55.5
53.5 55.5
54.5 55.5
64.5 55.5
9.5 56.5
10.5 56.5
21.5 56.5
32.5 56.5
33.5 56.5
40.5 56.5
41.5 56.5
50.5 56.5
54.5 56.5
55.5 56.5
10.5 57.5
11.5 57.5
31.5 57.5
32.5 57.5
41.5 57.5
51.5 57.5
55.5 57.5
56.5 57.5
11.5 58.5
12.5 58.5
29.5 58.5
30.5 58.5
31.5 58.5
42.5 58.5
52.5 58.5
56.5 58.5
57.5 58.5
12.5 59.5
13.5 59.5
28.5 59.5
29.5 59.5
42.5 59.5
43.5 59.5
57.5 59.5
58.5 59.5
13.5 60.5
27.5 60.5
28.5 60.5
43.5 60.5
44.5 60.5
59.5 60.5
60.5 60.5
13.5 61.5
14.5 61.5
26.5 61.5
27.5 61.5
44.5 61.5
45.5 61.5
60.5 61.5
61.5 61.5
14.5 62.5
15.5 62.5
25.5 62.5
45.5 62.5
46.5 62.5
61.5 62.5
62.5 63.5
