8.5 5.5
9.5 5.5
10.5 5.5
11.5 5.5
12.5 5.5
28.5 5.5
29.5 5.5
43.5 5.5
44.5 5.5
45.5 5.5
60.5 5.5
61.5 5.5
62.5 5.5
26.5 6.5
27.5 6.5
28.5 6.5
41.5 6.5
42.5 6.5
43.5 6.5
62.5 6.5
63.5 6.5
24.5 7.5
25.5 7.5
26.5 7.5
40.5 7.5
41.5 7.5
64.5 7.5
18.5 8.5
19.5 8.5
35.5 8.5
49.5 8.5
50.5 8.5
55.5 8.5
56.5 8.5
14.5 9.5
15.5 9.5
16.5 9.5
17.5 9.5
18.5 9.5
32.5 9.5
33.5 9.5
34.5 9.5
47.5 9.5
48.5 9.5
49.5 9.5
56.5 9.5
57.5 9.5
58.5 9.5
13.5 10.5
14.5 10.5
30.5 10.5
31.5 10.5
32.5 10.5
46.5 10.5
47.5 10.5
58.5 10.5
59.5 10.5
29.5 11.5
45.5 11.5
60.5 11.5
14.5 14.5
11.5 15.5
12.5 15.5
13.5 15.5
29.5 15.5
30.5 15.5
45.5 15.5
46.5 15.5
60.5 15.5
9.5 16.5
10.5 16.5
11.5 16.5
31.5 16.5
32.5 16.5
33.5 16.5
34.5 16.5
46.5 16.5
47.5 16.5
48.5 16.5
61.5 16.5
62.5 16.5
8.5 17.5
34.5 17.5
35.5 17.5
36.5 17.5
48.5 17.5
49.5 17.5
63.5 17.5
64.5 17.5
40.5 18.5
50.5 18.5
16.5 19.5
17.5 19.5
18.5 19.5
23.5 19.5
24.5 19.5
25.5 19.5
26.5 19.5
41.5 19.5
42.5 19.5
55.5 19.5
56.5 19.5
14.5 20.5
15.5 20.5
16.5 20.5
25.5 20.5
26.5 20.5
27.5 20.5
28.5 20.5
29.5 20.5
43.5 20.5
44.5 20.5
57.5 20.5
58.5 20.5
12.5 21.5
13.5 21.5
45.5 21.5
59.5 21.5
60.5 21.5
13.5 25.5
28.5 25.5
44.5 25.5
45.5 25.5
10.5 26.5
11.5 26.5
12.5 26.5
29.5 26.5
30.5 26.5
31.5 26.5
32.5 26.5
41.5 26.5
42.5 26.5
43.5 26.5
44.5 26.5
60.5 26.5
61.5 26.5
8.5 27.5
9.5 27.5
10.5 27.5
32.5 27.5
33.5 27.5
34.5 27.5
39.5 27.5
40.5 27.5
41.5 27.5
62.5 27.5
63.5 27.5
64.5 28.5
17.5 29.5
18.5 29.5
19.5 29.5
24.5 29.5
25.5 29.5
49.5 29.5
50.5 29.5
54.5 29.5
55.5 29.5
15.5 30.5
16.5 30.5
17.5 30.5
25.5 30.5
26.5 30.5
27.5 30.5
46.5 30.5
47.5 30.5
48.5 30.5
56.5 30.5
57.5 30.5
13.5 31.5
14.5 31.5
28.5 31.5
29.5 31.5
44.5 31.5
45.5 31.5
46.5 31.5
58.5 31.5
59.5 31.5
14.5 35.5
15.5 35.5
28.5 35.5
29.5 35.5
44.5 35.5
45.5 35.5
16.5 36.5
17.5 36.5
18.5 36.5
26.5 36.5
27.5 36.5
28.5 36.5
41.5 36.5
42.5 36.5
43.5 36.5
57.5 36.5
58.5 36.5
59.5 36.5
19.5 37.5
20.5 37.5
24.5 37.5
25.5 37.5
39.5 37.5
40.5 37.5
55.5 37.5
56.5 37.5
57.5 37.5
8.5 38.5
9.5 38.5
33.5 38.5
34.5 38.5
51.5 38.5
9.5 39.5
10.5 39.5
11.5 39.5
12.5 39.5
31.5 39.5
32.5 39.5
46.5 39.5
47.5 39.5
48.5 39.5
49.5 39.5
62.5 39.5
63.5 39.5
64.5 39.5
12.5 40.5
13.5 40.5
14.5 40.5
29.5 40.5
30.5 40.5
44.5 40.5
45.5 40.5
46.5 40.5
60.5 40.5
61.5 40.5
62.5 40.5
29.5 44.5
30.5 44.5
61.5 44.5
13.5 45.5
14.5 45.5
15.5 45.5
30.5 45.5
31.5 45.5
42.5 45.5
43.5 45.5
44.5 45.5
58.5 45.5
59.5 45.5
60.5 45.5
15.5 46.5
16.5 46.5
17.5 46.5
18.5 46.5
32.5 46.5
33.5 46.5
40.5 46.5
41.5 46.5
42.5 46.5
57.5 46.5
58.5 46.5
17.5 47.5
18.5 47.5
19.5 47.5
33.5 47.5
34.5 47.5
39.5 47.5
40.5 47.5
24.5 48.5
25.5 48.5
49.5 48.5
50.5 48.5
51.5 48.5
64.5 48.5
8.5 49.5
9.5 49.5
10.5 49.5
25.5 49.5
26.5 49.5
27.5 49.5
47.5 49.5
48.5 49.5
49.5 49.5
62.5 49.5
63.5 49.5
10.5 50.5
11.5 50.5
12.5 50.5
27.5 50.5
28.5 50.5
29.5 50.5
45.5 50.5
46.5 50.5
61.5 50.5
13.5 51.5
60.5 54.5
12.5 55.5
13.5 55.5
28.5 55.5
29.5 55.5
44.5 55.5
45.5 55.5
46.5 55.5
61.5 55.5
62.5 55.5
10.5 56.5
11.5 56.5
12.5 56.5
26.5 56.5
27.5 56.5
28.5 56.5
46.5 56.5
47.5 56.5
48.5 56.5
49.5 56.5
62.5 56.5
63.5 56.5
8.5 57.5
9.5 57.5
24.5 57.5
25.5 57.5
26.5 57.5
48.5 57.5
49.5 57.5
50.5 57.5
51.5 57.5
64.5 57.5
23.5 58.5
35.5 58.5
40.5 58.5
55.5 58.5
16.5 59.5
17.5 59.5
18.5 59.5
32.5 59.5
33.5 59.5
34.5 59.5
41.5 59.5
42.5 59.5
56.5 59.5
57.5 59.5
58.5 59.5
14.5 60.5
15.5 60.5
16.5 60.5
30.5 60.5
31.5 60.5
32.5 60.5
42.5 60.5
43.5 60.5
57.5 60.5
58.5 60.5
59.5 60.5
13.5 61.5
14.5 61.5
29.5 61.5
44.5 61.5
45.5 61.5
59.5 61.5
60.5 61.5
