12.5 5.5
13.5 5.5
19.5 5.5
20.5 5.5
30.5 5.5
39.5 5.5
40.5 5.5
53.5 5.5
54.5 5.5
61.5 5.5
13.5 6.5
18.5 6.5
19.5 6.5
29.5 6.5
38.5 6.5
39.5 6.5
54.5 6.5
55.5 6.5
60.5 6.5
61.5 6.5
14.5 7.5
18.5 7.5
28.5 7.5
38.5 7.5
48.5 7.5
60.5 7.5
8.5 8.5
9.5 8.5
24.5 8.5
33.5 8.5
43.5 8.5
44.5 8.5
49.5 8.5
9.5 9.5
10.5 9.5
22.5 9.5
23.5 9.5
32.5 9.5
33.5 9.5
42.5 9.5
43.5 9.5
50.5 9.5
64.5 9.5
21.5 10.5
31.5 10.5
32.5 10.5
42.5 10.5
51.5 10.5
63.5 10.5
64.5 10.5
41.5 11.5
62.5 11.5
11.5 13.5
12.5 14.5
21.5 14.5
31.5 14.5
52.5 14.5
12.5 15.5
22.5 15.5
23.5 15.5
29.5 15.5
30.5 15.5
42.5 15.5
52.5 15.5
53.5 15.5
63.5 15.5
13.5 16.5
23.5 16.5
24.5 16.5
28.5 16.5
29.5 16.5
43.5 16.5
53.5 16.5
54.5 16.5
64.5 16.5
8.5 17.5
17.5 17.5
44.5 17.5
54.5 17.5
55.5 17.5
58.5 17.5
9.5 18.5
18.5 18.5
19.5 18.5
33.5 18.5
34.5 18.5
45.5 18.5
49.5 18.5
59.5 18.5
60.5 18.5
9.5 19.5
10.5 19.5
19.5 19.5
20.5 19.5
32.5 19.5
33.5 19.5
38.5 19.5
39.5 19.5
50.5 19.5
60.5 19.5
61.5 19.5
10.5 20.5
31.5 20.5
32.5 20.5
39.5 20.5
40.5 20.5
50.5 20.5
51.5 20.5
41.5 21.5
51.5 21.5
10.5 24.5
20.5 24.5
30.5 24.5
61.5 24.5
9.5 25.5
10.5 25.5
19.5 25.5
20.5 25.5
29.5 25.5
30.5 25.5
41.5 25.5
51.5 25.5
60.5 25.5
61.5 25.5
9.5 26.5
19.5 26.5
29.5 26.5
39.5 26.5
40.5 26.5
50.5 26.5
59.5 26.5
60.5 26.5
8.5 27.5
9.5 27.5
15.5 27.5
24.5 27.5
28.5 27.5
29.5 27.5
38.5 27.5
39.5 27.5
49.5 27.5
55.5 27.5
59.5 27.5
14.5 28.5
24.5 28.5
34.5 28.5
45.5 28.5
54.5 28.5
55.5 28.5
64.5 28.5
13.5 29.5
14.5 29.5
23.5 29.5
24.5 29.5
33.5 29.5
43.5 29.5
44.5 29.5
53.5 29.5
54.5 29.5
64.5 29.5
12.5 30.5
13.5 30.5
23.5 30.5
32.5 30.5
42.5 30.5
43.5 30.5
53.5 30.5
63.5 30.5
52.5 31.5
23.5 34.5
32.5 34.5
41.5 34.5
63.5 34.5
13.5 35.5
14.5 35.5
24.5 35.5
32.5 35.5
33.5 35.5
39.5 35.5
40.5 35.5
52.5 35.5
63.5 35.5
64.5 35.5
14.5 36.5
15.5 36.5
24.5 36.5
33.5 36.5
34.5 36.5
38.5 36.5
39.5 36.5
50.5 36.5
51.5 36.5
64.5 36.5
15.5 37.5
19.5 37.5
25.5 37.5
50.5 37.5
8.5 38.5
9.5 38.5
19.5 38.5
20.5 38.5
29.5 38.5
44.5 38.5
45.5 38.5
56.5 38.5
59.5 38.5
9.5 39.5
10.5 39.5
20.5 39.5
21.5 39.5
30.5 39.5
43.5 39.5
44.5 39.5
55.5 39.5
60.5 39.5
11.5 40.5
21.5 40.5
31.5 40.5
42.5 40.5
54.5 40.5
60.5 40.5
61.5 40.5
22.5 41.5
53.5 41.5
61.5 41.5
62.5 42.5
11.5 44.5
31.5 44.5
42.5 44.5
9.5 45.5
10.5 45.5
21.5 45.5
30.5 45.5
31.5 45.5
41.5 45.5
42.5 45.5
53.5 45.5
62.5 45.5
9.5 46.5
20.5 46.5
21.5 46.5
30.5 46.5
40.5 46.5
41.5 46.5
54.5 46.5
63.5 46.5
8.5 47.5
19.5 47.5
20.5 47.5
29.5 47.5
40.5 47.5
41.5 47.5
55.5 47.5
63.5 47.5
64.5 47.5
14.5 48.5
15.5 48.5
25.5 48.5
34.5 48.5
39.5 48.5
40.5 48.5
50.5 48.5
64.5 48.5
13.5 49.5
14.5 49.5
24.5 49.5
33.5 49.5
34.5 49.5
45.5 49.5
46.5 49.5
50.5 49.5
51.5 49.5
59.5 49.5
12.5 50.5
13.5 50.5
23.5 50.5
24.5 50.5
33.5 50.5
34.5 50.5
45.5 50.5
50.5 50.5
51.5 50.5
60.5 50.5
61.5 50.5
12.5 51.5
22.5 51.5
33.5 51.5
44.5 51.5
51.5 51.5
61.5 51.5
33.5 52.5
43.5 52.5
44.5 52.5
11.5 55.5
22.5 55.5
23.5 55.5
52.5 55.5
53.5 55.5
60.5 55.5
61.5 55.5
10.5 56.5
11.5 56.5
23.5 56.5
31.5 56.5
32.5 56.5
53.5 56.5
54.5 56.5
58.5 56.5
59.5 56.5
60.5 56.5
9.5 57.5
10.5 57.5
23.5 57.5
24.5 57.5
29.5 57.5
30.5 57.5
43.5 57.5
54.5 57.5
9.5 58.5
19.5 58.5
28.5 58.5
29.5 58.5
44.5 58.5
15.5 59.5
19.5 59.5
45.5 59.5
49.5 59.5
63.5 59.5
64.5 59.5
13.5 60.5
14.5 60.5
20.5 60.5
34.5 60.5
35.5 60.5
39.5 60.5
40.5 60.5
49.5 60.5
50.5 60.5
51.5 60.5
62.5 60.5
63.5 60.5
13.5 61.5
20.5 61.5
32.5 61.5
33.5 61.5
34.5 61.5
40.5 61.5
41.5 61.5
51.5 61.5
52.5 61.5
12.5 62.5
21.5 62.5
31.5 62.5
41.5 62.5
42.5 63.5
