16.5 5.5
37.5 5.5
38.5 5.5
56.5 5.5
57.5 5.5
17.5 6.5
36.5 6.5
37.5 6.5
57.5 6.5
58.5 6.5
18.5 7.5
35.5 7.5
36.5 7.5
58.5 7.5
59.5 7.5
18.5 8.5
19.5 8.5
34.5 8.5
35.5 8.5
59.5 8.5
60.5 8.5
19.5 9.5
20.5 9.5
33.5 9.5
34.5 9.5
60.5 9.5
61.5 9.5
7.5 10.5
20.5 10.5
21.5 10.5
32.5 10.5
33.5 10.5
48.5 10.5
61.5 10.5
62.5 10.5
63.5 10.5
8.5 11.5
21.5 11.5
31.5 11.5
32.5 11.5
46.5 11.5
49.5 11.5
63.5 11.5
64.5 11.5
9.5 12.5
21.5 12.5
22.5 12.5
30.5 12.5
31.5 12.5
45.5 12.5
50.5 12.5
64.5 12.5
10.5 13.5
22.5 13.5
23.5 13.5
29.5 13.5
30.5 13.5
44.5 13.5
51.5 13.5
11.5 14.5
23.5 14.5
24.5 14.5
29.5 14.5
42.5 14.5
43.5 14.5
52.5 14.5
12.5 15.5
24.5 15.5
28.5 15.5
41.5 15.5
42.5 15.5
53.5 15.5
54.5 15.5
13.5 16.5
25.5 16.5
27.5 16.5
40.5 16.5
41.5 16.5
54.5 16.5
55.5 16.5
14.5 17.5
39.5 17.5
40.5 17.5
55.5 17.5
56.5 17.5
15.5 18.5
38.5 18.5
39.5 18.5
56.5 18.5
57.5 18.5
16.5 19.5
37.5 19.5
38.5 19.5
57.5 19.5
58.5 19.5
17.5 20.5
36.5 20.5
59.5 20.5
18.5 21.5
35.5 21.5
60.5 21.5
19.5 22.5
34.5 22.5
60.5 22.5
19.5 23.5
20.5 23.5
33.5 23.5
59.5 23.5
18.5 24.5
34.5 24.5
58.5 24.5
17.5 25.5
18.5 25.5
35.5 25.5
36.5 25.5
57.5 25.5
16.5 26.5
17.5 26.5
36.5 26.5
37.5 26.5
56.5 26.5
15.5 27.5
16.5 27.5
37.5 27.5
38.5 27.5
55.5 27.5
56.5 27.5
14.5 28.5
15.5 28.5
38.5 28.5
39.5 28.5
54.5 28.5
55.5 28.5
13.5 29.5
14.5 29.5
39.5 29.5
40.5 29.5
53.5 29.5
54.5 29.5
12.5 30.5
13.5 30.5
26.5 30.5
40.5 30.5
41.5 30.5
42.5 30.5
52.5 30.5
53.5 30.5
11.5 31.5
12.5 31.5
25.5 31.5
27.5 31.5
42.5 31.5
43.5 31.5
51.5 31.5
52.5 31.5
10.5 32.5
11.5 32.5
24.5 32.5
28.5 32.5
29.5 32.5
43.5 32.5
44.5 32.5
51.5 32.5
64.5 32.5
9.5 33.5
10.5 33.5
23.5 33.5
29.5 33.5
30.5 33.5
44.5 33.5
45.5 33.5
50.5 33.5
63.5 33.5
9.5 34.5
22.5 34.5
31.5 34.5
45.5 34.5
46.5 34.5
49.5 34.5
62.5 34.5
63.5 34.5
8.5 35.5
21.5 35.5
32.5 35.5
33.5 35.5
47.5 35.5
48.5 35.5
61.5 35.5
62.5 35.5
7.5 36.5
20.5 36.5
33.5 36.5
34.5 36.5
47.5 36.5
60.5 36.5
61.5 36.5
19.5 37.5
34.5 37.5
35.5 37.5
59.5 37.5
60.5 37.5
18.5 38.5
35.5 38.5
36.5 38.5
58.5 38.5
59.5 38.5
17.5 39.5
37.5 39.5
57.5 39.5
58.5 39.5
16.5 40.5
38.5 40.5
56.5 40.5
57.5 40.5
15.5 41.5
39.5 41.5
56.5 41.5
55.5 42.5
15.5 43.5
35.5 43.5
54.5 43.5
61.5 43.5
16.5 44.5
35.5 44.5
36.5 44.5
60.5 44.5
16.5 45.5
17.5 45.5
36.5 45.5
37.5 45.5
59.5 45.5
17.5 46.5
37.5 46.5
38.5 46.5
58.5 46.5
18.5 47.5
38.5 47.5
39.5 47.5
56.5 47.5
57.5 47.5
18.5 48.5
19.5 48.5
39.5 48.5
40.5 48.5
55.5 48.5
56.5 48.5
19.5 49.5
20.5 49.5
26.5 49.5
40.5 49.5
41.5 49.5
54.5 49.5
55.5 49.5
8.5 50.5
20.5 50.5
27.5 50.5
41.5 50.5
42.5 50.5
53.5 50.5
54.5 50.5
9.5 51.5
20.5 51.5
21.5 51.5
27.5 51.5
28.5 51.5
42.5 51.5
43.5 51.5
52.5 51.5
53.5 51.5
10.5 52.5
21.5 52.5
22.5 52.5
28.5 52.5
29.5 52.5
43.5 52.5
51.5 52.5
52.5 52.5
10.5 53.5
22.5 53.5
29.5 53.5
30.5 53.5
44.5 53.5
50.5 53.5
51.5 53.5
64.5 53.5
11.5 54.5
23.5 54.5
30.5 54.5
31.5 54.5
45.5 54.5
49.5 54.5
50.5 54.5
63.5 54.5
64.5 54.5
12.5 55.5
23.5 55.5
31.5 55.5
32.5 55.5
46.5 55.5
48.5 55.5
62.5 55.5
63.5 55.5
12.5 56.5
13.5 56.5
24.5 56.5
32.5 56.5
33.5 56.5
34.5 56.5
47.5 56.5
61.5 56.5
62.5 56.5
13.5 57.5
14.5 57.5
33.5 57.5
34.5 57.5
35.5 57.5
60.5 57.5
61.5 57.5
14.5 58.5
34.5 58.5
35.5 58.5
36.5 58.5
59.5 58.5
60.5 58.5
15.5 59.5
35.5 59.5
36.5 59.5
58.5 59.5
15.5 60.5
16.5 60.5
37.5 60.5
57.5 60.5
16.5 61.5
38.5 61.5
56.5 61.5
17.5 62.5
39.5 62.5
55.5 62.5
18.5 63.5
40.5 63.5
