15.5 5.5
16.5 5.5
17.5 5.5
30.5 5.5
31.5 5.5
32.5 5.5
46.5 5.5
47.5 5.5
48.5 5.5
49.5 5.5
62.5 5.5
63.5 5.5
64.5 5.5
18.5 6.5
19.5 6.5
31.5 6.5
32.5 6.5
33.5 6.5
49.5 6.5
50.5 6.5
51.5 6.5
64.5 6.5
9.5 7.5
10.5 7.5
23.5 7.5
33.5 7.5
34.5 7.5
54.5 7.5
55.5 7.5
10.5 8.5
11.5 8.5
12.5 8.5
24.5 8.5
25.5 8.5
26.5 8.5
39.5 8.5
40.5 8.5
41.5 8.5
42.5 8.5
56.5 8.5
57.5 8.5
58.5 8.5
11.5 9.5
12.5 9.5
13.5 9.5
25.5 9.5
26.5 9.5
27.5 9.5
28.5 9.5
41.5 9.5
42.5 9.5
43.5 9.5
44.5 9.5
58.5 9.5
59.5 9.5
60.5 9.5
61.5 9.5
13.5 10.5
14.5 10.5
28.5 10.5
29.5 10.5
44.5 10.5
45.5 10.5
13.5 14.5
14.5 14.5
15.5 14.5
44.5 14.5
45.5 14.5
59.5 14.5
60.5 14.5
61.5 14.5
15.5 15.5
16.5 15.5
25.5 15.5
26.5 15.5
27.5 15.5
28.5 15.5
29.5 15.5
45.5 15.5
46.5 15.5
47.5 15.5
61.5 15.5
62.5 15.5
63.5 15.5
16.5 16.5
17.5 16.5
23.5 16.5
24.5 16.5
25.5 16.5
26.5 16.5
27.5 16.5
46.5 16.5
47.5 16.5
48.5 16.5
49.5 16.5
63.5 16.5
64.5 16.5
17.5 17.5
18.5 17.5
22.5 17.5
23.5 17.5
24.5 17.5
49.5 17.5
50.5 17.5
54.5 17.5
55.5 17.5
8.5 18.5
9.5 18.5
34.5 18.5
55.5 18.5
56.5 18.5
57.5 18.5
9.5 19.5
10.5 19.5
11.5 19.5
31.5 19.5
32.5 19.5
33.5 19.5
38.5 19.5
39.5 19.5
40.5 19.5
41.5 19.5
56.5 19.5
57.5 19.5
58.5 19.5
11.5 20.5
12.5 20.5
13.5 20.5
30.5 20.5
31.5 20.5
32.5 20.5
40.5 20.5
41.5 20.5
42.5 20.5
43.5 20.5
44.5 20.5
58.5 20.5
59.5 20.5
13.5 21.5
14.5 21.5
28.5 21.5
29.5 21.5
30.5 21.5
43.5 21.5
44.5 21.5
45.5 21.5
60.5 21.5
60.5 24.5
13.5 25.5
14.5 25.5
29.5 25.5
45.5 25.5
58.5 25.5
59.5 25.5
11.5 26.5
12.5 26.5
13.5 26.5
25.5 26.5
26.5 26.5
27.5 26.5
28.5 26.5
41.5 26.5
42.5 26.5
43.5 26.5
44.5 26.5
56.5 26.5
57.5 26.5
9.5 27.5
10.5 27.5
11.5 27.5
24.5 27.5
25.5 27.5
39.5 27.5
40.5 27.5
41.5 27.5
42.5 27.5
55.5 27.5
56.5 27.5
8.5 28.5
19.5 28.5
20.5 28.5
37.5 28.5
38.5 28.5
39.5 28.5
50.5 28.5
51.5 28.5
62.5 28.5
63.5 28.5
64.5 28.5
16.5 29.5
17.5 29.5
18.5 29.5
19.5 29.5
31.5 29.5
32.5 29.5
33.5 29.5
47.5 29.5
48.5 29.5
49.5 29.5
60.5 29.5
61.5 29.5
62.5 29.5
63.5 29.5
14.5 30.5
15.5 30.5
16.5 30.5
29.5 30.5
30.5 30.5
31.5 30.5
45.5 30.5
46.5 30.5
47.5 30.5
59.5 30.5
60.5 30.5
44.5 31.5
29.5 34.5
30.5 34.5
60.5 34.5
61.5 34.5
14.5 35.5
15.5 35.5
16.5 35.5
17.5 35.5
18.5 35.5
30.5 35.5
31.5 35.5
44.5 35.5
45.5 35.5
60.5 35.5
61.5 35.5
62.5 35.5
63.5 35.5
17.5 36.5
18.5 36.5
19.5 36.5
20.5 36.5
21.5 36.5
31.5 36.5
32.5 36.5
45.5 36.5
46.5 36.5
47.5 36.5
62.5 36.5
63.5 36.5
64.5 36.5
25.5 37.5
32.5 37.5
33.5 37.5
46.5 37.5
47.5 37.5
48.5 37.5
49.5 37.5
63.5 37.5
64.5 37.5
25.5 38.5
26.5 38.5
33.5 38.5
34.5 38.5
48.5 38.5
49.5 38.5
50.5 38.5
54.5 38.5
9.5 39.5
10.5 39.5
11.5 39.5
12.5 39.5
26.5 39.5
27.5 39.5
38.5 39.5
39.5 39.5
54.5 39.5
55.5 39.5
56.5 39.5
11.5 40.5
12.5 40.5
13.5 40.5
14.5 40.5
27.5 40.5
28.5 40.5
39.5 40.5
40.5 40.5
41.5 40.5
56.5 40.5
57.5 40.5
58.5 40.5
29.5 41.5
41.5 41.5
42.5 41.5
43.5 41.5
57.5 41.5
58.5 41.5
59.5 41.5
43.5 42.5
44.5 42.5
59.5 42.5
60.5 42.5
13.5 45.5
14.5 45.5
15.5 45.5
27.5 45.5
28.5 45.5
29.5 45.5
15.5 46.5
16.5 46.5
17.5 46.5
18.5 46.5
25.5 46.5
26.5 46.5
27.5 46.5
43.5 46.5
44.5 46.5
45.5 46.5
60.5 46.5
18.5 47.5
19.5 47.5
20.5 47.5
24.5 47.5
25.5 47.5
26.5 47.5
39.5 47.5
40.5 47.5
41.5 47.5
42.5 47.5
43.5 47.5
57.5 47.5
58.5 47.5
59.5 47.5
56.5 48.5
57.5 48.5
58.5 48.5
9.5 49.5
10.5 49.5
11.5 49.5
31.5 49.5
32.5 49.5
33.5 49.5
34.5 49.5
54.5 49.5
55.5 49.5
56.5 49.5
11.5 50.5
12.5 50.5
13.5 50.5
29.5 50.5
30.5 50.5
31.5 50.5
46.5 50.5
47.5 50.5
48.5 50.5
49.5 50.5
50.5 50.5
51.5 50.5
63.5 50.5
64.5 50.5
15.5 51.5
44.5 51.5
45.5 51.5
46.5 51.5
47.5 51.5
48.5 51.5
61.5 51.5
62.5 51.5
60.5 52.5
13.5 55.5
14.5 55.5
15.5 55.5
29.5 55.5
30.5 55.5
31.5 55.5
45.5 55.5
46.5 55.5
15.5 56.5
16.5 56.5
17.5 56.5
31.5 56.5
32.5 56.5
33.5 56.5
47.5 56.5
48.5 56.5
60.5 56.5
61.5 56.5
62.5 56.5
17.5 57.5
18.5 57.5
19.5 57.5
33.5 57.5
34.5 57.5
35.5 57.5
49.5 57.5
50.5 57.5
61.5 57.5
62.5 57.5
63.5 57.5
64.5 57.5
7.5 58.5
8.5 58.5
23.5 58.5
24.5 58.5
39.5 58.5
40.5 58.5
41.5 58.5
42.5 58.5
63.5 58.5
64.5 58.5
8.5 59.5
9.5 59.5
10.5 59.5
24.5 59.5
25.5 59.5
26.5 59.5
27.5 59.5
41.5 59.5
42.5 59.5
43.5 59.5
44.5 59.5
55.5 59.5
56.5 59.5
9.5 60.5
10.5 60.5
11.5 60.5
12.5 60.5
26.5 60.5
27.5 60.5
28.5 60.5
44.5 60.5
45.5 60.5
57.5 60.5
58.5 60.5
11.5 61.5
12.5 61.5
13.5 61.5
29.5 61.5
59.5 61.5
60.5 61.5
