12.5 5.5
32.5 5.5
33.5 5.5
34.5 5.5
35.5 5.5
36.5 5.5
55.5 5.5
56.5 5.5
10.5 6.5
30.5 6.5
31.5 6.5
32.5 6.5
52.5 6.5
53.5 6.5
54.5 6.5
50.5 7.5
20.5 8.5
21.5 8.5
22.5 8.5
64.5 8.5
17.5 9.5
18.5 9.5
19.5 9.5
42.5 9.5
43.5 9.5
60.5 9.5
61.5 9.5
62.5 9.5
39.5 10.5
40.5 10.5
58.5 10.5
59.5 10.5
13.5 16.5
14.5 16.5
15.5 16.5
35.5 16.5
36.5 16.5
53.5 16.5
54.5 16.5
55.5 16.5
10.5 17.5
11.5 17.5
32.5 17.5
33.5 17.5
50.5 17.5
51.5 17.5
23.5 19.5
24.5 19.5
41.5 19.5
42.5 19.5
61.5 19.5
62.5 19.5
19.5 20.5
20.5 20.5
21.5 20.5
39.5 20.5
58.5 20.5
18.5 25.5
19.5 25.5
20.5 25.5
39.5 25.5
58.5 25.5
59.5 25.5
60.5 25.5
24.5 26.5
25.5 26.5
41.5 26.5
42.5 26.5
61.5 26.5
62.5 26.5
63.5 26.5
43.5 27.5
10.5 28.5
11.5 28.5
12.5 28.5
32.5 28.5
33.5 28.5
14.5 29.5
15.5 29.5
16.5 29.5
34.5 29.5
35.5 29.5
51.5 29.5
52.5 29.5
53.5 29.5
54.5 30.5
55.5 30.5
56.5 30.5
16.5 34.5
18.5 35.5
19.5 35.5
20.5 35.5
35.5 35.5
36.5 35.5
21.5 36.5
22.5 36.5
31.5 36.5
32.5 36.5
33.5 36.5
34.5 36.5
59.5 36.5
60.5 36.5
62.5 37.5
63.5 37.5
11.5 39.5
12.5 39.5
42.5 39.5
43.5 39.5
51.5 39.5
52.5 39.5
53.5 39.5
13.5 40.5
14.5 40.5
39.5 40.5
40.5 40.5
54.5 40.5
55.5 40.5
56.5 40.5
16.5 41.5
16.5 46.5
39.5 46.5
40.5 46.5
58.5 46.5
59.5 46.5
60.5 46.5
19.5 47.5
20.5 47.5
43.5 47.5
61.5 47.5
62.5 47.5
22.5 48.5
23.5 48.5
10.5 49.5
30.5 49.5
51.5 49.5
52.5 49.5
12.5 50.5
13.5 50.5
33.5 50.5
34.5 50.5
35.5 50.5
54.5 50.5
55.5 50.5
16.5 51.5
56.5 55.5
14.5 56.5
15.5 56.5
37.5 56.5
38.5 56.5
59.5 56.5
60.5 56.5
10.5 57.5
11.5 57.5
12.5 57.5
40.5 57.5
41.5 57.5
42.5 57.5
62.5 57.5
51.5 59.5
52.5 59.5
20.5 60.5
21.5 60.5
31.5 60.5
32.5 60.5
54.5 60.5
55.5 60.5
17.5 61.5
18.5 61.5
34.5 61.5
35.5 61.5
