9.5 5.5
10.5 5.5
21.5 5.5
22.5 5.5
32.5 5.5
33.5 5.5
40.5 5.5
41.5 5.5
53.5 5.5
54.5 5.5
63.5 5.5
64.5 5.5
8.5 6.5
9.5 6.5
22.5 6.5
23.5 6.5
33.5 6.5
34.5 6.5
39.5 6.5
40.5 6.5
53.5 6.5
54.5 6.5
64.5 6.5
8.5 7.5
23.5 7.5
34.5 7.5
35.5 7.5
39.5 7.5
54.5 7.5
55.5 7.5
64.5 7.5
13.5 8.5
18.5 8.5
23.5 8.5
24.5 8.5
28.5 8.5
29.5 8.5
35.5 8.5
44.5 8.5
45.5 8.5
49.5 8.5
55.5 8.5
59.5 8.5
64.5 8.5
12.5 9.5
13.5 9.5
18.5 9.5
28.5 9.5
29.5 9.5
30.5 9.5
43.5 9.5
44.5 9.5
49.5 9.5
50.5 9.5
59.5 9.5
60.5 9.5
12.5 10.5
13.5 10.5
18.5 10.5
19.5 10.5
29.5 10.5
30.5 10.5
31.5 10.5
43.5 10.5
44.5 10.5
50.5 10.5
60.5 10.5
12.5 11.5
19.5 11.5
30.5 11.5
31.5 11.5
43.5 11.5
44.5 11.5
50.5 11.5
51.5 11.5
60.5 11.5
61.5 11.5
19.5 12.5
20.5 12.5
43.5 12.5
51.5 12.5
61.5 12.5
10.5 16.5
31.5 16.5
32.5 16.5
42.5 16.5
52.5 16.5
9.5 17.5
10.5 17.5
20.5 17.5
30.5 17.5
31.5 17.5
41.5 17.5
42.5 17.5
53.5 17.5
61.5 17.5
9.5 18.5
10.5 18.5
19.5 18.5
20.5 18.5
29.5 18.5
30.5 18.5
31.5 18.5
40.5 18.5
41.5 18.5
53.5 18.5
54.5 18.5
60.5 18.5
61.5 18.5
8.5 19.5
9.5 19.5
19.5 19.5
29.5 19.5
39.5 19.5
40.5 19.5
54.5 19.5
55.5 19.5
59.5 19.5
60.5 19.5
14.5 20.5
19.5 20.5
24.5 20.5
35.5 20.5
39.5 20.5
55.5 20.5
59.5 20.5
13.5 21.5
14.5 21.5
24.5 21.5
34.5 21.5
35.5 21.5
45.5 21.5
46.5 21.5
50.5 21.5
64.5 21.5
13.5 22.5
14.5 22.5
23.5 22.5
24.5 22.5
34.5 22.5
44.5 22.5
45.5 22.5
50.5 22.5
51.5 22.5
64.5 22.5
12.5 23.5
13.5 23.5
23.5 23.5
33.5 23.5
43.5 23.5
44.5 23.5
51.5 23.5
52.5 23.5
63.5 23.5
64.5 23.5
12.5 24.5
22.5 24.5
23.5 24.5
43.5 24.5
52.5 24.5
63.5 24.5
32.5 27.5
11.5 28.5
23.5 28.5
31.5 28.5
53.5 28.5
62.5 28.5
10.5 29.5
11.5 29.5
23.5 29.5
24.5 29.5
30.5 29.5
31.5 29.5
41.5 29.5
42.5 29.5
53.5 29.5
54.5 29.5
61.5 29.5
62.5 29.5
9.5 30.5
10.5 30.5
23.5 30.5
24.5 30.5
29.5 30.5
30.5 30.5
41.5 30.5
42.5 30.5
54.5 30.5
55.5 30.5
60.5 30.5
61.5 30.5
9.5 31.5
10.5 31.5
24.5 31.5
25.5 31.5
29.5 31.5
40.5 31.5
41.5 31.5
55.5 31.5
59.5 31.5
60.5 31.5
8.5 32.5
19.5 32.5
34.5 32.5
35.5 32.5
40.5 32.5
14.5 33.5
15.5 33.5
19.5 33.5
20.5 33.5
33.5 33.5
34.5 33.5
35.5 33.5
39.5 33.5
40.5 33.5
46.5 33.5
50.5 33.5
64.5 33.5
13.5 34.5
14.5 34.5
15.5 34.5
20.5 34.5
32.5 34.5
33.5 34.5
34.5 34.5
45.5 34.5
50.5 34.5
51.5 34.5
63.5 34.5
64.5 34.5
13.5 35.5
14.5 35.5
20.5 35.5
21.5 35.5
32.5 35.5
33.5 35.5
44.5 35.5
45.5 35.5
51.5 35.5
52.5 35.5
63.5 35.5
12.5 36.5
13.5 36.5
21.5 36.5
32.5 36.5
43.5 36.5
44.5 36.5
52.5 36.5
62.5 36.5
63.5 36.5
43.5 37.5
22.5 40.5
31.5 40.5
53.5 40.5
61.5 40.5
11.5 41.5
12.5 41.5
23.5 41.5
30.5 41.5
31.5 41.5
43.5 41.5
53.5 41.5
54.5 41.5
60.5 41.5
61.5 41.5
10.5 42.5
11.5 42.5
23.5 42.5
24.5 42.5
29.5 42.5
30.5 42.5
31.5 42.5
43.5 42.5
44.5 42.5
53.5 42.5
54.5 42.5
60.5 42.5
61.5 42.5
9.5 43.5
10.5 43.5
11.5 43.5
24.5 43.5
28.5 43.5
29.5 43.5
30.5 43.5
43.5 43.5
44.5 43.5
54.5 43.5
55.5 43.5
60.5 43.5
9.5 44.5
10.5 44.5
24.5 44.5
44.5 44.5
45.5 44.5
54.5 44.5
55.5 44.5
59.5 44.5
60.5 44.5
9.5 45.5
20.5 45.5
35.5 45.5
39.5 45.5
45.5 45.5
49.5 45.5
55.5 45.5
59.5 45.5
15.5 46.5
20.5 46.5
21.5 46.5
34.5 46.5
35.5 46.5
40.5 46.5
49.5 46.5
50.5 46.5
64.5 46.5
14.5 47.5
15.5 47.5
20.5 47.5
21.5 47.5
33.5 47.5
34.5 47.5
40.5 47.5
41.5 47.5
50.5 47.5
51.5 47.5
63.5 47.5
64.5 47.5
13.5 48.5
14.5 48.5
15.5 48.5
20.5 48.5
21.5 48.5
33.5 48.5
41.5 48.5
51.5 48.5
63.5 48.5
64.5 48.5
13.5 49.5
14.5 49.5
21.5 49.5
42.5 49.5
52.5 49.5
63.5 49.5
13.5 50.5
32.5 52.5
23.5 53.5
33.5 53.5
42.5 53.5
52.5 53.5
63.5 53.5
23.5 54.5
33.5 54.5
34.5 54.5
42.5 54.5
43.5 54.5
52.5 54.5
53.5 54.5
63.5 54.5
64.5 54.5
12.5 55.5
13.5 55.5
23.5 55.5
34.5 55.5
43.5 55.5
53.5 55.5
54.5 55.5
64.5 55.5
13.5 56.5
14.5 56.5
23.5 56.5
24.5 56.5
34.5 56.5
35.5 56.5
43.5 56.5
44.5 56.5
53.5 56.5
54.5 56.5
14.5 57.5
23.5 57.5
24.5 57.5
28.5 57.5
29.5 57.5
35.5 57.5
39.5 57.5
44.5 57.5
48.5 57.5
54.5 57.5
8.5 58.5
9.5 58.5
23.5 58.5
29.5 58.5
30.5 58.5
39.5 58.5
40.5 58.5
48.5 58.5
49.5 58.5
59.5 58.5
60.5 58.5
9.5 59.5
18.5 59.5
19.5 59.5
29.5 59.5
30.5 59.5
40.5 59.5
49.5 59.5
50.5 59.5
59.5 59.5
60.5 59.5
61.5 59.5
9.5 60.5
10.5 60.5
19.5 60.5
20.5 60.5
30.5 60.5
31.5 60.5
40.5 60.5
41.5 60.5
49.5 60.5
50.5 60.5
60.5 60.5
61.5 60.5
62.5 60.5
9.5 61.5
10.5 61.5
20.5 61.5
30.5 61.5
31.5 61.5
41.5 61.5
50.5 61.5
62.5 61.5
