11.5 5.5
12.5 5.5
13.5 5.5
18.5 5.5
19.5 5.5
20.5 5.5
32.5 5.5
33.5 5.5
39.5 5.5
40.5 5.5
41.5 5.5
49.5 5.5
50.5 5.5
51.5 5.5
52.5 5.5
62.5 5.5
63.5 5.5
64.5 5.5
11.5 6.5
12.5 6.5
13.5 6.5
14.5 6.5
18.5 6.5
19.5 6.5
20.5 6.5
21.5 6.5
31.5 6.5
32.5 6.5
33.5 6.5
34.5 6.5
39.5 6.5
40.5 6.5
41.5 6.5
49.5 6.5
50.5 6.5
51.5 6.5
52.5 6.5
62.5 6.5
63.5 6.5
64.5 6.5
11.5 7.5
12.5 7.5
13.5 7.5
14.5 7.5
17.5 7.5
18.5 7.5
19.5 7.5
20.5 7.5
21.5 7.5
31.5 7.5
32.5 7.5
33.5 7.5
34.5 7.5
35.5 7.5
38.5 7.5
39.5 7.5
40.5 7.5
41.5 7.5
48.5 7.5
49.5 7.5
50.5 7.5
51.5 7.5
52.5 7.5
62.5 7.5
63.5 7.5
64.5 7.5
11.5 8.5
12.5 8.5
13.5 8.5
14.5 8.5
17.5 8.5
18.5 8.5
19.5 8.5
20.5 8.5
31.5 8.5
32.5 8.5
33.5 8.5
34.5 8.5
35.5 8.5
38.5 8.5
39.5 8.5
40.5 8.5
41.5 8.5
49.5 8.5
50.5 8.5
51.5 8.5
52.5 8.5
63.5 8.5
64.5 8.5
12.5 9.5
13.5 9.5
17.5 9.5
18.5 9.5
19.5 9.5
32.5 9.5
33.5 9.5
34.5 9.5
35.5 9.5
39.5 9.5
40.5 9.5
49.5 9.5
50.5 9.5
51.5 9.5
55.5 9.5
64.5 9.5
8.5 10.5
9.5 10.5
22.5 10.5
23.5 10.5
28.5 10.5
29.5 10.5
30.5 10.5
42.5 10.5
43.5 10.5
44.5 10.5
45.5 10.5
53.5 10.5
54.5 10.5
55.5 10.5
59.5 10.5
60.5 10.5
61.5 10.5
8.5 11.5
9.5 11.5
10.5 11.5
21.5 11.5
22.5 11.5
23.5 11.5
24.5 11.5
28.5 11.5
29.5 11.5
30.5 11.5
31.5 11.5
42.5 11.5
43.5 11.5
44.5 11.5
45.5 11.5
53.5 11.5
54.5 11.5
55.5 11.5
59.5 11.5
60.5 11.5
61.5 11.5
8.5 12.5
9.5 12.5
10.5 12.5
21.5 12.5
22.5 12.5
23.5 12.5
24.5 12.5
28.5 12.5
29.5 12.5
30.5 12.5
31.5 12.5
42.5 12.5
43.5 12.5
44.5 12.5
45.5 12.5
53.5 12.5
54.5 12.5
55.5 12.5
59.5 12.5
60.5 12.5
61.5 12.5
62.5 12.5
9.5 13.5
10.5 13.5
11.5 13.5
20.5 13.5
21.5 13.5
22.5 13.5
23.5 13.5
24.5 13.5
28.5 13.5
29.5 13.5
30.5 13.5
31.5 13.5
42.5 13.5
43.5 13.5
44.5 13.5
45.5 13.5
53.5 13.5
54.5 13.5
55.5 13.5
59.5 13.5
60.5 13.5
61.5 13.5
62.5 13.5
9.5 14.5
10.5 14.5
21.5 14.5
22.5 14.5
23.5 14.5
29.5 14.5
30.5 14.5
31.5 14.5
42.5 14.5
43.5 14.5
44.5 14.5
53.5 14.5
54.5 14.5
60.5 14.5
61.5 14.5
62.5 14.5
32.5 19.5
33.5 19.5
53.5 19.5
9.5 20.5
10.5 20.5
11.5 20.5
19.5 20.5
20.5 20.5
21.5 20.5
32.5 20.5
33.5 20.5
34.5 20.5
40.5 20.5
41.5 20.5
42.5 20.5
52.5 20.5
53.5 20.5
54.5 20.5
55.5 20.5
59.5 20.5
60.5 20.5
61.5 20.5
9.5 21.5
10.5 21.5
11.5 21.5
18.5 21.5
19.5 21.5
20.5 21.5
21.5 21.5
32.5 21.5
33.5 21.5
34.5 21.5
35.5 21.5
39.5 21.5
40.5 21.5
41.5 21.5
42.5 21.5
52.5 21.5
53.5 21.5
54.5 21.5
55.5 21.5
59.5 21.5
60.5 21.5
61.5 21.5
62.5 21.5
8.5 22.5
9.5 22.5
10.5 22.5
11.5 22.5
18.5 22.5
19.5 22.5
20.5 22.5
21.5 22.5
32.5 22.5
33.5 22.5
34.5 22.5
35.5 22.5
39.5 22.5
40.5 22.5
41.5 22.5
42.5 22.5
52.5 22.5
53.5 22.5
54.5 22.5
55.5 22.5
58.5 22.5
59.5 22.5
60.5 22.5
61.5 22.5
8.5 23.5
9.5 23.5
10.5 23.5
18.5 23.5
19.5 23.5
20.5 23.5
21.5 23.5
32.5 23.5
33.5 23.5
34.5 23.5
35.5 23.5
39.5 23.5
40.5 23.5
41.5 23.5
42.5 23.5
53.5 23.5
54.5 23.5
55.5 23.5
58.5 23.5
59.5 23.5
60.5 23.5
61.5 23.5
9.5 24.5
18.5 24.5
19.5 24.5
20.5 24.5
21.5 24.5
34.5 24.5
39.5 24.5
40.5 24.5
41.5 24.5
59.5 24.5
12.5 25.5
13.5 25.5
14.5 25.5
19.5 25.5
20.5 25.5
24.5 25.5
28.5 25.5
29.5 25.5
30.5 25.5
31.5 25.5
43.5 25.5
44.5 25.5
45.5 25.5
49.5 25.5
50.5 25.5
51.5 25.5
62.5 25.5
63.5 25.5
64.5 25.5
12.5 26.5
13.5 26.5
14.5 26.5
15.5 26.5
23.5 26.5
24.5 26.5
28.5 26.5
29.5 26.5
30.5 26.5
31.5 26.5
43.5 26.5
44.5 26.5
45.5 26.5
46.5 26.5
49.5 26.5
50.5 26.5
51.5 26.5
62.5 26.5
63.5 26.5
64.5 26.5
11.5 27.5
12.5 27.5
13.5 27.5
14.5 27.5
15.5 27.5
22.5 27.5
23.5 27.5
24.5 27.5
28.5 27.5
29.5 27.5
30.5 27.5
31.5 27.5
42.5 27.5
43.5 27.5
44.5 27.5
45.5 27.5
49.5 27.5
50.5 27.5
51.5 27.5
52.5 27.5
61.5 27.5
62.5 27.5
63.5 27.5
64.5 27.5
11.5 28.5
12.5 28.5
13.5 28.5
14.5 28.5
15.5 28.5
22.5 28.5
23.5 28.5
24.5 28.5
28.5 28.5
29.5 28.5
30.5 28.5
31.5 28.5
42.5 28.5
43.5 28.5
44.5 28.5
45.5 28.5
49.5 28.5
50.5 28.5
51.5 28.5
52.5 28.5
61.5 28.5
62.5 28.5
63.5 28.5
64.5 28.5
12.5 29.5
13.5 29.5
14.5 29.5
15.5 29.5
22.5 29.5
23.5 29.5
24.5 29.5
29.5 29.5
30.5 29.5
31.5 29.5
42.5 29.5
43.5 29.5
44.5 29.5
49.5 29.5
50.5 29.5
51.5 29.5
62.5 29.5
63.5 29.5
64.5 29.5
13.5 30.5
22.5 30.5
23.5 30.5
60.5 34.5
61.5 34.5
13.5 35.5
31.5 35.5
32.5 35.5
33.5 35.5
39.5 35.5
40.5 35.5
41.5 35.5
52.5 35.5
53.5 35.5
58.5 35.5
59.5 35.5
60.5 35.5
61.5 35.5
12.5 36.5
13.5 36.5
14.5 36.5
23.5 36.5
31.5 36.5
32.5 36.5
33.5 36.5
34.5 36.5
38.5 36.5
39.5 36.5
40.5 36.5
41.5 36.5
51.5 36.5
52.5 36.5
53.5 36.5
54.5 36.5
58.5 36.5
59.5 36.5
60.5 36.5
61.5 36.5
62.5 36.5
11.5 37.5
12.5 37.5
13.5 37.5
14.5 37.5
15.5 37.5
22.5 37.5
23.5 37.5
24.5 37.5
31.5 37.5
32.5 37.5
33.5 37.5
34.5 37.5
38.5 37.5
39.5 37.5
40.5 37.5
41.5 37.5
51.5 37.5
52.5 37.5
53.5 37.5
54.5 37.5
58.5 37.5
59.5 37.5
60.5 37.5
61.5 37.5
11.5 38.5
12.5 38.5
13.5 38.5
14.5 38.5
15.5 38.5
22.5 38.5
23.5 38.5
24.5 38.5
25.5 38.5
31.5 38.5
32.5 38.5
33.5 38.5
34.5 38.5
35.5 38.5
38.5 38.5
39.5 38.5
40.5 38.5
41.5 38.5
52.5 38.5
53.5 38.5
54.5 38.5
58.5 38.5
59.5 38.5
60.5 38.5
61.5 38.5
12.5 39.5
13.5 39.5
14.5 39.5
15.5 39.5
23.5 39.5
24.5 39.5
25.5 39.5
31.5 39.5
32.5 39.5
33.5 39.5
34.5 39.5
38.5 39.5
39.5 39.5
40.5 39.5
52.5 39.5
53.5 39.5
54.5 39.5
59.5 39.5
60.5 39.5
8.5 40.5
9.5 40.5
13.5 40.5
14.5 40.5
23.5 40.5
24.5 40.5
25.5 40.5
32.5 40.5
33.5 40.5
38.5 40.5
39.5 40.5
63.5 40.5
64.5 40.5
8.5 41.5
9.5 41.5
10.5 41.5
19.5 41.5
20.5 41.5
24.5 41.5
28.5 41.5
29.5 41.5
42.5 41.5
43.5 41.5
44.5 41.5
49.5 41.5
50.5 41.5
51.5 41.5
62.5 41.5
63.5 41.5
64.5 41.5
8.5 42.5
9.5 42.5
10.5 42.5
18.5 42.5
19.5 42.5
20.5 42.5
21.5 42.5
28.5 42.5
29.5 42.5
30.5 42.5
41.5 42.5
42.5 42.5
43.5 42.5
44.5 42.5
45.5 42.5
48.5 42.5
49.5 42.5
50.5 42.5
51.5 42.5
62.5 42.5
63.5 42.5
64.5 42.5
8.5 43.5
9.5 43.5
10.5 43.5
11.5 43.5
18.5 43.5
19.5 43.5
20.5 43.5
21.5 43.5
22.5 43.5
28.5 43.5
29.5 43.5
30.5 43.5
41.5 43.5
42.5 43.5
43.5 43.5
44.5 43.5
45.5 43.5
48.5 43.5
49.5 43.5
50.5 43.5
51.5 43.5
62.5 43.5
63.5 43.5
64.5 43.5
8.5 44.5
9.5 44.5
10.5 44.5
11.5 44.5
18.5 44.5
19.5 44.5
20.5 44.5
21.5 44.5
22.5 44.5
28.5 44.5
29.5 44.5
30.5 44.5
31.5 44.5
41.5 44.5
42.5 44.5
43.5 44.5
44.5 44.5
45.5 44.5
49.5 44.5
50.5 44.5
51.5 44.5
52.5 44.5
62.5 44.5
63.5 44.5
64.5 44.5
9.5 45.5
10.5 45.5
19.5 45.5
20.5 45.5
21.5 45.5
22.5 45.5
29.5 45.5
30.5 45.5
31.5 45.5
41.5 45.5
42.5 45.5
43.5 45.5
44.5 45.5
50.5 45.5
51.5 45.5
63.5 45.5
64.5 45.5
20.5 46.5
21.5 46.5
42.5 46.5
43.5 46.5
11.5 51.5
12.5 51.5
19.5 51.5
20.5 51.5
21.5 51.5
30.5 51.5
31.5 51.5
39.5 51.5
40.5 51.5
41.5 51.5
50.5 51.5
51.5 51.5
52.5 51.5
59.5 51.5
60.5 51.5
61.5 51.5
11.5 52.5
12.5 52.5
13.5 52.5
18.5 52.5
19.5 52.5
20.5 52.5
21.5 52.5
29.5 52.5
30.5 52.5
31.5 52.5
38.5 52.5
39.5 52.5
40.5 52.5
41.5 52.5
42.5 52.5
50.5 52.5
51.5 52.5
52.5 52.5
58.5 52.5
59.5 52.5
60.5 52.5
61.5 52.5
62.5 52.5
11.5 53.5
12.5 53.5
13.5 53.5
14.5 53.5
17.5 53.5
18.5 53.5
19.5 53.5
20.5 53.5
21.5 53.5
29.5 53.5
30.5 53.5
31.5 53.5
38.5 53.5
39.5 53.5
40.5 53.5
41.5 53.5
42.5 53.5
49.5 53.5
50.5 53.5
51.5 53.5
52.5 53.5
58.5 53.5
59.5 53.5
60.5 53.5
61.5 53.5
62.5 53.5
11.5 54.5
12.5 54.5
13.5 54.5
14.5 54.5
17.5 54.5
18.5 54.5
19.5 54.5
20.5 54.5
21.5 54.5
29.5 54.5
30.5 54.5
31.5 54.5
38.5 54.5
39.5 54.5
40.5 54.5
41.5 54.5
42.5 54.5
49.5 54.5
50.5 54.5
51.5 54.5
58.5 54.5
59.5 54.5
60.5 54.5
61.5 54.5
62.5 54.5
12.5 55.5
13.5 55.5
14.5 55.5
18.5 55.5
19.5 55.5
20.5 55.5
29.5 55.5
30.5 55.5
39.5 55.5
40.5 55.5
41.5 55.5
49.5 55.5
50.5 55.5
51.5 55.5
58.5 55.5
59.5 55.5
60.5 55.5
61.5 55.5
8.5 56.5
9.5 56.5
23.5 56.5
24.5 56.5
25.5 56.5
33.5 56.5
34.5 56.5
35.5 56.5
44.5 56.5
45.5 56.5
53.5 56.5
54.5 56.5
55.5 56.5
59.5 56.5
60.5 56.5
8.5 57.5
9.5 57.5
10.5 57.5
22.5 57.5
23.5 57.5
24.5 57.5
25.5 57.5
32.5 57.5
33.5 57.5
34.5 57.5
35.5 57.5
43.5 57.5
44.5 57.5
45.5 57.5
46.5 57.5
52.5 57.5
53.5 57.5
54.5 57.5
55.5 57.5
63.5 57.5
64.5 57.5
7.5 58.5
8.5 58.5
9.5 58.5
10.5 58.5
11.5 58.5
22.5 58.5
23.5 58.5
24.5 58.5
25.5 58.5
32.5 58.5
33.5 58.5
34.5 58.5
35.5 58.5
43.5 58.5
44.5 58.5
45.5 58.5
46.5 58.5
52.5 58.5
53.5 58.5
54.5 58.5
55.5 58.5
62.5 58.5
63.5 58.5
64.5 58.5
8.5 59.5
9.5 59.5
10.5 59.5
11.5 59.5
22.5 59.5
23.5 59.5
24.5 59.5
25.5 59.5
32.5 59.5
33.5 59.5
34.5 59.5
35.5 59.5
43.5 59.5
44.5 59.5
45.5 59.5
46.5 59.5
52.5 59.5
53.5 59.5
54.5 59.5
62.5 59.5
63.5 59.5
64.5 59.5
8.5 60.5
9.5 60.5
10.5 60.5
11.5 60.5
22.5 60.5
23.5 60.5
24.5 60.5
33.5 60.5
34.5 60.5
43.5 60.5
44.5 60.5
45.5 60.5
52.5 60.5
53.5 60.5
54.5 60.5
62.5 60.5
63.5 60.5
64.5 60.5
9.5 61.5
10.5 61.5
53.5 61.5
62.5 61.5
63.5 61.5
64.5 61.5
