12.5 5.5
24.5 5.5
36.5 5.5
37.5 5.5
49.5 5.5
62.5 5.5
11.5 6.5
12.5 6.5
23.5 6.5
24.5 6.5
36.5 6.5
48.5 6.5
62.5 6.5
11.5 7.5
23.5 7.5
35.5 7.5
36.5 7.5
48.5 7.5
62.5 7.5
63.5 7.5
10.5 8.5
11.5 8.5
23.5 8.5
35.5 8.5
47.5 8.5
48.5 8.5
63.5 8.5
10.5 9.5
22.5 9.5
23.5 9.5
35.5 9.5
47.5 9.5
63.5 9.5
64.5 9.5
9.5 10.5
10.5 10.5
17.5 10.5
22.5 10.5
34.5 10.5
35.5 10.5
41.5 10.5
47.5 10.5
64.5 10.5
9.5 11.5
16.5 11.5
22.5 11.5
29.5 11.5
34.5 11.5
41.5 11.5
46.5 11.5
47.5 11.5
53.5 11.5
58.5 11.5
64.5 11.5
9.5 12.5
16.5 12.5
21.5 12.5
22.5 12.5
28.5 12.5
29.5 12.5
34.5 12.5
40.5 12.5
46.5 12.5
53.5 12.5
58.5 12.5
64.5 12.5
8.5 13.5
15.5 13.5
16.5 13.5
21.5 13.5
28.5 13.5
33.5 13.5
40.5 13.5
46.5 13.5
52.5 13.5
58.5 13.5
8.5 14.5
15.5 14.5
21.5 14.5
27.5 14.5
28.5 14.5
39.5 14.5
40.5 14.5
52.5 14.5
58.5 14.5
59.5 14.5
15.5 15.5
27.5 15.5
39.5 15.5
40.5 15.5
51.5 15.5
52.5 15.5
59.5 15.5
14.5 16.5
15.5 16.5
26.5 16.5
27.5 16.5
39.5 16.5
51.5 16.5
59.5 16.5
14.5 17.5
26.5 17.5
39.5 17.5
50.5 17.5
51.5 17.5
59.5 17.5
60.5 17.5
13.5 18.5
14.5 18.5
26.5 18.5
38.5 18.5
50.5 18.5
60.5 18.5
13.5 19.5
25.5 19.5
38.5 19.5
50.5 19.5
60.5 19.5
13.5 20.5
25.5 20.5
38.5 20.5
49.5 20.5
26.5 23.5
38.5 23.5
61.5 23.5
25.5 24.5
38.5 24.5
49.5 24.5
61.5 24.5
12.5 25.5
25.5 25.5
38.5 25.5
39.5 25.5
48.5 25.5
49.5 25.5
62.5 25.5
12.5 26.5
24.5 26.5
39.5 26.5
48.5 26.5
62.5 26.5
11.5 27.5
12.5 27.5
24.5 27.5
39.5 27.5
47.5 27.5
48.5 27.5
62.5 27.5
63.5 27.5
11.5 28.5
23.5 28.5
24.5 28.5
39.5 28.5
40.5 28.5
47.5 28.5
62.5 28.5
63.5 28.5
11.5 29.5
23.5 29.5
34.5 29.5
40.5 29.5
47.5 29.5
63.5 29.5
10.5 30.5
11.5 30.5
17.5 30.5
22.5 30.5
23.5 30.5
29.5 30.5
34.5 30.5
40.5 30.5
46.5 30.5
47.5 30.5
53.5 30.5
57.5 30.5
63.5 30.5
10.5 31.5
17.5 31.5
22.5 31.5
29.5 31.5
34.5 31.5
41.5 31.5
46.5 31.5
53.5 31.5
57.5 31.5
64.5 31.5
10.5 32.5
16.5 32.5
21.5 32.5
22.5 32.5
28.5 32.5
29.5 32.5
34.5 32.5
35.5 32.5
41.5 32.5
46.5 32.5
52.5 32.5
58.5 32.5
64.5 32.5
9.5 33.5
16.5 33.5
21.5 33.5
28.5 33.5
35.5 33.5
41.5 33.5
45.5 33.5
52.5 33.5
58.5 33.5
64.5 33.5
9.5 34.5
15.5 34.5
16.5 34.5
28.5 34.5
35.5 34.5
51.5 34.5
52.5 34.5
58.5 34.5
59.5 34.5
15.5 35.5
27.5 35.5
28.5 35.5
35.5 35.5
51.5 35.5
59.5 35.5
15.5 36.5
27.5 36.5
35.5 36.5
36.5 36.5
50.5 36.5
51.5 36.5
59.5 36.5
14.5 37.5
15.5 37.5
27.5 37.5
35.5 37.5
36.5 37.5
50.5 37.5
59.5 37.5
60.5 37.5
14.5 38.5
26.5 38.5
27.5 38.5
36.5 38.5
50.5 38.5
60.5 38.5
14.5 39.5
26.5 39.5
36.5 39.5
50.5 39.5
60.5 39.5
13.5 40.5
26.5 40.5
36.5 40.5
49.5 40.5
61.5 40.5
26.5 41.5
36.5 41.5
61.5 41.5
25.5 42.5
13.5 43.5
49.5 43.5
13.5 44.5
49.5 44.5
61.5 44.5
13.5 45.5
48.5 45.5
61.5 45.5
13.5 46.5
14.5 46.5
24.5 46.5
38.5 46.5
48.5 46.5
62.5 46.5
14.5 47.5
23.5 47.5
24.5 47.5
38.5 47.5
47.5 47.5
48.5 47.5
62.5 47.5
14.5 48.5
23.5 48.5
38.5 48.5
47.5 48.5
62.5 48.5
63.5 48.5
14.5 49.5
22.5 49.5
23.5 49.5
38.5 49.5
39.5 49.5
46.5 49.5
47.5 49.5
63.5 49.5
14.5 50.5
21.5 50.5
22.5 50.5
38.5 50.5
39.5 50.5
46.5 50.5
63.5 50.5
64.5 50.5
9.5 51.5
14.5 51.5
15.5 51.5
21.5 51.5
39.5 51.5
45.5 51.5
46.5 51.5
53.5 51.5
58.5 51.5
64.5 51.5
9.5 52.5
15.5 52.5
20.5 52.5
21.5 52.5
29.5 52.5
39.5 52.5
45.5 52.5
52.5 52.5
53.5 52.5
58.5 52.5
64.5 52.5
9.5 53.5
15.5 53.5
20.5 53.5
28.5 53.5
33.5 53.5
39.5 53.5
40.5 53.5
45.5 53.5
52.5 53.5
58.5 53.5
64.5 53.5
9.5 54.5
15.5 54.5
20.5 54.5
27.5 54.5
28.5 54.5
33.5 54.5
40.5 54.5
44.5 54.5
52.5 54.5
59.5 54.5
9.5 55.5
19.5 55.5
26.5 55.5
27.5 55.5
33.5 55.5
34.5 55.5
40.5 55.5
51.5 55.5
52.5 55.5
59.5 55.5
9.5 56.5
10.5 56.5
26.5 56.5
34.5 56.5
51.5 56.5
52.5 56.5
59.5 56.5
60.5 56.5
9.5 57.5
10.5 57.5
25.5 57.5
26.5 57.5
34.5 57.5
35.5 57.5
51.5 57.5
60.5 57.5
10.5 58.5
24.5 58.5
25.5 58.5
35.5 58.5
50.5 58.5
51.5 58.5
60.5 58.5
10.5 59.5
24.5 59.5
35.5 59.5
50.5 59.5
51.5 59.5
60.5 59.5
10.5 60.5
23.5 60.5
36.5 60.5
50.5 60.5
61.5 60.5
10.5 61.5
36.5 61.5
50.5 61.5
61.5 61.5
49.5 62.5
61.5 62.5
