22.5 5.5
33.5 5.5
12.5 6.5
22.5 6.5
34.5 6.5
41.5 6.5
52.5 6.5
64.5 6.5
23.5 7.5
34.5 7.5
41.5 7.5
52.5 7.5
13.5 8.5
23.5 8.5
40.5 8.5
51.5 8.5
24.5 9.5
29.5 9.5
35.5 9.5
40.5 9.5
51.5 9.5
14.5 10.5
18.5 10.5
29.5 10.5
45.5 10.5
9.5 11.5
30.5 11.5
45.5 11.5
61.5 11.5
9.5 12.5
19.5 12.5
30.5 12.5
44.5 12.5
55.5 12.5
61.5 12.5
10.5 13.5
20.5 13.5
31.5 13.5
44.5 13.5
55.5 13.5
10.5 14.5
31.5 14.5
44.5 14.5
62.5 14.5
43.5 15.5
54.5 15.5
62.5 15.5
12.5 20.5
21.5 20.5
32.5 20.5
63.5 20.5
43.5 21.5
63.5 21.5
13.5 22.5
20.5 22.5
33.5 22.5
44.5 22.5
63.5 22.5
14.5 23.5
20.5 23.5
33.5 23.5
44.5 23.5
54.5 23.5
63.5 23.5
14.5 24.5
25.5 24.5
45.5 24.5
54.5 24.5
63.5 24.5
8.5 25.5
29.5 25.5
54.5 25.5
63.5 25.5
9.5 26.5
24.5 26.5
39.5 26.5
9.5 27.5
24.5 27.5
30.5 27.5
40.5 27.5
50.5 27.5
59.5 27.5
10.5 28.5
30.5 28.5
40.5 28.5
50.5 28.5
59.5 28.5
10.5 29.5
23.5 29.5
59.5 29.5
11.5 30.5
41.5 34.5
23.5 35.5
50.5 35.5
30.5 36.5
42.5 36.5
59.5 36.5
13.5 37.5
24.5 37.5
30.5 37.5
42.5 37.5
49.5 37.5
59.5 37.5
14.5 38.5
24.5 38.5
43.5 38.5
14.5 39.5
29.5 39.5
48.5 39.5
58.5 39.5
25.5 40.5
29.5 40.5
20.5 41.5
39.5 41.5
53.5 41.5
9.5 42.5
20.5 42.5
33.5 42.5
39.5 42.5
10.5 43.5
33.5 43.5
52.5 43.5
62.5 43.5
10.5 44.5
21.5 44.5
33.5 44.5
40.5 44.5
62.5 44.5
11.5 45.5
33.5 45.5
62.5 45.5
33.5 46.5
12.5 50.5
13.5 51.5
21.5 51.5
32.5 51.5
50.5 51.5
62.5 51.5
13.5 52.5
21.5 52.5
31.5 52.5
43.5 52.5
50.5 52.5
63.5 52.5
14.5 53.5
20.5 53.5
31.5 53.5
50.5 53.5
63.5 53.5
20.5 54.5
30.5 54.5
44.5 54.5
15.5 55.5
29.5 55.5
44.5 55.5
49.5 55.5
59.5 55.5
64.5 55.5
9.5 56.5
49.5 56.5
55.5 56.5
9.5 57.5
24.5 57.5
35.5 57.5
40.5 57.5
60.5 57.5
10.5 58.5
34.5 58.5
54.5 58.5
60.5 58.5
10.5 59.5
23.5 59.5
33.5 59.5
41.5 59.5
54.5 59.5
33.5 60.5
61.5 60.5
11.5 61.5
42.5 61.5
