13.5 5.5
20.5 5.5
31.5 5.5
42.5 5.5
54.5 5.5
64.5 5.5
7.5 6.5
14.5 6.5
19.5 6.5
32.5 6.5
43.5 6.5
8.5 7.5
33.5 7.5
44.5 7.5
55.5 7.5
59.5 7.5
37.5 8.5
45.5 8.5
60.5 8.5
9.5 9.5
26.5 9.5
38.5 9.5
46.5 9.5
50.5 9.5
56.5 9.5
10.5 10.5
28.5 10.5
39.5 10.5
61.5 10.5
21.5 11.5
29.5 11.5
40.5 11.5
51.5 11.5
62.5 11.5
11.5 12.5
20.5 12.5
30.5 12.5
41.5 12.5
52.5 12.5
52.5 13.5
11.5 15.5
63.5 15.5
12.5 16.5
19.5 16.5
52.5 16.5
62.5 16.5
13.5 17.5
19.5 17.5
31.5 17.5
41.5 17.5
53.5 17.5
13.5 18.5
19.5 18.5
32.5 18.5
40.5 18.5
54.5 18.5
61.5 18.5
14.5 19.5
25.5 19.5
33.5 19.5
39.5 19.5
55.5 19.5
60.5 19.5
7.5 20.5
15.5 20.5
22.5 20.5
26.5 20.5
45.5 20.5
48.5 20.5
56.5 20.5
8.5 21.5
22.5 21.5
27.5 21.5
44.5 21.5
49.5 21.5
57.5 21.5
9.5 22.5
28.5 22.5
43.5 22.5
50.5 22.5
10.5 23.5
29.5 23.5
42.5 23.5
51.5 23.5
52.5 23.5
64.5 23.5
30.5 24.5
41.5 24.5
53.5 24.5
21.5 25.5
21.5 26.5
41.5 27.5
64.5 27.5
11.5 28.5
41.5 28.5
53.5 28.5
63.5 28.5
12.5 29.5
20.5 29.5
30.5 29.5
54.5 29.5
62.5 29.5
13.5 30.5
29.5 30.5
40.5 30.5
55.5 30.5
61.5 30.5
7.5 31.5
14.5 31.5
28.5 31.5
35.5 31.5
40.5 31.5
48.5 31.5
56.5 31.5
60.5 31.5
8.5 32.5
15.5 32.5
19.5 32.5
28.5 32.5
45.5 32.5
49.5 32.5
57.5 32.5
16.5 33.5
23.5 33.5
27.5 33.5
34.5 33.5
39.5 33.5
50.5 33.5
9.5 34.5
23.5 34.5
44.5 34.5
51.5 34.5
64.5 34.5
10.5 35.5
22.5 35.5
33.5 35.5
52.5 35.5
11.5 36.5
22.5 36.5
43.5 36.5
53.5 36.5
63.5 36.5
32.5 37.5
22.5 39.5
53.5 39.5
11.5 40.5
31.5 40.5
43.5 40.5
52.5 40.5
12.5 41.5
32.5 41.5
44.5 41.5
52.5 41.5
61.5 41.5
13.5 42.5
20.5 42.5
33.5 42.5
51.5 42.5
14.5 43.5
19.5 43.5
24.5 43.5
34.5 43.5
45.5 43.5
50.5 43.5
56.5 43.5
8.5 44.5
26.5 44.5
39.5 44.5
46.5 44.5
60.5 44.5
9.5 45.5
23.5 45.5
27.5 45.5
40.5 45.5
47.5 45.5
49.5 45.5
55.5 45.5
64.5 45.5
10.5 46.5
22.5 46.5
28.5 46.5
41.5 46.5
55.5 46.5
11.5 47.5
29.5 47.5
30.5 47.5
42.5 47.5
21.5 48.5
31.5 48.5
54.5 48.5
63.5 48.5
62.5 50.5
12.5 51.5
42.5 51.5
12.5 52.5
43.5 52.5
53.5 52.5
13.5 53.5
19.5 53.5
30.5 53.5
43.5 53.5
52.5 53.5
13.5 54.5
29.5 54.5
44.5 54.5
61.5 54.5
8.5 55.5
18.5 55.5
28.5 55.5
36.5 55.5
44.5 55.5
51.5 55.5
14.5 56.5
18.5 56.5
27.5 56.5
35.5 56.5
39.5 56.5
45.5 56.5
50.5 56.5
60.5 56.5
9.5 57.5
22.5 57.5
26.5 57.5
56.5 57.5
60.5 57.5
17.5 58.5
34.5 58.5
40.5 58.5
55.5 58.5
10.5 59.5
21.5 59.5
33.5 59.5
54.5 59.5
59.5 59.5
64.5 59.5
21.5 60.5
32.5 60.5
41.5 60.5
53.5 60.5
63.5 60.5
11.5 61.5
32.5 61.5
53.5 61.5
31.5 62.5
42.5 62.5
52.5 62.5
62.5 62.5
51.5 63.5
