12.5 5.5
13.5 5.5
24.5 5.5
50.5 5.5
51.5 5.5
60.5 5.5
61.5 5.5
13.5 6.5
14.5 6.5
23.5 6.5
24.5 6.5
36.5 6.5
37.5 6.5
51.5 6.5
52.5 6.5
53.5 6.5
59.5 6.5
60.5 6.5
14.5 7.5
15.5 7.5
21.5 7.5
22.5 7.5
23.5 7.5
37.5 7.5
38.5 7.5
39.5 7.5
40.5 7.5
52.5 7.5
53.5 7.5
54.5 7.5
58.5 7.5
59.5 7.5
16.5 8.5
20.5 8.5
21.5 8.5
40.5 8.5
41.5 8.5
54.5 8.5
8.5 9.5
9.5 9.5
28.5 9.5
29.5 9.5
32.5 9.5
33.5 9.5
45.5 9.5
46.5 9.5
64.5 9.5
9.5 10.5
10.5 10.5
26.5 10.5
27.5 10.5
28.5 10.5
33.5 10.5
34.5 10.5
46.5 10.5
47.5 10.5
48.5 10.5
49.5 10.5
63.5 10.5
64.5 10.5
10.5 11.5
11.5 11.5
25.5 11.5
26.5 11.5
27.5 11.5
34.5 11.5
35.5 11.5
36.5 11.5
49.5 11.5
50.5 11.5
51.5 11.5
63.5 11.5
11.5 12.5
12.5 12.5
24.5 12.5
25.5 12.5
36.5 12.5
62.5 12.5
12.5 13.5
36.5 15.5
49.5 15.5
62.5 15.5
13.5 16.5
24.5 16.5
25.5 16.5
37.5 16.5
49.5 16.5
50.5 16.5
51.5 16.5
61.5 16.5
62.5 16.5
12.5 17.5
25.5 17.5
26.5 17.5
37.5 17.5
38.5 17.5
50.5 17.5
51.5 17.5
52.5 17.5
60.5 17.5
61.5 17.5
11.5 18.5
12.5 18.5
25.5 18.5
26.5 18.5
27.5 18.5
38.5 18.5
39.5 18.5
51.5 18.5
52.5 18.5
53.5 18.5
59.5 18.5
60.5 18.5
10.5 19.5
11.5 19.5
26.5 19.5
27.5 19.5
38.5 19.5
39.5 19.5
44.5 19.5
53.5 19.5
54.5 19.5
59.5 19.5
60.5 19.5
9.5 20.5
10.5 20.5
16.5 20.5
27.5 20.5
28.5 20.5
32.5 20.5
39.5 20.5
40.5 20.5
44.5 20.5
45.5 20.5
54.5 20.5
58.5 20.5
59.5 20.5
9.5 21.5
15.5 21.5
16.5 21.5
21.5 21.5
28.5 21.5
33.5 21.5
40.5 21.5
45.5 21.5
46.5 21.5
64.5 21.5
15.5 22.5
16.5 22.5
21.5 22.5
22.5 22.5
33.5 22.5
34.5 22.5
46.5 22.5
47.5 22.5
64.5 22.5
14.5 23.5
15.5 23.5
22.5 23.5
34.5 23.5
35.5 23.5
47.5 23.5
48.5 23.5
63.5 23.5
64.5 23.5
14.5 24.5
15.5 24.5
22.5 24.5
23.5 24.5
35.5 24.5
36.5 24.5
48.5 24.5
49.5 24.5
62.5 24.5
63.5 24.5
13.5 25.5
14.5 25.5
23.5 25.5
24.5 25.5
35.5 25.5
36.5 25.5
49.5 25.5
62.5 25.5
13.5 26.5
23.5 26.5
24.5 26.5
24.5 27.5
12.5 29.5
36.5 29.5
49.5 29.5
62.5 29.5
13.5 30.5
24.5 30.5
35.5 30.5
36.5 30.5
47.5 30.5
48.5 30.5
49.5 30.5
63.5 30.5
64.5 30.5
14.5 31.5
15.5 31.5
25.5 31.5
26.5 31.5
34.5 31.5
35.5 31.5
46.5 31.5
47.5 31.5
48.5 31.5
63.5 31.5
64.5 31.5
8.5 32.5
15.5 32.5
16.5 32.5
26.5 32.5
27.5 32.5
33.5 32.5
34.5 32.5
45.5 32.5
46.5 32.5
47.5 32.5
58.5 32.5
64.5 32.5
8.5 33.5
9.5 33.5
16.5 33.5
27.5 33.5
28.5 33.5
32.5 33.5
33.5 33.5
40.5 33.5
41.5 33.5
45.5 33.5
53.5 33.5
54.5 33.5
58.5 33.5
59.5 33.5
9.5 34.5
10.5 34.5
20.5 34.5
28.5 34.5
39.5 34.5
40.5 34.5
52.5 34.5
53.5 34.5
59.5 34.5
60.5 34.5
10.5 35.5
11.5 35.5
21.5 35.5
22.5 35.5
38.5 35.5
39.5 35.5
51.5 35.5
52.5 35.5
60.5 35.5
11.5 36.5
12.5 36.5
22.5 36.5
23.5 36.5
37.5 36.5
38.5 36.5
50.5 36.5
51.5 36.5
60.5 36.5
61.5 36.5
12.5 37.5
24.5 37.5
25.5 37.5
36.5 37.5
37.5 37.5
49.5 37.5
50.5 37.5
61.5 37.5
62.5 37.5
62.5 40.5
12.5 41.5
24.5 41.5
36.5 41.5
37.5 41.5
49.5 41.5
50.5 41.5
61.5 41.5
10.5 42.5
11.5 42.5
22.5 42.5
23.5 42.5
24.5 42.5
37.5 42.5
38.5 42.5
50.5 42.5
51.5 42.5
60.5 42.5
61.5 42.5
9.5 43.5
10.5 43.5
21.5 43.5
22.5 43.5
23.5 43.5
38.5 43.5
39.5 43.5
51.5 43.5
52.5 43.5
59.5 43.5
60.5 43.5
8.5 44.5
9.5 44.5
16.5 44.5
20.5 44.5
21.5 44.5
39.5 44.5
40.5 44.5
52.5 44.5
53.5 44.5
58.5 44.5
59.5 44.5
15.5 45.5
16.5 45.5
20.5 45.5
27.5 45.5
28.5 45.5
32.5 45.5
40.5 45.5
41.5 45.5
44.5 45.5
45.5 45.5
53.5 45.5
54.5 45.5
58.5 45.5
14.5 46.5
15.5 46.5
26.5 46.5
27.5 46.5
32.5 46.5
33.5 46.5
45.5 46.5
46.5 46.5
64.5 46.5
13.5 47.5
14.5 47.5
25.5 47.5
26.5 47.5
33.5 47.5
34.5 47.5
35.5 47.5
46.5 47.5
47.5 47.5
48.5 47.5
63.5 47.5
64.5 47.5
13.5 48.5
25.5 48.5
34.5 48.5
35.5 48.5
36.5 48.5
47.5 48.5
48.5 48.5
49.5 48.5
62.5 48.5
63.5 48.5
24.5 49.5
36.5 49.5
49.5 49.5
61.5 49.5
13.5 52.5
24.5 52.5
12.5 53.5
23.5 53.5
24.5 53.5
35.5 53.5
36.5 53.5
48.5 53.5
49.5 53.5
62.5 53.5
63.5 53.5
11.5 54.5
12.5 54.5
22.5 54.5
23.5 54.5
33.5 54.5
34.5 54.5
35.5 54.5
49.5 54.5
50.5 54.5
62.5 54.5
63.5 54.5
64.5 54.5
10.5 55.5
11.5 55.5
21.5 55.5
22.5 55.5
32.5 55.5
33.5 55.5
34.5 55.5
50.5 55.5
51.5 55.5
52.5 55.5
63.5 55.5
64.5 55.5
9.5 56.5
10.5 56.5
17.5 56.5
21.5 56.5
27.5 56.5
28.5 56.5
31.5 56.5
32.5 56.5
51.5 56.5
52.5 56.5
53.5 56.5
64.5 56.5
9.5 57.5
16.5 57.5
17.5 57.5
26.5 57.5
27.5 57.5
39.5 57.5
40.5 57.5
44.5 57.5
45.5 57.5
53.5 57.5
57.5 57.5
15.5 58.5
16.5 58.5
26.5 58.5
38.5 58.5
39.5 58.5
40.5 58.5
45.5 58.5
46.5 58.5
57.5 58.5
58.5 58.5
59.5 58.5
14.5 59.5
15.5 59.5
25.5 59.5
26.5 59.5
37.5 59.5
38.5 59.5
39.5 59.5
45.5 59.5
46.5 59.5
47.5 59.5
58.5 59.5
59.5 59.5
60.5 59.5
13.5 60.5
37.5 60.5
38.5 60.5
46.5 60.5
47.5 60.5
59.5 60.5
60.5 60.5
36.5 61.5
37.5 61.5
47.5 61.5
48.5 61.5
61.5 61.5
48.5 62.5
