10.5 5.5
21.5 5.5
31.5 5.5
32.5 5.5
43.5 5.5
51.5 5.5
63.5 5.5
64.5 5.5
9.5 6.5
10.5 6.5
21.5 6.5
22.5 6.5
30.5 6.5
31.5 6.5
43.5 6.5
50.5 6.5
51.5 6.5
63.5 6.5
64.5 6.5
9.5 7.5
10.5 7.5
22.5 7.5
23.5 7.5
30.5 7.5
31.5 7.5
43.5 7.5
44.5 7.5
49.5 7.5
50.5 7.5
51.5 7.5
64.5 7.5
9.5 8.5
10.5 8.5
22.5 8.5
23.5 8.5
24.5 8.5
29.5 8.5
30.5 8.5
44.5 8.5
49.5 8.5
50.5 8.5
64.5 8.5
9.5 9.5
23.5 9.5
24.5 9.5
29.5 9.5
30.5 9.5
44.5 9.5
49.5 9.5
55.5 9.5
60.5 9.5
9.5 10.5
17.5 10.5
18.5 10.5
24.5 10.5
29.5 10.5
34.5 10.5
35.5 10.5
39.5 10.5
45.5 10.5
55.5 10.5
60.5 10.5
13.5 11.5
18.5 11.5
19.5 11.5
34.5 11.5
39.5 11.5
40.5 11.5
54.5 11.5
55.5 11.5
60.5 11.5
61.5 11.5
12.5 12.5
13.5 12.5
18.5 12.5
19.5 12.5
20.5 12.5
33.5 12.5
34.5 12.5
39.5 12.5
40.5 12.5
54.5 12.5
55.5 12.5
60.5 12.5
61.5 12.5
12.5 13.5
19.5 13.5
20.5 13.5
33.5 13.5
40.5 13.5
41.5 13.5
53.5 13.5
54.5 13.5
61.5 13.5
12.5 14.5
20.5 14.5
21.5 14.5
32.5 14.5
33.5 14.5
40.5 14.5
41.5 14.5
53.5 14.5
54.5 14.5
61.5 14.5
32.5 15.5
40.5 15.5
41.5 15.5
53.5 15.5
61.5 15.5
41.5 16.5
12.5 19.5
21.5 19.5
12.5 20.5
13.5 20.5
20.5 20.5
21.5 20.5
32.5 20.5
42.5 20.5
52.5 20.5
63.5 20.5
12.5 21.5
13.5 21.5
19.5 21.5
20.5 21.5
32.5 21.5
33.5 21.5
41.5 21.5
42.5 21.5
53.5 21.5
63.5 21.5
13.5 22.5
14.5 22.5
19.5 22.5
20.5 22.5
33.5 22.5
41.5 22.5
42.5 22.5
53.5 22.5
54.5 22.5
63.5 22.5
64.5 22.5
13.5 23.5
14.5 23.5
19.5 23.5
20.5 23.5
33.5 23.5
34.5 23.5
42.5 23.5
43.5 23.5
53.5 23.5
54.5 23.5
64.5 23.5
9.5 24.5
14.5 24.5
18.5 24.5
19.5 24.5
29.5 24.5
34.5 24.5
42.5 24.5
43.5 24.5
54.5 24.5
64.5 24.5
9.5 25.5
10.5 25.5
24.5 25.5
29.5 25.5
42.5 25.5
43.5 25.5
48.5 25.5
49.5 25.5
54.5 25.5
55.5 25.5
59.5 25.5
9.5 26.5
10.5 26.5
23.5 26.5
24.5 26.5
29.5 26.5
30.5 26.5
38.5 26.5
43.5 26.5
48.5 26.5
49.5 26.5
59.5 26.5
60.5 26.5
10.5 27.5
23.5 27.5
24.5 27.5
29.5 27.5
30.5 27.5
38.5 27.5
48.5 27.5
49.5 27.5
59.5 27.5
60.5 27.5
10.5 28.5
11.5 28.5
23.5 28.5
24.5 28.5
30.5 28.5
39.5 28.5
48.5 28.5
49.5 28.5
50.5 28.5
60.5 28.5
61.5 28.5
10.5 29.5
11.5 29.5
22.5 29.5
23.5 29.5
30.5 29.5
31.5 29.5
39.5 29.5
49.5 29.5
50.5 29.5
60.5 29.5
61.5 29.5
11.5 30.5
22.5 30.5
23.5 30.5
30.5 30.5
31.5 30.5
49.5 30.5
50.5 30.5
61.5 30.5
62.5 30.5
22.5 31.5
12.5 35.5
21.5 35.5
31.5 35.5
39.5 35.5
50.5 35.5
61.5 35.5
12.5 36.5
13.5 36.5
20.5 36.5
21.5 36.5
31.5 36.5
39.5 36.5
49.5 36.5
50.5 36.5
60.5 36.5
61.5 36.5
13.5 37.5
19.5 37.5
20.5 37.5
30.5 37.5
31.5 37.5
38.5 37.5
39.5 37.5
48.5 37.5
49.5 37.5
50.5 37.5
60.5 37.5
61.5 37.5
13.5 38.5
14.5 38.5
19.5 38.5
20.5 38.5
30.5 38.5
38.5 38.5
39.5 38.5
48.5 38.5
49.5 38.5
59.5 38.5
60.5 38.5
13.5 39.5
14.5 39.5
18.5 39.5
19.5 39.5
29.5 39.5
30.5 39.5
34.5 39.5
38.5 39.5
48.5 39.5
49.5 39.5
59.5 39.5
60.5 39.5
8.5 40.5
14.5 40.5
18.5 40.5
29.5 40.5
34.5 40.5
38.5 40.5
43.5 40.5
47.5 40.5
48.5 40.5
54.5 40.5
59.5 40.5
8.5 41.5
9.5 41.5
24.5 41.5
25.5 41.5
33.5 41.5
34.5 41.5
37.5 41.5
42.5 41.5
43.5 41.5
53.5 41.5
54.5 41.5
64.5 41.5
8.5 42.5
9.5 42.5
23.5 42.5
24.5 42.5
33.5 42.5
42.5 42.5
43.5 42.5
53.5 42.5
54.5 42.5
64.5 42.5
9.5 43.5
10.5 43.5
22.5 43.5
23.5 43.5
24.5 43.5
33.5 43.5
41.5 43.5
42.5 43.5
52.5 43.5
53.5 43.5
63.5 43.5
64.5 43.5
9.5 44.5
10.5 44.5
22.5 44.5
23.5 44.5
32.5 44.5
33.5 44.5
41.5 44.5
42.5 44.5
52.5 44.5
53.5 44.5
63.5 44.5
10.5 45.5
32.5 45.5
41.5 45.5
52.5 45.5
62.5 45.5
63.5 45.5
32.5 46.5
41.5 46.5
62.5 46.5
22.5 49.5
11.5 50.5
22.5 50.5
23.5 50.5
52.5 50.5
62.5 50.5
11.5 51.5
12.5 51.5
22.5 51.5
23.5 51.5
30.5 51.5
40.5 51.5
41.5 51.5
52.5 51.5
62.5 51.5
63.5 51.5
11.5 52.5
12.5 52.5
23.5 52.5
24.5 52.5
30.5 52.5
40.5 52.5
41.5 52.5
52.5 52.5
53.5 52.5
62.5 52.5
63.5 52.5
12.5 53.5
13.5 53.5
23.5 53.5
24.5 53.5
29.5 53.5
30.5 53.5
39.5 53.5
40.5 53.5
52.5 53.5
53.5 53.5
63.5 53.5
64.5 53.5
12.5 54.5
13.5 54.5
24.5 54.5
29.5 54.5
39.5 54.5
40.5 54.5
53.5 54.5
63.5 54.5
64.5 54.5
13.5 55.5
14.5 55.5
18.5 55.5
29.5 55.5
39.5 55.5
45.5 55.5
49.5 55.5
58.5 55.5
64.5 55.5
7.5 56.5
8.5 56.5
14.5 56.5
18.5 56.5
19.5 56.5
33.5 56.5
34.5 56.5
39.5 56.5
44.5 56.5
45.5 56.5
49.5 56.5
58.5 56.5
59.5 56.5
64.5 56.5
7.5 57.5
8.5 57.5
19.5 57.5
20.5 57.5
33.5 57.5
34.5 57.5
44.5 57.5
45.5 57.5
49.5 57.5
58.5 57.5
59.5 57.5
8.5 58.5
9.5 58.5
19.5 58.5
20.5 58.5
32.5 58.5
33.5 58.5
34.5 58.5
44.5 58.5
49.5 58.5
50.5 58.5
59.5 58.5
60.5 58.5
8.5 59.5
9.5 59.5
19.5 59.5
20.5 59.5
32.5 59.5
33.5 59.5
43.5 59.5
44.5 59.5
50.5 59.5
59.5 59.5
60.5 59.5
9.5 60.5
10.5 60.5
20.5 60.5
32.5 60.5
33.5 60.5
43.5 60.5
44.5 60.5
50.5 60.5
60.5 60.5
9.5 61.5
10.5 61.5
20.5 61.5
21.5 61.5
32.5 61.5
43.5 61.5
10.5 62.5
