10.5 5.5
21.5 5.5
33.5 5.5
47.5 5.5
53.5 5.5
56.5 5.5
12.5 6.5
22.5 6.5
35.5 6.5
39.5 6.5
44.5 6.5
54.5 6.5
57.5 6.5
13.5 7.5
15.5 7.5
23.5 7.5
26.5 7.5
38.5 7.5
44.5 7.5
48.5 7.5
55.5 7.5
58.5 7.5
59.5 7.5
15.5 8.5
17.5 8.5
28.5 8.5
29.5 8.5
60.5 8.5
18.5 9.5
26.5 9.5
30.5 9.5
31.5 9.5
43.5 9.5
49.5 9.5
61.5 9.5
10.5 10.5
20.5 10.5
33.5 10.5
43.5 10.5
62.5 10.5
11.5 11.5
21.5 11.5
43.5 11.5
50.5 11.5
64.5 11.5
11.5 12.5
12.5 12.5
23.5 12.5
10.5 13.5
20.5 13.5
28.5 13.5
29.5 13.5
42.5 13.5
59.5 13.5
10.5 14.5
31.5 14.5
32.5 14.5
43.5 14.5
61.5 14.5
9.5 15.5
19.5 15.5
26.5 15.5
33.5 15.5
34.5 15.5
36.5 15.5
49.5 15.5
54.5 15.5
63.5 15.5
13.5 16.5
19.5 16.5
37.5 16.5
38.5 16.5
48.5 16.5
53.5 16.5
55.5 16.5
8.5 17.5
13.5 17.5
18.5 17.5
40.5 17.5
47.5 17.5
53.5 17.5
57.5 17.5
13.5 18.5
18.5 18.5
24.5 18.5
42.5 18.5
52.5 18.5
58.5 18.5
7.5 19.5
13.5 19.5
17.5 19.5
23.5 19.5
29.5 19.5
44.5 19.5
52.5 19.5
59.5 19.5
17.5 20.5
30.5 20.5
43.5 20.5
51.5 20.5
61.5 20.5
22.5 21.5
29.5 21.5
31.5 21.5
42.5 21.5
51.5 21.5
62.5 21.5
12.5 22.5
21.5 22.5
30.5 22.5
32.5 22.5
41.5 22.5
10.5 23.5
12.5 23.5
31.5 23.5
40.5 23.5
62.5 23.5
11.5 24.5
12.5 24.5
20.5 24.5
32.5 24.5
39.5 24.5
50.5 24.5
61.5 24.5
21.5 25.5
33.5 25.5
38.5 25.5
46.5 25.5
50.5 25.5
60.5 25.5
8.5 26.5
12.5 26.5
22.5 26.5
26.5 26.5
37.5 26.5
45.5 26.5
50.5 26.5
55.5 26.5
59.5 26.5
8.5 27.5
13.5 27.5
24.5 27.5
27.5 27.5
36.5 27.5
44.5 27.5
50.5 27.5
58.5 27.5
14.5 28.5
25.5 28.5
29.5 28.5
35.5 28.5
43.5 28.5
54.5 28.5
57.5 28.5
9.5 29.5
16.5 29.5
17.5 29.5
30.5 29.5
42.5 29.5
53.5 29.5
56.5 29.5
63.5 29.5
64.5 29.5
15.5 30.5
19.5 30.5
20.5 30.5
31.5 30.5
41.5 30.5
53.5 30.5
62.5 30.5
23.5 31.5
40.5 31.5
52.5 31.5
61.5 31.5
10.5 32.5
30.5 32.5
43.5 32.5
60.5 32.5
10.5 33.5
22.5 33.5
31.5 33.5
52.5 33.5
59.5 33.5
9.5 34.5
21.5 34.5
32.5 34.5
42.5 34.5
61.5 34.5
19.5 35.5
20.5 35.5
33.5 35.5
41.5 35.5
48.5 35.5
51.5 35.5
63.5 35.5
64.5 35.5
14.5 36.5
18.5 36.5
25.5 36.5
40.5 36.5
47.5 36.5
7.5 37.5
13.5 37.5
17.5 37.5
34.5 37.5
39.5 37.5
46.5 37.5
50.5 37.5
55.5 37.5
56.5 37.5
6.5 38.5
12.5 38.5
15.5 38.5
28.5 38.5
35.5 38.5
38.5 38.5
50.5 38.5
58.5 38.5
59.5 38.5
11.5 39.5
14.5 39.5
29.5 39.5
36.5 39.5
37.5 39.5
45.5 39.5
60.5 39.5
61.5 39.5
10.5 40.5
30.5 40.5
36.5 40.5
44.5 40.5
49.5 40.5
53.5 40.5
63.5 40.5
31.5 41.5
43.5 41.5
12.5 42.5
20.5 42.5
52.5 42.5
11.5 43.5
19.5 43.5
42.5 43.5
61.5 43.5
10.5 44.5
32.5 44.5
41.5 44.5
62.5 44.5
10.5 45.5
20.5 45.5
31.5 45.5
52.5 45.5
63.5 45.5
64.5 45.5
9.5 46.5
16.5 46.5
19.5 46.5
25.5 46.5
30.5 46.5
53.5 46.5
56.5 46.5
8.5 47.5
15.5 47.5
18.5 47.5
24.5 47.5
29.5 47.5
54.5 47.5
57.5 47.5
7.5 48.5
14.5 48.5
27.5 48.5
35.5 48.5
38.5 48.5
55.5 48.5
13.5 49.5
23.5 49.5
26.5 49.5
34.5 49.5
39.5 49.5
48.5 49.5
56.5 49.5
60.5 49.5
6.5 50.5
12.5 50.5
22.5 50.5
25.5 50.5
33.5 50.5
40.5 50.5
50.5 50.5
61.5 50.5
11.5 51.5
21.5 51.5
32.5 51.5
52.5 51.5
62.5 51.5
31.5 52.5
41.5 52.5
53.5 52.5
20.5 53.5
42.5 53.5
10.5 54.5
22.5 54.5
11.5 55.5
21.5 55.5
32.5 55.5
36.5 55.5
41.5 55.5
63.5 55.5
12.5 56.5
20.5 56.5
30.5 56.5
40.5 56.5
50.5 56.5
57.5 56.5
64.5 56.5
13.5 57.5
19.5 57.5
27.5 57.5
29.5 57.5
35.5 57.5
39.5 57.5
49.5 57.5
56.5 57.5
58.5 57.5
7.5 58.5
15.5 58.5
18.5 58.5
26.5 58.5
27.5 58.5
34.5 58.5
38.5 58.5
46.5 58.5
48.5 58.5
55.5 58.5
59.5 58.5
8.5 59.5
16.5 59.5
17.5 59.5
24.5 59.5
37.5 59.5
44.5 59.5
47.5 59.5
54.5 59.5
60.5 59.5
10.5 60.5
16.5 60.5
17.5 60.5
22.5 60.5
33.5 60.5
36.5 60.5
43.5 60.5
46.5 60.5
61.5 60.5
11.5 61.5
21.5 61.5
41.5 61.5
53.5 61.5
62.5 61.5
13.5 62.5
19.5 62.5
32.5 62.5
40.5 62.5
52.5 62.5
63.5 62.5
